37 0 0 1285 21 16 15 15 7 10 18 9 10 10 12 5 10 6 10 11 8 7 9 8 5
37 0 0 1279 21 16 15 16 6 12 13 12 11 8 14 4 9 9 9 10 6 11 10 5 5
37 0 0 1283 21 16 15 17 5 12 13 12 10 10 12 5 8 9 11 9 6 8 13 5 5
37 0 0 1282 21 16 16 11 10 11 15 11 10 10 12 5 9 9 7 12 7 10 6 9 5
37 0 0 1295 21 16 16 12 9 10 18 9 9 12 10 6 9 6 12 10 7 7 9 9 5
37 0 0 1296 21 16 16 13 8 11 15 11 9 10 15 3 7 10 8 12 5 10 6 11 5
37 0 0 1278 21 16 16 13 8 11 16 10 9 12 13 3 8 9 11 9 7 8 8 9 5
37 0 0 1290 21 16 16 13 8 12 13 12 8 15 10 4 7 11 11 8 9 5 6 12 5
37 0 0 1273 21 16 16 13 8 12 13 12 9 12 13 3 7 12 8 10 7 8 8 9 5
37 0 0 1296 21 16 16 14 7 11 16 10 10 9 13 5 8 9 7 13 5 8 13 6 5
37 0 0 1295 21 16 16 14 7 11 17 9 10 10 15 2 9 8 10 10 7 9 7 9 5
37 0 0 1283 21 16 16 14 7 12 13 12 8 14 11 4 6 12 10 9 7 5 11 9 5
37 0 0 1294 21 16 16 14 7 12 13 12 9 11 14 3 7 9 13 8 5 11 5 11 5
37 0 0 1285 21 16 16 14 7 12 14 11 10 10 15 2 8 11 7 11 7 9 7 9 5
37 0 0 1296 21 16 16 14 7 12 14 11 10 11 11 5 8 11 7 11 7 6 15 4 5
37 0 0 1282 21 16 16 14 7 12 14 11 11 8 14 4 9 8 10 10 5 12 9 6 5
37 0 0 1286 21 16 16 14 7 13 11 13 11 8 14 4 8 11 7 11 5 12 9 6 5
37 0 0 1293 21 16 16 15 6 11 17 9 9 12 13 3 8 8 12 9 7 6 10 9 5
37 0 0 1277 21 16 16 15 6 12 14 11 9 12 13 3 7 11 9 10 7 6 10 9 5
37 0 0 1292 21 16 16 15 6 12 14 11 10 9 16 2 8 9 9 11 7 6 10 9 5
37 0 0 1293 21 16 16 16 5 12 15 10 10 10 15 2 8 10 8 11 7 7 9 9 5
37 0 0 1294 21 16 16 16 5 12 15 10 11 8 14 4 9 7 11 10 5 10 11 6 5
37 0 0 1292 21 16 16 16 5 13 12 12 9 13 12 3 7 10 14 6 7 7 9 9 5
37 0 0 1287 21 16 16 16 5 13 12 12 11 8 14 4 8 10 8 11 5 10 11 6 5
37 0 0 1290 21 16 17 10 10 11 16 10 9 12 10 6 8 8 10 11 6 8 8 10 5
37 0 0 1292 21 16 17 11 9 11 17 9 10 10 12 5 9 7 9 12 6 9 7 10 5
37 0 0 1285 21 16 17 11 9 12 14 11 9 12 13 3 7 11 9 10 6 9 7 10 5
37 0 0 1293 21 16 17 12 8 13 12 12 11 8 14 4 8 10 8 11 4 13 8 7 5
37 0 0 1281 21 16 17 13 7 12 15 10 9 12 13 3 7 10 10 10 6 7 9 10 5
37 0 0 1288 21 16 17 13 7 13 12 12 9 12 13 3 6 13 7 11 6 7 9 10 5
37 0 0 1286 21 16 17 14 6 13 13 11 11 8 14 4 8 9 9 11 4 11 10 7 5
37 0 0 1291 21 16 17 14 6 14 10 13 9 13 12 3 6 12 12 7 6 8 8 10 5
37 0 0 1288 21 16 17 15 5 13 13 11 10 10 12 5 7 9 11 10 4 8 13 7 5
37 0 0 1296 21 16 18 11 8 13 13 11 9 12 13 3 6 12 8 11 5 8 8 11 5
37 0 0 1294 21 16 18 11 8 13 13 11 9 13 9 6 7 8 14 8 5 8 8 11 5
37 0 0 1295 21 16 18 12 7 13 14 10 9 14 8 6 7 9 13 8 5 9 7 11 5
37 0 0 1294 21 16 18 13 6 13 14 10 10 10 12 5 7 8 12 10 3 9 12 8 5
37 0 0 1292 22 15 14 16 7 10 16 11 10 10 11 6 10 6 13 8 7 11 9 5 5
37 0 0 1295 22 15 15 15 7 10 17 10 9 11 13 4 9 6 13 9 8 6 9 9 5
37 0 0 1291 22 15 16 11 10 11 14 12 8 14 10 5 7 11 10 9 7 9 6 10 5
37 0 0 1284 22 15 16 12 9 11 15 11 9 12 12 4 8 10 9 10 7 10 5 10 5
37 0 0 1293 22 15 16 12 9 11 15 11 10 10 11 6 9 7 12 9 5 13 7 7 5
37 0 0 1277 22 15 16 13 8 11 15 11 9 11 13 4 8 8 11 10 7 7 8 10 5
37 0 0 1295 22 15 16 13 8 13 10 14 9 13 11 4 7 12 11 7 7 11 4 10 5
37 0 0 1278 22 15 16 14 7 11 16 10 9 12 12 4 8 9 10 10 7 8 7 10 5
37 0 0 1291 22 15 16 14 7 11 16 10 10 10 11 6 9 6 13 9 5 11 9 7 5
37 0 0 1295 22 15 17 13 7 12 15 10 9 13 11 4 7 11 10 9 6 7 13 6 5
37 0 0 1293 22 15 17 13 7 13 12 12 9 13 11 4 7 10 13 7 6 10 5 11 5
37 0 0 1291 22 15 17 14 6 13 12 12 9 12 12 4 6 11 12 8 4 10 10 8 5
37 0 0 1292 23 14 15 14 8 11 13 13 8 13 13 3 7 11 11 8 8 8 6 10 5
37 0 0 1290 23 14 15 15 7 11 14 12 9 12 11 5 8 10 10 9 8 6 13 5 5
37 0 0 1290 23 14 17 12 8 12 14 11 9 13 10 5 7 12 8 10 6 9 10 7 5
37 0 0 1294 23 14 17 13 7 12 14 11 9 12 11 5 7 10 10 10 6 6 13 7 5
37 0 0 1296 23 14 17 14 6 12 15 10 9 13 10 5 7 11 9 10 6 7 12 7 5
