p 263 h 77 constraints 6154
0 0 1 0
1 0 1 1
2 0 1 2
3 0 1 3
4 0 1 4
5 0 1 5
6 0 1 6
7 0 1 7
8 0 1 8
9 0 1 9
10 0 1 10
11 0 1 11
12 0 1 12
13 0 1 13
14 0 1 14
15 0 1 15
16 0 1 16
17 0 1 17
18 0 1 18
19 0 1 19
20 0 1 20
21 0 1 21
22 0 1 22
23 0 1 23
24 0 1 24
25 0 1 25
26 0 1 26
27 0 1 27
28 0 1 28
29 0 1 29
30 0 1 30
31 0 1 31
32 0 1 32
33 0 1 33
34 0 1 34
35 1 1 2
36 1 1 3
37 1 1 4
38 1 1 5
39 1 1 6
40 1 1 7
41 1 1 8
42 1 1 9
43 1 1 10
44 1 1 11
45 1 1 12
46 1 1 13
47 1 1 14
48 1 1 15
49 1 1 16
50 1 1 17
51 1 1 18
52 1 1 19
53 1 1 20
54 1 1 21
55 1 1 22
56 1 1 23
57 1 1 24
58 1 1 25
59 1 1 26
60 1 1 27
61 1 1 28
62 1 1 29
63 1 1 30
64 1 1 31
65 1 1 32
66 1 1 33
67 1 1 34
68 2 1 4
69 2 1 5
70 2 1 6
71 2 1 7
72 2 1 8
73 2 1 9
74 2 1 10
75 2 1 11
76 2 1 12
77 2 1 13
78 2 1 14
79 2 1 15
80 2 1 16
81 2 1 17
82 2 1 18
83 2 1 19
84 2 1 20
85 2 1 21
86 2 1 22
87 2 1 23
88 2 1 24
89 2 1 25
90 2 1 26
91 2 1 27
92 2 1 28
93 2 1 29
94 2 1 30
95 2 1 31
96 2 1 32
97 2 1 33
98 2 1 34
99 3 1 6
100 3 1 7
101 3 1 8
102 3 1 9
103 3 1 10
104 3 1 11
105 3 1 12
106 3 1 13
107 3 1 14
108 3 1 15
109 3 1 16
110 3 1 17
111 3 1 18
112 3 1 19
113 3 1 20
114 3 1 21
115 3 1 22
116 3 1 23
117 3 1 24
118 3 1 25
119 3 1 26
120 3 1 27
121 3 1 28
122 3 1 29
123 3 1 30
124 3 1 31
125 3 1 32
126 3 1 33
127 3 1 34
128 4 1 8
129 4 1 9
130 4 1 10
131 4 1 11
132 4 1 12
133 4 1 13
134 4 1 14
135 4 1 15
136 4 1 16
137 4 1 17
138 4 1 18
139 4 1 19
140 4 1 20
141 4 1 21
142 4 1 22
143 4 1 23
144 4 1 24
145 4 1 25
146 4 1 26
147 4 1 27
148 4 1 28
149 4 1 29
150 4 1 30
151 4 1 31
152 4 1 32
153 4 1 33
154 4 1 34
155 5 1 10
156 5 1 11
157 5 1 12
158 5 1 13
159 5 1 14
160 5 1 15
161 5 1 16
162 5 1 17
163 5 1 18
164 5 1 19
165 5 1 20
166 5 1 21
167 5 1 22
168 5 1 23
169 5 1 24
170 5 1 25
171 5 1 26
172 5 1 27
173 5 1 28
174 5 1 29
175 5 1 30
176 5 1 31
177 5 1 32
178 5 1 33
179 5 1 34
180 6 1 12
181 6 1 13
182 6 1 14
183 6 1 15
184 6 1 16
185 6 1 17
186 6 1 18
187 6 1 19
188 6 1 20
189 6 1 21
190 6 1 22
191 6 1 23
192 6 1 24
193 6 1 25
194 6 1 26
195 6 1 27
196 6 1 28
197 6 1 29
198 6 1 30
199 6 1 31
200 6 1 32
201 6 1 33
202 6 1 34
203 7 1 14
204 7 1 15
205 7 1 16
206 7 1 17
207 7 1 18
208 7 1 19
209 7 1 20
210 7 1 21
211 7 1 22
212 7 1 23
213 7 1 24
214 7 1 25
215 7 1 26
216 7 1 27
217 7 1 28
218 7 1 29
219 7 1 30
220 7 1 31
221 7 1 32
222 7 1 33
223 7 1 34
224 8 1 16
225 8 1 17
226 8 1 18
227 8 1 19
228 8 1 20
229 8 1 21
230 8 1 22
231 8 1 23
232 8 1 24
233 8 1 25
234 8 1 26
235 8 1 27
236 8 1 28
237 8 1 29
238 8 1 30
239 8 1 31
240 8 1 32
241 8 1 33
242 8 1 34
243 9 1 18
244 9 1 19
245 9 1 20
246 9 1 21
247 9 1 22
248 9 1 23
249 9 1 24
250 9 1 25
251 9 1 26
252 9 1 27
253 9 1 28
254 9 1 29
255 9 1 30
256 9 1 31
257 9 1 32
258 9 1 33
259 9 1 34
260 10 1 20
261 10 1 21
262 10 1 22
263 10 1 23
264 10 1 24
265 10 1 25
266 10 1 26
267 10 1 27
268 10 1 28
269 10 1 29
270 10 1 30
271 10 1 31
272 10 1 32
273 10 1 33
274 10 1 34
275 11 1 22
276 11 1 23
277 11 1 24
278 11 1 25
279 11 1 26
280 11 1 27
281 11 1 28
282 11 1 29
283 11 1 30
284 11 1 31
285 11 1 32
286 11 1 33
287 11 1 34
288 12 1 24
289 12 1 25
290 12 1 26
291 12 1 27
292 12 1 28
293 12 1 29
294 12 1 30
295 12 1 31
296 12 1 32
297 12 1 33
298 12 1 34
299 13 1 26
300 13 1 27
301 13 1 28
302 13 1 29
303 13 1 30
304 13 1 31
305 13 1 32
306 13 1 33
307 13 1 34
308 14 1 28
309 14 1 29
310 14 1 30
311 14 1 31
312 14 1 32
313 14 1 33
314 14 1 34
315 15 1 30
316 15 1 31
317 15 1 32
318 15 1 33
319 15 1 34
320 16 1 32
321 16 1 33
322 16 1 34
323 17 1 34
324 18 1 36
325 17 262 35
326 17 262 36
327 16 1 35
328 16 1 36
329 15 262 35
330 15 262 36
331 14 1 35
332 14 1 36
333 13 262 35
334 13 262 36
335 12 1 35
336 12 1 36
337 11 262 35
338 11 262 36
339 10 1 35
340 10 1 36
341 9 262 35
342 9 262 36
343 8 1 35
344 8 1 36
345 7 262 35
346 19 1 38
347 18 262 37
348 18 262 38
349 17 1 37
350 17 1 38
351 16 262 37
352 16 262 38
353 15 1 37
354 15 1 38
355 14 262 37
356 14 262 38
357 13 1 37
358 13 1 38
359 12 262 37
360 12 262 38
361 11 1 37
362 11 1 38
363 10 262 37
364 10 262 38
365 9 1 37
366 9 1 38
367 20 1 40
368 19 262 39
369 19 262 40
370 18 1 39
371 18 1 40
372 17 262 39
373 17 262 40
374 16 1 39
375 16 1 40
376 15 262 39
377 15 262 40
378 14 1 39
379 14 1 40
380 13 262 39
381 13 262 40
382 12 1 39
383 12 1 40
384 11 262 39
385 11 262 40
386 10 1 39
387 21 1 42
388 20 262 41
389 20 262 42
390 19 1 41
391 19 1 42
392 18 262 41
393 18 262 42
394 17 1 41
395 17 1 42
396 16 262 41
397 16 262 42
398 15 1 41
399 15 1 42
400 14 262 41
401 14 262 42
402 13 1 41
403 13 1 42
404 12 262 41
405 12 262 42
406 22 1 44
407 21 262 43
408 21 262 44
409 20 1 43
410 20 1 44
411 19 262 43
412 19 262 44
413 18 1 43
414 18 1 44
415 17 262 43
416 17 262 44
417 16 1 43
418 16 1 44
419 15 262 43
420 15 262 44
421 14 1 43
422 14 1 44
423 13 262 43
424 23 1 46
425 22 262 45
426 22 262 46
427 21 1 45
428 21 1 46
429 20 262 45
430 20 262 46
431 19 1 45
432 19 1 46
433 18 262 45
434 18 262 46
435 17 1 45
436 17 1 46
437 16 262 45
438 16 262 46
439 15 1 45
440 15 1 46
441 24 1 48
442 23 262 47
443 23 262 48
444 22 1 47
445 22 1 48
446 21 262 47
447 21 262 48
448 20 1 47
449 20 1 48
450 19 262 47
451 19 262 48
452 18 1 47
453 18 1 48
454 17 262 47
455 17 262 48
456 16 1 47
457 25 1 50
458 24 262 49
459 24 262 50
460 23 1 49
461 23 1 50
462 22 262 49
463 22 262 50
464 21 1 49
465 21 1 50
466 20 262 49
467 20 262 50
468 19 1 49
469 19 1 50
470 18 262 49
471 18 262 50
472 26 1 52
473 25 262 51
474 25 262 52
475 24 1 51
476 24 1 52
477 23 262 51
478 23 262 52
479 22 1 51
480 22 1 52
481 21 262 51
482 21 262 52
483 20 1 51
484 20 1 52
485 19 262 51
486 27 1 54
487 26 262 53
488 26 262 54
489 25 1 53
490 25 1 54
491 24 262 53
492 24 262 54
493 23 1 53
494 23 1 54
495 22 262 53
496 22 262 54
497 21 1 53
498 21 1 54
499 28 1 56
500 27 262 55
501 27 262 56
502 26 1 55
503 26 1 56
504 25 262 55
505 25 262 56
506 24 1 55
507 24 1 56
508 23 262 55
509 23 262 56
510 22 1 55
511 29 1 58
512 28 262 57
513 28 262 58
514 27 1 57
515 27 1 58
516 26 262 57
517 26 262 58
518 25 1 57
519 25 1 58
520 24 262 57
521 24 262 58
522 30 1 60
523 29 262 59
524 29 262 60
525 28 1 59
526 28 1 60
527 27 262 59
528 27 262 60
529 26 1 59
530 26 1 60
531 25 262 59
532 31 1 62
533 30 262 61
534 30 262 62
535 29 1 61
536 29 1 62
537 28 262 61
538 28 262 62
539 27 1 61
540 27 1 62
541 32 1 64
542 31 262 63
543 31 262 64
544 30 1 63
545 30 1 64
546 29 262 63
547 29 262 64
548 28 1 63
549 33 1 66
550 32 262 65
551 32 262 66
552 31 1 65
553 31 1 66
554 30 262 65
555 30 262 66
556 34 1 68
557 33 262 67
558 33 262 68
559 32 1 67
560 32 1 68
561 31 262 67
562 35 1 70
563 34 262 69
564 34 262 70
565 33 1 69
566 33 1 70
567 36 1 72
568 35 262 71
569 35 262 72
570 34 1 71
571 37 1 74
572 36 262 73
573 36 262 74
574 38 1 76
575 37 262 75
576 39 1 78
577 40 35 80
578 38 244 77
579 37 94 76
580 35 227 73
581 34 12 72
582 32 1 69
583 31 175 68
584 29 168 65
585 28 207 64
586 26 83 61
587 25 60 60
588 23 5 57
589 22 86 56
590 20 51 53
591 19 246 52
592 17 152 49
593 41 35 82
594 39 244 79
595 38 94 78
596 36 227 75
597 35 12 74
598 33 1 71
599 32 175 70
600 30 168 67
601 29 207 66
602 27 83 63
603 26 60 62
604 24 5 59
605 23 86 58
606 21 51 55
607 20 246 54
608 42 35 84
609 40 244 81
610 39 94 80
611 37 227 77
612 36 12 76
613 34 1 73
614 33 175 72
615 31 168 69
616 30 207 68
617 28 83 65
618 27 60 64
619 25 5 61
620 24 86 60
621 22 51 57
622 43 35 86
623 41 244 83
624 40 94 82
625 38 227 79
626 37 12 78
627 35 1 75
628 34 175 74
629 32 168 71
630 31 207 70
631 29 83 67
632 28 60 66
633 26 5 63
634 25 86 62
635 44 35 88
636 42 244 85
637 41 94 84
638 39 227 81
639 38 12 80
640 36 1 77
641 35 175 76
642 33 168 73
643 32 207 72
644 30 83 69
645 29 60 68
646 27 5 65
647 45 35 90
648 43 244 87
649 42 94 86
650 40 227 83
651 39 12 82
652 37 1 79
653 36 175 78
654 34 168 75
655 33 207 74
656 31 83 71
657 30 60 70
658 46 35 92
659 44 244 89
660 43 94 88
661 41 227 85
662 40 12 84
663 38 1 81
664 37 175 80
665 35 168 77
666 34 207 76
667 32 83 73
668 47 35 94
669 45 244 91
670 44 94 90
671 42 227 87
672 41 12 86
673 39 1 83
674 38 175 82
675 36 168 79
676 35 207 78
677 48 35 96
678 46 244 93
679 45 94 92
680 43 227 89
681 42 12 88
682 40 1 85
683 39 175 84
684 37 168 81
685 49 35 98
686 47 244 95
687 46 94 94
688 44 227 91
689 43 12 90
690 41 1 87
691 40 175 86
692 50 35 100
693 48 244 97
694 47 94 96
695 45 227 93
696 44 12 92
697 42 1 89
698 51 35 102
699 49 244 99
700 48 94 98
701 46 227 95
702 45 12 94
703 52 35 104
704 50 244 101
705 49 94 100
706 47 227 97
707 53 35 106
708 51 244 103
709 50 94 102
710 54 35 108
711 52 244 105
712 55 35 110
713 56 147 112
714 53 50 107
715 51 67 104
716 48 21 99
717 46 86 96
718 43 235 91
719 41 236 88
720 38 125 83
721 36 36 80
722 33 184 75
723 31 215 72
724 57 147 114
725 54 50 109
726 52 67 106
727 49 21 101
728 47 86 98
729 44 235 93
730 42 236 90
731 39 125 85
732 37 36 82
733 34 184 77
734 58 147 116
735 55 50 111
736 53 67 108
737 50 21 103
738 48 86 100
739 45 235 95
740 43 236 92
741 40 125 87
742 38 36 84
743 59 147 118
744 56 50 113
745 54 67 110
746 51 21 105
747 49 86 102
748 46 235 97
749 44 236 94
750 41 125 89
751 60 147 120
752 57 50 115
753 55 67 112
754 52 21 107
755 50 86 104
756 47 235 99
757 45 236 96
758 61 147 122
759 58 50 117
760 56 67 114
761 53 21 109
762 51 86 106
763 48 235 101
764 62 147 124
765 59 50 119
766 57 67 116
767 54 21 111
768 52 86 108
769 63 147 126
770 60 50 121
771 58 67 118
772 55 21 113
773 64 147 128
774 61 50 123
775 59 67 120
776 65 147 130
777 62 50 125
778 66 147 132
779 67 27 134
780 63 176 127
781 60 161 122
782 56 241 115
783 53 210 110
784 49 200 103
785 46 171 98
786 42 238 91
787 68 27 136
788 64 176 129
789 61 161 124
790 57 241 117
791 54 210 112
792 50 200 105
793 47 171 100
794 69 27 138
795 65 176 131
796 62 161 126
797 58 241 119
798 55 210 114
799 51 200 107
800 70 27 140
801 66 176 133
802 63 161 128
803 59 241 121
804 56 210 116
805 71 27 142
806 67 176 135
807 64 161 130
808 60 241 123
809 72 27 144
810 68 176 137
811 65 161 132
812 73 27 146
813 69 176 139
814 74 27 148
815 0 262 35
816 1 4 35
817 2 247 35
818 3 64 35
819 4 7 35
820 5 235 35
821 6 112 35
822 0 97 36
823 1 219 36
824 2 247 36
825 3 98 36
826 4 168 36
827 5 164 36
828 6 16 36
829 7 185 36
830 0 1 37
831 8 29 37
832 0 262 38
833 0 262 39
834 0 262 40
835 10 178 40
836 0 1 41
837 11 8 41
838 0 262 42
839 0 262 43
840 0 262 44
841 1 262 37
842 2 4 37
843 3 247 37
844 4 64 37
845 5 7 37
846 6 235 37
847 7 112 37
848 1 97 38
849 2 219 38
850 3 247 38
851 4 98 38
852 5 168 38
853 6 164 38
854 7 16 38
855 8 185 38
856 1 1 39
857 9 29 39
858 1 262 40
859 1 262 41
860 1 262 42
861 11 178 42
862 1 1 43
863 12 8 43
864 1 262 44
865 13 81 44
866 2 262 39
867 3 4 39
868 4 247 39
869 5 64 39
870 6 7 39
871 7 235 39
872 8 112 39
873 2 97 40
874 3 219 40
875 4 247 40
876 5 98 40
877 6 168 40
878 7 164 40
879 8 16 40
880 9 185 40
881 2 1 41
882 10 29 41
883 2 262 42
884 2 262 43
885 2 262 44
886 12 178 44
887 0 246 45
888 1 243 45
889 2 1 45
890 3 262 41
891 4 4 41
892 5 247 41
893 6 64 41
894 7 7 41
895 8 235 41
896 9 112 41
897 3 97 42
898 4 219 42
899 5 247 42
900 6 98 42
901 7 168 42
902 8 164 42
903 9 16 42
904 10 185 42
905 3 1 43
906 11 29 43
907 3 262 44
908 3 262 45
909 13 129 45
910 14 149 45
911 0 222 46
912 2 232 46
913 4 262 43
914 5 4 43
915 6 247 43
916 7 64 43
917 8 7 43
918 9 235 43
919 10 112 43
920 4 97 44
921 5 219 44
922 6 247 44
923 7 98 44
924 8 168 44
925 9 164 44
926 10 16 44
927 11 185 44
928 4 1 45
929 12 29 45
930 1 260 46
931 3 68 46
932 4 112 46
933 13 25 46
934 14 175 46
935 5 262 45
936 6 4 45
937 7 247 45
938 8 64 45
939 9 7 45
940 10 235 45
941 11 112 45
942 5 97 46
943 6 219 46
944 7 247 46
945 8 98 46
946 9 168 46
947 10 164 46
948 11 16 46
949 12 185 46
950 0 195 47
951 1 43 47
952 2 97 47
953 3 253 47
954 4 235 47
955 5 262 47
956 6 262 47
957 7 4 47
958 8 247 47
959 9 64 47
960 10 7 47
961 11 235 47
962 12 112 47
963 13 105 47
964 14 245 47
965 15 261 47
966 0 32 48
967 1 81 48
968 2 121 48
969 3 74 48
970 4 94 48
971 5 228 48
972 6 158 48
973 7 5 48
974 8 240 48
975 9 93 48
976 10 86 48
977 11 51 48
978 12 221 48
979 13 183 48
980 14 253 48
981 15 207 48
982 16 32 48
983 0 190 49
984 1 110 49
985 2 171 49
986 3 37 49
987 4 31 49
988 5 168 49
989 6 74 49
990 7 187 49
991 8 139 49
992 9 228 49
993 0 214 50
994 1 47 50
995 10 44 49
996 11 45 49
997 12 178 49
998 13 8 49
999 14 142 49
1000 15 140 49
1001 16 163 49
1002 2 125 50
1003 3 199 50
1004 4 1 50
1005 5 21 50
1006 6 126 50
1007 7 205 50
1008 8 36 50
1009 9 156 50
1010 10 176 50
1011 0 4 51
1012 1 171 51
1013 11 44 50
1014 12 200 50
1015 13 134 50
1016 14 200 50
1017 15 244 50
1018 16 180 50
1019 17 222 50
1020 2 212 51
1021 3 17 51
1022 4 200 51
1023 5 67 51
1024 6 179 51
1025 7 55 51
1026 8 198 51
1027 9 50 51
1028 10 24 51
1029 18 163 51
1030 11 144 51
1031 12 110 51
1032 13 235 51
1033 14 201 51
1034 15 74 51
1035 16 228 51
1036 17 11 51
1037 0 217 52
1038 1 38 52
1039 2 221 52
1040 3 84 52
1041 4 261 52
1042 5 186 52
1043 6 119 52
1044 7 107 52
1045 8 188 52
1046 9 132 52
1047 10 153 52
1048 11 18 52
1049 12 78 52
1050 13 108 52
1051 14 173 52
1052 15 13 52
1053 16 225 52
1054 17 67 52
1055 18 224 52
1056 0 105 53
1057 1 11 53
1058 2 165 53
1059 3 29 53
1060 4 22 53
1061 5 142 53
1062 6 181 53
1063 7 1 53
1064 8 152 53
1065 9 126 53
1066 10 199 53
1067 11 199 53
1068 12 111 53
1069 13 200 53
1070 14 164 53
1071 15 247 53
1072 16 156 53
1073 17 240 53
1074 18 125 53
1075 19 41 53
1076 0 9 54
1077 1 4 54
1078 2 23 54
1079 3 184 54
1080 4 121 54
1081 5 34 54
1082 6 113 54
1083 7 183 54
1084 8 143 54
1085 9 40 54
1086 10 78 54
1087 11 188 54
1088 12 116 54
1089 13 96 54
1090 14 72 54
1091 15 213 54
1092 16 179 54
1093 17 111 54
1094 18 155 54
1095 19 124 54
1096 0 51 55
1097 1 210 55
1098 2 201 55
1099 3 30 55
1100 4 146 55
1101 5 17 55
1102 9 148 55
1103 10 257 55
1104 11 156 55
1105 12 167 55
1106 13 247 55
1107 14 209 55
1108 15 107 55
1109 16 216 55
1110 17 204 55
1111 18 11 55
1112 19 124 55
1113 20 161 55
1114 0 208 56
1115 1 3 56
1116 2 68 56
1117 3 84 56
1118 4 57 56
1119 12 257 56
1120 16 262 56
1121 13 113 56
1122 14 22 56
1123 17 46 56
1124 15 189 56
1125 18 236 56
1126 19 151 56
1127 20 11 56
1128 21 252 56
1129 0 187 57
1130 1 50 57
1131 2 11 57
1132 3 182 57
1133 15 8 57
1134 16 161 57
1135 17 221 57
1136 18 206 57
1137 19 17 57
1138 20 26 57
1139 21 109 57
1140 0 254 58
1141 1 76 58
1142 2 1 58
1143 18 32 58
1144 19 1 58
1145 17 112 58
1146 20 73 58
1147 21 145 58
1148 22 149 58
1149 0 218 59
1150 20 1 59
1151 1 257 59
1152 21 36 59
1153 19 97 59
1154 22 146 59
1155 23 238 59
1156 0 112 60
1157 20 202 60
1158 21 87 60
1159 22 262 60
1160 23 1 60
1161 22 163 61
1162 23 262 61
1163 24 262 61
1164 24 262 62
1165 25 262 63
1166 26 206 64
1167 25 103 64
1168 24 80 63
1169 23 223 62
1170 22 243 62
1171 21 10 61
1172 20 5 61
1173 19 129 60
1174 18 67 59
1175 17 165 59
1176 16 49 58
1177 15 156 58
1178 14 185 57
1179 13 224 57
1180 12 112 57
1181 11 207 56
1182 10 235 56
1183 9 249 56
1184 8 7 55
1185 7 135 55
1186 27 206 66
1187 26 160 65
1188 25 80 65
1189 24 223 64
1190 23 20 63
1191 22 10 63
1192 21 258 62
1193 20 129 62
1194 19 67 61
1195 18 98 60
1196 17 49 60
1197 16 107 59
1198 15 185 59
1199 14 39 58
1200 13 151 58
1201 12 207 58
1202 11 28 57
1203 10 14 57
1204 9 7 57
1205 28 57 67
1206 27 160 67
1207 26 183 66
1208 25 223 66
1209 24 20 65
1210 23 253 64
1211 22 258 64
1212 21 134 63
1213 20 67 63
1214 19 98 62
1215 18 214 61
1216 17 107 61
1217 16 78 60
1218 15 39 60
1219 14 112 59
1220 13 56 59
1221 12 28 59
1222 11 249 58
1223 29 57 69
1224 28 103 68
1225 27 183 68
1226 26 40 67
1227 25 20 67
1228 24 253 66
1229 23 5 65
1230 22 134 65
1231 21 196 64
1232 20 98 64
1233 19 214 63
1234 18 156 62
1235 17 78 62
1236 16 224 61
1237 15 112 61
1238 14 207 60
1239 13 235 60
1240 30 57 71
1241 29 103 70
1242 28 80 69
1243 27 40 69
1244 26 243 68
1245 25 253 68
1246 24 5 67
1247 23 129 66
1248 22 196 66
1249 21 165 65
1250 20 214 65
1251 19 156 64
1252 18 185 63
1253 17 224 63
1254 16 151 62
1255 15 207 62
1256 31 57 73
1257 30 103 72
1258 29 80 71
1259 28 223 70
1260 27 243 70
1261 26 10 69
1262 25 5 69
1263 24 129 68
1264 23 67 67
1265 22 165 67
1266 21 49 66
1267 20 156 66
1268 19 185 65
1269 18 39 64
1270 17 151 64
1271 32 206 74
1272 31 103 74
1273 30 80 73
1274 29 223 72
1275 28 20 71
1276 27 10 71
1277 26 258 70
1278 25 129 70
1279 24 67 69
1280 23 98 68
1281 22 49 68
1282 21 107 67
1283 20 185 67
1284 19 39 66
1285 33 206 76
1286 32 160 75
1287 31 80 75
1288 30 223 74
1289 29 20 73
1290 28 253 72
1291 27 258 72
1292 26 134 71
1293 25 67 71
1294 24 98 70
1295 23 214 69
1296 22 107 69
1297 21 78 68
1298 34 206 78
1299 33 160 77
1300 32 183 76
1301 31 223 76
1302 30 20 75
1303 29 253 74
1304 28 5 73
1305 27 134 73
1306 26 196 72
1307 25 98 72
1308 24 214 71
1309 23 156 70
1310 35 57 79
1311 34 160 79
1312 33 183 78
1313 32 40 77
1314 31 20 77
1315 30 253 76
1316 29 5 75
1317 28 129 74
1318 27 196 74
1319 26 165 73
1320 25 214 73
1321 36 57 81
1322 35 103 80
1323 34 183 80
1324 33 40 79
1325 32 243 78
1326 31 253 78
1327 30 5 77
1328 29 129 76
1329 28 67 75
1330 27 165 75
1331 37 57 83
1332 36 103 82
1333 35 80 81
1334 34 40 81
1335 33 243 80
1336 32 10 79
1337 31 5 79
1338 30 129 78
1339 29 67 77
1340 38 57 85
1341 37 103 84
1342 36 80 83
1343 35 223 82
1344 34 243 82
1345 33 10 81
1346 32 258 80
1347 31 129 80
1348 39 206 86
1349 38 103 86
1350 37 80 85
1351 36 223 84
1352 35 20 83
1353 34 10 83
1354 33 258 82
1355 40 206 88
1356 39 160 87
1357 38 80 87
1358 37 223 86
1359 36 20 85
1360 35 253 84
1361 41 206 90
1362 40 160 89
1363 39 183 88
1364 38 223 88
1365 37 20 87
1366 42 206 92
1367 41 160 91
1368 40 183 90
1369 39 40 89
1370 43 57 93
1371 42 160 93
1372 41 183 92
1373 44 57 95
1374 43 103 94
1375 45 57 97
1376 46 230 99
1377 44 163 96
1378 42 48 94
1379 40 2 91
1380 38 241 89
1381 36 21 86
1382 34 32 84
1383 32 89 81
1384 30 73 79
1385 28 14 76
1386 26 109 74
1387 24 116 72
1388 22 39 70
1389 20 97 68
1390 18 15 65
1391 47 230 101
1392 45 163 98
1393 43 215 95
1394 41 2 93
1395 39 22 90
1396 37 21 88
1397 35 231 85
1398 33 89 83
1399 31 73 81
1400 29 14 78
1401 27 109 76
1402 25 116 74
1403 23 224 71
1404 21 166 69
1405 48 33 102
1406 46 163 100
1407 44 215 97
1408 42 2 95
1409 40 22 92
1410 38 21 90
1411 36 231 87
1412 34 89 85
1413 32 190 82
1414 30 14 80
1415 28 154 77
1416 26 147 75
1417 24 224 73
1418 49 33 104
1419 47 163 102
1420 45 215 99
1421 43 261 96
1422 41 22 94
1423 39 242 91
1424 37 231 89
1425 35 174 86
1426 33 190 84
1427 31 14 82
1428 29 154 79
1429 27 147 77
1430 50 33 106
1431 48 100 103
1432 46 215 101
1433 44 261 98
1434 42 22 96
1435 40 242 93
1436 38 231 91
1437 36 174 88
1438 34 190 86
1439 32 249 83
1440 30 154 81
1441 51 33 108
1442 49 100 105
1443 47 215 103
1444 45 261 100
1445 43 241 97
1446 41 242 95
1447 39 32 92
1448 37 174 90
1449 35 73 87
1450 33 249 85
1451 52 230 109
1452 50 100 107
1453 48 48 104
1454 46 261 102
1455 44 241 99
1456 42 242 97
1457 40 32 94
1458 38 174 92
1459 36 73 89
1460 53 230 111
1461 51 100 109
1462 49 48 106
1463 47 261 104
1464 45 241 101
1465 43 21 98
1466 41 32 96
1467 39 89 93
1468 54 230 113
1469 52 163 110
1470 50 48 108
1471 48 2 105
1472 46 241 103
1473 44 21 100
1474 42 32 98
1475 55 230 115
1476 53 163 112
1477 51 48 110
1478 49 2 107
1479 47 241 105
1480 45 21 102
1481 56 230 117
1482 54 163 114
1483 52 215 111
1484 50 2 109
1485 48 22 106
1486 57 33 118
1487 55 163 116
1488 53 215 113
1489 51 2 111
1490 58 33 120
1491 56 163 118
1492 54 215 115
1493 59 33 122
1494 57 100 119
1495 60 33 124
1496 61 242 125
1497 58 229 121
1498 55 233 117
1499 52 11 112
1500 49 118 108
1501 46 166 104
1502 43 132 99
1503 40 101 95
1504 37 151 91
1505 34 257 87
1506 31 103 83
1507 28 234 78
1508 62 242 127
1509 59 229 123
1510 56 233 119
1511 53 11 114
1512 50 118 110
1513 47 166 106
1514 44 132 101
1515 41 101 97
1516 38 151 93
1517 35 6 88
1518 32 160 84
1519 63 242 129
1520 60 229 125
1521 57 30 120
1522 54 11 116
1523 51 118 112
1524 48 97 107
1525 45 132 103
1526 42 101 99
1527 39 112 94
1528 36 6 90
1529 64 242 131
1530 61 34 126
1531 58 30 122
1532 55 11 118
1533 52 145 113
1534 49 97 109
1535 46 132 105
1536 43 162 100
1537 40 112 96
1538 65 242 133
1539 62 34 128
1540 59 30 124
1541 56 11 120
1542 53 145 115
1543 50 97 111
1544 47 132 107
1545 44 162 102
1546 66 21 134
1547 63 34 130
1548 60 30 126
1549 57 252 121
1550 54 145 117
1551 51 97 113
1552 48 131 108
1553 67 21 136
1554 64 34 132
1555 61 233 127
1556 58 252 123
1557 55 145 119
1558 52 166 114
1559 68 21 138
1560 65 34 134
1561 62 233 129
1562 59 252 125
1563 56 145 121
1564 69 21 140
1565 66 229 135
1566 63 233 131
1567 60 252 127
1568 70 242 141
1569 67 229 137
1570 64 233 133
1571 71 242 143
1572 68 229 139
1573 72 242 145
1574 6 40 55
1575 5 160 56
1576 6 10 56
1577 7 134 56
1578 4 200 57
1579 5 2 57
1580 3 246 58
1581 4 224 58
1582 2 97 59
1583 3 118 59
1584 1 86 60
1585 2 23 60
1586 0 257 61
1587 1 21 61
1588 0 243 62
1589 0 243 63
1590 0 243 64
1591 0 243 65
1592 0 243 66
1593 8 173 56
1594 6 103 57
1595 7 253 57
1596 5 104 58
1597 8 165 57
1598 6 188 58
1599 7 248 58
1600 4 103 59
1601 5 98 59
1602 3 200 60
1603 4 132 60
1604 2 23 61
1605 3 153 61
1606 1 17 62
1607 2 207 62
1608 1 253 63
1609 1 253 64
1610 8 166 58
1611 10 192 58
1612 9 154 58
1613 6 112 59
1614 7 66 59
1615 8 5 59
1616 9 156 59
1617 5 73 60
1618 6 212 60
1619 7 135 60
1620 4 110 61
1621 5 60 61
1622 3 133 62
1623 4 192 62
1624 2 150 63
1625 10 21 59
1626 8 125 60
1627 11 48 59
1628 9 173 60
1629 10 93 60
1630 6 193 61
1631 11 175 60
1632 7 57 61
1633 8 141 61
1634 5 62 62
1635 9 182 61
1636 6 90 62
1637 7 243 62
1638 12 150 60
1639 10 179 61
1640 11 192 61
1641 13 108 61
1642 12 251 61
1643 8 26 62
1644 9 168 62
1645 10 90 62
1646 11 206 62
1647 3 260 63
1648 4 204 63
1649 14 57 61
1650 12 189 62
1651 13 94 62
1652 5 85 63
1653 14 27 62
1654 6 253 63
1655 7 16 63
1656 2 165 64
1657 8 194 63
1658 14 228 63
1659 16 194 63
1660 15 183 63
1661 3 98 64
1662 4 231 64
1663 5 86 64
1664 15 59 64
1665 16 13 64
1666 1 44 65
1667 2 200 65
1668 17 83 65
1669 3 119 65
1670 1 176 66
1671 0 178 67
1672 2 252 66
1673 19 255 67
1674 9 81 63
1675 10 40 63
1676 12 40 63
1677 11 40 63
1678 13 183 63
1679 6 183 64
1680 7 63 64
1681 8 227 64
1682 9 189 64
1683 10 72 64
1684 11 196 64
1685 12 236 64
1686 13 39 64
1687 14 33 64
1688 4 182 65
1689 5 35 65
1690 6 121 65
1691 7 95 65
1692 8 107 65
1693 9 257 65
1694 15 251 65
1695 16 71 65
1696 3 34 66
1697 4 227 66
1698 5 96 66
1699 6 210 66
1700 10 81 65
1701 11 40 65
1702 13 40 65
1703 12 40 65
1704 14 183 65
1705 7 183 66
1706 8 63 66
1707 9 227 66
1708 10 189 66
1709 11 72 66
1710 12 196 66
1711 13 236 66
1712 14 39 66
1713 15 33 66
1714 16 79 66
1715 17 196 66
1716 18 254 66
1717 1 229 67
1718 2 113 67
1719 3 146 67
1720 4 88 67
1721 5 117 67
1722 6 4 67
1723 7 165 67
1724 8 230 67
1725 9 233 67
1726 10 98 67
1727 11 20 67
1728 12 223 67
1729 13 158 67
1730 14 86 67
1731 15 215 67
1732 16 15 67
1733 17 161 67
1734 18 201 67
1735 0 208 68
1736 1 146 68
1737 2 48 68
1738 3 26 68
1739 4 9 68
1740 5 168 68
1741 6 185 68
1742 7 229 68
1743 8 158 68
1744 9 101 68
1745 10 167 68
1746 11 175 68
1747 12 185 68
1748 13 82 68
1749 14 27 68
1750 15 145 68
1751 16 4 68
1752 17 160 68
1753 18 1 68
1754 19 135 68
1755 0 112 69
1756 1 217 69
1757 2 70 69
1758 3 119 69
1759 4 186 69
1760 5 185 69
1761 6 233 69
1762 7 62 69
1763 8 123 69
1764 9 96 69
1765 11 180 69
1766 10 259 69
1767 12 145 69
1768 13 97 69
1769 14 148 69
1770 15 227 69
1771 16 125 69
1772 17 211 69
1773 18 14 69
1774 19 182 69
1775 20 208 69
1776 0 31 70
1777 1 66 70
1778 2 202 70
1779 3 181 70
1780 4 105 70
1781 5 94 70
1782 6 255 70
1783 7 171 70
1784 8 26 70
1785 9 84 70
1786 10 225 70
1787 11 159 70
1788 12 250 70
1789 13 24 70
1790 14 60 70
1791 15 245 70
1792 16 94 70
1793 17 7 70
1794 18 40 70
1795 19 72 70
1796 20 91 70
1797 21 204 70
1798 0 2 71
1799 1 69 71
1800 2 255 71
1801 3 100 71
1802 4 186 71
1803 5 67 71
1804 6 211 71
1805 7 113 71
1806 8 61 71
1807 9 165 71
1808 10 116 71
1809 11 162 71
1810 12 208 71
1811 13 141 71
1812 14 175 71
1813 16 185 71
1814 15 118 71
1815 17 233 71
1816 18 74 71
1817 19 6 71
1818 20 103 71
1819 21 3 71
1820 22 174 71
1821 0 130 72
1822 1 35 72
1823 2 3 72
1824 3 98 72
1825 4 241 72
1826 5 90 72
1827 6 133 72
1828 7 99 72
1829 8 57 72
1830 9 245 72
1831 10 148 72
1832 11 100 72
1833 12 77 72
1834 13 150 72
1835 14 1 72
1836 15 80 72
1837 16 119 72
1838 17 110 72
1839 18 160 72
1840 19 177 72
1841 20 186 72
1842 21 190 72
1843 22 66 72
1844 23 145 72
1845 0 153 73
1846 1 210 73
1847 2 126 73
1848 3 136 73
1849 4 171 73
1850 5 158 73
1851 6 173 73
1852 7 170 73
1853 8 74 73
1854 9 11 73
1855 10 166 73
1856 11 164 73
1857 12 99 73
1858 13 3 73
1859 14 56 73
1860 15 143 73
1861 16 213 73
1862 17 143 73
1863 18 15 73
1864 19 158 73
1865 20 112 73
1866 21 28 73
1867 22 55 73
1868 23 149 73
1869 0 215 74
1870 1 90 74
1871 2 140 74
1872 3 87 74
1873 4 232 74
1874 5 170 74
1875 6 134 74
1876 7 66 74
1877 8 225 74
1878 9 219 74
1879 10 222 74
1880 11 237 74
1881 12 94 74
1882 13 84 74
1883 14 187 74
1884 15 68 74
1885 16 113 74
1886 17 209 74
1887 18 243 74
1888 19 103 74
1889 20 52 74
1890 21 81 74
1891 22 185 74
1892 23 66 74
1893 24 244 74
1894 0 246 75
1895 1 213 75
1896 2 152 75
1897 3 236 75
1898 4 247 75
1899 5 240 75
1900 9 208 75
1901 11 89 75
1902 12 212 75
1903 13 52 75
1904 14 258 75
1905 15 249 75
1906 16 176 75
1907 17 175 75
1908 18 96 75
1909 19 71 75
1910 20 131 75
1911 21 67 75
1912 22 134 75
1913 23 55 75
1914 24 240 75
1915 25 101 75
1916 0 123 76
1917 1 223 76
1918 2 203 76
1919 3 42 76
1920 4 18 76
1921 5 203 76
1922 15 179 76
1923 17 187 76
1924 18 42 76
1925 19 158 76
1926 20 4 76
1927 21 85 76
1928 22 134 76
1929 23 245 76
1930 24 190 76
1931 25 201 76
1932 26 260 76
1933 0 69 77
1934 1 53 77
1935 2 79 77
1936 3 98 77
1937 4 17 77
1938 17 212 77
1939 18 11 77
1940 19 109 77
1941 20 16 77
1942 21 195 77
1943 22 34 77
1944 23 13 77
1945 24 131 77
1946 25 75 77
1947 26 258 77
1948 0 30 78
1949 1 86 78
1950 2 54 78
1951 3 216 78
1952 4 204 78
1953 20 172 78
1954 21 185 78
1955 22 3 78
1956 23 221 78
1957 24 42 78
1958 25 136 78
1959 26 241 78
1960 27 122 78
1961 0 117 79
1962 1 3 79
1963 2 42 79
1964 3 135 79
1965 20 224 79
1966 21 163 79
1967 22 256 79
1968 23 185 79
1969 24 36 79
1970 25 66 79
1971 26 88 79
1972 27 161 79
1973 28 203 79
1974 0 58 80
1975 1 128 80
1976 2 18 80
1977 3 64 80
1978 23 50 80
1979 24 22 80
1980 25 74 80
1981 26 136 80
1982 27 184 80
1983 29 175 80
1984 28 207 80
1985 0 31 81
1986 1 85 81
1987 2 76 81
1988 24 184 81
1989 25 24 81
1990 26 149 81
1991 27 53 81
1992 28 66 81
1993 29 136 81
1994 0 162 82
1995 1 5 82
1996 2 113 82
1997 26 136 82
1998 27 217 82
1999 28 212 82
2000 29 3 82
2001 30 129 82
2002 0 92 83
2003 1 223 83
2004 27 220 83
2005 28 204 83
2006 29 148 83
2007 30 176 83
2008 0 35 84
2009 1 22 84
2010 31 207 84
2011 29 94 84
2012 30 56 84
2013 0 113 85
2014 30 224 85
2015 32 28 85
2016 31 56 85
2017 31 56 86
2018 0 94 86
2019 33 235 86
2020 32 235 86
2021 32 235 87
2022 34 235 88
2023 33 28 87
2024 35 14 89
2025 36 21 91
2026 34 128 89
2027 33 45 88
2028 31 139 87
2029 30 129 86
2030 28 55 84
2031 27 212 84
2032 25 140 82
2033 24 222 82
2034 22 226 80
2035 21 163 80
2036 19 192 78
2037 18 64 78
2038 16 77 76
2039 15 124 77
2040 13 196 76
2041 12 43 76
2042 10 51 75
2043 9 229 76
2044 7 82 75
2045 6 230 75
2046 37 242 92
2047 35 199 90
2048 34 45 90
2049 32 62 88
2050 31 129 88
2051 29 208 85
2052 28 157 85
2053 26 193 83
2054 25 41 83
2055 23 150 81
2056 22 100 81
2057 20 192 80
2058 19 199 79
2059 17 77 78
2060 16 62 77
2061 14 98 76
2062 13 110 77
2063 11 106 76
2064 10 246 76
2065 8 41 75
2066 38 242 94
2067 36 199 92
2068 35 109 91
2069 33 201 89
2070 32 67 89
2071 30 208 87
2072 29 106 86
2073 27 193 85
2074 26 111 84
2075 24 150 83
2076 23 213 82
2077 21 167 81
2078 20 199 81
2079 18 93 79
2080 17 62 79
2081 15 98 78
2082 14 55 77
2083 12 157 77
2084 11 140 77
2085 39 142 95
2086 37 64 93
2087 36 109 93
2088 34 201 91
2089 33 196 90
2090 31 208 89
2091 30 106 88
2092 28 35 86
2093 27 111 86
2094 25 113 84
2095 24 213 84
2096 22 96 82
2097 21 32 82
2098 19 170 80
2099 18 232 80
2100 16 49 78
2101 15 55 79
2102 13 53 78
2103 40 142 97
2104 38 64 95
2105 37 154 94
2106 35 31 92
2107 34 196 92
2108 32 159 90
2109 31 106 90
2110 29 228 87
2111 28 76 87
2112 26 75 85
2113 25 50 85
2114 23 215 83
2115 22 231 83
2116 20 170 82
2117 19 31 81
2118 17 49 80
2119 16 159 79
2120 41 121 98
2121 39 231 96
2122 38 154 96
2123 36 31 94
2124 35 165 93
2125 33 104 91
2126 32 210 91
2127 30 228 89
2128 29 187 88
2129 27 75 87
2130 26 238 86
2131 24 215 85
2132 23 16 84
2133 21 178 83
2134 20 31 83
2135 18 107 81
2136 42 121 100
2137 40 231 98
2138 39 186 97
2139 37 232 95
2140 36 165 95
2141 34 104 93
2142 33 53 92
2143 31 228 91
2144 30 187 90
2145 28 94 88
2146 27 238 88
2147 25 48 86
2148 24 16 86
2149 22 85 84
2150 21 116 84
2151 43 71 101
2152 41 32 99
2153 40 186 99
2154 38 232 97
2155 37 98 96
2156 35 211 94
2157 34 53 94
2158 32 149 92
2159 31 187 92
2160 29 169 89
2161 28 144 89
2162 26 239 87
2163 25 247 87
2164 23 89 85
2165 44 71 103
2166 42 32 101
2167 41 77 100
2168 39 147 98
2169 38 98 98
2170 36 211 96
2171 35 105 95
2172 33 114 93
2173 32 38 93
2174 30 169 91
2175 29 119 90
2176 27 239 89
2177 26 8 88
2178 45 192 104
2179 43 247 102
2180 42 77 102
2181 40 147 100
2182 39 214 99
2183 37 52 97
2184 36 105 97
2185 34 114 95
2186 33 225 94
2187 31 169 93
2188 30 119 92
2189 28 12 90
2190 46 192 106
2191 44 247 104
2192 43 93 103
2193 41 116 101
2194 40 214 101
2195 38 52 99
2196 37 158 98
2197 35 206 96
2198 34 225 96
2199 32 47 94
2200 31 119 94
2201 47 192 108
2202 45 16 105
2203 44 93 105
2204 42 116 103
2205 41 49 102
2206 39 237 100
2207 38 158 100
2208 36 206 98
2209 35 19 97
2210 33 216 95
2211 48 167 109
2212 46 16 107
2213 45 170 106
2214 43 205 104
2215 42 49 104
2216 40 237 102
2217 39 184 101
2218 37 57 99
2219 36 19 99
2220 49 96 110
2221 47 16 109
2222 46 170 108
2223 44 205 106
2224 43 107 105
2225 41 26 103
2226 40 184 103
2227 38 57 101
2228 50 96 112
2229 48 255 110
2230 47 170 110
2231 45 58 107
2232 44 107 107
2233 42 26 105
2234 41 79 104
2235 51 96 114
2236 49 8 111
2237 48 178 111
2238 46 58 109
2239 45 156 108
2240 43 250 106
2241 52 215 115
2242 50 8 113
2243 49 85 112
2244 47 58 111
2245 46 156 110
2246 53 48 116
2247 51 8 115
2248 50 85 114
2249 48 234 112
2250 54 48 118
2251 52 259 116
2252 51 85 116
2253 55 48 120
2254 53 4 117
2255 56 48 122
2256 57 153 122
2257 54 249 119
2258 52 145 117
2259 49 125 113
2260 47 72 112
2261 44 158 108
2262 42 71 106
2263 39 17 102
2264 37 249 100
2265 34 3 97
2266 32 138 95
2267 29 255 91
2268 27 210 90
2269 24 218 87
2270 22 68 85
2271 19 23 82
2272 17 251 81
2273 14 228 78
2274 58 153 124
2275 55 249 121
2276 53 118 118
2277 50 125 115
2278 48 227 113
2279 45 105 109
2280 43 96 107
2281 40 17 104
2282 38 249 102
2283 35 130 98
2284 33 125 96
2285 30 255 93
2286 28 158 91
2287 25 45 88
2288 23 229 86
2289 20 23 84
2290 18 6 82
2291 59 153 126
2292 56 249 123
2293 54 118 120
2294 51 125 117
2295 49 36 114
2296 46 105 111
2297 44 96 109
2298 41 246 105
2299 39 7 103
2300 36 130 100
2301 34 125 98
2302 31 255 95
2303 29 105 92
2304 26 109 89
2305 24 229 88
2306 21 120 85
2307 60 153 128
2308 57 256 123
2309 55 118 122
2310 52 69 118
2311 50 36 116
2312 47 105 113
2313 45 167 110
2314 42 246 107
2315 40 7 105
2316 37 133 101
2317 35 69 99
2318 32 4 96
2319 30 105 94
2320 27 109 91
2321 25 34 89
2322 61 208 128
2323 58 256 125
2324 56 118 124
2325 53 194 119
2326 51 36 118
2327 48 79 114
2328 46 167 112
2329 43 140 108
2330 41 256 106
2331 38 133 103
2332 36 69 101
2333 33 259 97
2334 31 105 96
2335 28 77 92
2336 62 208 130
2337 59 256 127
2338 57 59 124
2339 54 194 121
2340 52 245 119
2341 49 184 115
2342 47 167 114
2343 44 140 110
2344 42 256 108
2345 39 65 104
2346 37 194 102
2347 34 259 99
2348 32 79 97
2349 63 208 132
2350 60 256 129
2351 58 59 126
2352 55 194 123
2353 53 18 120
2354 50 184 117
2355 48 48 115
2356 45 123 111
2357 43 135 109
2358 40 65 106
2359 38 194 104
2360 35 2 100
2361 64 208 134
2362 61 128 129
2363 59 59 128
2364 56 194 125
2365 54 18 122
2366 51 184 119
2367 49 215 116
2368 46 123 113
2369 44 135 111
2370 41 198 107
2371 39 166 105
2372 65 55 135
2373 62 128 131
2374 60 59 130
2375 57 97 125
2376 55 18 124
2377 52 171 120
2378 50 215 118
2379 47 123 115
2380 45 128 112
2381 42 198 109
2382 66 104 136
2383 63 128 133
2384 61 161 130
2385 58 97 127
2386 56 18 126
2387 53 92 121
2388 51 215 120
2389 48 70 116
2390 46 128 114
2391 67 104 138
2392 64 128 135
2393 62 161 132
2394 59 97 129
2395 57 9 126
2396 54 92 123
2397 52 24 121
2398 49 193 117
2399 68 104 140
2400 65 135 136
2401 63 161 134
2402 60 97 131
2403 58 9 128
2404 55 92 125
2405 53 239 122
2406 69 159 141
2407 66 64 137
2408 64 161 136
2409 61 180 131
2410 59 9 130
2411 56 92 127
2412 70 52 142
2413 67 64 139
2414 65 102 137
2415 62 180 133
2416 60 9 132
2417 71 52 144
2418 68 64 141
2419 66 212 138
2420 63 180 135
2421 72 52 146
2422 69 199 142
2423 67 212 140
2424 73 211 147
2425 70 32 143
2426 74 211 149
2427 6 62 76
2428 7 7 76
2429 8 22 76
2430 5 211 77
2431 6 98 77
2432 7 96 77
2433 8 173 77
2434 9 210 77
2435 10 23 77
2436 5 132 78
2437 6 33 78
2438 10 233 78
2439 11 118 78
2440 12 146 78
2441 4 182 79
2442 5 30 79
2443 12 133 79
2444 13 49 79
2445 14 192 79
2446 4 141 80
2447 7 62 78
2448 8 7 78
2449 9 22 78
2450 6 211 79
2451 7 98 79
2452 8 96 79
2453 9 173 79
2454 10 210 79
2455 11 23 79
2456 5 131 80
2457 6 31 80
2458 7 128 80
2459 11 40 80
2460 12 125 80
2461 13 108 80
2462 14 62 80
2463 15 72 80
2464 16 151 80
2465 3 103 81
2466 8 62 80
2467 9 7 80
2468 10 22 80
2469 4 170 81
2470 5 77 81
2471 6 185 81
2472 7 163 81
2473 8 103 81
2474 9 165 81
2475 10 135 81
2476 11 246 81
2477 12 219 81
2478 13 156 81
2479 14 64 81
2480 15 96 81
2481 16 66 81
2482 3 21 82
2483 4 156 82
2484 5 25 82
2485 6 136 82
2486 7 70 82
2487 8 87 82
2488 9 30 82
2489 10 6 82
2490 11 135 82
2491 12 130 82
2492 13 216 82
2493 14 119 82
2494 15 245 82
2495 16 219 82
2496 17 40 82
2497 2 30 83
2498 3 75 83
2499 4 80 83
2500 5 231 83
2501 6 148 83
2502 7 22 83
2503 8 235 83
2504 9 51 83
2505 10 212 83
2506 11 196 83
2507 12 18 83
2508 13 179 83
2509 14 30 83
2510 15 24 83
2511 16 112 83
2512 17 122 83
2513 18 148 83
2514 19 218 83
2515 2 146 84
2516 3 203 84
2517 4 147 84
2518 5 195 84
2519 6 229 84
2520 7 46 84
2521 8 32 84
2522 9 160 84
2523 10 214 84
2524 11 57 84
2525 12 199 84
2526 13 150 84
2527 14 23 84
2528 15 190 84
2529 16 170 84
2530 17 180 84
2531 18 252 84
2532 19 105 84
2533 1 80 85
2534 2 69 85
2535 3 3 85
2536 4 209 85
2537 5 74 85
2538 6 99 85
2539 7 126 85
2540 8 121 85
2541 9 246 85
2542 10 243 85
2543 11 256 85
2544 12 222 85
2545 13 119 85
2546 14 83 85
2547 15 212 85
2548 16 206 85
2549 17 59 85
2550 18 158 85
2551 19 238 85
2552 20 38 85
2553 1 219 86
2554 2 222 86
2555 3 174 86
2556 4 172 86
2557 5 234 86
2558 6 144 86
2559 7 242 86
2560 8 1 86
2561 9 141 86
2562 10 147 86
2563 11 8 86
2564 12 5 86
2565 13 201 86
2566 14 134 86
2567 15 214 86
2568 16 207 86
2569 17 48 86
2570 18 89 86
2571 19 126 86
2572 20 229 86
2573 21 39 86
2574 22 136 86
2575 0 42 87
2576 1 136 87
2577 2 198 87
2578 3 79 87
2579 4 59 87
2580 5 83 87
2581 6 80 87
2582 7 66 87
2583 8 146 87
2584 9 171 87
2585 10 198 87
2586 11 64 87
2587 12 254 87
2588 13 113 87
2589 14 241 87
2590 15 243 87
2591 16 95 87
2592 17 100 87
2593 18 91 87
2594 19 174 87
2595 20 34 87
2596 21 190 87
2597 22 30 87
2598 23 21 87
2599 0 202 88
2600 1 258 88
2601 2 172 88
2602 3 210 88
2603 4 154 88
2604 5 84 88
2605 6 160 88
2606 7 129 88
2607 8 208 88
2608 9 74 88
2609 10 40 88
2610 11 203 88
2611 12 34 88
2612 13 82 88
2613 14 89 88
2614 15 217 88
2615 16 137 88
2616 17 196 88
2617 18 64 88
2618 19 58 88
2619 20 180 88
2620 21 127 88
2621 22 10 88
2622 23 45 88
2623 0 24 89
2624 1 200 89
2625 2 172 89
2626 3 69 89
2627 4 195 89
2628 5 250 89
2629 6 191 89
2630 7 148 89
2631 8 115 89
2632 9 124 89
2633 10 71 89
2634 11 180 89
2635 12 60 89
2636 13 168 89
2637 14 25 89
2638 15 178 89
2639 16 128 89
2640 17 102 89
2641 18 160 89
2642 19 252 89
2643 20 71 89
2644 21 164 89
2645 22 44 89
2646 23 49 89
2647 24 58 89
2648 0 5 90
2649 1 49 90
2650 2 56 90
2651 3 116 90
2652 4 170 90
2653 5 62 90
2654 6 11 90
2655 7 239 90
2656 8 59 90
2657 9 128 90
2658 10 210 90
2659 11 91 90
2660 12 63 90
2661 13 16 90
2662 14 138 90
2663 15 63 90
2664 16 62 90
2665 17 118 90
2666 18 74 90
2667 19 176 90
2668 20 189 90
2669 21 152 90
2670 22 32 90
2671 23 113 90
2672 24 18 90
2673 25 74 90
2674 26 87 90
2675 0 119 91
2676 1 40 91
2677 2 9 91
2678 3 168 91
2679 4 126 91
2680 5 120 91
2681 6 85 91
2682 7 236 91
2683 8 153 91
2684 9 46 91
2685 10 93 91
2686 11 51 91
2687 12 35 91
2688 13 202 91
2689 14 140 91
2690 15 150 91
2691 16 82 91
2692 17 247 91
2693 18 120 91
2694 19 155 91
2695 20 153 91
2696 21 93 91
2697 22 142 91
2698 23 11 91
2699 24 221 91
2700 25 188 91
2701 26 144 91
2702 0 220 92
2703 1 74 92
2704 2 45 92
2705 3 182 92
2706 4 57 92
2707 5 102 92
2708 6 8 92
2709 7 3 92
2710 8 86 92
2711 9 90 92
2712 10 187 92
2713 11 194 92
2714 12 40 92
2715 13 9 92
2716 14 228 92
2717 15 259 92
2718 16 223 92
2719 17 177 92
2720 18 183 92
2721 19 151 92
2722 20 200 92
2723 21 140 92
2724 22 95 92
2725 23 183 92
2726 24 45 92
2727 25 253 92
2728 26 262 92
2729 27 20 92
2730 0 13 93
2731 1 22 93
2732 2 167 93
2733 3 11 93
2734 4 90 93
2735 5 246 93
2736 6 11 93
2737 7 147 93
2738 8 101 93
2739 9 261 93
2740 10 85 93
2741 11 249 93
2742 12 58 93
2743 13 165 93
2744 14 136 93
2745 15 27 93
2746 16 262 93
2747 17 96 93
2748 18 38 93
2749 19 73 93
2750 20 194 93
2751 21 256 93
2752 22 6 93
2753 23 127 93
2754 24 145 93
2755 25 144 93
2756 26 16 93
2757 27 221 93
2758 28 149 93
2759 29 188 93
2760 0 24 94
2761 1 187 94
2762 2 97 94
2763 3 8 94
2764 4 122 94
2765 5 73 94
2766 6 178 94
2767 7 27 94
2768 8 126 94
2769 9 252 94
2770 10 216 94
2771 11 228 94
2772 12 243 94
2773 13 89 94
2774 14 139 94
2775 15 86 94
2776 16 200 94
2777 17 75 94
2778 18 140 94
2779 19 27 94
2780 20 83 94
2781 21 253 94
2782 22 175 94
2783 23 230 94
2784 24 63 94
2785 25 225 94
2786 26 144 94
2787 27 68 94
2788 28 31 94
2789 29 142 94
2790 0 112 95
2791 1 262 95
2792 2 150 95
2793 3 14 95
2794 4 208 95
2795 5 64 95
2796 6 204 95
2797 7 66 95
2798 8 106 95
2799 9 149 95
2800 10 120 95
2801 11 222 95
2802 12 51 95
2803 13 250 95
2804 14 228 95
2805 15 198 95
2806 16 135 95
2807 17 156 95
2808 18 248 95
2809 19 103 95
2810 20 70 95
2811 21 96 95
2812 22 81 95
2813 23 238 95
2814 24 20 95
2815 25 116 95
2816 26 237 95
2817 27 19 95
2818 28 252 95
2819 29 106 95
2820 30 49 95
2821 0 53 96
2822 1 166 96
2823 2 228 96
2824 3 74 96
2825 4 217 96
2826 5 58 96
2827 6 211 96
2828 7 143 96
2829 8 92 96
2830 9 43 96
2831 11 182 96
2832 13 126 96
2833 15 10 96
2834 17 22 96
2835 18 236 96
2836 19 90 96
2837 20 220 96
2838 21 10 96
2839 22 74 96
2840 23 189 96
2841 24 139 96
2842 25 36 96
2843 26 202 96
2844 27 13 96
2845 28 143 96
2846 29 181 96
2847 30 177 96
2848 0 252 97
2849 1 219 97
2850 2 125 97
2851 3 109 97
2852 4 105 97
2853 5 75 97
2854 17 71 97
2855 18 42 97
2856 19 116 97
2857 20 76 97
2858 21 262 97
2859 22 17 97
2860 23 239 97
2861 24 56 97
2862 25 205 97
2863 26 58 97
2864 27 15 97
2865 28 169 97
2866 29 72 97
2867 30 121 97
2868 31 198 97
2869 0 150 98
2870 1 252 98
2871 2 14 98
2872 3 45 98
2873 4 235 98
2874 5 152 98
2875 20 215 98
2876 21 161 98
2877 22 107 98
2878 23 174 98
2879 24 136 98
2880 25 21 98
2881 26 193 98
2882 27 190 98
2883 28 55 98
2884 29 92 98
2885 30 158 98
2886 31 130 98
2887 32 222 98
2888 33 46 98
2889 0 85 99
2890 1 203 99
2891 2 204 99
2892 3 217 99
2893 4 143 99
2894 5 202 99
2895 21 65 99
2896 23 69 99
2897 24 142 99
2898 25 105 99
2899 26 39 99
2900 27 198 99
2901 28 63 99
2902 29 223 99
2903 30 46 99
2904 31 123 99
2905 32 55 99
2906 33 61 99
2907 0 216 100
2908 1 135 100
2909 2 148 100
2910 3 82 100
2911 4 75 100
2912 24 225 100
2913 25 28 100
2914 26 74 100
2915 27 108 100
2916 28 168 100
2917 29 224 100
2918 30 147 100
2919 31 193 100
2920 32 8 100
2921 33 218 100
2922 34 25 100
2923 0 188 101
2924 1 100 101
2925 2 34 101
2926 3 67 101
2927 4 95 101
2928 25 164 101
2929 27 162 101
2930 28 210 101
2931 31 210 101
2932 30 149 101
2933 29 154 101
2934 32 194 101
2935 33 38 101
2936 34 116 101
2937 35 44 101
2938 0 142 102
2939 1 253 102
2940 2 115 102
2941 3 233 102
2942 4 44 102
2943 27 191 102
2944 28 19 102
2945 31 206 102
2946 32 134 102
2947 33 18 102
2948 30 57 102
2949 34 196 102
2950 35 179 102
2951 29 206 102
2952 36 217 102
2953 0 203 103
2954 1 139 103
2955 2 212 103
2956 3 167 103
2957 30 164 103
2958 31 236 103
2959 32 19 103
2960 33 225 103
2961 34 121 103
2962 35 74 103
2963 36 215 103
2964 37 256 103
2965 0 53 104
2966 1 151 104
2967 2 191 104
2968 3 42 104
2969 31 188 104
2970 32 37 104
2971 34 244 104
2972 33 122 104
2973 35 257 104
2974 36 115 104
2975 37 54 104
2976 0 143 105
2977 1 33 105
2978 2 229 105
2979 3 260 105
2980 31 125 105
2981 32 197 105
2982 36 188 105
2983 35 94 105
2984 34 141 105
2985 37 169 105
2986 38 150 105
2987 33 122 105
2988 0 176 106
2989 1 233 106
2990 38 94 106
2991 2 110 106
2992 34 170 106
2993 37 169 106
2994 36 169 106
2995 35 216 106
2996 39 57 106
2997 0 199 107
2998 1 183 107
2999 2 208 107
3000 39 144 107
3001 38 216 107
3002 35 248 107
3003 40 241 107
3004 37 47 107
3005 36 47 107
3006 0 200 108
3007 1 122 108
3008 2 43 108
3009 40 119 108
3010 39 191 108
3011 38 155 108
3012 41 262 108
3013 0 7 109
3014 37 108 108
3015 1 176 109
3016 38 3 109
3017 41 72 109
3018 40 72 109
3019 39 36 109
3020 0 236 110
3021 1 61 110
3022 42 36 110
3023 39 96 110
3024 43 146 110
3025 41 227 110
3026 40 227 110
3027 0 205 111
3028 1 66 111
3029 42 245 111
3030 43 24 111
3031 0 90 112
3032 41 18 111
3033 44 12 112
3034 42 157 112
3035 0 261 113
3036 43 251 112
3037 45 257 113
3038 44 257 113
3039 0 131 114
3040 46 257 115
3041 45 3 114
3042 47 6 116
3043 48 185 117
3044 46 56 116
3045 44 83 114
3046 42 109 113
3047 40 232 111
3048 38 29 110
3049 36 151 108
3050 34 249 107
3051 32 218 106
3052 30 170 104
3053 28 58 103
3054 26 190 101
3055 24 84 101
3056 22 121 99
3057 20 167 99
3058 18 255 98
3059 16 1 96
3060 14 197 96
3061 12 181 96
3062 10 152 96
3063 6 225 97
3064 7 57 97
3065 8 84 97
3066 9 71 97
3067 10 133 97
3068 49 39 118
3069 47 207 117
3070 45 90 115
3071 43 124 113
3072 41 147 112
3073 39 78 111
3074 37 56 109
3075 35 180 108
3076 33 109 106
3077 31 170 106
3078 29 29 103
3079 27 190 103
3080 25 221 102
3081 23 135 100
3082 21 32 100
3083 19 259 98
3084 17 1 98
3085 15 66 97
3086 13 115 97
3087 11 37 97
3088 12 1 97
3089 14 204 97
3090 16 1 97
3091 6 122 98
3092 50 224 119
3093 48 194 118
3094 46 90 117
3095 44 124 115
3096 42 147 114
3097 40 185 112
3098 38 56 111
3099 36 83 109
3100 34 109 108
3101 32 31 107
3102 30 29 105
3103 28 112 104
3104 26 249 102
3105 24 135 102
3106 22 16 100
3107 20 259 100
3108 18 175 99
3109 7 260 98
3110 8 213 98
3111 9 132 98
3112 10 183 98
3113 11 84 98
3114 12 131 98
3115 51 224 121
3116 49 166 119
3117 47 173 118
3118 45 201 116
3119 43 49 114
3120 41 39 113
3121 39 69 112
3122 37 90 110
3123 35 139 109
3124 33 147 107
3125 31 29 107
3126 29 56 104
3127 27 249 104
3128 25 64 103
3129 23 170 101
3130 21 89 101
3131 19 219 99
3132 17 11 99
3133 15 200 98
3134 13 213 98
3135 14 48 98
3136 16 206 98
3137 52 13 122
3138 50 97 120
3139 48 30 119
3140 46 201 118
3141 44 49 116
3142 42 39 115
3143 40 194 113
3144 38 90 112
3145 36 124 110
3146 34 147 109
3147 32 78 108
3148 30 56 106
3149 28 180 105
3150 26 109 103
3151 24 170 103
3152 22 176 101
3153 20 219 101
3154 18 84 100
3155 6 261 99
3156 7 190 99
3157 8 192 99
3158 53 125 123
3159 51 97 122
3160 49 248 120
3161 47 62 119
3162 45 107 117
3163 43 13 115
3164 41 166 114
3165 39 233 113
3166 37 201 111
3167 35 214 110
3168 33 39 108
3169 31 56 108
3170 29 90 105
3171 27 109 105
3172 25 178 104
3173 23 29 102
3174 21 190 102
3175 19 42 100
3176 17 121 100
3177 15 96 99
3178 54 138 124
3179 52 143 123
3180 50 15 121
3181 48 67 120
3182 46 107 119
3183 44 13 117
3184 42 166 116
3185 40 30 114
3186 38 201 113
3187 36 49 111
3188 34 39 110
3189 32 69 109
3190 30 90 107
3191 28 139 106
3192 26 147 104
3193 24 29 104
3194 22 95 102
3195 20 42 102
3196 18 135 101
3197 55 138 126
3198 53 60 124
3199 51 15 123
3200 49 98 121
3201 47 156 120
3202 45 125 118
3203 43 143 116
3204 41 248 115
3205 39 196 114
3206 37 107 112
3207 35 250 111
3208 33 166 109
3209 31 90 109
3210 29 201 106
3211 27 147 106
3212 25 117 105
3213 23 56 103
3214 21 249 103
3215 57 165 127
3216 54 203 125
3217 52 258 124
3218 50 165 122
3219 48 211 121
3220 46 125 120
3221 44 143 118
3222 42 248 117
3223 40 67 115
3224 38 107 114
3225 36 13 112
3226 34 166 111
3227 32 233 110
3228 30 201 108
3229 28 214 107
3230 26 39 105
3231 24 56 105
3232 56 134 128
3233 55 203 127
3234 53 134 125
3235 51 165 124
3236 49 26 122
3237 47 138 121
3238 45 60 119
3239 43 258 117
3240 41 98 116
3241 39 52 115
3242 37 125 113
3243 35 120 112
3244 33 248 110
3245 31 201 110
3246 29 107 107
3247 27 39 107
3248 58 240 129
3249 57 137 128
3250 54 129 126
3251 52 208 125
3252 50 237 123
3253 48 217 122
3254 46 60 121
3255 44 258 119
3256 42 98 118
3257 40 211 116
3258 38 125 115
3259 36 143 113
3260 34 248 112
3261 32 196 111
3262 30 107 109
3263 59 240 131
3264 56 133 129
3265 55 129 128
3266 53 159 126
3267 51 237 125
3268 49 23 123
3269 47 203 122
3270 45 134 120
3271 43 208 118
3272 41 26 117
3273 39 46 116
3274 37 60 114
3275 35 5 113
3276 33 98 111
3277 61 218 132
3278 58 10 130
3279 57 144 129
3280 54 104 127
3281 52 184 126
3282 50 240 124
3283 48 20 123
3284 46 134 122
3285 44 208 120
3286 42 26 119
3287 40 217 117
3288 38 60 116
3289 36 258 114
3290 60 225 133
3291 59 10 132
3292 56 22 130
3293 55 104 129
3294 53 171 127
3295 51 240 126
3296 49 253 124
3297 47 129 123
3298 45 159 121
3299 43 184 119
3300 41 23 118
3301 39 243 117
3302 62 223 134
3303 61 223 133
3304 58 110 131
3305 57 4 130
3306 54 92 128
3307 52 183 127
3308 50 10 125
3309 48 220 124
3310 46 159 123
3311 44 184 121
3312 42 23 120
3313 63 223 136
3314 60 153 134
3315 59 110 133
3316 56 100 131
3317 55 92 130
3318 53 40 128
3319 51 10 127
3320 49 153 125
3321 47 104 124
3322 45 171 122
3323 64 40 137
3324 62 86 135
3325 61 94 134
3326 58 158 132
3327 57 22 131
3328 54 223 129
3329 52 172 128
3330 50 110 126
3331 48 53 125
3332 65 243 138
3333 63 86 137
3334 60 180 135
3335 59 158 134
3336 56 96 132
3337 55 223 131
3338 53 177 129
3339 51 110 128
3340 66 182 139
3341 64 177 138
3342 62 157 136
3343 61 70 135
3344 58 160 133
3345 56 223 133
3346 54 86 130
3347 67 182 141
3348 65 43 139
3349 63 157 138
3350 60 92 136
3351 59 160 135
3352 57 182 132
3353 68 81 142
3354 66 161 140
3355 64 106 139
3356 62 149 137
3357 61 160 136
3358 69 91 143
3359 67 161 142
3360 65 210 140
3361 63 149 139
3362 70 145 144
3363 68 102 143
3364 66 193 141
3365 71 118 145
3366 69 212 144
3367 72 118 147
3368 9 76 99
3369 10 142 99
3370 11 27 99
3371 12 221 99
3372 13 94 99
3373 14 217 99
3374 16 253 99
3375 5 64 100
3376 6 38 100
3377 7 113 100
3378 8 225 100
3379 9 134 100
3380 10 41 100
3381 13 8 100
3382 5 5 101
3383 5 5 102
3384 4 135 103
3385 5 229 103
3386 4 129 104
3387 4 129 105
3388 3 49 106
3389 4 253 106
3390 3 67 107
3391 3 67 108
3392 2 246 109
3393 3 247 109
3394 11 162 100
3395 12 35 100
3396 14 107 100
3397 15 14 100
3398 16 254 100
3399 6 168 101
3400 7 52 101
3401 8 210 101
3402 9 44 101
3403 10 123 101
3404 11 22 101
3405 12 46 101
3406 13 205 101
3407 14 132 101
3408 15 104 101
3409 17 67 101
3410 19 147 101
3411 6 55 102
3412 6 55 103
3413 5 127 104
3414 6 73 104
3415 5 104 105
3416 5 104 106
3417 4 166 107
3418 16 140 101
3419 7 184 102
3420 8 4 102
3421 9 85 102
3422 10 151 102
3423 11 253 102
3424 12 23 102
3425 13 114 102
3426 14 162 102
3427 15 86 102
3428 16 23 102
3429 17 70 102
3430 18 66 102
3431 19 115 102
3432 7 6 103
3433 8 173 103
3434 9 85 103
3435 10 225 103
3436 11 105 103
3437 18 191 103
3438 22 50 103
3439 7 79 104
3440 12 33 103
3441 13 109 103
3442 14 4 103
3443 15 79 103
3444 16 260 103
3445 17 55 103
3446 19 97 103
3447 20 17 103
3448 8 224 104
3449 9 226 104
3450 10 56 104
3451 11 127 104
3452 12 197 104
3453 13 182 104
3454 14 188 104
3455 15 59 104
3456 16 208 104
3457 17 85 104
3458 18 209 104
3459 19 142 104
3460 20 25 104
3461 21 67 104
3462 22 147 104
3463 23 197 104
3464 6 81 105
3465 7 145 105
3466 8 105 105
3467 9 252 105
3468 10 233 105
3469 11 34 105
3470 12 207 105
3471 13 208 105
3472 14 258 105
3473 15 234 105
3474 16 209 105
3475 17 18 105
3476 18 95 105
3477 19 37 105
3478 20 140 105
3479 21 197 105
3480 22 104 105
3481 23 192 105
3482 6 149 106
3483 7 127 106
3484 8 171 106
3485 9 250 106
3486 10 47 106
3487 11 58 106
3488 12 197 106
3489 13 146 106
3490 14 40 106
3491 15 85 106
3492 16 138 106
3493 17 20 106
3494 18 224 106
3495 19 191 106
3496 20 182 106
3497 21 132 106
3498 22 229 106
3499 23 62 106
3500 24 20 106
3501 25 130 106
3502 26 199 106
3503 5 89 107
3504 6 187 107
3505 7 191 107
3506 8 166 107
3507 9 90 107
3508 10 97 107
3509 11 38 107
3510 12 260 107
3511 13 108 107
3512 14 38 107
3513 15 249 107
3514 16 241 107
3515 17 140 107
3516 18 182 107
3517 19 238 107
3518 21 11 107
3519 20 50 107
3520 22 103 107
3521 23 168 107
3522 24 74 107
3523 25 16 107
3524 26 136 107
3525 4 40 108
3526 5 249 108
3527 6 256 108
3528 7 54 108
3529 8 189 108
3530 9 205 108
3531 10 206 108
3532 11 155 108
3533 12 21 108
3534 13 240 108
3535 14 172 108
3536 15 26 108
3537 16 215 108
3538 17 243 108
3539 18 103 108
3540 19 171 108
3541 20 65 108
3542 21 250 108
3543 22 97 108
3544 23 246 108
3545 24 152 108
3546 25 197 108
3547 26 257 108
3548 27 32 108
3549 28 109 108
3550 29 182 108
3551 4 141 109
3552 5 60 109
3553 6 108 109
3554 7 82 109
3555 8 24 109
3556 9 2 109
3557 10 148 109
3558 11 202 109
3559 12 17 109
3560 13 81 109
3561 14 240 109
3562 15 7 109
3563 16 237 109
3564 17 123 109
3565 18 160 109
3566 19 198 109
3567 20 163 109
3568 21 86 109
3569 22 57 109
3570 23 143 109
3571 24 129 109
3572 25 250 109
3573 26 98 109
3574 27 158 109
3575 28 249 109
3576 29 188 109
3577 2 191 110
3578 3 2 110
3579 4 107 110
3580 5 21 110
3581 6 159 110
3582 7 202 110
3583 8 79 110
3584 9 56 110
3585 10 73 110
3586 11 21 110
3587 12 59 110
3588 13 47 110
3589 14 131 110
3590 15 72 110
3591 16 260 110
3592 17 245 110
3593 18 115 110
3594 19 176 110
3595 20 10 110
3596 21 37 110
3597 22 197 110
3598 23 238 110
3599 24 197 110
3600 25 15 110
3601 26 58 110
3602 27 83 110
3603 28 79 110
3604 29 147 110
3605 30 60 110
3606 2 6 111
3607 3 153 111
3608 4 135 111
3609 5 32 111
3610 6 3 111
3611 7 134 111
3612 8 39 111
3613 9 65 111
3614 10 40 111
3615 11 30 111
3616 12 100 111
3617 13 72 111
3618 14 149 111
3619 15 108 111
3620 16 228 111
3621 17 7 111
3622 18 82 111
3623 19 8 111
3624 20 19 111
3625 21 233 111
3626 22 32 111
3627 23 195 111
3628 24 119 111
3629 25 38 111
3630 26 84 111
3631 27 5 111
3632 28 48 111
3633 29 169 111
3634 30 236 111
3635 31 92 111
3636 1 163 112
3637 2 95 112
3638 3 99 112
3639 4 198 112
3640 5 238 112
3641 6 155 112
3642 7 260 112
3643 8 82 112
3644 9 99 112
3645 10 77 112
3646 11 130 112
3647 12 94 112
3648 13 106 112
3649 14 139 112
3650 15 134 112
3651 16 198 112
3652 17 44 112
3653 18 92 112
3654 19 82 112
3655 20 93 112
3656 21 77 112
3657 22 135 112
3658 23 8 112
3659 24 129 112
3660 25 105 112
3661 26 230 112
3662 27 224 112
3663 28 203 112
3664 29 70 112
3665 30 42 112
3666 31 260 112
3667 32 17 112
3668 33 259 112
3669 1 177 113
3670 2 198 113
3671 3 145 113
3672 4 117 113
3673 5 145 113
3674 6 75 113
3675 7 88 113
3676 8 227 113
3677 9 39 113
3678 10 178 113
3679 11 31 113
3680 12 221 113
3681 13 217 113
3682 14 181 113
3683 15 29 113
3684 16 214 113
3685 17 70 113
3686 18 238 113
3687 19 108 113
3688 20 69 113
3689 21 90 113
3690 22 51 113
3691 23 237 113
3692 24 97 113
3693 25 165 113
3694 26 199 113
3695 27 163 113
3696 28 90 113
3697 29 43 113
3698 30 176 113
3699 31 201 113
3700 32 107 113
3701 33 135 113
3702 34 261 113
3703 1 125 114
3704 2 82 114
3705 3 9 114
3706 4 99 114
3707 5 246 114
3708 6 77 114
3709 7 91 114
3710 8 189 114
3711 9 11 114
3712 10 104 114
3713 11 183 114
3714 12 155 114
3715 13 111 114
3716 14 186 114
3717 15 57 114
3718 16 205 114
3719 17 38 114
3720 18 64 114
3721 19 117 114
3722 20 126 114
3723 21 190 114
3724 22 227 114
3725 23 146 114
3726 24 6 114
3727 25 134 114
3728 26 12 114
3729 27 62 114
3730 28 227 114
3731 29 144 114
3732 30 145 114
3733 31 152 114
3734 32 87 114
3735 33 128 114
3736 34 84 114
3737 35 167 114
3738 0 234 115
3739 1 119 115
3740 2 15 115
3741 3 62 115
3742 4 238 115
3743 5 96 115
3744 6 234 115
3745 7 254 115
3746 8 258 115
3747 9 207 115
3748 10 84 115
3749 11 142 115
3750 12 137 115
3751 13 150 115
3752 14 68 115
3753 15 124 115
3754 16 73 115
3755 17 231 115
3756 18 131 115
3757 19 79 115
3758 20 232 115
3759 21 91 115
3760 22 210 115
3761 23 260 115
3762 24 38 115
3763 25 145 115
3764 26 196 115
3765 27 114 115
3766 28 80 115
3767 29 221 115
3768 30 1 115
3769 31 78 115
3770 32 16 115
3771 33 31 115
3772 34 79 115
3773 35 65 115
3774 36 14 115
3775 37 142 115
3776 0 150 116
3777 1 106 116
3778 2 247 116
3779 3 243 116
3780 4 4 116
3781 5 78 116
3782 6 56 116
3783 7 93 116
3784 8 90 116
3785 9 240 116
3786 10 139 116
3787 11 176 116
3788 12 56 116
3789 13 94 116
3790 14 1 116
3791 15 18 116
3792 16 254 116
3793 17 182 116
3794 18 138 116
3795 19 188 116
3796 20 88 116
3797 21 103 116
3798 22 17 116
3799 23 261 116
3800 24 55 116
3801 25 34 116
3802 26 183 116
3803 27 188 116
3804 28 245 116
3805 29 18 116
3806 30 37 116
3807 31 134 116
3808 32 156 116
3809 33 260 116
3810 34 197 116
3811 35 206 116
3812 36 161 116
3813 37 97 116
3814 0 81 117
3815 1 100 117
3816 2 203 117
3817 3 38 117
3818 4 83 117
3819 5 211 117
3820 6 37 117
3821 7 95 117
3822 8 250 117
3823 9 218 117
3824 10 213 117
3825 11 15 117
3826 12 249 117
3827 13 62 117
3828 14 210 117
3829 15 44 117
3830 16 51 117
3831 17 233 117
3832 18 165 117
3833 19 19 117
3834 20 200 117
3835 21 3 117
3836 22 200 117
3837 23 85 117
3838 24 111 117
3839 25 19 117
3840 26 132 117
3841 27 231 117
3842 28 198 117
3843 29 74 117
3844 30 36 117
3845 31 238 117
3846 32 13 117
3847 33 22 117
3848 34 57 117
3849 35 73 117
3850 36 174 117
3851 37 186 117
3852 38 131 117
3853 0 221 118
3854 1 191 118
3855 2 233 118
3856 3 54 118
3857 4 121 118
3858 5 172 118
3859 6 176 118
3860 7 69 118
3861 8 179 118
3862 9 213 118
3863 10 28 118
3864 11 85 118
3865 12 114 118
3866 13 152 118
3867 14 116 118
3868 15 40 118
3869 16 244 118
3870 17 6 118
3871 18 11 118
3872 19 213 118
3873 20 209 118
3874 21 257 118
3875 22 9 118
3876 23 217 118
3877 24 58 118
3878 25 56 118
3879 26 236 118
3880 27 223 118
3881 28 49 118
3882 29 227 118
3883 30 46 118
3884 31 144 118
3885 32 153 118
3886 33 195 118
3887 34 218 118
3888 35 72 118
3889 36 205 118
3890 37 232 118
3891 38 66 118
3892 39 251 118
3893 40 160 118
3894 0 98 119
3895 1 211 119
3896 2 46 119
3897 3 23 119
3898 4 244 119
3899 5 249 119
3900 6 205 119
3901 7 6 119
3902 8 121 119
3903 9 62 119
3904 10 157 119
3905 11 89 119
3906 12 135 119
3907 13 117 119
3908 14 207 119
3909 15 132 119
3910 16 135 119
3911 17 105 119
3912 18 89 119
3913 19 97 119
3914 20 260 119
3915 21 44 119
3916 22 52 119
3917 23 246 119
3918 24 81 119
3919 25 145 119
3920 26 155 119
3921 27 45 119
3922 28 84 119
3923 29 172 119
3924 30 6 119
3925 31 8 119
3926 32 77 119
3927 33 163 119
3928 34 169 119
3929 39 76 119
3930 35 254 119
3931 36 146 119
3932 37 205 119
3933 38 38 119
3934 40 191 119
3935 41 134 119
3936 0 198 120
3937 1 85 120
3938 2 232 120
3939 3 196 120
3940 4 10 120
3941 5 25 120
3942 6 143 120
3943 7 17 120
3944 8 188 120
3945 9 83 120
3946 10 91 120
3947 11 30 120
3948 12 99 120
3949 13 89 120
3950 14 71 120
3951 15 166 120
3952 16 179 120
3953 17 144 120
3954 18 60 120
3955 19 35 120
3956 20 191 120
3957 21 179 120
3958 22 170 120
3959 23 189 120
3960 24 38 120
3961 25 31 120
3962 26 217 120
3963 27 97 120
3964 28 50 120
3965 29 146 120
3966 30 252 120
3967 31 242 120
3968 32 189 120
3969 33 113 120
3970 34 101 120
3971 35 108 120
3972 36 23 120
3973 37 34 120
3974 38 173 120
3975 39 23 120
3976 40 13 120
3977 41 118 120
3978 43 21 120
3979 0 79 121
3980 1 151 121
3981 2 195 121
3982 3 103 121
3983 4 165 121
3984 5 67 121
3985 6 110 121
3986 7 126 121
3987 8 30 121
3988 9 84 121
3989 10 196 121
3990 11 260 121
3991 12 213 121
3992 13 83 121
3993 14 148 121
3994 15 156 121
3995 16 106 121
3996 17 81 121
3997 18 139 121
3998 19 17 121
3999 20 175 121
4000 21 249 121
4001 22 210 121
4002 23 205 121
4003 24 63 121
4004 25 187 121
4005 26 129 121
4006 27 249 121
4007 28 127 121
4008 29 231 121
4009 30 111 121
4010 31 214 121
4011 32 217 121
4012 33 14 121
4013 34 198 121
4014 35 153 121
4015 36 107 121
4016 37 142 121
4017 38 250 121
4018 39 215 121
4019 40 34 121
4020 41 124 121
4021 42 262 121
4022 43 116 121
4023 0 120 122
4024 1 1 122
4025 2 153 122
4026 3 253 122
4027 4 77 122
4028 5 173 122
4029 6 211 122
4030 7 151 122
4031 8 261 122
4032 9 45 122
4033 10 106 122
4034 11 234 122
4035 12 114 122
4036 13 236 122
4037 14 93 122
4038 15 244 122
4039 16 30 122
4040 17 16 122
4041 18 241 122
4042 19 72 122
4043 20 76 122
4044 21 219 122
4045 22 221 122
4046 23 165 122
4047 24 179 122
4048 25 164 122
4049 26 95 122
4050 27 87 122
4051 28 142 122
4052 29 8 122
4053 30 61 122
4054 31 22 122
4055 32 226 122
4056 33 85 122
4057 34 220 122
4058 35 195 122
4059 36 118 122
4060 37 65 122
4061 38 127 122
4062 39 72 122
4063 40 256 122
4064 41 21 122
4065 42 221 122
4066 43 8 122
4067 44 125 122
4068 0 95 123
4069 1 242 123
4070 2 216 123
4071 3 242 123
4072 4 16 123
4073 5 30 123
4074 6 30 123
4075 7 238 123
4076 8 2 123
4077 9 210 123
4078 10 74 123
4079 11 128 123
4080 12 113 123
4081 13 30 123
4082 14 123 123
4083 15 149 123
4084 16 64 123
4085 17 190 123
4086 18 262 123
4087 19 152 123
4088 20 137 123
4089 21 16 123
4090 22 169 123
4091 23 167 123
4092 24 168 123
4093 25 107 123
4094 26 82 123
4095 27 57 123
4096 28 42 123
4097 29 18 123
4098 30 103 123
4099 31 43 123
4100 32 209 123
4101 33 244 123
4102 34 210 123
4103 45 155 123
4104 44 155 123
4105 35 153 123
4106 36 202 123
4107 42 232 123
4108 37 35 123
4109 39 16 123
4110 38 131 123
4111 40 152 123
4112 41 134 123
4113 43 57 123
4114 0 231 124
4115 1 9 124
4116 2 126 124
4117 3 102 124
4118 4 260 124
4119 5 143 124
4120 6 231 124
4121 7 238 124
4122 8 146 124
4123 9 54 124
4124 10 156 124
4125 11 34 124
4126 12 174 124
4127 13 144 124
4128 14 60 124
4129 15 253 124
4130 16 261 124
4131 17 252 124
4132 18 118 124
4133 19 39 124
4134 20 7 124
4135 46 108 124
4136 45 36 124
4137 21 23 124
4138 22 42 124
4139 42 223 124
4140 23 56 124
4141 24 29 124
4142 25 96 124
4143 39 170 124
4144 38 139 124
4145 26 206 124
4146 27 67 124
4147 28 153 124
4148 29 41 124
4149 30 5 124
4150 31 63 124
4151 32 145 124
4152 33 221 124
4153 34 87 124
4154 35 87 124
4155 36 90 124
4156 37 104 124
4157 40 135 124
4158 41 177 124
4159 43 88 124
4160 44 144 124
4161 0 91 125
4162 1 166 125
4163 2 195 125
4164 3 55 125
4165 4 157 125
4166 47 209 125
4167 46 227 125
4168 5 50 125
4169 6 105 125
4170 44 251 125
4171 7 175 125
4172 8 28 125
4173 9 214 125
4174 10 39 125
4175 39 31 125
4176 11 151 125
4177 12 128 125
4178 13 104 125
4179 14 233 125
4180 16 69 125
4181 15 202 125
4182 17 255 125
4183 32 127 125
4184 18 193 125
4185 19 249 125
4186 30 261 125
4187 20 247 125
4188 21 170 125
4189 22 259 125
4190 24 39 125
4191 25 196 125
4192 23 111 125
4193 26 67 125
4194 27 46 125
4195 28 216 125
4196 48 145 126
4197 47 18 126
4198 45 3 125
4199 0 56 126
4200 45 4 126
4201 42 219 125
4202 43 15 125
4203 1 90 126
4204 41 147 125
4205 40 147 125
4206 38 165 125
4207 2 201 126
4208 38 220 126
4209 36 55 125
4210 35 212 125
4211 37 7 125
4212 34 195 125
4213 33 65 125
4214 31 133 125
4215 3 60 126
4216 4 143 126
4217 29 127 125
4218 5 12 126
4219 6 83 126
4220 7 86 126
4221 8 244 126
4222 24 49 126
4223 9 29 126
4224 25 225 126
4225 49 136 126
4226 48 127 127
4227 46 260 126
4228 0 14 127
4229 46 259 127
4230 44 262 126
4231 42 115 126
4232 1 154 127
4233 43 25 126
4234 41 214 126
4235 39 156 126
4236 40 214 126
4237 2 70 127
4238 31 62 126
4239 36 157 126
4240 37 229 126
4241 35 17 126
4242 34 198 126
4243 32 164 126
4244 33 66 126
4245 3 172 127
4246 30 219 126
4247 27 82 126
4248 4 240 127
4249 28 146 126
4250 29 58 126
4251 26 65 126
4252 5 31 127
4253 50 195 127
4254 49 130 127
4255 47 133 127
4256 0 135 128
4257 47 2 128
4258 45 88 127
4259 44 88 127
4260 1 170 128
4261 42 183 127
4262 43 50 127
4263 39 4 127
4264 41 104 127
4265 40 104 127
4266 38 106 127
4267 6 58 127
4268 2 165 128
4269 36 123 127
4270 35 82 127
4271 32 238 127
4272 34 197 127
4273 33 241 127
4274 31 44 127
4275 30 190 127
4276 37 86 127
4277 27 125 127
4278 28 39 127
4279 24 91 127
4280 51 195 129
4281 50 198 128
4282 48 164 128
4283 49 132 128
4284 0 62 129
4285 46 175 128
4286 45 146 128
4287 1 174 129
4288 44 146 128
4289 42 54 128
4290 3 192 128
4291 43 162 128
4292 41 53 128
4293 39 105 128
4294 38 140 128
4295 40 130 128
4296 4 222 128
4297 36 222 128
4298 5 215 128
4299 35 148 128
4300 34 22 128
4301 32 252 128
4302 31 73 128
4303 33 34 128
4304 30 112 128
4305 29 138 127
4306 52 246 129
4307 51 198 130
4308 48 229 129
4309 50 197 129
4310 49 219 129
4311 47 44 129
4312 46 117 129
4313 0 229 130
4314 45 39 129
4315 44 39 129
4316 2 84 129
4317 42 109 129
4318 43 196 129
4319 3 227 129
4320 39 228 129
4321 40 70 129
4322 38 41 129
4323 37 74 128
4324 4 170 129
4325 36 189 129
4326 35 126 129
4327 5 228 129
4328 32 179 129
4329 33 56 129
4330 31 151 129
4331 53 181 130
4332 52 181 130
4333 1 98 130
4334 0 261 131
4335 50 22 130
4336 48 252 130
4337 47 73 130
4338 49 79 130
4339 46 224 130
4340 45 250 130
4341 2 21 130
4342 44 250 130
4343 42 61 130
4344 41 114 129
4345 3 231 130
4346 41 152 130
4347 39 187 130
4348 38 74 130
4349 4 174 130
4350 37 63 129
4351 36 200 130
4352 34 221 129
4353 5 73 130
4354 34 207 130
4355 54 41 131
4356 53 115 131
4357 51 148 131
4358 52 115 131
4359 0 197 132
4360 1 70 131
4361 48 179 131
4362 49 112 131
4363 47 151 131
4364 46 13 131
4365 2 71 131
4366 45 92 131
4367 44 92 131
4368 43 138 130
4369 3 255 131
4370 42 63 131
4371 40 225 130
4372 39 113 131
4373 4 175 131
4374 38 63 131
4375 37 242 130
4376 35 142 130
4377 5 84 131
4378 55 222 132
4379 54 74 132
4380 51 252 132
4381 53 137 132
4382 52 137 132
4383 50 221 131
4384 1 163 132
4385 50 207 132
4386 48 28 132
4387 47 125 132
4388 2 215 132
4389 46 171 132
4390 45 57 132
4391 43 226 131
4392 3 261 132
4393 42 60 132
4394 41 188 131
4395 40 188 131
4396 4 241 132
4397 39 50 132
4398 38 242 132
4399 36 192 131
4400 57 117 133
4401 55 189 133
4402 0 189 133
4403 54 63 133
4404 53 42 133
4405 51 221 133
4406 1 238 133
4407 52 161 133
4408 49 97 132
4409 48 166 133
4410 2 251 133
4411 47 46 133
4412 46 206 133
4413 44 183 132
4414 3 131 133
4415 44 244 133
4416 43 75 132
4417 41 25 132
4418 4 126 133
4419 40 25 132
4420 39 71 133
4421 56 203 134
4422 57 149 134
4423 0 113 134
4424 55 200 134
4425 54 242 134
4426 1 107 134
4427 51 14 134
4428 52 249 134
4429 50 83 133
4430 49 143 133
4431 2 260 134
4432 48 120 134
4433 47 160 134
4434 45 202 133
4435 3 230 134
4436 45 94 134
4437 42 108 133
4438 43 83 133
4439 4 163 134
4440 41 167 133
4441 58 75 134
4442 56 256 135
4443 0 94 135
4444 57 184 135
4445 55 21 135
4446 53 135 134
4447 1 245 135
4448 53 180 135
4449 51 83 135
4450 50 60 134
4451 2 65 135
4452 49 40 134
4453 48 223 135
4454 46 61 134
4455 3 189 135
4456 46 169 135
4457 44 108 134
4458 42 258 134
4459 4 238 135
4460 59 75 136
4461 58 238 135
4462 0 155 136
4463 56 253 136
4464 57 18 136
4465 54 64 135
4466 1 127 136
4467 54 173 136
4468 52 218 135
4469 51 60 136
4470 2 82 136
4471 50 243 135
4472 49 162 135
4473 47 101 135
4474 3 113 136
4475 47 47 136
4476 45 227 135
4477 44 227 135
4478 60 257 137
4479 59 238 137
4480 0 236 137
4481 58 96 136
4482 56 138 137
4483 55 199 136
4484 1 229 137
4485 55 90 137
4486 53 15 136
4487 52 15 136
4488 2 152 137
4489 51 243 137
4490 50 182 136
4491 48 172 136
4492 49 209 136
4493 3 132 137
4494 46 36 136
4495 61 76 137
4496 60 229 138
4497 0 59 138
4498 59 96 138
4499 58 231 137
4500 57 202 137
4501 1 123 138
4502 56 71 138
4503 54 124 137
4504 53 258 137
4505 2 38 138
4506 52 258 137
4507 51 182 138
4508 48 92 137
4509 50 27 137
4510 49 18 137
4511 62 36 138
4512 61 84 138
4513 0 212 139
4514 60 127 139
4515 59 231 139
4516 57 32 138
4517 58 186 138
4518 1 117 139
4519 55 139 138
4520 54 134 138
4521 2 141 139
4522 53 177 138
4523 52 177 138
4524 3 236 138
4525 3 236 139
4526 63 36 140
4527 62 251 139
4528 0 53 140
4529 61 90 139
4530 60 129 140
4531 56 171 139
4532 1 57 140
4533 58 201 139
4534 56 139 140
4535 55 129 139
4536 57 215 139
4537 54 43 139
4538 53 204 139
4539 51 59 139
4540 64 18 140
4541 63 251 141
4542 0 79 141
4543 62 4 140
4544 61 18 140
4545 59 85 140
4546 1 80 141
4547 59 201 141
4548 2 262 140
4549 57 49 140
4550 58 44 140
4551 55 220 140
4552 54 161 140
4553 65 257 141
4554 64 257 141
4555 0 217 142
4556 63 4 142
4557 62 174 141
4558 60 178 141
4559 61 58 141
4560 1 76 142
4561 2 191 141
4562 56 43 141
4563 58 110 141
4564 57 4 141
4565 66 133 142
4566 65 2 142
4567 0 120 143
4568 64 2 142
4569 63 174 143
4570 60 89 142
4571 62 205 142
4572 61 28 142
4573 59 214 142
4574 2 55 142
4575 1 51 143
4576 67 130 143
4577 66 131 143
4578 0 30 144
4579 65 87 143
4580 64 87 143
4581 2 232 143
4582 1 67 144
4583 62 107 143
4584 60 182 143
4585 59 104 143
4586 68 198 144
4587 67 132 144
4588 0 139 145
4589 66 44 144
4590 65 234 144
4591 63 146 144
4592 64 234 144
4593 1 66 145
4594 61 135 143
4595 69 197 145
4596 68 197 145
4597 70 50 145
4598 67 219 145
4599 66 73 145
4600 63 246 145
4601 65 185 145
4602 64 185 145
4603 0 45 146
4604 69 22 146
4605 70 241 146
4606 68 22 146
4607 67 190 146
4608 1 112 146
4609 66 151 146
4610 71 74 146
4611 0 146 147
4612 71 11 147
4613 69 168 147
4614 68 168 147
4615 1 28 147
4616 72 74 148
4617 0 168 148
4618 73 182 148
4619 70 42 147
4620 69 207 148
4621 0 220 149
4622 72 63 149
4623 73 179 149
4624 71 242 148
4625 74 200 150
4626 0 142 150
4627 75 65 150
4628 0 87 151
4629 74 21 151
4630 76 25 152
4631 10 54 126
4632 11 63 126
4633 12 38 126
4634 13 66 126
4635 14 3 126
4636 15 45 126
4637 16 124 126
4638 17 182 126
4639 18 5 126
4640 19 7 126
4641 20 217 126
4642 21 244 126
4643 22 202 126
4644 23 113 126
4645 7 41 127
4646 8 51 127
4647 9 32 127
4648 10 67 127
4649 11 122 127
4650 12 232 127
4651 13 157 127
4652 14 54 127
4653 15 128 127
4654 16 242 127
4655 17 172 127
4656 18 230 127
4657 19 202 127
4658 20 193 127
4659 21 222 127
4660 22 5 127
4661 23 109 127
4662 25 82 127
4663 26 181 127
4664 6 206 128
4665 7 52 128
4666 8 240 128
4667 9 217 128
4668 10 112 128
4669 11 250 128
4670 12 243 128
4671 13 225 128
4672 14 186 128
4673 15 142 128
4674 16 121 128
4675 17 95 128
4676 18 166 128
4677 19 175 128
4678 20 200 128
4679 21 120 128
4680 22 68 128
4681 23 205 128
4682 24 201 128
4683 25 182 128
4684 26 83 128
4685 27 126 128
4686 28 127 128
4687 29 246 128
4688 6 53 129
4689 7 146 129
4690 8 75 129
4691 9 152 129
4692 10 115 129
4693 11 156 129
4694 12 114 129
4695 13 64 129
4696 14 15 129
4697 16 218 129
4698 15 225 129
4699 17 205 129
4700 18 4 129
4701 19 94 129
4702 20 31 129
4703 21 170 129
4704 22 8 129
4705 23 13 129
4706 24 121 129
4707 25 39 129
4708 26 123 129
4709 27 92 129
4710 28 261 129
4711 29 29 129
4712 30 184 129
4713 6 119 130
4714 7 191 130
4715 8 86 130
4716 9 224 130
4717 10 251 130
4718 11 215 130
4719 12 195 130
4720 13 245 130
4721 14 92 130
4722 16 172 130
4723 15 241 130
4724 17 15 130
4725 18 66 130
4726 19 226 130
4727 20 17 130
4728 21 255 130
4729 22 162 130
4730 23 114 130
4731 24 52 130
4732 25 259 130
4733 26 51 130
4734 27 38 130
4735 28 55 130
4736 29 19 130
4737 30 47 130
4738 31 185 130
4739 32 12 130
4740 33 49 130
4741 6 29 131
4742 7 117 131
4743 8 161 131
4744 9 195 131
4745 10 221 131
4746 11 127 131
4747 12 120 131
4748 13 5 131
4749 14 19 131
4750 15 259 131
4751 16 77 131
4752 17 166 131
4753 18 242 131
4754 19 234 131
4755 20 16 131
4756 21 188 131
4757 22 72 131
4758 23 163 131
4759 24 254 131
4760 25 173 131
4761 26 140 131
4762 27 38 131
4763 28 9 131
4764 29 191 131
4765 30 25 131
4766 31 239 131
4767 32 57 131
4768 33 3 131
4769 34 119 131
4770 35 1 131
4771 37 100 131
4772 5 155 132
4773 6 11 132
4774 7 201 132
4775 8 184 132
4776 9 122 132
4777 10 117 132
4778 11 14 132
4779 12 163 132
4780 13 82 132
4781 14 54 132
4782 15 13 132
4783 16 98 132
4784 17 68 132
4785 18 200 132
4786 19 213 132
4787 20 86 132
4788 21 159 132
4789 22 248 132
4790 23 223 132
4791 24 249 132
4792 25 172 132
4793 26 29 132
4794 27 32 132
4795 28 181 132
4796 29 136 132
4797 30 9 132
4798 31 230 132
4799 32 209 132
4800 33 18 132
4801 34 244 132
4802 35 180 132
4803 36 237 132
4804 37 158 132
4805 5 25 133
4806 6 98 133
4807 7 86 133
4808 8 169 133
4809 9 175 133
4810 10 103 133
4811 11 7 133
4812 12 82 133
4813 13 226 133
4814 14 1 133
4815 15 257 133
4816 16 211 133
4817 17 244 133
4818 18 137 133
4819 19 163 133
4820 20 151 133
4821 21 68 133
4822 22 87 133
4823 23 104 133
4824 24 234 133
4825 25 77 133
4826 26 181 133
4827 28 14 133
4828 27 144 133
4829 29 179 133
4830 30 15 133
4831 31 248 133
4832 32 94 133
4833 33 14 133
4834 34 164 133
4835 35 262 133
4836 36 221 133
4837 37 165 133
4838 38 163 133
4839 40 101 133
4840 5 102 134
4841 6 22 134
4842 7 262 134
4843 8 165 134
4844 9 217 134
4845 10 66 134
4846 11 77 134
4847 12 170 134
4848 13 77 134
4849 14 23 134
4850 15 220 134
4851 16 218 134
4852 17 229 134
4853 18 97 134
4854 19 101 134
4855 20 183 134
4856 21 93 134
4857 22 58 134
4858 23 149 134
4859 24 212 134
4860 25 131 134
4861 26 100 134
4862 27 99 134
4863 28 216 134
4864 29 78 134
4865 30 76 134
4866 31 223 134
4867 32 16 134
4868 33 124 134
4869 34 129 134
4870 35 188 134
4871 36 205 134
4872 37 237 134
4873 38 237 134
4874 39 65 134
4875 40 244 134
4876 41 246 134
4877 43 228 134
4878 5 151 135
4879 6 220 135
4880 7 253 135
4881 8 194 135
4882 9 7 135
4883 10 97 135
4884 11 72 135
4885 12 190 135
4886 13 220 135
4887 14 126 135
4888 15 26 135
4889 16 142 135
4890 17 195 135
4891 18 103 135
4892 19 105 135
4893 20 193 135
4894 21 209 135
4895 22 185 135
4896 23 229 135
4897 24 164 135
4898 25 87 135
4899 26 160 135
4900 27 171 135
4901 28 167 135
4902 29 90 135
4903 30 114 135
4904 31 199 135
4905 32 227 135
4906 33 13 135
4907 34 138 135
4908 35 141 135
4909 36 156 135
4910 37 217 135
4911 38 212 135
4912 39 244 135
4913 40 67 135
4914 41 15 135
4915 42 30 135
4916 43 185 135
4917 4 124 136
4918 5 78 136
4919 6 257 136
4920 7 253 136
4921 8 127 136
4922 9 23 136
4923 10 90 136
4924 11 238 136
4925 12 142 136
4926 13 85 136
4927 14 262 136
4928 15 223 136
4929 16 244 136
4930 17 232 136
4931 18 230 136
4932 19 191 136
4933 20 258 136
4934 21 129 136
4935 22 31 136
4936 23 115 136
4937 24 111 136
4938 25 160 136
4939 26 16 136
4940 27 255 136
4941 28 155 136
4942 29 149 136
4943 30 189 136
4944 31 9 136
4945 32 16 136
4946 33 73 136
4947 34 261 136
4948 35 14 136
4949 36 116 136
4950 37 221 136
4951 38 143 136
4952 39 36 136
4953 40 96 136
4954 41 45 136
4955 42 173 136
4956 43 243 136
4957 44 121 136
4958 45 41 136
4959 4 68 137
4960 5 190 137
4961 6 135 137
4962 7 234 137
4963 8 175 137
4964 9 88 137
4965 10 256 137
4966 11 237 137
4967 12 5 137
4968 13 145 137
4969 14 228 137
4970 15 243 137
4971 16 52 137
4972 17 163 137
4973 18 37 137
4974 19 125 137
4975 20 18 137
4976 21 89 137
4977 22 130 137
4978 23 55 137
4979 24 203 137
4980 25 92 137
4981 26 207 137
4982 27 206 137
4983 28 195 137
4984 29 5 137
4985 30 108 137
4986 31 16 137
4987 32 140 137
4988 33 192 137
4989 34 157 137
4990 35 158 137
4991 36 100 137
4992 37 242 137
4993 38 104 137
4994 39 152 137
4995 40 55 137
4996 41 1 137
4997 42 17 137
4998 43 205 137
4999 44 110 137
5000 45 141 137
5001 46 162 137
5002 47 81 137
5003 4 207 138
5004 5 213 138
5005 6 44 138
5006 7 156 138
5007 8 38 138
5008 9 164 138
5009 10 111 138
5010 11 47 138
5011 12 173 138
5012 13 223 138
5013 14 167 138
5014 15 88 138
5015 16 247 138
5016 17 158 138
5017 18 13 138
5018 19 130 138
5019 20 259 138
5020 21 14 138
5021 22 58 138
5022 23 253 138
5023 24 214 138
5024 25 245 138
5025 26 72 138
5026 27 15 138
5027 28 97 138
5028 29 12 138
5029 30 183 138
5030 31 179 138
5031 32 79 138
5032 33 65 138
5033 34 184 138
5034 35 99 138
5035 36 132 138
5036 37 126 138
5037 38 176 138
5038 39 159 138
5039 40 251 138
5040 41 60 138
5041 42 208 138
5042 43 70 138
5043 44 173 138
5044 45 133 138
5045 46 232 138
5046 47 225 138
5047 48 31 138
5048 49 160 138
5049 50 30 138
5050 4 103 139
5051 5 153 139
5052 6 146 139
5053 7 244 139
5054 8 232 139
5055 9 92 139
5056 10 63 139
5057 11 218 139
5058 12 90 139
5059 13 95 139
5060 14 165 139
5061 15 51 139
5062 16 191 139
5063 17 5 139
5064 18 109 139
5065 19 10 139
5066 20 92 139
5067 21 165 139
5068 22 224 139
5069 23 99 139
5070 24 27 139
5071 25 69 139
5072 26 103 139
5073 27 216 139
5074 28 26 139
5075 29 2 139
5076 30 85 139
5077 31 57 139
5078 32 30 139
5079 33 203 139
5080 34 156 139
5081 35 19 139
5082 36 21 139
5083 37 75 139
5084 38 49 139
5085 39 63 139
5086 40 10 139
5087 41 227 139
5088 42 131 139
5089 43 80 139
5090 44 180 139
5091 45 213 139
5092 46 143 139
5093 47 94 139
5094 48 115 139
5095 49 117 139
5096 50 262 139
5097 52 139 139
5098 3 262 140
5099 4 154 140
5100 5 6 140
5101 6 121 140
5102 7 204 140
5103 8 182 140
5104 9 152 140
5105 10 73 140
5106 11 128 140
5107 12 23 140
5108 13 141 140
5109 14 60 140
5110 15 229 140
5111 16 114 140
5112 17 248 140
5113 18 150 140
5114 19 129 140
5115 20 255 140
5116 21 54 140
5117 22 173 140
5118 23 29 140
5119 24 239 140
5120 26 245 140
5121 25 67 140
5122 27 60 140
5123 28 124 140
5124 29 97 140
5125 30 77 140
5126 31 13 140
5127 32 101 140
5128 33 141 140
5129 34 125 140
5130 35 37 140
5131 36 219 140
5132 37 191 140
5133 38 196 140
5134 39 250 140
5135 40 26 140
5136 41 192 140
5137 42 46 140
5138 43 226 140
5139 44 106 140
5140 45 175 140
5141 46 57 140
5142 47 213 140
5143 48 115 140
5144 49 141 140
5145 50 87 140
5146 51 202 140
5147 52 2 140
5148 53 239 140
5149 3 199 141
5150 4 63 141
5151 5 111 141
5152 6 41 141
5153 7 38 141
5154 8 187 141
5155 9 212 141
5156 10 90 141
5157 11 167 141
5158 12 169 141
5159 13 34 141
5160 14 180 141
5161 15 190 141
5162 16 117 141
5163 17 211 141
5164 18 113 141
5165 19 254 141
5166 20 201 141
5167 21 197 141
5168 22 123 141
5169 23 243 141
5170 25 149 141
5171 24 156 141
5172 26 236 141
5173 27 258 141
5174 28 24 141
5175 30 165 141
5176 29 59 141
5177 31 79 141
5178 32 152 141
5179 33 259 141
5180 34 86 141
5181 35 136 141
5182 36 242 141
5183 37 244 141
5184 38 241 141
5185 39 148 141
5186 40 210 141
5187 41 130 141
5188 42 245 141
5189 43 193 141
5190 44 74 141
5191 45 232 141
5192 46 218 141
5193 47 159 141
5194 48 141 141
5195 49 33 141
5196 50 156 141
5197 51 136 141
5198 52 194 141
5199 53 75 141
5200 54 205 141
5201 55 230 141
5202 3 91 142
5203 4 247 142
5204 5 16 142
5205 6 204 142
5206 7 43 142
5207 8 207 142
5208 9 136 142
5209 10 115 142
5210 11 92 142
5211 12 162 142
5212 13 203 142
5213 14 52 142
5214 15 56 142
5215 16 59 142
5216 17 163 142
5217 18 127 142
5218 19 77 142
5219 20 117 142
5220 21 8 142
5221 22 29 142
5222 23 141 142
5223 24 93 142
5224 25 25 142
5225 26 198 142
5226 27 12 142
5227 28 78 142
5228 29 154 142
5229 30 72 142
5230 31 44 142
5231 32 22 142
5232 33 34 142
5233 34 50 142
5234 35 84 142
5235 36 19 142
5236 37 38 142
5237 38 118 142
5238 39 143 142
5239 40 59 142
5240 41 81 142
5241 42 238 142
5242 43 94 142
5243 44 71 142
5244 45 26 142
5245 46 229 142
5246 47 225 142
5247 48 83 142
5248 49 110 142
5249 50 252 142
5250 51 44 142
5251 52 250 142
5252 53 116 142
5253 54 150 142
5254 55 93 142
5255 56 89 142
5256 57 8 142
5257 58 17 142
5258 3 230 143
5259 4 211 143
5260 5 67 143
5261 6 175 143
5262 7 56 143
5263 8 242 143
5264 9 212 143
5265 10 194 143
5266 11 99 143
5267 12 145 143
5268 13 196 143
5269 14 117 143
5270 15 158 143
5271 16 221 143
5272 17 164 143
5273 18 213 143
5274 19 74 143
5275 20 157 143
5276 21 72 143
5277 22 207 143
5278 23 101 143
5279 24 164 143
5280 25 110 143
5281 26 16 143
5282 27 47 143
5283 28 24 143
5284 29 256 143
5285 30 36 143
5286 31 216 143
5287 32 55 143
5288 33 103 143
5289 34 237 143
5290 35 217 143
5291 36 241 143
5292 37 12 143
5293 38 23 143
5294 39 80 143
5295 40 249 143
5296 41 211 143
5297 42 75 143
5298 43 171 143
5299 44 211 143
5300 45 221 143
5301 46 115 143
5302 47 66 143
5303 48 197 143
5304 49 219 143
5305 50 245 143
5306 51 93 143
5307 52 69 143
5308 53 112 143
5309 54 123 143
5310 55 159 143
5311 56 130 143
5312 57 235 143
5313 58 162 143
5314 2 221 144
5315 3 145 144
5316 4 13 144
5317 5 61 144
5318 6 2 144
5319 7 37 144
5320 8 222 144
5321 9 89 144
5322 10 34 144
5323 11 175 144
5324 12 77 144
5325 13 56 144
5326 14 36 144
5327 15 206 144
5328 16 189 144
5329 17 138 144
5330 18 18 144
5331 2 49 145
5332 19 199 144
5333 2 156 146
5334 20 11 144
5335 21 128 144
5336 22 152 144
5337 23 154 144
5338 24 69 144
5339 25 172 144
5340 26 194 144
5341 27 32 144
5342 28 162 144
5343 29 204 144
5344 30 55 144
5345 31 48 144
5346 32 51 144
5347 33 220 144
5348 34 55 144
5349 35 164 144
5350 36 69 144
5351 37 143 144
5352 38 207 144
5353 39 190 144
5354 40 55 144
5355 41 223 144
5356 42 1 144
5357 43 119 144
5358 44 211 144
5359 45 118 144
5360 46 211 144
5361 47 72 144
5362 48 197 144
5363 49 203 144
5364 50 232 144
5365 51 99 144
5366 52 91 144
5367 53 56 144
5368 54 241 144
5369 55 199 144
5370 56 22 144
5371 57 213 144
5372 58 176 144
5373 3 102 145
5374 59 205 144
5375 60 109 144
5376 61 248 144
5377 62 233 144
5378 4 145 145
5379 5 42 145
5380 6 131 145
5381 7 123 145
5382 8 15 145
5383 9 128 145
5384 10 113 145
5385 11 223 145
5386 12 99 145
5387 13 33 145
5388 14 11 145
5389 15 64 145
5390 16 225 145
5391 17 74 145
5392 18 235 145
5393 19 101 145
5394 20 53 145
5395 21 77 145
5396 22 61 145
5397 23 253 145
5398 24 157 145
5399 25 204 145
5400 26 59 145
5401 27 181 145
5402 28 251 145
5403 29 72 145
5404 30 49 145
5405 31 88 145
5406 32 82 145
5407 33 45 145
5408 34 190 145
5409 35 146 145
5410 36 233 145
5411 37 150 145
5412 38 13 145
5413 39 163 145
5414 40 124 145
5415 41 65 145
5416 42 182 145
5417 43 186 145
5418 44 64 145
5419 45 103 145
5420 46 42 145
5421 47 223 145
5422 48 228 145
5423 49 74 145
5424 50 119 145
5425 51 241 145
5426 52 140 145
5427 53 126 145
5428 54 161 145
5429 55 119 145
5430 56 242 145
5431 57 130 145
5432 58 74 145
5433 59 124 145
5434 60 233 145
5435 61 184 145
5436 62 93 145
5437 3 75 146
5438 4 113 146
5439 5 76 146
5440 6 158 146
5441 7 259 146
5442 8 233 146
5443 9 256 146
5444 10 72 146
5445 11 62 146
5446 12 206 146
5447 13 128 146
5448 14 251 146
5449 15 78 146
5450 16 81 146
5451 17 208 146
5452 18 192 146
5453 19 246 146
5454 20 158 146
5455 22 3 146
5456 21 97 146
5457 23 109 146
5458 24 2 146
5459 25 167 146
5460 26 133 146
5461 27 90 146
5462 28 95 146
5463 29 160 146
5464 30 165 146
5465 31 203 146
5466 32 115 146
5467 33 55 146
5468 34 151 146
5469 35 225 146
5470 36 179 146
5471 37 147 146
5472 38 56 146
5473 39 94 146
5474 40 83 146
5475 41 196 146
5476 42 61 146
5477 43 64 146
5478 44 2 146
5479 45 157 146
5480 46 1 146
5481 47 52 146
5482 48 143 146
5483 49 94 146
5484 50 237 146
5485 51 138 146
5486 52 194 146
5487 53 210 146
5488 54 76 146
5489 55 224 146
5490 56 41 146
5491 57 226 146
5492 58 8 146
5493 59 181 146
5494 60 66 146
5495 61 38 146
5496 62 192 146
5497 63 132 146
5498 64 163 146
5499 65 63 146
5500 2 210 147
5501 3 139 147
5502 4 130 147
5503 5 261 147
5504 6 260 147
5505 7 193 147
5506 8 38 147
5507 9 91 147
5508 10 55 147
5509 11 39 147
5510 12 56 147
5511 13 219 147
5512 14 79 147
5513 15 102 147
5514 16 157 147
5515 17 194 147
5516 18 252 147
5517 19 120 147
5518 20 191 147
5519 21 57 147
5520 22 215 147
5521 23 195 147
5522 24 160 147
5523 25 242 147
5524 26 118 147
5525 27 67 147
5526 28 131 147
5527 29 37 147
5528 30 5 147
5529 31 129 147
5530 32 51 147
5531 33 198 147
5532 34 149 147
5533 35 225 147
5534 36 45 147
5535 37 67 147
5536 38 20 147
5537 39 133 147
5538 40 236 147
5539 41 124 147
5540 42 5 147
5541 43 253 147
5542 44 219 147
5543 45 13 147
5544 46 147 147
5545 47 231 147
5546 48 25 147
5547 49 102 147
5548 50 188 147
5549 51 12 147
5550 52 190 147
5551 53 169 147
5552 54 223 147
5553 55 144 147
5554 56 200 147
5555 57 70 147
5556 58 90 147
5557 59 87 147
5558 60 234 147
5559 61 203 147
5560 62 44 147
5561 63 217 147
5562 64 7 147
5563 65 201 147
5564 66 164 147
5565 67 185 147
5566 1 169 148
5567 2 190 148
5568 3 42 148
5569 4 60 148
5570 5 176 148
5571 6 203 148
5572 7 202 148
5573 8 184 148
5574 9 80 148
5575 10 28 148
5576 11 150 148
5577 12 198 148
5578 13 164 148
5579 14 176 148
5580 15 28 148
5581 16 69 148
5582 17 89 148
5583 18 177 148
5584 19 262 148
5585 20 71 148
5586 21 250 148
5587 22 185 148
5588 23 110 148
5589 24 218 148
5590 25 89 148
5591 26 52 148
5592 27 90 148
5593 28 47 148
5594 29 52 148
5595 30 42 148
5596 31 163 148
5597 32 85 148
5598 33 26 148
5599 34 238 148
5600 35 60 148
5601 36 51 148
5602 37 135 148
5603 38 223 148
5604 39 40 148
5605 40 160 148
5606 41 58 148
5607 42 164 148
5608 43 180 148
5609 44 233 148
5610 45 196 148
5611 46 256 148
5612 47 138 148
5613 48 241 148
5614 49 99 148
5615 50 18 148
5616 51 66 148
5617 52 239 148
5618 53 140 148
5619 54 157 148
5620 55 249 148
5621 56 255 148
5622 57 148 148
5623 58 29 148
5624 59 227 148
5625 60 52 148
5626 61 142 148
5627 62 119 148
5628 63 65 148
5629 64 259 148
5630 65 32 148
5631 66 127 148
5632 67 134 148
5633 68 16 148
5634 70 148 148
5635 1 257 149
5636 2 155 149
5637 3 243 149
5638 4 199 149
5639 5 202 149
5640 6 17 149
5641 7 24 149
5642 8 61 149
5643 9 76 149
5644 10 13 149
5645 11 183 149
5646 12 17 149
5647 13 180 149
5648 14 226 149
5649 15 192 149
5650 16 261 149
5651 17 127 149
5652 18 86 149
5653 19 43 149
5654 20 107 149
5655 21 224 149
5656 22 55 149
5657 23 221 149
5658 24 137 149
5659 25 248 149
5660 26 167 149
5661 27 227 149
5662 28 229 149
5663 29 250 149
5664 30 120 149
5665 31 40 149
5666 32 164 149
5667 33 14 149
5668 34 77 149
5669 35 52 149
5670 36 230 149
5671 37 184 149
5672 38 134 149
5673 39 28 149
5674 40 124 149
5675 41 120 149
5676 42 177 149
5677 43 39 149
5678 44 219 149
5679 45 130 149
5680 46 259 149
5681 47 76 149
5682 48 236 149
5683 49 32 149
5684 50 46 149
5685 51 24 149
5686 52 85 149
5687 53 21 149
5688 54 189 149
5689 55 211 149
5690 56 243 149
5691 57 252 149
5692 58 249 149
5693 59 100 149
5694 60 43 149
5695 61 157 149
5696 62 46 149
5697 63 195 149
5698 64 137 149
5699 65 68 149
5700 66 143 149
5701 67 240 149
5702 68 145 149
5703 69 40 149
5704 70 192 149
5705 71 58 149
5706 1 10 150
5707 2 107 150
5708 3 229 150
5709 4 39 150
5710 5 163 150
5711 6 20 150
5712 7 137 150
5713 8 63 150
5714 9 91 150
5715 10 216 150
5716 11 45 150
5717 12 147 150
5718 13 33 150
5719 14 212 150
5720 15 224 150
5721 16 24 150
5722 17 176 150
5723 18 70 150
5724 19 131 150
5725 20 254 150
5726 21 168 150
5727 22 34 150
5728 23 221 150
5729 24 21 150
5730 25 30 150
5731 26 32 150
5732 27 130 150
5733 28 201 150
5734 29 247 150
5735 30 69 150
5736 31 15 150
5737 32 141 150
5738 33 170 150
5739 34 38 150
5740 35 248 150
5741 36 191 150
5742 37 174 150
5743 38 257 150
5744 39 140 150
5745 40 170 150
5746 41 262 150
5747 42 32 150
5748 43 239 150
5749 44 191 150
5750 45 91 150
5751 46 129 150
5752 47 186 150
5753 48 64 150
5754 49 150 150
5755 50 115 150
5756 51 187 150
5757 52 72 150
5758 53 25 150
5759 54 87 150
5760 55 146 150
5761 56 160 150
5762 57 63 150
5763 58 62 150
5764 59 27 150
5765 60 91 150
5766 61 74 150
5767 62 30 150
5768 63 202 150
5769 64 47 150
5770 65 71 150
5771 66 232 150
5772 67 222 150
5773 68 246 150
5774 69 223 150
5775 70 107 150
5776 71 118 150
5777 72 97 150
5778 73 109 150
5779 1 169 151
5780 2 129 151
5781 3 165 151
5782 4 95 151
5783 5 7 151
5784 6 103 151
5785 7 6 151
5786 8 253 151
5787 9 236 151
5788 10 238 151
5789 11 90 151
5790 12 120 151
5791 13 55 151
5792 14 50 151
5793 15 181 151
5794 16 60 151
5795 17 56 151
5796 18 83 151
5797 19 146 151
5798 20 191 151
5799 21 129 151
5800 22 148 151
5801 23 127 151
5802 24 154 151
5803 25 49 151
5804 26 46 151
5805 27 110 151
5806 28 236 151
5807 29 171 151
5808 30 177 151
5809 31 204 151
5810 32 45 151
5811 33 96 151
5812 34 145 151
5813 35 97 151
5814 36 133 151
5815 37 246 151
5816 38 163 151
5817 39 135 151
5818 40 102 151
5819 41 126 151
5820 42 143 151
5821 43 129 151
5822 44 246 151
5823 45 122 151
5824 46 78 151
5825 47 202 151
5826 48 210 151
5827 49 50 151
5828 50 6 151
5829 51 222 151
5830 52 156 151
5831 53 43 151
5832 54 98 151
5833 55 95 151
5834 56 155 151
5835 57 111 151
5836 58 112 151
5837 59 234 151
5838 60 199 151
5839 61 71 151
5840 62 9 151
5841 63 124 151
5842 64 248 151
5843 65 140 151
5844 66 15 151
5845 67 97 151
5846 68 238 151
5847 69 191 151
5848 70 23 151
5849 71 219 151
5850 72 260 151
5851 73 203 151
5852 75 103 151
5853 0 256 152
5854 1 244 152
5855 2 128 152
5856 3 31 152
5857 4 48 152
5858 5 68 152
5859 6 261 152
5860 7 45 152
5861 8 43 152
5862 9 178 152
5863 10 19 152
5864 11 128 152
5865 12 245 152
5866 13 199 152
5867 14 11 152
5868 15 20 152
5869 16 129 152
5870 17 111 152
5871 18 81 152
5872 19 74 152
5873 20 213 152
5874 21 174 152
5875 22 108 152
5876 23 152 152
5877 24 182 152
5878 25 62 152
5879 26 213 152
5880 27 159 152
5881 28 52 152
5882 29 85 152
5883 30 43 152
5884 31 172 152
5885 32 232 152
5886 33 86 152
5887 34 158 152
5888 35 4 152
5889 36 55 152
5890 37 152 152
5891 38 188 152
5892 39 41 152
5893 40 20 152
5894 41 138 152
5895 42 7 152
5896 43 165 152
5897 44 18 152
5898 45 85 152
5899 46 90 152
5900 47 52 152
5901 48 102 152
5902 49 130 152
5903 50 233 152
5904 51 234 152
5905 52 8 152
5906 53 84 152
5907 54 55 152
5908 55 75 152
5909 56 133 152
5910 57 188 152
5911 58 12 152
5912 59 190 152
5913 60 177 152
5914 61 169 152
5915 62 138 152
5916 63 61 152
5917 64 211 152
5918 65 246 152
5919 66 12 152
5920 67 34 152
5921 68 2 152
5922 69 260 152
5923 70 213 152
5924 71 253 152
5925 72 183 152
5926 73 177 152
5927 74 64 152
5928 75 23 152
5929 0 60 153
5930 1 96 153
5931 2 66 153
5932 3 249 153
5933 4 211 153
5934 5 54 153
5935 6 76 153
5936 7 100 153
5937 8 129 153
5938 9 135 153
5939 10 249 153
5940 11 23 153
5941 12 211 153
5942 13 126 153
5943 14 217 153
5944 15 9 153
5945 16 241 153
5946 17 121 153
5947 18 114 153
5948 19 227 153
5949 20 3 153
5950 21 141 153
5951 22 64 153
5952 23 133 153
5953 24 22 153
5954 25 130 153
5955 26 34 153
5956 27 145 153
5957 28 148 153
5958 29 51 153
5959 30 32 153
5960 31 9 153
5961 32 78 153
5962 33 251 153
5963 34 127 153
5964 35 183 153
5965 36 254 153
5966 37 205 153
5967 38 248 153
5968 39 112 153
5969 40 154 153
5970 41 173 153
5971 42 147 153
5972 43 164 153
5973 44 37 153
5974 45 2 153
5975 46 95 153
5976 47 82 153
5977 48 131 153
5978 49 227 153
5979 50 129 153
5980 51 80 153
5981 52 109 153
5982 53 32 153
5983 54 184 153
5984 55 50 153
5985 56 131 153
5986 57 210 153
5987 58 182 153
5988 59 149 153
5989 60 227 153
5990 61 62 153
5991 62 143 153
5992 63 193 153
5993 64 116 153
5994 65 234 153
5995 66 122 153
5996 67 35 153
5997 68 92 153
5998 69 27 153
5999 70 55 153
6000 71 199 153
6001 72 176 153
6002 73 189 153
6003 74 32 153
6004 75 38 153
6005 76 6 153
6006 0 218 154
6007 1 173 154
6008 2 225 154
6009 3 170 154
6010 4 195 154
6011 5 59 154
6012 6 256 154
6013 7 101 154
6014 8 64 154
6015 9 165 154
6016 10 214 154
6017 11 82 154
6018 12 165 154
6019 13 195 154
6020 14 14 154
6021 15 203 154
6022 16 202 154
6023 17 211 154
6024 18 232 154
6025 19 138 154
6026 20 115 154
6027 21 214 154
6028 22 224 154
6029 23 107 154
6030 24 99 154
6031 25 71 154
6032 26 138 154
6033 27 234 154
6034 28 103 154
6035 29 31 154
6036 30 187 154
6037 31 243 154
6038 32 90 154
6039 33 81 154
6040 35 28 154
6041 34 204 154
6042 36 82 154
6043 37 110 154
6044 38 41 154
6045 39 241 154
6046 40 141 154
6047 41 92 154
6048 42 91 154
6049 43 99 154
6050 44 225 154
6051 45 200 154
6052 46 156 154
6053 47 40 154
6054 48 174 154
6055 49 69 154
6056 50 260 154
6057 51 155 154
6058 52 147 154
6059 53 208 154
6060 54 241 154
6061 55 213 154
6062 56 44 154
6063 57 176 154
6064 58 149 154
6065 59 206 154
6066 60 191 154
6067 61 29 154
6068 62 260 154
6069 63 94 154
6070 64 197 154
6071 65 122 154
6072 66 57 154
6073 67 12 154
6074 68 67 154
6075 69 244 154
6076 70 78 154
6077 71 98 154
6078 72 62 154
6079 73 70 154
6080 74 75 154
6081 75 262 154
6082 76 211 154
6083 77 76 154
6084 0 243 155
6085 1 33 155
6086 2 5 155
6087 3 238 155
6088 4 54 155
6089 5 111 155
6090 6 22 155
6091 7 252 155
6092 8 120 155
6093 9 259 155
6094 10 115 155
6095 11 99 155
6096 12 175 155
6097 13 103 155
6098 14 123 155
6099 15 262 155
6100 16 215 155
6101 17 33 155
6102 18 70 155
6103 19 65 155
6104 20 14 155
6105 21 225 155
6106 22 169 155
6107 23 93 155
6108 24 12 155
6109 25 51 155
6110 26 136 155
6111 27 145 155
6112 28 213 155
6113 29 41 155
6114 30 45 155
6115 31 236 155
6116 32 102 155
6117 33 61 155
6118 34 182 155
6119 35 114 155
6120 36 261 155
6121 37 134 155
6122 38 74 155
6123 39 262 155
6124 40 239 155
6125 41 239 155
6126 42 110 155
6127 43 63 155
6128 44 139 155
6129 45 58 155
6130 46 117 155
6131 47 21 155
6132 48 237 155
6133 49 115 155
6134 50 199 155
6135 51 85 155
6136 52 233 155
6137 53 227 155
6138 54 148 155
6139 55 141 155
6140 56 99 155
6141 57 122 155
6142 58 114 155
6143 59 18 155
6144 60 112 155
6145 61 239 155
6146 62 260 155
6147 63 126 155
6148 64 118 155
6149 65 79 155
6150 66 238 155
6151 67 251 155
6152 68 52 155
6153 69 13 155
weights 156 156 156 156 156 156 156 156 156 156 156 156 156 156 156 156 156 156 156 156 156 156 156 156 156 156 156 156 156 156 156 156 156 156 156 156 156 156 156 156 156 156 156 156 156 156 156 156 156 156 156 156 156 156 156 156 156 156 156 156 156 156 156 156 156 156 156 156 156 156 155 155 155 155 155 155 155 155
