1626 111 104
1627 111 112
1629 111 115
1630 111 117
1633 112 112
1636 112 112
1643 113 96
1644 113 104
1646 113 104
1647 113 112
1650 113 96
1651 113 101
1652 113 110
1653 113 109
1655 113 104
1656 113 112
1661 113 112
1667 114 112
1670 115 104
1672 115 112
1679 115 104
1680 115 112
1681 115 120
1682 115 109
1684 115 112
1687 115 112
1699 117 88
1701 117 96
1702 117 104
1704 117 104
1705 117 112
1706 117 120
1708 117 102
1709 117 101
1710 117 104
1711 117 108
1713 117 109
1714 117 112
1715 117 120
1716 117 117
1717 117 118
1719 117 112
1720 117 120
1722 117 117
1726 118 112
1729 118 112
1732 119 112
1734 120 112
1735 120 120
1736 120 128
1737 120 117
1738 120 120
1742 121 104
1744 121 112
1745 121 120
1747 121 120
1751 121 104
1752 121 112
1753 121 120
1754 121 117
1756 121 112
1757 121 120
1759 121 118
1765 121 128
1769 122 112
1770 122 120
1772 122 112
1775 123 112
1777 124 120
1780 124 120
1785 125 104
1787 125 112
1788 125 120
1790 125 120
1791 125 128
1794 125 109
1795 125 112
1796 125 120
1797 125 117
1799 125 112
1800 125 120
1801 125 128
1802 125 118
1803 125 128
1805 125 128
1808 125 128
1811 126 128
1814 127 96
1816 127 104
1817 127 112
1819 127 112
1820 127 120
1823 127 96
1824 127 104
1825 127 112
1826 127 101
1828 127 112
1829 127 120
1831 127 112
1832 127 120
1834 127 120
1837 127 120
1840 128 120
1842 129 112
1843 129 120
1844 129 128
1845 129 118
1846 129 128
1847 129 136
1849 130 128
1852 130 128
1856 131 112
1857 131 120
1858 131 128
1859 131 117
1860 131 120
1862 132 120
1865 133 112
1867 133 120
1868 133 128
1870 133 128
1874 133 112
1875 133 120
1876 133 128
1877 133 118
1879 133 128
1882 133 128
1888 133 136
1892 134 120
1893 134 128
1894 134 136
1895 134 120
1899 135 112
1900 135 120
1901 135 128
1902 135 112
1903 135 120
1904 135 136
1905 136 136
1907 137 112
1908 137 120
1909 137 128
1910 137 112
1911 137 128
1912 137 136
1914 138 120
1915 138 128
1916 138 136
1917 138 125
1918 138 137
1921 139 120
1922 139 128
1923 139 136
1924 139 120
1925 139 136
1927 140 136
1929 141 112
1930 141 120
1931 141 128
1932 141 117
1933 141 120
1934 141 136
1937 142 120
1939 142 128
1940 142 137
1942 142 136
1946 142 120
1947 142 128
1948 142 136
1949 142 120
1951 142 136
1954 142 136
1960 142 144
1964 143 120
1965 143 128
1966 143 136
1967 143 120
1968 143 136
1969 143 144
1972 145 112
1974 145 120
1975 145 128
1977 145 128
1978 145 136
1979 145 144
1981 145 112
1982 145 120
1983 145 128
1984 145 117
1986 145 120
1987 145 128
1988 145 136
1989 145 120
1990 145 136
1992 145 136
1993 145 144
1995 145 136
1996 145 144
1998 146 136
2000 147 120
2001 147 128
2002 147 136
2003 147 120
2004 147 136
2005 147 144
2007 148 128
2008 148 136
2009 148 144
2010 148 128
2011 148 144
2014 149 120
2015 149 128
2016 149 136
2017 149 120
2018 149 136
2019 149 144
2020 150 136
2022 151 136
2023 151 144
2025 151 136
2026 151 144
2029 152 128
2030 152 136
2031 152 144
2032 152 128
2033 152 144
2034 152 152
