2 6 0
2 1
w u
24
-24 1 0 5
-72 1 0 6
-60 1 0 7
-1 1 1 0
-10 1 1 1
-45 1 1 2
-86 1 1 3
-23 1 1 4
156 1 1 5
219 1 1 6
90 1 1 7
-4 1 2 0
-28 1 2 1
-84 1 2 2
-159 1 2 3
-216 1 2 4
-198 1 2 5
-99 1 2 6
-18 1 2 7
5 1 3 0
20 1 3 1
30 1 3 2
20 1 3 3
5 1 3 4
72
-1548 1 0 8
-11088 1 0 9
-32040 1 0 10
-46260 1 0 11
-32976 1 0 12
-9072 1 0 13
-72 1 1 3
-1032 1 1 4
-6459 1 1 5
-21264 1 1 6
-33906 1 1 7
177 1 1 8
107157 1 1 9
211536 1 1 10
203076 1 1 11
101763 1 1 12
21384 1 1 13
18 1 2 0
324 1 2 1
2754 1 2 2
13772 1 2 3
43392 1 2 4
85428 1 2 5
87044 1 2 6
-29736 1 2 7
-259980 1 2 8
-452232 1 2 9
-448452 1 2 10
-276750 1 2 11
-100980 1 2 12
-17010 1 2 13
64 1 3 0
960 1 3 1
6720 1 3 2
30019 1 3 3
96492 1 3 4
234585 1 3 5
438225 1 3 6
627708 1 3 7
681357 1 3 8
551688 1 3 9
328158 1 3 10
140400 1 3 11
40176 1 3 12
5832 1 3 13
-132 1 4 0
-1584 1 4 1
-8712 1 4 2
-28516 1 4 3
-61284 1 4 4
-90960 1 4 5
-95146 1 4 6
-67644 1 4 7
-25626 1 4 8
4446 1 4 9
10692 1 4 10
4698 1 4 11
648 1 4 12
-435 1 5 3
-2610 1 5 4
-6525 1 5 5
-8625 1 5 6
-6300 1 5 7
-2385 1 5 8
-360 1 5 9
50 1 6 0
300 1 6 1
750 1 6 2
1000 1 6 3
750 1 6 4
300 1 6 5
50 1 6 6
144
-39744 1 0 11
-427680 1 0 12
-1994112 1 0 13
-5217696 1 0 14
-8266752 1 0 15
-7922016 1 0 16
-4245696 1 0 17
-979776 1 0 18
-2160 1 1 6
-39024 1 1 7
-310176 1 1 8
-1378152 1 1 9
-3502656 1 1 10
-3803112 1 1 11
5644512 1 1 12
30151440 1 1 13
58338144 1 1 14
66405096 1 1 15
46624896 1 1 16
18796536 1 1 17
3335904 1 1 18
1104 1 2 3
24000 1 2 4
246432 1 2 5
1547076 1 2 6
6519672 1 2 7
19131480 1 2 8
38880756 1 2 9
50321412 1 2 10
23907852 1 2 11
-55120068 1 2 12
-152320284 1 2 13
-199965672 1 2 14
-165687444 1 2 15
-88155540 1 2 16
-27649512 1 2 17
-3884112 1 2 18
-121 1 3 0
-3025 1 3 1
-36300 1 3 2
-270198 1 3 3
-1372743 1 3 4
-4970349 1 3 5
-12920156 1 3 6
-22970642 1 3 7
-21280437 1 3 8
18834129 1 3 9
118560384 1 3 10
260937666 1 3 11
380150847 1 3 12
403639605 1 3 13
317372904 1 3 14
181058814 1 3 15
70886502 1 3 16
16959456 1 3 17
1854576 1 3 18
-372 1 4 0
-8184 1 4 1
-85932 1 4 2
-586785 1 4 3
-2954631 1 4 4
-11644299 1 4 5
-36848682 1 4 6
-94417038 1 4 7
-196198182 1 4 8
-330653322 1 4 9
-451849896 1 4 10
-500025825 1 4 11
-446030523 1 4 12
-317051739 1 4 13
-175453614 1 4 14
-72513144 1 4 15
-20890224 1 4 16
-3726648 1 4 17
-314928 1 4 18
1167 1 5 0
22173 1 5 1
199557 1 5 2
1123731 1 5 3
4421718 1 5 4
12896466 1 5 5
28852134 1 5 6
50335326 1 5 7
68337063 1 5 8
70122537 1 5 9
49609737 1 5 10
15739083 1 5 11
-12957516 1 5 12
-24195672 1 5 13
-20144700 1 5 14
-10768788 1 5 15
-3709152 1 5 16
-717336 1 5 17
-52488 1 5 18
-184 1 6 0
-2944 1 6 1
-22080 1 6 2
-87094 1 6 3
-144262 1 6 4
248916 1 6 5
2080662 1 6 6
6098460 1 6 7
11377782 1 6 8
15227064 1 6 9
15227550 1 6 10
11340054 1 6 11
5977800 1 6 12
1976076 1 6 13
294516 1 6 14
-14580 1 6 15
-5832 1 6 16
-915 1 7 0
-11895 1 7 1
-71370 1 7 2
-263820 1 7 3
-677550 1 7 4
-1291680 1 7 5
-1884210 1 7 6
-2086530 1 7 7
-1666485 1 7 8
-856125 1 7 9
-200340 1 7 10
35910 1 7 11
31590 1 7 12
4860 1 7 13
300 1 8 0
3000 1 8 1
13500 1 8 2
33975 1 8 3
48825 1 8 4
33075 1 8 5
-7500 1 8 6
-33375 1 8 7
-26775 1 8 8
-9675 1 8 9
-1350 1 8 10
125 1 9 0
875 1 9 1
2625 1 9 2
4375 1 9 3
4375 1 9 4
2625 1 9 5
875 1 9 6
125 1 9 7
120
-42336 1 0 11
-374976 1 0 12
-1387152 1 0 13
-2724192 1 0 14
-2966544 1 0 15
-1671840 1 0 16
-369360 1 0 17
-2880 1 1 6
-46656 1 1 7
-337320 1 1 8
-1371456 1 1 9
-3254760 1 1 10
-3856896 1 1 11
833760 1 1 12
10598256 1 1 13
17215416 1 1 14
14040864 1 1 15
5913000 1 1 16
1003104 1 1 17
1056 1 2 3
20664 1 2 4
190920 1 2 5
1067472 1 2 6
3949626 1 2 7
10011348 1 2 8
17153964 1 2 9
17493156 1 2 10
2436048 1 2 11
-24727140 1 2 12
-45131148 1 2 13
-42768324 1 2 14
-23974866 1 2 15
-7451352 1 2 16
-979776 1 2 17
-72 1 3 0
-1584 1 3 1
-16632 1 3 2
-105820 1 3 3
-443500 1 3 4
-1258692 1 3 5
-2277928 1 3 6
-1463104 1 3 7
6004392 1 3 8
25808664 1 3 9
57806928 1 3 10
89501940 1 3 11
101009052 1 3 12
83167884 1 3 13
48734136 1 3 14
19309752 1 3 15
4667544 1 3 16
524880 1 3 17
-184 1 4 0
-3496 1 4 1
-31464 1 4 2
-193693 1 4 3
-932992 1 4 4
-3602520 1 4 5
-11019780 1 4 6
-26502654 1 4 7
-50302080 1 4 8
-76081320 1 4 9
-92429316 1 4 10
-90111393 1 4 11
-69634080 1 4 12
-41873004 1 4 13
-19284480 1 4 14
-6660144 1 4 15
-1586304 1 4 16
-192456 1 4 17
784 1 5 0
12544 1 5 1
94080 1 5 2
445840 1 5 3
1511344 1 5 4
3914880 1 5 5
7973004 1 5 6
12751440 1 5 7
15717420 1 5 8
14521392 1 5 9
9564948 1 5 10
3749112 1 5 11
-196020 1 5 12
-1415880 1 5 13
-919512 1 5 14
-256608 1 5 15
-23328 1 5 16
-528 1 6 0
-6864 1 6 1
-41184 1 6 2
-144062 1 6 3
-315140 1 6 4
-430686 1 6 5
-298604 1 6 6
160540 1 6 7
789780 1 6 8
1196070 1 6 9
1051812 1 6 10
541710 1 6 11
144504 1 6 12
13932 1 6 13
-200 1 7 0
-2000 1 7 1
-9000 1 7 2
-28340 1 7 3
-72380 1 7 4
-141540 1 7 5
-191700 1 7 6
-167100 1 7 7
-86940 1 7 8
-23580 1 7 9
-2340 1 7 10
200 1 8 0
1400 1 8 1
4200 1 8 2
6875 1 8 3
6500 1 8 4
3450 1 8 5
900 1 8 6
75 1 8 7
109
11232 1 0 11
106704 1 0 12
427680 1 0 13
929232 1 0 14
1154736 1 0 15
777600 1 0 16
221616 1 0 17
1080 1 1 6
18072 1 1 7
138744 1 1 8
620496 1 1 9
1727784 1 1 10
2934900 1 1 11
2460672 1 1 12
-776628 1 1 13
-4462452 1 1 14
-5004504 1 1 15
-2633148 1 1 16
-559872 1 1 17
-252 1 2 3
-4956 1 2 4
-46200 1 2 5
-261906 1 2 6
-991512 1 2 7
-2627406 1 2 8
-4933170 1 2 9
-6238026 1 2 10
-3897774 1 2 11
2959578 1 2 12
10594962 1 2 13
12971340 1 2 14
8819442 1 2 15
3230928 1 2 16
484056 1 2 17
8 1 3 0
168 1 3 1
1680 1 3 2
9924 1 3 3
36504 1 3 4
78948 1 3 5
24001 1 3 6
-621309 1 3 7
-3102231 1 3 8
-9098973 1 3 9
-18748521 1 3 10
-28526823 1 3 11
-32725917 1 3 12
-28349595 1 3 13
-18024444 1 3 14
-7763364 1 3 15
-1907064 1 3 16
-174960 1 3 17
16 1 4 0
288 1 4 1
2448 1 4 2
16564 1 4 3
97548 1 4 4
448980 1 4 5
1549644 1 4 6
4076928 1 4 7
8384400 1 4 8
13650696 1 4 9
17529696 1 4 10
17529372 1 4 11
13510908 1 4 12
8006364 1 4 13
3558492 1 4 14
1026432 1 4 15
104976 1 4 16
-17496 1 4 17
-96 1 5 0
-1440 1 5 1
-10080 1 5 2
-47100 1 5 3
-169896 1 5 4
-489984 1 5 5
-1109682 1 5 6
-1932030 1 5 7
-2570328 1 5 8
-2612520 1 5 9
-1977750 1 5 10
-991602 1 5 11
-201852 1 5 12
75816 1 5 13
43740 1 5 14
2916 1 5 15
112 1 6 0
1344 1 6 1
7392 1 6 2
25080 1 6 3
59400 1 6 4
104544 1 6 5
135146 1 6 6
112332 1 6 7
31350 1 6 8
-41310 1 6 9
-46908 1 6 10
-17118 1 6 11
-1620 1 6 12
-40 1 7 0
-360 1 7 1
-1440 1 7 2
-2920 1 7 3
-2400 1 7 4
1560 1 7 5
5265 1 7 6
4635 1 7 7
1755 1 7 8
225 1 7 9
93
4752 1 0 8
55728 1 0 9
296784 1 0 10
869616 1 0 11
1450224 1 0 12
1302480 1 0 13
501552 1 0 14
11664 1 0 15
720 1 1 3
13104 1 1 4
110880 1 1 5
557280 1 1 6
1789128 1 1 7
3668328 1 1 8
4373352 1 1 9
1673784 1 1 10
-2980152 1 1 11
-4706424 1 1 12
-2315304 1 1 13
52488 1 1 14
279936 1 1 15
-96 1 2 0
-2016 1 2 1
-20160 1 2 2
-124152 1 2 3
-521136 1 2 4
-1585080 1 2 5
-3633471 1 2 6
-6368625 1 2 7
-8390871 1 2 8
-7959789 1 2 9
-5461425 1 2 10
-3992247 1 2 11
-4815045 1 2 12
-4909815 1 2 13
-2659392 1 2 14
-559872 1 2 15
-128 1 3 0
-2304 1 3 1
-19584 1 3 2
-120872 1 3 3
-605784 1 3 4
-2369640 1 3 5
-6993072 1 3 6
-15641064 1 3 7
-27141480 1 3 8
-37343052 1 3 9
-40910508 1 3 10
-35043840 1 3 11
-22793400 1 3 12
-11031228 1 3 13
-3927852 1 3 14
-944784 1 3 15
-104976 1 3 16
1104 1 4 0
16560 1 4 1
115920 1 4 2
521736 1 4 3
1719792 1 4 4
4375008 1 4 5
8711334 1 4 6
13605894 1 4 7
16734600 1 4 8
16315020 1 4 9
12584970 1 4 10
7459614 1 4 11
3187188 1 4 12
918540 1 4 13
183708 1 4 14
26244 1 4 15
-1440 1 5 0
-17280 1 5 1
-95040 1 5 2
-324360 1 5 3
-780840 1 5 4
-1412640 1 5 5
-1961064 1 5 6
-2065824 1 5 7
-1597320 1 5 8
-871236 1 5 9
-329508 1 5 10
-88452 1 5 11
-14580 1 5 12
560 1 6 0
5040 1 6 1
20160 1 6 2
47360 1 6 3
72480 1 6 4
75360 1 6 5
54585 1 6 6
28395 1 6 7
10395 1 6 8
2025 1 6 9
