10 0 0 1 0 1 0 0 0 0 1 0 0 0 0 -240 0 0 0 0 0 0 0 0 0 3 7 3 4 3 2 3 4 4 2 2 2 3 3 0 3 5 1 1 3 0
10 0 0 1 0 1 0 0 0 0 1 0 0 0 0 -480 0 960 0 0 0 0 0 0 0 3 7 4 4 2 2 4 3 4 2 2 2 3 3 0 3 4 0 2 4 0
10 0 0 1 0 1 0 0 0 0 1 0 0 0 0 -240 0 0 0 0 0 0 0 0 0 3 7 4 4 2 2 5 2 4 2 2 2 3 1 2 3 4 0 2 4 0
10 0 0 1 0 1 0 0 0 0 1 0 0 0 0 0 0 -720 0 0 0 0 0 0 0 3 7 4 4 2 3 3 3 4 2 2 2 1 4 2 2 4 0 2 4 0
10 0 0 1 0 1 0 0 0 0 1 0 0 0 0 240 0 -480 0 0 0 0 0 0 0 3 7 4 4 2 3 4 2 4 2 2 2 2 3 0 4 4 0 2 4 0
10 0 0 1 0 1 0 0 0 0 1 0 0 0 0 480 0 -720 0 0 0 0 0 0 0 3 7 4 4 2 4 2 3 4 2 2 2 1 4 2 2 4 0 2 4 0
10 0 0 1 0 1 0 0 0 0 1 0 0 0 0 720 0 -720 0 0 0 0 0 0 0 3 7 4 4 2 4 3 2 4 2 2 2 1 4 2 2 4 0 2 4 0
10 0 0 1 0 1 0 0 0 0 1 0 0 0 0 480 0 720 0 0 0 0 0 0 0 3 7 5 2 3 4 3 2 4 2 2 2 3 2 0 4 1 4 3 2 0
10 0 0 1 0 1 0 0 0 0 1 0 0 0 0 0 0 480 0 0 0 0 0 0 0 3 7 5 4 1 4 2 3 4 2 2 2 2 3 0 4 1 2 5 2 0
10 0 0 1 0 1 0 0 0 0 1 0 0 0 0 240 0 960 0 0 0 0 0 0 0 3 7 5 4 1 4 3 2 4 2 2 2 3 1 2 3 1 2 5 2 0
10 0 0 1 0 1 0 0 0 0 1 0 0 0 0 0 0 480 0 0 0 0 0 0 0 3 7 6 2 2 4 3 2 4 2 2 2 2 2 1 4 0 3 4 3 0
10 0 0 1 0 1 0 0 0 0 1 0 0 0 0 480 0 -240 0 0 0 0 0 0 0 4 6 4 3 3 4 1 4 4 2 1 3 2 3 2 2 2 5 1 2 0
10 0 0 1 0 1 0 0 0 0 1 0 0 0 0 0 0 1440 0 0 0 0 0 0 0 4 6 4 4 2 2 5 2 4 1 2 3 4 0 2 3 2 2 4 2 0
10 0 0 1 0 1 0 0 0 0 1 0 0 0 0 480 0 -720 0 0 0 0 0 0 0 4 6 4 4 2 3 4 2 4 1 2 3 1 3 2 3 2 2 4 2 0
10 0 0 1 0 1 0 0 0 0 1 0 0 0 0 480 0 2160 0 0 0 0 0 0 0 4 6 4 4 2 3 4 2 4 1 2 3 3 3 2 1 2 2 4 2 0
10 0 0 1 0 1 0 0 0 0 1 0 0 0 0 720 0 0 0 0 0 0 0 0 0 4 6 4 4 2 3 5 1 4 1 2 3 3 0 2 4 2 2 4 2 0
10 0 0 1 0 1 0 0 0 0 1 0 0 0 0 1440 0 480 0 0 0 0 0 0 0 4 6 4 4 2 4 5 0 4 1 2 3 2 2 4 1 2 2 4 2 0
10 0 0 1 0 1 0 0 0 0 1 0 0 0 0 1440 0 480 0 0 0 0 0 0 0 4 6 4 4 2 5 2 2 4 1 2 3 1 5 1 2 2 2 4 2 0
10 0 0 1 0 1 0 0 0 0 1 0 0 0 0 -240 0 480 0 0 0 0 0 0 0 4 6 4 5 1 3 2 4 3 4 2 1 2 3 3 1 4 0 1 5 0
10 0 0 1 0 1 0 0 0 0 1 0 0 0 0 0 0 0 0 0 0 0 0 0 0 4 6 4 5 1 3 3 3 3 4 2 1 2 2 4 1 4 0 1 5 0
10 0 0 1 0 1 0 0 0 0 1 0 0 0 0 -240 0 1440 0 0 0 0 0 0 0 4 6 5 2 3 2 5 2 4 1 2 3 3 2 0 4 1 3 3 3 0
10 0 0 1 0 1 0 0 0 0 1 0 0 0 0 0 0 2160 0 0 0 0 0 0 0 4 6 5 2 3 3 3 3 4 1 2 3 2 5 0 2 1 3 3 3 0
10 0 0 1 0 1 0 0 0 0 1 0 0 0 0 480 0 2160 0 0 0 0 0 0 0 4 6 5 2 3 4 2 3 4 1 2 3 2 5 0 2 1 3 3 3 0
10 0 0 1 0 1 0 0 0 0 1 0 0 0 0 720 0 2160 0 0 0 0 0 0 0 4 6 5 2 3 4 3 2 4 1 2 3 2 5 0 2 1 3 3 3 0
10 0 0 1 0 1 0 0 0 0 1 0 0 0 0 1200 0 -240 0 0 0 0 0 0 0 4 6 5 2 3 4 5 0 4 1 2 3 1 3 2 3 1 3 3 3 0
10 0 0 1 0 1 0 0 0 0 1 0 0 0 0 1440 0 480 0 0 0 0 0 0 0 4 6 5 2 3 5 3 1 4 1 2 3 1 4 2 2 1 3 3 3 0
10 0 0 1 0 1 0 0 0 0 1 0 0 0 0 -240 0 480 0 0 0 0 0 0 0 4 6 5 3 2 3 3 3 3 4 2 1 2 2 4 1 3 1 0 6 0
10 0 0 1 0 1 0 0 0 0 1 0 0 0 0 -240 0 720 0 0 0 0 0 0 0 4 6 5 3 2 3 3 3 3 4 2 1 2 3 2 2 3 1 0 6 0
10 0 0 1 0 1 0 0 0 0 1 0 0 0 0 -480 0 960 0 0 0 0 0 0 0 4 6 5 3 2 3 2 4 4 2 1 3 2 3 3 1 1 4 2 3 0
10 0 0 1 0 1 0 0 0 0 1 0 0 0 0 -240 0 1200 0 0 0 0 0 0 0 4 6 5 3 2 3 3 3 4 2 1 3 3 1 4 1 1 4 2 3 0
10 0 0 1 0 1 0 0 0 0 1 0 0 0 0 0 0 -240 0 0 0 0 0 0 0 4 6 5 3 2 3 4 2 4 2 1 3 2 1 4 2 1 4 2 3 0
10 0 0 1 0 1 0 0 0 0 1 0 0 0 0 240 0 -480 0 0 0 0 0 0 0 4 6 5 3 2 4 2 3 4 2 1 3 1 3 3 2 1 4 2 3 0
10 0 0 1 0 1 0 0 0 0 1 0 0 0 0 480 0 -240 0 0 0 0 0 0 0 4 6 5 3 2 4 3 2 4 2 1 3 2 1 4 2 1 4 2 3 0
10 0 0 1 0 1 0 0 0 0 1 0 0 0 0 720 0 -240 0 0 0 0 0 0 0 4 6 5 3 2 4 4 1 4 2 1 3 2 1 4 2 1 4 2 3 0
10 0 0 1 0 1 0 0 0 0 1 0 0 0 0 720 0 1200 0 0 0 0 0 0 0 4 6 5 4 1 4 4 1 3 3 3 1 2 2 3 2 1 1 5 3 0
10 0 0 1 0 1 0 0 0 0 1 0 0 0 0 720 0 720 0 0 0 0 0 0 0 4 6 5 4 1 5 1 3 3 3 3 1 1 4 1 3 1 1 5 3 0
10 0 0 1 0 1 0 0 0 0 1 0 0 0 0 960 0 960 0 0 0 0 0 0 0 4 6 5 4 1 5 2 2 3 3 3 1 1 4 2 2 1 1 5 3 0
10 0 0 1 0 1 0 0 0 0 1 0 0 0 0 -480 0 1680 0 0 0 0 0 0 0 4 6 5 4 1 2 5 2 4 1 2 3 2 3 2 2 1 1 5 3 0
10 0 0 1 0 1 0 0 0 0 1 0 0 0 0 0 0 2160 0 0 0 0 0 0 0 4 6 5 4 1 3 4 2 4 1 2 3 2 4 1 2 1 1 5 3 0
10 0 0 1 0 1 0 0 0 0 1 0 0 0 0 480 0 2160 0 0 0 0 0 0 0 4 6 5 4 1 4 3 2 4 1 2 3 2 4 1 2 1 1 5 3 0
10 0 0 1 0 1 0 0 0 0 1 0 0 0 0 720 0 2160 0 0 0 0 0 0 0 4 6 5 4 1 4 4 1 4 1 2 3 2 4 1 2 1 1 5 3 0
10 0 0 1 0 1 0 0 0 0 1 0 0 0 0 480 0 2160 0 0 0 0 0 0 0 4 6 6 2 2 4 4 1 4 1 2 3 2 3 2 2 0 2 4 4 0
10 0 0 1 0 1 0 0 0 0 1 0 0 0 0 -240 0 1440 0 0 0 0 0 0 0 4 6 6 3 1 4 2 3 4 2 1 3 2 2 4 1 0 3 3 4 0
10 0 0 1 0 1 0 0 0 0 1 0 0 0 0 0 0 1920 0 0 0 0 0 0 0 4 6 6 3 1 4 3 2 4 2 1 3 2 3 3 1 0 3 3 4 0
10 0 0 1 0 1 0 0 0 0 1 0 0 0 0 240 0 960 0 0 0 0 0 0 0 5 5 3 4 3 1 6 2 3 2 3 2 4 0 1 4 3 2 3 2 0
10 0 0 1 0 1 0 0 0 0 1 0 0 0 0 720 0 480 0 0 0 0 0 0 0 5 5 3 5 2 3 3 3 3 3 2 2 3 1 4 1 3 3 2 2 0
10 0 0 1 0 1 0 0 0 0 1 0 0 0 0 -480 0 960 0 0 0 0 0 0 0 5 5 3 5 2 1 4 4 4 0 5 1 3 3 0 3 3 3 2 2 0
10 0 0 1 0 1 0 0 0 0 1 0 0 0 0 -240 0 1200 0 0 0 0 0 0 0 5 5 3 5 2 1 5 3 4 0 5 1 4 1 1 3 3 3 2 2 0
10 0 0 1 0 1 0 0 0 0 1 0 0 0 0 240 0 -480 0 0 0 0 0 0 0 5 5 3 5 2 2 4 3 4 0 5 1 2 3 0 4 3 3 2 2 0
10 0 0 1 0 1 0 0 0 0 1 0 0 0 0 480 0 -240 0 0 0 0 0 0 0 5 5 3 5 2 2 5 2 4 0 5 1 3 1 1 4 3 3 2 2 0
10 0 0 1 0 1 0 0 0 0 1 0 0 0 0 1200 0 -240 0 0 0 0 0 0 0 5 5 3 5 2 4 2 3 4 0 5 1 1 5 1 2 3 3 2 2 0
10 0 0 1 0 1 0 0 0 0 1 0 0 0 0 480 0 1920 0 0 0 0 0 0 0 5 5 3 6 1 2 5 2 3 2 3 2 3 2 3 1 3 0 5 2 0
10 0 0 1 0 1 0 0 0 0 1 0 0 0 0 1200 0 480 0 0 0 0 0 0 0 5 5 3 6 1 3 5 1 3 2 3 2 2 2 3 2 3 0 5 2 0
10 0 0 1 0 1 0 0 0 0 1 0 0 0 0 0 0 -240 0 0 0 0 0 0 0 5 5 3 6 1 3 1 5 4 1 4 1 2 3 3 1 3 4 1 2 0
10 0 0 1 0 1 0 0 0 0 1 0 0 0 0 480 0 480 0 0 0 0 0 0 0 5 5 4 2 4 2 5 2 3 2 3 2 3 1 0 5 2 3 2 3 0
10 0 0 1 0 1 0 0 0 0 1 0 0 0 0 1200 0 720 0 0 0 0 0 0 0 5 5 4 2 4 3 5 1 3 2 3 2 2 3 1 3 2 3 2 3 0
10 0 0 1 0 1 0 0 0 0 1 0 0 0 0 0 0 720 0 0 0 0 0 0 0 5 5 4 3 3 2 4 3 3 3 2 2 3 1 3 2 2 4 1 3 0
10 0 0 1 0 1 0 0 0 0 1 0 0 0 0 240 0 240 0 0 0 0 0 0 0 5 5 4 3 3 2 5 2 3 3 2 2 3 0 4 2 2 4 1 3 0
10 0 0 1 0 1 0 0 0 0 1 0 0 0 0 480 0 0 0 0 0 0 0 0 0 5 5 4 3 3 3 3 3 3 3 2 2 2 2 3 2 2 4 1 3 0
10 0 0 1 0 1 0 0 0 0 1 0 0 0 0 480 0 720 0 0 0 0 0 0 0 5 5 4 3 3 3 3 3 3 3 2 2 3 1 3 2 2 4 1 3 0
10 0 0 1 0 1 0 0 0 0 1 0 0 0 0 480 0 1200 0 0 0 0 0 0 0 5 5 4 3 3 3 3 3 3 3 2 2 3 2 2 2 2 4 1 3 0
10 0 0 1 0 1 0 0 0 0 1 0 0 0 0 480 0 1440 0 0 0 0 0 0 0 5 5 4 3 3 3 3 3 3 3 2 2 3 2 3 1 2 4 1 3 0
10 0 0 1 0 1 0 0 0 0 1 0 0 0 0 720 0 720 0 0 0 0 0 0 0 5 5 4 3 3 3 4 2 3 3 2 2 3 1 3 2 2 4 1 3 0
10 0 0 1 0 1 0 0 0 0 1 0 0 0 0 720 0 480 0 0 0 0 0 0 0 5 5 4 3 3 4 1 4 3 3 2 2 2 3 2 2 2 4 1 3 0
10 0 0 1 0 1 0 0 0 0 1 0 0 0 0 240 0 -480 0 0 0 0 0 0 0 5 5 4 3 3 2 5 2 4 0 5 1 2 2 1 4 2 4 1 3 0
10 0 0 1 0 1 0 0 0 0 1 0 0 0 0 720 0 720 0 0 0 0 0 0 0 5 5 4 4 2 3 4 2 2 5 0 3 2 1 5 1 2 1 4 3 0
10 0 0 1 0 1 0 0 0 0 1 0 0 0 0 0 0 1920 0 0 0 0 0 0 0 5 5 4 4 2 2 4 3 3 2 3 2 2 4 1 2 2 1 4 3 0
10 0 0 1 0 1 0 0 0 0 1 0 0 0 0 480 0 1920 0 0 0 0 0 0 0 5 5 4 4 2 3 3 3 3 2 3 2 2 4 1 2 2 1 4 3 0
10 0 0 1 0 1 0 0 0 0 1 0 0 0 0 720 0 1920 0 0 0 0 0 0 0 5 5 4 4 2 3 4 2 3 2 3 2 2 4 1 2 2 1 4 3 0
10 0 0 1 0 1 0 0 0 0 1 0 0 0 0 960 0 240 0 0 0 0 0 0 0 5 5 4 4 2 3 5 1 3 2 3 2 2 1 3 3 2 1 4 3 0
10 0 0 1 0 1 0 0 0 0 1 0 0 0 0 1200 0 480 0 0 0 0 0 0 0 5 5 4 4 2 3 6 0 3 2 3 2 2 1 4 2 2 1 4 3 0
10 0 0 1 0 1 0 0 0 0 1 0 0 0 0 1200 0 720 0 0 0 0 0 0 0 5 5 4 4 2 3 6 0 3 2 3 2 2 2 2 3 2 1 4 3 0
10 0 0 1 0 1 0 0 0 0 1 0 0 0 0 1200 0 480 0 0 0 0 0 0 0 5 5 4 4 2 4 3 2 3 2 3 2 1 4 1 3 2 1 4 3 0
10 0 0 1 0 1 0 0 0 0 1 0 0 0 0 240 0 960 0 0 0 0 0 0 0 5 5 4 5 1 3 3 3 3 3 2 2 3 0 5 1 2 2 3 3 0
10 0 0 1 0 1 0 0 0 0 1 0 0 0 0 480 0 0 0 0 0 0 0 0 0 5 5 4 5 1 3 4 2 3 3 2 2 2 1 4 2 2 2 3 3 0
10 0 0 1 0 1 0 0 0 0 1 0 0 0 0 480 0 1200 0 0 0 0 0 0 0 5 5 4 5 1 3 4 2 3 3 2 2 3 1 3 2 2 2 3 3 0
10 0 0 1 0 1 0 0 0 0 1 0 0 0 0 480 0 1440 0 0 0 0 0 0 0 5 5 4 5 1 3 4 2 3 3 2 2 3 1 4 1 2 2 3 3 0
10 0 0 1 0 1 0 0 0 0 1 0 0 0 0 1200 0 720 0 0 0 0 0 0 0 5 5 4 5 1 5 1 3 3 3 2 2 1 4 4 0 2 2 3 3 0
10 0 0 1 0 1 0 0 0 0 1 0 0 0 0 -240 0 1440 0 0 0 0 0 0 0 5 5 4 5 1 2 4 3 4 0 5 1 3 2 1 3 2 2 3 3 0
10 0 0 1 0 1 0 0 0 0 1 0 0 0 0 0 0 1920 0 0 0 0 0 0 0 5 5 4 5 1 2 5 2 4 0 5 1 3 3 0 3 2 2 3 3 0
10 0 0 1 0 1 0 0 0 0 1 0 0 0 0 0 0 2160 0 0 0 0 0 0 0 5 5 4 5 1 3 2 4 4 0 5 1 2 5 1 1 2 2 3 3 0
10 0 0 1 0 1 0 0 0 0 1 0 0 0 0 240 0 2400 0 0 0 0 0 0 0 5 5 4 5 1 3 3 3 4 0 5 1 2 5 2 0 2 2 3 3 0
10 0 0 1 0 1 0 0 0 0 1 0 0 0 0 480 0 -960 0 0 0 0 0 0 0 5 5 4 5 1 3 4 2 4 0 5 1 0 4 3 2 2 2 3 3 0
10 0 0 1 0 1 0 0 0 0 1 0 0 0 0 720 0 -720 0 0 0 0 0 0 0 5 5 4 5 1 3 5 1 4 0 5 1 1 2 4 2 2 2 3 3 0
10 0 0 1 0 1 0 0 0 0 1 0 0 0 0 1200 0 -240 0 0 0 0 0 0 0 5 5 4 5 1 4 4 1 4 0 5 1 1 3 3 2 2 2 3 3 0
10 0 0 1 0 1 0 0 0 0 1 0 0 0 0 0 0 -240 0 0 0 0 0 0 0 5 5 4 6 0 3 3 3 4 1 4 1 2 1 5 1 2 3 2 3 0
10 0 0 1 0 1 0 0 0 0 1 0 0 0 0 240 0 240 0 0 0 0 0 0 0 5 5 5 1 4 3 3 3 3 3 2 2 2 2 2 3 1 5 0 4 0
10 0 0 1 0 1 0 0 0 0 1 0 0 0 0 720 0 1440 0 0 0 0 0 0 0 5 5 5 2 3 4 2 3 2 5 0 3 1 4 3 1 1 2 3 4 0
10 0 0 1 0 1 0 0 0 0 1 0 0 0 0 960 0 960 0 0 0 0 0 0 0 5 5 5 2 3 4 3 2 2 5 0 3 1 3 4 1 1 2 3 4 0
10 0 0 1 0 1 0 0 0 0 1 0 0 0 0 -480 0 240 0 0 0 0 0 0 0 5 5 5 2 3 1 6 2 3 2 3 2 1 3 1 4 1 2 3 4 0
10 0 0 1 0 1 0 0 0 0 1 0 0 0 0 720 0 -240 0 0 0 0 0 0 0 5 5 5 2 3 3 5 1 3 2 3 2 1 2 2 4 1 2 3 4 0
10 0 0 1 0 1 0 0 0 0 1 0 0 0 0 720 0 1920 0 0 0 0 0 0 0 5 5 5 2 3 3 5 1 3 2 3 2 2 3 2 2 1 2 3 4 0
10 0 0 1 0 1 0 0 0 0 1 0 0 0 0 960 0 1680 0 0 0 0 0 0 0 5 5 5 2 3 3 6 0 3 2 3 2 2 3 1 3 1 2 3 4 0
10 0 0 1 0 1 0 0 0 0 1 0 0 0 0 960 0 240 0 0 0 0 0 0 0 5 5 5 2 3 4 3 2 3 2 3 2 1 3 1 4 1 2 3 4 0
10 0 0 1 0 1 0 0 0 0 1 0 0 0 0 1200 0 480 0 0 0 0 0 0 0 5 5 5 2 3 4 4 1 3 2 3 2 1 3 2 3 1 2 3 4 0
10 0 0 1 0 1 0 0 0 0 1 0 0 0 0 1200 0 720 0 0 0 0 0 0 0 5 5 5 2 3 4 4 1 3 2 3 2 1 4 0 4 1 2 3 4 0
10 0 0 1 0 1 0 0 0 0 1 0 0 0 0 1200 0 1440 0 0 0 0 0 0 0 5 5 5 2 3 4 4 1 3 2 3 2 1 5 0 3 1 2 3 4 0
10 0 0 1 0 1 0 0 0 0 1 0 0 0 0 -240 0 480 0 0 0 0 0 0 0 5 5 5 3 2 2 5 2 3 3 2 2 2 1 4 2 1 3 2 4 0
10 0 0 1 0 1 0 0 0 0 1 0 0 0 0 0 0 0 0 0 0 0 0 0 0 5 5 5 3 2 2 6 1 3 3 2 2 2 0 5 2 1 3 2 4 0
10 0 0 1 0 1 0 0 0 0 1 0 0 0 0 0 0 1200 0 0 0 0 0 0 0 5 5 5 3 2 2 6 1 3 3 2 2 3 0 4 2 1 3 2 4 0
10 0 0 1 0 1 0 0 0 0 1 0 0 0 0 0 0 480 0 0 0 0 0 0 0 5 5 5 3 2 3 3 3 3 3 2 2 2 1 4 2 1 3 2 4 0
10 0 0 1 0 1 0 0 0 0 1 0 0 0 0 0 0 1440 0 0 0 0 0 0 0 5 5 5 3 2 3 3 3 3 3 2 2 2 3 2 2 1 3 2 4 0
10 0 0 1 0 1 0 0 0 0 1 0 0 0 0 240 0 240 0 0 0 0 0 0 0 5 5 5 3 2 3 4 2 3 3 2 2 2 1 3 3 1 3 2 4 0
10 0 0 1 0 1 0 0 0 0 1 0 0 0 0 480 0 0 0 0 0 0 0 0 0 5 5 5 3 2 3 5 1 3 3 2 2 2 0 5 2 1 3 2 4 0
10 0 0 1 0 1 0 0 0 0 1 0 0 0 0 480 0 1200 0 0 0 0 0 0 0 5 5 5 3 2 3 5 1 3 3 2 2 3 0 4 2 1 3 2 4 0
10 0 0 1 0 1 0 0 0 0 1 0 0 0 0 480 0 1440 0 0 0 0 0 0 0 5 5 5 3 2 3 5 1 3 3 2 2 3 0 5 1 1 3 2 4 0
10 0 0 1 0 1 0 0 0 0 1 0 0 0 0 480 0 480 0 0 0 0 0 0 0 5 5 5 3 2 4 2 3 3 3 2 2 2 1 4 2 1 3 2 4 0
10 0 0 1 0 1 0 0 0 0 1 0 0 0 0 480 0 1440 0 0 0 0 0 0 0 5 5 5 3 2 4 2 3 3 3 2 2 2 3 2 2 1 3 2 4 0
10 0 0 1 0 1 0 0 0 0 1 0 0 0 0 720 0 0 0 0 0 0 0 0 0 5 5 5 3 2 4 3 2 3 3 2 2 1 3 2 3 1 3 2 4 0
10 0 0 1 0 1 0 0 0 0 1 0 0 0 0 720 0 480 0 0 0 0 0 0 0 5 5 5 3 2 4 3 2 3 3 2 2 2 1 4 2 1 3 2 4 0
10 0 0 1 0 1 0 0 0 0 1 0 0 0 0 720 0 720 0 0 0 0 0 0 0 5 5 5 3 2 4 3 2 3 3 2 2 2 2 2 3 1 3 2 4 0
10 0 0 1 0 1 0 0 0 0 1 0 0 0 0 720 0 1200 0 0 0 0 0 0 0 5 5 5 3 2 4 3 2 3 3 2 2 2 3 1 3 1 3 2 4 0
10 0 0 1 0 1 0 0 0 0 1 0 0 0 0 720 0 1440 0 0 0 0 0 0 0 5 5 5 3 2 4 3 2 3 3 2 2 2 3 2 2 1 3 2 4 0
10 0 0 1 0 1 0 0 0 0 1 0 0 0 0 960 0 960 0 0 0 0 0 0 0 5 5 5 3 2 4 4 1 3 3 2 2 2 2 3 2 1 3 2 4 0
10 0 0 1 0 1 0 0 0 0 1 0 0 0 0 960 0 1680 0 0 0 0 0 0 0 5 5 5 3 2 5 1 3 3 3 2 2 1 5 3 0 1 3 2 4 0
10 0 0 1 0 1 0 0 0 0 1 0 0 0 0 1200 0 720 0 0 0 0 0 0 0 5 5 5 3 2 5 2 2 3 3 2 2 1 3 5 0 1 3 2 4 0
10 0 0 1 0 1 0 0 0 0 1 0 0 0 0 1200 0 1200 0 0 0 0 0 0 0 5 5 5 3 2 5 2 2 3 3 2 2 1 4 4 0 1 3 2 4 0
10 0 0 1 0 1 0 0 0 0 1 0 0 0 0 -480 0 960 0 0 0 0 0 0 0 5 5 5 3 2 2 4 3 4 0 5 1 2 3 0 4 1 3 2 4 0
10 0 0 1 0 1 0 0 0 0 1 0 0 0 0 -240 0 0 0 0 0 0 0 0 0 5 5 5 3 2 2 5 2 4 0 5 1 2 1 2 4 1 3 2 4 0
10 0 0 1 0 1 0 0 0 0 1 0 0 0 0 -240 0 2160 0 0 0 0 0 0 0 5 5 5 3 2 2 5 2 4 0 5 1 2 4 2 1 1 3 2 4 0
10 0 0 1 0 1 0 0 0 0 1 0 0 0 0 -240 0 1440 0 0 0 0 0 0 0 5 5 5 3 2 2 5 2 4 0 5 1 3 1 2 3 1 3 2 4 0
10 0 0 1 0 1 0 0 0 0 1 0 0 0 0 720 0 -720 0 0 0 0 0 0 0 5 5 5 3 2 4 3 2 4 0 5 1 0 4 2 3 1 3 2 4 0
10 0 0 1 0 1 0 0 0 0 1 0 0 0 0 480 0 1920 0 0 0 0 0 0 0 5 5 5 4 1 3 5 1 3 2 3 2 2 2 3 2 1 0 5 4 0
10 0 0 1 0 1 0 0 0 0 1 0 0 0 0 -480 0 240 0 0 0 0 0 0 0 5 5 5 4 1 3 2 4 4 1 4 1 1 4 2 2 1 4 1 4 0
10 0 0 1 0 1 0 0 0 0 1 0 0 0 0 -240 0 -240 0 0 0 0 0 0 0 5 5 5 4 1 3 3 3 4 1 4 1 1 3 3 2 1 4 1 4 0
10 0 0 1 0 1 0 0 0 0 1 0 0 0 0 0 0 0 0 0 0 0 0 0 0 5 5 5 4 1 3 4 2 4 1 4 1 2 2 1 4 1 4 1 4 0
10 0 0 1 0 1 0 0 0 0 1 0 0 0 0 0 0 -240 0 0 0 0 0 0 0 5 5 5 4 1 4 1 4 4 1 4 1 1 3 3 2 1 4 1 4 0
10 0 0 1 0 1 0 0 0 0 1 0 0 0 0 240 0 -480 0 0 0 0 0 0 0 5 5 5 4 1 4 2 3 4 1 4 1 1 2 5 1 1 4 1 4 0
10 0 0 1 0 1 0 0 0 0 1 0 0 0 0 720 0 1440 0 0 0 0 0 0 0 5 5 5 5 0 4 4 1 3 3 2 2 2 2 3 2 1 1 4 4 0
10 0 0 1 0 1 0 0 0 0 1 0 0 0 0 -240 0 480 0 0 0 0 0 0 0 5 5 6 1 3 3 3 3 3 3 2 2 1 3 2 3 0 4 1 5 0
10 0 0 1 0 1 0 0 0 0 1 0 0 0 0 0 0 1200 0 0 0 0 0 0 0 5 5 6 1 3 3 4 2 3 3 2 2 2 2 2 3 0 4 1 5 0
10 0 0 1 0 1 0 0 0 0 1 0 0 0 0 0 0 1440 0 0 0 0 0 0 0 5 5 6 1 3 3 4 2 3 3 2 2 2 2 3 2 0 4 1 5 0
10 0 0 1 0 1 0 0 0 0 1 0 0 0 0 480 0 1200 0 0 0 0 0 0 0 5 5 6 1 3 4 3 2 3 3 2 2 2 2 2 3 0 4 1 5 0
10 0 0 1 0 1 0 0 0 0 1 0 0 0 0 480 0 1440 0 0 0 0 0 0 0 5 5 6 1 3 4 3 2 3 3 2 2 2 2 3 2 0 4 1 5 0
10 0 0 1 0 1 0 0 0 0 1 0 0 0 0 0 0 1920 0 0 0 0 0 0 0 5 5 6 2 2 3 4 2 3 2 3 2 1 4 1 3 0 1 4 5 0
10 0 0 1 0 1 0 0 0 0 1 0 0 0 0 480 0 1920 0 0 0 0 0 0 0 5 5 6 2 2 4 3 2 3 2 3 2 1 4 1 3 0 1 4 5 0
10 0 0 1 0 1 0 0 0 0 1 0 0 0 0 0 0 1200 0 0 0 0 0 0 0 5 5 6 3 1 3 5 1 3 3 2 2 2 1 3 3 0 2 3 5 0
10 0 0 1 0 1 0 0 0 0 1 0 0 0 0 0 0 1440 0 0 0 0 0 0 0 5 5 6 3 1 3 5 1 3 3 2 2 2 1 4 2 0 2 3 5 0
10 0 0 1 0 1 0 0 0 0 1 0 0 0 0 480 0 0 0 0 0 0 0 0 0 5 5 6 3 1 4 4 1 3 3 2 2 1 1 4 3 0 2 3 5 0
10 0 0 1 0 1 0 0 0 0 1 0 0 0 0 480 0 1200 0 0 0 0 0 0 0 5 5 6 3 1 4 4 1 3 3 2 2 2 1 3 3 0 2 3 5 0
10 0 0 1 0 1 0 0 0 0 1 0 0 0 0 480 0 1440 0 0 0 0 0 0 0 5 5 6 3 1 4 4 1 3 3 2 2 2 1 4 2 0 2 3 5 0
10 0 0 1 0 1 0 0 0 0 1 0 0 0 0 960 0 960 0 0 0 0 0 0 0 5 5 6 3 1 5 3 1 3 3 2 2 1 3 2 3 0 2 3 5 0
10 0 0 1 0 1 0 0 0 0 1 0 0 0 0 1440 0 720 0 0 0 0 0 0 0 6 4 3 3 4 3 4 2 3 2 2 3 2 3 4 0 3 4 0 3 0
10 0 0 1 0 1 0 0 0 0 1 0 0 0 0 720 0 1440 0 0 0 0 0 0 0 6 4 3 4 3 2 4 3 2 3 4 1 2 4 0 3 3 1 3 3 0
10 0 0 1 0 1 0 0 0 0 1 0 0 0 0 960 0 960 0 0 0 0 0 0 0 6 4 3 4 3 2 5 2 2 3 4 1 2 3 1 3 3 1 3 3 0
10 0 0 1 0 1 0 0 0 0 1 0 0 0 0 1200 0 2160 0 0 0 0 0 0 0 6 4 3 4 3 2 6 1 3 1 3 3 2 4 3 0 3 1 3 3 0
10 0 0 1 0 1 0 0 0 0 1 0 0 0 0 1440 0 1920 0 0 0 0 0 0 0 6 4 3 4 3 3 4 2 3 1 3 3 1 6 2 0 3 1 3 3 0
10 0 0 1 0 1 0 0 0 0 1 0 0 0 0 1440 0 720 0 0 0 0 0 0 0 6 4 3 5 2 3 5 1 3 2 2 3 2 2 5 0 3 2 2 3 0
10 0 0 1 0 1 0 0 0 0 1 0 0 0 0 1200 0 -240 0 0 0 0 0 0 0 6 4 4 3 3 3 5 1 3 2 2 3 1 2 5 1 2 3 1 4 0
10 0 0 1 0 1 0 0 0 0 1 0 0 0 0 1440 0 480 0 0 0 0 0 0 0 6 4 4 3 3 4 3 2 3 2 2 3 1 3 5 0 2 3 1 4 0
10 0 0 1 0 1 0 0 0 0 1 0 0 0 0 0 0 1440 0 0 0 0 0 0 0 6 4 4 4 2 1 6 2 2 3 4 1 2 2 2 3 2 0 4 4 0
10 0 0 1 0 1 0 0 0 0 1 0 0 0 0 480 0 1440 0 0 0 0 0 0 0 6 4 4 4 2 2 5 2 2 3 4 1 2 2 2 3 2 0 4 4 0
10 0 0 1 0 1 0 0 0 0 1 0 0 0 0 720 0 1440 0 0 0 0 0 0 0 6 4 4 4 2 2 6 1 2 3 4 1 2 2 2 3 2 0 4 4 0
10 0 0 1 0 1 0 0 0 0 1 0 0 0 0 960 0 960 0 0 0 0 0 0 0 6 4 4 5 1 4 2 3 2 4 3 1 1 3 5 0 2 1 3 4 0
10 0 0 1 0 1 0 0 0 0 1 0 0 0 0 -240 0 1200 0 0 0 0 0 0 0 6 4 5 3 2 2 4 3 2 4 3 1 1 3 4 1 1 2 2 5 0
10 0 0 1 0 1 0 0 0 0 1 0 0 0 0 240 0 960 0 0 0 0 0 0 0 6 4 5 3 2 2 6 1 2 4 3 1 2 1 3 3 1 2 2 5 0
10 0 0 1 0 1 0 0 0 0 1 0 0 0 0 240 0 1680 0 0 0 0 0 0 0 6 4 5 3 2 3 3 3 2 4 3 1 1 4 3 1 1 2 2 5 0
10 0 0 1 0 1 0 0 0 0 1 0 0 0 0 480 0 -240 0 0 0 0 0 0 0 6 4 5 3 2 3 4 2 2 4 3 1 0 3 4 2 1 2 2 5 0
10 0 0 1 0 1 0 0 0 0 1 0 0 0 0 720 0 1200 0 0 0 0 0 0 0 6 4 5 3 2 4 2 3 2 4 3 1 1 3 4 1 1 2 2 5 0
10 0 0 1 0 1 0 0 0 0 1 0 0 0 0 960 0 240 0 0 0 0 0 0 0 6 4 5 3 2 4 3 2 2 4 3 1 0 4 3 2 1 2 2 5 0
10 0 0 1 0 1 0 0 0 0 1 0 0 0 0 1200 0 1920 0 0 0 0 0 0 0 6 4 5 3 2 4 4 1 3 2 2 3 1 4 4 0 1 2 2 5 0
10 0 0 1 0 1 0 0 0 0 1 0 0 0 0 1200 0 1200 0 0 0 0 0 0 0 7 3 3 3 4 2 5 2 2 3 3 2 2 3 3 1 3 3 0 4 0
10 0 0 1 0 1 0 0 0 0 1 0 0 0 0 -240 0 480 0 0 0 0 0 0 0 7 3 5 4 1 3 2 4 3 3 3 1 1 4 3 1 1 3 5 1 0
10 0 0 1 0 1 0 0 0 0 1 0 0 0 0 0 0 0 0 0 0 0 0 0 0 7 3 5 4 1 3 3 3 3 3 3 1 1 3 4 1 1 3 5 1 0
10 0 0 1 0 1 0 0 0 0 1 0 0 0 0 -240 0 720 0 0 0 0 0 0 0 7 3 6 2 2 3 3 3 3 3 3 1 1 4 2 2 0 4 4 2 0
