10 0 0 0 1 1 0 0 0 0 0 0 0 0 0 0 -480 -720 0 0 0 0 0 0 0 2 8 4 4 2 4 4 2 3 2 2 2 3 1 2 3 4 1 2 3 0
10 0 0 0 1 1 0 0 0 0 0 0 0 0 0 0 -480 -240 0 0 0 0 0 0 0 3 7 4 4 2 4 3 3 2 3 3 1 3 1 1 4 4 0 2 4 0
10 0 0 0 1 1 0 0 0 0 0 0 0 0 0 0 0 -720 0 0 0 0 0 0 0 3 7 4 4 2 4 3 3 3 2 2 2 1 4 2 2 4 0 2 4 0
10 0 0 0 1 1 0 0 0 0 0 0 0 0 0 0 600 -720 0 0 0 0 0 0 0 3 7 4 4 2 4 3 3 4 1 2 2 1 4 2 2 4 0 2 4 0
10 0 0 0 1 1 0 0 0 0 0 0 0 0 0 0 960 -720 0 0 0 0 0 0 0 3 7 4 4 2 4 3 3 4 2 1 2 1 4 2 2 4 0 2 4 0
10 0 0 0 1 1 0 0 0 0 0 0 0 0 0 0 1080 -720 0 0 0 0 0 0 0 3 7 4 4 2 4 3 3 4 2 2 1 1 4 2 2 4 0 2 4 0
10 0 0 0 1 1 0 0 0 0 0 0 0 0 0 0 -120 1200 0 0 0 0 0 0 0 3 7 4 5 1 4 3 3 2 3 3 1 3 1 3 2 3 0 2 5 0
10 0 0 0 1 1 0 0 0 0 0 0 0 0 0 0 -840 -960 0 0 0 0 0 0 0 3 7 4 5 1 4 4 2 2 3 3 1 3 0 3 3 4 1 1 4 0
10 0 0 0 1 1 0 0 0 0 0 0 0 0 0 0 -360 0 0 0 0 0 0 0 0 3 7 5 3 2 5 2 3 3 2 2 2 3 1 2 3 1 5 2 2 0
10 0 0 0 1 1 0 0 0 0 0 0 0 0 0 0 720 720 0 0 0 0 0 0 0 4 6 4 3 3 3 4 3 2 4 2 1 2 2 3 2 3 1 0 6 0
10 0 0 0 1 1 0 0 0 0 0 0 0 0 0 0 1320 1920 0 0 0 0 0 0 0 4 6 4 3 3 3 4 3 3 3 2 1 3 2 2 2 3 1 0 6 0
10 0 0 0 1 1 0 0 0 0 0 0 0 0 0 0 2520 3600 0 0 0 0 0 0 0 4 6 4 4 2 3 4 3 5 0 3 1 4 1 2 2 0 4 2 4 0
10 0 0 0 1 1 0 0 0 0 0 0 0 0 0 0 -480 1920 0 0 0 0 0 0 0 4 6 4 4 2 3 5 2 2 2 3 2 4 1 1 3 2 2 4 2 0
10 0 0 0 1 1 0 0 0 0 0 0 0 0 0 0 1080 0 0 0 0 0 0 0 0 4 6 4 4 2 3 5 2 4 1 2 2 3 0 2 4 2 2 4 2 0
10 0 0 0 1 1 0 0 0 0 0 0 0 0 0 0 -480 -720 0 0 0 0 0 0 0 4 6 4 5 1 4 3 3 3 0 5 1 2 2 1 4 2 3 3 2 0
10 0 0 0 1 1 0 0 0 0 0 0 0 0 0 0 0 720 0 0 0 0 0 0 0 4 6 4 5 1 4 3 3 3 1 5 0 3 2 1 3 2 3 3 2 0
10 0 0 0 1 1 0 0 0 0 0 0 0 0 0 0 0 0 0 0 0 0 0 0 0 4 6 4 5 1 4 3 3 2 4 2 1 2 2 4 1 4 0 1 5 0
10 0 0 0 1 1 0 0 0 0 0 0 0 0 0 0 0 2160 0 0 0 0 0 0 0 4 6 5 2 3 4 3 3 3 1 2 3 2 5 0 2 1 3 3 3 0
10 0 0 0 1 1 0 0 0 0 0 0 0 0 0 0 1080 2160 0 0 0 0 0 0 0 4 6 5 2 3 4 3 3 4 1 2 2 2 5 0 2 1 3 3 3 0
10 0 0 0 1 1 0 0 0 0 0 0 0 0 0 0 1320 0 0 0 0 0 0 0 0 4 6 5 3 2 4 3 3 3 3 2 1 1 2 2 4 0 3 3 4 0
10 0 0 0 1 1 0 0 0 0 0 0 0 0 0 0 1320 720 0 0 0 0 0 0 0 4 6 5 3 2 4 3 3 3 3 2 1 2 1 2 4 0 3 3 4 0
10 0 0 0 1 1 0 0 0 0 0 0 0 0 0 0 1320 1200 0 0 0 0 0 0 0 4 6 5 3 2 4 3 3 3 3 2 1 2 2 1 4 0 3 3 4 0
10 0 0 0 1 1 0 0 0 0 0 0 0 0 0 0 1320 1440 0 0 0 0 0 0 0 4 6 5 3 2 4 3 3 3 3 2 1 2 2 2 3 0 3 3 4 0
10 0 0 0 1 1 0 0 0 0 0 0 0 0 0 0 1680 1440 0 0 0 0 0 0 0 4 6 5 3 2 4 3 3 3 4 1 1 3 0 2 4 0 3 3 4 0
10 0 0 0 1 1 0 0 0 0 0 0 0 0 0 0 -480 0 0 0 0 0 0 0 0 4 6 5 3 2 4 4 2 2 3 2 2 3 0 2 4 1 4 2 3 0
10 0 0 0 1 1 0 0 0 0 0 0 0 0 0 0 -480 1200 0 0 0 0 0 0 0 4 6 5 3 2 4 4 2 2 3 2 2 4 0 1 4 1 4 2 3 0
10 0 0 0 1 1 0 0 0 0 0 0 0 0 0 0 -480 1440 0 0 0 0 0 0 0 4 6 5 3 2 4 4 2 2 3 2 2 4 0 2 3 1 4 2 3 0
10 0 0 0 1 1 0 0 0 0 0 0 0 0 0 0 -480 -960 0 0 0 0 0 0 0 4 6 5 3 2 4 4 2 3 0 5 1 1 3 1 4 1 4 2 3 0
10 0 0 0 1 1 0 0 0 0 0 0 0 0 0 0 -360 -960 0 0 0 0 0 0 0 4 6 5 3 2 4 4 2 3 1 2 3 1 2 4 2 1 4 2 3 0
10 0 0 0 1 1 0 0 0 0 0 0 0 0 0 0 0 1200 0 0 0 0 0 0 0 4 6 5 3 2 4 4 2 3 1 5 0 3 2 1 3 1 4 2 3 0
10 0 0 0 1 1 0 0 0 0 0 0 0 0 0 0 0 -240 0 0 0 0 0 0 0 4 6 5 3 2 4 4 2 3 2 1 3 2 1 4 2 1 4 2 3 0
10 0 0 0 1 1 0 0 0 0 0 0 0 0 0 0 600 -240 0 0 0 0 0 0 0 4 6 5 3 2 4 4 2 4 1 1 3 2 1 4 2 1 4 2 3 0
10 0 0 0 1 1 0 0 0 0 0 0 0 0 0 0 960 0 0 0 0 0 0 0 0 4 6 5 3 2 4 4 2 4 1 4 0 2 2 2 3 1 4 2 3 0
10 0 0 0 1 1 0 0 0 0 0 0 0 0 0 0 1080 -240 0 0 0 0 0 0 0 4 6 5 3 2 4 4 2 4 2 1 2 2 1 4 2 1 4 2 3 0
10 0 0 0 1 1 0 0 0 0 0 0 0 0 0 0 1440 -960 0 0 0 0 0 0 0 4 6 5 3 2 4 4 2 5 0 3 1 1 3 1 4 1 4 2 3 0
10 0 0 0 1 1 0 0 0 0 0 0 0 0 0 0 -360 -720 0 0 0 0 0 0 0 4 6 5 3 2 4 4 2 2 3 3 1 1 3 2 3 3 1 0 6 0
10 0 0 0 1 1 0 0 0 0 0 0 0 0 0 0 -840 2640 0 0 0 0 0 0 0 4 6 5 3 2 5 1 4 2 2 3 2 3 4 1 1 1 4 2 3 0
10 0 0 0 1 1 0 0 0 0 0 0 0 0 0 0 -1800 -2400 0 0 0 0 0 0 0 4 6 5 3 2 5 2 3 1 4 2 2 1 3 1 4 3 2 4 1 0
10 0 0 0 1 1 0 0 0 0 0 0 0 0 0 0 -1440 -1680 0 0 0 0 0 0 0 4 6 5 3 2 5 2 3 1 5 1 2 2 2 1 4 3 2 4 1 0
10 0 0 0 1 1 0 0 0 0 0 0 0 0 0 0 240 480 0 0 0 0 0 0 0 4 6 5 4 1 4 4 2 3 1 4 1 2 1 3 3 0 4 2 4 0
10 0 0 0 1 1 0 0 0 0 0 0 0 0 0 0 -360 1440 0 0 0 0 0 0 0 4 6 5 4 1 4 4 2 2 2 4 1 3 1 1 4 1 1 5 3 0
10 0 0 0 1 1 0 0 0 0 0 0 0 0 0 0 960 1200 0 0 0 0 0 0 0 4 6 5 4 1 4 4 2 3 3 2 1 2 2 3 2 1 1 5 3 0
10 0 0 0 1 1 0 0 0 0 0 0 0 0 0 0 1080 2160 0 0 0 0 0 0 0 4 6 5 4 1 4 4 2 4 1 2 2 2 4 1 2 1 1 5 3 0
10 0 0 0 1 1 0 0 0 0 0 0 0 0 0 0 1440 -960 0 0 0 0 0 0 0 4 6 5 4 1 4 4 2 4 2 1 2 0 3 3 3 1 1 5 3 0
10 0 0 0 1 1 0 0 0 0 0 0 0 0 0 0 1440 -720 0 0 0 0 0 0 0 4 6 5 4 1 4 4 2 4 2 1 2 1 1 4 3 1 1 5 3 0
10 0 0 0 1 1 0 0 0 0 0 0 0 0 0 0 -720 -1440 0 0 0 0 0 0 0 4 6 5 4 1 4 5 1 3 1 2 3 1 2 4 2 2 2 4 2 0
10 0 0 0 1 1 0 0 0 0 0 0 0 0 0 0 -1080 -1440 0 0 0 0 0 0 0 4 6 5 4 1 5 2 3 2 2 4 1 1 3 1 4 2 2 4 2 0
10 0 0 0 1 1 0 0 0 0 0 0 0 0 0 0 -840 2640 0 0 0 0 0 0 0 4 6 5 5 0 5 2 3 2 2 3 2 3 3 2 1 1 2 4 3 0
10 0 0 0 1 1 0 0 0 0 0 0 0 0 0 0 -1200 -1440 0 0 0 0 0 0 0 4 6 6 2 2 5 3 2 2 2 3 2 2 0 2 5 1 3 3 3 0
10 0 0 0 1 1 0 0 0 0 0 0 0 0 0 0 -840 2640 0 0 0 0 0 0 0 4 6 6 3 1 5 3 2 2 2 3 2 3 2 3 1 0 3 3 4 0
10 0 0 0 1 1 0 0 0 0 0 0 0 0 0 0 -360 -240 0 0 0 0 0 0 0 4 6 6 3 1 5 3 2 2 3 3 1 1 2 3 3 0 3 3 4 0
10 0 0 0 1 1 0 0 0 0 0 0 0 0 0 0 1080 -240 0 0 0 0 0 0 0 4 6 6 3 1 5 3 2 4 2 1 2 1 2 3 3 0 3 3 4 0
10 0 0 0 1 1 0 0 0 0 0 0 0 0 0 0 1440 1440 0 0 0 0 0 0 0 5 5 3 4 3 2 5 3 3 3 2 1 4 1 0 4 3 2 3 2 0
10 0 0 0 1 1 0 0 0 0 0 0 0 0 0 0 960 -240 0 0 0 0 0 0 0 5 5 3 5 2 2 6 2 4 0 4 1 3 1 1 4 3 3 2 2 0
10 0 0 0 1 1 0 0 0 0 0 0 0 0 0 0 0 720 0 0 0 0 0 0 0 5 5 4 3 3 3 4 3 2 3 2 2 3 1 3 2 2 4 1 3 0
10 0 0 0 1 1 0 0 0 0 0 0 0 0 0 0 600 0 0 0 0 0 0 0 0 5 5 4 3 3 3 4 3 3 2 2 2 2 2 3 2 2 4 1 3 0
10 0 0 0 1 1 0 0 0 0 0 0 0 0 0 0 600 720 0 0 0 0 0 0 0 5 5 4 3 3 3 4 3 3 2 2 2 3 1 3 2 2 4 1 3 0
10 0 0 0 1 1 0 0 0 0 0 0 0 0 0 0 600 1200 0 0 0 0 0 0 0 5 5 4 3 3 3 4 3 3 2 2 2 3 2 2 2 2 4 1 3 0
10 0 0 0 1 1 0 0 0 0 0 0 0 0 0 0 600 1440 0 0 0 0 0 0 0 5 5 4 3 3 3 4 3 3 2 2 2 3 2 3 1 2 4 1 3 0
10 0 0 0 1 1 0 0 0 0 0 0 0 0 0 0 960 720 0 0 0 0 0 0 0 5 5 4 3 3 3 4 3 3 3 1 2 3 1 3 2 2 4 1 3 0
10 0 0 0 1 1 0 0 0 0 0 0 0 0 0 0 1080 720 0 0 0 0 0 0 0 5 5 4 3 3 3 4 3 3 3 2 1 3 1 3 2 2 4 1 3 0
10 0 0 0 1 1 0 0 0 0 0 0 0 0 0 0 1320 -240 0 0 0 0 0 0 0 5 5 4 3 3 3 4 3 3 4 0 2 2 2 2 3 3 1 4 2 0
10 0 0 0 1 1 0 0 0 0 0 0 0 0 0 0 -1080 -1440 0 0 0 0 0 0 0 5 5 4 3 3 3 5 2 2 2 3 2 3 0 3 3 3 5 0 2 0
10 0 0 0 1 1 0 0 0 0 0 0 0 0 0 0 1320 2160 0 0 0 0 0 0 0 5 5 4 4 2 3 4 3 4 0 4 1 3 2 2 2 1 4 1 4 0
10 0 0 0 1 1 0 0 0 0 0 0 0 0 0 0 1680 2640 0 0 0 0 0 0 0 5 5 4 4 2 3 4 3 4 1 3 1 3 2 4 0 1 4 1 4 0
10 0 0 0 1 1 0 0 0 0 0 0 0 0 0 0 1080 1920 0 0 0 0 0 0 0 5 5 4 4 2 3 4 3 3 2 3 1 2 4 1 2 2 1 4 3 0
10 0 0 0 1 1 0 0 0 0 0 0 0 0 0 0 360 -960 0 0 0 0 0 0 0 5 5 4 4 2 3 5 2 4 0 2 3 1 3 4 1 3 2 3 2 0
10 0 0 0 1 1 0 0 0 0 0 0 0 0 0 0 -480 0 0 0 0 0 0 0 0 5 5 4 4 2 4 2 4 2 2 5 0 3 1 2 3 2 5 0 3 0
10 0 0 0 1 1 0 0 0 0 0 0 0 0 0 0 360 -240 0 0 0 0 0 0 0 5 5 4 4 2 4 2 4 3 2 3 1 1 5 1 2 3 2 3 2 0
10 0 0 0 1 1 0 0 0 0 0 0 0 0 0 0 2160 2880 0 0 0 0 0 0 0 5 5 4 5 1 3 4 3 3 4 1 1 3 1 4 1 1 1 4 4 0
10 0 0 0 1 1 0 0 0 0 0 0 0 0 0 0 0 1920 0 0 0 0 0 0 0 5 5 4 5 1 3 5 2 3 0 5 1 3 3 0 3 2 2 3 3 0
10 0 0 0 1 1 0 0 0 0 0 0 0 0 0 0 600 1440 0 0 0 0 0 0 0 5 5 4 5 1 3 5 2 3 2 2 2 3 1 4 1 2 2 3 3 0
10 0 0 0 1 1 0 0 0 0 0 0 0 0 0 0 960 -720 0 0 0 0 0 0 0 5 5 4 5 1 3 5 2 4 0 4 1 1 2 4 2 2 2 3 3 0
10 0 0 0 1 1 0 0 0 0 0 0 0 0 0 0 2400 -2160 0 0 0 0 0 0 0 5 5 4 5 1 3 5 2 5 1 3 0 0 2 4 3 2 2 3 3 0
10 0 0 0 1 1 0 0 0 0 0 0 0 0 0 0 0 2160 0 0 0 0 0 0 0 5 5 4 5 1 4 2 4 3 0 5 1 2 5 1 1 2 2 3 3 0
10 0 0 0 1 1 0 0 0 0 0 0 0 0 0 0 -1080 -960 0 0 0 0 0 0 0 5 5 4 5 1 4 3 3 1 4 4 0 3 0 3 3 3 3 2 2 0
10 0 0 0 1 1 0 0 0 0 0 0 0 0 0 0 0 -240 0 0 0 0 0 0 0 5 5 4 6 0 4 3 3 3 1 4 1 2 1 5 1 2 3 2 3 0
10 0 0 0 1 1 0 0 0 0 0 0 0 0 0 0 360 720 0 0 0 0 0 0 0 5 5 5 1 4 3 5 2 2 4 1 2 2 3 1 3 2 2 3 3 0
10 0 0 0 1 1 0 0 0 0 0 0 0 0 0 0 960 1920 0 0 0 0 0 0 0 5 5 5 2 3 3 5 2 3 2 2 2 2 3 2 2 1 2 3 4 0
10 0 0 0 1 1 0 0 0 0 0 0 0 0 0 0 1440 1440 0 0 0 0 0 0 0 5 5 5 2 3 3 5 2 3 3 2 1 3 1 0 5 1 2 3 4 0
10 0 0 0 1 1 0 0 0 0 0 0 0 0 0 0 -120 480 0 0 0 0 0 0 0 5 5 5 2 3 3 6 1 2 3 4 0 3 1 2 3 2 3 2 3 0
10 0 0 0 1 1 0 0 0 0 0 0 0 0 0 0 240 -240 0 0 0 0 0 0 0 5 5 5 2 3 3 6 1 3 2 2 2 2 2 2 3 2 3 2 3 0
10 0 0 0 1 1 0 0 0 0 0 0 0 0 0 0 1320 -960 0 0 0 0 0 0 0 5 5 5 2 3 4 3 3 4 2 2 1 0 5 2 2 2 3 2 3 0
10 0 0 0 1 1 0 0 0 0 0 0 0 0 0 0 -1920 -2880 0 0 0 0 0 0 0 5 5 5 2 3 4 4 2 2 1 3 3 1 2 3 3 3 4 1 2 0
10 0 0 0 1 1 0 0 0 0 0 0 0 0 0 0 1800 2640 0 0 0 0 0 0 0 5 5 5 3 2 3 5 2 3 3 2 1 2 2 4 1 0 2 3 5 0
10 0 0 0 1 1 0 0 0 0 0 0 0 0 0 0 0 1200 0 0 0 0 0 0 0 5 5 5 3 2 3 6 1 2 3 2 2 3 0 4 2 1 3 2 4 0
10 0 0 0 1 1 0 0 0 0 0 0 0 0 0 0 600 1200 0 0 0 0 0 0 0 5 5 5 3 2 3 6 1 3 2 2 2 3 0 4 2 1 3 2 4 0
10 0 0 0 1 1 0 0 0 0 0 0 0 0 0 0 960 1200 0 0 0 0 0 0 0 5 5 5 3 2 3 6 1 3 3 1 2 3 0 4 2 1 3 2 4 0
10 0 0 0 1 1 0 0 0 0 0 0 0 0 0 0 1080 1200 0 0 0 0 0 0 0 5 5 5 3 2 3 6 1 3 3 2 1 3 0 4 2 1 3 2 4 0
10 0 0 0 1 1 0 0 0 0 0 0 0 0 0 0 -1920 4080 0 0 0 0 0 0 0 5 5 5 3 2 4 3 3 0 3 4 2 4 3 1 1 1 3 2 4 0
10 0 0 0 1 1 0 0 0 0 0 0 0 0 0 0 -360 720 0 0 0 0 0 0 0 5 5 5 3 2 4 3 3 1 4 4 0 2 2 2 3 1 3 2 4 0
10 0 0 0 1 1 0 0 0 0 0 0 0 0 0 0 1080 0 0 0 0 0 0 0 0 5 5 5 3 2 4 3 3 3 3 2 1 1 3 2 3 1 3 2 4 0
10 0 0 0 1 1 0 0 0 0 0 0 0 0 0 0 1080 480 0 0 0 0 0 0 0 5 5 5 3 2 4 3 3 3 3 2 1 2 1 4 2 1 3 2 4 0
10 0 0 0 1 1 0 0 0 0 0 0 0 0 0 0 1080 720 0 0 0 0 0 0 0 5 5 5 3 2 4 3 3 3 3 2 1 2 2 2 3 1 3 2 4 0
10 0 0 0 1 1 0 0 0 0 0 0 0 0 0 0 1080 1200 0 0 0 0 0 0 0 5 5 5 3 2 4 3 3 3 3 2 1 2 3 1 3 1 3 2 4 0
10 0 0 0 1 1 0 0 0 0 0 0 0 0 0 0 1080 1440 0 0 0 0 0 0 0 5 5 5 3 2 4 3 3 3 3 2 1 2 3 2 2 1 3 2 4 0
10 0 0 0 1 1 0 0 0 0 0 0 0 0 0 0 1440 0 0 0 0 0 0 0 0 5 5 5 3 2 4 3 3 3 4 1 1 2 0 5 2 1 3 2 4 0
10 0 0 0 1 1 0 0 0 0 0 0 0 0 0 0 960 -720 0 0 0 0 0 0 0 5 5 5 3 2 4 3 3 4 0 4 1 0 4 2 3 1 3 2 4 0
10 0 0 0 1 1 0 0 0 0 0 0 0 0 0 0 -120 480 0 0 0 0 0 0 0 5 5 5 3 2 4 3 3 1 5 2 1 1 4 1 3 2 0 5 3 0
10 0 0 0 1 1 0 0 0 0 0 0 0 0 0 0 -1200 -1440 0 0 0 0 0 0 0 5 5 5 3 2 4 4 2 1 4 3 1 2 0 5 2 2 4 1 3 0
10 0 0 0 1 1 0 0 0 0 0 0 0 0 0 0 -1080 -1680 0 0 0 0 0 0 0 5 5 5 3 2 4 4 2 2 2 3 2 1 2 4 2 2 4 1 3 0
10 0 0 0 1 1 0 0 0 0 0 0 0 0 0 0 -720 -960 0 0 0 0 0 0 0 5 5 5 3 2 4 4 2 2 3 2 2 2 1 4 2 2 4 1 3 0
10 0 0 0 1 1 0 0 0 0 0 0 0 0 0 0 -480 -960 0 0 0 0 0 0 0 5 5 5 3 2 4 4 2 2 4 0 3 1 3 4 1 3 1 4 2 0
10 0 0 0 1 1 0 0 0 0 0 0 0 0 0 0 -2520 -3600 0 0 0 0 0 0 0 5 5 5 3 2 4 5 1 1 3 2 3 1 2 2 4 4 2 3 1 0
10 0 0 0 1 1 0 0 0 0 0 0 0 0 0 0 -1560 -2160 0 0 0 0 0 0 0 5 5 5 3 2 5 1 4 1 3 4 1 0 4 2 3 2 4 1 3 0
10 0 0 0 1 1 0 0 0 0 0 0 0 0 0 0 -1200 -1440 0 0 0 0 0 0 0 5 5 5 3 2 5 1 4 1 4 3 1 1 3 2 3 2 4 1 3 0
10 0 0 0 1 1 0 0 0 0 0 0 0 0 0 0 -1080 -960 0 0 0 0 0 0 0 5 5 5 3 2 5 1 4 1 4 4 0 2 2 1 4 2 4 1 3 0
10 0 0 0 1 1 0 0 0 0 0 0 0 0 0 0 240 1200 0 0 0 0 0 0 0 5 5 5 4 1 4 3 3 2 2 5 0 1 3 3 2 0 3 2 5 0
10 0 0 0 1 1 0 0 0 0 0 0 0 0 0 0 720 1920 0 0 0 0 0 0 0 5 5 5 4 1 4 3 3 3 1 4 1 1 4 3 1 0 3 2 5 0
10 0 0 0 1 1 0 0 0 0 0 0 0 0 0 0 1680 2640 0 0 0 0 0 0 0 5 5 5 4 1 4 3 3 4 1 3 1 2 3 3 1 0 3 2 5 0
10 0 0 0 1 1 0 0 0 0 0 0 0 0 0 0 1440 1920 0 0 0 0 0 0 0 5 5 5 4 1 4 3 3 3 3 2 1 2 2 3 2 1 0 5 4 0
10 0 0 0 1 1 0 0 0 0 0 0 0 0 0 0 -120 -240 0 0 0 0 0 0 0 5 5 5 4 1 4 4 2 2 3 4 0 1 3 3 2 2 1 4 3 0
10 0 0 0 1 1 0 0 0 0 0 0 0 0 0 0 -120 480 0 0 0 0 0 0 0 5 5 5 4 1 4 4 2 2 3 4 0 2 3 0 4 2 1 4 3 0
10 0 0 0 1 1 0 0 0 0 0 0 0 0 0 0 -120 -960 0 0 0 0 0 0 0 5 5 5 4 1 4 4 2 3 1 3 2 0 4 3 2 2 1 4 3 0
10 0 0 0 1 1 0 0 0 0 0 0 0 0 0 0 -120 -720 0 0 0 0 0 0 0 5 5 5 4 1 4 4 2 3 1 3 2 1 2 4 2 2 1 4 3 0
10 0 0 0 1 1 0 0 0 0 0 0 0 0 0 0 240 -720 0 0 0 0 0 0 0 5 5 5 4 1 4 4 2 3 2 2 2 0 4 4 1 2 1 4 3 0
10 0 0 0 1 1 0 0 0 0 0 0 0 0 0 0 360 -240 0 0 0 0 0 0 0 5 5 5 4 1 4 4 2 3 2 3 1 1 3 3 2 2 1 4 3 0
10 0 0 0 1 1 0 0 0 0 0 0 0 0 0 0 1320 -960 0 0 0 0 0 0 0 5 5 5 4 1 4 4 2 4 2 2 1 0 4 3 2 2 1 4 3 0
10 0 0 0 1 1 0 0 0 0 0 0 0 0 0 0 -3000 -4320 0 0 0 0 0 0 0 5 5 5 4 1 5 3 2 1 2 5 1 0 3 4 2 4 3 2 1 0
10 0 0 0 1 1 0 0 0 0 0 0 0 0 0 0 1080 1440 0 0 0 0 0 0 0 5 5 5 5 0 4 4 2 3 3 2 1 2 2 3 2 1 1 4 4 0
10 0 0 0 1 1 0 0 0 0 0 0 0 0 0 0 -360 -720 0 0 0 0 0 0 0 5 5 6 1 3 4 5 1 2 4 1 2 1 3 3 2 2 2 3 3 0
10 0 0 0 1 1 0 0 0 0 0 0 0 0 0 0 240 -240 0 0 0 0 0 0 0 5 5 6 2 2 4 5 1 3 2 2 2 1 3 1 4 1 2 3 4 0
10 0 0 0 1 1 0 0 0 0 0 0 0 0 0 0 360 -240 0 0 0 0 0 0 0 5 5 6 2 2 4 5 1 3 2 3 1 1 2 4 2 1 2 3 4 0
10 0 0 0 1 1 0 0 0 0 0 0 0 0 0 0 720 0 0 0 0 0 0 0 0 5 5 6 2 2 4 5 1 3 3 2 1 1 3 2 3 1 2 3 4 0
10 0 0 0 1 1 0 0 0 0 0 0 0 0 0 0 -1560 -2160 0 0 0 0 0 0 0 5 5 6 3 1 5 3 2 1 3 4 1 0 2 4 3 1 3 2 4 0
10 0 0 0 1 1 0 0 0 0 0 0 0 0 0 0 -1200 -1440 0 0 0 0 0 0 0 5 5 6 3 1 5 3 2 1 4 3 1 1 1 4 3 1 3 2 4 0
10 0 0 0 1 1 0 0 0 0 0 0 0 0 0 0 960 1200 0 0 0 0 0 0 0 6 4 3 4 3 1 7 2 2 3 3 1 3 1 2 3 3 1 3 3 0
10 0 0 0 1 1 0 0 0 0 0 0 0 0 0 0 2040 2880 0 0 0 0 0 0 0 6 4 3 4 3 2 4 4 3 3 3 0 3 4 0 2 3 1 3 3 0
10 0 0 0 1 1 0 0 0 0 0 0 0 0 0 0 240 480 0 0 0 0 0 0 0 6 4 3 4 3 2 5 3 2 3 3 1 3 2 2 2 4 2 2 2 0
10 0 0 0 1 1 0 0 0 0 0 0 0 0 0 0 1800 -1440 0 0 0 0 0 0 0 6 4 3 4 3 2 5 3 4 2 2 1 1 3 3 2 4 2 2 2 0
10 0 0 0 1 1 0 0 0 0 0 0 0 0 0 0 0 0 0 0 0 0 0 0 0 6 4 3 6 1 3 3 4 2 2 5 0 2 2 4 1 3 3 1 3 0
10 0 0 0 1 1 0 0 0 0 0 0 0 0 0 0 0 720 0 0 0 0 0 0 0 6 4 3 6 1 3 3 4 2 2 5 0 3 1 4 1 3 3 1 3 0
10 0 0 0 1 1 0 0 0 0 0 0 0 0 0 0 0 1200 0 0 0 0 0 0 0 6 4 3 6 1 3 3 4 2 2 5 0 3 2 3 1 3 3 1 3 0
10 0 0 0 1 1 0 0 0 0 0 0 0 0 0 0 600 0 0 0 0 0 0 0 0 6 4 3 6 1 3 3 4 3 1 5 0 2 2 4 1 3 3 1 3 0
10 0 0 0 1 1 0 0 0 0 0 0 0 0 0 0 960 0 0 0 0 0 0 0 0 6 4 3 6 1 3 3 4 3 2 4 0 2 2 4 1 3 3 1 3 0
10 0 0 0 1 1 0 0 0 0 0 0 0 0 0 0 240 720 0 0 0 0 0 0 0 6 4 4 2 4 2 6 2 2 3 3 1 3 2 1 3 3 3 1 3 0
10 0 0 0 1 1 0 0 0 0 0 0 0 0 0 0 240 480 0 0 0 0 0 0 0 6 4 4 2 4 3 3 4 2 3 3 1 2 4 0 3 3 3 1 3 0
10 0 0 0 1 1 0 0 0 0 0 0 0 0 0 0 2160 2640 0 0 0 0 0 0 0 6 4 4 3 3 2 5 3 2 5 2 0 3 1 2 3 1 2 2 5 0
10 0 0 0 1 1 0 0 0 0 0 0 0 0 0 0 1440 480 0 0 0 0 0 0 0 6 4 4 3 3 3 3 4 2 5 2 0 2 2 2 3 2 3 1 4 0
10 0 0 0 1 1 0 0 0 0 0 0 0 0 0 0 -360 -240 0 0 0 0 0 0 0 6 4 4 3 3 3 4 3 1 5 2 1 2 3 2 2 4 1 3 2 0
10 0 0 0 1 1 0 0 0 0 0 0 0 0 0 0 2040 2880 0 0 0 0 0 0 0 6 4 4 4 2 2 6 2 3 3 3 0 3 2 2 2 2 0 4 4 0
10 0 0 0 1 1 0 0 0 0 0 0 0 0 0 0 240 720 0 0 0 0 0 0 0 6 4 4 4 2 2 7 1 2 3 3 1 3 1 2 3 3 1 3 3 0
10 0 0 0 1 1 0 0 0 0 0 0 0 0 0 0 1320 -720 0 0 0 0 0 0 0 6 4 4 4 2 3 4 3 4 1 2 2 1 3 2 3 1 4 5 0 0
10 0 0 0 1 1 0 0 0 0 0 0 0 0 0 0 0 1200 0 0 0 0 0 0 0 6 4 4 4 2 3 4 3 2 2 5 0 3 1 4 1 2 4 0 4 0
10 0 0 0 1 1 0 0 0 0 0 0 0 0 0 0 960 0 0 0 0 0 0 0 0 6 4 4 4 2 3 4 3 3 2 4 0 2 1 5 1 2 4 0 4 0
10 0 0 0 1 1 0 0 0 0 0 0 0 0 0 0 360 0 0 0 0 0 0 0 0 6 4 4 4 2 3 4 3 2 3 4 0 1 4 2 2 3 1 3 3 0
10 0 0 0 1 1 0 0 0 0 0 0 0 0 0 0 360 720 0 0 0 0 0 0 0 6 4 4 4 2 3 4 3 2 3 4 0 2 3 2 2 3 1 3 3 0
10 0 0 0 1 1 0 0 0 0 0 0 0 0 0 0 360 1200 0 0 0 0 0 0 0 6 4 4 4 2 3 4 3 2 3 4 0 2 4 1 2 3 1 3 3 0
10 0 0 0 1 1 0 0 0 0 0 0 0 0 0 0 360 1440 0 0 0 0 0 0 0 6 4 4 4 2 3 4 3 2 3 4 0 2 4 2 1 3 1 3 3 0
10 0 0 0 1 1 0 0 0 0 0 0 0 0 0 0 -1440 -2160 0 0 0 0 0 0 0 6 4 4 4 2 4 2 4 1 3 4 1 0 5 2 2 4 2 2 2 0
10 0 0 0 1 1 0 0 0 0 0 0 0 0 0 0 -360 2160 0 0 0 0 0 0 0 6 4 4 5 1 3 4 3 1 3 4 1 2 3 4 0 2 1 3 4 0
10 0 0 0 1 1 0 0 0 0 0 0 0 0 0 0 960 1920 0 0 0 0 0 0 0 6 4 4 5 1 3 4 3 3 1 5 0 2 3 3 1 2 1 3 4 0
10 0 0 0 1 1 0 0 0 0 0 0 0 0 0 0 720 480 0 0 0 0 0 0 0 6 4 5 2 3 3 5 2 3 2 2 2 2 2 2 3 0 5 4 1 0
10 0 0 0 1 1 0 0 0 0 0 0 0 0 0 0 -720 -960 0 0 0 0 0 0 0 6 4 5 2 3 3 5 2 1 3 4 1 1 2 2 4 2 2 2 4 0
10 0 0 0 1 1 0 0 0 0 0 0 0 0 0 0 -120 2160 0 0 0 0 0 0 0 6 4 5 2 3 3 5 2 2 2 4 1 2 5 0 2 2 2 2 4 0
10 0 0 0 1 1 0 0 0 0 0 0 0 0 0 0 240 0 0 0 0 0 0 0 0 6 4 5 2 3 3 5 2 2 3 3 1 1 4 0 4 2 2 2 4 0
10 0 0 0 1 1 0 0 0 0 0 0 0 0 0 0 240 480 0 0 0 0 0 0 0 6 4 5 2 3 3 5 2 2 3 3 1 2 2 2 3 2 2 2 4 0
10 0 0 0 1 1 0 0 0 0 0 0 0 0 0 0 240 720 0 0 0 0 0 0 0 6 4 5 2 3 3 5 2 2 3 3 1 2 3 0 4 2 2 2 4 0
10 0 0 0 1 1 0 0 0 0 0 0 0 0 0 0 240 1440 0 0 0 0 0 0 0 6 4 5 2 3 3 5 2 2 3 3 1 2 4 0 3 2 2 2 4 0
10 0 0 0 1 1 0 0 0 0 0 0 0 0 0 0 360 1200 0 0 0 0 0 0 0 6 4 5 2 3 3 5 2 2 3 4 0 2 3 2 2 2 2 2 4 0
10 0 0 0 1 1 0 0 0 0 0 0 0 0 0 0 720 -720 0 0 0 0 0 0 0 6 4 5 2 3 3 5 2 3 2 2 2 0 4 3 2 2 2 2 4 0
10 0 0 0 1 1 0 0 0 0 0 0 0 0 0 0 1800 -1440 0 0 0 0 0 0 0 6 4 5 2 3 3 5 2 4 2 2 1 0 3 3 3 2 2 2 4 0
10 0 0 0 1 1 0 0 0 0 0 0 0 0 0 0 600 -240 0 0 0 0 0 0 0 6 4 5 3 2 3 5 2 2 3 3 1 0 3 4 2 1 2 2 5 0
10 0 0 0 1 1 0 0 0 0 0 0 0 0 0 0 1080 2160 0 0 0 0 0 0 0 6 4 5 3 2 3 5 2 3 2 2 2 2 2 5 0 1 2 2 5 0
10 0 0 0 1 1 0 0 0 0 0 0 0 0 0 0 -120 -240 0 0 0 0 0 0 0 6 4 5 3 2 3 6 1 2 3 3 1 2 1 4 2 2 3 1 4 0
10 0 0 0 1 1 0 0 0 0 0 0 0 0 0 0 360 480 0 0 0 0 0 0 0 6 4 5 3 2 4 3 3 3 2 2 2 2 2 4 1 0 6 3 1 0
10 0 0 0 1 1 0 0 0 0 0 0 0 0 0 0 -120 -720 0 0 0 0 0 0 0 6 4 5 3 2 4 3 3 2 3 3 1 0 4 5 0 2 3 1 4 0
10 0 0 0 1 1 0 0 0 0 0 0 0 0 0 0 240 0 0 0 0 0 0 0 0 6 4 5 3 2 4 3 3 2 4 2 1 1 3 5 0 2 3 1 4 0
10 0 0 0 1 1 0 0 0 0 0 0 0 0 0 0 360 -720 0 0 0 0 0 0 0 6 4 5 3 2 4 3 3 3 2 2 2 0 4 5 0 2 3 1 4 0
10 0 0 0 1 1 0 0 0 0 0 0 0 0 0 0 -360 -240 0 0 0 0 0 0 0 6 4 5 3 2 4 3 3 1 5 2 1 1 4 1 3 3 0 4 3 0
10 0 0 0 1 1 0 0 0 0 0 0 0 0 0 0 -1560 -2400 0 0 0 0 0 0 0 6 4 5 3 2 4 4 2 1 4 2 2 0 4 4 1 4 1 3 2 0
10 0 0 0 1 1 0 0 0 0 0 0 0 0 0 0 0 1200 0 0 0 0 0 0 0 6 4 5 4 1 4 3 3 2 2 5 0 2 2 3 2 1 3 1 5 0
10 0 0 0 1 1 0 0 0 0 0 0 0 0 0 0 960 0 0 0 0 0 0 0 0 6 4 5 4 1 4 3 3 3 2 4 0 1 2 4 2 1 3 1 5 0
10 0 0 0 1 1 0 0 0 0 0 0 0 0 0 0 -720 2640 0 0 0 0 0 0 0 6 4 5 4 1 4 3 3 1 3 4 1 2 4 3 0 2 0 4 4 0
10 0 0 0 1 1 0 0 0 0 0 0 0 0 0 0 360 480 0 0 0 0 0 0 0 6 4 5 4 1 4 3 3 2 3 4 0 1 3 3 2 2 0 4 4 0
10 0 0 0 1 1 0 0 0 0 0 0 0 0 0 0 360 720 0 0 0 0 0 0 0 6 4 5 4 1 4 3 3 2 3 4 0 1 4 1 3 2 0 4 4 0
10 0 0 0 1 1 0 0 0 0 0 0 0 0 0 0 720 720 0 0 0 0 0 0 0 6 4 5 4 1 4 3 3 2 4 3 0 1 3 4 1 2 0 4 4 0
10 0 0 0 1 1 0 0 0 0 0 0 0 0 0 0 720 1200 0 0 0 0 0 0 0 6 4 5 4 1 4 3 3 2 4 3 0 1 4 3 1 2 0 4 4 0
10 0 0 0 1 1 0 0 0 0 0 0 0 0 0 0 -840 -960 0 0 0 0 0 0 0 6 4 5 4 1 4 4 2 2 2 4 1 2 1 3 3 1 4 5 0 0
10 0 0 0 1 1 0 0 0 0 0 0 0 0 0 0 -1440 -2160 0 0 0 0 0 0 0 6 4 5 4 1 4 4 2 1 3 4 1 0 3 4 2 3 1 3 3 0
10 0 0 0 1 1 0 0 0 0 0 0 0 0 0 0 -120 -240 0 0 0 0 0 0 0 6 4 6 3 1 4 5 1 2 3 3 1 1 2 3 3 1 2 2 5 0
10 0 0 0 1 1 0 0 0 0 0 0 0 0 0 0 720 1920 0 0 0 0 0 0 0 7 3 3 4 3 2 4 4 2 3 3 1 2 5 2 0 4 1 2 3 0
10 0 0 0 1 1 0 0 0 0 0 0 0 0 0 0 360 0 0 0 0 0 0 0 0 7 3 4 3 3 2 6 2 2 3 3 1 2 2 3 2 3 3 0 4 0
10 0 0 0 1 1 0 0 0 0 0 0 0 0 0 0 1320 0 0 0 0 0 0 0 0 7 3 4 3 3 3 3 4 3 3 2 1 2 2 3 2 1 6 2 1 0
10 0 0 0 1 1 0 0 0 0 0 0 0 0 0 0 -120 480 0 0 0 0 0 0 0 7 3 4 3 3 3 3 4 1 4 4 0 2 3 2 2 3 3 0 4 0
10 0 0 0 1 1 0 0 0 0 0 0 0 0 0 0 1320 1920 0 0 0 0 0 0 0 7 3 4 4 2 3 3 4 3 2 3 1 2 4 1 2 1 3 5 1 0
10 0 0 0 1 1 0 0 0 0 0 0 0 0 0 0 -480 -720 0 0 0 0 0 0 0 7 3 4 4 2 3 4 3 1 4 4 0 1 4 2 2 4 1 2 3 0
10 0 0 0 1 1 0 0 0 0 0 0 0 0 0 0 1320 0 0 0 0 0 0 0 0 7 3 4 5 1 3 4 3 3 3 2 1 2 1 4 2 1 4 4 1 0
10 0 0 0 1 1 0 0 0 0 0 0 0 0 0 0 0 0 0 0 0 0 0 0 0 7 3 5 4 1 4 3 3 2 3 3 1 1 3 4 1 1 3 5 1 0
