28 0 724 10 18 11 10 7 10 8 10 8 9 6 5 7 8 4 9 8 3 5 7 5
28 0 727 10 18 11 11 6 9 12 7 9 7 8 4 9 4 6 9 8 4 4 7 5
28 0 725 10 18 11 11 6 10 9 9 9 7 8 4 8 7 3 10 8 4 4 7 5
28 0 727 10 18 12 9 7 10 10 8 9 7 8 4 8 6 4 10 7 5 3 8 5
28 0 723 10 18 12 10 6 10 10 8 8 9 6 5 7 6 6 9 7 2 6 8 5
28 0 728 10 18 12 11 5 10 11 7 9 7 8 4 8 5 5 10 7 3 5 8 5
28 0 727 10 18 12 12 4 11 9 8 10 5 10 3 8 5 7 8 5 7 6 5 5
28 0 724 11 17 10 13 5 10 7 11 8 8 9 3 7 8 5 8 9 2 5 7 5
28 0 724 11 17 11 13 4 10 9 9 8 8 9 3 7 6 7 8 8 1 6 8 5
28 0 726 11 17 12 9 7 9 12 7 9 6 8 5 8 5 4 11 5 7 5 6 5
28 0 721 11 17 12 10 6 9 12 7 8 8 6 6 7 5 6 10 5 4 8 6 5
28 0 713 11 17 12 10 6 10 10 8 9 7 7 5 8 4 9 7 5 8 4 6 5
28 0 710 11 17 12 10 6 11 7 10 9 7 7 5 7 7 6 8 5 8 4 6 5
28 0 719 11 17 12 11 5 10 10 8 8 8 9 3 7 5 8 8 7 2 5 9 5
28 0 724 11 17 12 11 5 11 7 10 8 8 9 3 6 8 5 9 7 2 5 9 5
28 0 723 11 17 12 12 4 10 11 7 9 7 7 5 8 3 10 7 5 6 6 6 5
28 0 709 11 17 12 12 4 11 8 9 9 7 7 5 7 6 7 8 5 6 6 6 5
28 0 721 11 17 13 8 7 11 8 9 9 7 7 5 7 6 7 8 4 9 3 7 5
28 0 723 11 17 13 9 6 11 8 9 8 8 9 3 6 7 6 9 6 3 4 10 5
28 0 712 11 17 13 10 5 11 9 8 9 7 7 5 7 5 8 8 4 7 5 7 5
28 0 728 11 17 13 11 4 11 9 8 8 9 5 6 6 5 10 7 4 4 8 7 5
28 0 727 11 17 13 12 3 11 10 7 9 7 7 5 7 4 9 8 4 5 7 7 5
28 0 728 11 17 14 8 6 12 7 9 9 7 7 5 6 7 6 9 3 8 4 8 5
28 0 724 11 17 14 10 4 12 8 8 9 7 7 5 6 6 7 9 3 6 6 8 5
28 0 722 12 16 9 12 7 8 10 10 8 8 8 4 9 5 7 7 10 5 1 7 5
28 0 727 12 16 10 12 6 8 12 8 8 8 8 4 9 3 9 7 9 4 2 8 5
28 0 722 12 16 10 12 6 8 12 8 9 5 11 3 9 4 6 9 7 7 4 5 5
28 0 721 12 16 10 12 6 9 9 10 9 5 11 3 8 7 3 10 7 7 4 5 5
28 0 725 12 16 10 14 4 9 10 9 9 5 11 3 8 6 4 10 7 5 6 5 5
28 0 725 12 16 10 15 3 10 8 10 9 6 10 3 8 5 9 6 7 6 5 5 5
28 0 716 12 16 11 10 7 9 10 9 8 8 8 4 8 5 7 8 8 5 1 9 5
28 0 721 12 16 11 10 7 9 10 9 9 5 11 3 8 6 4 10 6 8 3 6 5
28 0 717 12 16 11 12 5 9 11 8 9 5 11 3 8 5 5 10 6 6 5 6 5
28 0 713 12 16 11 13 4 9 11 8 8 7 9 4 7 5 7 9 6 3 8 6 5
28 0 725 12 16 11 13 4 10 9 9 8 9 7 4 7 7 7 7 8 1 10 4 5
28 0 718 12 16 11 13 4 10 9 9 9 6 10 3 8 4 10 6 6 7 4 6 5
28 0 716 12 16 11 13 4 11 6 11 9 6 10 3 7 7 7 7 6 7 4 6 5
28 0 729 12 16 12 9 7 9 11 8 7 10 6 5 7 4 10 7 7 3 3 10 5
28 0 729 12 16 12 10 6 9 12 7 8 8 8 4 8 3 9 8 7 4 2 10 5
28 0 724 12 16 12 10 6 9 12 7 9 5 11 3 8 4 6 10 5 7 4 7 5
28 0 723 12 16 12 10 6 10 9 9 7 10 9 2 6 7 9 6 7 4 2 10 5
28 0 724 12 16 12 10 6 10 9 9 9 5 11 3 7 7 3 11 5 7 4 7 5
28 0 712 12 16 12 11 5 9 12 7 8 7 9 4 7 4 8 9 5 4 7 7 5
28 0 718 12 16 12 11 5 11 7 10 8 9 7 4 6 9 5 8 7 2 9 5 5
28 0 713 12 16 12 11 5 11 7 10 9 6 10 3 7 6 8 7 5 8 3 7 5
28 0 725 12 16 12 12 4 10 10 8 9 5 11 3 7 6 4 11 5 5 6 7 5
28 0 719 12 16 12 13 3 11 8 9 9 6 10 3 7 5 9 7 5 6 5 7 5
28 0 709 12 16 13 9 6 10 10 8 8 7 9 4 6 6 6 10 4 5 6 8 5
28 0 728 12 16 13 10 5 10 11 7 9 5 11 3 7 5 5 11 4 6 5 8 5
28 0 727 12 16 13 10 5 10 11 7 9 6 7 6 7 4 8 9 2 9 7 5 5
28 0 719 12 16 13 10 5 11 9 8 9 8 5 6 7 6 8 7 4 7 9 3 5
28 0 722 12 16 13 11 4 10 11 7 8 7 9 4 6 5 7 10 4 3 8 8 5
28 0 724 12 16 13 11 4 11 9 8 8 9 7 4 6 7 7 8 6 1 10 6 5
28 0 723 12 16 13 11 4 11 9 8 9 6 10 3 7 4 10 7 4 7 4 8 5
28 0 722 12 16 13 11 4 12 6 10 9 6 10 3 6 7 7 8 4 7 4 8 5
28 0 728 12 16 14 8 6 11 10 7 9 8 5 6 7 5 9 7 3 8 8 4 5
28 0 728 12 16 14 8 6 12 7 9 9 8 5 6 6 8 6 8 3 8 8 4 5
28 0 721 12 16 14 9 5 11 10 7 8 9 7 4 6 6 8 8 5 2 9 7 5
28 0 729 12 16 14 9 5 12 7 9 8 9 7 4 5 9 5 9 5 2 9 7 5
28 0 725 12 16 14 10 4 12 7 9 8 8 8 4 5 6 10 7 3 5 6 9 5
28 0 726 13 15 10 10 8 7 13 8 8 7 8 5 9 3 8 8 7 8 2 6 5
28 0 727 13 15 10 12 6 7 14 7 8 7 8 5 9 2 9 8 7 6 4 6 5
28 0 727 13 15 11 8 9 8 11 9 8 7 8 5 8 5 6 9 6 9 1 7 5
28 0 726 13 15 11 9 8 8 12 8 8 8 7 5 8 7 2 11 8 4 6 5 5
28 0 721 13 15 11 11 6 9 10 9 7 11 4 6 7 6 9 6 8 2 8 5 5
28 0 724 13 15 11 11 6 9 10 9 8 8 7 5 8 3 12 5 6 8 2 7 5
28 0 714 13 15 11 12 5 9 11 8 9 6 9 4 8 6 5 9 6 6 9 2 5
28 0 727 13 15 11 12 5 10 8 10 9 6 9 4 7 9 2 10 6 6 9 2 5
28 0 727 13 15 11 13 4 9 11 8 9 5 10 4 8 3 10 7 4 9 6 4 5
28 0 714 13 15 11 13 4 10 8 10 9 5 10 4 7 6 7 8 4 9 6 4 5
28 0 721 13 15 12 9 7 10 8 10 8 8 7 5 7 5 10 6 5 9 1 8 5
28 0 712 13 15 12 10 6 9 12 7 9 6 9 4 8 5 6 9 5 7 8 3 5
28 0 714 13 15 12 10 6 10 9 9 9 6 9 4 7 8 3 10 5 7 8 3 5
28 0 717 13 15 12 11 5 10 9 9 8 8 7 5 6 8 5 9 5 4 11 3 5
28 0 715 13 15 12 11 5 10 9 9 9 5 10 4 7 5 8 8 3 10 5 5 5
28 0 718 13 15 12 12 4 10 9 9 8 6 12 2 6 6 7 9 5 4 6 8 5
28 0 722 13 15 12 12 4 10 10 8 9 6 9 4 7 7 4 10 5 5 10 3 5
28 0 725 13 15 12 13 3 10 10 8 9 5 10 4 7 4 9 8 3 8 7 5 5
28 0 720 13 15 13 7 8 9 12 7 7 10 8 3 6 8 5 9 6 4 6 7 5
28 0 726 13 15 13 8 7 9 13 6 8 8 10 2 7 7 4 10 6 5 5 7 5
28 0 714 13 15 13 8 7 10 9 9 7 9 9 3 5 8 7 8 4 7 3 9 5
28 0 716 13 15 13 8 7 10 10 8 9 6 9 4 7 7 4 10 4 8 7 4 5
28 0 724 13 15 13 9 6 9 12 7 8 6 9 5 6 5 6 11 2 7 8 6 5
28 0 723 13 15 13 9 6 9 13 6 7 10 8 3 6 7 6 9 6 2 8 7 5
28 0 728 13 15 13 9 6 10 10 8 7 10 8 3 5 10 3 10 6 2 8 7 5
28 0 724 13 15 13 9 6 10 10 8 7 11 4 6 6 6 9 7 6 2 8 7 5
28 0 724 13 15 13 9 6 10 10 8 8 7 11 2 6 7 6 9 4 8 2 9 5
28 0 729 13 15 13 10 5 9 13 6 7 9 9 3 6 4 11 7 4 5 5 9 5
28 0 708 13 15 13 10 5 10 10 8 7 9 9 3 5 7 8 8 4 5 5 9 5
28 0 721 13 15 13 10 5 10 11 7 7 11 7 3 6 6 11 5 6 3 7 7 5
28 0 726 13 15 13 10 5 10 11 7 9 6 9 4 7 5 8 8 3 8 7 10 0
28 0 716 13 15 13 10 5 10 11 7 9 6 9 4 7 6 5 10 4 6 9 4 5
28 0 729 13 15 13 10 5 11 7 10 8 6 12 2 5 8 5 10 4 5 5 9 5
28 0 713 13 15 13 10 5 11 8 9 7 11 7 3 5 9 8 6 6 3 7 7 5
28 0 722 13 15 13 11 4 10 11 7 8 7 11 2 6 6 7 9 4 6 4 9 5
28 0 721 13 15 13 11 4 11 8 9 9 5 10 4 6 6 7 9 2 9 6 6 5
28 0 726 13 15 13 12 3 10 11 7 7 9 9 3 5 6 9 8 4 3 7 9 5
28 0 725 13 15 14 8 6 10 11 7 7 9 9 3 5 6 9 8 3 6 4 10 5
28 0 725 13 15 14 8 6 10 12 6 9 6 9 4 7 5 6 10 3 7 8 5 5
28 0 727 13 15 14 8 6 11 8 9 7 9 9 3 4 9 6 9 3 6 4 10 5
28 0 717 13 15 14 8 6 11 9 8 7 11 7 3 5 8 9 6 5 4 6 8 5
28 0 728 13 15 14 8 6 11 9 8 9 6 9 4 6 8 3 11 3 7 8 5 5
28 0 729 13 15 14 9 5 11 9 8 8 8 7 5 5 8 5 10 3 4 11 5 5
28 0 726 13 15 14 10 4 11 9 8 7 9 9 3 4 8 7 9 3 4 6 10 5
28 0 727 13 15 14 10 4 11 9 8 8 7 8 5 5 5 10 8 1 7 8 7 5
28 0 727 13 15 14 10 4 11 10 7 8 8 10 2 5 8 7 8 3 5 10 5 5
28 0 726 14 14 9 13 6 7 12 9 7 9 8 4 8 6 6 8 10 1 8 4 5
28 0 729 14 14 9 13 6 7 12 9 8 6 11 3 9 3 9 7 8 7 2 6 5
28 0 717 14 14 10 11 7 8 10 10 8 6 11 3 8 5 7 8 7 8 1 7 5
28 0 728 14 14 10 14 4 9 9 10 7 10 7 4 7 6 10 5 9 1 8 5 5
28 0 708 14 14 11 10 7 8 12 8 8 8 6 6 8 5 7 8 6 7 7 3 5
28 0 714 14 14 11 11 6 8 12 8 7 9 8 4 7 6 6 9 8 1 8 6 5
28 0 723 14 14 11 11 6 8 12 8 8 6 11 3 8 3 9 8 6 7 2 8 5
28 0 711 14 14 11 11 6 10 7 11 8 9 5 6 7 7 9 5 6 8 6 3 5
28 0 728 14 14 11 12 5 8 13 7 7 9 11 1 7 6 8 7 8 2 7 6 5
28 0 721 14 14 11 12 5 8 13 7 8 8 6 6 8 4 8 8 6 5 9 3 5
28 0 722 14 14 11 12 5 9 10 9 7 9 11 1 6 9 5 8 8 2 7 6 5
28 0 727 14 14 11 12 5 10 7 11 8 7 10 3 7 5 11 5 6 8 1 8 5
28 0 725 14 14 11 13 4 9 10 9 7 8 12 1 6 6 10 6 6 5 4 8 5
28 0 727 14 14 11 13 4 10 7 11 7 8 12 1 5 9 7 7 6 5 4 8 5
28 0 722 14 14 12 8 8 8 13 7 8 8 6 6 8 4 8 8 5 8 6 4 5
28 0 710 14 14 12 8 8 9 10 9 8 8 6 6 7 7 5 9 5 8 6 4 5
28 0 716 14 14 12 9 7 8 13 7 7 9 8 4 7 5 7 9 7 2 7 7 5
28 0 723 14 14 12 9 7 9 10 9 8 6 11 3 7 5 7 9 5 8 1 9 5
28 0 727 14 14 12 10 6 8 14 6 8 8 6 6 8 3 9 8 5 6 8 4 5
28 0 715 14 14 12 10 6 9 11 8 7 9 11 1 6 8 6 8 7 3 6 7 5
28 0 723 14 14 12 11 5 10 8 10 7 8 12 1 5 8 8 7 5 6 3 9 5
28 0 714 14 14 12 11 5 10 9 9 8 9 5 6 7 5 11 5 5 7 7 4 5
28 0 724 14 14 12 12 4 9 11 8 8 5 12 3 6 5 7 10 3 6 8 6 5
28 0 719 14 14 12 12 4 10 9 9 7 10 7 4 6 6 10 6 7 1 8 7 5
28 0 728 14 14 13 6 9 9 11 8 8 8 6 6 7 6 6 9 4 9 5 5 5
28 0 718 14 14 13 7 8 9 11 8 7 9 8 4 6 7 5 10 6 3 6 8 5
28 0 721 14 14 13 7 8 10 9 9 7 11 6 4 6 8 8 6 6 7 2 8 5
28 0 719 14 14 13 8 7 9 12 7 7 10 7 4 6 8 4 10 6 4 5 8 5
28 0 714 14 14 13 8 7 9 12 7 8 8 6 6 7 5 7 9 4 7 7 5 5
28 0 729 14 14 13 8 7 10 9 9 7 9 11 1 5 10 4 9 6 4 5 8 5
28 0 723 14 14 13 9 6 9 12 7 7 9 8 4 6 5 9 8 4 7 2 10 5
28 0 722 14 14 13 9 6 9 12 7 7 9 8 4 6 6 6 10 6 1 8 8 5
28 0 708 14 14 13 9 6 10 10 8 7 11 6 4 6 7 9 6 6 5 4 8 5
28 0 725 14 14 13 9 6 10 10 8 8 9 5 6 7 4 12 5 4 8 6 5 5
28 0 715 14 14 13 9 6 11 7 10 7 11 6 4 5 10 6 7 6 5 4 8 5
28 0 712 14 14 13 9 6 11 7 10 8 9 5 6 6 7 9 6 4 8 6 5 5
28 0 725 14 14 13 10 5 9 13 6 7 10 7 4 6 7 5 10 6 2 7 8 5
28 0 724 14 14 13 10 5 9 13 6 8 8 6 6 7 4 8 9 4 5 9 5 5
28 0 728 14 14 13 10 5 10 10 8 7 9 11 1 5 9 5 9 6 2 7 8 5
28 0 718 14 14 13 10 5 10 10 8 7 10 7 4 6 5 11 6 6 2 7 8 5
28 0 726 14 14 13 10 5 10 11 7 9 7 7 5 7 6 8 7 3 8 11 6 0
28 0 719 14 14 13 11 4 10 11 7 7 11 6 4 6 6 10 6 6 3 6 8 5
28 0 728 14 14 13 11 4 11 8 9 7 10 10 1 5 8 10 5 6 3 6 8 5
28 0 728 14 14 14 6 8 10 10 8 8 8 6 6 6 7 5 10 3 8 6 6 5
28 0 728 14 14 14 7 7 10 11 7 7 11 6 4 6 6 10 6 5 6 3 9 5
28 0 718 14 14 14 7 7 10 11 7 8 8 9 3 6 7 7 8 3 9 5 6 5
28 0 724 14 14 14 7 7 11 8 9 7 11 6 4 5 9 7 7 5 6 3 9 5
28 0 728 14 14 14 7 7 11 8 9 8 8 9 3 5 10 4 9 3 9 5 6 5
28 0 727 14 14 14 7 7 11 8 9 8 9 5 6 6 6 10 6 3 9 5 6 5
28 0 726 14 14 14 8 6 10 10 8 7 8 9 4 4 8 6 10 1 8 6 8 5
28 0 715 14 14 14 8 6 10 11 7 7 10 7 4 5 7 9 7 3 6 8 6 5
28 0 719 14 14 14 8 6 11 8 9 7 10 7 4 4 10 6 8 3 6 8 6 5
28 0 716 14 14 14 8 6 11 8 9 7 10 7 4 5 7 9 7 5 3 6 9 5
28 0 715 14 14 14 9 5 10 12 6 8 8 9 3 6 6 8 8 3 7 7 6 5
28 0 716 14 14 14 9 5 11 9 8 7 11 6 4 5 8 8 7 5 4 5 9 5
28 0 714 14 14 14 9 5 11 9 8 8 8 9 3 5 9 5 9 3 7 7 6 5
28 0 723 14 14 14 9 5 11 9 8 8 9 5 6 6 5 11 6 3 7 7 6 5
28 0 725 14 14 14 10 4 11 9 8 7 10 7 4 4 9 7 8 3 4 10 6 5
28 0 723 14 14 14 10 4 11 9 8 8 7 10 3 5 7 7 9 3 4 10 6 5
28 0 722 14 14 14 10 4 12 7 9 8 9 8 3 5 8 10 5 3 8 6 6 5
28 0 724 14 14 14 11 3 11 10 7 8 8 9 3 5 8 6 9 3 5 9 6 5
28 0 726 14 14 15 7 6 11 10 7 8 8 9 3 5 8 6 9 2 8 6 7 5
28 0 729 14 14 15 8 5 11 10 7 7 10 7 4 4 8 8 8 2 5 9 7 5
28 0 728 14 14 15 9 4 11 11 6 8 8 9 3 5 7 7 9 2 6 8 7 5
28 0 708 15 13 9 13 6 8 9 11 8 7 9 4 8 7 6 7 8 7 6 2 5
28 0 705 15 13 10 13 5 8 11 9 8 7 9 4 8 5 8 7 7 6 7 3 5
28 0 718 15 13 11 9 8 8 11 9 7 9 10 2 7 8 5 8 8 6 2 7 5
28 0 729 15 13 11 10 7 7 14 7 6 11 8 3 7 5 10 6 8 3 5 7 5
28 0 728 15 13 11 10 7 7 14 7 8 6 10 4 8 5 4 11 6 6 7 4 5
28 0 709 15 13 11 10 7 8 11 9 6 11 8 3 6 8 7 7 8 3 5 7 5
28 0 727 15 13 11 11 6 8 11 9 6 10 9 3 6 5 12 5 6 6 2 9 5
28 0 710 15 13 11 11 6 8 12 8 7 9 10 2 7 7 6 8 8 4 4 7 5
28 0 705 15 13 11 11 6 8 12 8 8 7 9 4 8 4 9 7 6 7 6 4 5
28 0 719 15 13 11 11 6 9 9 10 7 9 10 2 6 10 3 9 8 4 4 7 5
28 0 694 15 13 11 11 6 9 9 10 8 7 9 4 7 7 6 8 6 7 6 4 5
28 0 721 15 13 11 12 5 8 12 8 6 11 8 3 6 7 8 7 8 1 7 7 5
28 0 725 15 13 11 12 5 8 12 8 7 8 11 2 7 5 8 8 8 1 7 7 5
28 0 726 15 13 11 13 4 8 13 7 7 9 10 2 7 6 7 8 8 2 6 7 5
28 0 725 15 13 11 13 4 8 13 7 8 7 9 4 8 3 10 7 6 5 8 4 5
28 0 718 15 13 12 8 8 8 12 8 6 11 8 3 6 7 8 7 7 4 4 8 5
28 0 721 15 13 12 8 8 9 9 10 6 11 8 3 5 10 5 8 7 4 4 8 5
28 0 719 15 13 12 9 7 8 13 7 7 9 10 2 7 6 7 8 7 5 3 8 5
28 0 727 15 13 12 9 7 9 9 10 6 10 9 3 5 7 10 6 5 7 1 10 5
28 0 717 15 13 12 9 7 9 10 9 7 9 10 2 6 9 4 9 7 5 3 8 5
28 0 698 15 13 12 9 7 9 10 9 8 7 9 4 7 6 7 8 5 8 5 5 5
28 0 722 15 13 12 10 6 8 13 7 6 11 8 3 6 6 9 7 7 2 6 8 5
28 0 717 15 13 12 10 6 8 13 7 7 8 11 2 6 7 6 9 5 5 8 5 5
28 0 714 15 13 12 10 6 9 10 9 6 11 8 3 5 9 6 8 7 2 6 8 5
28 0 723 15 13 12 10 6 9 10 9 7 8 11 2 5 10 3 10 5 5 8 5 5
28 0 714 15 13 12 10 6 9 10 9 7 8 11 2 6 7 6 9 7 2 6 8 5
28 0 721 15 13 12 10 6 10 8 10 8 7 12 1 6 9 6 7 5 9 4 5 5
28 0 727 15 13 12 11 5 8 14 6 7 9 10 2 7 5 8 8 7 3 5 8 5
28 0 716 15 13 12 11 5 9 10 9 7 7 12 2 5 7 8 8 3 8 5 7 5
28 0 714 15 13 12 11 5 9 11 8 7 9 10 2 6 8 5 9 7 3 5 8 5
28 0 699 15 13 12 11 5 9 11 8 8 7 9 4 7 5 8 8 5 6 7 5 5
28 0 727 15 13 12 11 5 10 8 10 6 12 7 3 5 8 11 4 7 3 5 8 5
28 0 729 15 13 12 12 4 9 12 7 8 7 12 1 7 5 10 6 5 7 6 5 5
28 0 717 15 13 12 12 4 10 9 9 8 7 12 1 6 8 7 7 5 7 6 5 5
28 0 729 15 13 12 13 3 9 11 8 7 7 12 2 5 6 9 8 3 6 7 7 5
28 0 724 15 13 12 13 3 9 12 7 8 7 9 4 7 4 9 8 5 4 9 5 5
28 0 723 15 13 12 13 3 10 9 9 7 9 10 2 5 8 9 6 5 4 9 5 5
28 0 729 15 13 13 7 8 8 13 7 7 8 8 5 6 6 5 11 4 5 8 6 5
28 0 718 15 13 13 7 8 10 8 10 8 7 9 4 6 8 5 9 4 9 4 6 5
28 0 719 15 13 13 8 7 9 11 8 6 11 8 3 5 8 7 8 6 3 5 9 5
28 0 724 15 13 13 8 7 9 11 8 7 8 11 2 5 9 4 10 4 6 7 6 5
28 0 719 15 13 13 9 6 9 12 7 7 9 10 2 6 7 6 9 6 4 4 9 5
28 0 710 15 13 13 9 6 9 12 7 8 7 9 4 7 4 9 8 4 7 6 6 5
28 0 729 15 13 13 9 6 10 9 9 7 9 10 2 5 10 3 10 6 4 4 9 5
28 0 700 15 13 13 9 6 10 9 9 8 7 9 4 6 7 6 9 4 7 6 6 5
28 0 728 15 13 13 10 5 9 12 7 6 11 8 3 5 7 8 8 6 1 7 9 5
28 0 727 15 13 13 10 5 9 12 7 7 8 11 2 5 8 5 10 4 4 9 6 5
28 0 723 15 13 13 10 5 9 12 7 7 9 7 5 6 4 11 7 4 4 9 6 5
28 0 719 15 13 13 10 5 10 10 8 8 7 12 1 6 7 8 7 4 8 5 6 5
28 0 729 15 13 13 10 5 10 10 8 9 6 7 6 7 5 8 8 2 11 7 3 5
28 0 727 15 13 13 11 4 9 13 6 8 7 9 4 7 3 10 8 4 5 8 6 5
28 0 728 15 13 13 11 4 10 9 9 7 7 12 2 4 8 7 9 2 7 6 8 5
28 0 717 15 13 13 11 4 10 10 8 7 9 10 2 5 7 10 6 4 5 8 6 5
28 0 722 15 13 13 11 4 11 7 10 7 9 10 2 4 10 7 7 4 5 8 6 5
28 0 719 15 13 14 7 7 10 10 8 7 10 6 5 5 8 7 8 3 8 5 7 5
28 0 715 15 13 14 7 7 10 10 8 8 7 9 4 6 6 7 9 3 8 5 7 5
28 0 714 15 13 14 8 6 10 10 8 7 9 7 5 5 6 9 8 3 5 8 7 5
28 0 729 15 13 14 8 6 10 11 7 7 10 9 2 5 9 6 8 5 3 10 5 5
28 0 717 15 13 14 8 6 10 11 7 8 8 8 4 6 7 6 9 3 9 4 7 5
28 0 715 15 13 14 9 5 10 11 7 7 10 6 5 5 7 8 8 3 6 7 7 5
28 0 713 15 13 14 9 5 10 11 7 8 7 9 4 6 5 8 9 3 6 7 7 5
28 0 720 15 13 14 9 5 11 8 9 7 9 10 2 4 9 8 7 3 6 7 7 5
28 0 717 15 13 14 10 4 10 12 6 8 8 8 4 6 6 7 9 3 7 6 7 5
28 0 729 15 13 14 10 4 11 9 8 8 7 12 1 5 8 7 8 3 7 6 7 5
28 0 726 15 13 15 7 6 11 9 8 8 7 9 4 5 7 6 10 2 7 6 8 5
28 0 729 15 13 15 8 5 11 10 7 8 8 8 4 5 8 5 10 2 8 5 8 5
28 0 728 16 12 11 9 8 7 13 8 6 11 7 4 7 6 8 7 8 5 2 8 5
28 0 727 16 12 11 11 6 8 11 9 6 10 11 1 6 7 9 6 8 3 4 8 5
28 0 723 16 12 12 8 8 7 14 7 6 10 8 4 6 6 8 8 5 6 6 6 5
28 0 715 16 12 12 8 8 8 11 9 6 10 8 4 5 9 5 9 5 6 6 6 5
28 0 722 16 12 12 8 8 9 9 10 7 9 9 3 6 8 8 6 5 10 2 6 5
28 0 729 16 12 12 9 7 7 15 6 7 8 10 3 7 5 7 9 5 7 5 6 5
28 0 716 16 12 12 9 7 8 12 8 7 8 10 3 6 8 4 10 5 7 5 6 5
28 0 725 16 12 12 9 7 8 12 8 8 6 9 5 7 5 7 9 3 10 7 3 5
28 0 716 16 12 12 10 6 8 12 8 7 7 11 3 6 6 6 10 5 4 8 6 5
28 0 704 16 12 12 10 6 9 10 9 7 9 9 3 6 7 9 6 5 8 4 6 5
28 0 712 16 12 12 10 6 10 7 11 7 9 9 3 5 10 6 7 5 8 4 6 5
28 0 717 16 12 12 11 5 8 13 7 7 8 10 3 6 7 5 10 5 5 7 6 5
28 0 715 16 12 12 11 5 9 10 9 6 11 7 4 5 7 11 5 5 5 7 6 5
28 0 710 16 12 12 12 4 9 11 8 7 9 9 3 6 6 10 6 5 6 6 6 5
28 0 721 16 12 13 8 7 8 13 7 6 10 8 4 5 7 7 9 4 5 7 7 5
28 0 727 16 12 13 8 7 9 11 8 6 12 6 4 5 9 7 7 6 3 9 5 5
28 0 722 16 12 13 8 7 9 11 8 7 9 9 3 6 6 10 6 4 9 3 7 5
28 0 719 16 12 13 8 7 10 8 10 7 9 9 3 5 9 7 7 4 9 3 7 5
28 0 725 16 12 13 9 6 9 11 8 6 11 7 4 5 6 12 5 4 6 6 7 5
28 0 716 16 12 13 9 6 10 8 10 6 11 7 4 4 9 9 6 4 6 6 7 5
28 0 720 16 12 13 10 5 9 12 7 7 9 9 3 6 5 11 6 4 7 5 7 5
28 0 706 16 12 13 10 5 10 9 9 7 9 9 3 5 8 8 7 4 7 5 7 5
28 0 727 16 12 13 10 5 10 9 9 8 7 8 5 6 5 11 6 2 10 7 4 5
28 0 729 16 12 13 11 4 10 9 9 7 8 10 3 4 9 7 8 2 7 10 4 5
28 0 717 16 12 13 11 4 10 9 9 7 8 10 3 5 6 10 7 4 4 8 7 5
28 0 717 16 12 13 12 3 10 10 8 7 9 9 3 5 7 9 7 4 5 7 7 5
28 0 720 16 12 14 8 6 10 10 8 7 9 9 3 5 7 9 7 3 8 4 8 5
28 0 729 16 12 14 8 6 11 7 10 7 9 9 3 4 10 6 8 3 8 4 8 5
28 0 729 16 12 14 9 5 10 10 8 6 11 7 4 4 7 11 6 3 5 7 8 5
28 0 723 16 12 14 10 4 10 11 7 7 9 9 3 5 6 10 7 3 6 6 8 5
28 0 724 17 11 10 13 5 7 12 9 6 9 11 2 6 7 8 7 7 4 7 5 5
28 0 723 17 11 11 11 6 7 13 8 6 9 11 2 6 6 9 7 6 5 6 6 5
28 0 716 17 11 11 11 6 8 10 10 6 9 11 2 5 9 6 8 6 5 6 6 5
28 0 719 17 11 12 9 7 8 11 9 6 9 11 2 5 8 7 8 5 6 5 7 5
28 0 725 17 11 12 9 7 8 12 8 6 12 5 5 6 8 7 7 7 4 7 5 5
28 0 729 17 11 12 10 6 8 12 8 7 8 9 4 7 3 12 6 5 7 4 7 5
28 0 723 17 11 12 11 5 8 12 8 6 9 11 2 5 7 8 8 5 4 7 7 5
28 0 728 17 11 13 8 7 9 11 8 7 10 7 4 6 7 10 5 4 9 7 3 5
28 0 727 17 11 13 8 7 10 8 10 7 10 7 4 5 10 7 6 4 9 7 3 5
28 0 727 17 11 13 9 6 9 10 9 6 9 11 2 4 9 6 9 4 5 6 8 5
28 0 727 17 11 13 9 6 9 11 8 6 11 9 2 5 8 9 6 6 3 8 6 5
28 0 721 17 11 13 10 5 9 11 8 7 8 9 4 5 7 8 8 2 9 7 5 5
28 0 721 17 11 13 10 5 10 9 9 7 10 7 4 5 9 8 6 4 7 9 3 5
28 0 726 17 11 14 8 6 10 10 8 7 10 7 4 5 8 9 6 3 8 8 4 5
28 1 729 10 18 11 11 6 9 12 7 9 7 8 4 9 4 6 9 8 4 4 7 5
28 1 727 10 18 11 11 6 10 9 9 9 7 8 4 8 7 3 10 8 4 4 7 5
28 1 729 10 18 11 12 5 10 9 9 8 9 6 5 7 7 5 9 8 1 7 7 5
28 1 724 10 18 12 10 6 10 10 8 8 9 6 5 7 6 6 9 7 2 6 8 5
28 1 729 10 18 12 11 5 10 11 7 9 7 8 4 8 5 5 10 7 3 5 8 5
28 1 728 10 18 12 11 5 11 8 9 10 5 7 6 8 5 5 10 5 6 7 5 5
28 1 725 11 17 11 13 4 10 9 9 8 8 9 3 7 6 7 8 8 1 6 8 5
28 1 728 11 17 12 9 7 9 12 7 9 6 8 5 8 5 4 11 5 7 5 6 5
28 1 721 11 17 12 10 6 9 12 7 8 8 6 6 7 5 6 10 5 4 8 6 5
28 1 711 11 17 12 10 6 11 7 10 9 7 7 5 7 7 6 8 5 8 4 6 5
28 1 726 11 17 12 11 5 11 7 10 8 8 9 3 6 8 5 9 7 2 5 9 5
28 1 722 11 17 12 12 4 10 11 7 9 7 7 5 8 3 10 7 5 6 6 6 5
28 1 708 11 17 12 12 4 11 8 9 9 7 7 5 7 6 7 8 5 6 6 6 5
28 1 729 11 17 12 14 2 11 9 8 9 7 7 5 7 5 8 8 5 4 8 6 5
28 1 728 11 17 13 8 7 10 10 8 8 8 6 6 6 7 4 11 4 5 7 7 5
28 1 729 11 17 13 9 6 11 9 8 9 8 6 5 7 7 6 8 5 6 6 11 0
28 1 712 11 17 13 10 5 11 9 8 9 7 7 5 7 5 8 8 4 7 5 7 5
28 1 721 11 17 13 10 5 12 6 10 9 7 7 5 6 8 5 9 4 7 5 7 5
28 1 726 11 17 13 11 4 11 9 8 8 9 5 6 6 5 10 7 4 4 8 7 5
28 1 725 11 17 13 12 3 11 10 7 9 7 7 5 7 4 9 8 4 5 7 7 5
28 1 729 11 17 14 8 6 12 7 9 9 7 7 5 6 7 6 9 3 8 4 8 5
28 1 729 11 17 14 9 5 12 7 9 8 9 5 6 5 7 8 8 3 5 7 8 5
28 1 723 11 17 14 10 4 12 8 8 9 7 7 5 6 6 7 9 3 6 6 8 5
28 1 725 12 16 9 12 7 8 10 10 8 8 8 4 9 5 7 7 10 5 1 7 5
28 1 728 12 16 9 14 5 8 11 9 8 8 8 4 9 4 8 7 10 3 3 7 5
28 1 729 12 16 10 12 6 8 12 8 8 8 8 4 9 3 9 7 9 4 2 8 5
28 1 724 12 16 10 12 6 9 9 10 9 5 11 3 8 7 3 10 7 7 4 5 5
28 1 726 12 16 10 14 4 9 10 9 9 5 11 3 8 6 4 10 7 5 6 5 5
28 1 725 12 16 10 15 3 10 8 10 9 6 10 3 8 5 9 6 7 6 5 5 5
28 1 719 12 16 11 10 7 9 10 9 8 8 8 4 8 5 7 8 8 5 1 9 5
28 1 719 12 16 11 12 5 9 11 8 8 8 8 4 8 4 8 8 8 3 3 9 5
28 1 719 12 16 11 12 5 9 11 8 9 5 11 3 8 5 5 10 6 6 5 6 5
28 1 713 12 16 11 13 4 9 11 8 8 7 9 4 7 5 7 9 6 3 8 6 5
28 1 717 12 16 11 13 4 11 6 11 9 6 10 3 7 7 7 7 6 7 4 6 5
28 1 729 12 16 11 15 2 11 7 10 9 6 10 3 7 6 8 7 6 5 6 6 5
28 1 727 12 16 12 9 7 10 9 9 9 7 6 6 8 5 7 8 5 10 1 7 5
28 1 727 12 16 12 10 6 9 12 7 9 5 11 3 8 4 6 10 5 7 4 7 5
28 1 727 12 16 12 10 6 10 9 9 9 5 11 3 7 7 3 11 5 7 4 7 5
28 1 707 12 16 12 11 5 10 9 9 8 7 9 4 6 7 5 10 5 4 7 7 5
28 1 726 12 16 12 12 4 10 10 8 9 5 11 3 7 6 4 11 5 5 6 7 5
28 1 719 12 16 12 13 3 11 8 9 9 6 10 3 7 5 9 7 5 6 5 7 5
28 1 729 12 16 12 13 3 12 5 11 9 6 10 3 6 8 6 8 5 6 5 7 5
28 1 726 12 16 13 10 5 10 11 7 9 6 7 6 7 4 8 9 2 9 7 5 5
28 1 718 12 16 13 10 5 11 9 8 9 8 5 6 7 6 8 7 4 7 9 3 5
28 1 729 12 16 13 10 5 12 6 10 9 8 5 6 6 9 5 8 4 7 9 3 5
28 1 722 12 16 13 11 4 10 11 7 8 7 9 4 6 5 7 10 4 3 8 8 5
28 1 724 12 16 13 11 4 11 9 8 8 9 7 4 6 7 7 8 6 1 10 6 5
28 1 724 12 16 13 11 4 11 9 8 9 6 10 3 7 4 10 7 4 7 4 8 5
28 1 723 12 16 13 11 4 12 6 10 9 6 10 3 6 7 7 8 4 7 4 8 5
28 1 724 12 16 13 12 3 12 6 10 8 8 8 4 5 7 9 7 4 4 7 8 5
28 1 728 12 16 14 8 6 12 7 9 9 8 5 6 6 8 6 8 3 8 8 4 5
28 1 728 12 16 14 9 5 11 9 8 8 7 9 4 5 7 5 11 3 4 7 9 5
28 1 729 12 16 14 10 4 12 8 8 9 8 5 6 6 7 7 8 3 6 10 4 5
28 1 728 13 15 10 12 6 7 14 7 8 7 8 5 9 2 9 8 7 6 4 6 5
28 1 715 13 15 10 13 5 9 9 10 8 8 7 5 8 4 11 5 7 7 3 6 5
28 1 729 13 15 11 9 8 8 12 8 8 8 7 5 8 7 2 11 8 4 6 5 5
28 1 711 13 15 11 10 7 8 12 8 8 7 8 5 8 4 7 9 6 7 3 7 5
28 1 715 13 15 11 12 5 9 11 8 9 6 9 4 8 6 5 9 6 6 9 2 5
28 1 728 13 15 11 12 5 10 8 10 9 6 9 4 7 9 2 10 6 6 9 2 5
28 1 714 13 15 11 13 4 10 8 10 9 5 10 4 7 6 7 8 4 9 6 4 5
28 1 716 13 15 12 10 6 10 9 9 9 6 9 4 7 8 3 10 5 7 8 3 5
28 1 726 13 15 12 11 5 10 9 9 7 10 8 3 6 7 8 7 7 4 1 11 5
28 1 713 13 15 12 11 5 10 9 9 8 8 7 5 7 4 11 6 5 7 3 8 5
28 1 726 13 15 12 11 5 11 6 11 9 5 10 4 6 8 5 9 3 10 5 5 5
28 1 722 13 15 12 12 4 10 10 8 9 6 9 4 7 7 4 10 5 5 10 3 5
28 1 724 13 15 12 13 3 10 10 8 9 5 10 4 7 4 9 8 3 8 7 5 5
28 1 726 13 15 13 8 7 9 12 7 8 7 8 5 7 4 7 10 4 7 3 9 5
28 1 726 13 15 13 9 6 9 13 6 7 10 8 3 6 7 6 9 6 2 8 7 5
28 1 724 13 15 13 9 6 10 10 8 7 11 4 6 6 6 9 7 6 2 8 7 5
28 1 728 13 15 13 9 6 10 10 8 8 7 11 2 6 7 6 9 4 8 2 9 5
28 1 710 13 15 13 10 5 10 10 8 7 9 9 3 5 7 8 8 4 5 5 9 5
28 1 727 13 15 13 10 5 10 11 7 9 6 9 4 7 5 8 8 3 8 7 10 0
28 1 717 13 15 13 10 5 10 11 7 9 6 9 4 7 6 5 10 4 6 9 4 5
28 1 723 13 15 13 10 5 11 7 10 7 9 9 3 4 10 5 9 4 5 5 9 5
28 1 715 13 15 13 10 5 11 8 9 7 11 7 3 5 9 8 6 6 3 7 7 5
28 1 724 13 15 13 11 4 10 11 7 8 7 11 2 6 6 7 9 4 6 4 9 5
28 1 721 13 15 13 11 4 11 8 9 9 5 10 4 6 6 7 9 2 9 6 6 5
28 1 726 13 15 13 12 3 10 11 7 7 9 9 3 5 6 9 8 4 3 7 9 5
28 1 728 13 15 14 8 6 10 11 7 7 9 9 3 5 6 9 8 3 6 4 10 5
28 1 727 13 15 14 8 6 10 12 6 9 6 9 4 7 5 6 10 3 7 8 5 5
28 1 729 13 15 14 9 5 11 9 8 8 8 7 5 5 8 5 10 3 4 11 5 5
28 1 727 13 15 14 10 4 11 9 8 7 9 9 3 4 8 7 9 3 4 6 10 5
28 1 716 14 14 10 13 5 8 11 9 8 6 11 3 8 4 8 8 7 6 3 7 5
28 1 709 14 14 11 10 7 8 12 8 8 8 6 6 8 5 7 8 6 7 7 3 5
28 1 716 14 14 11 11 6 8 12 8 7 9 8 4 7 6 6 9 8 1 8 6 5
28 1 726 14 14 11 11 6 8 12 8 8 6 11 3 8 3 9 8 6 7 2 8 5
28 1 720 14 14 11 12 5 8 13 7 8 8 6 6 8 4 8 8 6 5 9 3 5
28 1 726 14 14 11 12 5 9 10 9 7 9 11 1 6 9 5 8 8 2 7 6 5
28 1 716 14 14 11 13 4 10 8 10 8 9 5 6 7 6 10 5 6 6 8 3 5
28 1 712 14 14 12 8 8 9 10 9 8 8 6 6 7 7 5 9 5 8 6 4 5
28 1 715 14 14 12 9 7 9 10 9 7 9 8 4 6 8 4 10 7 2 7 7 5
28 1 727 14 14 12 9 7 9 10 9 8 6 11 3 7 5 7 9 5 8 1 9 5
28 1 727 14 14 12 10 6 8 14 6 8 8 6 6 8 3 9 8 5 6 8 4 5
28 1 704 14 14 12 10 6 9 11 8 8 8 6 6 7 6 6 9 5 6 8 4 5
28 1 719 14 14 12 11 5 9 11 8 8 6 11 3 7 4 8 9 5 6 3 9 5
28 1 713 14 14 12 11 5 10 9 9 8 9 5 6 7 5 11 5 5 7 7 4 5
28 1 719 14 14 12 12 4 10 9 9 7 10 7 4 6 6 10 6 7 1 8 7 5
28 1 725 14 14 13 7 8 10 9 9 7 11 6 4 6 8 8 6 6 7 2 8 5
28 1 722 14 14 13 8 7 9 12 7 7 10 7 4 6 8 4 10 6 4 5 8 5
28 1 715 14 14 13 8 7 9 12 7 8 8 6 6 7 5 7 9 4 7 7 5 5
28 1 725 14 14 13 9 6 9 12 7 7 9 8 4 6 5 9 8 4 7 2 10 5
28 1 724 14 14 13 9 6 9 12 7 7 9 8 4 6 6 6 10 6 1 8 8 5
28 1 710 14 14 13 9 6 10 10 8 7 11 6 4 6 7 9 6 6 5 4 8 5
28 1 717 14 14 13 9 6 11 7 10 7 11 6 4 5 10 6 7 6 5 4 8 5
28 1 712 14 14 13 9 6 11 7 10 8 9 5 6 6 7 9 6 4 8 6 5 5
28 1 726 14 14 13 10 5 9 13 6 7 10 7 4 6 7 5 10 6 2 7 8 5
28 1 723 14 14 13 10 5 9 13 6 8 8 6 6 7 4 8 9 4 5 9 5 5
28 1 714 14 14 13 10 5 11 7 10 7 10 7 4 5 8 8 7 6 2 7 8 5
28 1 728 14 14 13 10 5 11 8 9 9 7 7 5 6 9 5 8 3 8 11 6 0
28 1 719 14 14 13 11 4 10 11 7 7 11 6 4 6 6 10 6 6 3 6 8 5
28 1 715 14 14 13 11 4 11 8 9 7 11 6 4 5 9 7 7 6 3 6 8 5
28 1 714 14 14 13 11 4 11 8 9 8 9 5 6 6 6 10 6 4 6 8 5 5
28 1 729 14 14 13 11 4 11 8 9 9 6 8 5 6 7 7 8 2 9 10 2 5
28 1 722 14 14 14 7 7 10 11 7 8 8 9 3 6 7 7 8 3 9 5 6 5
28 1 727 14 14 14 7 7 11 8 9 7 11 6 4 5 9 7 7 5 6 3 9 5
28 1 728 14 14 14 8 6 10 10 8 7 8 9 4 4 8 6 10 1 8 6 8 5
28 1 719 14 14 14 8 6 10 11 7 8 8 6 6 6 6 6 10 3 6 8 6 5
28 1 721 14 14 14 8 6 11 8 9 7 10 7 4 4 10 6 8 3 6 8 6 5
28 1 717 14 14 14 9 5 10 12 6 8 8 9 3 6 6 8 8 3 7 7 6 5
28 1 717 14 14 14 9 5 11 9 8 7 11 6 4 5 8 8 7 5 4 5 9 5
28 1 716 14 14 14 9 5 11 9 8 8 8 9 3 5 9 5 9 3 7 7 6 5
28 1 722 14 14 14 9 5 11 9 8 8 9 5 6 6 5 11 6 3 7 7 6 5
28 1 729 14 14 14 10 4 10 11 7 7 8 9 4 4 7 7 10 1 6 8 8 5
28 1 725 14 14 14 10 4 11 9 8 7 10 7 4 4 9 7 8 3 4 10 6 5
28 1 723 14 14 14 10 4 12 7 9 8 9 8 3 5 8 10 5 3 8 6 6 5
28 1 724 14 14 14 11 3 11 10 7 8 8 9 3 5 8 6 9 3 5 9 6 5
28 1 729 14 14 15 7 6 11 10 7 8 8 9 3 5 8 6 9 2 8 6 7 5
28 1 729 14 14 15 9 4 11 11 6 8 8 9 3 5 7 7 9 2 6 8 7 5
28 1 720 15 13 9 15 4 8 10 10 8 7 9 4 8 6 7 7 8 5 8 2 5
28 1 706 15 13 10 13 5 8 11 9 8 7 9 4 8 5 8 7 7 6 7 3 5
28 1 724 15 13 11 9 8 8 11 9 7 9 10 2 7 8 5 8 8 6 2 7 5
28 1 723 15 13 11 10 7 7 13 8 6 9 10 3 6 6 7 9 6 5 3 9 5
28 1 713 15 13 11 10 7 8 11 9 6 11 8 3 6 8 7 7 8 3 5 7 5
28 1 727 15 13 11 10 7 9 8 11 6 11 8 3 5 11 4 8 8 3 5 7 5
28 1 729 15 13 11 11 6 7 14 7 7 8 8 5 7 5 6 10 6 3 10 4 5
28 1 714 15 13 11 11 6 8 12 8 7 9 10 2 7 7 6 8 8 4 4 7 5
28 1 723 15 13 11 11 6 9 9 10 7 9 10 2 6 10 3 9 8 4 4 7 5
28 1 696 15 13 11 11 6 9 9 10 8 7 9 4 7 7 6 8 6 7 6 4 5
28 1 723 15 13 11 12 5 8 12 8 6 11 8 3 6 7 8 7 8 1 7 7 5
28 1 723 15 13 11 12 5 9 9 10 7 8 11 2 6 7 8 7 6 7 1 9 5
28 1 725 15 13 11 12 5 9 9 10 7 8 11 2 6 8 5 9 8 1 7 7 5
28 1 728 15 13 11 13 4 8 13 7 7 9 10 2 7 6 7 8 8 2 6 7 5
28 1 725 15 13 11 13 4 8 13 7 8 7 9 4 8 3 10 7 6 5 8 4 5
28 1 726 15 13 11 13 4 9 10 9 7 9 10 2 6 9 4 9 8 2 6 7 5
28 1 703 15 13 11 13 4 9 10 9 8 7 9 4 7 6 7 8 6 5 8 4 5
28 1 726 15 13 12 8 8 9 9 10 6 11 8 3 5 10 5 8 7 4 4 8 5
28 1 724 15 13 12 9 7 8 13 7 7 9 10 2 7 6 7 8 7 5 3 8 5
28 1 722 15 13 12 9 7 9 10 9 7 9 10 2 6 9 4 9 7 5 3 8 5
28 1 713 15 13 12 9 7 10 7 11 8 7 9 4 6 9 4 9 5 8 5 5 5
28 1 725 15 13 12 10 6 8 13 7 6 11 8 3 6 6 9 7 7 2 6 8 5
28 1 717 15 13 12 10 6 9 10 9 6 11 8 3 5 9 6 8 7 2 6 8 5
28 1 727 15 13 12 10 6 9 10 9 7 8 11 2 5 10 3 10 5 5 8 5 5
28 1 729 15 13 12 10 6 10 8 10 9 6 7 6 7 7 6 8 3 12 6 2 5
28 1 724 15 13 12 11 5 9 10 9 6 10 9 3 5 6 11 6 5 5 3 10 5
28 1 717 15 13 12 11 5 9 11 8 7 9 10 2 6 8 5 9 7 3 5 8 5
28 1 700 15 13 12 11 5 9 11 8 8 7 9 4 7 5 8 8 5 6 7 5 5
28 1 729 15 13 12 11 5 10 8 10 6 12 7 3 5 8 11 4 7 3 5 8 5
28 1 719 15 13 12 12 4 9 11 8 7 9 7 5 6 5 10 7 5 3 10 5 5
28 1 720 15 13 12 12 4 10 9 9 8 7 12 1 6 8 7 7 5 7 6 5 5
28 1 723 15 13 12 13 3 9 12 7 8 7 9 4 7 4 9 8 5 4 9 5 5
28 1 724 15 13 12 13 3 10 9 9 7 9 10 2 5 8 9 6 5 4 9 5 5
28 1 723 15 13 13 8 7 9 11 8 6 11 8 3 5 8 7 8 6 3 5 9 5
28 1 723 15 13 13 9 6 9 12 7 7 9 10 2 6 7 6 9 6 4 4 9 5
28 1 712 15 13 13 9 6 9 12 7 8 7 9 4 7 4 9 8 4 7 6 6 5
28 1 702 15 13 13 9 6 10 9 9 8 7 9 4 6 7 6 9 4 7 6 6 5
28 1 723 15 13 13 10 5 10 10 8 8 7 12 1 6 7 8 7 4 8 5 6 5
28 1 728 15 13 13 10 5 10 10 8 9 6 7 6 7 5 8 8 2 11 7 3 5
28 1 727 15 13 13 11 4 9 13 6 8 7 9 4 7 3 10 8 4 5 8 6 5
28 1 706 15 13 13 11 4 10 10 8 8 7 9 4 6 6 7 9 4 5 8 6 5
28 1 724 15 13 13 11 4 11 7 10 7 9 10 2 4 10 7 7 4 5 8 6 5
28 1 721 15 13 14 7 7 10 10 8 7 10 6 5 5 8 7 8 3 8 5 7 5
28 1 718 15 13 14 7 7 10 10 8 8 7 9 4 6 6 7 9 3 8 5 7 5
28 1 719 15 13 14 8 6 10 11 7 8 8 8 4 6 7 6 9 3 9 4 7 5
28 1 715 15 13 14 9 5 10 11 7 7 10 6 5 5 7 8 8 3 6 7 7 5
28 1 714 15 13 14 9 5 10 11 7 8 7 9 4 6 5 8 9 3 6 7 7 5
28 1 717 15 13 14 10 4 10 12 6 8 8 8 4 6 6 7 9 3 7 6 7 5
28 1 728 15 13 15 7 6 11 9 8 8 7 9 4 5 7 6 10 2 7 6 8 5
28 1 729 15 13 15 9 4 11 10 7 8 7 9 4 5 6 7 10 2 5 8 8 5
28 1 718 16 12 11 11 6 8 11 9 8 6 9 5 7 6 6 9 4 9 8 2 5
28 1 719 16 12 12 8 8 8 11 9 6 10 8 4 5 9 5 9 5 6 6 6 5
28 1 720 16 12 12 9 7 8 12 8 7 8 10 3 6 8 4 10 5 7 5 6 5
28 1 714 16 12 12 10 6 8 12 8 6 10 8 4 5 8 6 9 5 4 8 6 5
28 1 707 16 12 12 10 6 9 10 9 7 9 9 3 6 7 9 6 5 8 4 6 5
28 1 715 16 12 12 10 6 10 7 11 7 9 9 3 5 10 6 7 5 8 4 6 5
28 1 719 16 12 12 11 5 8 13 7 7 8 10 3 6 7 5 10 5 5 7 6 5
28 1 716 16 12 12 11 5 9 10 9 6 11 7 4 5 7 11 5 5 5 7 6 5
28 1 711 16 12 12 12 4 9 11 8 7 9 9 3 6 6 10 6 5 6 6 6 5
28 1 708 16 12 12 12 4 10 8 10 7 9 9 3 5 9 7 7 5 6 6 6 5
28 1 721 16 12 12 12 4 10 8 10 8 7 8 5 6 6 10 6 3 9 8 3 5
28 1 724 16 12 13 8 7 8 13 7 6 10 8 4 5 7 7 9 4 5 7 7 5
28 1 726 16 12 13 8 7 9 11 8 7 9 9 3 6 6 10 6 4 9 3 7 5
28 1 723 16 12 13 8 7 10 8 10 7 9 9 3 5 9 7 7 4 9 3 7 5
28 1 728 16 12 13 9 6 9 11 8 7 8 10 3 5 9 3 11 4 6 6 7 5
28 1 725 16 12 13 9 6 9 11 8 8 6 9 5 6 6 6 10 2 9 8 4 5
28 1 718 16 12 13 9 6 10 8 10 6 11 7 4 4 9 9 6 4 6 6 7 5
28 1 722 16 12 13 10 5 9 12 7 7 9 9 3 6 5 11 6 4 7 5 7 5
28 1 708 16 12 13 10 5 10 9 9 7 9 9 3 5 8 8 7 4 7 5 7 5
28 1 723 16 12 13 11 4 10 9 9 6 11 7 4 4 8 10 6 4 4 8 7 5
28 1 717 16 12 13 12 3 10 10 8 7 9 9 3 5 7 9 7 4 5 7 7 5
28 1 723 16 12 14 8 6 10 10 8 7 9 9 3 5 7 9 7 3 8 4 8 5
28 1 724 16 12 14 10 4 10 11 7 7 9 9 3 5 6 10 7 3 6 6 8 5
28 1 722 16 12 14 10 4 11 8 9 7 9 9 3 4 9 7 8 3 6 6 8 5
28 1 727 17 11 10 13 5 7 12 9 6 9 11 2 6 7 8 7 7 4 7 5 5
28 1 720 17 11 11 11 6 8 10 10 6 9 11 2 5 9 6 8 6 5 6 6 5
28 1 727 17 11 12 9 7 8 12 8 6 12 5 5 6 8 7 7 7 4 7 5 5
28 1 726 17 11 12 11 5 8 12 8 6 9 11 2 5 7 8 8 5 4 7 7 5
28 1 726 17 11 13 8 7 9 10 9 7 8 9 4 6 5 10 7 4 8 3 8 5
28 1 727 17 11 13 9 6 9 10 9 6 10 7 5 4 8 9 7 2 8 8 5 5
28 1 726 17 11 13 9 6 9 11 8 7 9 8 4 6 6 9 7 4 9 2 8 5
28 1 722 17 11 13 10 5 9 11 8 7 8 9 4 5 7 8 8 2 9 7 5 5
28 1 722 17 11 13 10 5 10 9 9 7 10 7 4 5 9 8 6 4 7 9 3 5
28 1 728 17 11 14 8 6 10 10 8 7 10 7 4 5 8 9 6 3 8 8 4 5
28 2 728 10 18 11 11 6 9 12 7 9 7 8 4 9 4 6 9 8 4 4 7 5
28 2 726 10 18 11 11 6 10 9 9 9 7 8 4 8 7 3 10 8 4 4 7 5
28 2 729 10 18 12 9 7 10 10 8 9 7 8 4 8 6 4 10 7 5 3 8 5
28 2 724 10 18 12 10 6 10 10 8 8 9 6 5 7 6 6 9 7 2 6 8 5
28 2 728 10 18 12 11 5 10 11 7 9 7 8 4 8 5 5 10 7 3 5 8 5
28 2 723 11 17 11 13 4 10 9 9 8 8 9 3 7 6 7 8 8 1 6 8 5
28 2 728 11 17 12 9 7 9 12 7 9 6 8 5 8 5 4 11 5 7 5 6 5
28 2 722 11 17 12 10 6 9 12 7 8 8 6 6 7 5 6 10 5 4 8 6 5
28 2 711 11 17 12 10 6 11 7 10 9 7 7 5 7 7 6 8 5 8 4 6 5
28 2 724 11 17 12 11 5 11 7 10 8 8 9 3 6 8 5 9 7 2 5 9 5
28 2 722 11 17 12 12 4 10 11 7 9 7 7 5 8 3 10 7 5 6 6 6 5
28 2 708 11 17 12 12 4 11 8 9 9 7 7 5 7 6 7 8 5 6 6 6 5
28 2 712 11 17 13 10 5 11 9 8 9 7 7 5 7 5 8 8 4 7 5 7 5
28 2 727 11 17 13 11 4 11 9 8 8 9 5 6 6 5 10 7 4 4 8 7 5
28 2 725 11 17 13 12 3 11 10 7 9 7 7 5 7 4 9 8 4 5 7 7 5
28 2 729 11 17 14 8 6 12 7 9 9 7 7 5 6 7 6 9 3 8 4 8 5
28 2 723 11 17 14 10 4 12 8 8 9 7 7 5 6 6 7 9 3 6 6 8 5
28 2 724 12 16 9 12 7 8 10 10 8 8 8 4 9 5 7 7 10 5 1 7 5
28 2 728 12 16 10 12 6 8 12 8 8 8 8 4 9 3 9 7 9 4 2 8 5
28 2 722 12 16 10 12 6 9 9 10 9 5 11 3 8 7 3 10 7 7 4 5 5
28 2 724 12 16 10 14 4 9 10 9 9 5 11 3 8 6 4 10 7 5 6 5 5
28 2 723 12 16 10 15 3 10 8 10 9 6 10 3 8 5 9 6 7 6 5 5 5
28 2 718 12 16 11 10 7 9 10 9 8 8 8 4 8 5 7 8 8 5 1 9 5
28 2 717 12 16 11 12 5 9 11 8 9 5 11 3 8 5 5 10 6 6 5 6 5
28 2 712 12 16 11 13 4 9 11 8 8 7 9 4 7 5 7 9 6 3 8 6 5
28 2 715 12 16 11 13 4 11 6 11 9 6 10 3 7 7 7 7 6 7 4 6 5
28 2 727 12 16 11 15 2 11 7 10 9 6 10 3 7 6 8 7 6 5 6 6 5
28 2 725 12 16 12 10 6 9 12 7 9 5 11 3 8 4 6 10 5 7 4 7 5
28 2 725 12 16 12 10 6 10 9 9 9 5 11 3 7 7 3 11 5 7 4 7 5
28 2 724 12 16 12 12 4 10 10 8 9 5 11 3 7 6 4 11 5 5 6 7 5
28 2 717 12 16 12 13 3 11 8 9 9 6 10 3 7 5 9 7 5 6 5 7 5
28 2 728 12 16 13 10 5 10 11 7 9 5 11 3 7 5 5 11 4 6 5 8 5
28 2 727 12 16 13 10 5 10 11 7 9 6 7 6 7 4 8 9 2 9 7 5 5
28 2 719 12 16 13 10 5 11 9 8 9 8 5 6 7 6 8 7 4 7 9 3 5
28 2 721 12 16 13 11 4 10 11 7 8 7 9 4 6 5 7 10 4 3 8 8 5
28 2 723 12 16 13 11 4 11 9 8 8 9 7 4 6 7 7 8 6 1 10 6 5
28 2 722 12 16 13 11 4 11 9 8 9 6 10 3 7 4 10 7 4 7 4 8 5
28 2 721 12 16 13 11 4 12 6 10 9 6 10 3 6 7 7 8 4 7 4 8 5
28 2 729 12 16 14 8 6 12 7 9 9 8 5 6 6 8 6 8 3 8 8 4 5
28 2 729 12 16 14 9 5 12 7 9 8 9 7 4 5 9 5 9 5 2 9 7 5
28 2 728 13 15 10 12 6 7 14 7 8 7 8 5 9 2 9 8 7 6 4 6 5
28 2 729 13 15 11 9 8 8 12 8 8 8 7 5 8 7 2 11 8 4 6 5 5
28 2 714 13 15 11 12 5 9 11 8 9 6 9 4 8 6 5 9 6 6 9 2 5
28 2 727 13 15 11 12 5 10 8 10 9 6 9 4 7 9 2 10 6 6 9 2 5
28 2 713 13 15 11 13 4 10 8 10 9 5 10 4 7 6 7 8 4 9 6 4 5
28 2 715 13 15 12 10 6 10 9 9 9 6 9 4 7 8 3 10 5 7 8 3 5
28 2 721 13 15 12 12 4 10 10 8 9 6 9 4 7 7 4 10 5 5 10 3 5
28 2 723 13 15 12 13 3 10 10 8 9 5 10 4 7 4 9 8 3 8 7 5 5
28 2 728 13 15 13 8 7 9 13 6 8 8 10 2 7 7 4 10 6 5 5 7 5
28 2 724 13 15 13 9 6 9 13 6 7 10 8 3 6 7 6 9 6 2 8 7 5
28 2 729 13 15 13 9 6 10 10 8 7 10 8 3 5 10 3 10 6 2 8 7 5
28 2 725 13 15 13 9 6 10 10 8 7 11 4 6 6 6 9 7 6 2 8 7 5
28 2 725 13 15 13 9 6 10 10 8 8 7 11 2 6 7 6 9 4 8 2 9 5
28 2 729 13 15 13 10 5 9 13 6 7 9 9 3 6 4 11 7 4 5 5 9 5
28 2 708 13 15 13 10 5 10 10 8 7 9 9 3 5 7 8 8 4 5 5 9 5
28 2 716 13 15 13 10 5 10 11 7 9 6 9 4 7 6 5 10 4 6 9 4 5
28 2 713 13 15 13 10 5 11 8 9 7 11 7 3 5 9 8 6 6 3 7 7 5
28 2 729 13 15 13 11 4 10 10 8 6 11 7 4 4 7 10 7 4 2 8 9 5
28 2 721 13 15 13 11 4 10 11 7 8 7 11 2 6 6 7 9 4 6 4 9 5
28 2 729 13 15 13 11 4 11 8 9 8 7 11 2 5 9 4 10 4 6 4 9 5
28 2 720 13 15 13 11 4 11 8 9 9 5 10 4 6 6 7 9 2 9 6 6 5
28 2 724 13 15 13 12 3 10 11 7 7 9 9 3 5 6 9 8 4 3 7 9 5
28 2 726 13 15 14 8 6 10 11 7 7 9 9 3 5 6 9 8 3 6 4 10 5
28 2 726 13 15 14 8 6 10 12 6 9 6 9 4 7 5 6 10 3 7 8 5 5
28 2 728 13 15 14 8 6 11 8 9 7 9 9 3 4 9 6 9 3 6 4 10 5
28 2 729 13 15 14 8 6 11 9 8 9 6 9 4 6 8 3 11 3 7 8 5 5
28 2 729 13 15 14 9 5 11 9 8 8 8 7 5 5 8 5 10 3 4 11 5 5
28 2 725 13 15 14 10 4 11 9 8 7 9 9 3 4 8 7 9 3 4 6 10 5
28 2 729 13 15 14 10 4 11 10 7 7 11 7 3 5 7 10 6 5 2 8 8 5
28 2 710 14 14 11 10 7 8 12 8 8 8 6 6 8 5 7 8 6 7 7 3 5
28 2 715 14 14 11 11 6 8 12 8 7 9 8 4 7 6 6 9 8 1 8 6 5
28 2 724 14 14 11 11 6 8 12 8 8 6 11 3 8 3 9 8 6 7 2 8 5
28 2 721 14 14 11 12 5 8 13 7 8 8 6 6 8 4 8 8 6 5 9 3 5
28 2 722 14 14 11 12 5 9 10 9 7 9 11 1 6 9 5 8 8 2 7 6 5
28 2 726 14 14 11 13 4 10 7 11 7 8 12 1 5 9 7 7 6 5 4 8 5
28 2 713 14 14 12 8 8 9 10 9 8 8 6 6 7 7 5 9 5 8 6 4 5
28 2 725 14 14 12 9 7 9 10 9 8 6 11 3 7 5 7 9 5 8 1 9 5
28 2 728 14 14 12 10 6 8 14 6 8 8 6 6 8 3 9 8 5 6 8 4 5
28 2 714 14 14 12 11 5 10 9 9 8 9 5 6 7 5 11 5 5 7 7 4 5
28 2 718 14 14 12 12 4 10 9 9 7 10 7 4 6 6 10 6 7 1 8 7 5
28 2 724 14 14 13 7 8 10 9 9 7 11 6 4 6 8 8 6 6 7 2 8 5
28 2 721 14 14 13 8 7 9 12 7 7 10 7 4 6 8 4 10 6 4 5 8 5
28 2 716 14 14 13 8 7 9 12 7 8 8 6 6 7 5 7 9 4 7 7 5 5
28 2 724 14 14 13 9 6 9 12 7 7 9 8 4 6 5 9 8 4 7 2 10 5
28 2 723 14 14 13 9 6 9 12 7 7 9 8 4 6 6 6 10 6 1 8 8 5
28 2 709 14 14 13 9 6 10 10 8 7 11 6 4 6 7 9 6 6 5 4 8 5
28 2 716 14 14 13 9 6 11 7 10 7 11 6 4 5 10 6 7 6 5 4 8 5
28 2 713 14 14 13 9 6 11 7 10 8 9 5 6 6 7 9 6 4 8 6 5 5
28 2 725 14 14 13 10 5 9 13 6 7 10 7 4 6 7 5 10 6 2 7 8 5
28 2 724 14 14 13 10 5 9 13 6 8 8 6 6 7 4 8 9 4 5 9 5 5
28 2 728 14 14 13 10 5 10 10 8 7 9 11 1 5 9 5 9 6 2 7 8 5
28 2 718 14 14 13 11 4 10 11 7 7 11 6 4 6 6 10 6 6 3 6 8 5
28 2 729 14 14 13 11 4 11 8 9 9 6 8 5 6 7 7 8 2 9 10 2 5
28 2 720 14 14 14 7 7 10 11 7 8 8 9 3 6 7 7 8 3 9 5 6 5
28 2 726 14 14 14 7 7 11 8 9 7 11 6 4 5 9 7 7 5 6 3 9 5
28 2 727 14 14 14 8 6 10 10 8 7 8 9 4 4 8 6 10 1 8 6 8 5
28 2 720 14 14 14 8 6 11 8 9 7 10 7 4 4 10 6 8 3 6 8 6 5
28 2 715 14 14 14 9 5 10 12 6 8 8 9 3 6 6 8 8 3 7 7 6 5
28 2 716 14 14 14 9 5 11 9 8 7 11 6 4 5 8 8 7 5 4 5 9 5
28 2 714 14 14 14 9 5 11 9 8 8 8 9 3 5 9 5 9 3 7 7 6 5
28 2 723 14 14 14 9 5 11 9 8 8 9 5 6 6 5 11 6 3 7 7 6 5
28 2 724 14 14 14 10 4 11 9 8 7 10 7 4 4 9 7 8 3 4 10 6 5
28 2 729 14 14 14 10 4 11 9 8 7 10 7 4 5 6 10 7 5 1 8 9 5
28 2 721 14 14 14 10 4 12 7 9 8 9 8 3 5 8 10 5 3 8 6 6 5
28 2 722 14 14 14 11 3 11 10 7 8 8 9 3 5 8 6 9 3 5 9 6 5
28 2 727 14 14 15 7 6 11 10 7 8 8 9 3 5 8 6 9 2 8 6 7 5
28 2 729 14 14 15 8 5 11 10 7 7 10 7 4 4 8 8 8 2 5 9 7 5
28 2 727 14 14 15 9 4 11 11 6 8 8 9 3 5 7 7 9 2 6 8 7 5
28 2 705 15 13 10 13 5 8 11 9 8 7 9 4 8 5 8 7 7 6 7 3 5
28 2 721 15 13 11 9 8 8 11 9 7 9 10 2 7 8 5 8 8 6 2 7 5
28 2 711 15 13 11 10 7 8 11 9 6 11 8 3 6 8 7 7 8 3 5 7 5
28 2 711 15 13 11 11 6 8 12 8 7 9 10 2 7 7 6 8 8 4 4 7 5
28 2 720 15 13 11 11 6 9 9 10 7 9 10 2 6 10 3 9 8 4 4 7 5
28 2 695 15 13 11 11 6 9 9 10 8 7 9 4 7 7 6 8 6 7 6 4 5
28 2 721 15 13 11 12 5 8 12 8 6 11 8 3 6 7 8 7 8 1 7 7 5
28 2 725 15 13 11 13 4 8 13 7 7 9 10 2 7 6 7 8 8 2 6 7 5
28 2 724 15 13 11 13 4 8 13 7 8 7 9 4 8 3 10 7 6 5 8 4 5
28 2 724 15 13 12 8 8 9 9 10 6 11 8 3 5 10 5 8 7 4 4 8 5
28 2 721 15 13 12 9 7 8 13 7 7 9 10 2 7 6 7 8 7 5 3 8 5
28 2 719 15 13 12 9 7 9 10 9 7 9 10 2 6 9 4 9 7 5 3 8 5
28 2 723 15 13 12 10 6 8 13 7 6 11 8 3 6 6 9 7 7 2 6 8 5
28 2 715 15 13 12 10 6 9 10 9 6 11 8 3 5 9 6 8 7 2 6 8 5
28 2 724 15 13 12 10 6 9 10 9 7 8 11 2 5 10 3 10 5 5 8 5 5
28 2 727 15 13 12 11 5 8 14 6 7 9 10 2 7 5 8 8 7 3 5 8 5
28 2 714 15 13 12 11 5 9 11 8 7 9 10 2 6 8 5 9 7 3 5 8 5
28 2 699 15 13 12 11 5 9 11 8 8 7 9 4 7 5 8 8 5 6 7 5 5
28 2 727 15 13 12 11 5 10 8 10 6 12 7 3 5 8 11 4 7 3 5 8 5
28 2 728 15 13 12 12 4 9 12 7 8 7 12 1 7 5 10 6 5 7 6 5 5
28 2 716 15 13 12 12 4 10 9 9 8 7 12 1 6 8 7 7 5 7 6 5 5
28 2 727 15 13 12 13 3 9 11 8 7 7 12 2 5 6 9 8 3 6 7 7 5
28 2 722 15 13 12 13 3 9 12 7 8 7 9 4 7 4 9 8 5 4 9 5 5
28 2 721 15 13 12 13 3 10 9 9 7 9 10 2 5 8 9 6 5 4 9 5 5
28 2 721 15 13 13 8 7 9 11 8 6 11 8 3 5 8 7 8 6 3 5 9 5
28 2 720 15 13 13 9 6 9 12 7 7 9 10 2 6 7 6 9 6 4 4 9 5
28 2 711 15 13 13 9 6 9 12 7 8 7 9 4 7 4 9 8 4 7 6 6 5
28 2 701 15 13 13 9 6 10 9 9 8 7 9 4 6 7 6 9 4 7 6 6 5
28 2 728 15 13 13 10 5 9 12 7 6 11 8 3 5 7 8 8 6 1 7 9 5
28 2 727 15 13 13 10 5 9 12 7 7 8 11 2 5 8 5 10 4 4 9 6 5
28 2 719 15 13 13 10 5 10 10 8 8 7 12 1 6 7 8 7 4 8 5 6 5
28 2 729 15 13 13 10 5 10 10 8 9 6 7 6 7 5 8 8 2 11 7 3 5
28 2 726 15 13 13 11 4 9 13 6 8 7 9 4 7 3 10 8 4 5 8 6 5
28 2 727 15 13 13 11 4 10 9 9 7 7 12 2 4 8 7 9 2 7 6 8 5
28 2 721 15 13 13 11 4 11 7 10 7 9 10 2 4 10 7 7 4 5 8 6 5
28 2 729 15 13 13 12 3 10 11 7 8 7 12 1 6 6 9 7 4 6 7 6 5
28 2 729 15 13 13 12 3 11 8 9 8 7 12 1 5 9 6 8 4 6 7 6 5
28 2 721 15 13 14 7 7 10 10 8 7 10 6 5 5 8 7 8 3 8 5 7 5
28 2 717 15 13 14 7 7 10 10 8 8 7 9 4 6 6 7 9 3 8 5 7 5
28 2 718 15 13 14 8 6 10 11 7 8 8 8 4 6 7 6 9 3 9 4 7 5
28 2 715 15 13 14 9 5 10 11 7 7 10 6 5 5 7 8 8 3 6 7 7 5
28 2 713 15 13 14 9 5 10 11 7 8 7 9 4 6 5 8 9 3 6 7 7 5
28 2 716 15 13 14 10 4 10 12 6 8 8 8 4 6 6 7 9 3 7 6 7 5
28 2 728 15 13 14 10 4 11 9 8 8 7 12 1 5 8 7 8 3 7 6 7 5
28 2 727 15 13 15 7 6 11 9 8 8 7 9 4 5 7 6 10 2 7 6 8 5
28 2 729 15 13 15 8 5 11 10 7 8 8 8 4 5 8 5 10 2 8 5 8 5
28 2 718 16 12 12 8 8 8 11 9 6 10 8 4 5 9 5 9 5 6 6 6 5
28 2 718 16 12 12 9 7 8 12 8 7 8 10 3 6 8 4 10 5 7 5 6 5
28 2 705 16 12 12 10 6 9 10 9 7 9 9 3 6 7 9 6 5 8 4 6 5
28 2 713 16 12 12 10 6 10 7 11 7 9 9 3 5 10 6 7 5 8 4 6 5
28 2 717 16 12 12 11 5 8 13 7 7 8 10 3 6 7 5 10 5 5 7 6 5
28 2 715 16 12 12 11 5 9 10 9 6 11 7 4 5 7 11 5 5 5 7 6 5
28 2 709 16 12 12 12 4 9 11 8 7 9 9 3 6 6 10 6 5 6 6 6 5
28 2 723 16 12 13 8 7 8 13 7 6 10 8 4 5 7 7 9 4 5 7 7 5
28 2 729 16 12 13 8 7 9 11 8 6 12 6 4 5 9 7 7 6 3 9 5 5
28 2 724 16 12 13 8 7 9 11 8 7 9 9 3 6 6 10 6 4 9 3 7 5
28 2 721 16 12 13 8 7 10 8 10 7 9 9 3 5 9 7 7 4 9 3 7 5
28 2 727 16 12 13 9 6 8 14 6 7 8 10 3 6 6 6 10 4 6 6 7 5
28 2 717 16 12 13 9 6 10 8 10 6 11 7 4 4 9 9 6 4 6 6 7 5
28 2 720 16 12 13 10 5 9 12 7 7 9 9 3 6 5 11 6 4 7 5 7 5
28 2 706 16 12 13 10 5 10 9 9 7 9 9 3 5 8 8 7 4 7 5 7 5
28 2 728 16 12 13 11 4 10 9 9 7 8 10 3 4 9 7 8 2 7 10 4 5
28 2 715 16 12 13 12 3 10 10 8 7 9 9 3 5 7 9 7 4 5 7 7 5
28 2 721 16 12 14 8 6 10 10 8 7 9 9 3 5 7 9 7 3 8 4 8 5
28 2 729 16 12 14 9 5 10 10 8 6 11 7 4 4 7 11 6 3 5 7 8 5
28 2 722 16 12 14 10 4 10 11 7 7 9 9 3 5 6 10 7 3 6 6 8 5
28 2 724 17 11 10 13 5 7 12 9 6 9 11 2 6 7 8 7 7 4 7 5 5
28 2 717 17 11 11 11 6 8 10 10 6 9 11 2 5 9 6 8 6 5 6 6 5
28 2 727 17 11 12 9 7 8 12 8 6 12 5 5 6 8 7 7 7 4 7 5 5
28 2 723 17 11 12 11 5 8 12 8 6 9 11 2 5 7 8 8 5 4 7 7 5
28 2 729 17 11 13 8 7 10 8 10 7 10 7 4 5 10 7 6 4 9 7 3 5
28 2 728 17 11 13 9 6 9 10 9 6 9 11 2 4 9 6 9 4 5 6 8 5
28 2 721 17 11 13 10 5 9 11 8 7 8 9 4 5 7 8 8 2 9 7 5 5
28 2 721 17 11 13 10 5 10 9 9 7 10 7 4 5 9 8 6 4 7 9 3 5
28 2 727 17 11 14 8 6 10 10 8 7 10 7 4 5 8 9 6 3 8 8 4 5
