33 0 0 1021 13 20 14 13 6 12 11 10 10 8 12 3 8 8 6 11 7 6 4 11 5
33 0 0 1016 13 20 14 14 5 12 11 10 9 10 10 4 7 8 8 10 7 3 7 11 5
33 0 0 1020 13 20 15 12 6 12 12 9 9 10 10 4 7 7 9 10 6 4 6 12 5
33 0 0 1021 13 20 15 13 5 13 10 10 11 6 11 5 8 6 8 11 4 8 7 9 5
33 0 0 1020 14 19 14 11 8 11 13 9 9 12 7 5 9 6 11 7 9 5 4 10 5
33 0 0 1010 14 19 14 11 8 12 10 11 9 12 7 5 8 9 8 8 9 5 4 10 5
33 0 0 1009 14 19 14 13 6 12 11 10 9 12 7 5 8 8 9 8 9 3 6 10 5
33 0 0 1021 14 19 15 10 8 11 14 8 10 9 7 7 9 5 8 11 6 6 8 8 5
33 0 0 1016 14 19 15 11 7 12 12 9 9 12 7 5 8 7 10 8 8 4 5 11 5
33 0 0 997 14 19 15 11 7 12 12 9 10 9 10 4 8 8 7 10 6 7 7 8 5
33 0 0 1018 14 19 15 11 7 13 9 11 9 12 7 5 7 10 7 9 8 4 5 11 5
33 0 0 1013 14 19 15 11 7 13 9 11 10 9 10 4 7 11 4 11 6 7 7 8 5
33 0 0 1015 14 19 15 12 6 11 14 8 9 9 10 5 7 6 9 11 4 6 8 10 5
33 0 0 1015 14 19 15 12 6 13 9 11 9 11 8 5 6 11 6 10 6 4 10 8 5
33 0 0 1015 14 19 15 12 6 13 9 11 10 8 11 4 7 8 9 9 4 10 4 10 5
33 0 0 1006 14 19 15 13 5 12 13 8 10 9 10 4 8 7 8 10 6 5 9 8 5
33 0 0 1011 14 19 15 13 5 13 10 10 10 9 10 4 7 10 5 11 6 5 9 8 5
33 0 0 1015 14 19 15 14 4 13 10 10 10 8 11 4 7 7 10 9 4 8 6 10 5
33 0 0 1019 14 19 15 14 4 13 11 9 10 10 9 4 8 6 13 6 6 6 8 8 5
33 0 0 1011 14 19 15 14 4 14 8 11 10 10 9 4 7 9 10 7 6 6 8 8 5
33 0 0 1020 14 19 16 9 8 13 10 10 10 9 10 4 7 10 5 11 5 8 6 9 5
33 0 0 1024 14 19 16 10 7 12 12 9 9 9 10 5 6 8 7 12 3 7 7 11 5
33 0 0 1016 14 19 16 11 6 12 14 7 10 9 10 4 8 6 9 10 5 6 8 9 5
33 0 0 1010 14 19 16 11 6 13 11 9 10 9 10 4 7 9 6 11 5 6 8 9 5
33 0 0 1024 14 19 16 11 6 13 11 9 10 10 6 7 8 5 12 8 5 6 8 9 5
33 0 0 1024 14 19 16 12 5 13 11 9 9 11 8 5 6 9 8 10 5 3 11 9 5
33 0 0 1011 14 19 16 12 5 14 9 10 10 10 9 4 7 8 11 7 5 7 7 9 5
33 0 0 1024 14 19 16 13 4 13 12 8 10 9 10 4 7 8 7 11 5 4 10 9 5
33 0 0 1024 14 19 17 9 7 13 12 8 10 9 10 4 7 8 7 11 4 7 7 10 5
33 0 0 1024 15 18 12 13 8 9 15 9 9 10 11 3 10 6 8 9 11 4 4 9 5
33 0 0 1016 15 18 12 13 8 10 12 11 9 10 11 3 9 9 5 10 11 4 4 9 5
33 0 0 1018 15 18 12 14 7 10 12 11 8 12 9 4 8 9 7 9 11 1 7 9 5
33 0 0 1023 15 18 12 14 7 10 12 11 9 9 12 3 9 6 10 8 9 7 1 11 5
33 0 0 1020 15 18 12 15 6 10 13 10 9 10 11 3 9 8 6 10 11 2 6 9 5
33 0 0 1020 15 18 13 11 9 10 13 10 9 10 11 3 9 8 6 10 10 5 3 10 5
33 0 0 1016 15 18 13 13 7 10 14 9 9 10 11 3 9 7 7 10 10 3 5 10 5
33 0 0 1020 15 18 13 13 7 11 11 11 9 10 11 3 8 10 4 11 10 3 5 10 5
33 0 0 1010 15 18 13 14 6 11 12 10 11 7 8 7 10 5 9 9 6 10 8 4 5
33 0 0 1021 15 18 13 16 4 11 13 9 10 8 13 2 9 6 10 8 8 5 8 7 5
33 0 0 1015 15 18 13 16 4 12 10 11 10 8 13 2 8 9 7 9 8 5 8 7 5
33 0 0 1020 15 18 14 11 8 11 12 10 9 10 11 3 8 9 5 11 9 4 4 11 5
33 0 0 1020 15 18 14 12 7 11 12 10 8 12 9 4 7 9 7 10 9 1 7 11 5
33 0 0 1020 15 18 14 12 7 11 13 9 11 7 8 7 10 4 10 9 5 11 7 5 5
33 0 0 1021 15 18 14 13 6 11 13 9 9 10 11 3 8 8 6 11 9 2 6 11 5
33 0 0 998 15 18 14 13 6 11 13 9 10 8 10 5 9 5 9 10 7 5 8 8 5
33 0 0 1004 15 18 14 14 5 12 11 10 10 8 13 2 8 8 8 9 7 6 7 8 5
33 0 0 1021 15 18 14 14 5 13 8 12 10 8 13 2 7 11 5 10 7 6 7 8 5
33 0 0 1022 15 18 14 15 4 11 13 9 9 8 13 3 7 6 10 10 5 5 8 10 5
33 0 0 1024 15 18 14 15 4 13 8 12 9 10 11 3 6 11 7 9 7 3 10 8 5
33 0 0 1012 15 18 15 9 9 11 13 9 9 11 7 6 8 7 9 9 6 8 5 9 5
33 0 0 1014 15 18 15 9 9 12 10 11 9 11 7 6 7 10 6 10 6 8 5 9 5
33 0 0 1012 15 18 15 10 8 11 14 8 10 9 9 5 9 6 8 10 6 9 4 9 5
33 0 0 1009 15 18 15 10 8 12 11 10 10 9 9 5 8 9 5 11 6 9 4 9 5
33 0 0 1022 15 18 15 10 8 12 11 10 11 7 8 7 9 6 8 10 4 12 6 6 5
33 0 0 1007 15 18 15 11 7 11 14 8 9 11 7 6 8 6 10 9 6 6 7 9 5
33 0 0 996 15 18 15 11 7 12 11 10 10 8 10 5 8 7 7 11 6 6 7 9 5
33 0 0 1011 15 18 15 12 6 11 15 7 10 9 9 5 9 5 9 10 6 7 6 9 5
33 0 0 997 15 18 15 12 6 12 12 9 10 9 9 5 8 8 6 11 6 7 6 9 5
33 0 0 1014 15 18 15 12 6 12 12 9 11 7 8 7 9 5 9 10 4 10 8 6 5
33 0 0 1012 15 18 15 12 6 13 9 11 9 12 6 6 7 8 12 6 6 7 6 9 5
33 0 0 1014 15 18 15 12 6 13 9 11 10 8 13 2 7 10 6 10 6 7 6 9 5
33 0 0 1018 15 18 15 13 5 12 11 10 9 8 13 3 6 8 8 11 4 6 7 11 5
33 0 0 1024 15 18 15 14 4 12 13 8 10 8 13 2 8 6 10 9 6 5 8 9 5
33 0 0 1019 15 18 15 14 4 13 10 10 10 8 13 2 7 9 7 10 6 5 8 9 5
33 0 0 1013 15 18 16 9 8 12 12 9 9 11 7 6 7 8 8 10 5 7 6 10 5
33 0 0 1012 15 18 16 10 7 12 13 8 10 9 9 5 8 7 7 11 5 8 5 10 5
33 0 0 1013 15 18 16 11 6 12 13 8 9 11 7 6 7 7 9 10 5 5 8 10 5
33 0 0 1020 15 18 16 11 6 12 13 8 10 8 10 5 7 8 6 12 3 8 10 7 5
33 0 0 1015 15 18 16 11 6 12 13 8 10 8 10 5 8 5 9 11 5 5 8 10 5
33 0 0 1021 15 18 16 11 6 12 14 7 10 10 8 5 8 7 9 9 5 6 12 5 5
33 0 0 1017 15 18 16 11 6 13 11 9 10 10 8 5 7 10 6 10 5 6 12 5 5
33 0 0 1021 15 18 16 11 6 13 11 9 11 7 11 4 8 7 9 9 3 12 6 7 5
33 0 0 1016 15 18 16 12 5 12 14 7 10 9 9 5 8 6 8 11 5 6 7 10 5
33 0 0 1019 15 18 16 12 5 13 11 9 10 8 13 2 7 8 8 10 5 6 7 10 5
33 0 0 1011 15 18 16 12 5 13 11 9 10 9 9 5 7 7 11 8 3 9 9 7 5
33 0 0 1015 15 18 16 12 5 14 8 11 10 9 9 5 6 10 8 9 3 9 9 7 5
33 0 0 1024 15 18 16 13 4 13 12 8 11 7 11 4 8 6 10 9 3 10 8 7 5
33 0 0 1023 15 18 16 13 4 14 9 10 11 7 11 4 7 9 7 10 3 10 8 7 5
33 0 0 1022 15 18 17 9 7 13 12 8 10 10 8 5 7 9 7 10 4 7 11 6 5
33 0 0 1023 15 18 17 10 6 14 9 10 10 9 9 5 6 9 9 9 2 10 8 8 5
33 0 0 1011 16 17 13 11 9 9 15 9 9 9 11 4 9 7 6 11 8 7 5 8 5
33 0 0 1015 16 17 13 11 9 10 12 11 9 9 11 4 8 10 3 12 8 7 5 8 5
33 0 0 1011 16 17 13 13 7 9 16 8 9 9 11 4 9 6 7 11 8 5 7 8 5
33 0 0 1024 16 17 13 14 6 9 16 8 8 11 9 5 8 6 9 10 8 2 10 8 5
33 0 0 1004 16 17 13 14 6 10 14 9 9 10 10 4 9 5 12 7 8 6 6 8 5
33 0 0 1023 16 17 13 14 6 10 14 9 11 5 12 5 10 5 6 12 6 9 8 5 5
33 0 0 984 16 17 13 14 6 11 11 11 9 10 10 4 8 8 9 8 8 6 6 8 5
33 0 0 1020 16 17 13 15 5 13 6 14 9 11 9 4 7 10 11 5 8 7 5 8 5
33 0 0 1002 16 17 13 16 4 11 12 10 9 10 10 4 8 7 10 8 8 4 8 8 5
33 0 0 1008 16 17 14 11 8 10 14 9 9 9 11 4 8 8 5 12 7 6 6 9 5
33 0 0 1019 16 17 14 11 8 11 12 10 9 11 9 4 8 9 8 8 8 6 6 13 0
33 0 0 1021 16 17 14 12 7 10 14 9 9 8 12 4 8 5 10 10 5 9 3 11 5
33 0 0 1023 16 17 14 12 7 11 12 10 8 13 7 5 7 10 7 9 9 1 11 7 5
33 0 0 989 16 17 14 12 7 11 12 10 9 10 10 4 8 7 10 8 7 7 5 9 5
33 0 0 992 16 17 14 12 7 12 9 12 9 10 10 4 7 10 7 9 7 7 5 9 5
33 0 0 1013 16 17 14 13 6 10 15 8 9 9 11 4 8 7 6 12 7 4 8 9 5
33 0 0 1018 16 17 14 13 6 10 15 8 10 7 10 6 9 4 9 11 5 7 10 6 5
33 0 0 999 16 17 14 14 5 11 13 9 9 10 10 4 8 6 11 8 7 5 7 9 5
33 0 0 1008 16 17 14 14 5 11 13 9 10 7 13 3 8 7 8 10 5 8 9 6 5
33 0 0 1014 16 17 14 14 5 12 10 11 10 7 13 3 7 10 5 11 5 8 9 6 5
33 0 0 1016 16 17 14 15 4 12 10 11 9 9 11 4 6 10 7 10 5 5 12 6 5
33 0 0 1019 16 17 14 15 4 13 8 12 9 11 9 4 7 8 13 5 7 6 6 9 5
33 0 0 1018 16 17 15 10 8 10 15 8 8 11 9 5 7 7 8 11 6 4 8 10 5
33 0 0 1001 16 17 15 10 8 12 10 11 9 10 10 4 7 9 8 9 6 8 4 10 5
33 0 0 1024 16 17 15 11 7 10 16 7 9 9 11 4 8 6 7 12 6 5 7 10 5
33 0 0 1011 16 17 15 12 6 11 14 8 9 10 10 4 8 5 12 8 6 6 6 10 5
33 0 0 992 16 17 15 12 6 12 11 10 9 10 10 4 7 8 9 9 6 6 6 10 5
33 0 0 1011 16 17 15 12 6 12 11 10 10 7 13 3 7 9 6 11 4 9 8 7 5
33 0 0 1021 16 17 15 13 5 13 9 11 9 11 9 4 7 7 14 5 6 7 5 10 5
33 0 0 1023 16 17 15 13 5 14 6 13 9 11 9 4 6 10 11 6 6 7 5 10 5
33 0 0 1007 16 17 15 14 4 12 12 9 9 10 10 4 7 7 10 9 6 4 8 10 5
33 0 0 1020 16 17 15 14 4 12 12 9 10 7 13 3 7 8 7 11 4 7 10 7 5
33 0 0 1024 16 17 15 14 4 12 12 9 10 8 9 6 8 4 13 8 4 7 10 7 5
33 0 0 1022 16 17 16 9 8 12 12 9 9 12 5 7 7 9 8 9 5 7 10 6 5
33 0 0 1008 16 17 16 10 7 12 12 9 9 10 10 4 7 7 10 9 5 7 5 11 5
33 0 0 1012 16 17 16 10 7 13 9 11 9 10 10 4 6 10 7 10 5 7 5 11 5
33 0 0 1020 16 17 16 11 6 12 12 9 8 12 8 5 6 7 12 8 5 4 8 11 5
33 0 0 1010 16 17 16 11 6 13 10 10 10 9 8 6 7 8 9 9 3 11 6 8 5
33 0 0 1015 16 17 16 12 5 12 13 8 9 10 10 4 7 6 11 9 5 5 7 11 5
33 0 0 1024 16 17 16 12 5 12 13 8 10 7 13 3 7 7 8 11 3 8 9 8 5
33 0 0 1024 16 17 16 13 4 14 8 11 10 8 12 3 6 9 10 8 3 9 8 8 5
33 0 0 1020 16 17 17 10 6 13 11 9 9 10 10 4 6 8 9 10 4 6 6 12 5
33 0 0 1022 17 16 11 16 6 9 13 11 9 8 14 2 9 8 6 10 10 5 6 7 5
33 0 0 1016 17 16 12 14 7 9 14 10 9 8 14 2 9 7 7 10 9 6 5 8 5
33 0 0 1021 17 16 12 14 7 10 11 12 9 8 14 2 8 10 4 11 9 6 5 8 5
33 0 0 1019 17 16 12 17 4 11 10 12 9 9 13 2 8 8 10 7 9 5 6 8 5
33 0 0 1023 17 16 13 11 9 9 15 9 8 13 6 6 9 7 9 8 10 4 7 7 5
33 0 0 1014 17 16 13 11 9 10 12 11 9 10 9 5 9 7 9 8 8 10 1 9 5
33 0 0 1019 17 16 13 12 8 10 12 11 9 8 14 2 8 9 5 11 8 7 4 9 5
33 0 0 1015 17 16 13 14 6 10 13 10 9 8 14 2 8 8 6 11 8 5 6 9 5
33 0 0 1010 17 16 13 15 5 11 11 11 9 9 13 2 8 7 11 7 8 6 5 9 5
33 0 0 1014 17 16 13 15 5 12 8 13 9 9 13 2 7 10 8 8 8 6 5 9 5
33 0 0 1022 17 16 14 9 10 10 13 10 8 13 6 6 8 9 7 9 9 5 6 8 5
33 0 0 1024 17 16 14 10 9 10 13 10 8 12 7 6 8 6 12 7 7 8 3 10 5
33 0 0 1023 17 16 14 11 8 9 17 7 9 10 9 5 9 6 8 10 7 6 10 5 5
33 0 0 1016 17 16 14 11 8 10 14 9 8 13 6 6 8 8 8 9 9 3 8 8 5
33 0 0 1007 17 16 14 11 8 10 14 9 9 10 9 5 8 9 5 11 7 6 10 5 5
33 0 0 1019 17 16 14 11 8 10 14 9 9 10 9 5 9 5 11 8 7 9 2 10 5
33 0 0 1021 17 16 14 11 8 10 14 9 10 7 12 4 9 6 8 10 5 12 4 7 5
33 0 0 1019 17 16 14 11 8 11 11 11 10 7 12 4 8 9 5 11 5 12 4 7 5
33 0 0 1020 17 16 14 12 7 10 14 9 9 8 14 2 8 7 7 11 7 6 5 10 5
33 0 0 996 17 16 14 12 7 10 14 9 9 9 10 5 8 6 10 9 5 9 7 7 5
33 0 0 995 17 16 14 12 7 12 9 12 9 11 8 5 7 11 7 8 7 7 9 5 5
33 0 0 1017 17 16 14 12 7 12 9 12 10 8 11 4 8 8 10 7 5 13 3 7 5
33 0 0 1012 17 16 14 13 6 10 14 9 8 10 12 3 7 7 9 10 7 3 8 10 5
33 0 0 1019 17 16 14 13 6 10 15 8 9 10 9 5 8 8 6 11 7 4 12 5 5
33 0 0 1019 17 16 14 13 6 10 15 8 9 10 9 5 9 4 12 8 7 7 4 10 5
33 0 0 1015 17 16 14 13 6 10 15 8 10 7 12 4 9 5 9 10 5 10 6 7 5
33 0 0 1002 17 16 14 13 6 11 12 10 10 7 12 4 8 8 6 11 5 10 6 7 5
33 0 0 1009 17 16 14 13 6 12 9 12 9 9 13 2 7 9 9 8 7 7 4 10 5
33 0 0 1010 17 16 14 14 5 10 15 8 9 9 10 5 8 5 11 9 5 7 9 7 5
33 0 0 1007 17 16 14 14 5 11 13 9 9 11 8 5 8 7 11 7 7 5 11 5 5
33 0 0 1001 17 16 14 14 5 12 10 11 9 11 8 5 7 10 8 8 7 5 11 5 5
33 0 0 1005 17 16 14 14 5 12 10 11 10 8 11 4 8 7 11 7 5 11 5 7 5
33 0 0 1015 17 16 14 15 4 12 10 11 9 9 13 2 7 8 10 8 7 5 6 10 5
33 0 0 1009 17 16 14 15 4 12 10 11 9 10 9 5 7 7 13 6 5 8 8 7 5
33 0 0 1017 17 16 14 16 3 12 11 10 10 8 11 4 8 6 12 7 5 9 7 7 5
33 0 0 1017 17 16 15 9 9 10 15 8 9 10 9 5 8 8 6 11 6 7 9 6 5
33 0 0 1024 17 16 15 9 9 11 12 10 9 10 9 5 7 11 3 12 6 7 9 6 5
33 0 0 1001 17 16 15 10 8 11 12 10 9 9 10 5 7 8 8 10 4 10 6 8 5
33 0 0 1023 17 16 15 10 8 13 7 13 9 11 8 5 6 13 5 9 6 8 8 6 5
33 0 0 1021 17 16 15 11 7 10 16 7 9 10 9 5 8 7 7 11 6 5 11 6 5
33 0 0 1013 17 16 15 11 7 11 12 10 8 10 12 3 6 9 7 11 6 4 7 11 5
33 0 0 1017 17 16 15 11 7 11 13 9 9 10 9 5 7 10 4 12 6 5 11 6 5
33 0 0 1015 17 16 15 11 7 11 13 9 10 7 12 4 8 7 7 11 4 11 5 8 5
33 0 0 996 17 16 15 12 6 11 13 9 9 9 10 5 7 7 9 10 4 8 8 8 5
33 0 0 1010 17 16 15 12 6 11 14 8 9 11 8 5 8 6 12 7 6 6 10 6 5
33 0 0 993 17 16 15 12 6 12 11 10 9 11 8 5 7 9 9 8 6 6 10 6 5
33 0 0 1019 17 16 15 12 6 12 11 10 10 8 11 4 8 6 12 7 4 12 4 8 5
33 0 0 1010 17 16 15 12 6 13 8 12 9 11 8 5 6 12 6 9 6 6 10 6 5
33 0 0 1016 17 16 15 12 6 13 8 12 10 8 11 4 7 9 9 8 4 12 4 8 5
33 0 0 1014 17 16 15 13 5 11 14 8 10 7 12 4 8 6 8 11 4 9 7 8 5
33 0 0 1017 17 16 15 13 5 12 11 10 9 9 13 2 7 7 11 8 6 6 5 11 5
33 0 0 1015 17 16 15 13 5 12 11 10 9 10 9 5 7 6 14 6 4 9 7 8 5
33 0 0 1022 17 16 15 13 5 13 8 12 9 9 13 2 6 10 8 9 6 6 5 11 5
33 0 0 1015 17 16 15 14 4 12 12 9 9 11 8 5 7 8 10 8 6 4 12 6 5
33 0 0 1023 17 16 15 14 4 12 12 9 10 8 11 4 8 5 13 7 4 10 6 8 5
33 0 0 1009 17 16 15 14 4 13 9 11 10 8 11 4 7 8 10 8 4 10 6 8 5
33 0 0 1023 17 16 16 9 8 11 14 8 9 10 9 5 7 9 5 12 5 6 10 7 5
33 0 0 1016 17 16 16 10 7 11 14 8 9 9 10 5 7 6 10 10 3 9 7 9 5
33 0 0 1019 17 16 16 10 7 12 12 9 8 13 9 3 6 11 7 9 7 4 7 10 5
33 0 0 1000 17 16 16 10 7 12 12 9 9 11 8 5 7 8 10 8 5 7 9 7 5
33 0 0 1006 17 16 16 10 7 13 9 11 9 11 8 5 6 11 7 9 5 7 9 7 5
33 0 0 1022 17 16 16 11 6 12 12 9 10 7 12 4 7 8 6 12 3 10 6 9 5
33 0 0 1016 17 16 16 11 6 13 9 11 9 10 9 5 6 8 12 7 3 10 6 9 5
33 0 0 1014 17 16 16 12 5 12 13 8 9 11 8 5 7 7 11 8 5 5 11 7 5
33 0 0 1009 17 16 16 12 5 13 10 10 9 11 8 5 6 10 8 9 5 5 11 7 5
33 0 0 1019 17 16 16 12 5 13 10 10 10 8 11 4 7 7 11 8 3 11 5 9 5
33 0 0 1021 17 16 16 13 4 13 10 10 9 10 9 5 6 7 13 7 3 8 8 9 5
33 0 0 1017 17 16 17 8 8 13 10 10 9 11 8 5 6 10 8 9 4 8 8 8 5
33 0 0 1012 17 16 17 10 6 13 11 9 9 11 8 5 6 9 9 9 4 6 10 8 5
33 0 0 1019 18 15 12 12 9 8 15 10 8 10 11 4 9 6 9 9 9 7 3 9 5
33 0 0 1014 18 15 12 14 7 10 11 12 9 9 12 3 8 11 4 10 9 6 9 4 5
33 0 0 1013 18 15 12 17 4 10 12 11 9 8 13 3 8 7 10 8 7 7 8 6 5
33 0 0 1023 18 15 13 12 8 9 14 10 9 7 14 3 8 8 5 12 6 9 6 7 5
33 0 0 1015 18 15 13 13 7 10 12 11 8 11 10 4 8 6 13 6 8 7 3 10 5
33 0 0 1023 18 15 13 14 6 9 15 9 9 7 14 3 8 7 6 12 6 7 8 7 5
33 0 0 1021 18 15 13 14 6 9 16 8 9 9 12 3 9 6 9 9 8 5 10 5 5
33 0 0 1006 18 15 13 14 6 10 13 10 9 9 12 3 8 9 6 10 8 5 10 5 5
33 0 0 1008 18 15 13 15 5 10 13 10 9 8 13 3 8 6 11 8 6 8 7 7 5
33 0 0 1021 18 15 14 10 9 9 16 8 9 10 8 6 9 7 6 11 7 8 7 6 5
33 0 0 1022 18 15 14 11 8 9 16 8 9 9 9 6 9 5 8 11 7 5 10 6 5
33 0 0 1023 18 15 14 12 7 9 17 7 9 10 8 6 9 6 7 11 7 6 9 6 5
33 0 0 1020 18 15 14 12 7 10 13 10 7 12 12 2 6 9 10 8 7 5 5 11 5
33 0 0 1002 18 15 14 12 7 10 14 9 9 9 12 3 8 8 7 10 7 6 9 6 5
33 0 0 1010 18 15 14 12 7 11 11 11 9 9 12 3 7 11 4 11 7 6 9 6 5
33 0 0 1023 18 15 14 13 6 9 16 8 8 9 12 4 7 6 9 11 5 5 10 8 5
33 0 0 1017 18 15 14 13 6 11 11 11 8 11 10 4 6 11 6 10 7 3 12 6 5
33 0 0 1000 18 15 14 13 6 11 11 11 9 8 13 3 7 8 9 9 5 9 6 8 5
33 0 0 1021 18 15 14 14 5 10 15 8 9 9 12 3 8 7 8 10 7 4 11 6 5
33 0 0 1018 18 15 14 14 5 11 12 10 9 9 12 3 7 10 5 11 7 4 11 6 5
33 0 0 1010 18 15 14 15 4 11 12 10 9 8 13 3 7 7 10 9 5 7 8 8 5
33 0 0 1018 18 15 15 10 8 11 12 10 8 13 5 7 7 8 11 7 6 7 8 7 5
33 0 0 1010 18 15 15 10 8 11 12 10 9 9 12 3 7 10 5 11 6 7 8 7 5
33 0 0 1012 18 15 15 11 7 11 13 9 10 8 10 5 8 8 7 10 4 11 9 4 5
33 0 0 1019 18 15 15 11 7 12 9 12 9 8 13 3 6 10 7 10 4 10 5 9 5
33 0 0 1024 18 15 15 11 7 12 10 11 10 8 10 5 7 11 4 11 4 11 9 4 5
33 0 0 1024 18 15 15 12 6 10 16 7 9 9 12 3 8 6 9 10 6 5 10 7 5
33 0 0 1010 18 15 15 12 6 11 13 9 9 9 12 3 7 9 6 11 6 5 10 7 5
33 0 0 1014 18 15 15 12 6 11 13 9 9 10 8 6 7 8 9 9 4 8 12 4 5
33 0 0 1016 18 15 15 13 5 11 13 9 9 8 13 3 7 6 11 9 4 8 7 9 5
33 0 0 1018 18 15 15 13 5 11 14 8 10 8 10 5 8 7 8 10 4 9 11 4 5
33 0 0 1019 18 15 15 13 5 12 11 10 10 8 10 5 7 10 5 11 4 9 11 4 5
33 0 0 1017 18 15 16 10 7 11 14 8 9 9 12 3 7 8 7 11 5 6 9 8 5
33 0 0 1020 18 15 16 10 7 12 11 10 9 10 8 6 6 10 7 10 3 9 11 5 5
33 0 0 1020 18 15 16 11 6 12 11 10 9 8 13 3 6 8 9 10 3 9 6 10 5
33 0 0 1019 18 15 16 11 6 12 12 9 10 8 10 5 7 9 6 11 3 10 10 5 5
33 0 0 1020 19 14 12 14 7 8 16 9 8 11 9 5 9 6 10 8 9 5 9 5 5
33 0 0 1012 19 14 12 15 6 10 11 12 8 12 8 5 8 8 12 5 9 6 8 5 5
33 0 0 999 19 14 13 12 8 9 14 10 8 11 9 5 8 8 8 9 8 6 8 6 5
33 0 0 1013 19 14 13 15 5 11 10 12 9 9 11 4 7 10 8 8 6 8 11 3 5
33 0 0 1011 19 14 14 10 9 9 15 9 8 11 9 5 8 7 9 9 7 7 7 7 5
33 0 0 1016 19 14 14 12 7 9 16 8 8 11 9 5 8 6 10 9 7 5 9 7 5
33 0 0 1020 19 14 14 13 6 10 13 10 9 7 13 4 7 7 9 10 3 11 8 6 5
33 0 0 1003 19 14 14 13 6 11 11 11 8 12 8 5 7 8 12 6 7 6 8 7 5
33 0 0 1021 19 14 14 13 6 12 8 13 9 9 11 4 6 12 6 9 5 9 10 4 5
33 0 0 1020 19 14 14 15 4 11 12 10 9 9 11 4 7 8 10 8 5 7 12 4 5
33 0 0 1021 19 14 15 8 10 10 13 10 8 11 9 5 7 9 7 10 6 8 6 8 5
33 0 0 1007 19 14 15 10 8 10 14 9 8 11 9 5 7 8 8 10 6 6 8 8 5
33 0 0 1020 19 14 15 11 7 10 15 8 8 11 12 2 7 8 10 8 6 7 7 8 5
33 0 0 1013 19 14 15 11 7 11 12 10 8 11 12 2 6 11 7 9 6 7 7 8 5
33 0 0 1012 19 14 15 11 7 11 12 10 8 12 8 5 7 7 13 6 6 7 7 8 5
33 0 0 1024 19 14 15 12 6 10 14 9 7 11 12 3 5 9 9 10 4 6 8 10 5
33 0 0 1022 19 14 15 12 6 11 12 10 7 13 10 3 5 11 9 8 6 4 10 8 5
33 0 0 1024 19 14 15 12 6 11 13 9 9 10 10 4 7 9 9 8 5 7 12 9 0
33 0 0 1022 19 14 15 12 6 12 10 11 8 12 11 2 6 10 12 5 6 8 6 8 5
33 0 0 1018 19 14 15 13 5 11 13 9 8 11 12 2 6 10 8 9 6 5 9 8 5
33 0 0 1017 19 14 15 13 5 11 13 9 9 9 11 4 7 7 11 8 4 8 11 5 5
33 0 0 1013 19 14 15 13 5 12 10 11 9 9 11 4 6 10 8 9 4 8 11 5 5
33 0 0 1018 19 14 16 9 8 12 10 11 8 12 8 5 6 9 11 7 5 8 6 9 5
33 0 0 1024 19 14 16 11 6 11 14 8 8 11 12 2 6 9 9 9 5 6 8 9 5
33 0 0 1014 19 14 16 11 6 12 11 10 8 12 8 5 6 8 12 7 5 6 8 9 5
33 0 0 1014 19 14 16 11 6 12 11 10 9 9 11 4 6 9 9 9 3 9 10 6 5
33 0 0 1012 20 13 12 15 6 9 13 11 8 10 12 3 8 8 9 8 9 5 8 6 5
33 0 0 1013 20 13 13 12 8 10 11 12 9 9 10 5 8 9 8 8 6 12 6 4 5
33 0 0 1010 20 13 13 13 7 9 14 10 8 10 12 3 8 7 10 8 8 6 7 7 5
33 0 0 1007 20 13 14 11 8 10 12 11 8 10 12 3 7 9 8 9 7 7 6 8 5
33 0 0 1010 20 13 14 12 7 10 13 10 9 9 10 5 8 7 10 8 5 11 7 5 5
33 0 0 1008 20 13 14 13 6 10 13 10 8 10 12 3 7 8 9 9 7 5 8 8 5
33 0 0 1017 20 13 14 14 5 10 14 9 9 9 10 5 8 6 11 8 5 9 9 5 5
33 0 0 1024 20 13 15 10 8 10 14 9 8 11 11 3 7 9 8 9 6 9 4 9 5
33 0 0 1019 20 13 15 10 8 11 11 11 9 9 10 5 7 9 8 9 4 12 6 6 5
33 0 0 1020 20 13 15 11 7 10 14 9 7 13 9 4 6 9 10 8 6 6 7 9 5
33 0 0 1017 20 13 15 11 7 10 14 9 8 10 12 3 7 7 10 9 6 6 7 9 5
33 0 0 1019 20 13 15 12 6 10 15 8 8 11 11 3 7 8 9 9 6 7 6 9 5
33 0 0 1024 20 13 16 10 7 11 13 9 9 9 10 5 7 7 10 9 3 11 7 7 5
33 0 0 1024 20 13 16 11 6 11 13 9 8 10 12 3 6 8 9 10 5 5 8 10 5
33 0 0 1023 21 12 14 11 8 9 14 10 8 9 12 4 7 8 8 10 5 9 8 6 5
33 0 0 1023 21 12 15 12 6 11 11 11 8 10 11 4 6 8 12 7 4 9 8 7 5
