32 0 0 955 12 20 12 13 7 10 13 9 10 8 9 5 10 5 7 10 9 5 5 8 5
32 0 0 956 12 20 13 11 8 11 11 10 10 8 9 5 9 7 5 11 8 6 4 9 5
32 0 0 954 12 20 13 13 6 11 12 9 10 8 9 5 9 6 6 11 8 4 6 9 5
32 0 0 956 12 20 13 14 5 12 10 10 10 9 8 5 9 5 11 7 8 5 5 9 5
32 0 0 953 12 20 14 12 6 13 8 11 10 9 8 5 8 7 9 8 7 6 4 10 5
32 0 0 961 12 20 14 14 4 13 9 10 10 9 8 5 8 6 10 8 7 4 6 10 5
32 0 0 961 12 20 14 14 4 13 9 10 11 6 11 4 8 7 7 10 5 7 8 7 5
32 0 0 954 13 19 12 14 6 11 10 11 10 7 12 3 9 7 6 10 9 5 4 9 5
32 0 0 955 13 19 13 11 8 10 13 9 10 7 9 6 9 6 5 12 6 8 6 7 5
32 0 0 950 13 19 13 13 6 11 12 9 10 9 7 6 9 7 6 10 8 4 10 5 5
32 0 0 957 13 19 13 13 6 11 12 9 11 6 10 5 10 4 9 9 6 10 4 7 5
32 0 0 951 13 19 13 13 6 12 9 11 11 6 10 5 9 7 6 10 6 10 4 7 5
32 0 0 961 13 19 13 14 5 11 12 9 10 7 12 3 9 5 8 10 8 4 5 10 5
32 0 0 949 13 19 13 14 5 11 12 9 10 8 8 6 9 4 11 8 6 7 7 7 5
32 0 0 949 13 19 14 11 7 11 13 8 10 9 7 6 9 6 7 10 7 5 9 6 5
32 0 0 952 13 19 14 11 7 12 10 10 10 9 7 6 8 9 4 11 7 5 9 6 5
32 0 0 961 13 19 14 11 7 12 10 10 11 6 10 5 9 6 7 10 5 11 3 8 5
32 0 0 961 13 19 14 12 6 12 10 10 10 7 12 3 8 7 6 11 7 5 4 11 5
32 0 0 939 13 19 14 12 6 12 10 10 10 8 8 6 8 6 9 9 5 8 6 8 5
32 0 0 953 13 19 14 13 5 12 11 9 11 6 10 5 9 5 8 10 5 9 5 8 5
32 0 0 955 13 19 15 9 8 12 11 9 10 9 7 6 8 8 5 11 6 6 8 7 5
32 0 0 961 13 19 15 10 7 12 11 9 9 10 9 4 7 8 7 10 6 6 3 12 5
32 0 0 957 13 19 15 11 6 12 12 8 10 9 7 6 8 7 6 11 6 4 10 7 5
32 0 0 961 13 19 15 12 5 12 12 8 9 10 9 4 7 7 8 10 6 4 5 12 5
32 0 0 960 13 19 15 12 5 12 12 8 10 8 8 6 8 4 11 9 4 7 7 9 5
32 0 0 955 13 19 16 10 6 13 11 8 10 9 10 3 7 9 6 10 5 6 8 8 5
32 0 0 944 14 18 12 14 6 10 12 10 10 6 12 4 9 6 6 11 7 7 6 7 5
32 0 0 960 14 18 13 11 8 10 12 10 8 10 11 3 7 9 5 11 8 4 4 11 5
32 0 0 961 14 18 13 13 6 10 13 9 8 10 11 3 7 8 6 11 8 2 6 11 5
32 0 0 957 14 18 13 13 6 11 11 10 9 9 12 2 8 7 9 8 8 6 2 11 5
32 0 0 959 14 18 13 14 5 10 14 8 10 6 12 4 9 4 8 11 6 6 7 8 5
32 0 0 956 14 18 13 14 5 11 11 10 8 11 10 3 7 7 11 7 8 3 5 11 5
32 0 0 944 14 18 13 15 4 12 9 11 10 7 11 4 8 6 10 8 6 7 6 8 5
32 0 0 961 14 18 14 11 7 11 12 9 8 12 9 3 7 9 7 9 9 1 7 10 5
32 0 0 952 14 18 14 12 6 11 12 9 10 6 12 4 8 6 6 12 5 7 6 9 5
32 0 0 956 14 18 14 12 6 12 9 11 8 11 10 3 6 9 9 8 7 4 4 12 5
32 0 0 959 14 18 14 14 4 12 10 10 9 8 13 2 6 9 7 10 5 5 8 9 5
32 0 0 957 14 18 15 12 5 13 9 10 10 9 6 7 7 8 8 9 4 7 11 5 5
32 0 0 955 14 18 15 13 4 13 9 10 10 7 11 4 7 6 10 9 4 7 6 10 5
32 0 0 955 14 18 16 8 8 12 12 8 9 11 7 5 7 8 8 9 5 7 6 9 5
32 0 0 954 14 18 16 10 6 12 13 7 9 11 7 5 7 7 9 9 5 5 8 9 5
32 0 0 954 14 18 16 10 6 13 10 9 9 11 7 5 6 10 6 10 5 5 8 9 5
32 0 0 961 14 18 16 10 6 13 10 9 10 9 6 7 7 7 9 9 3 8 10 6 5
32 0 0 960 15 17 13 10 9 10 12 10 8 12 8 4 8 9 6 9 10 4 3 10 5
32 0 0 954 15 17 13 12 7 10 13 9 8 12 8 4 8 8 7 9 10 2 5 10 5
32 0 0 937 15 17 13 12 7 10 13 9 9 10 7 6 9 5 10 8 8 5 7 7 5
32 0 0 959 15 17 13 14 5 10 14 8 9 10 7 6 9 4 11 8 8 3 9 7 5
32 0 0 955 15 17 13 14 5 10 14 8 10 7 10 5 9 5 8 10 6 6 11 4 5
32 0 0 948 15 17 13 14 5 11 11 10 10 7 10 5 8 8 5 11 6 6 11 4 5
32 0 0 950 15 17 14 10 8 10 14 8 9 9 11 3 8 8 5 11 7 6 6 8 5
32 0 0 932 15 17 14 10 8 11 11 10 9 10 7 6 8 7 8 9 7 6 6 8 5
32 0 0 947 15 17 14 11 7 10 14 8 8 11 9 4 7 8 7 10 7 3 9 8 5
32 0 0 954 15 17 14 11 7 11 11 10 8 11 9 4 6 11 4 11 7 3 9 8 5
32 0 0 949 15 17 14 11 7 11 11 10 9 8 12 3 7 8 7 10 5 9 3 10 5
32 0 0 958 15 17 14 11 7 11 12 9 10 9 5 8 9 5 10 8 5 10 7 5 5
32 0 0 933 15 17 14 11 7 12 9 11 9 10 10 3 7 10 7 8 7 7 5 8 5
32 0 0 954 15 17 14 12 6 10 15 7 9 9 11 3 8 7 6 11 7 4 8 8 5
32 0 0 933 15 17 14 12 6 11 11 10 8 10 10 4 6 8 9 9 5 6 6 10 5
32 0 0 956 15 17 14 12 6 11 12 9 9 9 11 3 7 10 3 12 7 4 8 8 5
32 0 0 941 15 17 14 12 6 11 12 9 10 7 10 5 8 7 6 11 5 7 10 5 5
32 0 0 944 15 17 14 13 5 11 12 9 9 8 12 3 7 7 8 10 5 7 5 10 5
32 0 0 942 15 17 14 13 5 11 13 8 9 10 10 3 8 6 11 7 7 5 7 8 5
32 0 0 931 15 17 14 13 5 12 10 10 9 10 10 3 7 9 8 8 7 5 7 8 5
32 0 0 954 15 17 14 13 5 13 7 12 9 10 10 3 6 12 5 9 7 5 7 8 5
32 0 0 957 15 17 14 14 4 12 10 10 8 12 8 4 6 9 10 7 7 2 10 8 5
32 0 0 959 15 17 14 14 4 13 7 12 9 9 11 3 6 9 10 7 5 8 4 10 5
32 0 0 953 15 17 14 15 3 12 11 9 9 10 10 3 7 8 9 8 7 3 9 8 5
32 0 0 956 15 17 14 15 3 13 8 11 10 8 9 5 7 8 9 8 5 6 11 5 5
32 0 0 956 15 17 15 9 8 11 12 9 8 11 9 4 6 10 5 11 6 4 8 9 5
32 0 0 958 15 17 15 10 7 11 13 8 9 9 11 3 7 9 4 12 6 5 7 9 5
32 0 0 947 15 17 15 10 7 11 13 8 9 10 7 6 8 5 10 9 6 5 7 9 5
32 0 0 954 15 17 15 10 7 12 10 10 10 7 10 5 7 9 4 12 4 8 9 6 5
32 0 0 961 15 17 15 11 6 11 13 8 8 11 9 4 6 9 6 11 6 2 10 9 5
32 0 0 960 15 17 15 11 6 11 13 8 9 8 12 3 7 6 9 10 4 8 4 11 5
32 0 0 956 15 17 15 11 6 11 14 7 9 10 10 3 8 5 12 7 6 6 6 9 5
32 0 0 959 15 17 15 11 6 12 10 10 9 8 12 3 6 9 6 11 4 8 4 11 5
32 0 0 934 15 17 15 11 6 12 11 9 9 10 10 3 7 8 9 8 6 6 6 9 5
32 0 0 946 15 17 15 11 6 13 8 11 9 10 10 3 6 11 6 9 6 6 6 9 5
32 0 0 956 15 17 15 12 5 11 13 8 8 10 10 4 6 6 11 9 4 5 7 11 5
32 0 0 952 15 17 15 12 5 12 11 9 8 12 8 4 6 8 11 7 6 3 9 9 5
32 0 0 956 15 17 15 12 5 12 11 9 10 7 10 5 7 8 5 12 4 6 11 6 5
32 0 0 958 15 17 15 12 5 13 8 11 8 12 8 4 5 11 8 8 6 3 9 9 5
32 0 0 948 15 17 15 13 4 12 12 8 9 10 10 3 7 7 10 8 6 4 8 9 5
32 0 0 949 15 17 15 13 4 13 9 10 9 10 10 3 6 10 7 9 6 4 8 9 5
32 0 0 946 15 17 15 13 4 13 9 10 10 8 9 5 7 7 10 8 4 7 10 6 5
32 0 0 954 15 17 16 8 8 12 11 9 9 10 7 6 7 7 8 10 5 6 6 10 5
32 0 0 952 15 17 16 9 7 12 12 8 9 10 10 3 7 7 10 8 5 7 5 10 5
32 0 0 956 15 17 16 9 7 12 12 8 9 11 6 6 7 8 7 10 5 7 5 10 5
32 0 0 953 15 17 16 9 7 13 9 10 9 10 10 3 6 10 7 9 5 7 5 10 5
32 0 0 961 15 17 16 10 6 12 11 9 8 10 10 4 5 8 9 10 3 6 6 12 5
32 0 0 960 15 17 16 10 6 12 12 8 10 7 10 5 7 7 6 12 3 7 10 7 5
32 0 0 957 15 17 16 10 6 13 9 10 8 12 8 4 5 10 9 8 5 4 8 10 5
32 0 0 958 15 17 16 11 5 12 13 7 9 10 10 3 7 6 11 8 5 5 7 10 5
32 0 0 948 15 17 16 11 5 13 10 9 9 10 10 3 6 9 8 9 5 5 7 10 5
32 0 0 955 15 17 16 11 5 14 7 11 10 8 9 5 6 9 8 9 3 8 9 7 5
32 0 0 956 16 16 11 14 7 8 15 9 9 8 11 4 10 5 7 10 10 4 7 6 5
32 0 0 956 16 16 12 11 9 9 13 10 10 7 9 6 10 6 6 10 7 11 5 4 5
32 0 0 942 16 16 12 12 8 9 13 10 9 8 11 4 9 7 5 11 9 5 6 7 5
32 0 0 946 16 16 12 13 7 9 14 9 10 7 9 6 10 5 7 10 7 9 7 4 5
32 0 0 956 16 16 12 14 6 9 13 10 8 8 14 2 7 8 6 11 7 5 6 9 5
32 0 0 959 16 16 13 11 8 9 15 8 10 7 9 6 10 4 8 10 6 10 6 5 5
32 0 0 951 16 16 13 12 7 9 15 8 9 8 11 4 9 5 7 11 8 4 7 8 5
32 0 0 955 16 16 13 12 7 9 15 8 9 9 7 7 9 4 10 9 6 7 9 5 5
32 0 0 957 16 16 13 13 6 10 13 9 9 8 14 1 8 8 6 10 8 5 6 8 5
32 0 0 955 16 16 13 14 5 10 13 9 8 10 12 2 7 8 8 9 8 2 9 8 5
32 0 0 955 16 16 13 15 4 11 10 11 8 9 13 2 6 8 10 8 6 5 6 10 5
32 0 0 954 16 16 13 15 4 11 11 10 10 6 13 3 8 7 7 10 6 6 10 5 5
32 0 0 961 16 16 14 9 9 10 13 9 10 7 9 6 9 6 6 11 5 11 5 6 5
32 0 0 951 16 16 14 9 9 11 10 11 8 12 7 5 7 9 9 7 7 8 3 9 5
32 0 0 958 16 16 14 10 8 9 16 7 8 11 8 5 8 6 8 10 7 5 6 9 5
32 0 0 949 16 16 14 10 8 10 13 9 9 8 11 4 8 7 5 12 7 5 6 9 5
32 0 0 960 16 16 14 11 7 10 14 8 8 12 7 5 8 5 13 6 7 6 5 9 5
32 0 0 951 16 16 14 11 7 10 14 8 9 9 10 4 8 8 4 12 7 6 5 9 5
32 0 0 948 16 16 14 11 7 10 14 8 10 7 9 6 9 5 7 11 5 9 7 6 5
32 0 0 935 16 16 14 11 7 11 11 10 8 12 7 5 7 8 10 7 7 6 5 9 5
32 0 0 951 16 16 14 12 6 11 11 10 8 10 12 2 6 10 6 10 7 3 8 9 5
32 0 0 943 16 16 14 13 5 11 12 9 8 12 7 5 7 7 11 7 7 4 7 9 5
32 0 0 954 16 16 14 13 5 12 9 11 10 6 13 3 7 9 5 11 5 7 9 6 5
32 0 0 954 16 16 15 9 8 11 12 9 8 12 7 5 7 7 11 7 6 7 4 10 5
32 0 0 952 16 16 15 9 8 12 9 11 8 12 7 5 6 10 8 8 6 7 4 10 5
32 0 0 955 16 16 15 9 8 12 9 11 9 9 10 4 6 11 5 10 4 10 6 7 5
32 0 0 959 16 16 15 10 7 10 15 7 8 11 8 5 7 7 7 11 6 4 7 10 5
32 0 0 959 16 16 15 10 7 11 13 8 9 10 9 4 7 10 4 11 6 5 11 5 5
32 0 0 958 16 16 15 10 7 11 13 8 10 7 12 3 8 7 7 10 4 11 5 7 5
32 0 0 954 16 16 15 11 6 11 13 8 8 12 7 5 7 6 12 7 6 5 6 10 5
32 0 0 937 16 16 15 11 6 11 13 8 9 9 10 4 7 7 9 9 4 8 8 7 5
32 0 0 938 16 16 15 11 6 12 10 10 9 9 10 4 6 10 6 10 4 8 8 7 5
32 0 0 954 16 16 15 12 5 11 13 8 8 11 8 5 6 7 11 8 4 5 11 7 5
32 0 0 956 16 16 15 12 5 11 14 7 10 7 12 3 8 6 8 10 4 9 7 7 5
32 0 0 949 16 16 15 12 5 12 10 10 8 11 8 5 5 10 8 9 4 5 11 7 5
32 0 0 959 16 16 15 12 5 12 10 10 9 8 11 4 6 7 11 8 2 11 5 9 5
32 0 0 952 16 16 15 12 5 12 11 9 10 7 12 3 7 9 5 11 4 9 7 7 5
32 0 0 946 16 16 15 12 5 13 8 11 9 10 9 4 6 9 11 6 4 9 7 7 5
32 0 0 955 16 16 15 13 4 11 14 7 9 9 10 4 7 6 10 9 4 6 10 7 5
32 0 0 945 16 16 15 13 4 12 11 9 9 9 10 4 6 9 7 10 4 6 10 7 5
32 0 0 961 16 16 15 13 4 12 11 9 10 6 13 3 7 7 7 11 4 6 10 7 5
32 0 0 958 16 16 15 14 3 13 9 10 9 10 9 4 6 8 12 6 4 7 9 7 5
32 0 0 959 16 16 16 9 7 11 14 7 9 9 10 4 7 6 10 9 3 9 7 8 5
32 0 0 956 16 16 16 9 7 12 11 9 8 12 7 5 6 8 10 8 5 6 5 11 5
32 0 0 949 16 16 16 9 7 12 11 9 9 9 10 4 6 9 7 10 3 9 7 8 5
32 0 0 952 16 16 16 10 6 12 11 9 8 11 8 5 5 9 9 9 3 6 10 8 5
32 0 0 961 16 16 16 11 5 12 12 8 8 12 7 5 6 7 11 8 5 4 7 11 5
32 0 0 948 16 16 16 11 5 12 12 8 9 9 10 4 6 8 8 10 3 7 9 8 5
32 0 0 961 16 16 16 11 5 13 9 10 9 9 10 4 5 11 5 11 3 7 9 8 5
32 0 0 948 17 15 12 11 9 9 12 11 8 10 11 3 8 9 6 9 9 7 3 8 5
32 0 0 960 17 15 12 13 7 8 16 8 8 10 11 3 9 5 10 8 9 5 5 8 5
32 0 0 937 17 15 12 13 7 9 13 10 8 10 11 3 8 8 7 9 9 5 5 8 5
32 0 0 947 17 15 12 14 6 10 11 11 8 11 10 3 8 7 12 5 9 6 4 8 5
32 0 0 945 17 15 12 14 6 11 8 13 8 11 10 3 7 10 9 6 9 6 4 8 5
32 0 0 950 17 15 12 15 5 9 14 9 8 10 11 3 8 7 8 9 9 3 7 8 5
32 0 0 951 17 15 12 15 5 9 14 9 9 8 10 5 9 4 11 8 7 6 9 5 5
32 0 0 945 17 15 13 11 8 9 14 9 8 10 11 3 8 7 8 9 8 6 4 9 5
32 0 0 945 17 15 13 11 8 10 11 11 8 10 11 3 7 10 5 10 8 6 4 9 5
32 0 0 948 17 15 13 12 7 9 14 9 7 12 9 4 7 7 10 8 8 3 7 9 5
32 0 0 943 17 15 13 12 7 11 9 12 8 11 10 3 7 9 10 6 8 7 3 9 5
32 0 0 950 17 15 13 13 6 9 15 8 8 10 11 3 8 6 9 9 8 4 6 9 5
32 0 0 961 17 15 13 14 5 9 15 8 8 9 12 3 7 7 8 10 6 4 11 6 5
32 0 0 958 17 15 13 14 5 10 12 10 8 9 12 3 6 10 5 11 6 4 11 6 5
32 0 0 942 17 15 13 14 5 11 10 11 8 11 10 3 7 8 11 6 8 5 5 9 5
32 0 0 941 17 15 13 14 5 11 10 11 9 8 13 2 7 9 8 8 6 8 7 6 5
32 0 0 958 17 15 13 16 3 11 11 10 9 8 13 2 7 8 9 8 6 6 9 6 5
32 0 0 957 17 15 14 9 9 10 12 10 8 10 11 3 7 9 6 10 7 7 3 10 5
32 0 0 946 17 15 14 10 8 10 12 10 7 12 9 4 6 9 8 9 7 4 6 10 5
32 0 0 943 17 15 14 11 7 10 13 9 8 10 11 3 7 8 7 10 7 5 5 10 5
32 0 0 950 17 15 14 12 6 10 13 9 8 9 12 3 6 9 6 11 5 5 10 7 5
32 0 0 947 17 15 14 12 6 11 11 10 8 11 10 3 7 7 12 6 7 6 4 10 5
32 0 0 946 17 15 14 12 6 12 8 12 8 11 10 3 6 10 9 7 7 6 4 10 5
32 0 0 955 17 15 14 12 6 12 8 12 9 8 13 2 6 11 6 9 5 9 6 7 5
32 0 0 953 17 15 14 13 5 10 14 8 8 10 11 3 7 7 8 10 7 3 7 10 5
32 0 0 950 17 15 14 13 5 10 14 8 9 8 10 5 8 4 11 9 5 6 9 7 5
32 0 0 961 17 15 14 13 5 11 12 9 9 9 12 2 7 9 8 8 6 6 9 11 0
32 0 0 951 17 15 14 14 4 11 12 9 9 8 13 2 7 7 10 8 5 7 8 7 5
32 0 0 953 17 15 14 14 4 12 9 11 9 8 13 2 6 10 7 9 5 7 8 7 5
32 0 0 960 17 15 15 9 8 10 14 8 8 11 7 6 7 6 11 8 4 9 6 8 5
32 0 0 959 17 15 15 9 8 11 12 9 8 13 5 6 7 8 11 6 6 7 8 6 5
32 0 0 959 17 15 15 9 8 12 9 11 8 13 5 6 6 11 8 7 6 7 8 6 5
32 0 0 960 17 15 15 10 7 10 15 7 9 9 9 5 8 5 10 9 4 10 5 8 5
32 0 0 942 17 15 15 10 7 11 12 9 9 9 9 5 7 8 7 10 4 10 5 8 5
32 0 0 955 17 15 15 10 7 12 9 11 8 11 10 3 6 9 10 7 6 7 3 11 5
32 0 0 955 17 15 15 11 6 12 10 10 8 13 5 6 6 10 9 7 6 5 10 6 5
32 0 0 954 17 15 15 11 6 12 10 10 9 10 8 5 7 7 12 6 4 11 4 8 5
32 0 0 959 17 15 15 12 5 11 13 8 9 8 13 2 7 6 11 8 4 8 7 8 5
32 0 0 951 17 15 15 12 5 12 10 10 8 11 10 3 6 8 11 7 6 5 5 11 5
32 0 0 950 17 15 15 12 5 12 10 10 9 8 13 2 6 9 8 9 4 8 7 8 5
32 0 0 954 17 15 15 13 4 12 10 10 8 10 11 3 5 9 10 8 4 5 10 8 5
32 0 0 956 17 15 15 13 4 12 11 9 9 10 8 5 7 6 13 6 4 9 6 8 5
32 0 0 959 17 15 16 9 7 11 13 8 8 11 7 6 6 7 10 9 3 8 7 9 5
32 0 0 958 17 15 16 9 7 11 13 8 9 8 10 5 7 5 10 10 3 8 7 9 5
32 0 0 961 17 15 16 9 7 12 11 9 8 13 5 6 6 9 10 7 5 6 9 7 5
32 0 0 958 17 15 16 10 6 11 14 7 9 9 9 5 7 6 9 10 3 9 6 9 5
32 0 0 957 17 15 16 11 5 13 9 10 9 10 8 5 6 8 11 7 3 10 5 9 5
32 0 0 955 18 14 13 11 8 8 16 8 8 9 11 4 8 6 8 10 6 8 6 7 5
32 0 0 940 18 14 13 11 8 9 14 9 8 11 9 4 8 8 8 8 8 6 8 5 5
32 0 0 942 18 14 13 11 8 10 11 11 8 11 9 4 7 11 5 9 8 6 8 5 5
32 0 0 959 18 14 13 11 8 10 11 11 9 8 12 3 8 8 8 8 6 12 2 7 5
32 0 0 957 18 14 13 12 7 8 16 8 7 11 9 5 7 6 10 9 6 5 9 7 5
32 0 0 960 18 14 13 12 7 10 11 11 7 13 7 5 6 11 7 8 8 3 11 5 5
32 0 0 932 18 14 13 12 7 10 11 11 8 10 10 4 7 8 10 7 6 9 5 7 5
32 0 0 952 18 14 13 13 6 9 15 8 8 11 9 4 8 7 9 8 8 4 10 5 5
32 0 0 955 18 14 13 13 6 10 11 11 7 11 12 2 6 9 9 8 8 3 6 10 5
32 0 0 943 18 14 13 13 6 10 12 10 8 11 9 4 7 10 6 9 8 4 10 5 5
32 0 0 942 18 14 13 13 6 10 12 10 9 8 12 3 8 7 9 8 6 10 4 7 5
32 0 0 935 18 14 13 14 5 10 12 10 8 10 10 4 7 7 11 7 6 7 7 7 5
32 0 0 949 18 14 13 15 4 10 13 9 9 8 12 3 8 6 10 8 6 8 6 7 5
32 0 0 960 18 14 14 9 9 9 14 9 8 9 11 4 7 8 6 11 5 9 5 8 5
32 0 0 945 18 14 14 9 9 10 12 10 8 11 9 4 7 10 6 9 7 7 7 6 5
32 0 0 948 18 14 14 10 8 11 9 12 8 10 10 4 6 10 8 8 5 10 4 8 5
32 0 0 950 18 14 14 11 7 9 15 8 8 9 11 4 7 7 7 11 5 7 7 8 5
32 0 0 958 18 14 14 11 7 9 16 7 8 11 9 4 8 6 10 8 7 5 9 6 5
32 0 0 938 18 14 14 11 7 10 13 9 8 11 9 4 7 9 7 9 7 5 9 6 5
32 0 0 959 18 14 14 11 7 10 13 9 9 8 12 3 8 6 10 8 5 11 3 8 5
32 0 0 952 18 14 14 11 7 11 10 11 8 11 9 4 6 12 4 10 7 5 9 6 5
32 0 0 953 18 14 14 11 7 11 10 11 9 8 12 3 7 9 7 9 5 11 3 8 5
32 0 0 944 18 14 14 12 6 10 13 9 8 10 10 4 7 6 12 7 5 8 6 8 5
32 0 0 955 18 14 14 13 5 10 14 8 8 11 9 4 7 8 8 9 7 3 11 6 5
32 0 0 958 18 14 14 13 5 10 14 8 9 8 12 3 8 5 11 8 5 9 5 8 5
32 0 0 941 18 14 14 13 5 11 11 10 9 8 12 3 7 8 8 9 5 9 5 8 5
32 0 0 948 18 14 15 9 8 10 14 8 8 11 9 4 7 8 8 9 6 6 8 7 5
32 0 0 951 18 14 15 9 8 11 11 10 8 11 9 4 6 11 5 10 6 6 8 7 5
32 0 0 945 18 14 15 10 7 11 11 10 8 10 10 4 6 8 10 8 4 9 5 9 5
32 0 0 957 18 14 15 11 6 10 15 7 8 11 9 4 7 7 9 9 6 4 10 7 5
32 0 0 949 18 14 15 11 6 11 12 9 8 11 9 4 6 10 6 10 6 4 10 7 5
32 0 0 954 18 14 15 11 6 11 12 9 9 8 12 3 7 7 9 9 4 10 4 9 5
32 0 0 954 18 14 15 11 6 11 12 9 9 9 8 6 7 7 9 9 4 7 12 4 5
32 0 0 945 18 14 15 12 5 11 12 9 8 10 10 4 6 7 11 8 4 7 7 9 5
32 0 0 959 18 14 15 12 5 11 12 9 9 7 13 3 7 5 11 9 4 7 7 9 5
32 0 0 955 18 14 15 12 5 12 10 10 9 9 11 3 6 10 8 8 4 8 11 4 5
32 0 0 958 18 14 15 13 4 11 13 8 9 8 12 3 7 6 10 9 4 8 6 9 5
32 0 0 955 18 14 16 9 7 11 13 8 8 11 9 4 6 9 7 10 5 5 9 8 5
32 0 0 961 18 14 16 9 7 12 10 10 9 9 8 6 6 9 7 10 3 8 11 5 5
32 0 0 961 19 13 11 14 7 8 13 11 8 8 14 2 8 8 7 9 8 8 5 6 5
32 0 0 959 19 13 12 15 5 10 10 12 8 9 13 2 7 8 11 6 7 8 5 7 5
32 0 0 959 19 13 13 12 7 9 13 10 8 8 14 2 7 8 7 10 6 8 5 8 5
32 0 0 958 19 13 14 12 6 10 13 9 8 11 8 5 7 7 12 6 5 8 10 4 5
32 0 0 948 19 13 14 12 6 11 10 11 8 11 8 5 6 10 9 7 5 8 10 4 5
32 0 0 960 19 13 14 13 5 11 10 11 8 9 13 2 6 8 11 7 5 8 5 9 5
32 0 0 952 19 13 15 10 7 11 11 10 8 11 8 5 6 9 10 7 4 9 9 5 5
32 0 0 959 19 13 15 12 5 11 12 9 8 11 8 5 6 8 11 7 4 7 11 5 5
32 0 0 961 19 13 16 10 6 12 10 10 8 11 8 5 5 10 9 8 3 8 10 6 5
32 0 0 957 20 12 13 10 9 9 12 11 7 12 9 4 7 9 9 7 8 7 5 7 5
32 0 0 951 20 12 13 12 7 9 13 10 7 12 9 4 7 8 10 7 8 5 7 7 5
32 0 0 956 20 12 13 12 7 9 13 10 8 9 12 3 7 9 7 9 6 8 9 4 5
32 0 0 961 20 12 14 12 6 10 12 10 8 9 12 3 6 10 6 10 5 7 10 5 5
32 0 0 959 20 12 14 13 5 11 10 11 8 10 11 3 6 9 11 6 5 8 9 5 5
32 0 0 960 20 12 15 10 7 10 13 9 7 12 9 4 6 8 10 8 6 5 7 9 5
