36 0 0 1216 14 22 15 13 8 12 14 10 11 9 10 6 10 6 8 12 8 6 6 11 5
36 0 0 1220 14 22 16 14 6 14 11 11 11 10 9 6 9 6 12 9 7 6 6 12 5
36 0 0 1207 15 21 14 15 7 12 13 11 11 10 8 7 10 8 7 11 9 5 11 6 5
36 0 0 1213 15 21 14 15 7 12 13 11 12 7 11 6 11 5 10 10 7 11 5 8 5
36 0 0 1215 15 21 14 16 6 12 13 11 11 8 13 4 10 6 9 11 9 5 6 11 5
36 0 0 1223 15 21 14 17 5 12 14 10 12 7 11 6 11 4 11 10 7 9 7 8 5
36 0 0 1217 15 21 15 13 8 13 11 12 12 7 11 6 10 7 8 11 6 12 4 9 5
36 0 0 1224 15 21 15 15 6 12 15 9 11 10 8 7 10 6 9 11 8 4 12 7 5
36 0 0 1216 15 21 15 16 5 14 10 12 11 11 7 7 9 8 11 8 8 5 11 7 5
36 0 0 1214 15 21 16 12 8 13 12 11 10 11 10 5 8 9 8 11 7 7 4 13 5
36 0 0 1212 15 21 16 12 8 13 13 10 10 13 8 5 9 8 11 8 9 5 6 11 5
36 0 0 1213 15 21 16 12 8 14 10 12 10 13 8 5 8 11 8 9 9 5 6 11 5
36 0 0 1211 15 21 16 13 7 13 13 10 11 10 8 7 9 8 7 12 7 5 11 8 5
36 0 0 1223 15 21 16 13 7 13 13 10 12 7 11 6 10 5 10 11 5 11 5 10 5
36 0 0 1225 15 21 16 14 6 13 14 9 10 13 8 5 9 7 12 8 9 3 8 11 5
36 0 0 1215 15 21 16 14 6 14 11 11 10 13 8 5 8 10 9 9 9 3 8 11 5
36 0 0 1224 15 21 17 10 9 14 11 11 10 13 8 5 8 10 9 9 8 6 5 12 5
36 0 0 1219 15 21 17 11 8 13 14 9 11 10 8 7 9 7 8 12 6 6 10 9 5
36 0 0 1218 15 21 17 12 7 14 12 10 10 13 8 5 8 9 10 9 8 4 7 12 5
36 0 0 1205 15 21 17 12 7 14 12 10 11 10 11 4 8 10 7 11 6 7 9 9 5
36 0 0 1221 15 21 17 13 6 13 14 9 10 10 11 5 7 8 9 12 4 6 10 11 5
36 0 0 1223 15 21 17 13 6 15 9 12 11 9 12 4 7 10 9 10 4 10 6 11 5
36 0 0 1217 15 21 17 14 5 14 13 9 11 10 11 4 8 9 8 11 6 5 11 9 5
36 0 0 1223 15 21 17 14 5 15 10 11 11 11 7 7 8 8 11 9 6 5 11 9 5
36 0 0 1223 15 21 18 12 6 14 14 8 11 10 11 4 8 8 9 11 5 6 10 10 5
36 0 0 1225 15 21 18 13 5 16 9 11 11 11 10 4 7 10 11 8 5 7 9 10 5
36 0 0 1212 16 20 13 18 5 12 12 12 11 9 11 5 10 8 8 10 10 4 11 6 5
36 0 0 1212 16 20 14 14 8 11 15 10 10 11 12 3 10 8 8 10 11 4 6 10 5
36 0 0 1215 16 20 14 14 8 12 12 12 10 11 12 3 9 11 5 11 11 4 6 10 5
36 0 0 1222 16 20 14 15 7 12 12 12 9 13 10 4 8 11 7 10 11 1 9 10 5
36 0 0 1211 16 20 14 15 7 12 12 12 10 10 13 3 9 8 10 9 9 7 3 12 5
36 0 0 1222 16 20 14 16 6 12 13 11 10 11 12 3 9 10 6 11 11 2 8 10 5
36 0 0 1221 16 20 14 16 6 13 10 13 12 6 14 4 10 7 9 10 7 11 4 9 5
36 0 0 1220 16 20 14 17 5 12 13 11 10 10 13 3 9 7 11 9 9 5 5 12 5
36 0 0 1225 16 20 15 11 10 11 15 10 10 11 9 6 10 7 7 12 10 4 6 11 5
36 0 0 1222 16 20 15 12 9 11 16 9 11 10 7 8 11 5 9 11 8 8 7 8 5
36 0 0 1215 16 20 15 12 9 12 13 11 10 11 12 3 9 10 6 11 10 5 5 11 5
36 0 0 1220 16 20 15 13 8 11 15 10 9 11 12 4 8 8 8 12 8 4 6 13 5
36 0 0 1225 16 20 15 13 8 13 10 13 10 10 13 3 8 10 8 10 8 8 2 13 5
36 0 0 1214 16 20 15 14 7 12 14 10 10 11 12 3 9 9 7 11 10 3 7 11 5
36 0 0 1215 16 20 15 15 6 13 11 12 10 10 13 3 8 9 9 10 8 6 4 13 5
36 0 0 1203 16 20 15 15 6 13 12 11 12 8 9 7 10 7 9 10 6 10 10 5 5
36 0 0 1220 16 20 15 16 5 12 15 9 11 9 11 5 10 5 11 10 8 4 11 8 5
36 0 0 1204 16 20 15 16 5 13 12 11 11 9 11 5 9 8 8 11 8 4 11 8 5
36 0 0 1224 16 20 15 17 4 13 13 10 11 9 14 2 9 8 10 9 8 5 10 8 5
36 0 0 1225 16 20 15 17 4 13 13 10 12 8 9 7 10 6 10 10 6 8 12 5 5
36 0 0 1221 16 20 16 12 8 12 15 9 10 11 12 3 9 8 8 11 9 4 6 12 5
36 0 0 1225 16 20 16 12 8 13 12 11 10 11 12 3 8 11 5 12 9 4 6 12 5
36 0 0 1225 16 20 16 13 7 13 12 11 10 10 13 3 8 8 10 10 7 7 3 14 5
36 0 0 1225 16 20 16 13 7 13 12 11 10 11 9 6 8 8 10 10 6 8 7 5 10
36 0 0 1209 16 20 16 13 7 13 13 10 12 8 9 7 10 6 10 10 5 11 9 6 5
36 0 0 1208 16 20 16 13 7 14 10 12 12 8 9 7 9 9 7 11 5 11 9 6 5
36 0 0 1223 16 20 16 14 6 13 12 11 9 12 11 4 7 8 12 9 7 4 6 14 5
36 0 0 1198 16 20 16 14 6 13 13 10 11 9 11 5 9 7 9 11 7 5 10 9 5
36 0 0 1223 16 20 16 15 5 13 14 9 12 8 9 7 10 5 11 10 5 9 11 6 5
36 0 0 1214 16 20 16 15 5 14 11 11 11 9 14 2 8 10 8 10 7 6 9 9 5
36 0 0 1207 16 20 17 10 9 13 13 10 10 12 8 6 8 9 9 10 6 8 7 10 5
36 0 0 1220 16 20 17 10 9 14 10 12 10 12 8 6 7 12 6 11 6 8 7 10 5
36 0 0 1205 16 20 17 11 8 13 14 9 11 10 10 5 9 8 8 11 6 9 6 10 5
36 0 0 1213 16 20 17 11 8 14 11 11 11 10 10 5 8 11 5 12 6 9 6 10 5
36 0 0 1218 16 20 17 11 8 14 11 11 12 8 9 7 9 8 8 11 4 12 8 7 5
36 0 0 1205 16 20 17 12 7 13 14 9 10 12 8 6 8 8 10 10 6 6 9 10 5
36 0 0 1207 16 20 17 12 7 14 11 11 10 12 8 6 7 11 7 11 6 6 9 10 5
36 0 0 1203 16 20 17 12 7 14 11 11 11 9 11 5 8 9 7 12 6 6 9 10 5
36 0 0 1207 16 20 17 13 6 13 15 8 11 10 10 5 9 7 9 11 6 7 8 10 5
36 0 0 1204 16 20 17 13 6 14 12 10 11 10 10 5 8 10 6 12 6 7 8 10 5
36 0 0 1213 16 20 17 13 6 14 12 10 12 8 9 7 9 7 9 11 4 10 10 7 5
36 0 0 1217 16 20 17 13 6 15 9 12 10 13 7 6 7 10 12 7 6 7 8 10 5
36 0 0 1221 16 20 17 14 5 14 12 10 11 9 11 5 8 7 11 10 4 10 5 12 5
36 0 0 1216 16 20 17 14 5 14 12 10 11 9 11 5 8 8 8 12 6 4 11 10 5
36 0 0 1219 16 20 17 15 4 14 13 9 11 10 10 5 8 9 7 12 6 5 10 10 5
36 0 0 1218 16 20 18 10 8 14 12 10 10 12 8 6 7 10 8 11 5 7 8 11 5
36 0 0 1215 16 20 18 11 7 14 13 9 11 10 10 5 8 9 7 12 5 8 7 11 5
36 0 0 1221 16 20 18 12 6 14 13 9 10 12 8 6 7 9 9 11 5 5 10 11 5
36 0 0 1221 16 20 18 12 6 14 13 9 11 9 11 5 8 7 9 12 5 5 10 11 5
36 0 0 1222 16 20 18 13 5 14 14 8 11 10 10 5 8 8 8 12 5 6 9 11 5
36 0 0 1221 16 20 18 13 5 15 11 10 11 10 10 5 7 9 11 9 3 9 11 8 5
36 0 0 1223 17 19 13 17 6 11 14 11 12 6 13 5 11 7 6 12 8 9 10 4 5
36 0 0 1216 17 19 14 12 10 11 13 12 9 13 9 5 9 10 7 10 11 5 4 11 5
36 0 0 1218 17 19 14 15 7 11 15 10 12 6 13 5 11 6 7 12 7 10 9 5 5
36 0 0 1221 17 19 14 15 7 12 12 12 9 14 8 5 9 8 13 6 11 4 5 11 5
36 0 0 1219 17 19 14 15 7 12 12 12 12 6 13 5 10 9 4 13 7 10 9 5 5
36 0 0 1217 17 19 15 12 9 11 15 10 9 13 9 5 9 8 9 10 10 4 5 12 5
36 0 0 1202 17 19 15 12 9 11 15 10 10 10 12 4 9 9 6 12 8 7 7 9 5
36 0 0 1217 17 19 15 12 9 12 12 12 10 10 12 4 8 12 3 13 8 7 7 9 5
36 0 0 1225 17 19 15 13 8 11 16 9 11 8 14 3 10 8 5 13 8 8 6 9 5
36 0 0 1203 17 19 15 13 8 12 12 12 10 9 13 4 8 9 8 11 6 10 4 11 5
36 0 0 1218 17 19 15 13 8 12 13 11 12 6 13 5 10 8 5 13 6 11 8 6 5
36 0 0 1218 17 19 15 13 8 13 10 13 9 14 8 5 8 10 11 7 10 5 4 12 5
36 0 0 1224 17 19 15 13 8 14 7 15 10 11 11 4 7 14 5 10 8 8 6 9 5
36 0 0 1205 17 19 15 14 7 11 16 9 10 10 12 4 9 8 7 12 8 5 9 9 5
36 0 0 1221 17 19 15 14 7 11 16 9 10 11 8 7 10 4 13 9 8 5 9 9 5
36 0 0 1209 17 19 15 14 7 12 13 11 10 10 12 4 8 11 4 13 8 5 9 9 5
36 0 0 1223 17 19 15 15 6 11 16 9 9 12 10 5 8 8 9 11 8 2 12 9 5
36 0 0 1219 17 19 15 15 6 11 16 9 10 9 13 4 9 5 12 10 6 8 6 11 5
36 0 0 1194 17 19 15 15 6 12 14 10 10 11 11 4 9 7 12 8 8 6 8 9 5
36 0 0 1218 17 19 15 15 6 12 14 10 12 6 13 5 10 7 6 13 6 9 10 6 5
36 0 0 1185 17 19 15 15 6 13 11 12 10 11 11 4 8 10 9 9 8 6 8 9 5
36 0 0 1212 17 19 15 16 5 13 11 12 9 13 9 5 7 10 11 8 8 3 11 9 5
36 0 0 1216 17 19 15 16 5 13 11 12 10 10 12 4 8 7 14 7 6 9 5 11 5
36 0 0 1206 17 19 15 17 4 13 12 11 10 11 11 4 8 9 10 9 8 4 10 9 5
36 0 0 1225 17 19 16 10 10 12 13 11 10 10 12 4 8 11 4 13 7 8 6 10 5
36 0 0 1216 17 19 16 12 8 11 17 8 10 10 12 4 9 7 8 12 7 6 8 10 5
36 0 0 1209 17 19 16 12 8 12 14 10 10 10 12 4 8 10 5 13 7 6 8 10 5
36 0 0 1225 17 19 16 12 8 13 12 11 10 12 10 4 8 11 8 9 8 6 8 14 0
36 0 0 1213 17 19 16 13 7 12 14 10 9 12 10 5 7 10 7 12 7 3 11 10 5
36 0 0 1211 17 19 16 13 7 12 14 10 10 9 13 4 8 7 10 11 5 9 5 12 5
36 0 0 1224 17 19 16 13 7 12 15 9 12 6 13 5 10 6 7 13 5 10 9 7 5
36 0 0 1186 17 19 16 13 7 13 12 11 10 11 11 4 8 9 10 9 7 7 7 10 5
36 0 0 1200 17 19 16 13 7 14 9 13 10 11 11 4 7 12 7 10 7 7 7 10 5
36 0 0 1217 17 19 16 14 6 12 15 9 10 10 12 4 8 9 6 13 7 4 10 10 5
36 0 0 1214 17 19 16 14 6 12 15 9 11 8 11 6 9 6 9 12 5 7 12 7 5
36 0 0 1219 17 19 16 14 6 14 9 13 10 10 12 4 7 9 12 8 5 10 4 12 5
36 0 0 1221 17 19 16 15 5 12 15 9 10 9 13 4 8 6 11 11 5 7 7 12 5
36 0 0 1199 17 19 16 15 5 13 13 10 10 11 11 4 8 8 11 9 7 5 9 10 5
36 0 0 1214 17 19 16 15 5 13 13 10 11 8 14 3 8 9 8 11 5 8 11 7 5
36 0 0 1202 17 19 16 15 5 14 10 12 10 11 11 4 7 11 8 10 7 5 9 10 5
36 0 0 1224 17 19 17 10 9 12 15 9 10 10 12 4 8 9 6 13 6 7 7 11 5
36 0 0 1220 17 19 17 11 8 12 15 9 9 12 10 5 7 9 8 12 6 4 10 11 5
36 0 0 1205 17 19 17 11 8 14 10 12 10 11 11 4 7 11 8 10 6 8 6 11 5
36 0 0 1224 17 19 17 12 7 12 16 8 10 10 12 4 8 8 7 13 6 5 9 11 5
36 0 0 1212 17 19 17 12 7 13 13 10 11 8 11 6 8 8 7 13 4 8 11 8 5
36 0 0 1223 17 19 17 12 7 14 11 11 10 13 6 7 8 8 13 7 6 9 5 11 5
36 0 0 1207 17 19 17 13 6 13 14 9 10 11 11 4 8 7 12 9 6 6 8 11 5
36 0 0 1199 17 19 17 13 6 14 11 11 10 11 11 4 7 10 9 10 6 6 8 11 5
36 0 0 1224 17 19 17 13 6 14 11 11 11 8 14 3 7 11 6 12 4 9 10 8 5
36 0 0 1224 17 19 17 14 5 14 11 11 9 13 9 5 6 10 11 9 6 3 11 11 5
36 0 0 1224 17 19 17 14 5 15 9 12 10 12 10 4 7 9 14 6 6 7 7 11 5
36 0 0 1217 17 19 17 15 4 14 12 10 10 11 11 4 7 9 10 10 6 4 10 11 5
36 0 0 1211 17 19 18 11 7 14 12 10 10 11 11 4 7 9 10 10 5 7 7 12 5
36 0 0 1220 17 19 18 12 6 14 13 9 11 10 9 6 8 7 12 9 3 11 8 9 5
36 0 0 1216 17 19 18 12 6 15 10 11 11 10 9 6 7 10 9 10 3 11 8 9 5
36 0 0 1221 17 19 18 13 5 14 13 9 10 11 11 4 7 8 11 10 5 5 9 12 5
36 0 0 1225 17 19 18 13 5 15 10 11 10 11 11 4 6 11 8 11 5 5 9 12 5
36 0 0 1220 17 19 18 13 5 15 10 11 11 9 10 6 7 8 11 10 3 8 11 9 5
36 0 0 1221 17 19 18 14 4 15 11 10 11 10 9 6 7 9 10 10 3 9 10 9 5
36 0 0 1216 18 18 13 15 8 11 12 13 9 12 12 3 9 10 8 9 12 4 4 11 5
36 0 0 1219 18 18 13 17 6 11 13 12 10 9 15 2 9 10 6 11 10 5 8 8 5
36 0 0 1215 18 18 14 13 9 10 16 10 11 8 10 7 11 5 9 11 7 11 7 6 5
36 0 0 1218 18 18 14 13 9 11 13 12 9 12 12 3 9 9 9 9 11 5 3 12 5
36 0 0 1218 18 18 14 15 7 11 14 11 9 12 12 3 9 8 10 9 11 3 5 12 5
36 0 0 1209 18 18 14 15 7 11 14 11 10 9 15 2 9 9 7 11 9 6 7 9 5
36 0 0 1225 18 18 14 15 7 12 11 13 10 9 15 2 8 12 4 12 9 6 7 9 5
36 0 0 1224 18 18 14 16 6 12 11 13 10 8 16 2 8 9 9 10 7 9 4 11 5
36 0 0 1222 18 18 14 18 4 13 10 13 10 10 14 2 8 10 10 8 9 5 8 9 5
36 0 0 1222 18 18 15 10 11 10 16 10 9 12 9 6 9 8 8 11 8 8 5 10 5
36 0 0 1211 18 18 15 12 9 10 17 9 9 12 9 6 9 7 9 11 8 6 7 10 5
36 0 0 1211 18 18 15 12 9 11 15 10 9 14 7 6 9 9 9 9 10 4 9 8 5
36 0 0 1214 18 18 15 12 9 11 15 10 10 11 10 5 10 6 12 8 8 10 3 10 5
36 0 0 1214 18 18 15 12 9 12 12 12 9 14 7 6 8 12 6 10 10 4 9 8 5
36 0 0 1197 18 18 15 12 9 12 12 12 10 11 10 5 9 9 9 9 8 10 3 10 5
36 0 0 1219 18 18 15 13 8 10 18 8 10 10 11 5 10 6 8 12 8 7 6 10 5
36 0 0 1224 18 18 15 13 8 11 14 11 9 11 10 6 8 8 8 12 7 7 6 6 10
36 0 0 1214 18 18 15 13 8 11 15 10 9 13 8 6 9 6 14 7 8 7 6 10 5
36 0 0 1218 18 18 15 13 8 12 12 12 9 12 12 3 8 10 8 10 10 4 4 13 5
36 0 0 1219 18 18 15 13 8 12 12 12 10 9 15 2 8 11 5 12 8 7 6 10 5
36 0 0 1212 18 18 15 14 7 11 16 9 10 11 10 5 10 5 13 8 8 8 5 10 5
36 0 0 1184 18 18 15 14 7 12 13 11 10 11 10 5 9 8 10 9 8 8 5 10 5
36 0 0 1205 18 18 15 14 7 12 13 11 11 9 9 7 10 5 13 8 6 11 7 7 5
36 0 0 1224 18 18 15 15 6 11 16 9 10 9 15 2 9 7 9 11 8 5 8 10 5
36 0 0 1218 18 18 15 15 6 12 13 11 10 9 15 2 8 10 6 12 8 5 8 10 5
36 0 0 1225 18 18 15 15 6 13 10 13 10 10 11 5 8 9 9 10 7 9 4 6 10
36 0 0 1223 18 18 15 16 5 12 13 11 9 11 13 3 7 10 8 11 8 2 11 10 5
36 0 0 1209 18 18 15 16 5 13 11 12 10 10 14 2 8 9 11 8 8 6 7 10 5
36 0 0 1224 18 18 15 16 5 14 8 14 10 10 14 2 7 12 8 9 8 6 7 10 5
36 0 0 1225 18 18 16 10 10 11 16 9 9 14 7 6 9 8 10 9 9 5 8 9 5
36 0 0 1217 18 18 16 10 10 12 13 11 9 14 7 6 8 11 7 10 9 5 8 9 5
36 0 0 1222 18 18 16 10 10 12 13 11 10 11 10 5 9 8 10 9 7 11 2 11 5
36 0 0 1220 18 18 16 11 9 11 16 9 10 10 11 5 9 8 6 13 7 8 5 11 5
36 0 0 1225 18 18 16 11 9 11 16 9 11 8 10 7 10 5 9 12 5 11 7 8 5
36 0 0 1208 18 18 16 11 9 12 13 11 9 13 8 6 8 8 12 8 7 8 5 11 5
36 0 0 1222 18 18 16 12 8 11 16 9 10 9 12 5 8 9 5 14 5 8 10 8 5
36 0 0 1216 18 18 16 12 8 11 17 8 10 11 10 5 9 8 8 11 7 6 12 6 5
36 0 0 1214 18 18 16 12 8 12 14 10 9 14 7 6 8 10 8 10 9 3 10 9 5
36 0 0 1211 18 18 16 12 8 12 14 10 10 11 10 5 8 11 5 12 7 6 12 6 5
36 0 0 1201 18 18 16 12 8 12 14 10 10 11 10 5 9 7 11 9 7 9 4 11 5
36 0 0 1209 18 18 16 12 8 12 14 10 11 8 13 4 9 8 8 11 5 12 6 8 5
36 0 0 1218 18 18 16 12 8 13 11 12 11 8 13 4 8 11 5 12 5 12 6 8 5
36 0 0 1207 18 18 16 13 7 12 14 10 9 13 8 6 8 7 13 8 7 6 7 11 5
36 0 0 1219 18 18 16 13 7 12 14 10 10 9 15 2 8 9 7 12 7 6 7 11 5
36 0 0 1189 18 18 16 13 7 12 14 10 10 10 11 5 8 8 10 10 5 9 9 8 5
36 0 0 1192 18 18 16 13 7 13 11 12 10 10 11 5 7 11 7 11 5 9 9 8 5
36 0 0 1206 18 18 16 13 7 14 9 13 10 12 9 5 7 13 7 9 7 7 11 6 5
36 0 0 1212 18 18 16 13 7 14 9 13 11 9 12 4 8 10 10 8 5 13 5 8 5
36 0 0 1216 18 18 16 14 6 12 14 10 9 11 13 3 7 9 9 11 7 3 10 11 5
36 0 0 1204 18 18 16 14 6 12 15 9 10 11 10 5 9 6 12 9 7 7 6 11 5
36 0 0 1206 18 18 16 14 6 12 15 9 11 8 13 4 9 7 9 11 5 10 8 8 5
36 0 0 1204 18 18 16 14 6 13 12 11 11 8 13 4 8 10 6 12 5 10 8 8 5
36 0 0 1215 18 18 16 14 6 14 9 13 10 10 14 2 7 11 9 9 7 7 6 11 5
36 0 0 1206 18 18 16 15 5 12 15 9 10 10 11 5 8 7 11 10 5 7 11 8 5
36 0 0 1213 18 18 16 15 5 13 12 11 11 7 14 4 8 8 8 12 5 7 11 8 5
36 0 0 1210 18 18 16 15 5 13 13 10 10 12 9 5 8 9 11 8 7 5 13 6 5
36 0 0 1218 18 18 16 15 5 13 13 10 11 9 12 4 9 6 14 7 5 11 7 8 5
36 0 0 1215 18 18 16 15 5 14 10 12 10 12 9 5 7 12 8 9 7 5 13 6 5
36 0 0 1203 18 18 16 15 5 14 10 12 11 9 12 4 8 9 11 8 5 11 7 8 5
36 0 0 1222 18 18 16 15 5 15 7 14 11 9 12 4 7 12 8 9 5 11 7 8 5
36 0 0 1214 18 18 16 16 4 13 13 10 11 8 13 4 8 9 7 12 5 8 10 8 5
36 0 0 1224 18 18 16 16 4 14 10 12 10 10 14 2 7 10 10 9 7 5 8 11 5
36 0 0 1212 18 18 16 16 4 14 10 12 10 11 10 5 7 9 13 7 5 8 10 8 5
36 0 0 1218 18 18 16 17 3 14 11 11 11 9 12 4 8 8 12 8 5 9 9 8 5
36 0 0 1224 18 18 17 10 9 12 15 9 9 14 7 6 8 9 9 10 8 4 9 10 5
36 0 0 1217 18 18 17 10 9 12 15 9 10 11 10 5 8 10 6 12 6 7 11 7 5
36 0 0 1217 18 18 17 10 9 13 12 11 10 11 10 5 8 9 9 10 6 10 3 12 5
36 0 0 1201 18 18 17 11 8 13 12 11 10 10 11 5 7 10 8 11 4 10 8 9 5
36 0 0 1224 18 18 17 12 7 12 16 8 10 11 10 5 8 9 7 12 6 5 13 7 5
36 0 0 1224 18 18 17 12 7 13 12 11 9 11 13 3 6 11 7 12 6 4 9 12 5
36 0 0 1201 18 18 17 12 7 13 13 10 10 11 10 5 8 8 10 10 6 8 5 12 5
36 0 0 1213 18 18 17 12 7 13 13 10 11 8 13 4 8 9 7 12 4 11 7 9 5
36 0 0 1218 18 18 17 12 7 13 13 10 11 9 9 7 9 5 13 9 4 11 7 9 5
36 0 0 1218 18 18 17 13 6 12 16 8 10 10 11 5 8 6 12 10 4 8 10 9 5
36 0 0 1199 18 18 17 13 6 13 13 10 10 10 11 5 7 9 9 11 4 8 10 9 5
36 0 0 1209 18 18 17 13 6 13 14 9 10 12 9 5 8 8 12 8 6 6 12 7 5
36 0 0 1203 18 18 17 13 6 14 11 11 10 12 9 5 7 11 9 9 6 6 12 7 5
36 0 0 1213 18 18 17 13 6 14 11 11 11 9 12 4 8 8 12 8 4 12 6 9 5
36 0 0 1221 18 18 17 13 6 15 8 13 11 9 12 4 7 11 9 9 4 12 6 9 5
36 0 0 1215 18 18 17 14 5 13 14 9 11 8 13 4 8 8 8 12 4 9 9 9 5
36 0 0 1222 18 18 17 14 5 14 11 11 10 10 14 2 7 9 11 9 6 6 7 12 5
36 0 0 1214 18 18 17 14 5 14 11 11 10 11 10 5 7 8 14 7 4 9 9 9 5
36 0 0 1216 18 18 17 14 5 15 8 13 10 11 10 5 6 11 11 8 4 9 9 9 5
36 0 0 1221 18 18 17 15 4 13 14 9 10 10 11 5 7 8 10 11 4 6 12 9 5
36 0 0 1220 18 18 17 15 4 14 12 10 11 9 12 4 8 7 13 8 4 10 8 9 5
36 0 0 1217 18 18 17 15 4 15 9 12 11 9 12 4 7 10 10 9 4 10 8 9 5
36 0 0 1215 18 18 18 11 7 13 14 9 10 10 11 5 7 8 10 11 3 9 9 10 5
36 0 0 1219 18 18 18 11 7 14 11 11 10 10 11 5 6 11 7 12 3 9 9 10 5
36 0 0 1206 18 18 18 11 7 14 12 10 10 12 9 5 7 10 10 9 5 7 11 8 5
36 0 0 1223 18 18 18 11 7 15 9 12 10 12 9 5 6 13 7 10 5 7 11 8 5
36 0 0 1222 18 18 18 12 6 15 9 12 10 11 10 5 6 10 12 8 3 10 8 10 5
36 0 0 1223 18 18 18 13 5 14 13 9 10 12 9 5 7 9 11 9 5 5 13 8 5
36 0 0 1223 18 18 18 13 5 15 10 11 11 9 12 4 7 9 11 9 3 11 7 10 5
36 0 0 1219 19 17 13 14 9 10 14 12 10 9 14 3 10 9 6 11 10 9 3 9 5
36 0 0 1214 19 17 13 15 8 9 17 10 9 11 12 4 10 6 11 9 10 6 6 9 5
36 0 0 1211 19 17 13 16 7 10 15 11 10 9 14 3 10 8 7 11 10 7 5 9 5
36 0 0 1210 19 17 13 16 7 10 15 11 11 7 13 5 11 5 10 10 8 10 7 6 5
36 0 0 1221 19 17 13 18 5 11 13 12 9 12 11 4 9 7 14 6 10 5 7 9 5
36 0 0 1199 19 17 14 13 9 10 15 11 9 11 12 4 9 8 9 10 9 7 5 10 5
36 0 0 1217 19 17 14 14 8 10 16 10 10 9 14 3 10 7 8 11 9 8 4 10 5
36 0 0 1203 19 17 14 15 7 10 16 10 9 11 12 4 9 7 10 10 9 5 7 10 5
36 0 0 1216 19 17 14 15 7 10 16 10 10 8 15 3 9 8 7 12 7 8 9 7 5
36 0 0 1221 19 17 14 15 7 11 13 12 10 8 15 3 8 11 4 13 7 8 9 7 5
36 0 0 1221 19 17 14 15 7 12 11 13 10 10 13 3 8 13 4 11 9 6 11 5 5
36 0 0 1225 19 17 14 16 6 10 17 9 10 9 14 3 10 6 9 11 9 6 6 10 5
36 0 0 1220 19 17 14 16 6 11 14 11 9 12 11 4 9 6 15 6 9 6 6 10 5
36 0 0 1223 19 17 14 17 5 12 12 12 11 7 16 2 9 9 8 10 7 10 7 7 5
36 0 0 1212 19 17 14 18 4 12 12 12 10 9 14 3 8 9 10 9 7 7 10 7 5
36 0 0 1211 19 17 15 11 10 11 13 12 9 11 12 4 8 10 7 11 8 8 4 11 5
36 0 0 1224 19 17 15 12 9 11 14 11 10 9 14 3 9 9 6 12 8 9 3 11 5
36 0 0 1216 19 17 15 13 8 10 17 9 9 11 12 4 9 6 11 10 8 6 6 11 5
36 0 0 1219 19 17 15 13 8 11 14 11 10 8 15 3 8 10 5 13 6 9 8 8 5
36 0 0 1224 19 17 15 13 8 11 15 10 11 9 8 8 10 7 8 11 6 10 12 3 5
36 0 0 1213 19 17 15 14 7 11 15 10 10 9 14 3 9 8 7 12 8 7 5 11 5
36 0 0 1208 19 17 15 14 7 11 15 10 11 7 13 5 10 5 10 11 6 10 7 8 5
36 0 0 1201 19 17 15 14 7 12 12 12 9 12 11 4 8 8 13 7 8 7 5 11 5
36 0 0 1224 19 17 15 14 7 12 12 12 9 12 11 4 8 9 10 9 9 5 7 5 10
36 0 0 1222 19 17 15 15 6 11 15 10 10 8 15 3 8 9 6 13 6 7 10 8 5
36 0 0 1216 19 17 15 15 6 11 16 9 10 10 13 3 9 8 9 10 8 5 12 6 5
36 0 0 1218 19 17 15 15 6 12 13 11 10 10 13 3 8 10 9 9 7 7 10 12 0
36 0 0 1212 19 17 15 15 6 12 13 11 10 10 13 3 8 11 6 11 8 5 12 6 5
36 0 0 1222 19 17 15 15 6 12 13 11 11 7 16 2 9 8 9 10 6 11 6 8 5
36 0 0 1215 19 17 15 16 5 12 13 11 9 12 11 4 8 7 14 7 8 5 7 11 5
36 0 0 1203 19 17 15 16 5 12 13 11 10 9 14 3 8 8 11 9 6 8 9 8 5
36 0 0 1207 19 17 15 16 5 13 10 13 10 9 14 3 7 11 8 10 6 8 9 8 5
36 0 0 1221 19 17 16 10 10 11 15 10 9 13 7 7 8 10 7 11 7 7 10 7 5
36 0 0 1213 19 17 16 11 9 11 15 10 9 11 12 4 8 8 9 11 7 7 5 12 5
36 0 0 1214 19 17 16 11 9 11 15 10 9 12 8 7 8 7 12 9 5 10 7 9 5
36 0 0 1210 19 17 16 11 9 11 16 9 10 11 9 6 9 9 6 12 7 8 9 7 5
36 0 0 1216 19 17 16 11 9 13 10 13 9 14 6 7 7 12 9 8 7 8 9 7 5
36 0 0 1222 19 17 16 12 8 11 16 9 9 13 7 7 8 9 8 11 7 5 12 7 5
36 0 0 1212 19 17 16 12 8 11 16 9 10 10 10 6 9 6 11 10 5 11 6 9 5
36 0 0 1214 19 17 16 12 8 11 16 9 10 10 10 6 9 7 8 12 7 5 12 7 5
36 0 0 1209 19 17 16 12 8 13 10 13 9 12 11 4 7 10 11 8 7 8 4 12 5
36 0 0 1214 19 17 16 13 7 11 16 9 9 11 12 4 8 7 10 11 7 5 7 12 5
36 0 0 1215 19 17 16 13 7 11 17 8 10 11 9 6 9 8 7 12 7 6 11 7 5
36 0 0 1221 19 17 16 13 7 12 13 11 8 13 13 2 6 11 10 9 7 5 7 12 5
36 0 0 1220 19 17 16 13 7 12 14 10 9 14 6 7 8 8 13 7 7 6 11 7 5
36 0 0 1204 19 17 16 13 7 12 14 10 10 10 13 3 8 10 7 11 7 6 11 7 5
36 0 0 1223 19 17 16 13 7 13 11 12 10 10 13 3 7 13 4 12 7 6 11 7 5
36 0 0 1209 19 17 16 13 7 13 11 12 10 11 9 6 8 8 13 7 5 12 5 9 5
36 0 0 1223 19 17 16 14 6 11 16 9 9 10 13 4 7 8 9 12 5 5 12 9 5
36 0 0 1219 19 17 16 14 6 11 17 8 10 10 10 6 9 5 12 10 5 9 8 9 5
36 0 0 1225 19 17 16 14 6 12 14 10 9 12 11 4 8 6 15 7 7 6 6 12 5
36 0 0 1202 19 17 16 14 6 13 11 12 10 9 14 3 7 10 9 10 5 9 8 9 5
36 0 0 1215 19 17 16 16 4 13 12 11 10 9 14 3 7 9 10 10 5 7 10 9 5
36 0 0 1221 19 17 17 10 9 12 14 10 10 10 10 6 8 8 9 11 4 12 5 10 5
36 0 0 1217 19 17 17 10 9 12 14 10 10 10 10 6 8 9 6 13 6 6 11 8 5
36 0 0 1217 19 17 17 11 8 12 15 9 10 11 9 6 8 10 5 13 6 7 10 8 5
36 0 0 1215 19 17 17 11 8 13 12 11 9 14 6 7 7 10 11 8 6 7 10 8 5
36 0 0 1219 19 17 17 11 8 13 12 11 10 10 13 3 7 12 5 12 6 7 10 8 5
36 0 0 1224 19 17 17 12 7 12 14 10 9 10 13 4 6 10 7 13 4 6 11 10 5
36 0 0 1224 19 17 17 12 7 12 16 8 11 9 11 5 9 7 10 10 4 11 11 5 5
36 0 0 1218 19 17 17 12 7 13 12 11 9 12 11 4 7 8 13 8 6 7 5 13 5
36 0 0 1213 19 17 17 12 7 13 13 10 11 9 11 5 8 10 7 11 4 11 11 5 5
36 0 0 1225 19 17 17 13 6 12 16 8 10 10 13 3 8 8 9 11 6 5 12 8 5
36 0 0 1222 19 17 17 13 6 13 13 10 10 10 13 3 7 11 6 12 6 5 12 8 5
36 0 0 1220 19 17 17 13 6 13 13 10 10 11 9 6 7 10 9 10 4 8 14 5 5
36 0 0 1217 19 17 17 14 5 13 13 10 10 9 14 3 7 8 11 10 4 8 9 10 5
36 0 0 1222 19 17 17 14 5 13 14 9 11 9 11 5 8 9 8 11 4 9 13 5 5
36 0 0 1222 19 17 17 14 5 14 10 12 10 9 14 3 6 11 8 11 4 8 9 10 5
36 0 0 1225 19 17 18 11 7 13 14 9 10 10 13 3 7 10 7 12 5 6 11 9 5
36 0 0 1220 20 16 13 16 7 10 14 12 9 10 15 2 9 8 10 9 10 6 5 10 5
36 0 0 1209 20 16 14 13 9 9 17 10 9 10 12 5 9 7 9 11 7 9 7 8 5
36 0 0 1199 20 16 14 13 9 11 12 13 9 12 10 5 8 12 6 10 9 7 9 6 5
36 0 0 1215 20 16 14 13 9 11 12 13 10 9 13 4 9 9 9 9 7 13 3 8 5
36 0 0 1219 20 16 14 14 8 11 12 13 9 10 15 2 8 10 8 10 9 7 4 11 5
36 0 0 1206 20 16 14 15 7 10 16 10 9 12 10 5 9 8 10 9 9 5 11 6 5
36 0 0 1224 20 16 14 15 7 10 16 10 10 9 13 4 10 5 13 8 7 11 5 8 5
36 0 0 1197 20 16 14 15 7 11 13 12 10 9 13 4 9 8 10 9 7 11 5 8 5
36 0 0 1224 20 16 14 16 6 10 16 10 9 11 11 5 9 5 15 7 7 8 8 8 5
36 0 0 1205 20 16 14 16 6 12 11 13 9 13 9 5 8 10 12 6 9 6 10 6 5
36 0 0 1210 20 16 15 13 8 10 17 9 9 12 10 5 9 7 11 9 8 6 10 7 5
36 0 0 1192 20 16 15 13 8 11 14 11 9 12 10 5 8 10 8 10 8 6 10 7 5
36 0 0 1212 20 16 15 13 8 11 14 11 10 9 13 4 9 7 11 9 6 12 4 9 5
36 0 0 1222 20 16 15 14 7 11 14 11 9 10 15 2 8 8 10 10 8 6 5 12 5
36 0 0 1198 20 16 15 14 7 11 14 11 9 11 11 5 8 7 13 8 6 9 7 9 5
36 0 0 1202 20 16 15 14 7 13 9 14 9 13 9 5 7 12 10 7 8 7 9 7 5
36 0 0 1208 20 16 15 15 6 11 15 10 9 12 10 5 8 9 9 10 8 4 12 7 5
36 0 0 1210 20 16 15 15 6 11 15 10 10 9 13 4 9 6 12 9 6 10 6 9 5
36 0 0 1220 20 16 15 16 5 12 13 11 9 13 9 5 8 8 14 6 8 5 11 7 5
36 0 0 1222 20 16 15 16 5 13 10 13 10 10 12 4 7 12 8 9 6 8 13 4 5
36 0 0 1222 20 16 15 16 5 13 10 13 10 10 12 4 8 8 14 6 6 11 5 9 5
36 0 0 1224 20 16 16 11 9 10 17 9 9 10 12 5 8 7 9 12 5 9 7 10 5
36 0 0 1200 20 16 16 11 9 11 15 10 9 12 10 5 8 9 9 10 7 7 9 8 5
36 0 0 1205 20 16 16 11 9 12 12 12 9 12 10 5 7 12 6 11 7 7 9 8 5
36 0 0 1223 20 16 16 12 8 12 13 11 8 15 10 3 7 11 11 7 9 5 6 11 5
36 0 0 1208 20 16 16 13 7 11 16 9 9 12 10 5 8 8 10 10 7 5 11 8 5
36 0 0 1206 20 16 16 13 7 12 13 11 10 9 13 4 8 8 10 10 5 11 5 10 5
36 0 0 1218 20 16 16 14 6 12 13 11 10 8 14 4 7 9 9 11 3 11 10 7 5
36 0 0 1221 20 16 16 14 6 12 14 10 9 13 9 5 8 7 15 6 7 6 10 8 5
36 0 0 1202 20 16 16 14 6 13 11 12 9 13 9 5 7 10 12 7 7 6 10 8 5
36 0 0 1217 20 16 17 9 10 12 13 11 9 12 10 5 7 11 7 11 6 8 8 9 5
36 0 0 1223 20 16 17 10 9 12 14 10 10 11 8 7 8 9 9 10 4 12 9 6 5
36 0 0 1223 20 16 17 11 8 11 17 8 9 12 10 5 8 7 11 10 6 6 10 9 5
36 0 0 1206 20 16 17 11 8 12 14 10 9 12 10 5 7 10 8 11 6 6 10 9 5
36 0 0 1216 20 16 17 12 7 12 14 10 9 11 11 5 7 7 13 9 4 9 7 11 5
36 0 0 1218 20 16 17 12 7 12 15 9 9 12 13 2 7 10 10 9 6 7 9 9 5
36 0 0 1218 20 16 17 12 7 12 15 9 10 11 8 7 8 8 10 10 4 10 11 6 5
36 0 0 1222 20 16 17 12 7 13 12 11 9 12 13 2 6 13 7 10 6 7 9 9 5
36 0 0 1207 20 16 17 12 7 13 12 11 9 13 9 5 7 9 13 7 6 7 9 9 5
36 0 0 1211 20 16 17 12 7 14 9 13 9 13 9 5 6 12 10 8 6 7 9 9 5
36 0 0 1219 20 16 17 13 6 12 15 9 9 12 10 5 7 9 9 11 6 4 12 9 5
36 0 0 1224 20 16 17 13 6 14 10 12 10 12 7 7 7 10 12 7 4 11 10 6 5
36 0 0 1225 20 16 17 14 5 13 13 10 9 13 9 5 7 8 14 7 6 5 11 9 5
36 0 0 1221 20 16 17 14 5 13 13 10 10 10 12 4 7 9 11 9 4 8 13 6 5
36 0 0 1225 20 16 18 9 9 12 15 9 9 12 10 5 7 9 9 11 5 7 9 10 5
36 0 0 1220 20 16 18 10 8 14 10 12 9 13 9 5 6 11 11 8 5 8 8 10 5
36 0 0 1219 20 16 18 12 6 14 11 11 9 13 9 5 6 10 12 8 5 6 10 10 5
36 0 0 1225 20 16 18 12 6 14 11 11 10 10 12 4 6 11 9 10 3 9 12 7 5
36 0 0 1225 21 15 12 18 6 10 13 13 9 11 13 3 9 10 9 8 11 5 10 5 5
36 0 0 1221 21 15 13 16 7 9 16 11 9 9 15 3 9 7 10 10 8 8 7 8 5
36 0 0 1213 21 15 13 16 7 11 11 14 9 11 13 3 8 12 7 9 10 6 9 6 5
36 0 0 1222 21 15 14 12 10 9 17 10 9 12 9 6 10 7 10 9 9 9 6 7 5
36 0 0 1223 21 15 14 14 8 9 18 9 9 12 9 6 10 6 11 9 9 7 8 7 5
36 0 0 1224 21 15 14 16 6 10 16 10 9 11 13 3 9 7 12 8 9 5 10 7 5
36 0 0 1207 21 15 14 16 6 11 13 12 9 11 13 3 8 10 9 9 9 5 10 7 5
36 0 0 1224 21 15 15 10 11 10 15 11 9 12 9 6 9 9 8 10 8 10 5 8 5
36 0 0 1224 21 15 15 12 9 10 16 10 10 9 12 5 9 9 6 12 6 11 9 5 5
36 0 0 1216 21 15 15 13 8 10 16 10 9 11 10 6 8 9 8 11 6 8 12 5 5
36 0 0 1206 21 15 15 13 8 11 14 11 10 10 11 5 9 8 11 8 6 12 8 5 5
36 0 0 1204 21 15 15 13 8 12 11 13 10 10 11 5 8 11 8 9 6 12 8 5 5
36 0 0 1224 21 15 15 14 7 10 16 10 9 9 15 3 8 7 10 11 6 8 7 10 5
36 0 0 1224 21 15 15 14 7 10 17 9 10 9 12 5 9 8 7 12 6 9 11 5 5
36 0 0 1201 21 15 15 14 7 11 14 11 9 11 13 3 8 9 10 9 8 6 9 8 5
36 0 0 1207 21 15 15 14 7 12 11 13 9 11 13 3 7 12 7 10 8 6 9 8 5
36 0 0 1211 21 15 15 15 6 11 15 10 10 10 11 5 9 7 12 8 6 10 10 5 5
36 0 0 1198 21 15 15 15 6 12 12 12 10 10 11 5 8 10 9 9 6 10 10 5 5
36 0 0 1224 21 15 15 16 5 11 15 10 9 11 13 3 8 8 11 9 8 4 11 8 5
36 0 0 1214 21 15 16 11 9 12 12 12 10 10 11 5 8 10 9 9 5 13 7 6 5
36 0 0 1225 21 15 16 12 8 11 15 10 10 9 12 5 8 10 5 13 5 10 10 6 5
36 0 0 1205 21 15 16 12 8 12 12 12 9 11 13 3 7 11 8 10 7 7 8 9 5
36 0 0 1224 21 15 16 13 7 11 16 9 10 10 11 5 9 6 13 8 5 11 9 6 5
36 0 0 1200 21 15 16 13 7 12 13 11 10 10 11 5 8 9 10 9 5 11 9 6 5
36 0 0 1225 21 15 16 14 6 11 16 9 9 11 13 3 8 7 12 9 7 5 10 9 5
36 0 0 1209 21 15 16 14 6 12 13 11 9 11 13 3 7 10 9 10 7 5 10 9 5
36 0 0 1213 21 15 16 14 6 12 13 11 9 12 9 6 7 9 12 8 5 8 12 6 5
36 0 0 1210 21 15 16 15 5 12 14 10 10 10 11 5 8 8 11 9 5 9 11 6 5
36 0 0 1225 21 15 17 10 9 12 13 11 8 14 10 4 6 12 9 9 6 8 7 10 5
36 0 0 1218 21 15 17 11 8 12 14 10 9 12 12 3 7 11 8 10 6 9 6 10 5
36 0 0 1217 21 15 17 11 8 12 14 10 10 10 11 5 8 8 11 9 4 12 8 7 5
36 0 0 1216 21 15 17 11 8 13 11 12 10 10 11 5 7 11 8 10 4 12 8 7 5
36 0 0 1219 21 15 17 12 7 12 14 10 8 14 10 4 6 11 10 9 6 6 9 10 5
36 0 0 1214 21 15 17 12 7 12 14 10 9 11 13 3 7 9 10 10 6 6 9 10 5
36 0 0 1222 21 15 17 12 7 12 14 10 9 12 9 6 7 8 13 8 4 9 11 7 5
36 0 0 1221 21 15 17 12 7 13 11 12 9 11 13 3 6 12 7 11 6 6 9 10 5
36 0 0 1216 21 15 17 13 6 12 15 9 9 12 12 3 7 10 9 10 6 7 8 10 5
36 0 0 1219 21 15 17 13 6 12 15 9 10 10 11 5 8 7 12 9 4 10 10 7 5
36 0 0 1224 21 15 17 13 6 13 12 11 9 12 12 3 6 13 6 11 6 7 8 10 5
36 0 0 1207 21 15 17 13 6 13 12 11 10 10 11 5 7 10 9 10 4 10 10 7 5
36 0 0 1220 21 15 18 11 7 13 13 10 10 10 11 5 7 9 10 10 3 11 9 8 5
36 0 0 1222 22 14 14 16 6 10 15 11 9 10 13 4 8 9 9 10 7 7 12 5 5
36 0 0 1217 22 14 15 12 9 10 15 11 8 13 10 5 8 8 12 8 8 7 7 9 5
36 0 0 1225 22 14 15 13 8 11 13 12 8 13 13 2 7 11 11 7 8 8 6 9 5
36 0 0 1220 22 14 15 14 7 10 16 10 9 10 13 4 8 8 10 10 6 8 11 6 5
36 0 0 1217 22 14 16 12 8 11 14 11 9 10 13 4 7 10 8 11 5 9 10 7 5
36 0 0 1225 22 14 16 14 6 11 15 10 9 10 13 4 7 9 9 11 5 7 12 7 5
36 0 0 1223 22 14 17 13 6 13 11 12 9 11 12 4 6 10 12 8 4 9 10 8 5
