0 2034
1 16101
2 32547
3 3157
4 28752
5 28456
6 23959
7 28990
8 19942
9 26791
10 2595
11 20096
12 28808
13 25423
14 22123
15 22621
16 29742
17 7740
18 3831
19 22058
20 20853
21 21288
22 22197
23 24589
24 22155
25 28860
26 5779
27 3340
28 10750
29 13227
30 20404
31 10916
32 27703
33 15779
34 18112
35 9590
36 27139
37 17753
38 28590
39 15845
40 12059
41 13278
42 31747
43 12253
44 17414
45 29778
46 13121
47 9649
48 16206
49 13122
50 31517
51 3179
52 20115
53 12627
54 21057
55 3189
56 18855
57 13506
58 12652
59 7771
60 6632
61 6799
62 32020
63 7405
64 11404
65 1937
66 24046
67 24150
68 20555
69 28487
70 32141
71 24023
72 21150
73 1695
74 1654
75 22593
76 13642
77 65
78 30271
79 2049
80 28409
81 18742
82 9433
83 16939
84 32284
85 21728
86 8832
87 2231
88 17004
89 32388
90 18398
91 2041
92 20754
93 9156
94 18754
95 29887
96 22813
97 2324
98 18354
99 1510
100 24677
101 6724
102 32049
103 27116
104 24693
105 8142
106 8697
107 22079
108 11886
109 15768
110 28874
111 18673
112 30071
113 15478
114 17272
115 18499
116 474
117 14578
118 19468
119 15829
120 8178
121 7676
122 19766
123 30757
124 19005
125 26174
126 32482
127 14034
128 26794
129 21577
130 804
131 19446
132 25365
133 2619
134 8286
135 14222
136 22933
137 3080
138 17835
139 20364
140 30822
141 18508
142 6174
143 11901
144 32424
145 18564
146 26790
147 1559
148 7191
149 13128
150 9259
