0 24623
1 6240
2 13
3 6871
4 21635
5 30914
6 12939
7 15593
8 22958
9 19714
10 15989
11 18876
12 8450
13 22181
14 19045
15 32212
16 32257
17 24018
18 3803
19 23867
20 25032
21 13816
22 683
23 1772
24 3341
25 88
26 7361
27 8768
28 11292
29 2035
30 4022
31 30615
32 23471
33 19956
34 31420
35 9279
36 14059
37 4225
38 28446
39 7298
40 12567
41 12290
42 468
43 10659
44 8604
45 12201
46 9341
47 19203
48 9582
49 7368
50 20063
51 19504
52 30346
53 3382
54 10265
55 7117
56 1458
57 22595
58 25394
59 16212
60 27279
61 2825
62 13196
63 20350
64 31105
65 26408
66 14750
67 10945
68 8342
69 883
70 17747
71 2075
72 24169
73 14361
74 6814
75 10186
76 29916
77 29763
78 7565
79 429
80 7250
81 24005
82 5312
83 13428
84 2640
85 11287
