0 15134
1 29169
2 9303
3 8315
4 15231
5 26877
6 30941
7 8827
8 14273
9 747
10 29736
11 4550
12 6276
13 31346
14 22054
15 12144
16 14576
17 22658
18 62
19 18992
20 110
21 595
22 16217
23 3335
24 10938
25 16058
26 2423
27 9575
28 29036
29 9565
30 236
31 18965
32 31140
33 30887
34 2961
35 7495
36 2963
37 3953
38 25803
39 22438
40 19048
41 17082
42 9719
43 9272
44 4940
45 25165
46 20052
47 25472
48 29851
49 7081
50 15567
51 19568
52 18347
53 28769
54 17894
55 4257
56 15878
57 11630
58 14893
59 28096
60 14481
61 4719
62 7809
63 15960
64 30972
65 13342
66 3126
67 1586
68 6000
69 21288
70 8649
71 9959
72 12447
73 16448
74 24813
75 22480
76 24893
77 5988
78 30504
79 24179
80 3682
81 9862
82 27032
83 7357
84 4187
85 15083
86 9855
87 7895
88 21270
89 24677
90 909
91 32596
92 19565
93 26740
94 32071
95 28051
96 23328
97 19309
98 21589
99 27320
100 26563
101 20735
102 31456
103 10048
104 16001
105 29924
106 18254
107 29440
108 13576
109 9578
110 6557
111 6064
112 12185
113 1710
114 29699
115 846
116 14366
117 22569
118 12398
119 15229
120 23738
121 8587
122 16838
123 30776
124 27152
125 12312
126 17629
127 15562
128 21786
129 7547
130 1457
131 6809
132 9885
133 24609
134 9668
135 9958
136 20549
137 29836
138 27933
139 28899
140 29163
141 17679
142 28543
143 26936
144 25354
145 2463
146 11171
147 21464
148 31999
149 14565
150 16778
151 25199
152 10945
153 30972
154 2744
155 26771
156 24650
157 21634
158 31926
159 11224
160 12503
161 25876
162 12233
163 8503
164 32123
165 17162
166 31122
167 11409
168 32647
169 10787
170 1834
171 21405
172 2324
173 20742
174 27824
175 31823
176 1652
177 16081
178 8167
179 6908
180 3330
181 16530
182 28906
183 3618
184 5826
185 21815
186 8385
187 6954
188 280
189 27132
190 8759
191 25538
192 5561
193 24885
194 30362
195 24727
196 15651
197 6482
198 16075
199 10880
200 8982
201 31922
202 32048
203 6545
204 16415
205 14562
206 22156
207 22569
208 12185
209 32433
210 11179
211 3230
212 29924
213 8407
214 18160
215 6064
216 25747
217 23115
218 17037
219 14562
220 23683
221 3230
222 32433
223 22156
224 12185
225 6064
226 6129
227 29924
228 6557
229 22569
230 846
231 202
232 14096
233 6064
234 22156
235 29924
236 6557
237 29340
238 32433
239 9578
240 22569
241 14562
242 22156
243 29924
244 32433
245 4483
246 3230
247 12185
248 6557
249 815
250 22480
251 22569
252 9578
253 4833
254 846
255 28227
256 202
257 7712
258 7404
259 11477
260 10480
261 11286
262 14465
263 31114
264 11405
265 26980
266 23596
267 8919
268 25921
269 2399
270 24286
271 8547
272 27754
273 6852
274 13779
275 23860
276 19300
277 20100
278 4205
279 25493
280 23893
281 21295
282 8053
283 31596
284 10970
285 3087
286 31317
287 3263
288 18932
289 5890
290 8667
291 4062
292 10530
293 280
294 14397
295 14397
296 2074
297 2945
298 201
299 7830
300 29150
301 24351
302 24459
303 4986
304 10402
305 9049
306 10695
307 22908
308 15752
309 15415
310 9722
311 17825
312 12626
313 8576
314 2930
315 22318
316 25631
317 7914
318 9055
319 27025
320 3434
321 947
322 217
323 30878
324 2775
325 9950
326 14054
327 3621
328 19988
329 10868
330 13239
331 3476
332 11368
333 13739
334 31176
335 5565
336 32713
337 13622
338 23685
339 21995
340 3701
341 16001
342 31055
343 6291
344 4788
345 23696
346 30277
347 19560
348 22127
349 13470
350 19876
351 11772
352 7620
353 7454
354 26706
355 9463
356 9424
357 13033
358 18923
359 24941
360 26833
361 5130
362 411
363 19824
364 7177
365 28057
366 16871
367 1713
368 20978
369 31823
370 9427
371 25618
372 1196
373 22123
374 25368
375 32262
376 9102
377 6635
378 1407
379 6585
380 16721
381 20830
382 13422
383 13177
384 27937
385 22103
386 10652
387 21507
388 7171
389 26630
390 21884
391 20834
392 8103
393 18772
394 26186
395 9644
396 1539
397 32460
398 27539
399 26592
400 12855
401 14719
402 31783
