0 606
1 1866
2 16373
3 6799
4 12130
5 23388
6 1195
7 22630
8 5807
9 22453
10 9923
11 24923
12 13152
13 15732
14 5756
15 8930
16 32693
17 26707
18 16522
19 12238
20 10751
21 16291
22 1034
23 5802
24 12469
25 7227
26 23918
27 18967
28 8099
29 6274
30 20151
31 5961
32 24868
33 4158
34 27999
35 23048
36 25435
37 18464
38 4071
39 20452
40 26647
41 16026
42 16256
43 23870
44 21860
45 13741
46 32381
47 7168
48 3570
49 21659
50 4633
51 6953
52 10363
53 18300
54 2244
55 27375
56 5841
57 22702
58 25958
59 27534
60 25721
61 7848
62 16958
63 2423
64 13562
65 21780
66 2407
67 1549
68 17231
69 22955
70 1134
71 15021
72 20507
73 21067
74 3835
75 18525
76 19150
77 28126
78 22848
79 19970
80 1992
81 26220
82 10847
83 29534
84 17135
85 17116
86 5801
87 10981
88 12390
89 16779
90 12242
91 14409
92 17069
93 7756
94 8086
95 18533
96 21016
97 15733
98 3429
99 4618
100 28953
101 30637
102 31833
103 19922
104 24192
105 488
106 22728
107 21288
108 578
109 220
110 5286
111 4345
112 24286
113 13724
114 12332
115 15632
116 6203
117 4755
118 20141
119 14851
120 23535
121 22557
122 28538
123 29466
124 23947
125 15416
126 6541
127 31050
128 30599
129 32698
130 19031
131 5928
132 27658
133 9199
134 15524
135 17536
136 26697
137 28180
138 14479
139 23482
140 29428
141 6099
142 7074
143 17321
144 32155
145 1081
146 26411
147 27474
148 2013
149 29608
150 15750
151 29859
152 13454
153 21127
154 5945
155 18575
156 32109
157 18966
158 28012
159 29327
160 10186
161 11200
162 3837
163 22679
164 31396
165 22344
166 31192
167 3618
168 17064
169 6450
170 9739
171 15654
172 10968
173 25235
174 26201
175 16341
176 8091
177 9257
178 18097
179 14093
180 5706
181 31241
182 27124
183 10978
184 12863
185 16648
186 9790
187 26141
188 22755
189 10156
190 13160
191 31488
192 12067
193 12899
194 4804
195 30736
196 3
197 31360
198 23282
199 19749
200 12541
201 31517
202 32088
203 28789
204 944
205 10546
206 20184
207 681
208 144
209 14423
210 27578
211 2663
212 13824
213 13688
214 24088
215 22623
216 7796
217 6422
218 15792
219 31179
220 20109
221 25563
222 27255
223 3665
224 19570
225 25818
226 32404
227 4873
228 28397
229 4762
230 32076
231 498
232 22123
233 29993
234 14986
235 7161
236 10019
237 10248
238 4756
239 12483
240 8165
241 26291
242 12334
243 26566
244 29265
245 30572
246 27035
247 4018
248 16644
249 10492
250 15909
251 28050
252 19537
253 2649
254 4061
255 13509
256 25546
257 17390
258 1903
259 21958
260 5730
261 3204
262 23073
263 2853
264 6619
265 23120
266 15723
267 3546
268 3352
269 16460
270 9862
271 3919
272 18105
273 16706
274 24872
275 18205
276 18321
277 31314
278 20454
279 8713
280 19854
281 15998
282 7592
283 14235
284 30787
285 5889
286 25428
287 27333
288 15733
289 27256
290 20343
291 31868
292 25452
293 27208
294 6587
295 10832
296 25768
297 25565
298 23748
299 19500
300 18875
301 21958
302 5811
303 2000
304 4044
305 3987
306 6758
307 6076
308 2742
309 6052
310 10096
311 7938
312 7314
313 17853
314 10532
315 29548
316 30806
317 19028
318 29555
319 9928
320 9307
321 31304
322 6938
323 18660
324 6334
325 27323
326 27068
327 21800
328 22024
329 24967
330 10308
331 5564
332 4024
333 17826
334 17337
335 32144
336 28290
337 26213
338 3448
339 30779
340 28753
341 4823
342 15380
343 18627
344 15883
345 26629
346 18656
347 12233
348 26555
349 21530
350 17619
351 31662
352 10156
353 2286
354 24991
355 31114
356 23936
357 22463
358 28292
359 9034
360 12819
361 21495
362 8485
363 10113
364 19334
365 3105
366 767
367 13455
368 32648
369 19009
370 13907
371 3250
372 19136
373 33
374 11686
375 19840
376 3287
377 21951
378 27778
379 13045
380 15447
381 29907
382 13117
383 17979
384 15247
385 13259
386 15536
387 4895
388 9332
389 28515
390 16896
391 16021
392 14393
