0 7027
1 1882
2 13575
3 26125
4 26140
5 8085
6 6030
7 3945
8 82
9 31443
10 21105
11 20730
12 23157
13 16963
14 16272
15 22988
16 28710
17 1525
18 30167
19 4404
20 13615
21 28773
22 22223
23 20647
24 24985
25 32586
26 10920
27 9510
28 23907
29 31562
30 5876
31 1093
32 397
33 6603
34 25100
35 24386
36 9291
37 22957
38 9970
39 11263
40 3465
41 25379
42 25008
43 27654
44 1108
45 25339
46 2863
47 20144
48 23348
49 16390
50 1421
51 13906
52 25454
53 12165
54 19039
55 28300
56 7203
57 4394
58 32193
59 19427
60 14399
61 10227
62 6478
63 11251
64 12580
65 19261
66 24787
67 23493
68 23625
69 24202
70 17056
71 19477
72 18661
73 4596
74 25899
75 1569
76 1223
77 13257
78 2200
79 10326
80 15935
81 19508
82 31836
83 11170
84 26140
85 16543
86 20369
87 25129
88 26054
89 5332
90 8138
91 8797
92 6077
93 4397
94 20543
95 30261
96 28414
97 26096
98 13095
99 19715
100 16489
101 21718
102 865
103 24478
104 19666
105 24881
106 21379
107 4277
108 19505
109 23351
110 17135
111 13399
112 30283
113 26862
114 19499
115 20868
116 21358
117 2549
118 1333
119 27788
120 10987
121 10581
122 20843
123 28769
124 17498
125 4381
126 24083
127 8650
128 29858
129 13459
130 21069
131 15071
132 5552
133 16075
134 16435
135 9534
136 5764
137 17952
138 22788
139 3748
140 3774
141 6098
142 29588
143 16244
144 8223
145 17721
146 9124
147 8967
148 32673
149 22904
150 4886
151 11394
152 13910
153 30434
154 7455
155 22347
156 29094
157 19892
158 8949
159 15007
160 21209
161 30204
162 3297
163 21719
164 19916
165 11232
166 3771
167 13525
168 17410
169 6281
170 27673
171 4460
172 20906
173 11715
174 31626
175 27712
176 10251
177 26939
178 7956
179 6424
180 26894
181 21848
182 12248
183 25134
184 6286
185 31612
186 16073
187 15720
188 17562
189 25712
190 5320
191 28485
192 5475
193 20869
194 12046
195 14523
196 9914
197 21982
198 14150
199 28487
200 23762
201 7595
202 28830
203 4867
204 32260
205 15078
206 9292
207 27720
208 21440
209 20737
210 29729
211 10691
212 21141
213 16815
214 8717
215 20407
216 28224
217 8188
218 3400
219 31510
220 18447
221 8046
222 19092
223 928
224 30815
225 6502
226 30305
227 18683
228 23816
229 30188
230 13763
231 23986
232 15570
233 21494
234 26893
235 837
236 18871
237 7204
238 29173
239 1628
240 120
241 13946
242 3587
243 26638
244 8224
245 19981
246 15860
247 16765
248 19521
249 2445
250 20644
251 25659
252 18101
253 12953
254 31960
255 12034
256 22402
257 2605
258 13672
259 21745
260 28598
261 6665
262 27633
263 8376
264 4793
265 18490
266 24860
267 27455
268 22048
269 18783
270 19937
271 26077
272 1789
273 26311
274 8095
275 15076
276 22174
277 2041
278 10135
279 10040
280 32624
281 17774
282 1320
283 2670
284 2837
285 20178
286 21642
287 29285
288 3326
289 3978
290 31440
291 27405
292 3872
293 17205
294 6321
295 22682
296 26189
297 19083
298 18921
299 26781
300 19160
301 31738
302 32536
303 3971
304 6675
305 13950
306 3563
307 19216
308 18866
309 28515
310 13459
311 4630
312 16916
313 18280
314 20030
315 6305
316 24596
317 7321
318 481
319 13470
320 1682
321 21851
322 20498
323 23496
324 3276
325 28107
326 5367
327 25409
328 5794
329 1794
330 3988
331 16507
332 20795
333 4425
334 25339
335 9900
336 30912
337 29376
338 15547
339 17089
340 29001
341 5909
342 5656
343 3748
344 17085
345 7950
346 2558
347 21378
348 3791
349 11096
350 16591
351 24596
352 3954
353 12274
354 19908
355 12178
356 27406
357 30294
358 6695
359 9613
360 25387
361 813
362 30533
363 208
364 1384
365 28729
366 25410
367 26042
368 31276
369 765
370 23116
371 27046
372 1878
373 27985
374 26111
375 11386
376 14186
377 19130
378 14446
379 13606
380 29811
381 17853
382 10875
383 31666
384 14525
385 24492
386 18341
387 24158
388 28706
389 883
390 16106
391 9048
392 17971
393 28755
394 23269
395 21772
396 9063
397 13488
398 21268
399 21802
400 31027
401 28476
402 5818
403 13785
404 21101
405 24797
406 2663
407 14734
408 30382
409 28719
410 26261
411 26582
412 31942
413 29629
414 30864
415 28560
416 27848
417 5045
418 25447
419 20395
420 687
421 16619
422 18325
423 19405
424 12434
425 18044
426 7525
427 20521
428 23658
429 1798
430 13340
431 17750
432 1519
433 23740
434 27379
435 2490
436 30407
437 4666
438 8127
439 21111
440 18207
441 8182
442 21545
443 10138
444 5360
445 9368
446 8228
447 27920
448 12694
449 13818
450 12487
451 5734
452 20054
453 4772
454 24200
455 23388
456 11831
457 9380
458 9117
459 2695
460 12644
461 5757
462 20303
463 12754
464 31083
465 12590
466 26884
467 27760
468 16435
469 30342
470 32604
471 32111
472 28994
473 2543
474 25899
475 4459
476 7433
477 4167
478 21307
479 6420
480 1465
481 14469
482 738
483 17998
484 23220
485 2173
486 32076
487 2761
488 10416
489 18384
490 8214
491 11451
492 16745
493 13536
494 944
495 21071
496 22532
497 9767
498 27780
499 27034
500 6923
501 13685
502 24682
503 22585
504 21698
505 17700
506 11981
507 19795
508 26354
509 5523
510 86
511 3623
512 29871
513 27286
514 11828
515 3722
516 12885
517 6202
518 2177
519 18979
520 24714
521 20193
522 24255
523 30456
524 18534
525 11108
526 31868
527 27739
528 12466
529 9994
530 21338
531 25389
532 19396
533 1399
534 6557
535 19774
536 1941
537 31600
538 29778
539 13142
540 16838
541 30950
542 30224
543 22656
544 10222
545 19243
546 28039
547 22507
548 14968
549 13359
550 22465
551 29858
552 14473
553 32411
554 27846
555 28898
556 15786
557 5251
558 24851
559 27996
560 12828
561 8449
562 32199
563 9240
564 28844
565 10675
566 20646
567 6256
568 12352
569 18856
570 22728
571 24501
572 6347
573 24837
574 15058
575 7378
576 20806
577 1670
578 28339
579 16207
580 29461
581 15805
582 14243
583 20522
584 4939
585 13412
586 811
587 9761
588 14866
589 16263
590 2540
591 31459
592 27728
593 16642
594 3029
595 26457
596 5327
597 21393
598 28048
599 30123
600 18060
601 31666
602 18285
603 32515
604 25469
605 15929
606 9515
607 32331
608 498
609 26692
610 10061
611 7207
612 2614
613 5981
614 15435
615 18870
616 5182
617 7176
618 8210
619 26599
620 8684
621 19737
622 18915
623 25132
624 1749
625 7882
626 22842
627 26031
628 11364
629 26726
630 6862
631 7656
632 4629
633 8824
634 24943
635 10653
636 11695
637 22889
638 24994
639 18662
640 24347
641 1467
642 7083
643 8195
644 29403
645 29924
646 27921
647 13875
648 1140
649 29625
650 17279
651 12113
652 26569
653 7233
654 28263
655 25492
656 2657
657 9570
658 29088
659 18087
660 24226
661 18382
662 22491
663 5808
664 10115
665 11249
666 23104
667 30072
668 11899
669 15227
670 1476
671 22622
672 5294
673 2042
674 20745
675 26776
676 30344
677 15014
678 9476
679 19713
680 19647
681 31515
682 30156
683 22892
684 20981
685 12747
686 24732
687 12912
688 16747
689 29473
690 6013
691 25580
692 6620
693 20515
694 20916
695 22062
696 5776
697 28240
698 13862
699 17863
700 26664
701 5430
702 23093
703 31659
704 17605
705 8201
706 29845
707 31573
708 12355
709 30819
710 20198
711 11772
712 5709
713 2574
714 27636
715 28999
716 28697
717 22963
718 32008
719 19936
720 6526
721 4366
722 3700
723 25506
724 18007
725 29841
726 7310
727 25499
728 14448
729 14210
730 29633
731 31174
732 16359
733 8242
734 30741
735 30866
736 31968
737 27605
738 28769
739 13282
740 1662
741 17175
742 26098
743 7990
744 15104
745 6561
746 21386
747 26157
748 23921
749 7804
750 11126
751 30632
752 3447
753 27614
754 16421
755 27608
756 24693
757 31232
758 10068
759 24653
760 27545
761 10378
762 8979
763 10904
764 10287
765 7730
766 1942
767 32720
