0 28190
1 15536
2 8228
3 23744
4 12452
5 12956
6 29420
7 23543
8 11222
9 10057
10 20415
11 16177
12 22179
13 18094
14 2559
15 9585
16 5820
17 984
18 15523
19 29627
20 26680
21 30563
22 20119
23 16110
24 1242
25 20099
26 28718
27 1593
28 30157
29 20802
30 1370
31 1453
32 17246
33 1520
34 8546
35 27591
36 22892
37 9851
38 1881
39 28120
40 8562
41 2327
42 25927
43 3952
44 1122
45 30154
46 30290
47 8803
48 13030
49 1689
50 29879
51 1175
52 13248
53 19465
54 1539
55 16956
56 2979
57 2771
58 17273
59 11208
60 17779
61 9651
62 8778
63 23010
64 22297
65 24292
66 2030
67 15057
68 24553
69 28760
70 13185
71 224
72 13703
73 5533
74 4278
75 31511
76 24523
77 29692
78 16615
79 31169
80 21998
81 27656
82 29407
83 27899
84 27407
85 6084
86 32017
87 2148
88 32039
89 25333
90 2325
91 15266
92 16590
93 23127
94 2376
95 2876
96 11259
97 14865
98 3240
99 18829
100 26858
101 4240
102 16311
103 18309
104 16323
105 14825
106 1078
107 31980
108 32729
109 23534
110 4838
111 21409
112 4244
113 3240
114 21692
115 18124
116 18575
117 12894
118 13361
119 17576
120 28848
121 26992
122 5004
123 18861
124 1899
125 32436
126 11591
127 8257
128 8285
129 933
130 1239
131 16225
132 23900
133 21135
134 697
135 17229
136 4575
137 8276
138 31799
139 19920
140 30807
141 5734
142 14493
143 1318
144 15961
145 4769
146 19022
147 32668
148 10658
149 4665
150 11499
151 21910
152 24735
153 10311
154 2784
155 16872
156 24770
157 15383
158 2075
159 1677
160 29726
161 28478
162 12496
163 1449
164 26852
165 19317
166 9662
167 23048
168 27207
169 409
170 23896
171 24604
172 3843
173 17642
174 29643
175 4170
176 22278
177 25240
178 4486
179 9232
180 32401
181 25420
182 8156
183 25912
184 31486
185 29271
186 10248
187 16702
188 27608
189 10901
190 16105
191 16469
192 13349
193 20807
194 21286
195 19559
196 30175
197 5949
198 32309
199 26782
200 29247
201 29427
202 7946
203 31527
204 24191
205 23077
206 18758
207 15538
208 28011
209 11722
210 4813
211 9987
212 15757
213 25750
214 31373
215 8941
216 27531
217 29276
218 8717
219 18304
220 11343
221 30673
222 25961
223 7461
224 23441
225 22017
226 1422
227 48
228 29873
229 11867
230 26101
231 4386
232 16979
233 27869
234 22393
235 7816
236 19140
237 23659
238 10597
239 28004
240 25394
241 21997
242 8430
243 16937
244 32611
245 5763
246 28228
247 12460
248 28485
249 6609
250 27639
251 25642
252 26104
253 3971
254 9459
255 22095
256 1672
257 22728
258 27659
259 16439
260 18724
261 19040
262 3116
263 18308
264 13198
265 28837
266 10022
267 6207
268 5094
269 12192
270 12321
271 6669
272 4065
273 24422
274 26025
275 4195
276 3679
277 17370
278 8957
279 6374
280 13653
281 13777
282 3459
283 7585
284 20304
285 25809
286 26136
287 10187
288 21605
289 24169
290 26022
291 31422
292 6872
293 4096
294 2001
295 12189
296 8665
297 3225
298 24973
299 9110
300 18038
301 21687
302 2123
303 27537
304 5353
305 1521
306 8192
307 12261
308 12744
309 18241
310 11587
311 20609
312 859
313 26974
314 59
315 13510
316 20603
317 21606
318 25365
319 13395
320 19884
321 15525
322 21403
323 29488
324 23084
325 20204
326 28675
327 28034
328 12750
329 19768
330 23317
331 22750
332 13465
333 15173
334 12922
335 26800
336 11659
337 174
338 30421
339 20027
340 13564
341 10027
342 4189
343 14625
344 10777
345 29829
346 20417
347 24553
348 14834
349 32480
350 23305
351 3861
352 11661
353 5221
354 32517
355 18162
356 1828
357 2619
358 16881
359 30928
360 27190
361 9620
362 30613
363 32745
364 20316
365 17093
366 909
367 10582
368 5606
369 1759
370 24865
371 10343
372 1564
373 13997
374 1441
375 19569
376 14962
377 8292
378 19456
379 30004
380 22345
381 13399
382 16876
383 20946
384 9939
385 30264
386 14239
387 26112
388 25075
389 29993
390 24632
391 28793
392 23809
393 15955
394 26839
395 16165
396 13644
397 20017
398 1023
399 3612
400 27267
401 24954
402 26959
403 24422
404 11218
405 4425
406 5188
407 8016
408 15295
409 24515
410 22896
411 19600
412 12306
413 29844
414 28102
415 30634
416 21358
417 13697
418 24300
419 15179
420 31850
421 21102
422 32408
423 7525
424 16997
425 16529
426 20456
427 2873
428 26040
429 6512
430 22724
431 6086
432 787
433 11939
434 17778
435 2106
436 31187
437 7294
438 26806
439 751
440 27707
441 25814
442 25888
443 8961
444 23909
445 9275
446 18891
447 13814
448 21856
449 22440
450 8965
451 9743
452 2977
453 2045
454 11488
455 32553
456 32628
457 18772
458 1389
459 2178
460 25250
461 19853
462 1709
463 20280
464 523
465 29463
466 19679
467 9687
468 31192
469 18428
470 21445
471 19443
472 6976
473 32150
474 16480
475 22340
476 10061
477 32102
478 7171
479 30101
480 32595
481 12552
482 13004
483 11902
484 10163
485 24200
486 21475
487 27166
488 760
489 10881
490 19995
491 21457
492 15990
493 7436
494 28349
495 32221
496 16127
497 29930
498 9712
499 32708
500 8470
501 14435
502 26838
503 23413
504 25986
505 24172
506 29423
507 1816
508 12626
509 31998
510 18541
511 14127
512 21793
513 2536
514 20206
515 3049
516 15957
517 25411
518 8682
519 12642
520 26126
521 1146
522 13704
523 10125
524 10761
525 22263
526 19410
527 17340
528 8287
529 24680
530 21623
531 1405
532 995
533 30193
534 19670
535 13453
536 16384
537 27604
538 31308
539 13333
540 2131
541 7542
542 8595
543 23812
544 2644
545 26457
546 12839
547 13229
548 11732
549 7738
550 1716
551 27520
552 18526
553 17969
554 31050
555 32160
556 12286
557 13128
558 32324
559 27483
560 526
561 15891
562 22251
563 25338
564 11873
565 24891
566 27531
567 130
568 15860
569 18511
570 2277
571 18378
572 27774
573 4114
574 26512
575 12972
576 27660
577 22841
578 16590
579 15630
580 24739
581 6612
582 30260
583 27149
584 24704
585 28117
586 8269
587 16383
588 11930
589 2322
590 18047
591 30957
592 6238
593 32141
594 28702
595 5710
596 27423
597 25748
598 30565
599 12911
600 32431
601 27560
602 6257
603 19335
604 13208
605 32326
606 10735
607 23329
608 8217
609 6456
610 22782
611 20455
612 22014
613 32003
614 20335
615 16581
616 544
617 8640
618 12454
619 3625
620 22339
621 15444
622 25020
623 15177
624 30284
625 32731
626 2414
627 32410
628 2245
629 24674
630 18104
631 16907
632 25418
633 12135
634 13841
635 30649
636 20784
637 2146
638 7265
639 30735
640 4030
641 29939
642 31647
643 19213
644 11318
645 32099
646 8717
647 3017
648 16406
649 18661
650 17588
651 2587
652 31650
653 19133
654 12050
655 10160
656 28486
657 6830
658 2942
659 15511
660 21516
661 9975
662 23549
663 6505
664 27252
665 20192
666 11809
667 6664
668 32050
669 24636
670 15475
671 13116
672 21326
673 18115
674 18566
675 1989
676 17998
677 24960
678 18403
679 24758
680 9858
681 23135
682 20871
683 13725
684 28948
685 5161
686 13604
687 15346
688 11833
689 1015
690 23573
691 31695
692 24250
693 8674
694 20327
695 14565
696 4651
697 6413
698 8828
699 22884
700 22029
701 12039
702 29726
703 11981
704 22930
705 28784
706 30145
707 8380
708 31026
709 4592
710 4759
711 11196
712 16367
713 21420
714 2743
715 4183
716 1069
717 27633
718 14845
719 14686
720 30776
721 1719
722 13229
723 5672
724 28779
725 587
726 256
727 6315
728 13372
729 12234
730 27387
731 11354
732 31597
733 6650
734 11930
735 4647
736 19085
737 19145
738 18624
739 24616
740 15705
741 5408
742 8861
743 25456
744 14791
745 20212
746 436
747 21592
748 115
749 15603
750 15679
751 30000
752 3750
753 2075
754 30965
755 1333
756 12134
757 8523
758 20008
759 24570
760 1649
761 18849
762 12594
763 21855
764 7556
765 9838
766 14415
767 16033
768 32733
769 17146
770 17547
771 16974
772 14833
773 32161
774 23060
775 19380
776 23962
777 13061
778 20953
779 24656
780 4748
781 14829
782 9334
783 154
784 13698
785 28578
786 3712
787 10667
788 15252
789 13482
790 28604
791 9320
792 2446
793 11703
794 25949
795 21367
796 295
797 17374
798 22337
799 16131
800 21830
801 13148
802 14243
803 3494
804 13925
805 13726
806 21034
807 27119
808 7478
809 31881
810 5492
811 1577
812 9390
813 7448
814 16327
815 20649
816 20063
817 30591
818 5304
819 7312
820 21518
821 16627
822 22813
823 6174
824 28950
825 25634
826 15453
827 2682
828 3894
829 7959
830 9635
831 2394
832 25863
833 28806
834 26244
835 14381
836 20766
837 9407
838 20193
839 8116
840 2429
841 29150
842 31274
843 19876
844 26648
845 14176
846 25398
847 20653
848 4043
849 30112
850 4253
851 19561
852 24095
853 31471
854 28965
855 24315
856 3215
857 16038
858 9762
859 7181
860 9311
861 13981
862 14799
863 125
864 13282
865 19697
866 1515
867 16221
868 6475
869 23246
870 9563
871 10592
872 27070
873 28736
874 31005
875 101
876 8862
877 11377
878 14365
879 32423
880 20815
881 10954
882 2527
883 4446
884 29533
885 28544
886 17532
887 18642
888 9809
889 15952
890 31678
891 11212
892 22630
893 22459
894 4115
895 8249
896 26796
897 19650
898 2173
899 12944
900 30247
901 31921
902 2419
903 29249
904 19582
905 12793
906 11383
907 23006
908 962
909 3471
910 5458
911 24071
912 7763
913 13448
914 23425
915 27846
916 11768
917 2474
918 12056
919 25186
920 6018
921 4452
922 22391
923 17946
924 23042
925 13946
926 4465
927 32140
928 16400
929 21311
930 889
931 22952
932 22977
933 17197
934 21604
935 11878
936 16143
937 17195
938 9953
939 15978
940 20078
941 23804
942 9259
943 1594
944 24435
945 10384
946 2891
947 14206
948 20736
949 6120
950 16807
951 27730
952 24272
953 26773
954 16294
955 17064
956 11249
957 4273
958 9862
959 26012
960 6502
961 24314
962 28458
963 25737
964 31741
965 401
966 7707
967 25054
968 8740
969 23878
970 16184
971 10727
972 1071
973 22409
974 17257
975 24717
976 19599
977 14825
978 6781
979 21709
980 22238
981 19409
982 19329
983 18813
984 21272
985 2929
986 15484
987 13384
988 28454
989 22440
990 7334
991 8859
992 1941
993 24364
994 29691
995 8722
996 25097
997 9576
998 18901
999 16016
1000 11312
1001 30151
1002 6135
1003 8552
1004 21594
1005 14971
1006 27818
1007 25484
1008 26398
1009 7833
1010 5903
1011 10535
1012 18680
1013 10471
1014 19457
1015 26228
1016 28430
1017 19238
1018 24488
1019 1413
1020 25688
1021 30416
1022 1669
1023 14004
1024 20314
1025 11440
1026 22083
1027 20652
1028 21058
1029 32132
1030 23753
1031 9062
1032 15209
1033 3878
1034 3395
1035 6481
1036 11420
1037 27871
1038 29642
1039 24878
1040 18693
1041 16970
1042 30720
1043 1812
1044 25924
1045 13368
1046 19026
1047 6051
1048 26246
1049 6715
1050 5257
1051 11544
1052 21766
1053 14103
1054 16041
1055 16430
1056 25750
1057 20434
1058 10876
1059 1457
1060 26903
1061 17740
1062 30293
1063 31923
1064 11289
1065 24535
1066 19474
1067 3737
1068 1705
1069 30199
1070 9690
1071 2039
1072 11810
1073 3003
1074 11354
1075 19360
1076 22905
1077 30752
1078 27939
1079 26265
1080 10768
1081 4476
1082 16343
1083 6717
1084 11110
1085 22900
1086 10593
1087 25274
1088 6745
1089 17496
1090 27034
1091 6327
1092 25241
1093 7492
1094 25014
1095 25376
1096 18715
1097 12385
1098 25220
1099 1432
1100 7298
1101 24029
1102 18670
1103 17567
1104 9739
1105 14082
1106 31694
1107 31464
1108 20632
1109 30416
1110 768
1111 18980
1112 17558
1113 3536
1114 9123
1115 26721
1116 341
1117 6633
1118 30808
1119 6428
1120 31432
1121 12245
1122 15365
1123 29647
1124 5768
1125 281
1126 19189
1127 9382
1128 7134
1129 17756
1130 27666
1131 8327
1132 31582
1133 26134
1134 22324
1135 28690
1136 26498
1137 3138
1138 19174
1139 26289
1140 3338
1141 24131
1142 8927
1143 11765
1144 19725
1145 923
1146 31220
1147 4737
1148 2897
1149 15803
1150 14846
1151 8590
1152 31705
1153 8396
1154 24674
1155 31541
1156 27729
1157 10147
1158 32394
1159 12014
1160 10740
1161 25008
1162 32545
1163 3813
1164 16106
1165 1207
1166 1826
1167 12629
1168 12406
1169 5820
1170 24489
1171 30948
1172 31592
1173 28345
1174 2248
1175 2627
1176 24596
1177 9114
1178 15397
1179 3261
1180 5337
1181 12548
1182 22927
1183 29912
1184 51
1185 28100
1186 23096
1187 20287
1188 8981
1189 2750
1190 15858
1191 24136
1192 15580
1193 31211
1194 19355
1195 23232
1196 11548
1197 17002
1198 20784
1199 2989
1200 3749
1201 15176
1202 1878
1203 16643
1204 30739
1205 30488
1206 29245
1207 10002
1208 24242
1209 8570
1210 13931
1211 12672
1212 23123
1213 31836
1214 26531
1215 19822
1216 27498
1217 20060
1218 28917
1219 13178
1220 23336
1221 14685
1222 4349
1223 17065
1224 18125
1225 16905
1226 26473
1227 24250
1228 12828
1229 9253
1230 25195
1231 2827
1232 26989
1233 3863
1234 20779
1235 2242
1236 14711
1237 16858
1238 6798
1239 7255
1240 14418
1241 19570
1242 1807
1243 7477
1244 512
1245 1861
1246 28593
1247 30264
1248 15080
1249 25773
1250 26797
1251 9539
1252 32665
1253 2302
1254 700
1255 14755
1256 15835
1257 15562
1258 29461
1259 29065
1260 11285
1261 24735
1262 31404
1263 27054
1264 24243
1265 7706
1266 10269
1267 24925
1268 14797
1269 30341
1270 8686
1271 27479
1272 27645
1273 22711
1274 26584
1275 10692
1276 5572
1277 6435
1278 6214
1279 28363
1280 19871
1281 19460
1282 16661
1283 5319
1284 23549
1285 5645
1286 12320
1287 11181
1288 7203
1289 17503
1290 6116
1291 14319
1292 10811
1293 25247
1294 3251
1295 12795
1296 19767
1297 21139
1298 17542
1299 4241
1300 25699
1301 25125
1302 352
1303 14174
1304 11195
1305 9488
1306 13582
1307 32169
1308 31017
1309 8305
1310 9020
1311 18590
1312 4969
1313 13306
1314 7408
1315 6375
1316 10838
1317 9296
1318 17852
1319 22492
1320 21914
1321 7070
1322 22951
1323 29497
1324 15050
1325 9619
1326 28296
1327 23895
1328 1171
1329 14414
1330 5167
1331 1379
1332 23714
1333 5211
1334 24211
1335 17297
1336 2158
1337 30502
1338 3409
1339 18376
1340 20858
1341 2436
1342 17326
1343 793
1344 28716
1345 5225
1346 31038
1347 25170
1348 4608
1349 28641
1350 16257
1351 32589
1352 27927
1353 965
1354 22645
1355 21398
1356 28071
1357 12729
1358 7424
1359 32392
1360 2885
1361 29133
1362 27088
1363 14849
1364 25879
1365 10614
1366 21287
1367 12238
1368 23815
1369 19613
1370 5803
1371 7173
1372 29120
1373 1669
1374 9325
1375 21377
1376 9608
1377 2273
1378 30342
1379 9005
1380 12323
1381 2348
1382 30508
1383 28766
1384 14237
1385 1620
1386 25552
1387 29108
1388 26595
1389 7378
1390 19512
1391 14003
1392 6669
1393 1900
1394 7433
1395 7326
1396 856
1397 29134
1398 2641
1399 9423
1400 13153
1401 19932
1402 10635
1403 20178
1404 20721
1405 22486
1406 9079
1407 22851
1408 14638
1409 12008
1410 31854
1411 22260
1412 32603
1413 18876
1414 15718
1415 8193
1416 30446
1417 9518
1418 1518
1419 7207
1420 7939
1421 25654
1422 24639
1423 1817
1424 32087
1425 13369
1426 975
1427 23961
1428 30069
1429 28412
1430 12526
1431 25495
1432 10943
1433 7586
1434 26833
1435 2755
1436 26104
1437 21053
1438 23455
1439 11151
1440 10316
1441 15849
1442 20981
1443 12796
1444 15373
1445 29663
1446 29610
1447 28022
1448 6422
1449 1754
1450 12439
1451 16269
1452 8299
1453 20780
1454 8055
1455 31268
1456 24887
1457 27754
1458 17165
1459 28148
1460 24361
1461 11910
1462 21466
1463 30219
1464 16886
1465 20551
1466 9640
1467 23917
1468 16182
1469 18410
1470 6551
1471 6597
1472 26089
1473 16069
1474 849
1475 24865
1476 7860
1477 19587
1478 24633
1479 21346
1480 14813
1481 28870
1482 26063
1483 1207
1484 12590
1485 31352
1486 22596
1487 13643
1488 1092
1489 11887
1490 32125
1491 9101
1492 16741
1493 19863
1494 25202
1495 12941
1496 26474
1497 10053
1498 11622
1499 13591
1500 30006
1501 25704
1502 3361
1503 4819
1504 5739
1505 26732
1506 5794
1507 18416
1508 12137
1509 18593
1510 31690
1511 22410
1512 8433
1513 31619
1514 28371
1515 5475
1516 27206
1517 29786
1518 18383
1519 25563
1520 21171
1521 12528
1522 32142
1523 7238
1524 6711
1525 29510
1526 14903
1527 29654
1528 24069
1529 22662
1530 21290
1531 23382
1532 6316
1533 7410
1534 19220
1535 10344
1536 24105
1537 10913
1538 3032
1539 5653
1540 5660
1541 21633
1542 11122
1543 14522
1544 21441
1545 12934
1546 8114
1547 21537
1548 11642
1549 11512
1550 4463
1551 7478
1552 29557
1553 17201
1554 9327
1555 5431
1556 28325
1557 20809
1558 26368
1559 1496
1560 24682
1561 31791
1562 8965
1563 2744
1564 28560
1565 24392
1566 13
1567 25202
1568 28231
1569 6885
1570 22568
1571 26590
1572 18544
1573 32031
1574 15676
1575 15927
1576 14919
1577 30167
1578 9292
1579 12291
1580 6539
1581 19238
1582 24686
1583 10056
1584 19070
1585 6989
1586 11945
1587 11736
1588 19721
1589 2249
1590 30339
1591 2238
1592 3725
1593 1799
1594 3943
1595 11874
1596 26459
1597 8272
1598 15358
1599 15530
1600 1072
1601 18275
1602 25906
1603 31825
1604 32179
1605 29645
1606 26949
1607 14097
1608 31112
1609 14127
1610 13012
1611 30875
1612 14947
1613 17089
1614 4244
1615 21079
1616 2735
1617 32340
1618 1967
1619 27399
1620 29339
1621 24583
1622 30544
1623 14505
1624 23283
1625 10155
1626 12136
1627 4431
1628 23770
1629 11793
1630 8931
1631 31063
1632 12382
1633 13333
1634 503
1635 28207
1636 19586
1637 7546
1638 29275
1639 2296
1640 14502
1641 4838
1642 9257
1643 6867
1644 17817
1645 20162
1646 30609
1647 29901
1648 11116
1649 22184
1650 3717
1651 10624
1652 5090
1653 25050
1654 18041
1655 16980
1656 26257
1657 9895
1658 2447
1659 6403
1660 25609
1661 21983
1662 3348
1663 13443
1664 7794
1665 781
1666 20073
1667 4609
1668 7785
1669 4934
1670 24412
1671 1713
1672 26393
1673 5832
1674 16686
1675 6456
1676 21584
1677 14741
1678 9839
1679 26808
1680 18320
1681 14368
1682 29410
1683 18748
1684 607
1685 2944
1686 32051
1687 29095
1688 5030
1689 16652
1690 9695
1691 24330
1692 21412
1693 7242
1694 21115
1695 22981
1696 24359
1697 12917
1698 7946
1699 19822
1700 30533
1701 20646
1702 8754
1703 2547
1704 10817
1705 9975
1706 63
1707 24328
1708 3434
1709 7852
1710 22938
1711 25407
1712 2375
1713 29368
1714 584
1715 22975
1716 31377
1717 32349
1718 11551
1719 11989
1720 27105
1721 28600
1722 5193
1723 14015
1724 14793
1725 1953
1726 26152
1727 3807
1728 15700
1729 26555
1730 32299
1731 24625
1732 26138
1733 29846
1734 15746
1735 12553
1736 9514
1737 27891
1738 30156
1739 2271
1740 21563
1741 9671
1742 21108
1743 28358
1744 29207
1745 10412
1746 30264
1747 14762
1748 26029
1749 14123
1750 15098
1751 6116
1752 9356
1753 26507
1754 17667
1755 3608
1756 1998
1757 12612
1758 10618
1759 3861
1760 12751
1761 24515
1762 14648
1763 503
1764 12879
1765 25876
1766 20387
1767 14954
1768 15732
1769 11664
1770 17269
1771 25801
1772 14739
1773 11087
1774 10650
1775 18967
1776 30364
1777 8318
1778 11476
1779 14898
1780 28981
1781 10946
1782 8993
1783 9581
1784 20337
1785 3063
1786 21259
1787 23736
1788 24946
1789 15953
1790 26921
1791 25821
1792 27399
1793 2796
1794 14390
1795 950
1796 27722
1797 31502
1798 26917
1799 32322
1800 6929
1801 18804
1802 29323
1803 21394
1804 15687
1805 6463
1806 12575
1807 13746
1808 23498
1809 19080
1810 26917
1811 1748
1812 10344
1813 28857
1814 19620
1815 13744
1816 6043
1817 21706
1818 32666
1819 1072
1820 10976
1821 30727
1822 8050
1823 8433
1824 22260
1825 11683
1826 23795
1827 22018
1828 20346
1829 32538
1830 20059
1831 25060
1832 5619
1833 8447
1834 32554
1835 7949
1836 26168
1837 16296
1838 18058
1839 11381
1840 30362
1841 18328
1842 4125
1843 22096
1844 25436
1845 3416
1846 32321
1847 2588
1848 27800
1849 20995
1850 13894
1851 7952
1852 13202
1853 22909
1854 4513
1855 32360
1856 7195
1857 26722
1858 8969
1859 21999
1860 26197
1861 13937
1862 5951
1863 1317
1864 26429
1865 13677
1866 21504
1867 24090
1868 25403
1869 16327
1870 11496
1871 8178
1872 32394
1873 2564
1874 965
1875 12907
1876 20859
1877 16337
1878 29032
1879 16770
1880 9749
1881 5782
1882 14410
1883 5129
1884 5030
1885 29863
1886 27844
1887 3102
1888 3149
1889 12841
1890 17953
1891 27863
1892 28446
1893 12074
1894 3621
1895 25874
1896 9015
1897 18764
1898 20109
1899 12091
1900 5377
1901 14298
1902 23348
1903 26513
1904 26512
1905 289
1906 30879
1907 31061
1908 28858
1909 13736
1910 26494
1911 18999
1912 15267
1913 1423
1914 20255
1915 8728
1916 3706
1917 11784
1918 12249
1919 10179
1920 23475
1921 23862
1922 30033
1923 18602
1924 23554
1925 29324
1926 7951
1927 25797
1928 5799
1929 19172
1930 4946
1931 23548
1932 28223
1933 2057
1934 18274
1935 17259
1936 28110
1937 24603
1938 11906
1939 23057
1940 14005
1941 29194
1942 16545
1943 9278
1944 30487
1945 9095
1946 8693
1947 28011
1948 20988
1949 12288
1950 13112
1951 2816
1952 2789
1953 17058
1954 28022
1955 30359
1956 30565
1957 330
1958 24094
1959 10578
1960 10932
1961 9008
1962 6988
1963 14378
1964 23182
1965 19504
1966 3231
1967 2342
1968 2629
1969 23949
1970 19436
1971 22259
1972 13337
1973 18969
1974 12333
1975 10055
1976 3812
1977 14636
1978 22186
1979 15311
1980 15224
1981 13267
1982 25904
1983 22646
1984 20427
1985 29763
1986 24089
1987 6686
1988 31768
1989 11418
1990 787
1991 17858
1992 8187
1993 19427
1994 10219
1995 231
1996 11340
1997 2067
1998 30869
1999 20766
2000 20518
2001 20171
2002 30720
2003 16480
2004 9194
2005 32171
2006 23177
2007 15219
2008 8576
2009 4431
2010 20968
2011 9364
2012 32348
2013 24876
2014 30639
2015 23211
2016 11223
2017 25152
2018 16604
2019 10968
2020 16690
2021 14286
2022 29709
2023 15438
2024 1703
2025 16918
2026 6143
2027 27489
2028 18195
2029 13725
