0 18532
1 10269
2 4382
3 2828
4 24661
5 23975
6 7437
7 12230
8 13039
9 19232
10 8018
11 25818
12 13802
13 20410
14 25862
15 14695
16 27184
17 25639
18 2251
19 26369
20 6814
21 13102
22 26759
23 2843
24 10604
25 26352
26 18246
27 6546
28 11978
29 14346
30 3354
31 5208
32 17343
33 13746
34 2760
35 31890
36 311
37 31942
38 32448
39 25441
40 5865
41 30819
42 31676
43 10322
44 22505
45 12791
46 21567
47 27216
48 7913
49 13287
50 12524
51 3649
52 29781
53 22186
54 26406
55 23651
56 20770
57 2731
58 14659
59 4907
60 22309
61 2673
62 17286
63 31986
64 30584
65 12950
66 28656
67 6560
68 27970
69 23790
70 12535
71 12361
72 11432
73 20149
74 7924
75 13610
76 10944
77 11638
78 5729
79 15978
80 28603
81 25094
82 11940
83 24542
84 628
85 16220
86 3379
87 20072
88 3748
89 16753
90 785
91 31323
92 26794
93 20368
94 6088
95 22782
