p 11 h 113 dimension 2 minimum_factor_degree 3 threshold 8
POINT 1 0 AT 1 BOUND 5 DEG 110 LC 10 BLOCKS 3
1 1 2 2 1 1
9 1 9 8 0 3 6 3 0 3 7 3 1
99 1 99 6 4 2 4 9 4 9 6 0 1 4 5 9 2 0 6 1 5 0 7 3 8 10 2 4 5 2 9 7 5 9 9 0 2 9 1 2 2 5 5 6 7 2 4 2 0 8 0 9 4 3 9 10 8 8 9 8 4 9 9 1 6 7 9 7 2 6 10 9 9 5 5 2 10 3 0 0 2 9 7 4 3 9 5 7 7 1 4 9 2 7 3 6 5 4 8 1 3 2 1
POINT 1 1 AT 1 BOUND 2 DEG 113 LC 1 BLOCKS 2
45 1 45 1 7 5 8 3 8 6 3 4 8 10 6 3 4 5 3 3 6 10 5 8 3 10 8 0 3 7 4 1 9 10 7 8 0 9 7 1 10 10 2 1 10 1 8 10 1
68 1 68 8 7 8 8 10 7 7 3 7 3 7 1 4 2 6 9 9 4 8 8 3 0 8 8 6 0 8 2 8 7 4 4 9 10 7 8 5 4 2 7 5 0 7 10 5 0 8 0 0 5 3 2 8 8 5 3 2 0 1 1 9 6 8 6 4 9 9 6 1
POINT 1 2 AT 1 BOUND 4 DEG 113 LC 2 BLOCKS 4
6 1 6 7 0 9 2 2 3 1
26 1 26 6 8 7 7 5 2 10 4 5 1 1 4 8 4 8 6 7 1 8 3 10 8 10 10 1 5 1
40 1 40 6 3 4 7 7 8 2 4 1 6 4 7 1 1 10 10 3 4 2 9 5 0 7 6 0 10 4 9 3 8 7 0 0 6 1 6 6 1 5 0 1
41 1 41 10 2 8 7 5 5 8 1 1 1 4 7 0 2 2 2 4 3 1 2 5 5 4 5 0 7 8 1 0 7 5 1 4 3 4 5 8 4 6 1 8 1
POINT 1 3 AT 1 BOUND 3 DEG 113 LC 3 BLOCKS 3
1 1 1 8 1
2 1 2 7 6 1
110 1 110 6 2 9 1 8 5 4 3 10 4 0 4 0 8 1 9 8 10 9 7 9 9 1 1 1 1 10 7 8 6 9 7 10 10 10 7 2 3 5 6 0 10 6 10 6 10 7 9 5 8 9 9 10 10 3 5 1 9 7 10 1 7 9 6 2 6 2 4 1 9 6 5 3 6 8 5 8 8 7 6 3 7 6 10 0 8 3 10 10 5 4 1 5 5 4 4 7 7 3 4 5 9 10 2 5 8 6 8 5 2 1
POINT 1 4 AT 2 BOUND 6 DEG 113 LC 4 BLOCKS 6
1 1 1 7 1
3 1 3 10 7 10 1
6 1 6 10 3 1 8 3 2 1
13 1 13 5 1 3 3 10 6 6 2 6 9 0 6 0 1
27 1 27 1 10 8 0 7 7 3 7 2 9 1 3 6 3 0 0 9 5 10 2 8 7 7 6 0 5 6 1
63 1 63 4 8 2 5 10 3 3 1 0 9 6 9 3 9 0 5 5 6 3 8 3 1 4 8 4 10 6 2 9 10 1 9 6 6 1 8 9 8 7 1 6 1 2 6 5 6 3 0 6 7 1 3 5 9 4 8 9 8 1 2 6 0 1 1
POINT 1 5 AT 1 BOUND 5 DEG 113 LC 5 BLOCKS 5
1 1 1 6 1
3 1 3 6 5 6 1
5 1 5 7 3 8 5 1 1
10 1 10 6 0 9 7 9 0 10 10 2 4 1
94 1 94 2 10 9 6 5 0 4 1 5 10 10 8 2 2 8 9 1 1 9 3 1 6 3 3 3 7 7 9 4 8 8 8 4 7 6 4 7 2 3 2 1 0 10 5 4 2 9 5 3 6 5 9 5 5 4 0 3 7 6 3 7 5 2 8 8 2 7 0 8 8 1 5 0 8 9 2 9 9 6 3 7 0 8 5 3 3 4 6 7 7 8 2 4 10 1
POINT 1 6 AT 1 BOUND 5 DEG 113 LC 6 BLOCKS 5
1 1 1 0 1
2 1 2 2 9 1
7 1 7 10 10 8 9 6 7 9 1
10 1 10 8 7 1 8 7 9 4 6 0 7 1
93 1 93 1 3 9 1 3 9 9 0 1 8 2 9 2 3 3 0 3 0 9 4 9 4 0 6 5 3 3 1 9 3 0 4 7 10 8 5 10 2 10 7 0 10 8 2 3 3 6 1 7 7 5 9 8 10 0 0 10 1 2 10 4 3 7 9 2 0 4 4 4 9 6 5 2 4 5 5 0 2 4 0 1 1 0 4 9 4 8 7 8 6 10 9 2 1
POINT 1 7 AT 1 BOUND 4 DEG 113 LC 7 BLOCKS 4
1 1 1 4 1
3 1 3 6 8 4 1
4 1 4 8 8 9 4 1
105 1 105 8 6 5 1 2 5 1 6 8 0 6 0 10 4 3 4 7 0 5 4 7 3 5 1 3 7 7 8 2 6 4 4 0 7 3 4 8 5 9 2 4 0 1 9 5 2 6 2 8 9 7 2 5 0 0 4 9 3 4 3 4 4 7 0 5 6 4 3 5 3 5 9 7 1 1 1 3 6 3 5 9 3 3 4 0 1 1 0 10 0 5 6 3 4 8 4 10 10 10 5 6 5 0 8 4 1
POINT 1 8 AT 1 BOUND 6 DEG 113 LC 8 BLOCKS 6
5 1 5 6 8 7 4 1 1
6 1 6 6 4 0 4 3 8 1
17 1 17 5 1 5 5 9 0 1 1 4 10 3 7 10 0 5 1 8 1
20 1 20 8 2 7 9 4 7 4 6 8 5 1 7 4 5 1 10 9 2 5 8 1
23 1 23 7 3 2 5 2 6 5 3 0 1 8 7 10 10 1 10 4 2 3 0 8 7 1 1
42 1 42 1 5 10 8 8 4 4 4 0 10 1 5 2 6 8 1 5 5 5 4 0 9 9 1 3 2 9 0 1 4 10 8 6 2 0 5 1 3 9 9 10 1 1
POINT 1 9 AT 1 BOUND 6 DEG 113 LC 9 BLOCKS 6
1 1 1 2 1
2 1 2 9 8 1
7 1 7 9 3 8 10 8 0 4 1
9 1 9 6 9 0 4 5 9 0 8 7 1
44 1 44 3 6 8 3 7 4 4 10 7 5 8 10 9 6 9 4 10 9 2 1 4 3 8 0 1 1 10 3 2 2 4 2 0 5 7 5 2 3 9 9 0 5 3 5 1
50 1 50 9 8 6 10 5 1 6 2 6 1 3 1 0 7 8 5 4 7 10 8 9 9 8 5 9 6 7 10 10 2 3 9 5 0 7 6 9 1 2 2 10 2 4 1 7 7 3 8 3 1 1
POINT 1 10 AT 1 BOUND 5 DEG 113 LC 10 BLOCKS 5
1 1 1 9 1
2 1 2 10 5 1
3 1 3 2 8 1 1
46 1 46 7 8 6 0 2 0 1 8 3 4 5 6 9 4 8 5 5 4 7 9 4 2 6 3 2 1 0 5 1 9 9 2 1 10 3 2 8 3 0 10 1 4 5 4 6 2 1
61 1 61 4 5 3 3 3 0 10 9 9 10 6 9 4 9 0 4 7 1 2 4 3 4 1 0 0 1 7 7 7 6 5 7 2 1 8 3 5 9 2 4 9 9 9 0 4 10 0 3 4 1 8 4 10 1 7 2 3 1 2 3 10 1
POINT 0 1 AT 9 BOUND 5 DEG 113 LC 1 BLOCKS 3
1 1 2 10 0 1
3 1 6 6 4 9 2 2 2 1
105 1 105 5 5 10 3 5 0 10 4 10 1 7 7 5 9 0 0 9 0 5 3 5 5 2 5 5 9 10 5 3 8 2 2 0 9 6 6 0 0 6 10 3 7 6 4 8 9 5 0 5 6 1 10 8 10 1 2 0 8 8 7 8 6 7 5 8 3 5 4 4 1 7 7 7 5 2 2 3 7 0 1 2 6 9 4 10 9 8 2 7 6 10 0 3 6 0 4 4 9 8 3 6 5 2 6 10 1
