0 17 12974 310100 310200 310101 310300 310201 310102 310400 310301 310202 310103 310500 310401 310302 310203 400100 400200 400101
1 17 5700 310100 310200 310101 310300 310201 310102 310400 310301 310202 310103 310500 310401 310302 310203 400100 400200 400101
2 17 14007 310100 310200 310101 310300 310201 310102 310400 310301 310202 310103 310500 310401 310302 310203 400100 400200 400101
3 17 21429 310100 310200 310101 310300 310201 310102 310400 310301 310202 310103 310500 310401 310302 310203 400100 400200 400101
4 17 3382 310100 310200 310101 310300 310201 310102 310400 310301 310202 310103 310500 310401 310302 310203 400100 400200 400101
5 17 3373 310100 310200 310101 310300 310201 310102 310400 310301 310202 310103 310500 310401 310302 310203 400100 400200 400101
6 17 28845 310100 310200 310101 310300 310201 310102 310400 310301 310202 310103 310500 310401 310302 310203 400100 400200 400101
7 17 7548 310100 310200 310101 310300 310201 310102 310400 310301 310202 310103 310500 310401 310302 310203 400100 400200 400101
8 17 16594 310100 310200 310101 310300 310201 310102 310400 310301 310202 310103 400100 410100 410200 410101 420100 500100 500200
9 17 6499 310100 310200 310101 310300 310201 310102 310400 310301 310202 310103 400100 400200 400101 420100 420200 420300 420101
10 17 17237 310100 310200 310101 310300 310201 310102 310400 310301 310202 310103 400100 400200 400101 410100 410200 410101 500100
11 17 5366 310100 310200 310101 310300 310201 310102 310400 310301 310202 310103 400100 400200 400101 400300 400201 400102 420100
12 17 15869 310100 310200 310101 310300 310201 310102 310400 310301 310202 310103 400100 400200 400101 400300 400201 400102 420100
13 17 10804 310100 310200 310101 310300 310201 310102 310400 310301 310202 310103 400100 400200 400101 400300 400201 400102 420100
14 17 21115 310100 310200 310101 310300 310201 310102 310400 310301 310202 310103 400100 400200 400101 400300 400201 400102 420100
15 17 2309 310100 310200 310101 310300 310201 310102 310400 310301 310202 310103 400100 400200 400101 400300 400201 400102 420100
16 17 21068 310100 310200 310101 310300 310201 310102 310400 310301 310202 310103 400100 400200 400101 400300 400201 400102 420100
17 17 5551 310100 310200 310101 310300 310201 310102 310400 310301 310202 310103 400100 400200 400101 400300 400201 400102 420100
18 17 5551 310100 310200 310101 310300 310201 310102 310400 310301 310202 310103 400100 400200 400101 400300 400201 400102 420100
19 17 9432 310100 310200 310101 310300 310201 310102 310400 310301 310202 310103 400100 400200 400101 400300 400201 400102 410100
20 17 9432 310100 310200 310101 310300 310201 310102 310400 310301 310202 310103 400100 400200 400101 400300 400201 400102 410100
21 17 6746 300100 310100 310200 310101 310300 310201 310102 400100 410100 410200 410101 410300 410201 410102 500100 510100 510200
22 17 6746 300100 310100 310200 310101 310300 310201 310102 400100 410100 410200 410101 410300 410201 410102 500100 510100 510200
23 17 9371 300100 310100 310200 310101 310300 310201 310102 400100 410100 410200 410101 410300 410201 410102 500100 510100 510200
24 17 6992 300100 310100 310200 310101 310300 310201 310102 400100 410100 410200 410101 410300 410201 410102 500100 510100 510200
25 17 27968 300100 310100 310200 310101 310300 310201 310102 400100 410100 410200 410101 410300 410201 410102 500100 500200 520100
26 17 26570 300100 310100 310200 310101 310300 310201 310102 400100 400200 400101 420100 420200 420300 420101 500100 510100 510200
27 17 17814 300100 310100 310200 310101 310300 310201 310102 400100 400200 400101 410100 420100 500100 510100 510200 510101 600100
28 17 26821 300100 310100 310200 310101 310300 310201 310102 400100 400200 400101 410100 420100 500100 510100 510200 510101 600100
29 17 17839 300100 310100 310200 310101 310300 310201 310102 400100 400200 400101 410100 420100 500100 510100 510200 510101 600100
30 17 12849 300100 310100 310200 310101 310300 310201 310102 400100 400200 400101 410100 420100 500100 510100 510200 510101 510300
31 17 26791 300100 310100 310200 310101 310300 310201 310102 400100 400200 400101 410100 420100 500100 510100 510200 510101 510300
32 17 5988 300100 310100 310200 310101 310300 310201 310102 400100 400200 400101 410100 420100 500100 510100 510200 510101 510300
33 17 28228 300100 310100 310200 310101 310300 310201 310102 400100 400200 400101 410100 420100 500100 500200 500101 520100 610100
34 17 11680 300100 310100 310200 310101 310300 310201 310102 400100 400200 400101 410100 420100 500100 500200 500101 520100 600100
35 17 22639 300100 310100 310200 310101 310300 310201 310102 400100 400200 400101 410100 410200 410101 500100 500200 500101 520100
36 17 1618 300100 310100 310200 310101 310300 310201 310102 400100 400200 400101 410100 410200 410101 500100 500200 500101 520100
37 17 31350 300100 310100 310200 310101 310300 310201 310102 400100 400200 400101 410100 410200 410101 500100 500200 500101 520100
38 17 15961 300100 310100 310200 310101 310300 310201 310102 400100 400200 400101 410100 410200 410101 500100 500200 500101 520100
39 17 20973 300100 310100 310200 310101 310300 310201 310102 400100 400200 400101 410100 410200 410101 500100 500200 500101 510100
40 17 30835 300100 310100 310200 310101 310300 310201 310102 400100 400200 400101 400300 400201 400102 420100 420200 420300 500100
41 17 7422 300100 310100 310200 310101 310300 310201 310102 400100 400200 400101 400300 400201 400102 420100 420200 420300 500100
42 17 21941 300100 310100 310200 310101 310300 310201 310102 400100 400200 400101 400300 400201 400102 420100 500100 500200 510100
43 17 20350 300100 310100 310200 310101 310300 310201 310102 400100 400200 400101 400300 400201 400102 420100 500100 500200 510100
44 17 29252 300100 310100 310200 310101 310300 310201 310102 400100 400200 400101 400300 400201 400102 420100 500100 500200 510100
45 17 11446 300100 310100 310200 310101 310300 310201 310102 400100 400200 400101 400300 400201 400102 420100 500100 500200 500300
46 17 32430 300100 310100 310200 310101 310300 310201 310102 400100 400200 400101 400300 400201 400102 420100 500100 500200 500300
47 17 2225 300100 310100 310200 310101 310300 310201 310102 400100 400200 400101 400300 400201 400102 420100 500100 500200 500300
48 17 6836 300100 310100 310200 310101 310300 310201 310102 400100 400200 400101 400300 400201 400102 410100 500100 500200 510100
49 17 29887 300100 310100 310200 310101 310300 310201 310102 400100 400200 400101 400300 400201 400102 410100 500100 500200 510100
50 17 6836 300100 310100 310200 310101 310300 310201 310102 400100 400200 400101 400300 400201 400102 410100 500100 500200 510100
51 17 6836 300100 310100 310200 310101 310300 310201 310102 400100 400200 400101 400300 400201 400102 410100 500100 500200 510100
52 17 17368 300100 310100 310200 310101 310300 310201 310102 400100 400200 400101 400300 400201 400102 410100 500100 500200 500300
53 17 12934 300100 310100 310200 310101 310300 310201 310102 400100 400200 400101 400300 400201 400102 410100 500100 500200 500300
54 17 7437 300100 310100 310200 310101 310300 310201 310102 400100 400200 400101 400300 400201 400102 410100 500100 500200 500300
55 17 32657 300100 310100 310200 310101 310300 310201 310102 400100 400200 400101 400300 400201 400102 410100 500100 500200 500300
56 17 22033 300100 310100 310200 310101 310300 310201 310102 400100 400200 400101 400300 400201 400102 410100 500100 500200 500300
57 17 3492 300100 300200 300101 310100 310200 310101 400100 420100 420200 420300 420101 420400 420201 420500 420301 420102 510200
58 17 1330 300100 300200 300101 310100 310200 310101 400100 420100 420200 420300 420101 420400 420201 420500 420301 420102 510200
59 17 15940 300100 300200 300101 310100 310200 310101 400100 420100 420200 420300 420101 420400 420201 420500 420301 420102 510200
60 17 26822 300100 300200 300101 310100 310200 310101 400100 410100 420100 420200 420300 420101 510100 510200 510101 520100 600200
61 17 24101 300100 300200 300101 310100 310200 310101 400100 410100 420100 420200 420300 420101 510100 510200 510101 510300 510201
62 17 19341 300100 300200 300101 310100 310200 310101 400100 410100 410200 410101 420100 500100 510100 520100 610100 630100 700100
63 17 27456 300100 300200 300101 310100 310200 310101 400100 400200 400101 420100 420200 420300 420101 510100 510200 510101 510300
64 17 28948 300100 300200 300101 310100 310200 310101 400100 400200 400101 420100 420200 420300 420101 500100 510100 520100 600100
65 17 20897 300100 300200 300101 310100 310200 310101 400100 400200 400101 420100 420200 420300 420101 500100 510100 520100 600100
66 17 18005 300100 300200 300101 310100 310200 310101 400100 400200 400101 420100 420200 420300 420101 500100 510100 510200 510101
67 17 6364 300100 300200 300101 310100 310200 310101 400100 400200 400101 420100 420200 420300 420101 500100 510100 510200 510101
68 17 30150 300100 300200 300101 310100 310200 310101 400100 400200 400101 420100 420200 420300 420101 500100 510100 510200 510101
69 17 30197 300100 300200 300101 310100 310200 310101 400100 400200 400101 420100 420200 420300 420101 500100 500200 500101 520100
70 17 11056 300100 300200 300101 310100 310200 310101 400100 400200 400101 410100 420100 500100 510100 510200 510101 620100 630100
71 17 11930 300100 300200 300101 310100 310200 310101 400100 400200 400101 410100 420100 500100 510100 510200 510101 600100 620100
72 17 7231 300100 300200 300101 310100 310200 310101 400100 400200 400101 410100 420100 500100 510100 510200 510101 600100 620100
73 17 1257 300100 300200 300101 310100 310200 310101 400100 400200 400101 410100 420100 500100 510100 510200 510101 600100 630100
74 17 1040 300100 300200 300101 310100 310200 310101 400100 400200 400101 410100 420100 500100 510100 510200 510101 510300 510201
75 17 26715 300100 300200 300101 310100 310200 310101 400100 400200 400101 410100 410200 410101 500100 510100 510200 510101 600100
76 17 23977 300100 300200 300101 310100 310200 310101 400100 400200 400101 410100 410200 410101 500100 510100 510200 510101 510300
77 17 6015 300100 300200 300101 310100 310200 310101 400100 400200 400101 410100 410200 410101 500100 500200 500101 520100 610100
78 17 13061 300100 300200 300101 310100 310200 310101 400100 400200 400101 410100 410200 410101 500100 500200 500101 520100 610100
79 17 13061 300100 300200 300101 310100 310200 310101 400100 400200 400101 410100 410200 410101 500100 500200 500101 520100 610100
80 17 876 300100 300200 300101 310100 310200 310101 400100 400200 400101 410100 410200 410101 500100 500200 500101 510100 620100
81 17 22321 300100 300200 300101 310100 310200 310101 400100 400200 400101 400300 400201 400102 420100 420200 420300 500100 510200
82 17 13862 300100 300200 300101 310100 310200 310101 400100 400200 400101 400300 400201 400102 420100 420200 420300 500100 510200
83 17 22321 300100 300200 300101 310100 310200 310101 400100 400200 400101 400300 400201 400102 420100 420200 420300 500100 510200
84 17 28685 300100 300200 300101 310100 310200 310101 400100 400200 400101 400300 400201 400102 420100 420200 420300 500100 500200
85 17 19798 300100 300200 300101 310100 310200 310101 400100 400200 400101 400300 400201 400102 420100 500100 500200 500101 510100
86 17 28425 300100 300200 300101 310100 310200 310101 400100 400200 400101 400300 400201 400102 420100 500100 500200 500101 510100
87 17 28425 300100 300200 300101 310100 310200 310101 400100 400200 400101 400300 400201 400102 420100 500100 500200 500101 510100
88 17 13392 300100 300200 300101 310100 310200 310101 400100 400200 400101 400300 400201 400102 420100 500100 500200 500101 510100
89 17 14647 300100 300200 300101 310100 310200 310101 400100 400200 400101 400300 400201 400102 420100 500100 500200 500101 510100
90 17 7133 300100 300200 300101 310100 310200 310101 400100 400200 400101 400300 400201 400102 420100 500100 500200 500101 500201
91 17 1887 300100 300200 300101 300300 300201 300102 310100 410100 410200 410101 410300 410201 410102 420100 510100 510101 520100
92 17 16841 300100 300200 300101 300300 300201 300102 310100 410100 410200 410101 410300 410201 410102 410400 410301 410202 410103
93 17 24159 300100 300200 300101 300300 300201 300102 310100 400100 420100 420200 420300 420101 420400 420201 420500 420301 420600
94 17 8921 300100 300200 300101 300300 300201 300102 310100 400100 420100 420200 420300 420101 420400 420201 420500 420301 510300
95 17 21462 300100 300200 300101 300300 300201 300102 310100 400100 420100 420200 420300 420101 420400 420201 420500 420301 510300
96 17 15920 300100 300200 300101 300300 300201 300102 310100 400100 420100 420200 420300 420101 420400 420201 420500 420301 520100
97 17 27661 300100 300200 300101 300300 300201 300102 310100 400100 410100 420100 420200 420300 420101 510100 510200 510300 510201
98 17 27661 300100 300200 300101 300300 300201 300102 310100 400100 410100 420100 420200 420300 420101 510100 510200 510300 510201
99 17 27661 300100 300200 300101 300300 300201 300102 310100 400100 410100 420100 420200 420300 420101 510100 510200 510300 510201
100 17 9857 300100 300200 300101 300300 300201 300102 310100 400100 410100 420100 420200 420300 420101 510100 510200 510300 510201
101 17 30683 300100 300200 300101 300300 300201 300102 310100 400100 410100 410200 410101 420100 510100 510200 510101 510201 510102
102 17 7576 300100 300200 300101 300300 300201 300102 310100 400100 410100 410200 410101 410300 410201 410102 510100 510101 510102
103 17 4769 300100 300200 300101 300300 300201 300102 310100 400100 400200 400101 420100 420200 420300 420101 420400 420201 420500
104 17 4769 300100 300200 300101 300300 300201 300102 310100 400100 400200 400101 420100 420200 420300 420101 420400 420201 420500
105 17 26494 300100 300200 300101 300300 300201 300102 310100 400100 400200 400101 420100 420200 420300 420101 420400 420201 420500
106 17 12716 300100 300200 300101 300300 300201 300102 310100 400100 400200 400101 420100 420200 420300 420101 420400 420201 420500
107 17 32733 300100 300200 300101 300300 300201 300102 310100 400100 400200 400101 420100 420200 420300 420101 510100 510200 510300
108 17 12712 300100 300200 300101 300300 300201 300102 310100 400100 400200 400101 420100 420200 420300 420101 510100 510200 510300
109 17 9722 300100 300200 300101 300300 300201 300102 310100 400100 400200 400101 420100 420200 420300 420101 510100 510200 510300
110 17 7875 300100 300200 300101 300300 300201 300102 310100 400100 400200 400101 420100 420200 420300 420101 510100 510200 510300
111 17 7875 300100 300200 300101 300300 300201 300102 310100 400100 400200 400101 420100 420200 420300 420101 510100 510200 510300
112 17 25157 300100 300200 300101 300300 300201 300102 310100 400100 400200 400101 420100 420200 420300 420101 500100 510100 520100
113 17 3482 300100 300200 300101 300300 300201 300102 310100 400100 400200 400101 410100 420100 510100 510200 510101 510300 510201
114 17 32739 300100 300200 300101 300300 300201 300102 310100 400100 400200 400101 410100 420100 500100 510100 510200 510101 610100
115 17 2959 300100 300200 300101 300300 300201 300102 310100 400100 400200 400101 410100 420100 500100 510100 510200 510101 610100
116 17 17869 300100 300200 300101 300300 300201 300102 310100 400100 400200 400101 410100 420100 500100 510100 510200 510101 610100
117 17 4965 300100 300200 300101 300300 300201 300102 310100 400100 400200 400101 410100 420100 500100 510100 510200 510101 510300
118 17 5730 300100 300200 300101 300300 300201 300102 310100 400100 400200 400101 410100 410200 410101 500100 500200 500101 520100
119 17 11234 300100 300200 300101 300300 300201 300102 310100 400100 400200 400101 400300 400201 400102 420100 420200 420300 500100
120 17 27984 300100 300200 300101 300300 300201 300102 310100 400100 400200 400101 400300 400201 400102 420100 420200 420300 500100
121 17 11234 300100 300200 300101 300300 300201 300102 310100 400100 400200 400101 400300 400201 400102 420100 420200 420300 500100
122 17 13201 300100 300200 300101 300300 300201 300102 310100 400100 400200 400101 400300 400201 400102 420100 500100 500101 520100
123 17 7790 300100 300200 300101 300300 300201 300102 310100 400100 400200 400101 400300 400201 400102 420100 500100 500101 520100
124 17 4242 300100 300200 300101 300300 300201 300102 310100 400100 400200 400101 400300 400201 400102 420100 500100 500101 510100
125 17 27427 300100 300200 300101 300300 300201 300102 300400 300301 300202 300103 400100 420100 420200 420300 420101 420400 420201
126 17 966 300100 300200 300101 300300 300201 300102 300400 300301 300202 300103 400100 420100 420200 420300 420101 420400 420201
127 17 2462 300100 300200 300101 300300 300201 300102 300400 300301 300202 300103 400100 410100 420100 420200 420300 420101 510200
128 17 1231 300100 300200 300101 300300 300201 300102 300400 300301 300202 300103 400100 410100 420100 420200 420300 420101 510200
129 17 24315 300100 300200 300101 300300 300201 300102 300400 300301 300202 300103 400100 410100 420100 420200 420300 420101 510200
130 17 14387 300100 300200 300101 300300 300201 300102 300400 300301 300202 300103 400100 410100 420100 420200 420300 420101 510200
131 17 31283 300100 300200 300101 300300 300201 300102 300400 300301 300202 300103 400100 400200 400101 420100 420200 420300 420101
132 17 31283 300100 300200 300101 300300 300201 300102 300400 300301 300202 300103 400100 400200 400101 420100 420200 420300 420101
133 17 26077 300100 300200 300101 300300 300201 300102 300400 300301 300202 300103 400100 400200 400101 420100 420200 420300 420101
134 17 19935 300100 300200 300101 300300 300201 300102 300400 300301 300202 300103 400100 400200 400101 420100 420200 420300 420101
135 17 11004 300100 300200 300101 300300 300201 300102 300400 300301 300202 300103 400100 400200 400101 420100 420200 420300 420101
136 17 12934 300100 300200 300101 300300 300201 300102 300400 300301 300202 300103 400100 400200 400101 420100 420200 420300 420101
137 17 8978 300100 300200 300101 300300 300201 300102 300400 300301 300202 300103 400100 400200 400101 420100 420200 420300 420101
138 17 1669 300100 300200 300101 300300 300201 300102 300400 300301 300202 300103 400100 400200 400101 410100 420100 510100 510200
139 17 8841 300100 300200 300101 300300 300201 300102 300400 300301 300202 300103 400100 400200 400101 410100 420100 500100 510100
140 17 11232 300100 300200 300101 300300 300201 300102 300400 300301 300202 300103 400100 400200 400101 410100 420100 500100 510100
141 17 31877 300100 300200 300101 300300 300201 300102 300400 300301 300202 300103 400100 400200 400101 410100 420100 500100 510100
142 17 641 300100 300200 300101 300300 300201 300102 300400 300301 300202 300103 400100 400200 400101 410100 420100 500100 510100
143 17 7669 300100 300200 300101 300300 300201 300102 300400 300301 300202 300103 400100 400200 400101 410100 420100 500100 510100
144 17 26427 300100 300200 300101 300300 300201 300102 300400 300301 300202 300103 400100 400200 400101 410100 420100 500100 510100
145 17 28575 300100 300200 300101 300300 300201 300102 300400 300301 300202 300103 400100 400200 400101 410100 410200 410101 500100
146 17 9442 300100 300200 300101 300300 300201 300102 300400 300301 300202 300103 400100 400200 400101 400300 400201 400102 420100
147 17 10350 300100 300200 300101 300300 300201 300102 300400 300301 300202 300103 400100 400200 400101 400300 400201 400102 420100
148 17 25343 300100 300200 300101 300300 300201 300102 300400 300301 300202 300103 300500 300401 300302 300203 400100 420100 420200
149 17 2338 300100 300200 300101 300300 300201 300102 300400 300301 300202 300103 300500 300401 300302 300203 400100 420100 420200
150 17 30271 300100 300200 300101 300300 300201 300102 300400 300301 300202 300103 300500 300401 300302 300203 400100 420100 420200
151 17 31573 300100 300200 300101 300300 300201 300102 300400 300301 300202 300103 300500 300401 300302 300203 400100 410100 420200
152 17 22397 300100 300200 300101 300300 300201 300102 300400 300301 300202 300103 300500 300401 300302 300203 400100 410100 410200
153 17 22240 300100 300200 300101 300300 300201 300102 300400 300301 300202 300103 300500 300401 300302 300203 400100 400200 400101
154 17 14283 300100 300200 300101 300300 300201 300102 300400 300301 300202 300103 300500 300401 300302 300203 400100 400200 400101
155 17 10586 300100 300200 300101 300300 300201 300102 300400 300301 300202 300103 300500 300401 300302 300203 400100 400200 400101
156 17 19483 300100 300200 300101 300300 300201 300102 300400 300301 300202 300103 300500 300401 300302 300203 400100 400200 400101
157 17 18270 300100 300200 300101 300300 300201 300102 300400 300301 300202 300103 300500 300401 300302 300203 400100 400200 400101
158 17 14631 300100 300200 300101 300300 300201 300102 300400 300301 300202 300103 300500 300401 300302 300203 400100 400200 400101
159 17 24335 300100 300200 300101 300300 300201 300102 300400 300301 300202 300103 300500 300401 300302 300203 400100 400200 400101
160 17 20700 300100 300200 300101 300300 300201 300102 300400 300301 300202 300103 300500 300401 300302 300203 400100 400200 400101
161 17 14636 300100 300200 300101 300300 300201 300102 300400 300301 300202 300103 300500 300401 300302 300203 400100 400200 400101
162 17 11361 300100 300200 300101 300300 300201 300102 300400 300301 300202 300103 300500 300401 300302 300203 400100 400200 400101
163 17 25922 300100 300200 300101 300300 300201 300102 300400 300301 300202 300103 300500 300401 300302 300203 400100 400200 400101
164 17 25922 300100 300200 300101 300300 300201 300102 300400 300301 300202 300103 300500 300401 300302 300203 400100 400200 400101
165 17 16618 300100 300200 300101 300300 300201 300102 300400 300301 300202 300103 300500 300401 300302 300203 400100 400200 400101
166 17 3269 300100 300200 300101 300300 300201 300102 300400 300301 300202 300103 300500 300401 300302 300203 400100 400200 400101
167 17 22586 300100 300200 300101 300300 300201 300102 300400 300301 300202 300103 300500 300401 300302 300203 400100 400200 400101
