1679 115 117 429 429 443 36 36 36 606 617
1699 117 106 429 429 429 429 429 36 558 603
1701 117 113 429 429 429 443 443 36 558 615
1702 117 121 429 443 443 443 36 558 605 605
1704 117 117 429 429 429 464 36 36 606 616
1708 117 119 429 429 429 36 567 558 558 558
1742 121 118 95 429 429 429 429 429 615 616
1751 121 124 429 429 429 36 36 558 589 617
1769 122 124 429 429 429 436 36 599 607 616
1775 123 128 354 429 436 36 36 523 616 616
1785 125 117 429 429 429 429 429 36 607 617
1787 125 124 429 429 436 443 457 36 615 617
1794 125 121 429 429 36 36 36 516 558 617
1795 125 128 436 443 36 36 36 558 605 617
1814 127 110 429 429 429 429 429 429 605 605
1816 127 117 429 429 429 436 443 443 605 615
1817 127 124 429 443 443 443 443 443 615 615
1819 127 124 429 429 429 436 457 464 615 616
1823 127 121 429 429 429 436 523 558 558 558
1825 127 124 429 436 457 36 36 36 616 616
1842 129 131 354 429 429 36 36 589 615 615
1856 131 128 429 429 429 436 36 589 605 617
1857 131 135 429 443 443 443 36 589 615 617
1862 132 131 429 436 443 36 36 599 615 616
1865 133 128 354 429 429 429 429 530 616 616
1874 133 128 354 429 36 36 36 516 615 615
1875 133 135 443 443 36 36 36 589 616 616
1899 135 124 429 429 429 443 36 36 615 617
1900 135 132 429 443 443 36 36 605 605 617
1901 135 139 429 443 464 36 36 607 616 617
1902 135 135 429 443 36 36 558 558 558 617
1903 135 143 429 36 36 589 589 589 605 605
1907 137 124 429 429 429 429 464 36 615 616
1908 137 132 429 429 443 443 36 551 616 616
1909 137 139 429 429 464 464 36 607 616 616
1910 137 124 429 429 36 36 36 36 616 616
1914 138 139 429 429 36 599 523 558 589 615
1921 139 139 354 429 429 429 589 605 605 616
1924 139 139 436 36 36 36 589 589 605 615
1927 140 146 429 443 457 36 599 606 616 617
1929 141 135 429 429 429 429 558 558 589 617
1931 141 140 95 429 450 36 36 615 616 616
1937 142 131 429 429 429 429 436 599 616 616
1939 142 139 429 429 443 443 599 523 616 616
1946 142 135 429 429 36 36 599 558 605 615
1947 142 143 443 36 36 599 558 605 605 605
1949 142 146 36 36 599 558 558 558 558 605
1964 143 135 354 429 429 436 36 605 615 616
1965 143 142 354 443 443 443 36 615 615 616
1967 143 135 443 36 36 36 36 589 615 615
1972 145 124 429 429 429 429 429 429 616 617
1974 145 132 429 429 429 436 443 523 616 617
1975 145 139 429 436 443 443 443 605 616 617
1977 145 139 429 429 429 450 464 606 616 617
1981 145 132 429 429 429 36 516 558 558 617
1982 145 139 429 436 443 36 558 558 605 617
1983 145 139 429 450 36 36 36 607 616 617
1984 145 143 429 36 568 558 558 558 558 558
1986 145 143 429 429 429 516 589 589 589 616
1989 145 150 429 36 558 558 589 589 589 603
1998 146 147 95 429 436 36 599 615 615 616
2000 147 132 429 429 436 36 36 537 616 616
2001 147 139 443 443 443 36 36 606 616 616
2002 147 146 443 464 464 36 36 615 616 616
2003 147 132 36 36 36 36 36 605 605 615
2007 148 142 429 429 436 443 599 589 615 615
2014 149 139 429 429 429 36 589 589 603 616
2015 149 146 429 443 443 36 589 589 615 616
2016 149 153 354 354 429 36 606 616 616 616
2017 149 146 429 36 36 558 558 589 589 615
2020 150 146 429 436 36 36 599 606 616 617
2022 151 148 95 429 429 443 544 616 616 616
2025 151 148 95 36 36 36 605 605 616 616
2029 152 139 429 429 436 36 599 605 605 615
2030 152 146 443 443 443 36 599 605 615 615
2031 152 153 436 443 464 36 599 616 616 616
2032 152 150 436 36 599 558 558 558 605 605
