39 0 0 1420 21 18 17 14 8 12 17 10 10 13 11 5 9 9 11 10 8 6 12 8 5
39 0 0 1444 21 18 17 14 8 12 17 10 11 10 14 4 10 6 14 9 6 12 6 10 5
39 0 0 1413 21 18 17 14 8 13 14 12 10 13 11 5 8 12 8 11 8 6 12 8 5
39 0 0 1430 21 18 17 14 8 13 14 12 10 13 11 5 9 8 14 8 8 9 4 13 5
39 0 0 1417 21 18 17 14 8 13 14 12 11 10 14 4 9 9 11 10 6 12 6 10 5
39 0 0 1424 21 18 17 14 8 14 11 14 11 10 14 4 8 12 8 11 6 12 6 10 5
39 0 0 1437 21 18 17 15 7 12 17 10 11 9 15 4 9 9 7 14 6 9 9 10 5
39 0 0 1438 21 18 17 15 7 13 14 12 10 11 16 2 8 10 10 11 8 6 7 13 5
39 0 0 1408 21 18 17 15 7 13 14 12 10 12 12 5 8 9 13 9 6 9 9 10 5
39 0 0 1444 21 18 17 15 7 13 14 12 10 12 12 5 8 10 10 11 7 7 11 4 10
39 0 0 1430 21 18 17 15 7 15 9 15 10 14 10 5 7 14 10 8 8 7 11 8 5
39 0 0 1442 21 18 17 15 7 15 9 15 11 11 13 4 8 11 13 7 6 13 5 10 5
39 0 0 1432 21 18 17 16 6 13 15 11 10 13 11 5 8 11 9 11 8 4 14 8 5
39 0 0 1418 21 18 17 16 6 13 15 11 11 10 14 4 9 8 12 10 6 10 8 10 5
39 0 0 1429 21 18 17 17 5 13 15 11 10 12 12 5 8 8 14 9 6 7 11 10 5
39 0 0 1440 21 18 17 17 5 14 13 12 10 14 10 5 8 10 14 7 8 5 13 8 5
39 0 0 1443 21 18 17 17 5 15 10 14 10 14 10 5 7 13 11 8 8 5 13 8 5
39 0 0 1437 21 18 17 17 5 15 10 14 11 11 13 4 8 10 14 7 6 11 7 10 5
39 0 0 1443 21 18 17 18 4 13 16 10 11 10 14 4 9 7 13 10 6 8 10 10 5
39 0 0 1434 21 18 18 12 9 12 17 10 10 11 13 5 8 9 9 13 5 9 9 11 5
39 0 0 1417 21 18 18 12 9 13 15 11 10 13 11 5 8 11 9 11 7 7 11 9 5
39 0 0 1443 21 18 18 12 9 13 15 11 11 10 14 4 9 8 12 10 5 13 5 11 5
39 0 0 1433 21 18 18 12 9 14 12 13 10 13 11 5 7 14 6 12 7 7 11 9 5
39 0 0 1439 21 18 18 12 9 14 12 13 11 10 14 4 8 11 9 11 5 13 5 11 5
39 0 0 1443 21 18 18 13 8 13 15 11 9 14 13 3 7 11 11 10 7 7 6 14 5
39 0 0 1416 21 18 18 13 8 14 12 13 10 12 12 5 7 11 11 10 5 10 8 11 5
39 0 0 1444 21 18 18 13 8 14 13 12 9 16 11 3 7 13 11 8 9 5 8 12 5
39 0 0 1442 21 18 18 14 7 12 18 9 10 11 13 5 8 8 10 13 5 7 11 11 5
39 0 0 1428 21 18 18 14 7 13 16 10 10 13 11 5 8 10 10 11 7 5 13 9 5
39 0 0 1436 21 18 18 14 7 13 16 10 11 10 14 4 9 7 13 10 5 11 7 11 5
39 0 0 1433 21 18 18 14 7 14 13 12 10 13 11 5 7 13 7 12 7 5 13 9 5
