6 15 -16 -24 0 6 3 2 1 3 3 0 1 0 2 2 0 1 1 3 3 0 1 2 0
6 16 -7 -12 0 6 3 2 1 3 3 0 2 0 2 1 1 1 1 2 3 0 1 2 0
6 15 -22 -32 0 6 3 2 1 4 1 1 1 0 2 2 0 2 0 3 4 1 0 1 0
6 16 -1 -2 0 6 3 3 0 4 0 2 2 1 1 1 1 1 2 1 2 0 1 3 0
6 15 -7 24 0 6 4 1 1 3 3 0 1 0 2 2 2 1 1 1 0 0 1 5 0
6 15 -4 18 0 6 4 1 1 3 3 0 1 1 1 2 2 0 1 2 0 0 1 5 0
6 16 5 12 0 6 4 1 1 3 3 0 2 1 1 1 1 1 1 2 0 0 1 5 0
6 17 -6 -6 0 6 4 1 1 4 1 1 1 2 1 1 1 0 1 3 1 1 0 4 0
6 14 -6 16 1 5 2 3 1 3 0 3 0 3 2 0 3 1 0 1 3 0 0 3 0
6 16 12 16 1 5 3 1 2 2 3 1 2 2 0 1 2 0 1 2 1 0 0 5 0
6 16 -1 -2 1 5 3 3 0 3 2 1 2 0 1 2 1 0 2 2 0 2 3 1 0
6 15 0 -6 1 5 4 0 2 3 3 0 2 1 1 1 0 2 2 1 2 0 0 4 0
6 14 -9 28 1 5 4 1 1 3 3 0 1 0 2 2 2 3 0 0 1 0 0 5 0
6 15 3 -2 1 5 4 1 1 3 3 0 2 1 1 1 0 2 0 3 1 0 0 5 0
6 15 6 4 1 5 4 1 1 3 3 0 2 2 0 1 1 1 0 3 1 0 0 5 0
6 15 11 -6 1 5 4 1 1 3 3 0 3 1 0 1 0 1 1 3 1 0 0 5 0
6 14 -6 16 1 5 4 1 1 4 0 2 0 3 2 0 2 1 0 2 1 0 0 5 0
6 16 -1 6 1 5 4 1 1 4 0 2 1 2 2 0 1 1 1 2 1 0 0 5 0
6 16 -1 12 1 5 4 1 1 4 0 2 1 2 2 0 1 2 1 1 1 0 0 5 0
6 16 -4 0 1 5 4 2 0 4 1 1 1 2 2 0 1 1 0 3 0 1 4 1 0
6 16 -4 12 1 5 4 2 0 4 1 1 1 2 2 0 2 1 0 2 0 1 4 1 0
6 14 -3 0 2 4 2 4 0 2 3 1 1 1 3 0 2 0 0 3 2 0 4 0 0
6 14 -3 12 2 4 2 4 0 2 3 1 1 1 3 0 3 0 0 2 2 0 4 0 0
6 15 12 -6 2 4 2 4 0 2 3 1 3 1 0 1 1 0 3 1 2 0 4 0 0
6 14 17 -14 2 4 2 4 0 2 3 1 4 0 0 1 0 1 2 2 2 0 4 0 0
6 15 -6 18 2 4 2 4 0 3 0 3 1 0 4 0 3 1 0 1 1 3 1 1 0
6 17 3 10 2 4 3 1 2 2 3 1 2 0 1 2 2 0 1 2 0 3 1 2 0
6 15 14 16 2 4 3 2 1 2 3 1 2 2 1 0 2 0 0 3 0 0 4 2 0
6 15 14 24 2 4 3 2 1 2 3 1 3 0 0 2 1 3 1 0 0 0 4 2 0
6 16 15 22 2 4 3 2 1 2 3 1 3 0 1 1 2 1 0 2 0 0 4 2 0
6 16 -12 28 2 4 3 2 1 2 4 0 0 1 3 1 4 0 0 1 1 1 3 1 0
6 17 -4 16 2 4 3 2 1 2 4 0 1 1 2 1 3 0 0 2 1 1 3 1 0
6 15 17 -14 2 4 3 2 1 2 4 0 4 0 0 1 0 0 3 2 1 1 3 1 0
6 17 -7 18 2 4 3 2 1 3 1 2 0 3 0 2 3 0 1 1 1 1 3 1 0
6 18 12 -6 2 4 3 2 1 3 1 2 3 1 0 1 0 2 1 2 1 1 3 1 0
6 16 -9 24 2 4 3 3 0 3 1 2 0 1 3 1 2 2 0 1 0 1 3 2 0
6 16 11 4 2 4 3 3 0 3 1 2 2 2 1 0 1 0 2 2 0 1 3 2 0
6 16 11 6 2 4 3 3 0 3 1 2 2 2 1 0 1 1 0 3 0 1 3 2 0
6 14 14 12 2 4 3 3 0 3 1 2 2 3 0 0 2 0 0 3 0 1 3 2 0
6 17 -3 -6 2 4 3 3 0 3 2 1 2 0 1 2 1 0 3 1 1 2 2 1 0
6 15 -7 -8 2 4 4 0 2 3 2 1 0 3 0 2 0 1 1 3 0 2 2 2 0
6 16 -6 -12 2 4 4 0 2 3 3 0 2 0 1 2 0 2 2 1 1 3 1 1 0
6 16 -3 -8 2 4 4 1 1 3 3 0 2 0 1 2 0 1 3 1 0 3 1 2 0
6 16 0 -2 2 4 4 1 1 3 3 0 2 1 0 2 1 0 3 1 0 3 1 2 0
6 15 2 -2 2 4 4 1 1 3 3 0 2 1 2 0 0 3 0 2 1 0 4 1 0
6 15 -6 -2 2 4 4 1 1 4 0 2 0 4 0 1 1 1 0 3 1 0 4 1 0
6 16 -19 -26 2 4 4 1 1 4 1 1 0 2 1 2 0 1 0 4 2 1 3 0 0
6 16 -15 -20 2 4 4 1 1 4 1 1 0 3 1 1 0 2 0 3 2 1 3 0 0
6 15 0 10 2 4 4 2 0 3 3 0 1 2 2 0 1 1 2 1 0 0 4 2 0
6 14 0 18 2 4 4 2 0 3 3 0 2 0 1 2 1 3 0 1 0 0 4 2 0
6 15 5 10 2 4 4 2 0 3 3 0 2 1 2 0 1 1 2 1 0 0 4 2 0
6 15 8 10 2 4 4 2 0 3 3 0 2 2 1 0 1 1 2 1 0 0 4 2 0
6 15 -4 18 2 4 4 2 0 4 0 2 1 1 2 1 1 3 0 1 0 0 4 2 0
6 16 -13 -18 2 4 4 2 0 4 1 1 1 0 3 1 0 1 0 4 1 1 3 1 0
6 18 -10 -14 2 4 4 2 0 4 1 1 1 1 2 1 0 1 2 2 1 1 3 1 0
6 16 -9 -12 2 4 4 2 0 4 1 1 1 1 3 0 0 2 0 3 1 1 3 1 0
6 17 -6 -8 2 4 4 2 0 4 1 1 1 2 2 0 0 2 2 1 1 1 3 1 0
6 16 15 -6 3 3 2 1 3 1 3 2 2 2 1 0 1 0 0 4 1 3 0 2 0
6 16 15 18 3 3 2 1 3 1 3 2 2 2 1 0 3 0 0 2 1 3 0 2 0
6 15 -6 -6 3 3 2 1 3 1 4 1 0 3 0 2 2 0 0 3 3 1 2 0 0
6 15 20 28 3 3 2 2 2 1 3 2 3 0 2 0 3 0 1 1 0 3 0 3 0
6 20 8 -2 3 3 2 2 2 1 4 1 2 1 1 1 1 1 1 2 2 1 2 1 0
6 18 0 4 3 3 2 3 1 2 2 2 1 2 1 1 2 0 3 0 2 2 1 1 0
6 17 11 16 3 3 3 1 2 1 5 0 2 1 1 1 2 0 1 2 0 2 1 3 0
6 17 14 18 3 3 3 1 2 2 2 2 2 2 0 1 2 0 2 1 0 2 1 3 0
6 16 18 24 3 3 3 1 2 2 2 2 2 3 0 0 2 1 2 0 0 2 1 3 0
6 18 -1 -2 3 3 3 1 2 2 3 1 1 2 0 2 1 1 1 2 2 0 3 1 0
6 18 3 4 3 3 3 1 2 2 3 1 1 3 0 1 1 2 1 1 2 0 3 1 0
6 19 5 0 3 3 3 1 2 2 3 1 2 1 1 1 1 1 2 1 1 3 0 2 0
6 18 0 4 3 3 3 1 2 3 0 3 1 2 1 1 1 2 1 1 1 3 0 2 0
6 18 0 16 3 3 3 2 1 2 3 1 1 1 2 1 1 3 0 1 1 0 3 2 0
6 15 6 -2 3 3 3 2 1 2 3 1 2 0 3 0 0 1 3 1 0 3 0 3 0
6 15 6 4 3 3 3 2 1 2 3 1 2 0 3 0 1 1 0 3 0 3 0 3 0
6 18 8 16 3 3 3 2 1 2 3 1 2 1 1 1 1 3 0 1 1 0 3 2 0
6 16 -1 -8 3 3 3 2 1 2 4 0 2 0 2 1 0 2 3 0 2 1 2 1 0
6 16 11 18 3 3 3 3 0 2 3 1 2 1 1 1 1 1 3 0 0 0 3 3 0
6 17 5 0 3 3 3 3 0 2 4 0 2 1 1 1 1 0 3 1 1 1 2 2 0
6 16 -7 -8 3 3 3 3 0 3 1 2 0 2 3 0 0 1 2 2 1 1 2 2 0
6 16 -4 0 3 3 3 3 0 3 1 2 0 3 2 0 1 0 3 1 1 1 2 2 0
6 16 -4 10 3 3 3 3 0 3 1 2 0 3 2 0 2 0 2 1 1 1 2 2 0
6 15 -13 -20 3 3 3 3 0 3 2 1 1 0 2 2 0 0 5 0 2 2 1 1 0
6 17 0 16 3 3 4 0 2 2 4 0 1 1 2 1 1 2 1 1 0 1 2 3 0
6 16 8 -2 3 3 4 0 2 2 4 0 2 1 1 1 0 1 1 3 0 1 2 3 0
6 17 8 16 3 3 4 0 2 2 4 0 2 1 1 1 1 2 1 1 0 1 2 3 0
6 16 -9 -12 3 3 4 0 2 3 2 1 0 3 0 2 0 1 2 2 1 2 1 2 0
6 18 0 4 3 3 4 1 1 3 2 1 1 2 1 1 1 0 3 1 0 2 1 3 0
6 19 0 6 3 3 4 1 1 3 2 1 1 2 1 1 1 1 1 2 0 2 1 3 0
6 19 0 12 3 3 4 1 1 3 2 1 1 2 1 1 1 2 1 1 0 2 1 3 0
6 14 -13 -18 3 3 4 1 1 3 3 0 0 2 3 0 0 0 4 1 1 3 0 2 0
6 17 -9 -14 3 3 4 1 1 3 3 0 1 1 2 1 0 1 3 1 1 3 0 2 0
6 15 -10 -12 3 3 4 1 1 4 0 2 0 3 2 0 0 2 1 2 1 3 0 2 0
6 15 -6 -6 4 2 1 4 1 1 3 2 0 2 3 0 2 0 1 2 4 0 2 0 0
6 15 -9 -12 4 2 1 5 0 2 1 3 0 2 3 0 1 1 3 0 4 1 1 0 0
6 15 12 -8 4 2 2 0 4 0 5 1 2 1 1 1 0 2 0 3 2 2 0 2 0
6 15 11 12 4 2 2 1 3 0 5 1 1 2 2 0 2 0 0 3 1 2 0 3 0
6 14 14 -12 4 2 2 1 3 0 6 0 3 0 1 1 0 2 0 3 3 0 2 1 0
6 16 11 0 4 2 2 1 3 1 3 2 1 4 0 0 1 2 0 2 3 0 2 1 0
6 15 8 0 4 2 2 2 2 0 6 0 1 2 2 0 1 0 2 2 2 0 2 2 0
6 15 8 10 4 2 2 2 2 0 6 0 1 2 2 0 2 0 1 2 2 0 2 2 0
6 15 8 12 4 2 2 2 2 0 6 0 1 2 2 0 2 0 2 1 2 0 2 2 0
6 18 -6 -8 4 2 2 2 2 1 4 1 0 2 3 0 1 1 1 2 3 1 1 1 0
6 18 9 -6 4 2 2 3 1 1 4 1 2 1 1 1 0 1 4 0 2 1 1 2 0
6 15 -6 22 4 2 2 4 0 1 4 1 0 0 5 0 2 1 2 0 1 1 1 3 0
6 17 8 6 4 2 3 0 3 1 4 1 1 2 2 0 1 1 0 3 1 1 1 3 0
6 17 8 12 4 2 3 0 3 1 4 1 1 2 2 0 1 2 0 2 1 1 1 3 0
6 14 3 -6 4 2 3 0 3 1 5 0 2 0 2 1 0 3 0 2 2 2 0 2 0
6 15 6 -6 4 2 3 0 3 1 5 0 2 1 1 1 0 2 3 0 2 2 0 2 0
6 16 3 10 4 2 3 1 2 1 4 1 0 2 3 0 0 2 1 2 0 1 1 4 0
6 18 15 24 4 2 3 1 2 1 4 1 2 1 1 1 1 2 2 0 0 1 1 4 0
6 16 -7 22 4 2 3 1 2 1 5 0 0 1 3 1 3 0 1 1 1 2 0 3 0
6 15 0 -6 4 2 3 1 2 1 5 0 1 1 1 2 0 0 5 0 1 2 0 3 0
6 15 9 -6 4 2 3 1 2 1 5 0 2 1 1 1 0 0 5 0 1 2 0 3 0
6 16 -3 10 4 2 3 1 2 2 2 2 0 2 3 0 2 0 1 2 1 2 0 3 0
6 14 2 16 4 2 3 2 1 1 5 0 1 0 4 0 1 1 3 0 0 2 0 4 0
6 15 -6 -8 4 2 3 2 1 2 3 1 0 2 3 0 0 2 0 3 2 0 2 2 0
6 16 -6 -6 4 2 3 2 1 2 3 1 0 2 3 0 1 0 1 3 2 0 2 2 0
6 16 2 -2 4 2 3 2 1 2 3 1 1 2 2 0 0 2 3 0 2 0 2 2 0
6 15 -12 -18 4 2 3 2 1 2 4 0 0 2 3 0 0 1 4 0 3 1 1 1 0
6 16 -9 -12 4 2 3 3 0 3 1 2 0 2 3 0 0 1 3 1 2 1 1 2 0
6 15 8 4 4 2 4 0 2 2 3 1 1 2 2 0 0 1 1 3 0 0 2 4 0
6 15 12 22 4 2 4 0 2 2 3 1 2 1 1 1 0 4 1 0 0 0 2 4 0
6 16 -1 4 4 2 4 0 2 2 4 0 0 4 0 1 1 1 1 2 1 1 1 3 0
6 15 -3 18 4 2 4 1 1 3 1 2 0 2 3 0 0 4 1 0 0 1 1 4 0
6 16 5 10 4 2 4 1 1 3 1 2 1 2 2 0 0 2 3 0 0 1 1 4 0
6 15 -9 -12 4 2 4 1 1 3 2 1 0 2 3 0 0 0 4 1 1 2 0 3 0
6 15 -7 -12 5 1 2 1 3 0 6 0 0 2 1 2 1 0 3 1 4 0 1 1 0
6 15 -4 -8 5 1 2 1 3 0 6 0 0 3 0 2 1 1 2 1 4 0 1 1 0
6 16 2 -6 5 1 2 2 2 0 6 0 1 1 2 1 0 2 2 1 3 0 1 2 0
6 14 6 -2 5 1 2 2 2 0 6 0 1 2 2 0 1 0 4 0 3 0 1 2 0
6 15 11 -8 5 1 2 2 2 0 6 0 2 1 2 0 0 2 1 2 3 0 1 2 0
6 17 6 -2 5 1 2 2 2 1 3 2 1 2 2 0 0 3 1 1 3 0 1 2 0
6 15 3 6 5 1 3 0 3 1 4 1 0 4 0 1 1 1 3 0 2 1 0 3 0
6 15 3 10 5 1 3 0 3 1 4 1 0 4 0 1 1 2 2 0 2 1 0 3 0
6 16 6 -2 5 1 3 0 3 1 4 1 1 2 2 0 0 2 2 1 2 1 0 3 0
6 16 11 4 5 1 3 1 2 1 4 1 1 3 0 1 1 0 1 3 0 1 5 0 0
6 17 12 18 5 1 3 1 2 1 4 1 1 3 1 0 1 2 2 0 1 1 0 4 0
6 15 15 16 5 1 3 1 2 1 4 1 1 4 0 0 2 0 1 2 0 1 5 0 0
6 18 -1 0 5 1 3 1 2 2 2 2 1 1 2 1 1 1 2 1 0 5 1 0 0
6 16 2 -2 5 1 3 2 1 1 5 0 1 1 2 1 0 1 3 1 0 2 4 0 0
6 15 -6 22 5 1 3 2 1 2 2 2 0 1 3 1 1 4 0 0 0 2 4 0 0
6 16 -1 16 5 1 3 2 1 2 2 2 1 0 3 1 1 3 0 1 0 2 4 0 0
6 15 3 4 5 1 3 2 1 2 2 2 1 1 3 0 0 3 0 2 0 2 4 0 0
6 16 6 6 5 1 3 2 1 2 2 2 1 2 2 0 0 3 1 1 0 2 4 0 0
6 15 11 -2 5 1 3 2 1 2 2 2 2 1 2 0 0 2 0 3 0 2 4 0 0
6 14 -6 -8 5 1 3 2 1 2 3 1 1 0 4 0 1 0 3 1 0 6 0 0 0
6 16 -1 0 5 1 3 3 0 2 3 1 1 1 2 1 1 0 3 1 0 3 3 0 0
6 14 -3 -6 5 1 4 0 2 2 4 0 1 1 3 0 0 2 2 1 0 4 2 0 0
6 14 -3 -2 5 1 4 1 1 2 4 0 0 3 1 1 0 2 0 3 0 1 5 0 0
6 15 3 4 6 0 2 1 3 0 5 1 1 1 2 1 2 0 2 1 1 5 0 0 0
6 16 6 4 6 0 2 1 3 1 2 3 1 2 1 1 1 2 2 0 1 5 0 0 0
6 14 18 -12 6 0 2 1 3 1 2 3 2 3 0 0 0 1 3 1 1 5 0 0 0
6 15 24 34 6 0 2 2 2 0 4 2 2 2 1 0 2 2 1 0 0 1 4 1 0
6 14 18 -12 6 0 2 3 1 1 3 2 2 3 0 0 0 0 4 1 1 3 2 0 0
6 14 6 16 6 0 3 0 3 0 6 0 1 1 2 1 1 2 2 0 0 3 2 1 0
6 14 15 22 6 0 3 1 2 0 6 0 1 3 0 1 1 2 1 1 0 0 5 1 0
6 16 -1 4 6 0 3 1 2 1 4 1 0 2 3 0 1 1 1 2 0 4 1 1 0
6 16 3 -2 6 0 3 1 2 1 4 1 1 1 2 1 0 1 4 0 0 4 1 1 0
6 16 6 4 6 0 3 1 2 1 4 1 1 2 1 1 1 0 4 0 0 4 1 1 0
6 18 6 6 6 0 3 1 2 1 4 1 1 2 1 1 1 1 2 1 0 4 1 1 0
6 15 11 -6 6 0 3 1 2 1 4 1 2 1 1 1 0 0 5 0 0 4 1 1 0
6 15 14 -8 6 0 3 1 2 1 4 1 2 2 0 1 0 0 4 1 0 4 1 1 0
6 16 15 -8 6 0 3 1 2 1 4 1 2 2 1 0 0 1 1 3 0 4 1 1 0
6 14 -1 18 6 0 3 2 1 1 4 1 0 1 4 0 0 4 1 0 0 1 4 1 0
6 15 2 6 6 0 3 2 1 1 4 1 0 2 3 0 0 2 1 2 0 1 4 1 0
6 15 2 12 6 0 3 2 1 1 4 1 0 2 3 0 0 3 1 1 0 1 4 1 0
6 15 3 18 6 0 3 2 1 1 4 1 1 0 3 1 0 4 1 0 0 1 4 1 0
6 14 11 22 6 0 3 2 1 1 4 1 2 0 2 1 0 5 0 0 0 1 4 1 0
6 15 -3 -8 6 0 3 2 1 1 5 0 1 0 3 1 0 1 3 1 1 2 3 0 0
