816111 23 5 5 3 5 3 5
816111 18 4 4 3 3 3 3
816111 19 5 4 3 3 3 3
816111 16 4 4 2 3 2 3
816111 17 4 4 3 3 2 3
816111 18 5 4 3 3 2 3
816111 19 5 5 3 3 2 3
816111 20 5 5 3 4 3 2
816111 22 5 5 3 5 3 4
816111 23 6 5 3 5 3 4
816111 14 3 3 2 3 2 3
816111 15 4 3 2 3 2 3
816111 16 4 3 3 3 2 3
816111 17 5 4 2 3 2 3
816111 18 4 4 3 4 3 2
816111 19 5 4 3 4 3 2
816111 20 6 5 3 3 2 3
816111 21 6 5 3 4 3 2
816111 22 6 5 4 4 3 2
816111 15 3 3 3 3 2 3
832495 23 5 5 3 5 3 5
832495 18 4 4 3 3 3 3
832495 19 5 4 3 3 3 3
832495 16 4 4 2 3 2 3
832495 17 4 4 3 3 2 3
832495 18 5 4 3 3 2 3
832495 19 5 5 3 3 2 3
832495 20 5 5 3 4 3 2
832495 22 5 5 3 5 3 4
832495 23 6 5 3 5 3 4
832495 14 3 3 2 3 2 3
832495 15 4 3 2 3 2 3
832495 16 4 3 3 3 2 3
832495 17 5 4 2 3 2 3
832495 18 4 4 3 4 3 2
832495 19 5 4 3 4 3 2
832495 20 6 5 3 3 2 3
832495 21 6 5 3 4 3 2
832495 22 6 5 4 4 3 2
832495 15 3 3 3 3 2 3
447471 23 5 5 3 5 3 5
447471 18 4 4 3 3 3 3
447471 19 5 4 3 3 3 3
447471 16 4 4 2 3 2 3
447471 17 4 4 3 3 2 3
447471 18 5 4 3 3 2 3
447471 19 5 5 3 3 2 3
447471 20 5 5 3 4 3 2
447471 22 5 5 3 5 3 4
447471 23 6 5 3 5 3 4
447471 14 3 3 2 3 2 3
447471 15 4 3 2 3 2 3
447471 16 4 3 3 3 2 3
447471 17 5 4 2 3 2 3
447471 18 4 4 3 4 3 2
447471 19 5 4 3 4 3 2
447471 20 6 5 3 3 2 3
447471 21 6 5 3 4 3 2
447471 22 6 5 4 4 3 2
447471 15 3 3 3 3 2 3
709615 23 5 5 3 5 3 5
709615 18 4 4 3 3 3 3
709615 19 5 4 3 3 3 3
709615 16 4 4 2 3 2 3
709615 17 4 4 3 3 2 3
709615 18 5 4 3 3 2 3
709615 19 5 5 3 3 2 3
709615 20 5 5 3 4 3 2
709615 22 5 5 3 5 3 4
709615 23 6 5 3 5 3 4
709615 14 3 3 2 3 2 3
709615 15 4 3 2 3 2 3
709615 16 4 3 3 3 2 3
709615 17 5 4 2 3 2 3
709615 18 4 4 3 4 3 2
709615 19 5 4 3 4 3 2
709615 20 6 5 3 3 2 3
709615 21 6 5 3 4 3 2
709615 22 6 5 4 4 3 2
709615 15 3 3 3 3 2 3
840687 23 5 5 3 5 3 5
840687 18 4 4 3 3 3 3
840687 19 5 4 3 3 3 3
840687 16 4 4 2 3 2 3
840687 17 4 4 3 3 2 3
840687 18 5 4 3 3 2 3
840687 19 5 5 3 3 2 3
840687 20 5 5 3 4 3 2
840687 22 5 5 3 5 3 4
840687 23 6 5 3 5 3 4
840687 14 3 3 2 3 2 3
840687 15 4 3 2 3 2 3
840687 16 4 3 3 3 2 3
840687 17 5 4 2 3 2 3
840687 18 4 4 3 4 3 2
840687 19 5 4 3 4 3 2
840687 20 6 5 3 3 2 3
840687 21 6 5 3 4 3 2
840687 22 6 5 4 4 3 2
840687 15 3 3 3 3 2 3
386031 23 5 5 3 5 3 5
386031 18 4 4 3 3 3 3
386031 19 5 4 3 3 3 3
386031 16 4 4 2 3 2 3
386031 17 4 4 3 3 2 3
386031 18 5 4 3 3 2 3
386031 19 5 5 3 3 2 3
386031 20 5 5 3 4 3 2
386031 22 5 5 3 5 3 4
386031 23 6 5 3 5 3 4
386031 14 3 3 2 3 2 3
386031 15 4 3 2 3 2 3
386031 16 4 3 3 3 2 3
386031 17 5 4 2 3 2 3
386031 18 4 4 3 4 3 2
386031 19 5 4 3 4 3 2
386031 20 6 5 3 3 2 3
386031 21 6 5 3 4 3 2
386031 22 6 5 4 4 3 2
386031 15 3 3 3 3 2 3
648175 23 5 5 3 5 3 5
648175 18 4 4 3 3 3 3
648175 19 5 4 3 3 3 3
648175 16 4 4 2 3 2 3
648175 17 4 4 3 3 2 3
648175 18 5 4 3 3 2 3
648175 19 5 5 3 3 2 3
648175 20 5 5 3 4 3 2
648175 22 5 5 3 5 3 4
648175 23 6 5 3 5 3 4
648175 14 3 3 2 3 2 3
648175 15 4 3 2 3 2 3
648175 16 4 3 3 3 2 3
648175 17 5 4 2 3 2 3
648175 18 4 4 3 4 3 2
648175 19 5 4 3 4 3 2
648175 20 6 5 3 3 2 3
648175 21 6 5 3 4 3 2
648175 22 6 5 4 4 3 2
648175 15 3 3 3 3 2 3
844783 23 5 5 3 5 3 5
844783 18 4 4 3 3 3 3
844783 19 5 4 3 3 3 3
844783 16 4 4 2 3 2 3
844783 17 4 4 3 3 2 3
844783 18 5 4 3 3 2 3
844783 19 5 5 3 3 2 3
844783 20 5 5 3 4 3 2
844783 22 5 5 3 5 3 4
844783 23 6 5 3 5 3 4
844783 14 3 3 2 3 2 3
844783 15 4 3 2 3 2 3
844783 16 4 3 3 3 2 3
844783 17 5 4 2 3 2 3
844783 18 4 4 3 4 3 2
844783 19 5 4 3 4 3 2
844783 20 6 5 3 3 2 3
844783 21 6 5 3 4 3 2
844783 22 6 5 4 4 3 2
844783 15 3 3 3 3 2 3
423407 23 5 5 3 5 3 5
423407 18 4 4 3 3 3 3
423407 19 5 4 3 3 3 3
423407 16 4 4 2 3 2 3
423407 17 4 4 3 3 2 3
423407 18 5 4 3 3 2 3
423407 19 5 5 3 3 2 3
423407 20 5 5 3 4 3 2
423407 22 5 5 3 5 3 4
423407 23 6 5 3 5 3 4
423407 14 3 3 2 3 2 3
423407 15 4 3 2 3 2 3
423407 16 4 3 3 3 2 3
423407 17 5 4 2 3 2 3
423407 18 4 4 3 4 3 2
423407 19 5 4 3 4 3 2
423407 20 6 5 3 3 2 3
423407 21 6 5 3 4 3 2
423407 22 6 5 4 4 3 2
423407 15 3 3 3 3 2 3
685551 23 5 5 3 5 3 5
685551 18 4 4 3 3 3 3
685551 19 5 4 3 3 3 3
685551 16 4 4 2 3 2 3
685551 17 4 4 3 3 2 3
685551 18 5 4 3 3 2 3
685551 19 5 5 3 3 2 3
685551 20 5 5 3 4 3 2
685551 22 5 5 3 5 3 4
685551 23 6 5 3 5 3 4
685551 14 3 3 2 3 2 3
685551 15 4 3 2 3 2 3
685551 16 4 3 3 3 2 3
685551 17 5 4 2 3 2 3
685551 18 4 4 3 4 3 2
685551 19 5 4 3 4 3 2
685551 20 6 5 3 3 2 3
685551 21 6 5 3 4 3 2
685551 22 6 5 4 4 3 2
685551 15 3 3 3 3 2 3
816623 23 5 5 3 5 3 5
816623 18 4 4 3 3 3 3
816623 19 5 4 3 3 3 3
816623 16 4 4 2 3 2 3
816623 17 4 4 3 3 2 3
816623 18 5 4 3 3 2 3
816623 19 5 5 3 3 2 3
816623 20 5 5 3 4 3 2
816623 22 5 5 3 5 3 4
816623 23 6 5 3 5 3 4
816623 14 3 3 2 3 2 3
816623 15 4 3 2 3 2 3
816623 16 4 3 3 3 2 3
816623 17 5 4 2 3 2 3
816623 18 4 4 3 4 3 2
816623 19 5 4 3 4 3 2
816623 20 6 5 3 3 2 3
816623 21 6 5 3 4 3 2
816623 22 6 5 4 4 3 2
816623 15 3 3 3 3 2 3
439791 23 5 5 3 5 3 5
439791 18 4 4 3 3 3 3
439791 19 5 4 3 3 3 3
439791 16 4 4 2 3 2 3
439791 17 4 4 3 3 2 3
439791 18 5 4 3 3 2 3
439791 19 5 5 3 3 2 3
439791 20 5 5 3 4 3 2
439791 22 5 5 3 5 3 4
439791 23 6 5 3 5 3 4
439791 14 3 3 2 3 2 3
439791 15 4 3 2 3 2 3
439791 16 4 3 3 3 2 3
439791 17 5 4 2 3 2 3
439791 18 4 4 3 4 3 2
439791 19 5 4 3 4 3 2
439791 20 6 5 3 3 2 3
439791 21 6 5 3 4 3 2
439791 22 6 5 4 4 3 2
439791 15 3 3 3 3 2 3
701935 23 5 5 3 5 3 5
701935 18 4 4 3 3 3 3
701935 19 5 4 3 3 3 3
701935 16 4 4 2 3 2 3
701935 17 4 4 3 3 2 3
701935 18 5 4 3 3 2 3
701935 19 5 5 3 3 2 3
701935 20 5 5 3 4 3 2
701935 22 5 5 3 5 3 4
701935 23 6 5 3 5 3 4
701935 14 3 3 2 3 2 3
701935 15 4 3 2 3 2 3
701935 16 4 3 3 3 2 3
701935 17 5 4 2 3 2 3
701935 18 4 4 3 4 3 2
701935 19 5 4 3 4 3 2
701935 20 6 5 3 3 2 3
701935 21 6 5 3 4 3 2
701935 22 6 5 4 4 3 2
701935 15 3 3 3 3 2 3
833007 23 5 5 3 5 3 5
833007 18 4 4 3 3 3 3
833007 19 5 4 3 3 3 3
833007 16 4 4 2 3 2 3
833007 17 4 4 3 3 2 3
833007 18 5 4 3 3 2 3
833007 19 5 5 3 3 2 3
833007 20 5 5 3 4 3 2
833007 22 5 5 3 5 3 4
833007 23 6 5 3 5 3 4
833007 14 3 3 2 3 2 3
833007 15 4 3 2 3 2 3
833007 16 4 3 3 3 2 3
833007 17 5 4 2 3 2 3
833007 18 4 4 3 4 3 2
833007 19 5 4 3 4 3 2
833007 20 6 5 3 3 2 3
833007 21 6 5 3 4 3 2
833007 22 6 5 4 4 3 2
833007 15 3 3 3 3 2 3
447983 23 5 5 3 5 3 5
447983 18 4 4 3 3 3 3
447983 19 5 4 3 3 3 3
447983 16 4 4 2 3 2 3
447983 17 4 4 3 3 2 3
447983 18 5 4 3 3 2 3
447983 19 5 5 3 3 2 3
447983 20 5 5 3 4 3 2
447983 22 5 5 3 5 3 4
447983 23 6 5 3 5 3 4
447983 14 3 3 2 3 2 3
447983 15 4 3 2 3 2 3
447983 16 4 3 3 3 2 3
447983 17 5 4 2 3 2 3
447983 18 4 4 3 4 3 2
447983 19 5 4 3 4 3 2
447983 20 6 5 3 3 2 3
447983 21 6 5 3 4 3 2
447983 22 6 5 4 4 3 2
447983 15 3 3 3 3 2 3
710127 23 5 5 3 5 3 5
710127 18 4 4 3 3 3 3
710127 19 5 4 3 3 3 3
710127 16 4 4 2 3 2 3
710127 17 4 4 3 3 2 3
710127 18 5 4 3 3 2 3
710127 19 5 5 3 3 2 3
710127 20 5 5 3 4 3 2
710127 22 5 5 3 5 3 4
710127 23 6 5 3 5 3 4
710127 14 3 3 2 3 2 3
710127 15 4 3 2 3 2 3
710127 16 4 3 3 3 2 3
710127 17 5 4 2 3 2 3
710127 18 4 4 3 4 3 2
710127 19 5 4 3 4 3 2
710127 20 6 5 3 3 2 3
710127 21 6 5 3 4 3 2
710127 22 6 5 4 4 3 2
710127 15 3 3 3 3 2 3
841199 23 5 5 3 5 3 5
841199 18 4 4 3 3 3 3
841199 19 5 4 3 3 3 3
841199 16 4 4 2 3 2 3
841199 17 4 4 3 3 2 3
841199 18 5 4 3 3 2 3
841199 19 5 5 3 3 2 3
841199 20 5 5 3 4 3 2
841199 22 5 5 3 5 3 4
841199 23 6 5 3 5 3 4
841199 14 3 3 2 3 2 3
841199 15 4 3 2 3 2 3
841199 16 4 3 3 3 2 3
841199 17 5 4 2 3 2 3
841199 18 4 4 3 4 3 2
841199 19 5 4 3 4 3 2
841199 20 6 5 3 3 2 3
841199 21 6 5 3 4 3 2
841199 22 6 5 4 4 3 2
841199 15 3 3 3 3 2 3
255471 23 5 5 3 5 3 5
255471 18 4 4 3 3 3 3
255471 19 5 4 3 3 3 3
255471 16 4 4 2 3 2 3
255471 17 4 4 3 3 2 3
255471 18 5 4 3 3 2 3
255471 19 5 5 3 3 2 3
255471 20 5 5 3 4 3 2
255471 22 5 5 3 5 3 4
255471 23 6 5 3 5 3 4
255471 14 3 3 2 3 2 3
255471 15 4 3 2 3 2 3
255471 16 4 3 3 3 2 3
255471 17 5 4 2 3 2 3
255471 18 4 4 3 4 3 2
255471 19 5 4 3 4 3 2
255471 20 6 5 3 3 2 3
255471 21 6 5 3 4 3 2
255471 22 6 5 4 4 3 2
255471 15 3 3 3 3 2 3
386543 23 5 5 3 5 3 5
386543 18 4 4 3 3 3 3
386543 19 5 4 3 3 3 3
386543 16 4 4 2 3 2 3
386543 17 4 4 3 3 2 3
386543 18 5 4 3 3 2 3
386543 19 5 5 3 3 2 3
386543 20 5 5 3 4 3 2
386543 22 5 5 3 5 3 4
386543 23 6 5 3 5 3 4
386543 14 3 3 2 3 2 3
386543 15 4 3 2 3 2 3
386543 16 4 3 3 3 2 3
386543 17 5 4 2 3 2 3
386543 18 4 4 3 4 3 2
386543 19 5 4 3 4 3 2
386543 20 6 5 3 3 2 3
386543 21 6 5 3 4 3 2
386543 22 6 5 4 4 3 2
386543 15 3 3 3 3 2 3
452079 23 5 5 3 5 3 5
452079 18 4 4 3 3 3 3
452079 19 5 4 3 3 3 3
452079 16 4 4 2 3 2 3
452079 17 4 4 3 3 2 3
452079 18 5 4 3 3 2 3
452079 19 5 5 3 3 2 3
452079 20 5 5 3 4 3 2
452079 22 5 5 3 5 3 4
452079 23 6 5 3 5 3 4
452079 14 3 3 2 3 2 3
452079 15 4 3 2 3 2 3
452079 16 4 3 3 3 2 3
452079 17 5 4 2 3 2 3
452079 18 4 4 3 4 3 2
452079 19 5 4 3 4 3 2
452079 20 6 5 3 3 2 3
452079 21 6 5 3 4 3 2
452079 22 6 5 4 4 3 2
452079 15 3 3 3 3 2 3
648687 23 5 5 3 5 3 5
648687 18 4 4 3 3 3 3
648687 19 5 4 3 3 3 3
648687 16 4 4 2 3 2 3
648687 17 4 4 3 3 2 3
648687 18 5 4 3 3 2 3
648687 19 5 5 3 3 2 3
648687 20 5 5 3 4 3 2
648687 22 5 5 3 5 3 4
648687 23 6 5 3 5 3 4
648687 14 3 3 2 3 2 3
648687 15 4 3 2 3 2 3
648687 16 4 3 3 3 2 3
648687 17 5 4 2 3 2 3
648687 18 4 4 3 4 3 2
648687 19 5 4 3 4 3 2
648687 20 6 5 3 3 2 3
648687 21 6 5 3 4 3 2
648687 22 6 5 4 4 3 2
648687 15 3 3 3 3 2 3
714223 23 5 5 3 5 3 5
714223 18 4 4 3 3 3 3
714223 19 5 4 3 3 3 3
714223 16 4 4 2 3 2 3
714223 17 4 4 3 3 2 3
714223 18 5 4 3 3 2 3
714223 19 5 5 3 3 2 3
714223 20 5 5 3 4 3 2
714223 22 5 5 3 5 3 4
714223 23 6 5 3 5 3 4
714223 14 3 3 2 3 2 3
714223 15 4 3 2 3 2 3
714223 16 4 3 3 3 2 3
714223 17 5 4 2 3 2 3
714223 18 4 4 3 4 3 2
714223 19 5 4 3 4 3 2
714223 20 6 5 3 3 2 3
714223 21 6 5 3 4 3 2
714223 22 6 5 4 4 3 2
714223 15 3 3 3 3 2 3
845295 23 5 5 3 5 3 5
845295 18 4 4 3 3 3 3
845295 19 5 4 3 3 3 3
845295 16 4 4 2 3 2 3
845295 17 4 4 3 3 2 3
845295 18 5 4 3 3 2 3
845295 19 5 5 3 3 2 3
845295 20 5 5 3 4 3 2
845295 22 5 5 3 5 3 4
845295 23 6 5 3 5 3 4
845295 14 3 3 2 3 2 3
845295 15 4 3 2 3 2 3
845295 16 4 3 3 3 2 3
845295 17 5 4 2 3 2 3
845295 18 4 4 3 4 3 2
845295 19 5 4 3 4 3 2
845295 20 6 5 3 3 2 3
845295 21 6 5 3 4 3 2
845295 22 6 5 4 4 3 2
845295 15 3 3 3 3 2 3
358127 23 5 5 3 5 3 5
358127 18 4 4 3 3 3 3
358127 19 5 4 3 3 3 3
358127 16 4 4 2 3 2 3
358127 17 4 4 3 3 2 3
358127 18 5 4 3 3 2 3
358127 19 5 5 3 3 2 3
358127 20 5 5 3 4 3 2
358127 22 5 5 3 5 3 4
358127 23 6 5 3 5 3 4
358127 14 3 3 2 3 2 3
358127 15 4 3 2 3 2 3
358127 16 4 3 3 3 2 3
358127 17 5 4 2 3 2 3
358127 18 4 4 3 4 3 2
358127 19 5 4 3 4 3 2
358127 20 6 5 3 3 2 3
358127 21 6 5 3 4 3 2
358127 22 6 5 4 4 3 2
358127 15 3 3 3 3 2 3
620271 23 5 5 3 5 3 5
620271 18 4 4 3 3 3 3
620271 19 5 4 3 3 3 3
620271 16 4 4 2 3 2 3
620271 17 4 4 3 3 2 3
620271 18 5 4 3 3 2 3
620271 19 5 5 3 3 2 3
620271 20 5 5 3 4 3 2
620271 22 5 5 3 5 3 4
620271 23 6 5 3 5 3 4
620271 14 3 3 2 3 2 3
620271 15 4 3 2 3 2 3
620271 16 4 3 3 3 2 3
620271 17 5 4 2 3 2 3
620271 18 4 4 3 4 3 2
620271 19 5 4 3 4 3 2
620271 20 6 5 3 3 2 3
620271 21 6 5 3 4 3 2
620271 22 6 5 4 4 3 2
620271 15 3 3 3 3 2 3
816879 23 5 5 3 5 3 5
816879 18 4 4 3 3 3 3
816879 19 5 4 3 3 3 3
816879 16 4 4 2 3 2 3
816879 17 4 4 3 3 2 3
816879 18 5 4 3 3 2 3
816879 19 5 5 3 3 2 3
816879 20 5 5 3 4 3 2
816879 22 5 5 3 5 3 4
816879 23 6 5 3 5 3 4
816879 14 3 3 2 3 2 3
816879 15 4 3 2 3 2 3
816879 16 4 3 3 3 2 3
816879 17 5 4 2 3 2 3
816879 18 4 4 3 4 3 2
816879 19 5 4 3 4 3 2
816879 20 6 5 3 3 2 3
816879 21 6 5 3 4 3 2
816879 22 6 5 4 4 3 2
816879 15 3 3 3 3 2 3
374511 23 5 5 3 5 3 5
374511 18 4 4 3 3 3 3
374511 19 5 4 3 3 3 3
374511 16 4 4 2 3 2 3
374511 17 4 4 3 3 2 3
374511 18 5 4 3 3 2 3
374511 19 5 5 3 3 2 3
374511 20 5 5 3 4 3 2
374511 22 5 5 3 5 3 4
374511 23 6 5 3 5 3 4
374511 14 3 3 2 3 2 3
374511 15 4 3 2 3 2 3
374511 16 4 3 3 3 2 3
374511 17 5 4 2 3 2 3
374511 18 4 4 3 4 3 2
374511 19 5 4 3 4 3 2
374511 20 6 5 3 3 2 3
374511 21 6 5 3 4 3 2
374511 22 6 5 4 4 3 2
374511 15 3 3 3 3 2 3
636655 23 5 5 3 5 3 5
636655 18 4 4 3 3 3 3
636655 19 5 4 3 3 3 3
636655 16 4 4 2 3 2 3
636655 17 4 4 3 3 2 3
636655 18 5 4 3 3 2 3
636655 19 5 5 3 3 2 3
636655 20 5 5 3 4 3 2
636655 22 5 5 3 5 3 4
636655 23 6 5 3 5 3 4
636655 14 3 3 2 3 2 3
636655 15 4 3 2 3 2 3
636655 16 4 3 3 3 2 3
636655 17 5 4 2 3 2 3
636655 18 4 4 3 4 3 2
636655 19 5 4 3 4 3 2
636655 20 6 5 3 3 2 3
636655 21 6 5 3 4 3 2
636655 22 6 5 4 4 3 2
636655 15 3 3 3 3 2 3
833263 23 5 5 3 5 3 5
833263 18 4 4 3 3 3 3
833263 19 5 4 3 3 3 3
833263 16 4 4 2 3 2 3
833263 17 4 4 3 3 2 3
833263 18 5 4 3 3 2 3
833263 19 5 5 3 3 2 3
833263 20 5 5 3 4 3 2
833263 22 5 5 3 5 3 4
833263 23 6 5 3 5 3 4
833263 14 3 3 2 3 2 3
833263 15 4 3 2 3 2 3
833263 16 4 3 3 3 2 3
833263 17 5 4 2 3 2 3
833263 18 4 4 3 4 3 2
833263 19 5 4 3 4 3 2
833263 20 6 5 3 3 2 3
833263 21 6 5 3 4 3 2
833263 22 6 5 4 4 3 2
833263 15 3 3 3 3 2 3
251631 23 5 5 3 5 3 5
251631 18 4 4 3 3 3 3
251631 19 5 4 3 3 3 3
251631 16 4 4 2 3 2 3
251631 17 4 4 3 3 2 3
251631 18 5 4 3 3 2 3
251631 19 5 5 3 3 2 3
251631 20 5 5 3 4 3 2
251631 22 5 5 3 5 3 4
251631 23 6 5 3 5 3 4
251631 14 3 3 2 3 2 3
251631 15 4 3 2 3 2 3
251631 16 4 3 3 3 2 3
251631 17 5 4 2 3 2 3
251631 18 4 4 3 4 3 2
251631 19 5 4 3 4 3 2
251631 20 6 5 3 3 2 3
251631 21 6 5 3 4 3 2
251631 22 6 5 4 4 3 2
251631 15 3 3 3 3 2 3
382703 23 5 5 3 5 3 5
382703 18 4 4 3 3 3 3
382703 19 5 4 3 3 3 3
382703 16 4 4 2 3 2 3
382703 17 4 4 3 3 2 3
382703 18 5 4 3 3 2 3
382703 19 5 5 3 3 2 3
382703 20 5 5 3 4 3 2
382703 22 5 5 3 5 3 4
382703 23 6 5 3 5 3 4
382703 14 3 3 2 3 2 3
382703 15 4 3 2 3 2 3
382703 16 4 3 3 3 2 3
382703 17 5 4 2 3 2 3
382703 18 4 4 3 4 3 2
382703 19 5 4 3 4 3 2
382703 20 6 5 3 3 2 3
382703 21 6 5 3 4 3 2
382703 22 6 5 4 4 3 2
382703 15 3 3 3 3 2 3
448239 23 5 5 3 5 3 5
448239 18 4 4 3 3 3 3
448239 19 5 4 3 3 3 3
448239 16 4 4 2 3 2 3
448239 17 4 4 3 3 2 3
448239 18 5 4 3 3 2 3
448239 19 5 5 3 3 2 3
448239 20 5 5 3 4 3 2
448239 22 5 5 3 5 3 4
448239 23 6 5 3 5 3 4
448239 14 3 3 2 3 2 3
448239 15 4 3 2 3 2 3
448239 16 4 3 3 3 2 3
448239 17 5 4 2 3 2 3
448239 18 4 4 3 4 3 2
448239 19 5 4 3 4 3 2
448239 20 6 5 3 3 2 3
448239 21 6 5 3 4 3 2
448239 22 6 5 4 4 3 2
448239 15 3 3 3 3 2 3
644847 23 5 5 3 5 3 5
644847 18 4 4 3 3 3 3
644847 19 5 4 3 3 3 3
644847 16 4 4 2 3 2 3
644847 17 4 4 3 3 2 3
644847 18 5 4 3 3 2 3
644847 19 5 5 3 3 2 3
644847 20 5 5 3 4 3 2
644847 22 5 5 3 5 3 4
644847 23 6 5 3 5 3 4
644847 14 3 3 2 3 2 3
644847 15 4 3 2 3 2 3
644847 16 4 3 3 3 2 3
644847 17 5 4 2 3 2 3
644847 18 4 4 3 4 3 2
644847 19 5 4 3 4 3 2
644847 20 6 5 3 3 2 3
644847 21 6 5 3 4 3 2
644847 22 6 5 4 4 3 2
644847 15 3 3 3 3 2 3
710383 23 5 5 3 5 3 5
710383 18 4 4 3 3 3 3
710383 19 5 4 3 3 3 3
710383 16 4 4 2 3 2 3
710383 17 4 4 3 3 2 3
710383 18 5 4 3 3 2 3
710383 19 5 5 3 3 2 3
710383 20 5 5 3 4 3 2
710383 22 5 5 3 5 3 4
710383 23 6 5 3 5 3 4
710383 14 3 3 2 3 2 3
710383 15 4 3 2 3 2 3
710383 16 4 3 3 3 2 3
710383 17 5 4 2 3 2 3
710383 18 4 4 3 4 3 2
710383 19 5 4 3 4 3 2
710383 20 6 5 3 3 2 3
710383 21 6 5 3 4 3 2
710383 22 6 5 4 4 3 2
710383 15 3 3 3 3 2 3
841455 23 5 5 3 5 3 5
841455 18 4 4 3 3 3 3
841455 19 5 4 3 3 3 3
841455 16 4 4 2 3 2 3
841455 17 4 4 3 3 2 3
841455 18 5 4 3 3 2 3
841455 19 5 5 3 3 2 3
841455 20 5 5 3 4 3 2
841455 22 5 5 3 5 3 4
841455 23 6 5 3 5 3 4
841455 14 3 3 2 3 2 3
841455 15 4 3 2 3 2 3
841455 16 4 3 3 3 2 3
841455 17 5 4 2 3 2 3
841455 18 4 4 3 4 3 2
841455 19 5 4 3 4 3 2
841455 20 6 5 3 3 2 3
841455 21 6 5 3 4 3 2
841455 22 6 5 4 4 3 2
841455 15 3 3 3 3 2 3
386799 23 5 5 3 5 3 5
386799 18 4 4 3 3 3 3
386799 19 5 4 3 3 3 3
386799 16 4 4 2 3 2 3
386799 17 4 4 3 3 2 3
386799 18 5 4 3 3 2 3
386799 19 5 5 3 3 2 3
386799 20 5 5 3 4 3 2
386799 22 5 5 3 5 3 4
386799 23 6 5 3 5 3 4
386799 14 3 3 2 3 2 3
386799 15 4 3 2 3 2 3
386799 16 4 3 3 3 2 3
386799 17 5 4 2 3 2 3
386799 18 4 4 3 4 3 2
386799 19 5 4 3 4 3 2
386799 20 6 5 3 3 2 3
386799 21 6 5 3 4 3 2
386799 22 6 5 4 4 3 2
386799 15 3 3 3 3 2 3
648943 23 5 5 3 5 3 5
648943 18 4 4 3 3 3 3
648943 19 5 4 3 3 3 3
648943 16 4 4 2 3 2 3
648943 17 4 4 3 3 2 3
648943 18 5 4 3 3 2 3
648943 19 5 5 3 3 2 3
648943 20 5 5 3 4 3 2
648943 22 5 5 3 5 3 4
648943 23 6 5 3 5 3 4
648943 14 3 3 2 3 2 3
648943 15 4 3 2 3 2 3
648943 16 4 3 3 3 2 3
648943 17 5 4 2 3 2 3
648943 18 4 4 3 4 3 2
648943 19 5 4 3 4 3 2
648943 20 6 5 3 3 2 3
648943 21 6 5 3 4 3 2
648943 22 6 5 4 4 3 2
648943 15 3 3 3 3 2 3
845551 23 5 5 3 5 3 5
845551 18 4 4 3 3 3 3
845551 19 5 4 3 3 3 3
845551 16 4 4 2 3 2 3
845551 17 4 4 3 3 2 3
845551 18 5 4 3 3 2 3
845551 19 5 5 3 3 2 3
845551 20 5 5 3 4 3 2
845551 22 5 5 3 5 3 4
845551 23 6 5 3 5 3 4
845551 14 3 3 2 3 2 3
845551 15 4 3 2 3 2 3
845551 16 4 3 3 3 2 3
845551 17 5 4 2 3 2 3
845551 18 4 4 3 4 3 2
845551 19 5 4 3 4 3 2
845551 20 6 5 3 3 2 3
845551 21 6 5 3 4 3 2
845551 22 6 5 4 4 3 2
845551 15 3 3 3 3 2 3
800751 23 5 5 3 3 5 5
800751 18 4 4 3 3 3 3
800751 19 5 4 3 3 3 3
800751 16 4 4 2 2 3 3
800751 17 4 4 3 2 3 3
800751 18 5 4 3 2 3 3
800751 19 5 5 3 2 3 3
800751 20 5 5 3 3 4 2
800751 22 5 5 3 3 5 4
800751 23 6 5 3 3 5 4
800751 14 3 3 2 2 3 3
800751 15 4 3 2 2 3 3
800751 16 4 3 3 2 3 3
800751 17 5 4 2 2 3 3
800751 18 4 4 3 3 4 2
800751 19 5 4 3 3 4 2
800751 20 6 5 3 2 3 3
800751 21 6 5 3 3 4 2
800751 22 6 5 4 3 4 2
800751 15 3 3 3 2 3 3
415727 23 5 5 3 3 5 5
415727 18 4 4 3 3 3 3
415727 19 5 4 3 3 3 3
415727 16 4 4 2 2 3 3
415727 17 4 4 3 2 3 3
415727 18 5 4 3 2 3 3
415727 19 5 5 3 2 3 3
415727 20 5 5 3 3 4 2
415727 22 5 5 3 3 5 4
415727 23 6 5 3 3 5 4
415727 14 3 3 2 2 3 3
415727 15 4 3 2 2 3 3
415727 16 4 3 3 2 3 3
415727 17 5 4 2 2 3 3
415727 18 4 4 3 3 4 2
415727 19 5 4 3 3 4 2
415727 20 6 5 3 2 3 3
415727 21 6 5 3 3 4 2
415727 22 6 5 4 3 4 2
415727 15 3 3 3 2 3 3
677871 23 5 5 3 3 5 5
677871 18 4 4 3 3 3 3
677871 19 5 4 3 3 3 3
677871 16 4 4 2 2 3 3
677871 17 4 4 3 2 3 3
677871 18 5 4 3 2 3 3
677871 19 5 5 3 2 3 3
677871 20 5 5 3 3 4 2
677871 22 5 5 3 3 5 4
677871 23 6 5 3 3 5 4
677871 14 3 3 2 2 3 3
677871 15 4 3 2 2 3 3
677871 16 4 3 3 2 3 3
677871 17 5 4 2 2 3 3
677871 18 4 4 3 3 4 2
677871 19 5 4 3 3 4 2
677871 20 6 5 3 2 3 3
677871 21 6 5 3 3 4 2
677871 22 6 5 4 3 4 2
677871 15 3 3 3 2 3 3
808943 23 5 5 3 3 5 5
808943 18 4 4 3 3 3 3
808943 19 5 4 3 3 3 3
808943 16 4 4 2 2 3 3
808943 17 4 4 3 2 3 3
808943 18 5 4 3 2 3 3
808943 19 5 5 3 2 3 3
808943 20 5 5 3 3 4 2
808943 22 5 5 3 3 5 4
808943 23 6 5 3 3 5 4
808943 14 3 3 2 2 3 3
808943 15 4 3 2 2 3 3
808943 16 4 3 3 2 3 3
808943 17 5 4 2 2 3 3
808943 18 4 4 3 3 4 2
808943 19 5 4 3 3 4 2
808943 20 6 5 3 2 3 3
808943 21 6 5 3 3 4 2
808943 22 6 5 4 3 4 2
808943 15 3 3 3 2 3 3
354287 23 5 5 3 3 5 5
354287 18 4 4 3 3 3 3
354287 19 5 4 3 3 3 3
354287 16 4 4 2 2 3 3
354287 17 4 4 3 2 3 3
354287 18 5 4 3 2 3 3
354287 19 5 5 3 2 3 3
354287 20 5 5 3 3 4 2
354287 22 5 5 3 3 5 4
354287 23 6 5 3 3 5 4
354287 14 3 3 2 2 3 3
354287 15 4 3 2 2 3 3
354287 16 4 3 3 2 3 3
354287 17 5 4 2 2 3 3
354287 18 4 4 3 3 4 2
354287 19 5 4 3 3 4 2
354287 20 6 5 3 2 3 3
354287 21 6 5 3 3 4 2
354287 22 6 5 4 3 4 2
354287 15 3 3 3 2 3 3
616431 23 5 5 3 3 5 5
616431 18 4 4 3 3 3 3
616431 19 5 4 3 3 3 3
616431 16 4 4 2 2 3 3
616431 17 4 4 3 2 3 3
616431 18 5 4 3 2 3 3
616431 19 5 5 3 2 3 3
616431 20 5 5 3 3 4 2
616431 22 5 5 3 3 5 4
616431 23 6 5 3 3 5 4
616431 14 3 3 2 2 3 3
616431 15 4 3 2 2 3 3
616431 16 4 3 3 2 3 3
616431 17 5 4 2 2 3 3
616431 18 4 4 3 3 4 2
616431 19 5 4 3 3 4 2
616431 20 6 5 3 2 3 3
616431 21 6 5 3 3 4 2
616431 22 6 5 4 3 4 2
616431 15 3 3 3 2 3 3
813039 23 5 5 3 3 5 5
813039 18 4 4 3 3 3 3
813039 19 5 4 3 3 3 3
813039 16 4 4 2 2 3 3
813039 17 4 4 3 2 3 3
813039 18 5 4 3 2 3 3
813039 19 5 5 3 2 3 3
813039 20 5 5 3 3 4 2
813039 22 5 5 3 3 5 4
813039 23 6 5 3 3 5 4
813039 14 3 3 2 2 3 3
813039 15 4 3 2 2 3 3
813039 16 4 3 3 2 3 3
813039 17 5 4 2 2 3 3
813039 18 4 4 3 3 4 2
813039 19 5 4 3 3 4 2
813039 20 6 5 3 2 3 3
813039 21 6 5 3 3 4 2
813039 22 6 5 4 3 4 2
813039 15 3 3 3 2 3 3
432111 23 5 5 3 3 5 5
432111 18 4 4 3 3 3 3
432111 19 5 4 3 3 3 3
432111 16 4 4 2 2 3 3
432111 17 4 4 3 2 3 3
432111 18 5 4 3 2 3 3
432111 19 5 5 3 2 3 3
432111 20 5 5 3 3 4 2
432111 22 5 5 3 3 5 4
432111 23 6 5 3 3 5 4
432111 14 3 3 2 2 3 3
432111 15 4 3 2 2 3 3
432111 16 4 3 3 2 3 3
432111 17 5 4 2 2 3 3
432111 18 4 4 3 3 4 2
432111 19 5 4 3 3 4 2
432111 20 6 5 3 2 3 3
432111 21 6 5 3 3 4 2
432111 22 6 5 4 3 4 2
432111 15 3 3 3 2 3 3
694255 23 5 5 3 3 5 5
694255 18 4 4 3 3 3 3
694255 19 5 4 3 3 3 3
694255 16 4 4 2 2 3 3
694255 17 4 4 3 2 3 3
694255 18 5 4 3 2 3 3
694255 19 5 5 3 2 3 3
694255 20 5 5 3 3 4 2
694255 22 5 5 3 3 5 4
694255 23 6 5 3 3 5 4
694255 14 3 3 2 2 3 3
694255 15 4 3 2 2 3 3
694255 16 4 3 3 2 3 3
694255 17 5 4 2 2 3 3
694255 18 4 4 3 3 4 2
694255 19 5 4 3 3 4 2
694255 20 6 5 3 2 3 3
694255 21 6 5 3 3 4 2
694255 22 6 5 4 3 4 2
694255 15 3 3 3 2 3 3
825327 23 5 5 3 3 5 5
825327 18 4 4 3 3 3 3
825327 19 5 4 3 3 3 3
825327 16 4 4 2 2 3 3
825327 17 4 4 3 2 3 3
825327 18 5 4 3 2 3 3
825327 19 5 5 3 2 3 3
825327 20 5 5 3 3 4 2
825327 22 5 5 3 3 5 4
825327 23 6 5 3 3 5 4
825327 14 3 3 2 2 3 3
825327 15 4 3 2 2 3 3
825327 16 4 3 3 2 3 3
825327 17 5 4 2 2 3 3
825327 18 4 4 3 3 4 2
825327 19 5 4 3 3 4 2
825327 20 6 5 3 2 3 3
825327 21 6 5 3 3 4 2
825327 22 6 5 4 3 4 2
825327 15 3 3 3 2 3 3
370671 23 5 5 3 3 5 5
370671 18 4 4 3 3 3 3
370671 19 5 4 3 3 3 3
370671 16 4 4 2 2 3 3
370671 17 4 4 3 2 3 3
370671 18 5 4 3 2 3 3
370671 19 5 5 3 2 3 3
370671 20 5 5 3 3 4 2
370671 22 5 5 3 3 5 4
370671 23 6 5 3 3 5 4
370671 14 3 3 2 2 3 3
370671 15 4 3 2 2 3 3
370671 16 4 3 3 2 3 3
370671 17 5 4 2 2 3 3
370671 18 4 4 3 3 4 2
370671 19 5 4 3 3 4 2
370671 20 6 5 3 2 3 3
370671 21 6 5 3 3 4 2
370671 22 6 5 4 3 4 2
370671 15 3 3 3 2 3 3
632815 23 5 5 3 3 5 5
632815 18 4 4 3 3 3 3
632815 19 5 4 3 3 3 3
632815 16 4 4 2 2 3 3
632815 17 4 4 3 2 3 3
632815 18 5 4 3 2 3 3
632815 19 5 5 3 2 3 3
632815 20 5 5 3 3 4 2
632815 22 5 5 3 3 5 4
632815 23 6 5 3 3 5 4
632815 14 3 3 2 2 3 3
632815 15 4 3 2 2 3 3
632815 16 4 3 3 2 3 3
632815 17 5 4 2 2 3 3
632815 18 4 4 3 3 4 2
632815 19 5 4 3 3 4 2
632815 20 6 5 3 2 3 3
632815 21 6 5 3 3 4 2
632815 22 6 5 4 3 4 2
632815 15 3 3 3 2 3 3
247791 23 5 5 3 3 5 5
247791 18 4 4 3 3 3 3
247791 19 5 4 3 3 3 3
247791 16 4 4 2 2 3 3
247791 17 4 4 3 2 3 3
247791 18 5 4 3 2 3 3
247791 19 5 5 3 2 3 3
247791 20 5 5 3 3 4 2
247791 22 5 5 3 3 5 4
247791 23 6 5 3 3 5 4
247791 14 3 3 2 2 3 3
247791 15 4 3 2 2 3 3
247791 16 4 3 3 2 3 3
247791 17 5 4 2 2 3 3
247791 18 4 4 3 3 4 2
247791 19 5 4 3 3 4 2
247791 20 6 5 3 2 3 3
247791 21 6 5 3 3 4 2
247791 22 6 5 4 3 4 2
247791 15 3 3 3 2 3 3
378863 23 5 5 3 3 5 5
378863 18 4 4 3 3 3 3
378863 19 5 4 3 3 3 3
378863 16 4 4 2 2 3 3
378863 17 4 4 3 2 3 3
378863 18 5 4 3 2 3 3
378863 19 5 5 3 2 3 3
378863 20 5 5 3 3 4 2
378863 22 5 5 3 3 5 4
378863 23 6 5 3 3 5 4
378863 14 3 3 2 2 3 3
378863 15 4 3 2 2 3 3
378863 16 4 3 3 2 3 3
378863 17 5 4 2 2 3 3
378863 18 4 4 3 3 4 2
378863 19 5 4 3 3 4 2
378863 20 6 5 3 2 3 3
378863 21 6 5 3 3 4 2
378863 22 6 5 4 3 4 2
378863 15 3 3 3 2 3 3
444399 23 5 5 3 3 5 5
444399 18 4 4 3 3 3 3
444399 19 5 4 3 3 3 3
444399 16 4 4 2 2 3 3
444399 17 4 4 3 2 3 3
444399 18 5 4 3 2 3 3
444399 19 5 5 3 2 3 3
444399 20 5 5 3 3 4 2
444399 22 5 5 3 3 5 4
444399 23 6 5 3 3 5 4
444399 14 3 3 2 2 3 3
444399 15 4 3 2 2 3 3
444399 16 4 3 3 2 3 3
444399 17 5 4 2 2 3 3
444399 18 4 4 3 3 4 2
444399 19 5 4 3 3 4 2
444399 20 6 5 3 2 3 3
444399 21 6 5 3 3 4 2
444399 22 6 5 4 3 4 2
444399 15 3 3 3 2 3 3
641007 23 5 5 3 3 5 5
641007 18 4 4 3 3 3 3
641007 19 5 4 3 3 3 3
641007 16 4 4 2 2 3 3
641007 17 4 4 3 2 3 3
641007 18 5 4 3 2 3 3
641007 19 5 5 3 2 3 3
641007 20 5 5 3 3 4 2
641007 22 5 5 3 3 5 4
641007 23 6 5 3 3 5 4
641007 14 3 3 2 2 3 3
641007 15 4 3 2 2 3 3
641007 16 4 3 3 2 3 3
641007 17 5 4 2 2 3 3
641007 18 4 4 3 3 4 2
641007 19 5 4 3 3 4 2
641007 20 6 5 3 2 3 3
641007 21 6 5 3 3 4 2
641007 22 6 5 4 3 4 2
641007 15 3 3 3 2 3 3
706543 23 5 5 3 3 5 5
706543 18 4 4 3 3 3 3
706543 19 5 4 3 3 3 3
706543 16 4 4 2 2 3 3
706543 17 4 4 3 2 3 3
706543 18 5 4 3 2 3 3
706543 19 5 5 3 2 3 3
706543 20 5 5 3 3 4 2
706543 22 5 5 3 3 5 4
706543 23 6 5 3 3 5 4
706543 14 3 3 2 2 3 3
706543 15 4 3 2 2 3 3
706543 16 4 3 3 2 3 3
706543 17 5 4 2 2 3 3
706543 18 4 4 3 3 4 2
706543 19 5 4 3 3 4 2
706543 20 6 5 3 2 3 3
706543 21 6 5 3 3 4 2
706543 22 6 5 4 3 4 2
706543 15 3 3 3 2 3 3
837615 23 5 5 3 3 5 5
837615 18 4 4 3 3 3 3
837615 19 5 4 3 3 3 3
837615 16 4 4 2 2 3 3
837615 17 4 4 3 2 3 3
837615 18 5 4 3 2 3 3
837615 19 5 5 3 2 3 3
837615 20 5 5 3 3 4 2
837615 22 5 5 3 3 5 4
837615 23 6 5 3 3 5 4
837615 14 3 3 2 2 3 3
837615 15 4 3 2 2 3 3
837615 16 4 3 3 2 3 3
837615 17 5 4 2 2 3 3
837615 18 4 4 3 3 4 2
837615 19 5 4 3 3 4 2
837615 20 6 5 3 2 3 3
837615 21 6 5 3 3 4 2
837615 22 6 5 4 3 4 2
837615 15 3 3 3 2 3 3
