489327 22 5 5 5 3 3 3
751471 22 5 5 5 3 3 3
882543 22 5 5 5 3 3 3
948079 22 5 5 5 3 3 3
505711 22 5 5 5 3 3 3
767855 22 5 5 5 3 3 3
898927 22 5 5 5 3 3 3
964463 22 5 5 5 3 3 3
513903 22 5 5 5 3 3 3
776047 22 5 5 5 3 3 3
907119 22 5 5 5 3 3 3
972655 22 5 5 5 3 3 3
517999 22 5 5 5 3 3 3
780143 22 5 5 5 3 3 3
911215 22 5 5 5 3 3 3
976751 22 5 5 5 3 3 3
489391 22 5 5 5 3 3 3
751535 22 5 5 5 3 3 3
882607 22 5 5 5 3 3 3
948143 22 5 5 5 3 3 3
505775 22 5 5 5 3 3 3
767919 22 5 5 5 3 3 3
898991 22 5 5 5 3 3 3
964527 22 5 5 5 3 3 3
513967 22 5 5 5 3 3 3
776111 22 5 5 5 3 3 3
907183 22 5 5 5 3 3 3
972719 22 5 5 5 3 3 3
518063 22 5 5 5 3 3 3
780207 22 5 5 5 3 3 3
911279 22 5 5 5 3 3 3
976815 22 5 5 5 3 3 3
489423 22 5 5 5 3 3 3
751567 22 5 5 5 3 3 3
882639 22 5 5 5 3 3 3
948175 22 5 5 5 3 3 3
505807 22 5 5 5 3 3 3
767951 22 5 5 5 3 3 3
899023 22 5 5 5 3 3 3
964559 22 5 5 5 3 3 3
513999 22 5 5 5 3 3 3
776143 22 5 5 5 3 3 3
907215 22 5 5 5 3 3 3
972751 22 5 5 5 3 3 3
518095 22 5 5 5 3 3 3
780239 22 5 5 5 3 3 3
911311 22 5 5 5 3 3 3
976847 22 5 5 5 3 3 3
226287 23 5 5 3 5 3 5
357359 23 5 5 3 5 3 5
422895 23 5 5 3 5 3 5
488431 21 5 5 3 4 3 3
619503 23 5 5 3 5 3 5
685039 23 5 5 3 5 3 5
750575 21 5 5 3 4 3 3
816111 23 5 5 3 5 3 5
881647 21 5 5 3 4 3 3
947183 21 5 5 3 4 3 3
1274863 21 5 5 3 4 3 3
1405935 21 5 5 3 4 3 3
1471471 21 5 5 3 4 3 3
1668079 21 5 5 3 4 3 3
1733615 21 5 5 3 4 3 3
1864687 21 5 5 3 4 3 3
242671 23 5 5 3 5 3 5
373743 23 5 5 3 5 3 5
439279 23 5 5 3 5 3 5
504815 21 5 5 3 4 3 3
635887 23 5 5 3 5 3 5
701423 23 5 5 3 5 3 5
766959 21 5 5 3 4 3 3
832495 23 5 5 3 5 3 5
898031 21 5 5 3 4 3 3
963567 21 5 5 3 4 3 3
1291247 21 5 5 3 4 3 3
1422319 21 5 5 3 4 3 3
1487855 21 5 5 3 4 3 3
1684463 21 5 5 3 4 3 3
1749999 21 5 5 3 4 3 3
1881071 21 5 5 3 4 3 3
250863 23 5 5 3 5 3 5
381935 23 5 5 3 5 3 5
447471 23 5 5 3 5 3 5
513007 21 5 5 3 4 3 3
644079 23 5 5 3 5 3 5
709615 23 5 5 3 5 3 5
775151 21 5 5 3 4 3 3
840687 23 5 5 3 5 3 5
906223 21 5 5 3 4 3 3
971759 21 5 5 3 4 3 3
1299439 21 5 5 3 4 3 3
1430511 21 5 5 3 4 3 3
1496047 21 5 5 3 4 3 3
1692655 21 5 5 3 4 3 3
1758191 21 5 5 3 4 3 3
1889263 21 5 5 3 4 3 3
254959 23 5 5 3 5 3 5
386031 23 5 5 3 5 3 5
451567 23 5 5 3 5 3 5
517103 21 5 5 3 4 3 3
648175 23 5 5 3 5 3 5
713711 23 5 5 3 5 3 5
779247 21 5 5 3 4 3 3
844783 23 5 5 3 5 3 5
910319 21 5 5 3 4 3 3
975855 21 5 5 3 4 3 3
1303535 21 5 5 3 4 3 3
1434607 21 5 5 3 4 3 3
1500143 21 5 5 3 4 3 3
1696751 21 5 5 3 4 3 3
1762287 21 5 5 3 4 3 3
1893359 21 5 5 3 4 3 3
226799 23 5 5 3 5 3 5
357871 23 5 5 3 5 3 5
423407 23 5 5 3 5 3 5
488943 21 5 5 3 4 3 3
620015 23 5 5 3 5 3 5
685551 23 5 5 3 5 3 5
751087 21 5 5 3 4 3 3
816623 23 5 5 3 5 3 5
882159 21 5 5 3 4 3 3
947695 21 5 5 3 4 3 3
1275375 21 5 5 3 4 3 3
1406447 21 5 5 3 4 3 3
1471983 21 5 5 3 4 3 3
1668591 21 5 5 3 4 3 3
1734127 21 5 5 3 4 3 3
1865199 21 5 5 3 4 3 3
243183 23 5 5 3 5 3 5
374255 23 5 5 3 5 3 5
439791 23 5 5 3 5 3 5
505327 21 5 5 3 4 3 3
636399 23 5 5 3 5 3 5
701935 23 5 5 3 5 3 5
767471 21 5 5 3 4 3 3
833007 23 5 5 3 5 3 5
898543 21 5 5 3 4 3 3
964079 21 5 5 3 4 3 3
1291759 21 5 5 3 4 3 3
1422831 21 5 5 3 4 3 3
1488367 21 5 5 3 4 3 3
1684975 21 5 5 3 4 3 3
1750511 21 5 5 3 4 3 3
1881583 21 5 5 3 4 3 3
251375 23 5 5 3 5 3 5
382447 23 5 5 3 5 3 5
447983 23 5 5 3 5 3 5
513519 21 5 5 3 4 3 3
644591 23 5 5 3 5 3 5
710127 23 5 5 3 5 3 5
775663 21 5 5 3 4 3 3
841199 23 5 5 3 5 3 5
906735 21 5 5 3 4 3 3
972271 21 5 5 3 4 3 3
1299951 21 5 5 3 4 3 3
1431023 21 5 5 3 4 3 3
1496559 21 5 5 3 4 3 3
1693167 21 5 5 3 4 3 3
1758703 21 5 5 3 4 3 3
1889775 21 5 5 3 4 3 3
255471 23 5 5 3 5 3 5
386543 23 5 5 3 5 3 5
452079 23 5 5 3 5 3 5
517615 21 5 5 3 4 3 3
648687 23 5 5 3 5 3 5
714223 23 5 5 3 5 3 5
779759 21 5 5 3 4 3 3
845295 23 5 5 3 5 3 5
910831 21 5 5 3 4 3 3
976367 21 5 5 3 4 3 3
1304047 21 5 5 3 4 3 3
1435119 21 5 5 3 4 3 3
1500655 21 5 5 3 4 3 3
1697263 21 5 5 3 4 3 3
1762799 21 5 5 3 4 3 3
1893871 21 5 5 3 4 3 3
227055 23 5 5 3 5 3 5
358127 23 5 5 3 5 3 5
423663 23 5 5 3 5 3 5
489199 21 5 5 3 4 3 3
620271 23 5 5 3 5 3 5
685807 23 5 5 3 5 3 5
751343 21 5 5 3 4 3 3
816879 23 5 5 3 5 3 5
882415 21 5 5 3 4 3 3
947951 21 5 5 3 4 3 3
1275631 21 5 5 3 4 3 3
1406703 21 5 5 3 4 3 3
1472239 21 5 5 3 4 3 3
1668847 21 5 5 3 4 3 3
1734383 21 5 5 3 4 3 3
1865455 21 5 5 3 4 3 3
243439 23 5 5 3 5 3 5
374511 23 5 5 3 5 3 5
440047 23 5 5 3 5 3 5
505583 21 5 5 3 4 3 3
636655 23 5 5 3 5 3 5
702191 23 5 5 3 5 3 5
767727 21 5 5 3 4 3 3
833263 23 5 5 3 5 3 5
898799 21 5 5 3 4 3 3
964335 21 5 5 3 4 3 3
1292015 21 5 5 3 4 3 3
1423087 21 5 5 3 4 3 3
1488623 21 5 5 3 4 3 3
1685231 21 5 5 3 4 3 3
1750767 21 5 5 3 4 3 3
1881839 21 5 5 3 4 3 3
251631 23 5 5 3 5 3 5
382703 23 5 5 3 5 3 5
448239 23 5 5 3 5 3 5
513775 21 5 5 3 4 3 3
644847 23 5 5 3 5 3 5
710383 23 5 5 3 5 3 5
775919 21 5 5 3 4 3 3
841455 23 5 5 3 5 3 5
906991 21 5 5 3 4 3 3
972527 21 5 5 3 4 3 3
1300207 21 5 5 3 4 3 3
1431279 21 5 5 3 4 3 3
1496815 21 5 5 3 4 3 3
1693423 21 5 5 3 4 3 3
1758959 21 5 5 3 4 3 3
1890031 21 5 5 3 4 3 3
255727 23 5 5 3 5 3 5
386799 23 5 5 3 5 3 5
452335 23 5 5 3 5 3 5
517871 21 5 5 3 4 3 3
648943 23 5 5 3 5 3 5
714479 23 5 5 3 5 3 5
780015 21 5 5 3 4 3 3
845551 23 5 5 3 5 3 5
911087 21 5 5 3 4 3 3
976623 21 5 5 3 4 3 3
1304303 21 5 5 3 4 3 3
1435375 21 5 5 3 4 3 3
1500911 21 5 5 3 4 3 3
1697519 21 5 5 3 4 3 3
1763055 21 5 5 3 4 3 3
1894127 21 5 5 3 4 3 3
210927 23 5 5 3 3 5 5
341999 23 5 5 3 3 5 5
407535 23 5 5 3 3 5 5
473071 21 5 5 3 3 4 3
604143 23 5 5 3 3 5 5
669679 23 5 5 3 3 5 5
735215 21 5 5 3 3 4 3
800751 23 5 5 3 3 5 5
866287 21 5 5 3 3 4 3
931823 21 5 5 3 3 4 3
1259503 21 5 5 3 3 4 3
1390575 21 5 5 3 3 4 3
1456111 21 5 5 3 3 4 3
1652719 21 5 5 3 3 4 3
1718255 21 5 5 3 3 4 3
1849327 21 5 5 3 3 4 3
219119 23 5 5 3 3 5 5
350191 23 5 5 3 3 5 5
415727 23 5 5 3 3 5 5
481263 21 5 5 3 3 4 3
612335 23 5 5 3 3 5 5
677871 23 5 5 3 3 5 5
743407 21 5 5 3 3 4 3
808943 23 5 5 3 3 5 5
874479 21 5 5 3 3 4 3
940015 21 5 5 3 3 4 3
1267695 21 5 5 3 3 4 3
1398767 21 5 5 3 3 4 3
1464303 21 5 5 3 3 4 3
1660911 21 5 5 3 3 4 3
1726447 21 5 5 3 3 4 3
1857519 21 5 5 3 3 4 3
223215 23 5 5 3 3 5 5
354287 23 5 5 3 3 5 5
419823 23 5 5 3 3 5 5
485359 21 5 5 3 3 4 3
616431 23 5 5 3 3 5 5
681967 23 5 5 3 3 5 5
747503 21 5 5 3 3 4 3
813039 23 5 5 3 3 5 5
878575 21 5 5 3 3 4 3
944111 21 5 5 3 3 4 3
1271791 21 5 5 3 3 4 3
1402863 21 5 5 3 3 4 3
1468399 21 5 5 3 3 4 3
1665007 21 5 5 3 3 4 3
1730543 21 5 5 3 3 4 3
1861615 21 5 5 3 3 4 3
227311 20 5 4 3 3 3 4
358383 20 5 4 3 3 3 4
423919 20 5 4 3 3 3 4
489455 14 4 3 2 2 2 2
620527 20 5 4 3 3 3 4
686063 20 5 4 3 3 3 4
751599 14 4 3 2 2 2 2
817135 20 5 4 3 3 3 4
882671 14 4 3 2 2 2 2
948207 14 4 3 2 2 2 2
1275887 14 4 3 2 2 2 2
1406959 14 4 3 2 2 2 2
1472495 14 4 3 2 2 2 2
1669103 14 4 3 2 2 2 2
1734639 14 4 3 2 2 2 2
1865711 14 4 3 2 2 2 2
235503 23 5 5 3 3 5 5
366575 23 5 5 3 3 5 5
432111 23 5 5 3 3 5 5
497647 21 5 5 3 3 4 3
628719 23 5 5 3 3 5 5
694255 23 5 5 3 3 5 5
759791 21 5 5 3 3 4 3
825327 23 5 5 3 3 5 5
890863 21 5 5 3 3 4 3
956399 21 5 5 3 3 4 3
1284079 21 5 5 3 3 4 3
1415151 21 5 5 3 3 4 3
1480687 21 5 5 3 3 4 3
1677295 21 5 5 3 3 4 3
1742831 21 5 5 3 3 4 3
1873903 21 5 5 3 3 4 3
239599 23 5 5 3 3 5 5
370671 23 5 5 3 3 5 5
436207 23 5 5 3 3 5 5
501743 21 5 5 3 3 4 3
632815 23 5 5 3 3 5 5
698351 23 5 5 3 3 5 5
763887 21 5 5 3 3 4 3
829423 23 5 5 3 3 5 5
894959 21 5 5 3 3 4 3
960495 21 5 5 3 3 4 3
1288175 21 5 5 3 3 4 3
1419247 21 5 5 3 3 4 3
1484783 21 5 5 3 3 4 3
1681391 21 5 5 3 3 4 3
1746927 21 5 5 3 3 4 3
1877999 21 5 5 3 3 4 3
243695 20 5 4 3 3 3 4
374767 20 5 4 3 3 3 4
440303 20 5 4 3 3 3 4
505839 14 4 3 2 2 2 2
636911 20 5 4 3 3 3 4
702447 20 5 4 3 3 3 4
767983 14 4 3 2 2 2 2
833519 20 5 4 3 3 3 4
899055 14 4 3 2 2 2 2
964591 14 4 3 2 2 2 2
1292271 14 4 3 2 2 2 2
1423343 14 4 3 2 2 2 2
1488879 14 4 3 2 2 2 2
1685487 14 4 3 2 2 2 2
1751023 14 4 3 2 2 2 2
1882095 14 4 3 2 2 2 2
247791 23 5 5 3 3 5 5
378863 23 5 5 3 3 5 5
444399 23 5 5 3 3 5 5
509935 21 5 5 3 3 4 3
641007 23 5 5 3 3 5 5
706543 23 5 5 3 3 5 5
772079 21 5 5 3 3 4 3
837615 23 5 5 3 3 5 5
903151 21 5 5 3 3 4 3
968687 21 5 5 3 3 4 3
1296367 21 5 5 3 3 4 3
1427439 21 5 5 3 3 4 3
1492975 21 5 5 3 3 4 3
1689583 21 5 5 3 3 4 3
1755119 21 5 5 3 3 4 3
1886191 21 5 5 3 3 4 3
251887 20 5 4 3 3 3 4
382959 20 5 4 3 3 3 4
448495 20 5 4 3 3 3 4
514031 14 4 3 2 2 2 2
645103 20 5 4 3 3 3 4
710639 20 5 4 3 3 3 4
776175 14 4 3 2 2 2 2
841711 20 5 4 3 3 3 4
907247 14 4 3 2 2 2 2
972783 14 4 3 2 2 2 2
1300463 14 4 3 2 2 2 2
1431535 14 4 3 2 2 2 2
1497071 14 4 3 2 2 2 2
1693679 14 4 3 2 2 2 2
1759215 14 4 3 2 2 2 2
1890287 14 4 3 2 2 2 2
255983 20 5 4 3 3 3 4
387055 20 5 4 3 3 3 4
452591 20 5 4 3 3 3 4
518127 14 4 3 2 2 2 2
649199 20 5 4 3 3 3 4
714735 20 5 4 3 3 3 4
780271 14 4 3 2 2 2 2
845807 20 5 4 3 3 3 4
911343 14 4 3 2 2 2 2
976879 14 4 3 2 2 2 2
1304559 14 4 3 2 2 2 2
1435631 14 4 3 2 2 2 2
1501167 14 4 3 2 2 2 2
1697775 14 4 3 2 2 2 2
1763311 14 4 3 2 2 2 2
1894383 14 4 3 2 2 2 2
474095 21 5 5 3 3 4 3
736239 21 5 5 3 3 4 3
867311 21 5 5 3 3 4 3
932847 21 5 5 3 3 4 3
482287 21 5 5 3 3 4 3
744431 21 5 5 3 3 4 3
875503 21 5 5 3 3 4 3
941039 21 5 5 3 3 4 3
486383 21 5 5 3 3 4 3
748527 21 5 5 3 3 4 3
879599 21 5 5 3 3 4 3
945135 21 5 5 3 3 4 3
228335 20 5 4 3 3 3 4
359407 20 5 4 3 3 3 4
424943 20 5 4 3 3 3 4
490479 14 4 3 2 2 2 2
621551 20 5 4 3 3 3 4
687087 20 5 4 3 3 3 4
752623 14 4 3 2 2 2 2
818159 20 5 4 3 3 3 4
883695 14 4 3 2 2 2 2
949231 14 4 3 2 2 2 2
1276911 14 4 3 2 2 2 2
1407983 14 4 3 2 2 2 2
1473519 14 4 3 2 2 2 2
1670127 14 4 3 2 2 2 2
1735663 14 4 3 2 2 2 2
1866735 14 4 3 2 2 2 2
498671 21 5 5 3 3 4 3
760815 21 5 5 3 3 4 3
891887 21 5 5 3 3 4 3
957423 21 5 5 3 3 4 3
502767 21 5 5 3 3 4 3
764911 21 5 5 3 3 4 3
895983 21 5 5 3 3 4 3
961519 21 5 5 3 3 4 3
244719 20 5 4 3 3 3 4
375791 20 5 4 3 3 3 4
441327 20 5 4 3 3 3 4
506863 14 4 3 2 2 2 2
637935 20 5 4 3 3 3 4
703471 20 5 4 3 3 3 4
769007 14 4 3 2 2 2 2
834543 20 5 4 3 3 3 4
900079 14 4 3 2 2 2 2
965615 14 4 3 2 2 2 2
1293295 14 4 3 2 2 2 2
1424367 14 4 3 2 2 2 2
1489903 14 4 3 2 2 2 2
1686511 14 4 3 2 2 2 2
1752047 14 4 3 2 2 2 2
1883119 14 4 3 2 2 2 2
510959 21 5 5 3 3 4 3
773103 21 5 5 3 3 4 3
904175 21 5 5 3 3 4 3
969711 21 5 5 3 3 4 3
252911 20 5 4 3 3 3 4
383983 20 5 4 3 3 3 4
449519 20 5 4 3 3 3 4
515055 14 4 3 2 2 2 2
646127 20 5 4 3 3 3 4
711663 20 5 4 3 3 3 4
777199 14 4 3 2 2 2 2
842735 20 5 4 3 3 3 4
908271 14 4 3 2 2 2 2
973807 14 4 3 2 2 2 2
1301487 14 4 3 2 2 2 2
1432559 14 4 3 2 2 2 2
1498095 14 4 3 2 2 2 2
1694703 14 4 3 2 2 2 2
1760239 14 4 3 2 2 2 2
1891311 14 4 3 2 2 2 2
257007 20 5 4 3 3 3 4
388079 20 5 4 3 3 3 4
453615 20 5 4 3 3 3 4
519151 14 4 3 2 2 2 2
650223 20 5 4 3 3 3 4
715759 20 5 4 3 3 3 4
781295 14 4 3 2 2 2 2
846831 20 5 4 3 3 3 4
912367 14 4 3 2 2 2 2
977903 14 4 3 2 2 2 2
1305583 14 4 3 2 2 2 2
1436655 14 4 3 2 2 2 2
1502191 14 4 3 2 2 2 2
1698799 14 4 3 2 2 2 2
1764335 14 4 3 2 2 2 2
1895407 14 4 3 2 2 2 2
474607 21 5 5 3 3 4 3
736751 21 5 5 3 3 4 3
867823 21 5 5 3 3 4 3
933359 21 5 5 3 3 4 3
482799 21 5 5 3 3 4 3
744943 21 5 5 3 3 4 3
876015 21 5 5 3 3 4 3
941551 21 5 5 3 3 4 3
486895 21 5 5 3 3 4 3
749039 21 5 5 3 3 4 3
880111 21 5 5 3 3 4 3
945647 21 5 5 3 3 4 3
228847 20 5 4 3 3 3 4
359919 20 5 4 3 3 3 4
425455 20 5 4 3 3 3 4
490991 14 4 3 2 2 2 2
622063 20 5 4 3 3 3 4
687599 20 5 4 3 3 3 4
753135 14 4 3 2 2 2 2
818671 20 5 4 3 3 3 4
884207 14 4 3 2 2 2 2
949743 14 4 3 2 2 2 2
1277423 14 4 3 2 2 2 2
1408495 14 4 3 2 2 2 2
1474031 14 4 3 2 2 2 2
1670639 14 4 3 2 2 2 2
1736175 14 4 3 2 2 2 2
1867247 14 4 3 2 2 2 2
499183 21 5 5 3 3 4 3
761327 21 5 5 3 3 4 3
892399 21 5 5 3 3 4 3
957935 21 5 5 3 3 4 3
503279 21 5 5 3 3 4 3
765423 21 5 5 3 3 4 3
896495 21 5 5 3 3 4 3
962031 21 5 5 3 3 4 3
245231 20 5 4 3 3 3 4
376303 20 5 4 3 3 3 4
441839 20 5 4 3 3 3 4
507375 14 4 3 2 2 2 2
638447 20 5 4 3 3 3 4
703983 20 5 4 3 3 3 4
769519 14 4 3 2 2 2 2
835055 20 5 4 3 3 3 4
900591 14 4 3 2 2 2 2
966127 14 4 3 2 2 2 2
1293807 14 4 3 2 2 2 2
1424879 14 4 3 2 2 2 2
1490415 14 4 3 2 2 2 2
1687023 14 4 3 2 2 2 2
1752559 14 4 3 2 2 2 2
1883631 14 4 3 2 2 2 2
511471 21 5 5 3 3 4 3
773615 21 5 5 3 3 4 3
904687 21 5 5 3 3 4 3
970223 21 5 5 3 3 4 3
253423 20 5 4 3 3 3 4
384495 20 5 4 3 3 3 4
450031 20 5 4 3 3 3 4
515567 14 4 3 2 2 2 2
646639 20 5 4 3 3 3 4
712175 20 5 4 3 3 3 4
777711 14 4 3 2 2 2 2
843247 20 5 4 3 3 3 4
908783 14 4 3 2 2 2 2
974319 14 4 3 2 2 2 2
1301999 14 4 3 2 2 2 2
1433071 14 4 3 2 2 2 2
1498607 14 4 3 2 2 2 2
1695215 14 4 3 2 2 2 2
1760751 14 4 3 2 2 2 2
1891823 14 4 3 2 2 2 2
257519 20 5 4 3 3 3 4
388591 20 5 4 3 3 3 4
454127 20 5 4 3 3 3 4
519663 14 4 3 2 2 2 2
650735 20 5 4 3 3 3 4
716271 20 5 4 3 3 3 4
781807 14 4 3 2 2 2 2
847343 20 5 4 3 3 3 4
912879 14 4 3 2 2 2 2
978415 14 4 3 2 2 2 2
1306095 14 4 3 2 2 2 2
1437167 14 4 3 2 2 2 2
1502703 14 4 3 2 2 2 2
1699311 14 4 3 2 2 2 2
1764847 14 4 3 2 2 2 2
1895919 14 4 3 2 2 2 2
474863 21 5 5 3 3 4 3
737007 21 5 5 3 3 4 3
868079 21 5 5 3 3 4 3
933615 21 5 5 3 3 4 3
483055 21 5 5 3 3 4 3
745199 21 5 5 3 3 4 3
876271 21 5 5 3 3 4 3
941807 21 5 5 3 3 4 3
487151 21 5 5 3 3 4 3
749295 21 5 5 3 3 4 3
880367 21 5 5 3 3 4 3
945903 21 5 5 3 3 4 3
229103 20 5 4 3 3 3 4
360175 20 5 4 3 3 3 4
425711 20 5 4 3 3 3 4
491247 14 4 3 2 2 2 2
622319 20 5 4 3 3 3 4
687855 20 5 4 3 3 3 4
753391 14 4 3 2 2 2 2
818927 20 5 4 3 3 3 4
884463 14 4 3 2 2 2 2
949999 14 4 3 2 2 2 2
1277679 14 4 3 2 2 2 2
1408751 14 4 3 2 2 2 2
1474287 14 4 3 2 2 2 2
1670895 14 4 3 2 2 2 2
1736431 14 4 3 2 2 2 2
1867503 14 4 3 2 2 2 2
499439 21 5 5 3 3 4 3
761583 21 5 5 3 3 4 3
892655 21 5 5 3 3 4 3
958191 21 5 5 3 3 4 3
503535 21 5 5 3 3 4 3
765679 21 5 5 3 3 4 3
896751 21 5 5 3 3 4 3
962287 21 5 5 3 3 4 3
245487 20 5 4 3 3 3 4
376559 20 5 4 3 3 3 4
442095 20 5 4 3 3 3 4
507631 14 4 3 2 2 2 2
638703 20 5 4 3 3 3 4
704239 20 5 4 3 3 3 4
769775 14 4 3 2 2 2 2
835311 20 5 4 3 3 3 4
900847 14 4 3 2 2 2 2
966383 14 4 3 2 2 2 2
1294063 14 4 3 2 2 2 2
1425135 14 4 3 2 2 2 2
1490671 14 4 3 2 2 2 2
1687279 14 4 3 2 2 2 2
1752815 14 4 3 2 2 2 2
1883887 14 4 3 2 2 2 2
511727 21 5 5 3 3 4 3
773871 21 5 5 3 3 4 3
904943 21 5 5 3 3 4 3
970479 21 5 5 3 3 4 3
253679 20 5 4 3 3 3 4
384751 20 5 4 3 3 3 4
450287 20 5 4 3 3 3 4
515823 14 4 3 2 2 2 2
646895 20 5 4 3 3 3 4
712431 20 5 4 3 3 3 4
777967 14 4 3 2 2 2 2
843503 20 5 4 3 3 3 4
909039 14 4 3 2 2 2 2
974575 14 4 3 2 2 2 2
1302255 14 4 3 2 2 2 2
1433327 14 4 3 2 2 2 2
1498863 14 4 3 2 2 2 2
1695471 14 4 3 2 2 2 2
1761007 14 4 3 2 2 2 2
1892079 14 4 3 2 2 2 2
257775 20 5 4 3 3 3 4
388847 20 5 4 3 3 3 4
454383 20 5 4 3 3 3 4
519919 14 4 3 2 2 2 2
650991 20 5 4 3 3 3 4
716527 20 5 4 3 3 3 4
782063 14 4 3 2 2 2 2
847599 20 5 4 3 3 3 4
913135 14 4 3 2 2 2 2
978671 14 4 3 2 2 2 2
1306351 14 4 3 2 2 2 2
1437423 14 4 3 2 2 2 2
1502959 14 4 3 2 2 2 2
1699567 14 4 3 2 2 2 2
1765103 14 4 3 2 2 2 2
1896175 14 4 3 2 2 2 2
489463 22 5 7 3 3 3 3
751607 22 5 7 3 3 3 3
882679 22 5 7 3 3 3 3
948215 22 5 7 3 3 3 3
505847 22 5 7 3 3 3 3
767991 22 5 7 3 3 3 3
899063 22 5 7 3 3 3 3
964599 22 5 7 3 3 3 3
514039 22 5 7 3 3 3 3
776183 22 5 7 3 3 3 3
907255 22 5 7 3 3 3 3
972791 22 5 7 3 3 3 3
518135 22 5 7 3 3 3 3
780279 22 5 7 3 3 3 3
911351 22 5 7 3 3 3 3
976887 22 5 7 3 3 3 3
489467 22 5 7 3 3 3 3
751611 22 5 7 3 3 3 3
882683 22 5 7 3 3 3 3
948219 22 5 7 3 3 3 3
505851 22 5 7 3 3 3 3
767995 22 5 7 3 3 3 3
899067 22 5 7 3 3 3 3
964603 22 5 7 3 3 3 3
514043 22 5 7 3 3 3 3
776187 22 5 7 3 3 3 3
907259 22 5 7 3 3 3 3
972795 22 5 7 3 3 3 3
518139 22 5 7 3 3 3 3
780283 22 5 7 3 3 3 3
911355 22 5 7 3 3 3 3
976891 22 5 7 3 3 3 3
227199 21 5 4 4 3 3 4
358271 21 5 4 4 3 3 4
423807 21 5 4 4 3 3 4
489343 14 4 2 3 2 2 2
620415 21 5 4 4 3 3 4
685951 21 5 4 4 3 3 4
751487 14 4 2 3 2 2 2
817023 21 5 4 4 3 3 4
882559 14 4 2 3 2 2 2
948095 14 4 2 3 2 2 2
1275775 14 4 2 3 2 2 2
1406847 14 4 2 3 2 2 2
1472383 14 4 2 3 2 2 2
1668991 14 4 2 3 2 2 2
1734527 14 4 2 3 2 2 2
1865599 14 4 2 3 2 2 2
243583 21 5 4 4 3 3 4
374655 21 5 4 4 3 3 4
440191 21 5 4 4 3 3 4
505727 14 4 2 3 2 2 2
636799 21 5 4 4 3 3 4
702335 21 5 4 4 3 3 4
767871 14 4 2 3 2 2 2
833407 21 5 4 4 3 3 4
898943 14 4 2 3 2 2 2
964479 14 4 2 3 2 2 2
1292159 14 4 2 3 2 2 2
1423231 14 4 2 3 2 2 2
1488767 14 4 2 3 2 2 2
1685375 14 4 2 3 2 2 2
1750911 14 4 2 3 2 2 2
1881983 14 4 2 3 2 2 2
251775 21 5 4 4 3 3 4
382847 21 5 4 4 3 3 4
448383 21 5 4 4 3 3 4
513919 14 4 2 3 2 2 2
644991 21 5 4 4 3 3 4
710527 21 5 4 4 3 3 4
776063 14 4 2 3 2 2 2
841599 21 5 4 4 3 3 4
907135 14 4 2 3 2 2 2
972671 14 4 2 3 2 2 2
1300351 14 4 2 3 2 2 2
1431423 14 4 2 3 2 2 2
1496959 14 4 2 3 2 2 2
1693567 14 4 2 3 2 2 2
1759103 14 4 2 3 2 2 2
1890175 14 4 2 3 2 2 2
255871 21 5 4 4 3 3 4
386943 21 5 4 4 3 3 4
452479 21 5 4 4 3 3 4
518015 14 4 2 3 2 2 2
649087 21 5 4 4 3 3 4
714623 21 5 4 4 3 3 4
780159 14 4 2 3 2 2 2
845695 21 5 4 4 3 3 4
911231 14 4 2 3 2 2 2
976767 14 4 2 3 2 2 2
1304447 14 4 2 3 2 2 2
1435519 14 4 2 3 2 2 2
1501055 14 4 2 3 2 2 2
1697663 14 4 2 3 2 2 2
1763199 14 4 2 3 2 2 2
1894271 14 4 2 3 2 2 2
490367 14 4 2 3 2 2 2
752511 14 4 2 3 2 2 2
883583 14 4 2 3 2 2 2
949119 14 4 2 3 2 2 2
1276799 23 5 4 5 4 3 4
1407871 23 5 4 5 4 3 4
1473407 23 5 4 5 4 3 4
1670015 23 5 4 5 4 3 4
1735551 23 5 4 5 4 3 4
1866623 23 5 4 5 4 3 4
506751 14 4 2 3 2 2 2
768895 14 4 2 3 2 2 2
899967 14 4 2 3 2 2 2
965503 14 4 2 3 2 2 2
1293183 23 5 4 5 4 3 4
1424255 23 5 4 5 4 3 4
1489791 23 5 4 5 4 3 4
1686399 23 5 4 5 4 3 4
1751935 23 5 4 5 4 3 4
1883007 23 5 4 5 4 3 4
514943 14 4 2 3 2 2 2
777087 14 4 2 3 2 2 2
908159 14 4 2 3 2 2 2
973695 14 4 2 3 2 2 2
1301375 23 5 4 5 4 3 4
1432447 23 5 4 5 4 3 4
1497983 23 5 4 5 4 3 4
1694591 23 5 4 5 4 3 4
1760127 23 5 4 5 4 3 4
1891199 23 5 4 5 4 3 4
519039 14 4 2 3 2 2 2
781183 14 4 2 3 2 2 2
912255 14 4 2 3 2 2 2
977791 14 4 2 3 2 2 2
1305471 23 5 4 5 4 3 4
1436543 23 5 4 5 4 3 4
1502079 23 5 4 5 4 3 4
1698687 23 5 4 5 4 3 4
1764223 23 5 4 5 4 3 4
1895295 23 5 4 5 4 3 4
490879 14 4 2 3 2 2 2
753023 14 4 2 3 2 2 2
884095 14 4 2 3 2 2 2
949631 14 4 2 3 2 2 2
1277311 23 5 4 5 4 3 4
1408383 23 5 4 5 4 3 4
1473919 23 5 4 5 4 3 4
1670527 23 5 4 5 4 3 4
1736063 23 5 4 5 4 3 4
1867135 23 5 4 5 4 3 4
507263 14 4 2 3 2 2 2
769407 14 4 2 3 2 2 2
900479 14 4 2 3 2 2 2
966015 14 4 2 3 2 2 2
1293695 23 5 4 5 4 3 4
1424767 23 5 4 5 4 3 4
1490303 23 5 4 5 4 3 4
1686911 23 5 4 5 4 3 4
1752447 23 5 4 5 4 3 4
1883519 23 5 4 5 4 3 4
515455 14 4 2 3 2 2 2
777599 14 4 2 3 2 2 2
908671 14 4 2 3 2 2 2
974207 14 4 2 3 2 2 2
1301887 23 5 4 5 4 3 4
1432959 23 5 4 5 4 3 4
1498495 23 5 4 5 4 3 4
1695103 23 5 4 5 4 3 4
1760639 23 5 4 5 4 3 4
1891711 23 5 4 5 4 3 4
519551 14 4 2 3 2 2 2
781695 14 4 2 3 2 2 2
912767 14 4 2 3 2 2 2
978303 14 4 2 3 2 2 2
1305983 23 5 4 5 4 3 4
1437055 23 5 4 5 4 3 4
1502591 23 5 4 5 4 3 4
1699199 23 5 4 5 4 3 4
1764735 23 5 4 5 4 3 4
1895807 23 5 4 5 4 3 4
491135 14 4 2 3 2 2 2
753279 14 4 2 3 2 2 2
884351 14 4 2 3 2 2 2
949887 14 4 2 3 2 2 2
1277567 23 5 4 5 4 3 4
1408639 23 5 4 5 4 3 4
1474175 23 5 4 5 4 3 4
1670783 23 5 4 5 4 3 4
1736319 23 5 4 5 4 3 4
1867391 23 5 4 5 4 3 4
507519 14 4 2 3 2 2 2
769663 14 4 2 3 2 2 2
900735 14 4 2 3 2 2 2
966271 14 4 2 3 2 2 2
1293951 23 5 4 5 4 3 4
1425023 23 5 4 5 4 3 4
1490559 23 5 4 5 4 3 4
1687167 23 5 4 5 4 3 4
1752703 23 5 4 5 4 3 4
1883775 23 5 4 5 4 3 4
515711 14 4 2 3 2 2 2
777855 14 4 2 3 2 2 2
908927 14 4 2 3 2 2 2
974463 14 4 2 3 2 2 2
1302143 23 5 4 5 4 3 4
1433215 23 5 4 5 4 3 4
1498751 23 5 4 5 4 3 4
1695359 23 5 4 5 4 3 4
1760895 23 5 4 5 4 3 4
1891967 23 5 4 5 4 3 4
519807 14 4 2 3 2 2 2
781951 14 4 2 3 2 2 2
913023 14 4 2 3 2 2 2
978559 14 4 2 3 2 2 2
1306239 23 5 4 5 4 3 4
1437311 23 5 4 5 4 3 4
1502847 23 5 4 5 4 3 4
1699455 23 5 4 5 4 3 4
1764991 23 5 4 5 4 3 4
1896063 23 5 4 5 4 3 4
227263 21 5 4 4 3 3 4
358335 21 5 4 4 3 3 4
423871 21 5 4 4 3 3 4
489407 14 4 2 3 2 2 2
620479 21 5 4 4 3 3 4
686015 21 5 4 4 3 3 4
751551 14 4 2 3 2 2 2
817087 21 5 4 4 3 3 4
882623 14 4 2 3 2 2 2
948159 14 4 2 3 2 2 2
1275839 14 4 2 3 2 2 2
1406911 14 4 2 3 2 2 2
1472447 14 4 2 3 2 2 2
1669055 14 4 2 3 2 2 2
1734591 14 4 2 3 2 2 2
1865663 14 4 2 3 2 2 2
243647 21 5 4 4 3 3 4
374719 21 5 4 4 3 3 4
440255 21 5 4 4 3 3 4
505791 14 4 2 3 2 2 2
636863 21 5 4 4 3 3 4
702399 21 5 4 4 3 3 4
767935 14 4 2 3 2 2 2
833471 21 5 4 4 3 3 4
899007 14 4 2 3 2 2 2
964543 14 4 2 3 2 2 2
1292223 14 4 2 3 2 2 2
1423295 14 4 2 3 2 2 2
1488831 14 4 2 3 2 2 2
1685439 14 4 2 3 2 2 2
1750975 14 4 2 3 2 2 2
1882047 14 4 2 3 2 2 2
251839 21 5 4 4 3 3 4
382911 21 5 4 4 3 3 4
448447 21 5 4 4 3 3 4
513983 14 4 2 3 2 2 2
645055 21 5 4 4 3 3 4
710591 21 5 4 4 3 3 4
776127 14 4 2 3 2 2 2
841663 21 5 4 4 3 3 4
907199 14 4 2 3 2 2 2
972735 14 4 2 3 2 2 2
1300415 14 4 2 3 2 2 2
1431487 14 4 2 3 2 2 2
1497023 14 4 2 3 2 2 2
1693631 14 4 2 3 2 2 2
1759167 14 4 2 3 2 2 2
1890239 14 4 2 3 2 2 2
255935 21 5 4 4 3 3 4
387007 21 5 4 4 3 3 4
452543 21 5 4 4 3 3 4
518079 14 4 2 3 2 2 2
649151 21 5 4 4 3 3 4
714687 21 5 4 4 3 3 4
780223 14 4 2 3 2 2 2
845759 21 5 4 4 3 3 4
911295 14 4 2 3 2 2 2
976831 14 4 2 3 2 2 2
1304511 14 4 2 3 2 2 2
1435583 14 4 2 3 2 2 2
1501119 14 4 2 3 2 2 2
1697727 14 4 2 3 2 2 2
1763263 14 4 2 3 2 2 2
1894335 14 4 2 3 2 2 2
490431 14 4 2 3 2 2 2
752575 14 4 2 3 2 2 2
883647 14 4 2 3 2 2 2
949183 14 4 2 3 2 2 2
1276863 23 5 4 5 4 3 4
1407935 23 5 4 5 4 3 4
1473471 23 5 4 5 4 3 4
1670079 23 5 4 5 4 3 4
1735615 23 5 4 5 4 3 4
1866687 23 5 4 5 4 3 4
506815 14 4 2 3 2 2 2
768959 14 4 2 3 2 2 2
900031 14 4 2 3 2 2 2
965567 14 4 2 3 2 2 2
1293247 23 5 4 5 4 3 4
1424319 23 5 4 5 4 3 4
1489855 23 5 4 5 4 3 4
1686463 23 5 4 5 4 3 4
1751999 23 5 4 5 4 3 4
1883071 23 5 4 5 4 3 4
515007 14 4 2 3 2 2 2
777151 14 4 2 3 2 2 2
908223 14 4 2 3 2 2 2
973759 14 4 2 3 2 2 2
1301439 23 5 4 5 4 3 4
1432511 23 5 4 5 4 3 4
1498047 23 5 4 5 4 3 4
1694655 23 5 4 5 4 3 4
1760191 23 5 4 5 4 3 4
1891263 23 5 4 5 4 3 4
519103 14 4 2 3 2 2 2
781247 14 4 2 3 2 2 2
912319 14 4 2 3 2 2 2
977855 14 4 2 3 2 2 2
1305535 23 5 4 5 4 3 4
1436607 23 5 4 5 4 3 4
1502143 23 5 4 5 4 3 4
1698751 23 5 4 5 4 3 4
1764287 23 5 4 5 4 3 4
1895359 23 5 4 5 4 3 4
490943 14 4 2 3 2 2 2
753087 14 4 2 3 2 2 2
884159 14 4 2 3 2 2 2
949695 14 4 2 3 2 2 2
1277375 23 5 4 5 4 3 4
1408447 23 5 4 5 4 3 4
1473983 23 5 4 5 4 3 4
1670591 23 5 4 5 4 3 4
1736127 23 5 4 5 4 3 4
1867199 23 5 4 5 4 3 4
507327 14 4 2 3 2 2 2
769471 14 4 2 3 2 2 2
900543 14 4 2 3 2 2 2
966079 14 4 2 3 2 2 2
1293759 23 5 4 5 4 3 4
1424831 23 5 4 5 4 3 4
1490367 23 5 4 5 4 3 4
1686975 23 5 4 5 4 3 4
1752511 23 5 4 5 4 3 4
1883583 23 5 4 5 4 3 4
515519 14 4 2 3 2 2 2
777663 14 4 2 3 2 2 2
908735 14 4 2 3 2 2 2
974271 14 4 2 3 2 2 2
1301951 23 5 4 5 4 3 4
1433023 23 5 4 5 4 3 4
1498559 23 5 4 5 4 3 4
1695167 23 5 4 5 4 3 4
1760703 23 5 4 5 4 3 4
1891775 23 5 4 5 4 3 4
519615 14 4 2 3 2 2 2
781759 14 4 2 3 2 2 2
912831 14 4 2 3 2 2 2
978367 14 4 2 3 2 2 2
1306047 23 5 4 5 4 3 4
1437119 23 5 4 5 4 3 4
1502655 23 5 4 5 4 3 4
1699263 23 5 4 5 4 3 4
1764799 23 5 4 5 4 3 4
1895871 23 5 4 5 4 3 4
491199 14 4 2 3 2 2 2
753343 14 4 2 3 2 2 2
884415 14 4 2 3 2 2 2
949951 14 4 2 3 2 2 2
1277631 23 5 4 5 4 3 4
1408703 23 5 4 5 4 3 4
1474239 23 5 4 5 4 3 4
1670847 23 5 4 5 4 3 4
1736383 23 5 4 5 4 3 4
1867455 23 5 4 5 4 3 4
507583 14 4 2 3 2 2 2
769727 14 4 2 3 2 2 2
900799 14 4 2 3 2 2 2
966335 14 4 2 3 2 2 2
1294015 23 5 4 5 4 3 4
1425087 23 5 4 5 4 3 4
1490623 23 5 4 5 4 3 4
1687231 23 5 4 5 4 3 4
1752767 23 5 4 5 4 3 4
1883839 23 5 4 5 4 3 4
515775 14 4 2 3 2 2 2
777919 14 4 2 3 2 2 2
908991 14 4 2 3 2 2 2
974527 14 4 2 3 2 2 2
1302207 23 5 4 5 4 3 4
1433279 23 5 4 5 4 3 4
1498815 23 5 4 5 4 3 4
1695423 23 5 4 5 4 3 4
1760959 23 5 4 5 4 3 4
1892031 23 5 4 5 4 3 4
519871 14 4 2 3 2 2 2
782015 14 4 2 3 2 2 2
913087 14 4 2 3 2 2 2
978623 14 4 2 3 2 2 2
1306303 23 5 4 5 4 3 4
1437375 23 5 4 5 4 3 4
1502911 23 5 4 5 4 3 4
1699519 23 5 4 5 4 3 4
1765055 23 5 4 5 4 3 4
1896127 23 5 4 5 4 3 4
227295 21 5 4 4 3 3 4
358367 21 5 4 4 3 3 4
423903 21 5 4 4 3 3 4
489439 14 4 2 3 2 2 2
620511 21 5 4 4 3 3 4
686047 21 5 4 4 3 3 4
751583 14 4 2 3 2 2 2
817119 21 5 4 4 3 3 4
882655 14 4 2 3 2 2 2
948191 14 4 2 3 2 2 2
1275871 14 4 2 3 2 2 2
1406943 14 4 2 3 2 2 2
1472479 14 4 2 3 2 2 2
1669087 14 4 2 3 2 2 2
1734623 14 4 2 3 2 2 2
1865695 14 4 2 3 2 2 2
243679 21 5 4 4 3 3 4
374751 21 5 4 4 3 3 4
440287 21 5 4 4 3 3 4
505823 14 4 2 3 2 2 2
636895 21 5 4 4 3 3 4
702431 21 5 4 4 3 3 4
767967 14 4 2 3 2 2 2
833503 21 5 4 4 3 3 4
899039 14 4 2 3 2 2 2
964575 14 4 2 3 2 2 2
1292255 14 4 2 3 2 2 2
1423327 14 4 2 3 2 2 2
1488863 14 4 2 3 2 2 2
1685471 14 4 2 3 2 2 2
1751007 14 4 2 3 2 2 2
1882079 14 4 2 3 2 2 2
251871 21 5 4 4 3 3 4
382943 21 5 4 4 3 3 4
448479 21 5 4 4 3 3 4
514015 14 4 2 3 2 2 2
645087 21 5 4 4 3 3 4
710623 21 5 4 4 3 3 4
776159 14 4 2 3 2 2 2
841695 21 5 4 4 3 3 4
907231 14 4 2 3 2 2 2
972767 14 4 2 3 2 2 2
1300447 14 4 2 3 2 2 2
1431519 14 4 2 3 2 2 2
1497055 14 4 2 3 2 2 2
1693663 14 4 2 3 2 2 2
1759199 14 4 2 3 2 2 2
1890271 14 4 2 3 2 2 2
255967 21 5 4 4 3 3 4
387039 21 5 4 4 3 3 4
452575 21 5 4 4 3 3 4
518111 14 4 2 3 2 2 2
649183 21 5 4 4 3 3 4
714719 21 5 4 4 3 3 4
780255 14 4 2 3 2 2 2
845791 21 5 4 4 3 3 4
911327 14 4 2 3 2 2 2
976863 14 4 2 3 2 2 2
1304543 14 4 2 3 2 2 2
1435615 14 4 2 3 2 2 2
1501151 14 4 2 3 2 2 2
1697759 14 4 2 3 2 2 2
1763295 14 4 2 3 2 2 2
1894367 14 4 2 3 2 2 2
490463 14 4 2 3 2 2 2
752607 14 4 2 3 2 2 2
883679 14 4 2 3 2 2 2
949215 14 4 2 3 2 2 2
1276895 23 5 4 5 4 3 4
1407967 23 5 4 5 4 3 4
1473503 23 5 4 5 4 3 4
1670111 23 5 4 5 4 3 4
1735647 23 5 4 5 4 3 4
1866719 23 5 4 5 4 3 4
506847 14 4 2 3 2 2 2
768991 14 4 2 3 2 2 2
900063 14 4 2 3 2 2 2
965599 14 4 2 3 2 2 2
1293279 23 5 4 5 4 3 4
1424351 23 5 4 5 4 3 4
1489887 23 5 4 5 4 3 4
1686495 23 5 4 5 4 3 4
1752031 23 5 4 5 4 3 4
1883103 23 5 4 5 4 3 4
515039 14 4 2 3 2 2 2
777183 14 4 2 3 2 2 2
908255 14 4 2 3 2 2 2
973791 14 4 2 3 2 2 2
1301471 23 5 4 5 4 3 4
1432543 23 5 4 5 4 3 4
1498079 23 5 4 5 4 3 4
1694687 23 5 4 5 4 3 4
1760223 23 5 4 5 4 3 4
1891295 23 5 4 5 4 3 4
519135 14 4 2 3 2 2 2
781279 14 4 2 3 2 2 2
912351 14 4 2 3 2 2 2
977887 14 4 2 3 2 2 2
1305567 23 5 4 5 4 3 4
1436639 23 5 4 5 4 3 4
1502175 23 5 4 5 4 3 4
1698783 23 5 4 5 4 3 4
1764319 23 5 4 5 4 3 4
1895391 23 5 4 5 4 3 4
490975 14 4 2 3 2 2 2
753119 14 4 2 3 2 2 2
884191 14 4 2 3 2 2 2
949727 14 4 2 3 2 2 2
1277407 23 5 4 5 4 3 4
1408479 23 5 4 5 4 3 4
1474015 23 5 4 5 4 3 4
1670623 23 5 4 5 4 3 4
1736159 23 5 4 5 4 3 4
1867231 23 5 4 5 4 3 4
507359 14 4 2 3 2 2 2
769503 14 4 2 3 2 2 2
900575 14 4 2 3 2 2 2
966111 14 4 2 3 2 2 2
1293791 23 5 4 5 4 3 4
1424863 23 5 4 5 4 3 4
1490399 23 5 4 5 4 3 4
1687007 23 5 4 5 4 3 4
1752543 23 5 4 5 4 3 4
1883615 23 5 4 5 4 3 4
515551 14 4 2 3 2 2 2
777695 14 4 2 3 2 2 2
908767 14 4 2 3 2 2 2
974303 14 4 2 3 2 2 2
1301983 23 5 4 5 4 3 4
1433055 23 5 4 5 4 3 4
1498591 23 5 4 5 4 3 4
1695199 23 5 4 5 4 3 4
1760735 23 5 4 5 4 3 4
1891807 23 5 4 5 4 3 4
519647 14 4 2 3 2 2 2
781791 14 4 2 3 2 2 2
912863 14 4 2 3 2 2 2
978399 14 4 2 3 2 2 2
1306079 23 5 4 5 4 3 4
1437151 23 5 4 5 4 3 4
1502687 23 5 4 5 4 3 4
1699295 23 5 4 5 4 3 4
1764831 23 5 4 5 4 3 4
1895903 23 5 4 5 4 3 4
491231 14 4 2 3 2 2 2
753375 14 4 2 3 2 2 2
884447 14 4 2 3 2 2 2
949983 14 4 2 3 2 2 2
1277663 23 5 4 5 4 3 4
1408735 23 5 4 5 4 3 4
1474271 23 5 4 5 4 3 4
1670879 23 5 4 5 4 3 4
1736415 23 5 4 5 4 3 4
1867487 23 5 4 5 4 3 4
507615 14 4 2 3 2 2 2
769759 14 4 2 3 2 2 2
900831 14 4 2 3 2 2 2
966367 14 4 2 3 2 2 2
1294047 23 5 4 5 4 3 4
1425119 23 5 4 5 4 3 4
1490655 23 5 4 5 4 3 4
1687263 23 5 4 5 4 3 4
1752799 23 5 4 5 4 3 4
1883871 23 5 4 5 4 3 4
515807 14 4 2 3 2 2 2
777951 14 4 2 3 2 2 2
909023 14 4 2 3 2 2 2
974559 14 4 2 3 2 2 2
1302239 23 5 4 5 4 3 4
1433311 23 5 4 5 4 3 4
1498847 23 5 4 5 4 3 4
1695455 23 5 4 5 4 3 4
1760991 23 5 4 5 4 3 4
1892063 23 5 4 5 4 3 4
519903 14 4 2 3 2 2 2
782047 14 4 2 3 2 2 2
913119 14 4 2 3 2 2 2
978655 14 4 2 3 2 2 2
1306335 23 5 4 5 4 3 4
1437407 23 5 4 5 4 3 4
1502943 23 5 4 5 4 3 4
1699551 23 5 4 5 4 3 4
1765087 23 5 4 5 4 3 4
1896159 23 5 4 5 4 3 4
472063 21 5 4 3 4 4 3
734207 21 5 4 3 4 4 3
865279 21 5 4 3 4 4 3
930815 21 5 4 3 4 4 3
480255 21 5 4 3 4 4 3
742399 21 5 4 3 4 4 3
873471 21 5 4 3 4 4 3
939007 21 5 4 3 4 4 3
484351 21 5 4 3 4 4 3
746495 21 5 4 3 4 4 3
877567 21 5 4 3 4 4 3
943103 21 5 4 3 4 4 3
226303 20 5 4 3 4 2 4
357375 20 5 4 3 4 2 4
422911 20 5 4 3 4 2 4
488447 14 4 3 2 3 2 1
619519 20 5 4 3 4 2 4
685055 20 5 4 3 4 2 4
750591 14 4 3 2 3 2 1
816127 20 5 4 3 4 2 4
881663 14 4 3 2 3 2 1
947199 14 4 3 2 3 2 1
1274879 22 5 4 3 5 3 4
1405951 22 5 4 3 5 3 4
1471487 22 5 4 3 5 3 4
1668095 22 5 4 3 5 3 4
1733631 22 5 4 3 5 3 4
1864703 22 5 4 3 5 3 4
496639 21 5 4 3 4 4 3
758783 21 5 4 3 4 4 3
889855 21 5 4 3 4 4 3
955391 21 5 4 3 4 4 3
500735 21 5 4 3 4 4 3
762879 21 5 4 3 4 4 3
893951 21 5 4 3 4 4 3
959487 21 5 4 3 4 4 3
242687 20 5 4 3 4 2 4
373759 20 5 4 3 4 2 4
439295 20 5 4 3 4 2 4
504831 14 4 3 2 3 2 1
635903 20 5 4 3 4 2 4
701439 20 5 4 3 4 2 4
766975 14 4 3 2 3 2 1
832511 20 5 4 3 4 2 4
898047 14 4 3 2 3 2 1
963583 14 4 3 2 3 2 1
1291263 22 5 4 3 5 3 4
1422335 22 5 4 3 5 3 4
1487871 22 5 4 3 5 3 4
1684479 22 5 4 3 5 3 4
1750015 22 5 4 3 5 3 4
1881087 22 5 4 3 5 3 4
508927 21 5 4 3 4 4 3
771071 21 5 4 3 4 4 3
902143 21 5 4 3 4 4 3
967679 21 5 4 3 4 4 3
250879 20 5 4 3 4 2 4
381951 20 5 4 3 4 2 4
447487 20 5 4 3 4 2 4
513023 14 4 3 2 3 2 1
644095 20 5 4 3 4 2 4
709631 20 5 4 3 4 2 4
775167 14 4 3 2 3 2 1
840703 20 5 4 3 4 2 4
906239 14 4 3 2 3 2 1
971775 14 4 3 2 3 2 1
1299455 22 5 4 3 5 3 4
1430527 22 5 4 3 5 3 4
1496063 22 5 4 3 5 3 4
1692671 22 5 4 3 5 3 4
1758207 22 5 4 3 5 3 4
1889279 22 5 4 3 5 3 4
254975 20 5 4 3 4 2 4
386047 20 5 4 3 4 2 4
451583 20 5 4 3 4 2 4
517119 14 4 3 2 3 2 1
648191 20 5 4 3 4 2 4
713727 20 5 4 3 4 2 4
779263 14 4 3 2 3 2 1
844799 20 5 4 3 4 2 4
910335 14 4 3 2 3 2 1
975871 14 4 3 2 3 2 1
1303551 22 5 4 3 5 3 4
1434623 22 5 4 3 5 3 4
1500159 22 5 4 3 5 3 4
1696767 22 5 4 3 5 3 4
1762303 22 5 4 3 5 3 4
1893375 22 5 4 3 5 3 4
472575 21 5 4 3 4 4 3
734719 21 5 4 3 4 4 3
865791 21 5 4 3 4 4 3
931327 21 5 4 3 4 4 3
480767 21 5 4 3 4 4 3
742911 21 5 4 3 4 4 3
873983 21 5 4 3 4 4 3
939519 21 5 4 3 4 4 3
484863 21 5 4 3 4 4 3
747007 21 5 4 3 4 4 3
878079 21 5 4 3 4 4 3
943615 21 5 4 3 4 4 3
226815 20 5 4 3 4 2 4
357887 20 5 4 3 4 2 4
423423 20 5 4 3 4 2 4
488959 14 4 3 2 3 2 1
620031 20 5 4 3 4 2 4
685567 20 5 4 3 4 2 4
751103 14 4 3 2 3 2 1
816639 20 5 4 3 4 2 4
882175 14 4 3 2 3 2 1
947711 14 4 3 2 3 2 1
1275391 22 5 4 3 5 3 4
1406463 22 5 4 3 5 3 4
1471999 22 5 4 3 5 3 4
1668607 22 5 4 3 5 3 4
1734143 22 5 4 3 5 3 4
1865215 22 5 4 3 5 3 4
497151 21 5 4 3 4 4 3
759295 21 5 4 3 4 4 3
890367 21 5 4 3 4 4 3
955903 21 5 4 3 4 4 3
501247 21 5 4 3 4 4 3
763391 21 5 4 3 4 4 3
894463 21 5 4 3 4 4 3
959999 21 5 4 3 4 4 3
243199 20 5 4 3 4 2 4
374271 20 5 4 3 4 2 4
439807 20 5 4 3 4 2 4
505343 14 4 3 2 3 2 1
636415 20 5 4 3 4 2 4
701951 20 5 4 3 4 2 4
767487 14 4 3 2 3 2 1
833023 20 5 4 3 4 2 4
898559 14 4 3 2 3 2 1
964095 14 4 3 2 3 2 1
1291775 22 5 4 3 5 3 4
1422847 22 5 4 3 5 3 4
1488383 22 5 4 3 5 3 4
1684991 22 5 4 3 5 3 4
1750527 22 5 4 3 5 3 4
1881599 22 5 4 3 5 3 4
509439 21 5 4 3 4 4 3
771583 21 5 4 3 4 4 3
902655 21 5 4 3 4 4 3
968191 21 5 4 3 4 4 3
251391 20 5 4 3 4 2 4
382463 20 5 4 3 4 2 4
447999 20 5 4 3 4 2 4
513535 14 4 3 2 3 2 1
644607 20 5 4 3 4 2 4
710143 20 5 4 3 4 2 4
775679 14 4 3 2 3 2 1
841215 20 5 4 3 4 2 4
906751 14 4 3 2 3 2 1
972287 14 4 3 2 3 2 1
1299967 22 5 4 3 5 3 4
1431039 22 5 4 3 5 3 4
1496575 22 5 4 3 5 3 4
1693183 22 5 4 3 5 3 4
1758719 22 5 4 3 5 3 4
1889791 22 5 4 3 5 3 4
255487 20 5 4 3 4 2 4
386559 20 5 4 3 4 2 4
452095 20 5 4 3 4 2 4
517631 14 4 3 2 3 2 1
648703 20 5 4 3 4 2 4
714239 20 5 4 3 4 2 4
779775 14 4 3 2 3 2 1
845311 20 5 4 3 4 2 4
910847 14 4 3 2 3 2 1
976383 14 4 3 2 3 2 1
1304063 22 5 4 3 5 3 4
1435135 22 5 4 3 5 3 4
1500671 22 5 4 3 5 3 4
1697279 22 5 4 3 5 3 4
1762815 22 5 4 3 5 3 4
1893887 22 5 4 3 5 3 4
472831 21 5 4 3 4 4 3
734975 21 5 4 3 4 4 3
866047 21 5 4 3 4 4 3
931583 21 5 4 3 4 4 3
481023 21 5 4 3 4 4 3
743167 21 5 4 3 4 4 3
874239 21 5 4 3 4 4 3
939775 21 5 4 3 4 4 3
485119 21 5 4 3 4 4 3
747263 21 5 4 3 4 4 3
878335 21 5 4 3 4 4 3
943871 21 5 4 3 4 4 3
227071 20 5 4 3 4 2 4
358143 20 5 4 3 4 2 4
423679 20 5 4 3 4 2 4
489215 14 4 3 2 3 2 1
620287 20 5 4 3 4 2 4
685823 20 5 4 3 4 2 4
751359 14 4 3 2 3 2 1
816895 20 5 4 3 4 2 4
882431 14 4 3 2 3 2 1
947967 14 4 3 2 3 2 1
1275647 22 5 4 3 5 3 4
1406719 22 5 4 3 5 3 4
1472255 22 5 4 3 5 3 4
1668863 22 5 4 3 5 3 4
1734399 22 5 4 3 5 3 4
1865471 22 5 4 3 5 3 4
497407 21 5 4 3 4 4 3
759551 21 5 4 3 4 4 3
890623 21 5 4 3 4 4 3
956159 21 5 4 3 4 4 3
501503 21 5 4 3 4 4 3
763647 21 5 4 3 4 4 3
894719 21 5 4 3 4 4 3
960255 21 5 4 3 4 4 3
243455 20 5 4 3 4 2 4
374527 20 5 4 3 4 2 4
440063 20 5 4 3 4 2 4
505599 14 4 3 2 3 2 1
636671 20 5 4 3 4 2 4
702207 20 5 4 3 4 2 4
767743 14 4 3 2 3 2 1
833279 20 5 4 3 4 2 4
898815 14 4 3 2 3 2 1
964351 14 4 3 2 3 2 1
1292031 22 5 4 3 5 3 4
1423103 22 5 4 3 5 3 4
1488639 22 5 4 3 5 3 4
1685247 22 5 4 3 5 3 4
1750783 22 5 4 3 5 3 4
1881855 22 5 4 3 5 3 4
509695 21 5 4 3 4 4 3
771839 21 5 4 3 4 4 3
902911 21 5 4 3 4 4 3
968447 21 5 4 3 4 4 3
251647 20 5 4 3 4 2 4
382719 20 5 4 3 4 2 4
448255 20 5 4 3 4 2 4
513791 14 4 3 2 3 2 1
644863 20 5 4 3 4 2 4
710399 20 5 4 3 4 2 4
775935 14 4 3 2 3 2 1
841471 20 5 4 3 4 2 4
907007 14 4 3 2 3 2 1
972543 14 4 3 2 3 2 1
1300223 22 5 4 3 5 3 4
1431295 22 5 4 3 5 3 4
1496831 22 5 4 3 5 3 4
1693439 22 5 4 3 5 3 4
1758975 22 5 4 3 5 3 4
1890047 22 5 4 3 5 3 4
255743 20 5 4 3 4 2 4
386815 20 5 4 3 4 2 4
452351 20 5 4 3 4 2 4
517887 14 4 3 2 3 2 1
648959 20 5 4 3 4 2 4
714495 20 5 4 3 4 2 4
780031 14 4 3 2 3 2 1
845567 20 5 4 3 4 2 4
911103 14 4 3 2 3 2 1
976639 14 4 3 2 3 2 1
1304319 22 5 4 3 5 3 4
1435391 22 5 4 3 5 3 4
1500927 22 5 4 3 5 3 4
1697535 22 5 4 3 5 3 4
1763071 22 5 4 3 5 3 4
1894143 22 5 4 3 5 3 4
210943 20 5 4 3 2 4 4
342015 20 5 4 3 2 4 4
407551 20 5 4 3 2 4 4
473087 14 4 3 2 2 3 1
604159 20 5 4 3 2 4 4
669695 20 5 4 3 2 4 4
735231 14 4 3 2 2 3 1
800767 20 5 4 3 2 4 4
866303 14 4 3 2 2 3 1
931839 14 4 3 2 2 3 1
1259519 22 5 4 3 3 5 4
1390591 22 5 4 3 3 5 4
1456127 22 5 4 3 3 5 4
1652735 22 5 4 3 3 5 4
1718271 22 5 4 3 3 5 4
1849343 22 5 4 3 3 5 4
219135 20 5 4 3 2 4 4
350207 20 5 4 3 2 4 4
415743 20 5 4 3 2 4 4
481279 14 4 3 2 2 3 1
612351 20 5 4 3 2 4 4
677887 20 5 4 3 2 4 4
743423 14 4 3 2 2 3 1
808959 20 5 4 3 2 4 4
874495 14 4 3 2 2 3 1
940031 14 4 3 2 2 3 1
1267711 22 5 4 3 3 5 4
1398783 22 5 4 3 3 5 4
1464319 22 5 4 3 3 5 4
1660927 22 5 4 3 3 5 4
1726463 22 5 4 3 3 5 4
1857535 22 5 4 3 3 5 4
223231 20 5 4 3 2 4 4
354303 20 5 4 3 2 4 4
419839 20 5 4 3 2 4 4
485375 14 4 3 2 2 3 1
616447 20 5 4 3 2 4 4
681983 20 5 4 3 2 4 4
747519 14 4 3 2 2 3 1
813055 20 5 4 3 2 4 4
878591 14 4 3 2 2 3 1
944127 14 4 3 2 2 3 1
1271807 22 5 4 3 3 5 4
1402879 22 5 4 3 3 5 4
1468415 22 5 4 3 3 5 4
1665023 22 5 4 3 3 5 4
1730559 22 5 4 3 3 5 4
1861631 22 5 4 3 3 5 4
227327 14 4 3 2 2 2 2
358399 14 4 3 2 2 2 2
423935 14 4 3 2 2 2 2
489471 14 4 3 2 2 2 2
620543 14 4 3 2 2 2 2
686079 14 4 3 2 2 2 2
751615 14 4 3 2 2 2 2
817151 14 4 3 2 2 2 2
882687 14 4 3 2 2 2 2
948223 14 4 3 2 2 2 2
1144831 21 5 4 3 3 3 5
1210367 21 5 4 3 3 3 5
1275903 14 4 3 2 2 2 2
1341439 21 5 4 3 3 3 5
1406975 14 4 3 2 2 2 2
1472511 14 4 3 2 2 2 2
1603583 21 5 4 3 3 3 5
1669119 14 4 3 2 2 2 2
1734655 14 4 3 2 2 2 2
1865727 14 4 3 2 2 2 2
235519 20 5 4 3 2 4 4
366591 20 5 4 3 2 4 4
432127 20 5 4 3 2 4 4
497663 14 4 3 2 2 3 1
628735 20 5 4 3 2 4 4
694271 20 5 4 3 2 4 4
759807 14 4 3 2 2 3 1
825343 20 5 4 3 2 4 4
890879 14 4 3 2 2 3 1
956415 14 4 3 2 2 3 1
1284095 22 5 4 3 3 5 4
1415167 22 5 4 3 3 5 4
1480703 22 5 4 3 3 5 4
1677311 22 5 4 3 3 5 4
1742847 22 5 4 3 3 5 4
1873919 22 5 4 3 3 5 4
239615 20 5 4 3 2 4 4
370687 20 5 4 3 2 4 4
436223 20 5 4 3 2 4 4
501759 14 4 3 2 2 3 1
632831 20 5 4 3 2 4 4
698367 20 5 4 3 2 4 4
763903 14 4 3 2 2 3 1
829439 20 5 4 3 2 4 4
894975 14 4 3 2 2 3 1
960511 14 4 3 2 2 3 1
1288191 22 5 4 3 3 5 4
1419263 22 5 4 3 3 5 4
1484799 22 5 4 3 3 5 4
1681407 22 5 4 3 3 5 4
1746943 22 5 4 3 3 5 4
1878015 22 5 4 3 3 5 4
243711 14 4 3 2 2 2 2
374783 14 4 3 2 2 2 2
440319 14 4 3 2 2 2 2
505855 14 4 3 2 2 2 2
636927 14 4 3 2 2 2 2
702463 14 4 3 2 2 2 2
767999 14 4 3 2 2 2 2
833535 14 4 3 2 2 2 2
899071 14 4 3 2 2 2 2
964607 14 4 3 2 2 2 2
1161215 21 5 4 3 3 3 5
1226751 21 5 4 3 3 3 5
1292287 14 4 3 2 2 2 2
1357823 21 5 4 3 3 3 5
1423359 14 4 3 2 2 2 2
1488895 14 4 3 2 2 2 2
1619967 21 5 4 3 3 3 5
1685503 14 4 3 2 2 2 2
1751039 14 4 3 2 2 2 2
1882111 14 4 3 2 2 2 2
247807 20 5 4 3 2 4 4
378879 20 5 4 3 2 4 4
444415 20 5 4 3 2 4 4
509951 14 4 3 2 2 3 1
641023 20 5 4 3 2 4 4
706559 20 5 4 3 2 4 4
772095 14 4 3 2 2 3 1
837631 20 5 4 3 2 4 4
903167 14 4 3 2 2 3 1
968703 14 4 3 2 2 3 1
1296383 22 5 4 3 3 5 4
1427455 22 5 4 3 3 5 4
1492991 22 5 4 3 3 5 4
1689599 22 5 4 3 3 5 4
1755135 22 5 4 3 3 5 4
1886207 22 5 4 3 3 5 4
251903 14 4 3 2 2 2 2
382975 14 4 3 2 2 2 2
448511 14 4 3 2 2 2 2
514047 14 4 3 2 2 2 2
645119 14 4 3 2 2 2 2
710655 14 4 3 2 2 2 2
776191 14 4 3 2 2 2 2
841727 14 4 3 2 2 2 2
907263 14 4 3 2 2 2 2
972799 14 4 3 2 2 2 2
1169407 21 5 4 3 3 3 5
1234943 21 5 4 3 3 3 5
1300479 14 4 3 2 2 2 2
1366015 21 5 4 3 3 3 5
1431551 14 4 3 2 2 2 2
1497087 14 4 3 2 2 2 2
1628159 21 5 4 3 3 3 5
1693695 14 4 3 2 2 2 2
1759231 14 4 3 2 2 2 2
1890303 14 4 3 2 2 2 2
255999 14 4 3 2 2 2 2
387071 14 4 3 2 2 2 2
452607 14 4 3 2 2 2 2
518143 14 4 3 2 2 2 2
649215 14 4 3 2 2 2 2
714751 14 4 3 2 2 2 2
780287 14 4 3 2 2 2 2
845823 14 4 3 2 2 2 2
911359 14 4 3 2 2 2 2
976895 14 4 3 2 2 2 2
1173503 21 5 4 3 3 3 5
1239039 21 5 4 3 3 3 5
1304575 14 4 3 2 2 2 2
1370111 21 5 4 3 3 3 5
1435647 14 4 3 2 2 2 2
1501183 14 4 3 2 2 2 2
1632255 21 5 4 3 3 3 5
1697791 14 4 3 2 2 2 2
1763327 14 4 3 2 2 2 2
1894399 14 4 3 2 2 2 2
211967 21 5 4 3 4 4 3
343039 21 5 4 3 4 4 3
408575 21 5 4 3 4 4 3
474111 22 5 4 3 4 5 3
605183 21 5 4 3 4 4 3
670719 21 5 4 3 4 4 3
736255 22 5 4 3 4 5 3
801791 21 5 4 3 4 4 3
867327 22 5 4 3 4 5 3
932863 22 5 4 3 4 5 3
1260543 23 5 4 3 4 5 4
1391615 23 5 4 3 4 5 4
1457151 23 5 4 3 4 5 4
1653759 23 5 4 3 4 5 4
1719295 23 5 4 3 4 5 4
1850367 23 5 4 3 4 5 4
220159 21 5 4 3 4 4 3
351231 21 5 4 3 4 4 3
416767 21 5 4 3 4 4 3
482303 22 5 4 3 4 5 3
613375 21 5 4 3 4 4 3
678911 21 5 4 3 4 4 3
744447 22 5 4 3 4 5 3
809983 21 5 4 3 4 4 3
875519 22 5 4 3 4 5 3
941055 22 5 4 3 4 5 3
1268735 23 5 4 3 4 5 4
1399807 23 5 4 3 4 5 4
1465343 23 5 4 3 4 5 4
1661951 23 5 4 3 4 5 4
1727487 23 5 4 3 4 5 4
1858559 23 5 4 3 4 5 4
224255 21 5 4 3 4 4 3
355327 21 5 4 3 4 4 3
420863 21 5 4 3 4 4 3
486399 22 5 4 3 4 5 3
617471 21 5 4 3 4 4 3
683007 21 5 4 3 4 4 3
748543 22 5 4 3 4 5 3
814079 21 5 4 3 4 4 3
879615 22 5 4 3 4 5 3
945151 22 5 4 3 4 5 3
1272831 23 5 4 3 4 5 4
1403903 23 5 4 3 4 5 4
1469439 23 5 4 3 4 5 4
1666047 23 5 4 3 4 5 4
1731583 23 5 4 3 4 5 4
1862655 23 5 4 3 4 5 4
228351 14 4 3 2 2 2 2
359423 14 4 3 2 2 2 2
424959 14 4 3 2 2 2 2
490495 20 5 4 3 4 3 2
621567 14 4 3 2 2 2 2
687103 14 4 3 2 2 2 2
752639 20 5 4 3 4 3 2
818175 14 4 3 2 2 2 2
883711 20 5 4 3 4 3 2
949247 20 5 4 3 4 3 2
1276927 16 4 3 2 3 2 3
1407999 16 4 3 2 3 2 3
1473535 16 4 3 2 3 2 3
1670143 16 4 3 2 3 2 3
1735679 16 4 3 2 3 2 3
1866751 16 4 3 2 3 2 3
236543 21 5 4 3 4 4 3
367615 21 5 4 3 4 4 3
433151 21 5 4 3 4 4 3
498687 22 5 4 3 4 5 3
629759 21 5 4 3 4 4 3
695295 21 5 4 3 4 4 3
760831 22 5 4 3 4 5 3
826367 21 5 4 3 4 4 3
891903 22 5 4 3 4 5 3
957439 22 5 4 3 4 5 3
1285119 23 5 4 3 4 5 4
1416191 23 5 4 3 4 5 4
1481727 23 5 4 3 4 5 4
1678335 23 5 4 3 4 5 4
1743871 23 5 4 3 4 5 4
1874943 23 5 4 3 4 5 4
240639 21 5 4 3 4 4 3
371711 21 5 4 3 4 4 3
437247 21 5 4 3 4 4 3
502783 22 5 4 3 4 5 3
633855 21 5 4 3 4 4 3
699391 21 5 4 3 4 4 3
764927 22 5 4 3 4 5 3
830463 21 5 4 3 4 4 3
895999 22 5 4 3 4 5 3
961535 22 5 4 3 4 5 3
1289215 23 5 4 3 4 5 4
1420287 23 5 4 3 4 5 4
1485823 23 5 4 3 4 5 4
1682431 23 5 4 3 4 5 4
1747967 23 5 4 3 4 5 4
1879039 23 5 4 3 4 5 4
244735 14 4 3 2 2 2 2
375807 14 4 3 2 2 2 2
441343 14 4 3 2 2 2 2
506879 20 5 4 3 4 3 2
637951 14 4 3 2 2 2 2
703487 14 4 3 2 2 2 2
769023 20 5 4 3 4 3 2
834559 14 4 3 2 2 2 2
900095 20 5 4 3 4 3 2
965631 20 5 4 3 4 3 2
1293311 16 4 3 2 3 2 3
1424383 16 4 3 2 3 2 3
1489919 16 4 3 2 3 2 3
1686527 16 4 3 2 3 2 3
1752063 16 4 3 2 3 2 3
1883135 16 4 3 2 3 2 3
248831 21 5 4 3 4 4 3
379903 21 5 4 3 4 4 3
445439 21 5 4 3 4 4 3
510975 22 5 4 3 4 5 3
642047 21 5 4 3 4 4 3
707583 21 5 4 3 4 4 3
773119 22 5 4 3 4 5 3
838655 21 5 4 3 4 4 3
904191 22 5 4 3 4 5 3
969727 22 5 4 3 4 5 3
1297407 23 5 4 3 4 5 4
1428479 23 5 4 3 4 5 4
1494015 23 5 4 3 4 5 4
1690623 23 5 4 3 4 5 4
1756159 23 5 4 3 4 5 4
1887231 23 5 4 3 4 5 4
252927 14 4 3 2 2 2 2
383999 14 4 3 2 2 2 2
449535 14 4 3 2 2 2 2
515071 20 5 4 3 4 3 2
646143 14 4 3 2 2 2 2
711679 14 4 3 2 2 2 2
777215 20 5 4 3 4 3 2
842751 14 4 3 2 2 2 2
908287 20 5 4 3 4 3 2
973823 20 5 4 3 4 3 2
1301503 16 4 3 2 3 2 3
1432575 16 4 3 2 3 2 3
1498111 16 4 3 2 3 2 3
1694719 16 4 3 2 3 2 3
1760255 16 4 3 2 3 2 3
1891327 16 4 3 2 3 2 3
257023 14 4 3 2 2 2 2
388095 14 4 3 2 2 2 2
453631 14 4 3 2 2 2 2
519167 20 5 4 3 4 3 2
650239 14 4 3 2 2 2 2
715775 14 4 3 2 2 2 2
781311 20 5 4 3 4 3 2
846847 14 4 3 2 2 2 2
912383 20 5 4 3 4 3 2
977919 20 5 4 3 4 3 2
1305599 16 4 3 2 3 2 3
1436671 16 4 3 2 3 2 3
1502207 16 4 3 2 3 2 3
1698815 16 4 3 2 3 2 3
1764351 16 4 3 2 3 2 3
1895423 16 4 3 2 3 2 3
212479 21 5 4 3 4 4 3
343551 21 5 4 3 4 4 3
409087 21 5 4 3 4 4 3
474623 22 5 4 3 4 5 3
605695 21 5 4 3 4 4 3
671231 21 5 4 3 4 4 3
736767 22 5 4 3 4 5 3
802303 21 5 4 3 4 4 3
867839 22 5 4 3 4 5 3
933375 22 5 4 3 4 5 3
1261055 23 5 4 3 4 5 4
1392127 23 5 4 3 4 5 4
1457663 23 5 4 3 4 5 4
1654271 23 5 4 3 4 5 4
1719807 23 5 4 3 4 5 4
1850879 23 5 4 3 4 5 4
220671 21 5 4 3 4 4 3
351743 21 5 4 3 4 4 3
417279 21 5 4 3 4 4 3
482815 22 5 4 3 4 5 3
613887 21 5 4 3 4 4 3
679423 21 5 4 3 4 4 3
744959 22 5 4 3 4 5 3
810495 21 5 4 3 4 4 3
876031 22 5 4 3 4 5 3
941567 22 5 4 3 4 5 3
1269247 23 5 4 3 4 5 4
1400319 23 5 4 3 4 5 4
1465855 23 5 4 3 4 5 4
1662463 23 5 4 3 4 5 4
1727999 23 5 4 3 4 5 4
1859071 23 5 4 3 4 5 4
224767 21 5 4 3 4 4 3
355839 21 5 4 3 4 4 3
421375 21 5 4 3 4 4 3
486911 22 5 4 3 4 5 3
617983 21 5 4 3 4 4 3
683519 21 5 4 3 4 4 3
749055 22 5 4 3 4 5 3
814591 21 5 4 3 4 4 3
880127 22 5 4 3 4 5 3
945663 22 5 4 3 4 5 3
1273343 23 5 4 3 4 5 4
1404415 23 5 4 3 4 5 4
1469951 23 5 4 3 4 5 4
1666559 23 5 4 3 4 5 4
1732095 23 5 4 3 4 5 4
1863167 23 5 4 3 4 5 4
228863 14 4 3 2 2 2 2
359935 14 4 3 2 2 2 2
425471 14 4 3 2 2 2 2
491007 20 5 4 3 4 3 2
622079 14 4 3 2 2 2 2
687615 14 4 3 2 2 2 2
753151 20 5 4 3 4 3 2
818687 14 4 3 2 2 2 2
884223 20 5 4 3 4 3 2
949759 20 5 4 3 4 3 2
1277439 16 4 3 2 3 2 3
1408511 16 4 3 2 3 2 3
1474047 16 4 3 2 3 2 3
1670655 16 4 3 2 3 2 3
1736191 16 4 3 2 3 2 3
1867263 16 4 3 2 3 2 3
237055 21 5 4 3 4 4 3
368127 21 5 4 3 4 4 3
433663 21 5 4 3 4 4 3
499199 22 5 4 3 4 5 3
630271 21 5 4 3 4 4 3
695807 21 5 4 3 4 4 3
761343 22 5 4 3 4 5 3
826879 21 5 4 3 4 4 3
892415 22 5 4 3 4 5 3
957951 22 5 4 3 4 5 3
1285631 23 5 4 3 4 5 4
1416703 23 5 4 3 4 5 4
1482239 23 5 4 3 4 5 4
1678847 23 5 4 3 4 5 4
1744383 23 5 4 3 4 5 4
1875455 23 5 4 3 4 5 4
241151 21 5 4 3 4 4 3
372223 21 5 4 3 4 4 3
437759 21 5 4 3 4 4 3
503295 22 5 4 3 4 5 3
634367 21 5 4 3 4 4 3
699903 21 5 4 3 4 4 3
765439 22 5 4 3 4 5 3
830975 21 5 4 3 4 4 3
896511 22 5 4 3 4 5 3
962047 22 5 4 3 4 5 3
1289727 23 5 4 3 4 5 4
1420799 23 5 4 3 4 5 4
1486335 23 5 4 3 4 5 4
1682943 23 5 4 3 4 5 4
1748479 23 5 4 3 4 5 4
1879551 23 5 4 3 4 5 4
245247 14 4 3 2 2 2 2
376319 14 4 3 2 2 2 2
441855 14 4 3 2 2 2 2
507391 20 5 4 3 4 3 2
638463 14 4 3 2 2 2 2
703999 14 4 3 2 2 2 2
769535 20 5 4 3 4 3 2
835071 14 4 3 2 2 2 2
900607 20 5 4 3 4 3 2
966143 20 5 4 3 4 3 2
1293823 16 4 3 2 3 2 3
1424895 16 4 3 2 3 2 3
1490431 16 4 3 2 3 2 3
1687039 16 4 3 2 3 2 3
1752575 16 4 3 2 3 2 3
1883647 16 4 3 2 3 2 3
249343 21 5 4 3 4 4 3
380415 21 5 4 3 4 4 3
445951 21 5 4 3 4 4 3
511487 22 5 4 3 4 5 3
642559 21 5 4 3 4 4 3
708095 21 5 4 3 4 4 3
773631 22 5 4 3 4 5 3
839167 21 5 4 3 4 4 3
904703 22 5 4 3 4 5 3
970239 22 5 4 3 4 5 3
1297919 23 5 4 3 4 5 4
1428991 23 5 4 3 4 5 4
1494527 23 5 4 3 4 5 4
1691135 23 5 4 3 4 5 4
1756671 23 5 4 3 4 5 4
1887743 23 5 4 3 4 5 4
253439 14 4 3 2 2 2 2
384511 14 4 3 2 2 2 2
450047 14 4 3 2 2 2 2
515583 20 5 4 3 4 3 2
646655 14 4 3 2 2 2 2
712191 14 4 3 2 2 2 2
777727 20 5 4 3 4 3 2
843263 14 4 3 2 2 2 2
908799 20 5 4 3 4 3 2
974335 20 5 4 3 4 3 2
1302015 16 4 3 2 3 2 3
1433087 16 4 3 2 3 2 3
1498623 16 4 3 2 3 2 3
1695231 16 4 3 2 3 2 3
1760767 16 4 3 2 3 2 3
1891839 16 4 3 2 3 2 3
257535 14 4 3 2 2 2 2
388607 14 4 3 2 2 2 2
454143 14 4 3 2 2 2 2
519679 20 5 4 3 4 3 2
650751 14 4 3 2 2 2 2
716287 14 4 3 2 2 2 2
781823 20 5 4 3 4 3 2
847359 14 4 3 2 2 2 2
912895 20 5 4 3 4 3 2
978431 20 5 4 3 4 3 2
1306111 16 4 3 2 3 2 3
1437183 16 4 3 2 3 2 3
1502719 16 4 3 2 3 2 3
1699327 16 4 3 2 3 2 3
1764863 16 4 3 2 3 2 3
1895935 16 4 3 2 3 2 3
212735 21 5 4 3 4 4 3
343807 21 5 4 3 4 4 3
409343 21 5 4 3 4 4 3
474879 22 5 4 3 4 5 3
605951 21 5 4 3 4 4 3
671487 21 5 4 3 4 4 3
737023 22 5 4 3 4 5 3
802559 21 5 4 3 4 4 3
868095 22 5 4 3 4 5 3
933631 22 5 4 3 4 5 3
1261311 23 5 4 3 4 5 4
1392383 23 5 4 3 4 5 4
1457919 23 5 4 3 4 5 4
1654527 23 5 4 3 4 5 4
1720063 23 5 4 3 4 5 4
1851135 23 5 4 3 4 5 4
220927 21 5 4 3 4 4 3
351999 21 5 4 3 4 4 3
417535 21 5 4 3 4 4 3
483071 22 5 4 3 4 5 3
614143 21 5 4 3 4 4 3
679679 21 5 4 3 4 4 3
745215 22 5 4 3 4 5 3
810751 21 5 4 3 4 4 3
876287 22 5 4 3 4 5 3
941823 22 5 4 3 4 5 3
1269503 23 5 4 3 4 5 4
1400575 23 5 4 3 4 5 4
1466111 23 5 4 3 4 5 4
1662719 23 5 4 3 4 5 4
1728255 23 5 4 3 4 5 4
1859327 23 5 4 3 4 5 4
225023 21 5 4 3 4 4 3
356095 21 5 4 3 4 4 3
421631 21 5 4 3 4 4 3
487167 22 5 4 3 4 5 3
618239 21 5 4 3 4 4 3
683775 21 5 4 3 4 4 3
749311 22 5 4 3 4 5 3
814847 21 5 4 3 4 4 3
880383 22 5 4 3 4 5 3
945919 22 5 4 3 4 5 3
1273599 23 5 4 3 4 5 4
1404671 23 5 4 3 4 5 4
1470207 23 5 4 3 4 5 4
1666815 23 5 4 3 4 5 4
1732351 23 5 4 3 4 5 4
1863423 23 5 4 3 4 5 4
229119 14 4 3 2 2 2 2
360191 14 4 3 2 2 2 2
425727 14 4 3 2 2 2 2
491263 20 5 4 3 4 3 2
622335 14 4 3 2 2 2 2
687871 14 4 3 2 2 2 2
753407 20 5 4 3 4 3 2
818943 14 4 3 2 2 2 2
884479 20 5 4 3 4 3 2
950015 20 5 4 3 4 3 2
1277695 16 4 3 2 3 2 3
1408767 16 4 3 2 3 2 3
1474303 16 4 3 2 3 2 3
1670911 16 4 3 2 3 2 3
1736447 16 4 3 2 3 2 3
1867519 16 4 3 2 3 2 3
237311 21 5 4 3 4 4 3
368383 21 5 4 3 4 4 3
433919 21 5 4 3 4 4 3
499455 22 5 4 3 4 5 3
630527 21 5 4 3 4 4 3
696063 21 5 4 3 4 4 3
761599 22 5 4 3 4 5 3
827135 21 5 4 3 4 4 3
892671 22 5 4 3 4 5 3
958207 22 5 4 3 4 5 3
1285887 23 5 4 3 4 5 4
1416959 23 5 4 3 4 5 4
1482495 23 5 4 3 4 5 4
1679103 23 5 4 3 4 5 4
1744639 23 5 4 3 4 5 4
1875711 23 5 4 3 4 5 4
241407 21 5 4 3 4 4 3
372479 21 5 4 3 4 4 3
438015 21 5 4 3 4 4 3
503551 22 5 4 3 4 5 3
634623 21 5 4 3 4 4 3
700159 21 5 4 3 4 4 3
765695 22 5 4 3 4 5 3
831231 21 5 4 3 4 4 3
896767 22 5 4 3 4 5 3
962303 22 5 4 3 4 5 3
1289983 23 5 4 3 4 5 4
1421055 23 5 4 3 4 5 4
1486591 23 5 4 3 4 5 4
1683199 23 5 4 3 4 5 4
1748735 23 5 4 3 4 5 4
1879807 23 5 4 3 4 5 4
245503 14 4 3 2 2 2 2
376575 14 4 3 2 2 2 2
442111 14 4 3 2 2 2 2
507647 20 5 4 3 4 3 2
638719 14 4 3 2 2 2 2
704255 14 4 3 2 2 2 2
769791 20 5 4 3 4 3 2
835327 14 4 3 2 2 2 2
900863 20 5 4 3 4 3 2
966399 20 5 4 3 4 3 2
1294079 16 4 3 2 3 2 3
1425151 16 4 3 2 3 2 3
1490687 16 4 3 2 3 2 3
1687295 16 4 3 2 3 2 3
1752831 16 4 3 2 3 2 3
1883903 16 4 3 2 3 2 3
249599 21 5 4 3 4 4 3
380671 21 5 4 3 4 4 3
446207 21 5 4 3 4 4 3
511743 22 5 4 3 4 5 3
642815 21 5 4 3 4 4 3
708351 21 5 4 3 4 4 3
773887 22 5 4 3 4 5 3
839423 21 5 4 3 4 4 3
904959 22 5 4 3 4 5 3
970495 22 5 4 3 4 5 3
1298175 23 5 4 3 4 5 4
1429247 23 5 4 3 4 5 4
1494783 23 5 4 3 4 5 4
1691391 23 5 4 3 4 5 4
1756927 23 5 4 3 4 5 4
1887999 23 5 4 3 4 5 4
253695 14 4 3 2 2 2 2
384767 14 4 3 2 2 2 2
450303 14 4 3 2 2 2 2
515839 20 5 4 3 4 3 2
646911 14 4 3 2 2 2 2
712447 14 4 3 2 2 2 2
777983 20 5 4 3 4 3 2
843519 14 4 3 2 2 2 2
909055 20 5 4 3 4 3 2
974591 20 5 4 3 4 3 2
1302271 16 4 3 2 3 2 3
1433343 16 4 3 2 3 2 3
1498879 16 4 3 2 3 2 3
1695487 16 4 3 2 3 2 3
1761023 16 4 3 2 3 2 3
1892095 16 4 3 2 3 2 3
257791 14 4 3 2 2 2 2
388863 14 4 3 2 2 2 2
454399 14 4 3 2 2 2 2
519935 20 5 4 3 4 3 2
651007 14 4 3 2 2 2 2
716543 14 4 3 2 2 2 2
782079 20 5 4 3 4 3 2
847615 14 4 3 2 2 2 2
913151 20 5 4 3 4 3 2
978687 20 5 4 3 4 3 2
1306367 16 4 3 2 3 2 3
1437439 16 4 3 2 3 2 3
1502975 16 4 3 2 3 2 3
1699583 16 4 3 2 3 2 3
1765119 16 4 3 2 3 2 3
1896191 16 4 3 2 3 2 3
