489327 15
751471 15
882543 15
948079 15
505711 15
767855 15
898927 15
964463 15
513903 15
776047 15
907119 15
972655 15
517999 15
780143 15
911215 15
976751 15
489391 15
751535 15
882607 15
948143 15
505775 15
767919 15
898991 15
964527 15
513967 15
776111 15
907183 15
972719 15
518063 15
780207 15
911279 15
976815 15
489423 15
751567 15
882639 15
948175 15
505807 15
767951 15
899023 15
964559 15
513999 15
776143 15
907215 15
972751 15
518095 15
780239 15
911311 15
976847 15
226287 14
357359 14
422895 14
488431 15
619503 14
685039 14
750575 15
816111 14
881647 15
947183 15
1274863 15
1405935 15
1471471 15
1668079 15
1733615 15
1864687 15
242671 14
373743 14
439279 14
504815 15
635887 14
701423 14
766959 15
832495 14
898031 15
963567 15
1291247 15
1422319 15
1487855 15
1684463 15
1749999 15
1881071 15
250863 14
381935 14
447471 14
513007 15
644079 14
709615 14
775151 15
840687 14
906223 15
971759 15
1299439 15
1430511 15
1496047 15
1692655 15
1758191 15
1889263 15
254959 14
386031 14
451567 14
517103 15
648175 14
713711 14
779247 15
844783 14
910319 15
975855 15
1303535 15
1434607 15
1500143 15
1696751 15
1762287 15
1893359 15
226799 14
357871 14
423407 14
488943 15
620015 14
685551 14
751087 15
816623 14
882159 15
947695 15
1275375 15
1406447 15
1471983 15
1668591 15
1734127 15
1865199 15
243183 14
374255 14
439791 14
505327 15
636399 14
701935 14
767471 15
833007 14
898543 15
964079 15
1291759 15
1422831 15
1488367 15
1684975 15
1750511 15
1881583 15
251375 14
382447 14
447983 14
513519 15
644591 14
710127 14
775663 15
841199 14
906735 15
972271 15
1299951 15
1431023 15
1496559 15
1693167 15
1758703 15
1889775 15
255471 14
386543 14
452079 14
517615 15
648687 14
714223 14
779759 15
845295 14
910831 15
976367 15
1304047 15
1435119 15
1500655 15
1697263 15
1762799 15
1893871 15
227055 14
358127 14
423663 14
489199 15
620271 14
685807 14
751343 15
816879 14
882415 15
947951 15
1275631 15
1406703 15
1472239 15
1668847 15
1734383 15
1865455 15
243439 14
374511 14
440047 14
505583 15
636655 14
702191 14
767727 15
833263 14
898799 15
964335 15
1292015 15
1423087 15
1488623 15
1685231 15
1750767 15
1881839 15
251631 14
382703 14
448239 14
513775 15
644847 14
710383 14
775919 15
841455 14
906991 15
972527 15
1300207 15
1431279 15
1496815 15
1693423 15
1758959 15
1890031 15
255727 14
386799 14
452335 14
517871 15
648943 14
714479 14
780015 15
845551 14
911087 15
976623 15
1304303 15
1435375 15
1500911 15
1697519 15
1763055 15
1894127 15
210927 14
341999 14
407535 14
473071 15
604143 14
669679 14
735215 15
800751 14
866287 15
931823 15
1259503 15
1390575 15
1456111 15
1652719 15
1718255 15
1849327 15
219119 14
350191 14
415727 14
481263 15
612335 14
677871 14
743407 15
808943 14
874479 15
940015 15
1267695 15
1398767 15
1464303 15
1660911 15
1726447 15
1857519 15
223215 14
354287 14
419823 14
485359 15
616431 14
681967 14
747503 15
813039 14
878575 15
944111 15
1271791 15
1402863 15
1468399 15
1665007 15
1730543 15
1861615 15
227311 15
358383 15
423919 15
489455 16
620527 15
686063 15
751599 16
817135 15
882671 16
948207 16
1275887 16
1406959 16
1472495 16
1669103 16
1734639 16
1865711 16
235503 14
366575 14
432111 14
497647 15
628719 14
694255 14
759791 15
825327 14
890863 15
956399 15
1284079 15
1415151 15
1480687 15
1677295 15
1742831 15
1873903 15
239599 14
370671 14
436207 14
501743 15
632815 14
698351 14
763887 15
829423 14
894959 15
960495 15
1288175 15
1419247 15
1484783 15
1681391 15
1746927 15
1877999 15
243695 15
374767 15
440303 15
505839 16
636911 15
702447 15
767983 16
833519 15
899055 16
964591 16
1292271 16
1423343 16
1488879 16
1685487 16
1751023 16
1882095 16
247791 14
378863 14
444399 14
509935 15
641007 14
706543 14
772079 15
837615 14
903151 15
968687 15
1296367 15
1427439 15
1492975 15
1689583 15
1755119 15
1886191 15
251887 15
382959 15
448495 15
514031 16
645103 15
710639 15
776175 16
841711 15
907247 16
972783 16
1300463 16
1431535 16
1497071 16
1693679 16
1759215 16
1890287 16
255983 15
387055 15
452591 15
518127 16
649199 15
714735 15
780271 16
845807 15
911343 16
976879 16
1304559 16
1435631 16
1501167 16
1697775 16
1763311 16
1894383 16
474095 15
736239 15
867311 15
932847 15
482287 15
744431 15
875503 15
941039 15
486383 15
748527 15
879599 15
945135 15
228335 15
359407 15
424943 15
490479 16
621551 15
687087 15
752623 16
818159 15
883695 16
949231 16
1276911 16
1407983 16
1473519 16
1670127 16
1735663 16
1866735 16
498671 15
760815 15
891887 15
957423 15
502767 15
764911 15
895983 15
961519 15
244719 15
375791 15
441327 15
506863 16
637935 15
703471 15
769007 16
834543 15
900079 16
965615 16
1293295 16
1424367 16
1489903 16
1686511 16
1752047 16
1883119 16
510959 15
773103 15
904175 15
969711 15
252911 15
383983 15
449519 15
515055 16
646127 15
711663 15
777199 16
842735 15
908271 16
973807 16
1301487 16
1432559 16
1498095 16
1694703 16
1760239 16
1891311 16
257007 15
388079 15
453615 15
519151 16
650223 15
715759 15
781295 16
846831 15
912367 16
977903 16
1305583 16
1436655 16
1502191 16
1698799 16
1764335 16
1895407 16
474607 15
736751 15
867823 15
933359 15
482799 15
744943 15
876015 15
941551 15
486895 15
749039 15
880111 15
945647 15
228847 15
359919 15
425455 15
490991 16
622063 15
687599 15
753135 16
818671 15
884207 16
949743 16
1277423 16
1408495 16
1474031 16
1670639 16
1736175 16
1867247 16
499183 15
761327 15
892399 15
957935 15
503279 15
765423 15
896495 15
962031 15
245231 15
376303 15
441839 15
507375 16
638447 15
703983 15
769519 16
835055 15
900591 16
966127 16
1293807 16
1424879 16
1490415 16
1687023 16
1752559 16
1883631 16
511471 15
773615 15
904687 15
970223 15
253423 15
384495 15
450031 15
515567 16
646639 15
712175 15
777711 16
843247 15
908783 16
974319 16
1301999 16
1433071 16
1498607 16
1695215 16
1760751 16
1891823 16
257519 15
388591 15
454127 15
519663 16
650735 15
716271 15
781807 16
847343 15
912879 16
978415 16
1306095 16
1437167 16
1502703 16
1699311 16
1764847 16
1895919 16
474863 15
737007 15
868079 15
933615 15
483055 15
745199 15
876271 15
941807 15
487151 15
749295 15
880367 15
945903 15
229103 15
360175 15
425711 15
491247 16
622319 15
687855 15
753391 16
818927 15
884463 16
949999 16
1277679 16
1408751 16
1474287 16
1670895 16
1736431 16
1867503 16
499439 15
761583 15
892655 15
958191 15
503535 15
765679 15
896751 15
962287 15
245487 15
376559 15
442095 15
507631 16
638703 15
704239 15
769775 16
835311 15
900847 16
966383 16
1294063 16
1425135 16
1490671 16
1687279 16
1752815 16
1883887 16
511727 15
773871 15
904943 15
970479 15
253679 15
384751 15
450287 15
515823 16
646895 15
712431 15
777967 16
843503 15
909039 16
974575 16
1302255 16
1433327 16
1498863 16
1695471 16
1761007 16
1892079 16
257775 15
388847 15
454383 15
519919 16
650991 15
716527 15
782063 16
847599 15
913135 16
978671 16
1306351 16
1437423 16
1502959 16
1699567 16
1765103 16
1896175 16
489463 16
751607 16
882679 16
948215 16
505847 16
767991 16
899063 16
964599 16
514039 16
776183 16
907255 16
972791 16
518135 16
780279 16
911351 16
976887 16
489467 16
751611 16
882683 16
948219 16
505851 16
767995 16
899067 16
964603 16
514043 16
776187 16
907259 16
972795 16
518139 16
780283 16
911355 16
976891 16
227199 15
358271 15
423807 15
489343 16
620415 15
685951 15
751487 16
817023 15
882559 16
948095 16
1275775 16
1406847 16
1472383 16
1668991 16
1734527 16
1865599 16
243583 15
374655 15
440191 15
505727 16
636799 15
702335 15
767871 16
833407 15
898943 16
964479 16
1292159 16
1423231 16
1488767 16
1685375 16
1750911 16
1881983 16
251775 15
382847 15
448383 15
513919 16
644991 15
710527 15
776063 16
841599 15
907135 16
972671 16
1300351 16
1431423 16
1496959 16
1693567 16
1759103 16
1890175 16
255871 15
386943 15
452479 15
518015 16
649087 15
714623 15
780159 16
845695 15
911231 16
976767 16
1304447 16
1435519 16
1501055 16
1697663 16
1763199 16
1894271 16
490367 16
752511 16
883583 16
949119 16
1276799 16
1407871 16
1473407 16
1670015 16
1735551 16
1866623 16
506751 16
768895 16
899967 16
965503 16
1293183 16
1424255 16
1489791 16
1686399 16
1751935 16
1883007 16
514943 16
777087 16
908159 16
973695 16
1301375 16
1432447 16
1497983 16
1694591 16
1760127 16
1891199 16
519039 16
781183 16
912255 16
977791 16
1305471 16
1436543 16
1502079 16
1698687 16
1764223 16
1895295 16
490879 16
753023 16
884095 16
949631 16
1277311 16
1408383 16
1473919 16
1670527 16
1736063 16
1867135 16
507263 16
769407 16
900479 16
966015 16
1293695 16
1424767 16
1490303 16
1686911 16
1752447 16
1883519 16
515455 16
777599 16
908671 16
974207 16
1301887 16
1432959 16
1498495 16
1695103 16
1760639 16
1891711 16
519551 16
781695 16
912767 16
978303 16
1305983 16
1437055 16
1502591 16
1699199 16
1764735 16
1895807 16
491135 16
753279 16
884351 16
949887 16
1277567 16
1408639 16
1474175 16
1670783 16
1736319 16
1867391 16
507519 16
769663 16
900735 16
966271 16
1293951 16
1425023 16
1490559 16
1687167 16
1752703 16
1883775 16
515711 16
777855 16
908927 16
974463 16
1302143 16
1433215 16
1498751 16
1695359 16
1760895 16
1891967 16
519807 16
781951 16
913023 16
978559 16
1306239 16
1437311 16
1502847 16
1699455 16
1764991 16
1896063 16
227263 15
358335 15
423871 15
489407 16
620479 15
686015 15
751551 16
817087 15
882623 16
948159 16
1275839 16
1406911 16
1472447 16
1669055 16
1734591 16
1865663 16
243647 15
374719 15
440255 15
505791 16
636863 15
702399 15
767935 16
833471 15
899007 16
964543 16
1292223 16
1423295 16
1488831 16
1685439 16
1750975 16
1882047 16
251839 15
382911 15
448447 15
513983 16
645055 15
710591 15
776127 16
841663 15
907199 16
972735 16
1300415 16
1431487 16
1497023 16
1693631 16
1759167 16
1890239 16
255935 15
387007 15
452543 15
518079 16
649151 15
714687 15
780223 16
845759 15
911295 16
976831 16
1304511 16
1435583 16
1501119 16
1697727 16
1763263 16
1894335 16
490431 16
752575 16
883647 16
949183 16
1276863 16
1407935 16
1473471 16
1670079 16
1735615 16
1866687 16
506815 16
768959 16
900031 16
965567 16
1293247 16
1424319 16
1489855 16
1686463 16
1751999 16
1883071 16
515007 16
777151 16
908223 16
973759 16
1301439 16
1432511 16
1498047 16
1694655 16
1760191 16
1891263 16
519103 16
781247 16
912319 16
977855 16
1305535 16
1436607 16
1502143 16
1698751 16
1764287 16
1895359 16
490943 16
753087 16
884159 16
949695 16
1277375 16
1408447 16
1473983 16
1670591 16
1736127 16
1867199 16
507327 16
769471 16
900543 16
966079 16
1293759 16
1424831 16
1490367 16
1686975 16
1752511 16
1883583 16
515519 16
777663 16
908735 16
974271 16
1301951 16
1433023 16
1498559 16
1695167 16
1760703 16
1891775 16
519615 16
781759 16
912831 16
978367 16
1306047 16
1437119 16
1502655 16
1699263 16
1764799 16
1895871 16
491199 16
753343 16
884415 16
949951 16
1277631 16
1408703 16
1474239 16
1670847 16
1736383 16
1867455 16
507583 16
769727 16
900799 16
966335 16
1294015 16
1425087 16
1490623 16
1687231 16
1752767 16
1883839 16
515775 16
777919 16
908991 16
974527 16
1302207 16
1433279 16
1498815 16
1695423 16
1760959 16
1892031 16
519871 16
782015 16
913087 16
978623 16
1306303 16
1437375 16
1502911 16
1699519 16
1765055 16
1896127 16
227295 15
358367 15
423903 15
489439 16
620511 15
686047 15
751583 16
817119 15
882655 16
948191 16
1275871 16
1406943 16
1472479 16
1669087 16
1734623 16
1865695 16
243679 15
374751 15
440287 15
505823 16
636895 15
702431 15
767967 16
833503 15
899039 16
964575 16
1292255 16
1423327 16
1488863 16
1685471 16
1751007 16
1882079 16
251871 15
382943 15
448479 15
514015 16
645087 15
710623 15
776159 16
841695 15
907231 16
972767 16
1300447 16
1431519 16
1497055 16
1693663 16
1759199 16
1890271 16
255967 15
387039 15
452575 15
518111 16
649183 15
714719 15
780255 16
845791 15
911327 16
976863 16
1304543 16
1435615 16
1501151 16
1697759 16
1763295 16
1894367 16
490463 16
752607 16
883679 16
949215 16
1276895 16
1407967 16
1473503 16
1670111 16
1735647 16
1866719 16
506847 16
768991 16
900063 16
965599 16
1293279 16
1424351 16
1489887 16
1686495 16
1752031 16
1883103 16
515039 16
777183 16
908255 16
973791 16
1301471 16
1432543 16
1498079 16
1694687 16
1760223 16
1891295 16
519135 16
781279 16
912351 16
977887 16
1305567 16
1436639 16
1502175 16
1698783 16
1764319 16
1895391 16
490975 16
753119 16
884191 16
949727 16
1277407 16
1408479 16
1474015 16
1670623 16
1736159 16
1867231 16
507359 16
769503 16
900575 16
966111 16
1293791 16
1424863 16
1490399 16
1687007 16
1752543 16
1883615 16
515551 16
777695 16
908767 16
974303 16
1301983 16
1433055 16
1498591 16
1695199 16
1760735 16
1891807 16
519647 16
781791 16
912863 16
978399 16
1306079 16
1437151 16
1502687 16
1699295 16
1764831 16
1895903 16
491231 16
753375 16
884447 16
949983 16
1277663 16
1408735 16
1474271 16
1670879 16
1736415 16
1867487 16
507615 16
769759 16
900831 16
966367 16
1294047 16
1425119 16
1490655 16
1687263 16
1752799 16
1883871 16
515807 16
777951 16
909023 16
974559 16
1302239 16
1433311 16
1498847 16
1695455 16
1760991 16
1892063 16
519903 16
782047 16
913119 16
978655 16
1306335 16
1437407 16
1502943 16
1699551 16
1765087 16
1896159 16
472063 15
734207 15
865279 15
930815 15
480255 15
742399 15
873471 15
939007 15
484351 15
746495 15
877567 15
943103 15
226303 15
357375 15
422911 15
488447 16
619519 15
685055 15
750591 16
816127 15
881663 16
947199 16
1274879 16
1405951 16
1471487 16
1668095 16
1733631 16
1864703 16
496639 15
758783 15
889855 15
955391 15
500735 15
762879 15
893951 15
959487 15
242687 15
373759 15
439295 15
504831 16
635903 15
701439 15
766975 16
832511 15
898047 16
963583 16
1291263 16
1422335 16
1487871 16
1684479 16
1750015 16
1881087 16
508927 15
771071 15
902143 15
967679 15
250879 15
381951 15
447487 15
513023 16
644095 15
709631 15
775167 16
840703 15
906239 16
971775 16
1299455 16
1430527 16
1496063 16
1692671 16
1758207 16
1889279 16
254975 15
386047 15
451583 15
517119 16
648191 15
713727 15
779263 16
844799 15
910335 16
975871 16
1303551 16
1434623 16
1500159 16
1696767 16
1762303 16
1893375 16
472575 15
734719 15
865791 15
931327 15
480767 15
742911 15
873983 15
939519 15
484863 15
747007 15
878079 15
943615 15
226815 15
357887 15
423423 15
488959 16
620031 15
685567 15
751103 16
816639 15
882175 16
947711 16
1275391 16
1406463 16
1471999 16
1668607 16
1734143 16
1865215 16
497151 15
759295 15
890367 15
955903 15
501247 15
763391 15
894463 15
959999 15
243199 15
374271 15
439807 15
505343 16
636415 15
701951 15
767487 16
833023 15
898559 16
964095 16
1291775 16
1422847 16
1488383 16
1684991 16
1750527 16
1881599 16
509439 15
771583 15
902655 15
968191 15
251391 15
382463 15
447999 15
513535 16
644607 15
710143 15
775679 16
841215 15
906751 16
972287 16
1299967 16
1431039 16
1496575 16
1693183 16
1758719 16
1889791 16
255487 15
386559 15
452095 15
517631 16
648703 15
714239 15
779775 16
845311 15
910847 16
976383 16
1304063 16
1435135 16
1500671 16
1697279 16
1762815 16
1893887 16
472831 15
734975 15
866047 15
931583 15
481023 15
743167 15
874239 15
939775 15
485119 15
747263 15
878335 15
943871 15
227071 15
358143 15
423679 15
489215 16
620287 15
685823 15
751359 16
816895 15
882431 16
947967 16
1275647 16
1406719 16
1472255 16
1668863 16
1734399 16
1865471 16
497407 15
759551 15
890623 15
956159 15
501503 15
763647 15
894719 15
960255 15
243455 15
374527 15
440063 15
505599 16
636671 15
702207 15
767743 16
833279 15
898815 16
964351 16
1292031 16
1423103 16
1488639 16
1685247 16
1750783 16
1881855 16
509695 15
771839 15
902911 15
968447 15
251647 15
382719 15
448255 15
513791 16
644863 15
710399 15
775935 16
841471 15
907007 16
972543 16
1300223 16
1431295 16
1496831 16
1693439 16
1758975 16
1890047 16
255743 15
386815 15
452351 15
517887 16
648959 15
714495 15
780031 16
845567 15
911103 16
976639 16
1304319 16
1435391 16
1500927 16
1697535 16
1763071 16
1894143 16
210943 15
342015 15
407551 15
473087 16
604159 15
669695 15
735231 16
800767 15
866303 16
931839 16
1259519 16
1390591 16
1456127 16
1652735 16
1718271 16
1849343 16
219135 15
350207 15
415743 15
481279 16
612351 15
677887 15
743423 16
808959 15
874495 16
940031 16
1267711 16
1398783 16
1464319 16
1660927 16
1726463 16
1857535 16
223231 15
354303 15
419839 15
485375 16
616447 15
681983 15
747519 16
813055 15
878591 16
944127 16
1271807 16
1402879 16
1468415 16
1665023 16
1730559 16
1861631 16
227327 16
358399 16
423935 16
489471 16
620543 16
686079 16
751615 17
817151 16
882687 17
948223 17
1144831 16
1210367 16
1275903 17
1341439 16
1406975 17
1472511 17
1603583 16
1669119 17
1734655 17
1865727 17
235519 15
366591 15
432127 15
497663 16
628735 15
694271 15
759807 16
825343 15
890879 16
956415 16
1284095 16
1415167 16
1480703 16
1677311 16
1742847 16
1873919 16
239615 15
370687 15
436223 15
501759 16
632831 15
698367 15
763903 16
829439 15
894975 16
960511 16
1288191 16
1419263 16
1484799 16
1681407 16
1746943 16
1878015 16
243711 16
374783 16
440319 16
505855 17
636927 16
702463 16
767999 17
833535 16
899071 17
964607 17
1161215 16
1226751 16
1292287 17
1357823 16
1423359 17
1488895 17
1619967 16
1685503 17
1751039 17
1882111 17
247807 15
378879 15
444415 15
509951 16
641023 15
706559 15
772095 16
837631 15
903167 16
968703 16
1296383 16
1427455 16
1492991 16
1689599 16
1755135 16
1886207 16
251903 16
382975 16
448511 16
514047 17
645119 16
710655 16
776191 17
841727 16
907263 17
972799 17
1169407 16
1234943 16
1300479 17
1366015 16
1431551 17
1497087 17
1628159 16
1693695 17
1759231 17
1890303 17
255999 16
387071 16
452607 16
518143 17
649215 16
714751 16
780287 17
845823 16
911359 17
976895 17
1173503 16
1239039 16
1304575 17
1370111 16
1435647 17
1501183 17
1632255 16
1697791 17
1763327 17
1894399 17
211967 15
343039 15
408575 15
474111 16
605183 15
670719 15
736255 16
801791 15
867327 16
932863 16
1260543 16
1391615 16
1457151 16
1653759 16
1719295 16
1850367 16
220159 15
351231 15
416767 15
482303 16
613375 15
678911 15
744447 16
809983 15
875519 16
941055 16
1268735 16
1399807 16
1465343 16
1661951 16
1727487 16
1858559 16
224255 15
355327 15
420863 15
486399 16
617471 15
683007 15
748543 16
814079 15
879615 16
945151 16
1272831 16
1403903 16
1469439 16
1666047 16
1731583 16
1862655 16
228351 16
359423 16
424959 16
490495 17
621567 16
687103 16
752639 17
818175 16
883711 17
949247 17
1276927 17
1407999 17
1473535 17
1670143 17
1735679 17
1866751 17
236543 15
367615 15
433151 15
498687 16
629759 15
695295 15
760831 16
826367 15
891903 16
957439 16
1285119 16
1416191 16
1481727 16
1678335 16
1743871 16
1874943 16
240639 15
371711 15
437247 15
502783 16
633855 15
699391 15
764927 16
830463 15
895999 16
961535 16
1289215 16
1420287 16
1485823 16
1682431 16
1747967 16
1879039 16
244735 16
375807 16
441343 16
506879 17
637951 16
703487 16
769023 17
834559 16
900095 17
965631 17
1293311 17
1424383 17
1489919 17
1686527 17
1752063 17
1883135 17
248831 15
379903 15
445439 15
510975 16
642047 15
707583 15
773119 16
838655 15
904191 16
969727 16
1297407 16
1428479 16
1494015 16
1690623 16
1756159 16
1887231 16
252927 16
383999 16
449535 16
515071 17
646143 16
711679 16
777215 17
842751 16
908287 17
973823 17
1301503 17
1432575 17
1498111 17
1694719 17
1760255 17
1891327 17
257023 16
388095 16
453631 16
519167 17
650239 16
715775 16
781311 17
846847 16
912383 17
977919 17
1305599 17
1436671 17
1502207 17
1698815 17
1764351 17
1895423 17
212479 15
343551 15
409087 15
474623 16
605695 15
671231 15
736767 16
802303 15
867839 16
933375 16
1261055 16
1392127 16
1457663 16
1654271 16
1719807 16
1850879 16
220671 15
351743 15
417279 15
482815 16
613887 15
679423 15
744959 16
810495 15
876031 16
941567 16
1269247 16
1400319 16
1465855 16
1662463 16
1727999 16
1859071 16
224767 15
355839 15
421375 15
486911 16
617983 15
683519 15
749055 16
814591 15
880127 16
945663 16
1273343 16
1404415 16
1469951 16
1666559 16
1732095 16
1863167 16
228863 16
359935 16
425471 16
491007 17
622079 16
687615 16
753151 17
818687 16
884223 17
949759 17
1277439 17
1408511 17
1474047 17
1670655 17
1736191 17
1867263 17
237055 15
368127 15
433663 15
499199 16
630271 15
695807 15
761343 16
826879 15
892415 16
957951 16
1285631 16
1416703 16
1482239 16
1678847 16
1744383 16
1875455 16
241151 15
372223 15
437759 15
503295 16
634367 15
699903 15
765439 16
830975 15
896511 16
962047 16
1289727 16
1420799 16
1486335 16
1682943 16
1748479 16
1879551 16
245247 16
376319 16
441855 16
507391 17
638463 16
703999 16
769535 17
835071 16
900607 17
966143 17
1293823 17
1424895 17
1490431 17
1687039 17
1752575 17
1883647 17
249343 15
380415 15
445951 15
511487 16
642559 15
708095 15
773631 16
839167 15
904703 16
970239 16
1297919 16
1428991 16
1494527 16
1691135 16
1756671 16
1887743 16
253439 16
384511 16
450047 16
515583 17
646655 16
712191 16
777727 17
843263 16
908799 17
974335 17
1302015 17
1433087 17
1498623 17
1695231 17
1760767 17
1891839 17
257535 16
388607 16
454143 16
519679 17
650751 16
716287 16
781823 17
847359 16
912895 17
978431 17
1306111 17
1437183 17
1502719 17
1699327 17
1764863 17
1895935 16
212735 15
343807 15
409343 15
474879 16
605951 15
671487 15
737023 16
802559 15
868095 16
933631 16
1261311 16
1392383 16
1457919 16
1654527 16
1720063 16
1851135 16
220927 15
351999 15
417535 15
483071 16
614143 15
679679 15
745215 16
810751 15
876287 16
941823 16
1269503 16
1400575 16
1466111 16
1662719 16
1728255 16
1859327 16
225023 15
356095 15
421631 15
487167 16
618239 15
683775 15
749311 16
814847 15
880383 16
945919 16
1273599 16
1404671 16
1470207 16
1666815 16
1732351 16
1863423 16
229119 16
360191 16
425727 16
491263 17
622335 16
687871 16
753407 17
818943 16
884479 17
950015 17
1277695 17
1408767 17
1474303 17
1670911 17
1736447 17
1867519 17
237311 15
368383 15
433919 15
499455 16
630527 15
696063 15
761599 16
827135 15
892671 16
958207 16
1285887 16
1416959 16
1482495 16
1679103 16
1744639 16
1875711 16
241407 15
372479 15
438015 15
503551 16
634623 15
700159 15
765695 16
831231 15
896767 16
962303 16
1289983 16
1421055 16
1486591 16
1683199 16
1748735 16
1879807 16
245503 16
376575 16
442111 16
507647 17
638719 16
704255 16
769791 17
835327 16
900863 17
966399 17
1294079 17
1425151 17
1490687 17
1687295 17
1752831 17
1883903 17
249599 15
380671 15
446207 15
511743 16
642815 15
708351 15
773887 16
839423 15
904959 16
970495 16
1298175 16
1429247 16
1494783 16
1691391 16
1756927 16
1887999 16
253695 16
384767 16
450303 16
515839 17
646911 16
712447 16
777983 17
843519 16
909055 17
974591 17
1302271 17
1433343 17
1498879 17
1695487 17
1761023 17
1892095 17
257791 16
388863 16
454399 16
519935 17
651007 16
716543 16
782079 17
847615 16
913151 17
978687 17
1306367 17
1437439 17
1502975 17
1699583 17
1765119 17
1896191 17
