489327
751471
882543
948079
505711
767855
898927
964463
513903
776047
907119
972655
517999
780143
911215
976751
489391
751535
882607
948143
505775
767919
898991
964527
513967
776111
907183
972719
518063
780207
911279
976815
489423
751567
882639
948175
505807
767951
899023
964559
513999
776143
907215
972751
518095
780239
911311
976847
226287
357359
422895
488431
619503
685039
750575
816111
881647
947183
1274863
1405935
1471471
1668079
1733615
1864687
242671
373743
439279
504815
635887
701423
766959
832495
898031
963567
1291247
1422319
1487855
1684463
1749999
1881071
250863
381935
447471
513007
644079
709615
775151
840687
906223
971759
1299439
1430511
1496047
1692655
1758191
1889263
254959
386031
451567
517103
648175
713711
779247
844783
910319
975855
1303535
1434607
1500143
1696751
1762287
1893359
226799
357871
423407
488943
620015
685551
751087
816623
882159
947695
1275375
1406447
1471983
1668591
1734127
1865199
243183
374255
439791
505327
636399
701935
767471
833007
898543
964079
1291759
1422831
1488367
1684975
1750511
1881583
251375
382447
447983
513519
644591
710127
775663
841199
906735
972271
1299951
1431023
1496559
1693167
1758703
1889775
255471
386543
452079
517615
648687
714223
779759
845295
910831
976367
1304047
1435119
1500655
1697263
1762799
1893871
227055
358127
423663
489199
620271
685807
751343
816879
882415
947951
1275631
1406703
1472239
1668847
1734383
1865455
243439
374511
440047
505583
636655
702191
767727
833263
898799
964335
1292015
1423087
1488623
1685231
1750767
1881839
251631
382703
448239
513775
644847
710383
775919
841455
906991
972527
1300207
1431279
1496815
1693423
1758959
1890031
255727
386799
452335
517871
648943
714479
780015
845551
911087
976623
1304303
1435375
1500911
1697519
1763055
1894127
210927
341999
407535
473071
604143
669679
735215
800751
866287
931823
1259503
1390575
1456111
1652719
1718255
1849327
219119
350191
415727
481263
612335
677871
743407
808943
874479
940015
1267695
1398767
1464303
1660911
1726447
1857519
223215
354287
419823
485359
616431
681967
747503
813039
878575
944111
1271791
1402863
1468399
1665007
1730543
1861615
227311
358383
423919
489455
620527
686063
751599
817135
882671
948207
1275887
1406959
1472495
1669103
1734639
1865711
235503
366575
432111
497647
628719
694255
759791
825327
890863
956399
1284079
1415151
1480687
1677295
1742831
1873903
239599
370671
436207
501743
632815
698351
763887
829423
894959
960495
1288175
1419247
1484783
1681391
1746927
1877999
243695
374767
440303
505839
636911
702447
767983
833519
899055
964591
1292271
1423343
1488879
1685487
1751023
1882095
247791
378863
444399
509935
641007
706543
772079
837615
903151
968687
1296367
1427439
1492975
1689583
1755119
1886191
251887
382959
448495
514031
645103
710639
776175
841711
907247
972783
1300463
1431535
1497071
1693679
1759215
1890287
255983
387055
452591
518127
649199
714735
780271
845807
911343
976879
1304559
1435631
1501167
1697775
1763311
1894383
474095
736239
867311
932847
482287
744431
875503
941039
486383
748527
879599
945135
228335
359407
424943
490479
621551
687087
752623
818159
883695
949231
1276911
1407983
1473519
1670127
1735663
1866735
498671
760815
891887
957423
502767
764911
895983
961519
244719
375791
441327
506863
637935
703471
769007
834543
900079
965615
1293295
1424367
1489903
1686511
1752047
1883119
510959
773103
904175
969711
252911
383983
449519
515055
646127
711663
777199
842735
908271
973807
1301487
1432559
1498095
1694703
1760239
1891311
257007
388079
453615
519151
650223
715759
781295
846831
912367
977903
1305583
1436655
1502191
1698799
1764335
1895407
474607
736751
867823
933359
482799
744943
876015
941551
486895
749039
880111
945647
228847
359919
425455
490991
622063
687599
753135
818671
884207
949743
1277423
1408495
1474031
1670639
1736175
1867247
499183
761327
892399
957935
503279
765423
896495
962031
245231
376303
441839
507375
638447
703983
769519
835055
900591
966127
1293807
1424879
1490415
1687023
1752559
1883631
511471
773615
904687
970223
253423
384495
450031
515567
646639
712175
777711
843247
908783
974319
1301999
1433071
1498607
1695215
1760751
1891823
257519
388591
454127
519663
650735
716271
781807
847343
912879
978415
1306095
1437167
1502703
1699311
1764847
1895919
474863
737007
868079
933615
483055
745199
876271
941807
487151
749295
880367
945903
229103
360175
425711
491247
622319
687855
753391
818927
884463
949999
1277679
1408751
1474287
1670895
1736431
1867503
499439
761583
892655
958191
503535
765679
896751
962287
245487
376559
442095
507631
638703
704239
769775
835311
900847
966383
1294063
1425135
1490671
1687279
1752815
1883887
511727
773871
904943
970479
253679
384751
450287
515823
646895
712431
777967
843503
909039
974575
1302255
1433327
1498863
1695471
1761007
1892079
257775
388847
454383
519919
650991
716527
782063
847599
913135
978671
1306351
1437423
1502959
1699567
1765103
1896175
489463
751607
882679
948215
505847
767991
899063
964599
514039
776183
907255
972791
518135
780279
911351
976887
489467
751611
882683
948219
505851
767995
899067
964603
514043
776187
907259
972795
518139
780283
911355
976891
227199
358271
423807
489343
620415
685951
751487
817023
882559
948095
1275775
1406847
1472383
1668991
1734527
1865599
243583
374655
440191
505727
636799
702335
767871
833407
898943
964479
1292159
1423231
1488767
1685375
1750911
1881983
251775
382847
448383
513919
644991
710527
776063
841599
907135
972671
1300351
1431423
1496959
1693567
1759103
1890175
255871
386943
452479
518015
649087
714623
780159
845695
911231
976767
1304447
1435519
1501055
1697663
1763199
1894271
490367
752511
883583
949119
1276799
1407871
1473407
1670015
1735551
1866623
506751
768895
899967
965503
1293183
1424255
1489791
1686399
1751935
1883007
514943
777087
908159
973695
1301375
1432447
1497983
1694591
1760127
1891199
519039
781183
912255
977791
1305471
1436543
1502079
1698687
1764223
1895295
490879
753023
884095
949631
1277311
1408383
1473919
1670527
1736063
1867135
507263
769407
900479
966015
1293695
1424767
1490303
1686911
1752447
1883519
515455
777599
908671
974207
1301887
1432959
1498495
1695103
1760639
1891711
519551
781695
912767
978303
1305983
1437055
1502591
1699199
1764735
1895807
491135
753279
884351
949887
1277567
1408639
1474175
1670783
1736319
1867391
507519
769663
900735
966271
1293951
1425023
1490559
1687167
1752703
1883775
515711
777855
908927
974463
1302143
1433215
1498751
1695359
1760895
1891967
519807
781951
913023
978559
1306239
1437311
1502847
1699455
1764991
1896063
227263
358335
423871
489407
620479
686015
751551
817087
882623
948159
1275839
1406911
1472447
1669055
1734591
1865663
243647
374719
440255
505791
636863
702399
767935
833471
899007
964543
1292223
1423295
1488831
1685439
1750975
1882047
251839
382911
448447
513983
645055
710591
776127
841663
907199
972735
1300415
1431487
1497023
1693631
1759167
1890239
255935
387007
452543
518079
649151
714687
780223
845759
911295
976831
1304511
1435583
1501119
1697727
1763263
1894335
490431
752575
883647
949183
1276863
1407935
1473471
1670079
1735615
1866687
506815
768959
900031
965567
1293247
1424319
1489855
1686463
1751999
1883071
515007
777151
908223
973759
1301439
1432511
1498047
1694655
1760191
1891263
519103
781247
912319
977855
1305535
1436607
1502143
1698751
1764287
1895359
490943
753087
884159
949695
1277375
1408447
1473983
1670591
1736127
1867199
507327
769471
900543
966079
1293759
1424831
1490367
1686975
1752511
1883583
515519
777663
908735
974271
1301951
1433023
1498559
1695167
1760703
1891775
519615
781759
912831
978367
1306047
1437119
1502655
1699263
1764799
1895871
491199
753343
884415
949951
1277631
1408703
1474239
1670847
1736383
1867455
507583
769727
900799
966335
1294015
1425087
1490623
1687231
1752767
1883839
515775
777919
908991
974527
1302207
1433279
1498815
1695423
1760959
1892031
519871
782015
913087
978623
1306303
1437375
1502911
1699519
1765055
1896127
227295
358367
423903
489439
620511
686047
751583
817119
882655
948191
1275871
1406943
1472479
1669087
1734623
1865695
243679
374751
440287
505823
636895
702431
767967
833503
899039
964575
1292255
1423327
1488863
1685471
1751007
1882079
251871
382943
448479
514015
645087
710623
776159
841695
907231
972767
1300447
1431519
1497055
1693663
1759199
1890271
255967
387039
452575
518111
649183
714719
780255
845791
911327
976863
1304543
1435615
1501151
1697759
1763295
1894367
490463
752607
883679
949215
1276895
1407967
1473503
1670111
1735647
1866719
506847
768991
900063
965599
1293279
1424351
1489887
1686495
1752031
1883103
515039
777183
908255
973791
1301471
1432543
1498079
1694687
1760223
1891295
519135
781279
912351
977887
1305567
1436639
1502175
1698783
1764319
1895391
490975
753119
884191
949727
1277407
1408479
1474015
1670623
1736159
1867231
507359
769503
900575
966111
1293791
1424863
1490399
1687007
1752543
1883615
515551
777695
908767
974303
1301983
1433055
1498591
1695199
1760735
1891807
519647
781791
912863
978399
1306079
1437151
1502687
1699295
1764831
1895903
491231
753375
884447
949983
1277663
1408735
1474271
1670879
1736415
1867487
507615
769759
900831
966367
1294047
1425119
1490655
1687263
1752799
1883871
515807
777951
909023
974559
1302239
1433311
1498847
1695455
1760991
1892063
519903
782047
913119
978655
1306335
1437407
1502943
1699551
1765087
1896159
472063
734207
865279
930815
480255
742399
873471
939007
484351
746495
877567
943103
226303
357375
422911
488447
619519
685055
750591
816127
881663
947199
1274879
1405951
1471487
1668095
1733631
1864703
496639
758783
889855
955391
500735
762879
893951
959487
242687
373759
439295
504831
635903
701439
766975
832511
898047
963583
1291263
1422335
1487871
1684479
1750015
1881087
508927
771071
902143
967679
250879
381951
447487
513023
644095
709631
775167
840703
906239
971775
1299455
1430527
1496063
1692671
1758207
1889279
254975
386047
451583
517119
648191
713727
779263
844799
910335
975871
1303551
1434623
1500159
1696767
1762303
1893375
472575
734719
865791
931327
480767
742911
873983
939519
484863
747007
878079
943615
226815
357887
423423
488959
620031
685567
751103
816639
882175
947711
1275391
1406463
1471999
1668607
1734143
1865215
497151
759295
890367
955903
501247
763391
894463
959999
243199
374271
439807
505343
636415
701951
767487
833023
898559
964095
1291775
1422847
1488383
1684991
1750527
1881599
509439
771583
902655
968191
251391
382463
447999
513535
644607
710143
775679
841215
906751
972287
1299967
1431039
1496575
1693183
1758719
1889791
255487
386559
452095
517631
648703
714239
779775
845311
910847
976383
1304063
1435135
1500671
1697279
1762815
1893887
472831
734975
866047
931583
481023
743167
874239
939775
485119
747263
878335
943871
227071
358143
423679
489215
620287
685823
751359
816895
882431
947967
1275647
1406719
1472255
1668863
1734399
1865471
497407
759551
890623
956159
501503
763647
894719
960255
243455
374527
440063
505599
636671
702207
767743
833279
898815
964351
1292031
1423103
1488639
1685247
1750783
1881855
509695
771839
902911
968447
251647
382719
448255
513791
644863
710399
775935
841471
907007
972543
1300223
1431295
1496831
1693439
1758975
1890047
255743
386815
452351
517887
648959
714495
780031
845567
911103
976639
1304319
1435391
1500927
1697535
1763071
1894143
210943
342015
407551
473087
604159
669695
735231
800767
866303
931839
1259519
1390591
1456127
1652735
1718271
1849343
219135
350207
415743
481279
612351
677887
743423
808959
874495
940031
1267711
1398783
1464319
1660927
1726463
1857535
223231
354303
419839
485375
616447
681983
747519
813055
878591
944127
1271807
1402879
1468415
1665023
1730559
1861631
227327
358399
423935
489471
620543
686079
751615
817151
882687
948223
1144831
1210367
1275903
1341439
1406975
1472511
1603583
1669119
1734655
1865727
235519
366591
432127
497663
628735
694271
759807
825343
890879
956415
1284095
1415167
1480703
1677311
1742847
1873919
239615
370687
436223
501759
632831
698367
763903
829439
894975
960511
1288191
1419263
1484799
1681407
1746943
1878015
243711
374783
440319
505855
636927
702463
767999
833535
899071
964607
1161215
1226751
1292287
1357823
1423359
1488895
1619967
1685503
1751039
1882111
247807
378879
444415
509951
641023
706559
772095
837631
903167
968703
1296383
1427455
1492991
1689599
1755135
1886207
251903
382975
448511
514047
645119
710655
776191
841727
907263
972799
1169407
1234943
1300479
1366015
1431551
1497087
1628159
1693695
1759231
1890303
255999
387071
452607
518143
649215
714751
780287
845823
911359
976895
1173503
1239039
1304575
1370111
1435647
1501183
1632255
1697791
1763327
1894399
211967
343039
408575
474111
605183
670719
736255
801791
867327
932863
1260543
1391615
1457151
1653759
1719295
1850367
220159
351231
416767
482303
613375
678911
744447
809983
875519
941055
1268735
1399807
1465343
1661951
1727487
1858559
224255
355327
420863
486399
617471
683007
748543
814079
879615
945151
1272831
1403903
1469439
1666047
1731583
1862655
228351
359423
424959
490495
621567
687103
752639
818175
883711
949247
1276927
1407999
1473535
1670143
1735679
1866751
236543
367615
433151
498687
629759
695295
760831
826367
891903
957439
1285119
1416191
1481727
1678335
1743871
1874943
240639
371711
437247
502783
633855
699391
764927
830463
895999
961535
1289215
1420287
1485823
1682431
1747967
1879039
244735
375807
441343
506879
637951
703487
769023
834559
900095
965631
1293311
1424383
1489919
1686527
1752063
1883135
248831
379903
445439
510975
642047
707583
773119
838655
904191
969727
1297407
1428479
1494015
1690623
1756159
1887231
252927
383999
449535
515071
646143
711679
777215
842751
908287
973823
1301503
1432575
1498111
1694719
1760255
1891327
257023
388095
453631
519167
650239
715775
781311
846847
912383
977919
1305599
1436671
1502207
1698815
1764351
1895423
212479
343551
409087
474623
605695
671231
736767
802303
867839
933375
1261055
1392127
1457663
1654271
1719807
1850879
220671
351743
417279
482815
613887
679423
744959
810495
876031
941567
1269247
1400319
1465855
1662463
1727999
1859071
224767
355839
421375
486911
617983
683519
749055
814591
880127
945663
1273343
1404415
1469951
1666559
1732095
1863167
228863
359935
425471
491007
622079
687615
753151
818687
884223
949759
1277439
1408511
1474047
1670655
1736191
1867263
237055
368127
433663
499199
630271
695807
761343
826879
892415
957951
1285631
1416703
1482239
1678847
1744383
1875455
241151
372223
437759
503295
634367
699903
765439
830975
896511
962047
1289727
1420799
1486335
1682943
1748479
1879551
245247
376319
441855
507391
638463
703999
769535
835071
900607
966143
1293823
1424895
1490431
1687039
1752575
1883647
249343
380415
445951
511487
642559
708095
773631
839167
904703
970239
1297919
1428991
1494527
1691135
1756671
1887743
253439
384511
450047
515583
646655
712191
777727
843263
908799
974335
1302015
1433087
1498623
1695231
1760767
1891839
257535
388607
454143
519679
650751
716287
781823
847359
912895
978431
1306111
1437183
1502719
1699327
1764863
1895935
212735
343807
409343
474879
605951
671487
737023
802559
868095
933631
1261311
1392383
1457919
1654527
1720063
1851135
220927
351999
417535
483071
614143
679679
745215
810751
876287
941823
1269503
1400575
1466111
1662719
1728255
1859327
225023
356095
421631
487167
618239
683775
749311
814847
880383
945919
1273599
1404671
1470207
1666815
1732351
1863423
229119
360191
425727
491263
622335
687871
753407
818943
884479
950015
1277695
1408767
1474303
1670911
1736447
1867519
237311
368383
433919
499455
630527
696063
761599
827135
892671
958207
1285887
1416959
1482495
1679103
1744639
1875711
241407
372479
438015
503551
634623
700159
765695
831231
896767
962303
1289983
1421055
1486591
1683199
1748735
1879807
245503
376575
442111
507647
638719
704255
769791
835327
900863
966399
1294079
1425151
1490687
1687295
1752831
1883903
249599
380671
446207
511743
642815
708351
773887
839423
904959
970495
1298175
1429247
1494783
1691391
1756927
1887999
253695
384767
450303
515839
646911
712447
777983
843519
909055
974591
1302271
1433343
1498879
1695487
1761023
1892095
257791
388863
454399
519935
651007
716543
782079
847615
913151
978687
1306367
1437439
1502975
1699583
1765119
1896191
