0 31317
1 30794
2 25206
3 21751
4 5636
5 24445
6 15387
7 18021
8 28716
9 1859
10 2043
11 8813
12 24008
13 28839
14 9402
15 14736
16 6382
17 1226
18 9161
19 29876
20 16416
21 16820
22 25573
23 10953
24 5276
25 3699
26 16542
27 24364
28 24038
29 7869
30 490
31 11610
32 26472
33 11297
34 363
35 19402
36 288
37 22116
38 24950
39 21431
40 21737
41 17595
42 3959
43 21158
44 11265
45 18265
46 30816
47 24470
48 21833
49 8253
50 14239
51 5535
52 15445
53 6774
54 21370
55 22960
56 17277
57 9161
58 7302
59 32310
60 26606
61 6984
62 31553
63 18017
64 29358
65 32206
66 9004
67 11694
68 7136
69 7476
70 4602
71 31065
72 7818
73 6674
74 4328
75 22066
76 21938
77 18039
78 3861
79 17174
80 18666
81 7180
82 20979
83 32327
84 14381
85 17840
86 28390
87 29458
88 23227
89 18202
90 6815
91 15480
92 18144
93 25458
94 6866
95 12554
96 23774
97 27650
98 7748
99 15615
100 30799
101 2615
102 3647
103 18850
104 3866
105 5144
106 4573
107 22973
108 1266
109 4342
110 29559
111 12948
112 9748
113 26778
114 15190
115 19740
116 27018
117 17221
118 19451
119 1795
120 22768
121 21941
122 30949
123 859
124 28464
125 22307
126 4800
127 32659
128 24018
129 598
130 2818
131 15481
132 13518
133 18428
134 1468
135 20953
136 12350
137 2877
138 13943
139 20922
140 15711
141 16043
142 13695
143 12124
144 11414
145 10748
146 27011
147 4528
148 5783
149 14604
150 19526
151 10917
152 22430
