1814 127 8 0 0 0 0 0 5 11 0 0 0 0 4 0 13 0 0 0 0 0 4 13 0 0 0 0 0 4 13 0 0 0 0 0 4 19 0 0 0 0 0 3 25 0 0 0 0 0 2 25 0 0 0 0 0 2
1814 127 8 0 0 0 0 0 5 11 0 0 0 0 4 0 13 0 0 0 0 0 4 13 0 0 0 0 0 4 19 0 0 0 0 0 3 19 0 0 0 0 0 3 19 0 0 0 0 0 3 25 0 0 0 0 0 2
1814 127 8 0 0 0 0 0 5 11 0 0 0 0 4 0 13 0 0 0 0 0 4 19 0 0 0 0 0 3 19 0 0 0 0 0 3 19 0 0 0 0 0 3 19 0 0 0 0 0 3 19 0 0 0 0 0 3
1814 127 8 0 0 0 0 0 5 12 0 0 0 0 2 2 12 0 0 0 0 2 2 13 0 0 0 0 0 4 13 0 0 0 0 0 4 19 0 0 0 0 0 3 25 0 0 0 0 0 2 25 0 0 0 0 0 2
1814 127 8 0 0 0 0 0 5 12 0 0 0 0 2 2 12 0 0 0 0 2 2 13 0 0 0 0 0 4 19 0 0 0 0 0 3 19 0 0 0 0 0 3 19 0 0 0 0 0 3 25 0 0 0 0 0 2
1814 127 8 0 0 0 0 0 5 12 0 0 0 0 2 2 12 0 0 0 0 2 2 19 0 0 0 0 0 3 19 0 0 0 0 0 3 19 0 0 0 0 0 3 19 0 0 0 0 0 3 19 0 0 0 0 0 3
1814 127 8 0 0 0 0 0 5 12 0 0 0 0 2 2 13 0 0 0 0 0 4 13 0 0 0 0 0 4 13 0 0 0 0 0 4 18 0 0 0 0 2 1 25 0 0 0 0 0 2 25 0 0 0 0 0 2
1814 127 8 0 0 0 0 0 5 12 0 0 0 0 2 2 13 0 0 0 0 0 4 13 0 0 0 0 0 4 18 0 0 0 0 2 1 19 0 0 0 0 0 3 19 0 0 0 0 0 3 25 0 0 0 0 0 2
1814 127 8 0 0 0 0 0 5 12 0 0 0 0 2 2 13 0 0 0 0 0 4 18 0 0 0 0 2 1 19 0 0 0 0 0 3 19 0 0 0 0 0 3 19 0 0 0 0 0 3 19 0 0 0 0 0 3
1814 127 8 0 0 0 0 0 5 13 0 0 0 0 0 4 13 0 0 0 0 0 4 13 0 0 0 0 0 4 18 0 0 0 0 2 1 18 0 0 0 0 2 1 19 0 0 0 0 0 3 25 0 0 0 0 0 2
1814 127 8 0 0 0 0 0 5 13 0 0 0 0 0 4 13 0 0 0 0 0 4 18 0 0 0 0 2 1 18 0 0 0 0 2 1 19 0 0 0 0 0 3 19 0 0 0 0 0 3 19 0 0 0 0 0 3
1814 127 11 0 0 0 0 4 0 13 0 0 0 0 0 4 13 0 0 0 0 0 4 13 0 0 0 0 0 4 13 0 0 0 0 0 4 13 0 0 0 0 0 4 19 0 0 0 0 0 3 32 0 0 0 0 0 1
1814 126 11 0 0 0 0 4 0 13 0 0 0 0 0 4 13 0 0 0 0 0 4 13 0 0 0 0 0 4 13 0 0 0 0 0 4 13 0 0 0 0 0 4 25 0 0 0 0 0 2 25 0 0 0 0 0 2
1814 126 11 0 0 0 0 4 0 13 0 0 0 0 0 4 13 0 0 0 0 0 4 13 0 0 0 0 0 4 13 0 0 0 0 0 4 19 0 0 0 0 0 3 19 0 0 0 0 0 3 25 0 0 0 0 0 2
1814 126 11 0 0 0 0 4 0 13 0 0 0 0 0 4 13 0 0 0 0 0 4 13 0 0 0 0 0 4 19 0 0 0 0 0 3 19 0 0 0 0 0 3 19 0 0 0 0 0 3 19 0 0 0 0 0 3
1814 127 12 0 0 0 0 2 2 12 0 0 0 0 2 2 13 0 0 0 0 0 4 13 0 0 0 0 0 4 13 0 0 0 0 0 4 13 0 0 0 0 0 4 19 0 0 0 0 0 3 32 0 0 0 0 0 1
1814 126 12 0 0 0 0 2 2 12 0 0 0 0 2 2 13 0 0 0 0 0 4 13 0 0 0 0 0 4 13 0 0 0 0 0 4 13 0 0 0 0 0 4 25 0 0 0 0 0 2 25 0 0 0 0 0 2
1814 126 12 0 0 0 0 2 2 12 0 0 0 0 2 2 13 0 0 0 0 0 4 13 0 0 0 0 0 4 13 0 0 0 0 0 4 19 0 0 0 0 0 3 19 0 0 0 0 0 3 25 0 0 0 0 0 2
1814 126 12 0 0 0 0 2 2 12 0 0 0 0 2 2 13 0 0 0 0 0 4 13 0 0 0 0 0 4 19 0 0 0 0 0 3 19 0 0 0 0 0 3 19 0 0 0 0 0 3 19 0 0 0 0 0 3
1814 127 12 0 0 0 0 2 2 13 0 0 0 0 0 4 13 0 0 0 0 0 4 13 0 0 0 0 0 4 13 0 0 0 0 0 4 13 0 0 0 0 0 4 18 0 0 0 0 2 1 32 0 0 0 0 0 1
1814 127 12 0 0 0 0 2 2 13 0 0 0 0 0 4 13 0 0 0 0 0 4 13 0 0 0 0 0 4 13 0 0 0 0 0 4 13 0 0 0 0 0 4 25 0 0 0 0 0 2 25 0 0 0 0 2 0
1814 126 12 0 0 0 0 2 2 13 0 0 0 0 0 4 13 0 0 0 0 0 4 13 0 0 0 0 0 4 13 0 0 0 0 0 4 18 0 0 0 0 2 1 19 0 0 0 0 0 3 25 0 0 0 0 0 2
1814 127 12 0 0 0 0 2 2 13 0 0 0 0 0 4 13 0 0 0 0 0 4 13 0 0 0 0 0 4 13 0 0 0 0 0 4 19 0 0 0 0 0 3 19 0 0 0 0 0 3 25 0 0 0 0 2 0
1814 126 12 0 0 0 0 2 2 13 0 0 0 0 0 4 13 0 0 0 0 0 4 13 0 0 0 0 0 4 18 0 0 0 0 2 1 19 0 0 0 0 0 3 19 0 0 0 0 0 3 19 0 0 0 0 0 3
1814 126 13 0 0 0 0 0 4 13 0 0 0 0 0 4 13 0 0 0 0 0 4 13 0 0 0 0 0 4 13 0 0 0 0 0 4 18 0 0 0 0 2 1 18 0 0 0 0 2 1 25 0 0 0 0 0 2
1814 127 13 0 0 0 0 0 4 13 0 0 0 0 0 4 13 0 0 0 0 0 4 13 0 0 0 0 0 4 13 0 0 0 0 0 4 18 0 0 0 0 2 1 19 0 0 0 0 0 3 25 0 0 0 0 2 0
1814 126 13 0 0 0 0 0 4 13 0 0 0 0 0 4 13 0 0 0 0 0 4 13 0 0 0 0 0 4 18 0 0 0 0 2 1 18 0 0 0 0 2 1 19 0 0 0 0 0 3 19 0 0 0 0 0 3
