41 0 0 1589 16 25 17 17 7 15 14 12 14 9 10 8 12 7 10 12 8 9 11 8 5
41 0 0 1589 17 24 16 16 9 13 16 12 12 11 13 5 11 10 6 14 11 5 9 11 5
41 0 0 1600 17 24 18 16 7 16 11 14 12 11 13 5 9 10 10 12 8 7 7 9 10
41 0 0 1600 17 24 19 15 7 15 16 10 13 10 11 7 10 9 7 15 6 8 11 11 5
41 0 0 1595 18 23 16 15 10 12 18 11 12 11 12 6 12 8 7 14 11 7 6 12 5
41 0 0 1598 18 23 17 14 10 13 17 11 12 12 11 6 12 6 13 10 10 9 4 13 5
41 0 0 1569 18 23 17 16 8 14 15 12 12 12 11 6 11 8 11 11 10 7 6 13 5
41 0 0 1600 18 23 17 18 6 15 12 14 12 10 13 6 9 10 9 13 7 8 10 6 10
41 0 0 1599 18 23 18 14 9 15 13 13 11 14 12 4 9 12 9 11 10 6 7 8 10
41 0 0 1585 18 23 18 16 7 14 17 10 13 9 14 5 11 7 10 13 7 9 9 11 5
41 0 0 1571 18 23 18 17 6 16 12 13 13 10 13 5 10 9 12 10 7 10 8 11 5
41 0 0 1589 18 23 19 14 8 15 15 11 12 12 11 6 10 8 11 12 8 7 6 15 5
41 0 0 1582 18 23 19 15 7 16 13 12 13 10 13 5 10 8 13 10 6 11 7 12 5
41 0 0 1594 18 23 20 13 8 16 13 12 12 11 12 6 8 11 8 14 5 8 10 13 5
41 0 0 1596 19 22 15 19 7 12 17 12 12 9 16 4 11 9 7 14 10 6 11 9 5
41 0 0 1589 19 22 16 19 6 14 14 13 13 8 17 3 11 9 9 12 9 9 8 10 5
41 0 0 1593 19 22 17 15 9 13 17 11 13 10 9 9 12 7 9 13 8 9 13 6 5
41 0 0 1591 19 22 17 16 8 14 14 13 11 13 12 5 10 9 11 11 11 4 8 8 10
41 0 0 1589 19 22 17 17 7 14 15 12 13 8 17 3 11 8 10 12 8 10 7 11 5
41 0 0 1598 19 22 18 13 10 13 17 11 11 12 13 5 10 8 10 13 9 6 6 15 5
41 0 0 1574 19 22 18 14 9 15 13 13 13 10 12 6 10 12 6 13 7 11 11 7 5
41 0 0 1584 19 22 18 15 8 15 13 13 12 12 10 7 10 9 11 11 8 9 8 6 10
41 0 0 1573 19 22 18 16 7 15 14 12 13 10 12 6 10 11 7 13 7 9 13 7 5
41 0 0 1596 19 22 18 18 5 15 15 11 13 10 12 6 10 10 8 13 7 7 15 7 5
41 0 0 1599 19 22 19 14 8 15 14 12 11 13 12 5 8 12 8 13 7 7 10 7 10
41 0 0 1600 19 22 19 15 7 15 15 11 11 14 11 5 9 9 13 10 8 7 5 16 5
41 0 0 1597 19 22 19 15 7 16 12 13 12 12 10 7 8 13 7 13 6 7 15 8 5
41 0 0 1589 19 22 19 17 5 16 13 12 13 9 13 6 9 9 11 12 4 11 11 10 5
41 0 0 1596 19 22 20 14 7 15 16 10 11 13 12 5 8 9 13 11 5 8 9 14 5
41 0 0 1600 19 22 20 15 6 16 14 11 13 9 13 6 9 8 12 12 3 12 10 11 5
41 0 0 1591 20 21 16 17 8 12 18 11 12 10 14 5 12 5 14 10 9 10 6 11 5
41 0 0 1594 20 21 16 20 5 15 11 15 13 8 16 4 10 10 11 10 7 12 9 8 5
41 0 0 1588 20 21 17 16 8 13 16 12 10 14 13 4 9 10 11 11 10 5 6 15 5
41 0 0 1585 20 21 17 17 7 14 13 14 11 11 13 6 9 8 13 11 7 9 7 8 10
41 0 0 1571 20 21 18 13 10 14 14 13 11 13 11 6 9 12 7 13 9 6 10 11 5
41 0 0 1590 20 21 18 14 9 15 12 14 11 13 14 3 8 15 6 12 9 7 9 11 5
41 0 0 1600 20 21 18 16 7 14 14 13 10 12 15 4 7 11 10 13 6 7 9 9 10
41 0 0 1593 20 21 18 16 7 15 13 13 12 11 13 5 10 7 16 8 7 11 5 13 5
41 0 0 1600 20 21 18 18 5 15 13 13 10 14 13 4 7 11 14 9 7 5 11 13 5
41 0 0 1596 20 21 19 13 9 14 16 11 11 14 7 9 9 9 12 11 6 8 13 9 5
41 0 0 1584 20 21 19 14 8 15 14 12 11 13 14 3 8 13 8 12 8 6 10 12 5
41 0 0 1599 20 21 19 15 7 14 17 10 12 10 14 5 10 6 13 12 6 9 7 14 5
41 0 0 1590 20 21 19 15 7 16 12 13 13 10 11 7 9 11 10 11 4 13 13 6 5
41 0 0 1600 20 21 20 11 10 15 15 11 11 15 9 6 9 10 13 9 7 10 6 13 5
41 0 0 1588 20 21 20 14 7 16 13 12 11 14 10 6 8 10 13 10 7 5 11 13 5
41 0 0 1583 21 20 16 14 11 12 16 13 12 10 13 6 11 11 5 14 9 11 9 7 5
41 0 0 1548 21 20 16 17 8 13 15 13 12 11 12 6 11 9 11 10 9 10 10 7 5
41 0 0 1579 21 20 17 14 10 12 18 11 12 10 13 6 11 9 7 14 8 10 10 8 5
41 0 0 1600 21 20 17 15 9 14 13 14 11 14 9 7 9 14 6 12 10 5 15 6 5
41 0 0 1590 21 20 17 16 8 14 13 14 11 13 10 7 10 8 14 9 9 9 6 7 10
41 0 0 1548 21 20 17 17 7 14 14 13 12 11 12 6 10 10 10 11 8 9 11 8 5
41 0 0 1599 21 20 18 12 11 12 19 10 11 13 10 7 11 7 11 12 9 8 7 12 5
41 0 0 1578 21 20 18 13 10 14 14 13 11 13 13 4 9 13 7 12 9 9 6 12 5
41 0 0 1593 21 20 18 14 9 14 14 13 11 12 14 4 9 10 12 10 7 12 3 14 5
41 0 0 1579 21 20 18 15 8 14 14 13 10 14 12 5 8 10 14 9 7 9 6 14 5
41 0 0 1597 21 20 18 16 7 13 18 10 11 12 14 4 10 7 13 11 9 4 11 12 5
41 0 0 1598 21 20 18 17 6 13 19 9 11 13 13 4 10 8 12 11 9 5 10 12 5
41 0 0 1598 21 20 19 11 11 14 15 12 11 13 13 4 9 12 8 12 8 10 5 13 5
41 0 0 1595 21 20 19 13 9 14 16 11 11 14 9 7 9 11 9 12 8 5 15 8 5
41 0 0 1599 21 20 19 14 8 14 16 11 11 12 14 4 9 9 11 12 7 9 6 9 10
41 0 0 1577 21 20 19 14 8 15 14 12 12 11 15 3 9 11 11 10 6 12 8 10 5
41 0 0 1587 21 20 19 15 7 15 13 13 11 11 15 4 7 12 10 12 4 11 9 12 5
41 0 0 1600 21 20 19 16 6 15 14 12 11 12 14 4 8 11 9 13 7 7 8 9 10
41 0 0 1585 21 20 20 11 10 15 14 12 12 11 12 6 9 10 10 12 5 12 8 11 5
41 0 0 1589 21 20 20 14 7 16 13 12 12 11 15 3 8 12 10 11 5 11 9 11 5
41 0 0 1581 22 19 15 17 9 12 15 14 12 9 16 4 11 11 6 13 10 10 9 7 5
41 0 0 1583 22 19 16 17 8 12 16 13 10 12 16 3 9 10 11 11 9 8 6 13 5
41 0 0 1596 22 19 17 14 10 12 17 12 10 13 15 3 9 12 7 13 10 6 8 12 5
41 0 0 1583 22 19 17 15 9 13 14 14 10 13 12 6 9 9 12 11 9 7 7 8 10
41 0 0 1588 22 19 17 16 8 13 16 12 13 8 14 6 11 9 8 13 6 14 10 6 5
41 0 0 1587 22 19 17 18 6 14 14 13 12 11 11 7 10 8 15 8 6 12 12 6 5
41 0 0 1600 22 19 18 15 8 13 16 12 10 12 16 3 8 10 11 12 7 8 6 15 5
41 0 0 1600 22 19 18 15 8 15 11 15 10 14 14 3 7 15 8 11 9 6 8 13 5
41 0 0 1599 22 19 18 17 6 15 12 14 11 12 13 5 8 11 12 10 6 11 8 6 10
41 0 0 1584 22 19 19 13 9 13 18 10 11 12 13 5 9 10 9 13 6 10 9 11 5
41 0 0 1596 22 19 19 14 8 14 15 12 10 14 11 6 8 10 11 12 7 8 6 10 10
41 0 0 1596 22 19 19 15 7 14 16 11 10 15 10 6 8 9 16 8 6 8 11 11 5
41 0 0 1595 22 19 19 18 4 15 15 11 11 13 12 5 8 10 13 10 6 7 12 11 5
41 0 0 1595 22 19 20 14 7 16 12 13 12 11 11 7 8 10 13 10 3 13 11 9 5
41 0 0 1579 23 18 16 16 9 12 16 13 10 14 13 4 10 10 12 9 11 8 5 12 5
41 0 0 1586 23 18 17 14 10 13 14 14 10 14 13 4 9 12 10 10 10 9 4 13 5
41 0 0 1584 23 18 17 17 7 12 18 11 10 13 14 4 9 9 13 10 8 7 11 10 5
41 0 0 1587 23 18 17 18 6 13 16 12 12 9 15 5 10 8 12 11 6 11 12 7 5
41 0 0 1586 23 18 18 14 9 13 16 12 10 15 9 7 9 10 12 10 9 5 13 9 5
41 0 0 1600 23 18 18 15 8 15 11 15 10 15 12 4 7 16 8 10 9 6 12 9 5
41 0 0 1579 23 18 18 16 7 14 14 13 12 9 15 5 9 10 10 12 5 12 11 8 5
41 0 0 1589 23 18 19 13 9 13 17 11 10 13 14 4 8 10 12 11 6 9 9 12 5
41 0 0 1600 23 18 19 15 7 13 18 10 10 13 14 4 8 9 13 11 6 7 11 12 5
41 0 0 1600 23 18 19 17 5 15 14 12 11 12 15 3 8 10 14 9 6 9 9 12 5
41 0 0 1594 24 17 16 16 9 11 18 12 11 10 16 4 11 7 12 11 9 10 7 10 5
41 0 0 1594 24 17 17 15 9 13 14 14 9 17 9 6 8 13 12 8 10 6 11 9 5
41 0 0 1581 24 17 18 14 9 13 16 12 11 12 14 4 9 12 9 11 7 11 11 7 5
41 0 0 1585 24 17 18 16 7 14 13 14 10 13 13 5 7 12 13 9 5 11 11 9 5
41 0 0 1600 24 17 19 15 7 14 15 12 11 11 15 4 8 10 13 10 4 13 9 10 5
41 0 0 1599 26 15 16 15 10 12 14 15 10 13 14 4 9 13 10 9 9 12 8 7 5
