6 16 5 15 0 6 4 1 1 3 3 0 2 1 1 1 1 1 1 3 0 0 1 4 0
6 14 12 15 0 6 4 1 1 4 0 2 2 3 0 0 1 1 1 3 0 0 1 4 0
6 15 2 -8 0 6 4 1 1 4 1 1 2 2 0 1 2 1 1 2 0 0 0 5 0
6 15 6 -17 1 5 2 3 1 3 0 3 2 2 0 1 3 0 1 2 0 2 0 0 3
6 16 0 -8 1 5 2 4 0 3 1 2 2 1 1 1 3 1 0 2 1 0 4 0 0
6 16 2 12 1 5 3 2 1 2 4 0 2 0 1 2 2 0 1 3 0 1 3 1 0
6 16 -1 15 1 5 4 1 1 4 0 2 1 2 2 0 1 2 1 2 1 0 0 4 0
6 16 -4 12 1 5 4 2 0 4 1 1 1 2 2 0 2 1 0 3 0 1 3 1 0
6 14 -3 12 2 4 2 4 0 2 3 1 1 1 3 0 3 0 0 3 2 0 3 0 0
6 14 -3 0 2 4 2 4 0 2 3 1 1 1 3 0 3 0 0 3 1 0 4 0 0
6 15 -3 3 2 4 3 2 1 3 1 2 0 4 0 1 2 0 4 0 1 1 0 0 3
6 16 -3 -8 2 4 3 2 1 3 1 2 0 4 0 1 2 1 1 2 0 0 3 2 0
6 14 14 15 2 4 3 3 0 3 1 2 2 3 0 0 2 0 0 4 0 1 3 1 0
6 15 -3 -8 2 4 3 3 0 3 2 1 1 2 2 0 3 0 0 3 0 1 2 2 0
6 19 2 27 2 4 4 1 1 3 2 1 1 2 1 1 1 1 1 3 0 2 1 2 0
6 16 3 -12 2 4 4 1 1 4 0 2 1 4 0 0 1 3 1 1 0 0 1 1 3
6 15 0 12 2 4 4 2 0 3 3 0 1 2 2 0 1 1 3 1 0 0 3 2 0
6 15 5 12 2 4 4 2 0 3 3 0 2 1 2 0 1 1 3 1 0 0 3 2 0
6 15 8 15 2 4 4 2 0 3 3 0 2 2 1 0 1 1 3 1 0 0 4 1 0
6 15 8 12 2 4 4 2 0 3 3 0 2 2 1 0 1 1 3 1 0 0 3 2 0
6 15 -3 3 2 4 4 2 0 4 0 2 0 4 0 1 1 1 3 1 0 0 1 1 3
6 17 -4 -5 3 3 2 3 1 2 2 2 0 3 2 0 3 0 1 2 1 1 2 1 0
6 19 0 7 3 3 3 1 2 2 3 1 1 2 1 1 2 1 2 1 1 2 0 2 0
6 14 2 -12 3 3 3 1 2 3 0 3 0 5 0 0 1 3 2 0 1 0 0 1 3
6 16 3 19 3 3 3 2 1 2 2 2 0 3 0 2 0 1 4 1 0 1 1 0 3
6 17 8 4 3 3 3 2 1 3 0 3 2 1 1 1 1 2 1 2 0 2 0 0 3
6 15 -1 -21 3 3 3 2 1 3 1 2 0 5 0 0 3 0 1 2 0 1 1 0 3
6 15 6 19 3 3 3 3 0 3 0 3 1 2 1 1 0 2 3 1 0 2 0 0 3
6 16 -4 15 3 3 3 3 0 3 1 2 0 3 2 0 2 0 3 1 1 1 2 1 0
6 16 -4 12 3 3 3 3 0 3 1 2 0 3 2 0 2 0 3 1 1 1 1 2 0
6 16 5 40 3 3 4 1 1 3 1 2 0 4 1 0 1 0 1 4 1 0 3 1 0
6 19 0 15 3 3 4 1 1 3 2 1 1 2 1 1 1 2 1 2 0 2 1 2 0
6 19 0 7 3 3 4 1 1 3 2 1 1 2 1 1 1 2 1 2 0 1 1 3 0
6 14 -1 27 3 3 4 2 0 3 2 1 0 3 2 0 1 0 3 2 0 2 0 3 0
6 17 -1 12 4 2 2 1 3 1 3 2 0 3 1 1 2 2 0 2 3 0 1 1 0
6 16 11 0 4 2 2 1 3 1 3 2 1 4 0 0 2 2 0 2 2 0 2 1 0
6 15 8 15 4 2 2 2 2 0 6 0 1 2 2 0 2 0 2 2 2 0 2 1 0
6 15 8 12 4 2 2 2 2 0 6 0 1 2 2 0 2 0 2 2 2 0 1 2 0
6 15 8 0 4 2 2 2 2 0 6 0 1 2 2 0 2 0 2 2 1 0 2 2 0
6 16 -1 -8 4 2 2 2 2 1 4 1 0 4 0 1 3 0 2 1 2 0 1 2 0
6 16 8 -5 4 2 2 3 1 1 4 1 1 3 1 0 2 0 4 0 1 0 2 2 0
6 17 8 15 4 2 3 0 3 1 4 1 1 2 2 0 1 2 0 3 1 1 1 2 0
6 14 3 -20 4 2 3 0 3 2 2 2 0 5 0 0 2 2 0 2 0 1 1 3 0
6 15 5 -8 4 2 3 1 2 1 5 0 1 2 2 0 2 0 2 2 0 1 0 4 0
6 15 8 -8 4 2 3 1 2 1 5 0 1 3 1 0 2 0 2 2 0 1 0 4 0
6 15 12 4 4 2 3 1 2 2 1 3 0 5 0 0 0 2 2 2 0 0 1 1 3
6 18 8 -5 4 2 3 1 2 2 2 2 1 3 1 0 1 2 2 1 0 1 1 3 0
6 16 11 15 4 2 3 2 1 2 2 2 1 3 1 0 1 0 4 1 0 2 0 3 0
6 14 5 15 4 2 3 3 0 3 0 3 1 2 2 0 0 3 3 0 1 0 2 2 0
6 14 8 15 4 2 3 3 0 3 0 3 1 3 1 0 0 3 3 0 1 0 2 2 0
6 15 -1 -5 4 2 4 0 2 3 1 2 0 4 0 1 1 2 2 1 0 0 2 3 0
6 15 2 19 4 2 4 1 1 3 1 2 0 4 0 1 0 2 4 0 1 0 1 0 3
6 15 3 24 4 2 4 1 1 3 1 2 0 4 1 0 0 2 4 0 1 1 0 0 3
6 15 8 7 5 1 2 2 2 1 3 2 2 0 3 0 2 1 2 1 0 5 0 0 0
6 14 0 7 5 1 2 4 0 1 4 1 1 0 4 0 2 0 3 1 0 3 2 0 0
6 14 8 7 5 1 2 4 0 1 4 1 2 0 3 0 2 0 3 1 0 3 2 0 0
6 15 3 15 5 1 3 0 3 1 4 1 0 4 0 1 1 2 3 0 2 1 0 2 0
6 15 3 0 5 1 3 0 3 1 4 1 0 4 0 1 1 2 3 0 1 1 0 3 0
6 16 5 -8 5 1 3 1 2 1 5 0 1 3 0 1 2 1 2 1 0 1 4 0 0
6 15 6 19 5 1 3 1 2 2 1 3 0 4 0 1 0 3 2 1 2 0 0 0 3
6 16 6 7 5 1 3 2 1 2 2 2 1 2 2 0 0 4 1 1 0 1 4 0 0
6 15 3 15 5 1 4 0 2 2 3 1 0 4 0 1 0 3 2 1 1 0 1 3 0
6 15 3 27 5 1 4 1 1 2 3 1 0 3 1 1 0 2 1 3 0 0 5 0 0
6 14 -1 -8 6 0 1 3 2 0 4 2 0 2 3 0 3 0 2 1 1 3 1 0 0
6 14 2 27 6 0 3 0 3 1 3 2 0 2 3 0 1 2 0 3 1 3 1 0 0
6 18 6 7 6 0 3 1 2 1 4 1 1 2 1 1 1 2 2 1 0 3 1 1 0
6 15 2 12 6 0 3 2 1 1 4 1 0 2 3 0 0 3 1 2 0 1 3 1 0
