7 16 9 22 0 7 2 3 2 3 2 1 3 1 0 3 3 0 2 2 3 1 0 2 0
7 16 11 14 0 7 2 4 1 4 0 2 3 0 1 3 1 3 1 2 2 0 1 0 3
7 17 12 19 0 7 3 3 1 4 2 0 3 0 1 3 1 1 4 1 1 1 0 1 3
7 16 -2 -21 0 7 3 3 1 3 0 3 3 3 1 0 4 0 1 2 1 1 0 1 3
7 18 -5 -11 0 7 3 3 1 2 1 3 4 0 1 2 3 1 1 2 1 1 0 1 3
7 14 -8 -29 0 7 3 3 1 2 0 4 4 1 0 2 4 0 1 2 0 2 0 0 4
7 17 -6 -21 0 7 3 3 1 2 1 3 4 1 0 2 4 0 1 2 1 1 0 1 3
7 14 -4 32 0 7 3 4 0 2 1 3 3 0 4 0 2 1 0 4 2 1 0 3 0
7 15 2 20 0 7 3 4 0 3 1 2 3 0 4 0 2 1 0 4 1 1 1 3 0
7 14 4 15 0 7 3 4 0 3 2 1 3 0 4 0 2 1 0 4 1 0 2 3 0
7 14 4 12 0 7 3 4 0 3 2 1 3 0 4 0 2 1 0 4 1 0 1 4 0
7 15 16 55 0 7 4 0 3 5 1 0 1 4 0 2 1 1 0 5 2 1 1 2 0
7 14 20 59 0 7 4 1 2 6 0 0 2 1 0 4 0 1 2 4 2 0 1 0 3
7 15 9 22 0 7 4 1 2 4 2 0 3 1 0 3 2 0 2 3 1 1 0 4 0
7 15 11 14 0 7 4 2 1 5 0 1 3 0 1 3 0 3 1 3 0 0 1 2 3
7 16 12 27 0 7 4 2 1 5 1 0 3 1 0 3 1 1 4 1 1 1 0 4 0
7 16 1 -15 0 7 4 2 1 4 0 2 3 3 1 0 3 1 1 2 0 1 1 4 0
7 16 -5 -6 0 7 4 2 1 2 3 1 4 1 0 2 3 0 4 0 1 1 0 1 3
7 17 -5 -6 0 7 4 2 1 3 0 3 4 1 0 2 2 3 1 1 1 1 0 1 3
7 15 12 40 0 7 4 3 0 5 1 0 2 2 2 1 1 0 3 3 1 0 2 3 0
7 14 12 19 0 7 4 3 0 5 1 0 3 0 1 3 0 2 3 2 0 0 1 2 3
7 15 9 -11 0 7 4 3 0 5 1 0 3 2 2 0 2 1 3 1 0 0 1 2 3
7 17 1 30 0 7 5 1 1 4 0 2 2 3 1 1 1 1 1 4 0 1 1 4 0
7 15 7 22 0 7 5 1 1 5 0 1 2 3 1 1 0 3 1 3 0 0 1 5 0
7 16 0 -8 0 7 5 1 1 4 1 1 3 3 1 0 2 2 1 2 0 0 1 5 0
7 17 -11 45 0 7 5 1 1 2 1 3 4 0 1 2 1 3 1 2 2 2 0 2 0
7 16 -6 -5 0 7 5 1 1 3 1 2 4 1 0 2 1 4 1 1 0 0 2 4 0
7 16 -1 29 0 7 5 2 0 4 0 2 2 4 0 1 1 1 3 2 1 0 1 1 3
7 15 -3 22 0 7 5 2 0 3 2 1 3 1 3 0 1 1 3 2 0 1 0 5 0
7 14 -8 24 0 7 5 2 0 3 0 3 4 0 1 2 0 4 3 0 1 1 0 1 3
7 17 -6 19 0 7 5 2 0 3 1 2 4 0 1 2 1 2 3 1 1 0 1 1 3
7 16 -5 -6 0 7 5 2 0 3 2 1 4 1 0 2 2 1 3 1 0 0 1 2 3
7 16 -10 47 0 7 6 0 1 2 3 1 3 2 2 0 1 2 1 3 2 0 1 3 0
7 15 -18 67 0 7 6 0 1 1 2 3 4 0 1 2 0 4 1 2 3 1 0 2 0
7 17 -14 55 0 7 6 0 1 1 4 1 4 0 1 2 1 2 1 3 2 1 1 2 0
7 15 -10 35 0 7 6 0 1 2 3 1 4 0 1 2 0 4 1 2 1 0 2 3 0
7 14 -5 10 0 7 6 0 1 3 3 0 4 1 0 2 1 3 1 2 0 0 2 4 0
7 15 -15 57 0 7 6 1 0 2 1 3 4 0 1 2 0 3 3 1 2 1 0 3 0
7 17 -11 45 0 7 6 1 0 2 3 1 4 0 1 2 1 1 3 2 1 1 1 3 0
7 14 -11 45 0 7 6 1 0 3 0 3 4 0 1 2 0 4 0 3 1 1 1 3 0
7 15 -20 75 0 7 7 0 0 1 3 2 4 0 1 2 0 2 3 2 2 1 1 2 0
7 14 -18 67 0 7 7 0 0 1 4 1 4 0 1 2 0 2 3 2 2 0 1 3 0
7 14 12 -36 1 6 2 2 3 4 0 2 1 6 0 0 4 0 0 3 1 0 0 2 3
7 17 10 27 1 6 2 4 1 3 2 1 2 2 1 2 2 0 4 1 3 0 0 3 0
7 16 11 2 1 6 2 4 1 4 0 2 3 0 3 1 1 4 1 1 2 0 0 4 0
7 18 0 4 1 6 2 4 1 2 1 3 3 1 2 1 3 1 1 2 3 0 0 0 3
7 16 6 19 1 6 3 1 3 3 1 2 2 3 0 2 2 2 0 3 3 0 0 0 3
7 18 1 9 1 6 3 2 2 2 2 2 2 3 0 2 2 1 2 2 2 0 0 1 3
7 18 11 -19 1 6 3 2 2 4 1 1 2 3 0 2 2 1 2 2 0 0 1 1 4
7 17 16 55 1 6 3 3 1 5 0 1 1 3 3 0 1 1 1 4 3 0 1 2 0
7 15 9 42 1 6 3 3 1 4 0 2 1 4 2 0 2 0 1 4 3 0 0 3 0
7 18 16 52 1 6 3 3 1 5 0 1 2 1 2 2 1 1 1 4 1 3 2 0 0
7 14 14 -13 1 6 3 3 1 5 0 1 3 0 3 1 0 5 1 1 0 0 0 6 0
7 18 -3 25 1 6 3 3 1 1 4 1 3 1 2 1 3 0 1 3 3 0 1 2 0
7 17 -2 7 1 6 3 3 1 2 2 2 4 0 0 3 3 1 1 2 1 2 3 0 0
7 14 -11 -35 1 6 3 3 1 0 4 2 4 0 3 0 4 0 1 2 0 1 0 5 0
7 15 -15 -47 1 6 3 3 1 0 3 3 5 0 0 2 5 0 1 1 0 2 1 0 3
7 15 13 42 1 6 3 4 0 4 2 0 2 1 2 2 1 1 0 5 1 0 5 0 0
7 16 -3 10 1 6 3 4 0 1 4 1 3 0 3 1 2 0 3 2 1 0 1 4 0
7 16 -1 5 1 6 3 4 0 3 0 3 3 2 1 1 2 2 3 0 2 0 1 3 0
7 14 -6 -20 1 6 3 4 0 1 4 1 4 0 3 0 4 0 0 3 1 0 1 4 0
7 14 -8 -20 1 6 3 4 0 2 0 4 4 0 3 0 2 4 0 1 1 0 1 4 0
7 14 16 60 1 6 4 0 3 5 0 1 0 5 1 1 1 0 0 6 2 1 0 3 0
7 15 7 25 1 6 4 0 3 3 3 0 2 3 0 2 2 1 0 4 2 0 1 3 0
7 16 9 25 1 6 4 0 3 4 1 1 2 3 0 2 1 3 0 3 2 0 1 3 0
7 17 7 10 1 6 4 1 2 3 3 0 2 2 1 2 1 1 2 3 0 0 1 5 0
7 17 6 16 1 6 4 1 2 4 0 2 2 3 0 2 1 2 2 2 1 1 0 0 4
7 17 10 24 1 6 4 1 2 4 2 0 2 3 0 2 1 2 2 2 2 0 0 1 3
7 15 13 21 1 6 4 1 2 5 0 1 3 0 0 4 0 3 2 2 1 0 1 0 4
7 16 15 42 1 6 4 1 2 5 1 0 3 0 0 4 1 1 2 3 0 4 1 1 0
7 17 -2 -8 1 6 4 1 2 2 3 1 3 2 1 1 3 0 2 2 1 0 0 5 0
7 17 0 0 1 6 4 1 2 2 4 0 3 2 1 1 3 0 2 2 1 1 0 4 0
7 17 -5 -18 1 6 4 1 2 2 2 2 3 3 0 1 3 1 2 1 1 0 0 5 0
7 16 -2 12 1 6 4 1 2 2 3 1 4 0 0 3 3 0 2 2 0 4 1 1 0
7 16 13 45 1 6 4 2 1 5 0 1 1 3 3 0 0 2 1 4 1 1 0 4 0
7 18 7 1 1 6 4 2 1 4 1 1 2 3 0 2 1 1 4 1 0 0 1 1 4
7 16 9 37 1 6 4 2 1 4 2 0 2 3 0 2 2 0 1 4 1 1 4 0 0
7 16 9 10 1 6 4 2 1 4 2 0 3 0 3 1 1 2 1 3 0 1 0 5 0
7 14 11 2 1 6 4 2 1 5 0 1 3 0 3 1 0 4 1 2 0 0 0 6 0
7 18 -14 60 1 6 4 2 1 0 3 3 3 1 2 1 2 1 1 3 4 1 0 1 0
7 17 -12 52 1 6 4 2 1 0 4 2 3 1 2 1 2 1 1 3 4 0 0 2 0
7 19 -8 40 1 6 4 2 1 1 3 2 3 1 2 1 2 1 1 3 3 0 1 2 0
7 18 -5 -15 1 6 4 2 1 2 2 2 3 2 1 1 2 2 1 2 0 0 1 5 0
7 17 -3 -15 1 6 4 2 1 2 3 1 3 2 1 1 3 0 1 3 0 0 1 5 0
7 18 3 -2 1 6 4 2 1 4 0 2 3 2 1 1 2 2 1 2 0 2 1 0 3
7 15 -4 -13 1 6 4 2 1 2 3 1 3 3 0 1 3 0 4 0 1 0 0 5 0
7 16 -4 -13 1 6 4 2 1 3 0 3 3 3 0 1 2 3 1 1 1 0 0 5 0
7 17 -5 22 1 6 4 2 1 2 2 2 4 0 0 3 2 2 1 2 1 2 3 0 0
7 17 -5 -2 1 6 4 2 1 2 2 2 4 0 0 3 2 2 1 2 0 2 1 0 3
7 16 -9 -30 1 6 4 2 1 1 4 1 4 1 2 0 4 0 1 2 0 1 0 5 0
7 14 -18 -53 1 6 4 2 1 1 0 5 5 0 0 2 3 3 1 0 0 0 0 1 5
7 15 11 38 1 6 4 3 0 5 0 1 2 2 1 2 1 0 3 3 0 3 0 0 3
7 17 -9 45 1 6 4 3 0 1 3 2 3 1 2 1 2 1 0 4 3 0 1 2 0
7 17 -3 9 1 6 4 3 0 3 0 3 3 1 2 1 1 2 3 1 1 0 0 2 3
7 16 -4 20 1 6 4 3 0 3 0 3 3 2 1 1 1 3 3 0 2 0 1 3 0
7 16 -4 -1 1 6 4 3 0 3 0 3 3 2 1 1 1 3 3 0 1 0 0 2 3
7 15 -8 -9 1 6 4 3 0 2 1 3 4 0 0 3 1 3 3 0 0 1 0 1 4
7 16 -6 27 1 6 4 3 0 2 2 2 4 0 0 3 2 1 3 1 1 2 3 0 0
7 14 -5 -15 1 6 4 3 0 2 3 1 4 0 3 0 3 1 0 3 0 1 0 5 0
7 15 9 33 1 6 5 0 2 5 0 1 2 3 0 2 1 1 2 3 0 3 0 0 3
7 15 10 40 1 6 5 1 1 5 0 1 1 3 3 0 0 1 1 5 0 0 1 5 0
7 15 16 55 1 6 5 1 1 6 0 0 1 3 3 0 0 1 1 5 1 0 1 4 0
7 17 -7 50 1 6 5 1 1 2 1 3 1 4 2 0 1 0 1 5 1 1 0 4 0
7 15 3 30 1 6 5 1 1 4 0 2 1 4 2 0 0 2 1 4 0 0 1 5 0
7 15 8 23 1 6 5 1 1 5 0 1 2 3 0 2 0 3 1 3 0 0 3 0 3
7 17 -9 37 1 6 5 1 1 2 1 3 3 1 2 1 0 4 1 2 2 0 0 4 0
7 19 -5 25 1 6 5 1 1 2 3 1 3 1 2 1 1 2 1 3 1 0 1 4 0
7 18 -5 37 1 6 5 1 1 2 3 1 3 1 2 1 2 0 1 4 0 3 2 1 0
7 15 -8 15 1 6 5 1 1 1 5 0 4 0 0 3 1 2 4 0 1 0 1 4 0
7 16 -6 27 1 6 5 1 1 3 0 3 4 0 0 3 1 3 1 2 0 3 2 1 0
7 15 -5 33 1 6 5 2 0 3 0 3 2 3 0 2 0 2 3 2 0 1 2 0 3
7 14 9 37 1 6 5 2 0 5 1 0 2 3 0 2 1 1 0 5 0 0 5 1 0
7 15 -18 72 1 6 5 2 0 0 3 3 3 1 2 1 1 2 0 4 4 0 0 2 0
7 17 -14 60 1 6 5 2 0 1 2 3 3 1 2 1 1 2 0 4 3 0 1 2 0
7 16 -6 24 1 6 5 2 0 3 0 3 3 1 2 1 0 3 3 1 1 0 0 2 3
7 17 -4 32 1 6 5 2 0 3 1 2 3 1 2 1 1 2 0 4 0 1 4 1 0
7 16 -1 5 1 6 5 2 0 4 0 2 3 2 1 1 1 2 3 1 0 0 1 5 0
7 14 -5 22 1 6 5 2 0 2 4 0 4 0 0 3 2 0 3 2 0 1 4 1 0
7 14 -6 52 1 6 6 1 0 3 1 2 1 5 1 0 1 0 0 6 0 0 5 1 0
7 14 -21 90 1 6 6 1 0 1 0 5 1 6 0 0 1 1 0 5 4 0 1 1 0
7 14 -3 45 1 6 6 1 0 4 0 2 1 6 0 0 1 1 0 5 1 0 1 4 0
7 15 -4 20 1 6 6 1 0 4 0 2 3 2 1 1 0 3 3 1 0 0 1 5 0
7 14 19 -39 2 5 0 5 2 3 3 0 3 0 2 2 4 0 2 1 2 0 0 0 4
7 15 25 -59 2 5 1 3 3 5 1 0 3 0 2 2 3 2 0 2 0 0 0 2 4
7 15 21 -50 2 5 1 4 2 5 0 1 2 3 2 0 3 2 2 0 1 0 0 0 5
7 17 21 -47 2 5 1 4 2 5 0 1 3 1 1 2 3 2 2 0 0 2 0 1 3
7 16 20 -52 2 5 1 5 1 5 0 1 2 3 2 0 4 0 1 2 0 0 2 1 3
7 17 14 -28 2 5 1 5 1 3 3 0 3 1 1 2 4 0 1 2 1 0 4 1 0
7 16 21 -47 2 5 1 6 0 5 1 0 3 1 1 2 3 1 3 0 0 0 2 1 3
7 14 27 85 2 5 2 2 3 5 1 0 0 3 2 2 0 2 0 5 5 0 0 1 0
7 15 18 -44 2 5 2 2 3 4 2 0 1 5 0 1 3 0 3 1 0 0 0 2 4
7 16 15 -27 2 5 2 2 3 3 3 0 2 2 0 3 2 2 0 3 0 0 2 1 3
7 15 19 -35 2 5 2 2 3 4 2 0 2 2 0 3 1 3 3 0 0 0 0 1 5
7 15 22 -44 2 5 2 2 3 5 1 0 3 0 2 2 1 5 0 1 0 0 0 2 4
7 16 15 45 2 5 2 4 1 3 3 0 1 2 3 1 1 0 4 2 3 0 0 3 0
7 15 9 -14 2 5 2 4 1 3 2 1 2 3 2 0 3 0 4 0 2 0 0 0 4
7 16 15 -27 2 5 2 4 1 4 2 0 3 1 1 2 3 0 4 0 0 2 0 1 3
7 15 6 15 2 5 2 5 0 2 3 1 2 1 4 0 2 0 3 2 2 0 0 4 0
7 16 18 55 2 5 3 1 3 4 2 0 2 0 2 3 1 1 0 5 1 4 1 0 0
7 18 8 8 2 5 3 1 3 3 1 2 2 2 0 3 1 3 0 3 1 1 1 0 3
7 15 10 -20 2 5 3 1 3 3 3 0 2 3 2 0 3 1 0 3 1 0 0 5 0
7 19 4 7 2 5 3 1 3 2 3 1 3 1 1 2 3 1 0 3 1 3 1 1 0
7 16 -3 -18 2 5 3 1 3 1 3 2 3 2 0 2 4 0 0 3 0 3 1 2 0
7 16 10 -24 2 5 3 2 2 4 0 2 1 5 0 1 2 1 2 2 0 0 0 2 4
7 19 9 13 2 5 3 2 2 3 2 1 2 2 0 3 1 2 2 2 1 1 1 0 3
7 17 11 -7 2 5 3 2 2 3 3 0 2 2 0 3 1 2 2 2 0 0 2 1 3
7 16 7 -15 2 5 3 2 2 3 2 1 2 3 2 0 3 0 2 2 1 0 0 5 0
7 16 16 -24 2 5 3 2 2 5 0 1 3 0 2 2 1 3 2 1 0 0 0 2 4
7 17 16 55 2 5 3 3 1 4 2 0 1 2 3 1 1 0 1 5 1 2 3 0 0
7 16 9 -3 2 5 3 3 1 3 3 0 3 0 2 2 2 1 1 3 0 0 4 2 0
7 19 -2 3 2 5 3 3 1 2 1 3 3 1 1 2 2 2 1 2 1 2 0 0 3
7 18 4 7 2 5 3 3 1 2 4 0 3 1 1 2 3 0 1 3 1 1 3 1 0
7 17 12 -12 2 5 3 3 1 4 2 0 3 1 1 2 2 1 4 0 0 2 0 1 3
7 16 -7 -22 2 5 3 3 1 1 2 3 3 2 0 2 3 0 4 0 0 2 0 1 3
7 16 -14 -48 2 5 3 3 1 0 3 3 4 2 0 1 5 0 1 1 0 1 3 2 0
7 14 8 20 2 5 3 4 0 3 3 0 3 0 2 2 2 1 0 4 1 0 5 0 0
7 15 -5 6 2 5 3 4 0 2 0 4 3 1 1 2 1 3 3 0 2 0 0 0 4
7 17 -3 6 2 5 3 4 0 2 1 3 3 1 1 2 2 1 3 1 2 0 0 0 4
7 18 -3 -2 2 5 3 4 0 2 1 3 3 1 1 2 2 1 3 1 1 0 2 0 3
7 15 9 25 2 5 4 0 3 3 3 0 2 2 0 3 1 2 0 4 0 2 3 1 0
7 14 9 13 2 5 4 0 3 4 0 2 2 2 0 3 0 4 0 3 0 2 0 1 3
7 14 3 10 2 5 4 0 3 2 4 0 2 3 2 0 2 2 0 3 2 0 0 4 0
7 14 -5 10 2 5 4 0 3 0 6 0 3 1 1 2 2 2 0 3 2 0 0 4 0
7 16 -3 30 2 5 4 0 3 1 4 1 3 1 1 2 3 0 0 4 1 4 1 0 0
7 16 7 10 2 5 4 0 3 3 3 0 3 1 1 2 2 2 0 3 0 3 2 1 0
7 15 23 77 2 5 4 1 2 6 0 0 0 4 1 2 0 0 2 5 1 3 1 1 0
7 17 3 25 2 5 4 1 2 3 1 2 1 5 0 1 1 2 2 2 2 0 0 4 0
7 17 17 50 2 5 4 1 2 5 1 0 2 1 1 3 0 2 2 3 0 4 1 1 0
7 19 10 28 2 5 4 1 2 4 1 1 2 2 0 3 1 1 2 3 1 1 1 0 3
7 15 12 16 2 5 4 1 2 4 2 0 2 2 0 3 0 2 5 0 1 0 0 1 4
7 18 -6 15 2 5 4 1 2 1 3 2 3 1 1 2 1 3 2 1 2 0 0 4 0
7 18 10 7 2 5 4 1 2 4 2 0 3 1 1 2 1 3 2 1 0 2 2 2 0
7 14 22 75 2 5 4 2 1 6 0 0 0 4 1 2 0 0 1 6 1 1 4 0 0
7 17 7 21 2 5 4 2 1 4 0 2 1 4 1 1 0 2 4 1 1 0 0 1 4
7 17 13 33 2 5 4 2 1 5 0 1 2 2 0 3 0 2 4 1 1 1 1 0 3
7 15 -2 -20 2 5 4 2 1 2 3 1 2 4 1 0 3 0 1 3 0 0 0 6 0
7 18 -3 18 2 5 4 2 1 2 2 2 3 1 1 2 2 0 4 1 1 2 0 0 3
7 18 -1 2 2 5 4 2 1 2 3 1 3 1 1 2 2 1 1 3 0 0 4 2 0
7 19 3 10 2 5 4 2 1 3 2 1 3 1 1 2 2 1 1 3 0 1 4 1 0
7 18 9 10 2 5 4 2 1 4 2 0 3 1 1 2 1 3 1 2 0 1 4 1 0
7 16 11 2 2 5 4 2 1 5 0 1 3 1 1 2 0 5 1 1 0 0 4 2 0
7 17 0 7 2 5 4 2 1 3 1 2 3 2 0 2 2 1 4 0 0 3 1 2 0
7 15 16 55 2 5 4 3 0 5 1 0 1 2 3 1 0 1 0 6 0 1 4 1 0
7 14 14 47 2 5 4 3 0 5 1 0 2 1 4 0 1 0 3 3 0 4 0 2 0
7 15 -5 45 2 5 4 3 0 2 1 3 2 2 3 0 2 0 0 5 1 2 3 0 0
7 16 -12 55 2 5 4 3 0 1 1 4 2 3 2 0 1 2 3 1 4 0 0 2 0
7 18 0 3 2 5 4 3 0 3 1 2 3 1 1 2 2 0 3 2 0 1 1 1 3
7 16 4 15 2 5 4 3 0 3 3 0 3 1 1 2 2 1 0 4 0 1 4 1 0
7 15 13 33 2 5 5 0 2 5 1 0 2 2 0 3 0 1 5 1 0 2 0 1 3
7 15 13 37 2 5 5 0 2 5 1 0 2 2 0 3 0 2 2 3 0 1 3 2 0
7 16 -9 30 2 5 5 0 2 1 3 2 3 1 1 2 0 4 2 1 2 0 0 4 0
7 16 -5 30 2 5 5 0 2 1 5 0 3 1 1 2 2 0 2 3 0 3 2 1 0
7 17 3 37 2 5 5 1 1 4 0 2 1 5 0 1 1 1 1 4 0 2 2 2 0
7 17 -8 52 2 5 5 1 1 2 1 3 2 3 2 0 2 0 1 4 1 4 0 1 0
7 17 -2 40 2 5 5 1 1 3 1 2 2 3 2 0 2 0 1 4 0 4 1 1 0
7 18 4 27 2 5 5 1 1 4 1 1 2 3 2 0 1 2 1 3 0 2 2 2 0
7 17 -9 37 2 5 5 1 1 1 3 2 3 0 2 2 0 3 1 3 0 2 2 2 0
7 16 -10 35 2 5 5 1 1 1 3 2 3 1 1 2 0 3 4 0 2 0 0 4 0
7 18 -6 40 2 5 5 1 1 2 2 2 3 1 1 2 2 0 1 4 0 4 1 1 0
7 18 -4 32 2 5 5 1 1 2 3 1 3 1 1 2 2 0 1 4 0 3 1 2 0
7 17 -5 13 2 5 5 1 1 2 3 1 3 2 0 2 1 2 4 0 1 0 2 0 3
7 16 -5 10 2 5 5 1 1 2 3 1 3 2 0 2 1 2 4 0 1 0 0 5 0
7 17 -5 25 2 5 5 1 1 2 3 1 3 2 0 2 1 3 1 2 1 0 5 0 0
7 16 -5 13 2 5 5 1 1 3 0 3 3 2 0 2 0 5 1 1 1 0 2 0 3
7 14 9 45 2 5 5 2 0 5 0 1 1 4 1 1 1 0 0 6 0 0 5 1 0
7 17 -8 52 2 5 5 2 0 2 1 3 1 5 0 1 1 0 3 3 1 1 3 1 0
7 16 -2 40 2 5 5 2 0 3 1 2 1 5 0 1 1 0 3 3 0 1 4 1 0
7 14 8 35 2 5 5 2 0 5 0 1 1 5 0 1 0 2 3 2 0 0 5 1 0
7 14 2 32 2 5 5 2 0 4 0 2 2 2 3 0 1 1 0 5 0 0 4 2 0
7 15 -7 50 2 5 5 2 0 2 2 2 2 3 2 0 2 0 0 5 1 2 3 0 0
7 16 -5 42 2 5 5 2 0 3 0 3 2 3 2 0 1 2 0 4 1 1 3 1 0
7 15 1 22 2 5 5 2 0 3 3 0 2 3 2 0 1 1 3 2 0 0 4 2 0
7 16 3 30 2 5 5 2 0 4 1 1 2 3 2 0 1 2 0 4 0 1 4 1 0
7 16 7 18 2 5 5 2 0 5 0 1 2 3 2 0 0 3 3 1 0 1 1 1 3
7 18 -9 45 2 5 5 2 0 2 1 3 3 1 1 2 1 1 3 2 0 4 1 1 0
7 17 -5 30 2 5 5 2 0 2 3 1 3 1 1 2 1 2 0 4 0 1 4 1 0
7 17 -5 18 2 5 5 2 0 3 0 3 3 1 1 2 0 3 3 1 0 1 1 1 3
7 14 -18 75 2 5 6 0 1 0 3 3 1 5 0 1 0 1 4 2 3 0 0 3 0
7 15 -6 43 2 5 6 0 1 3 0 3 1 5 0 1 0 1 4 2 0 2 0 1 3
7 17 -5 42 2 5 6 0 1 3 1 2 2 3 2 0 1 1 1 4 0 2 2 2 0
7 16 -13 50 2 5 6 0 1 1 3 2 3 1 1 2 0 2 4 1 2 0 0 4 0
7 15 -12 55 2 5 6 1 0 2 1 3 2 3 2 0 0 2 3 2 2 0 0 4 0
7 15 -8 40 2 5 6 1 0 2 3 1 2 3 2 0 0 2 3 2 1 0 0 5 0
7 15 -8 52 2 5 6 1 0 3 0 3 2 3 2 0 1 1 0 5 0 3 1 2 0
7 17 -18 72 2 5 6 1 0 1 1 4 3 1 1 2 0 2 3 2 1 4 0 1 0
7 17 -18 75 2 5 6 1 0 1 1 4 3 1 1 2 1 0 3 3 1 4 1 0 0
7 16 -14 60 2 5 6 1 0 2 0 4 3 1 1 2 0 2 3 2 0 4 1 1 0
7 17 -12 52 2 5 6 1 0 2 1 3 3 1 1 2 0 2 3 2 0 3 1 2 0
7 15 -9 42 2 5 6 1 0 2 3 1 3 2 0 2 1 0 6 0 0 3 1 2 0
7 15 -9 42 2 5 6 1 0 3 0 3 3 2 0 2 0 3 3 1 0 3 1 2 0
7 14 -22 92 2 5 7 0 0 1 0 5 1 5 0 1 0 0 3 4 1 3 1 1 0
7 14 -27 102 2 5 7 0 0 0 1 5 3 1 1 2 0 1 3 3 2 4 0 0 0
7 15 21 -42 3 4 0 4 3 3 3 0 3 0 1 3 3 3 0 1 2 0 1 0 3
7 17 24 -57 3 4 1 3 3 5 0 1 2 2 2 1 2 4 0 1 0 0 1 2 3
7 18 11 -7 3 4 1 5 1 3 0 3 2 1 3 1 1 4 1 1 2 0 1 0 3
7 17 16 -32 3 4 1 5 1 3 3 0 2 2 2 1 3 0 4 0 1 0 1 1 3
7 19 16 -32 3 4 1 5 1 4 0 2 2 2 2 1 2 3 1 1 1 0 1 1 3
7 19 11 -22 3 4 2 2 3 3 1 2 2 2 2 1 3 1 0 3 1 1 0 1 3
7 20 12 -17 3 4 2 3 2 3 2 1 2 2 2 1 2 2 2 1 1 1 0 1 3
7 19 16 -32 3 4 2 3 2 4 1 1 2 2 2 1 2 2 2 1 0 1 0 2 3
7 17 19 -42 3 4 2 3 2 5 0 1 2 3 1 1 2 3 2 0 0 1 0 2 3
7 17 16 -21 3 4 2 3 2 4 1 1 3 0 1 3 1 4 2 0 0 2 1 0 3
7 18 8 8 3 4 2 4 1 3 0 3 2 1 3 1 1 3 1 2 2 0 1 0 3
7 17 3 22 3 4 2 4 1 1 4 1 2 2 2 1 3 0 1 3 3 0 3 0 0
7 17 13 -26 3 4 2 4 1 4 0 2 2 2 2 1 2 2 1 2 0 0 3 0 3
7 18 0 7 3 4 2 4 1 1 3 2 3 0 4 0 3 1 1 2 2 2 1 1 0
7 18 4 0 3 4 2 4 1 2 2 2 3 0 4 0 3 1 1 2 1 3 1 1 0
7 16 12 -20 3 4 2 4 1 3 3 0 3 0 4 0 3 1 1 2 0 2 2 2 0
7 18 -3 -18 3 4 2 4 1 1 2 3 3 1 3 0 4 0 1 2 1 2 1 2 0
7 14 22 72 3 4 2 5 0 5 0 1 0 3 4 0 0 1 3 3 3 1 2 0 0
7 15 9 25 3 4 2 5 0 2 4 0 2 1 3 1 2 0 3 2 2 0 4 0 0
7 18 9 13 3 4 2 5 0 3 1 2 2 1 3 1 1 2 3 1 2 0 1 0 3
7 18 2 8 3 4 2 5 0 2 1 3 2 2 2 1 2 1 3 1 2 1 0 0 3
7 18 4 12 3 4 2 5 0 2 2 2 2 2 2 1 2 1 3 1 2 0 3 1 0
7 19 10 -12 3 4 2 5 0 3 2 1 2 2 2 1 2 1 3 1 1 0 1 1 3
7 14 16 -21 3 4 2 5 0 4 2 0 3 0 1 3 1 3 3 0 0 0 3 0 3
7 15 9 -15 3 4 2 5 0 3 2 1 3 0 4 0 3 1 0 3 0 2 2 2 0
7 15 24 75 3 4 3 1 3 5 1 0 1 1 3 2 0 2 0 5 2 4 0 0 0
7 17 3 18 3 4 3 1 3 2 1 3 1 4 0 2 1 3 0 3 2 1 0 0 3
7 16 14 23 3 4 3 1 3 3 3 0 2 1 0 4 0 3 3 1 2 0 1 0 3
7 16 4 -8 3 4 3 1 3 1 5 0 2 2 2 1 3 0 0 4 0 2 1 3 0
7 18 7 -18 3 4 3 1 3 3 1 2 2 3 1 1 3 1 0 3 0 2 1 3 0
7 17 12 7 3 4 3 1 3 3 3 0 3 0 1 3 1 4 0 2 1 2 1 2 0
7 19 4 3 3 4 3 2 2 2 2 2 1 4 0 2 1 2 2 2 1 0 1 1 3
7 17 10 40 3 4 3 2 2 3 2 1 1 4 0 2 2 0 2 3 2 2 2 0 0
7 16 13 13 3 4 3 2 2 3 3 0 2 1 0 4 0 2 5 0 1 0 1 1 3
7 16 15 33 3 4 3 2 2 4 1 1 2 1 0 4 0 2 5 0 2 1 0 0 3
7 18 2 -13 3 4 3 2 2 2 2 2 2 3 1 1 3 0 2 2 0 2 1 3 0
7 15 17 -22 3 4 3 2 2 5 0 1 3 0 1 3 0 5 2 0 0 0 1 2 3
7 18 7 25 3 4 3 3 1 2 4 0 2 1 3 1 2 0 1 4 1 1 3 1 0
7 20 9 25 3 4 3 3 1 3 2 1 2 1 3 1 1 2 1 3 1 1 3 1 0
7 17 11 -7 3 4 3 3 1 4 0 2 2 1 3 1 0 4 1 2 0 0 1 2 3
7 19 -4 35 3 4 3 3 1 1 2 3 2 2 2 1 2 1 1 3 2 2 2 0 0
7 20 -2 27 3 4 3 3 1 1 3 2 2 2 2 1 2 1 1 3 2 1 2 1 0
7 18 0 -5 3 4 3 3 1 1 4 1 2 2 2 1 2 1 1 3 0 0 4 2 0
7 18 4 -5 3 4 3 3 1 2 3 1 2 2 2 1 2 1 1 3 0 0 4 2 0
7 20 6 15 3 4 3 3 1 3 1 2 2 2 2 1 1 3 1 2 1 1 3 1 0
7 20 6 12 3 4 3 3 1 3 1 2 2 2 2 1 1 3 1 2 1 1 2 2 0
7 18 10 -12 3 4 3 3 1 4 0 2 2 2 2 1 1 3 1 2 0 1 0 2 3
7 19 12 -17 3 4 3 3 1 4 1 1 2 2 2 1 1 3 1 2 0 0 1 2 3
7 16 3 -6 3 4 3 3 1 3 0 3 2 3 1 1 2 1 4 0 0 3 0 0 3
7 19 5 -10 3 4 3 3 1 3 1 2 2 3 1 1 2 2 1 2 0 1 3 2 0
7 15 10 4 3 4 3 3 1 3 3 0 3 0 1 3 2 0 4 1 0 3 0 0 3
7 15 3 -3 3 4 3 3 1 2 3 1 3 0 4 0 3 0 1 3 0 3 0 3 0
7 16 5 5 3 4 3 3 1 3 1 2 3 0 4 0 2 2 1 2 0 4 0 2 0
7 16 -4 -13 3 4 3 3 1 2 0 4 3 1 3 0 2 3 1 1 0 3 0 3 0
7 16 17 50 3 4 3 4 0 5 0 1 2 0 4 1 0 2 3 2 1 3 1 1 0
7 18 1 25 3 4 3 4 0 2 2 2 2 2 2 1 2 0 3 2 1 2 2 1 0
7 18 5 5 3 4 3 4 0 3 1 2 2 2 2 1 1 2 3 1 0 1 3 2 0
7 18 10 -17 3 4 3 4 0 4 1 1 2 3 1 1 2 1 3 1 0 1 0 2 3
7 16 0 15 3 4 3 4 0 2 2 2 3 0 4 0 2 2 0 3 1 2 2 1 0
7 16 0 12 3 4 3 4 0 2 2 2 3 0 4 0 2 2 0 3 1 2 1 2 0
7 16 0 7 3 4 3 4 0 2 2 2 3 0 4 0 2 2 0 3 1 1 2 2 0
7 15 10 -5 3 4 3 4 0 4 1 1 3 0 4 0 1 4 0 2 0 1 3 2 0
7 14 12 -8 3 4 3 4 0 4 2 0 3 0 4 0 1 3 3 0 0 1 2 3 0
7 16 -5 -18 3 4 3 4 0 1 3 2 3 1 3 0 3 0 3 1 0 1 2 3 0
7 16 -1 -10 3 4 3 4 0 2 2 2 3 1 3 0 3 0 3 1 0 2 2 2 0
7 15 -9 -35 3 4 3 4 0 1 2 3 3 3 1 0 4 0 3 0 0 1 3 2 0
7 15 6 3 3 4 4 0 3 3 1 2 1 4 0 2 0 4 0 3 0 1 0 2 3
7 17 8 32 3 4 4 0 3 3 2 1 1 4 0 2 1 2 0 4 1 2 1 2 0
7 16 10 40 3 4 4 0 3 4 0 2 1 4 0 2 1 2 0 4 1 3 1 1 0
7 18 3 22 3 4 4 0 3 2 3 1 2 2 2 1 2 1 0 4 1 2 1 2 0
7 17 9 22 3 4 4 0 3 3 3 0 2 2 2 1 1 3 0 3 1 2 1 2 0
7 15 -5 -27 3 4 4 0 3 2 0 4 2 4 0 1 3 1 0 3 0 1 0 2 3
7 16 -3 -2 3 4 4 0 3 2 1 3 2 4 0 1 1 5 0 1 2 0 1 0 3
7 15 1 -11 3 4 4 0 3 2 3 1 2 4 0 1 3 0 3 1 0 3 0 0 3
7 16 1 -15 3 4 4 0 3 2 3 1 2 4 0 1 3 1 0 3 0 1 3 2 0
7 14 1 -11 3 4 4 0 3 3 0 3 2 4 0 1 2 3 0 2 0 3 0 0 3
7 15 -11 -30 3 4 4 0 3 0 4 2 4 1 0 2 3 3 0 1 0 2 2 2 0
7 17 -7 38 3 4 4 1 2 1 1 4 1 4 0 2 0 3 2 2 2 1 0 0 3
7 17 5 14 3 4 4 1 2 3 1 2 1 4 0 2 0 3 2 2 0 1 2 0 3
7 19 -2 27 3 4 4 1 2 1 4 1 2 2 2 1 2 0 2 3 1 2 1 2 0
7 19 6 12 3 4 4 1 2 3 2 1 2 2 2 1 1 2 2 2 0 2 1 3 0
7 16 -12 -33 3 4 4 1 2 0 4 2 4 1 0 2 3 2 2 0 0 1 2 3 0
7 16 10 43 3 4 4 2 1 4 1 1 0 6 1 0 1 0 4 2 2 1 0 0 3
7 17 8 23 3 4 4 2 1 4 0 2 1 4 0 2 0 2 4 1 1 0 1 1 3
7 18 10 28 3 4 4 2 1 4 1 1 1 4 0 2 0 2 4 1 1 1 0 1 3
7 15 17 50 3 4 4 2 1 5 1 0 2 0 4 1 0 1 4 2 0 4 0 2 0
7 19 -3 22 3 4 4 2 1 1 4 1 2 2 2 1 1 2 1 3 1 0 3 2 0
7 18 1 10 3 4 4 2 1 2 3 1 2 2 2 1 1 2 1 3 0 0 4 2 0
7 17 3 22 3 4 4 2 1 2 4 0 2 2 2 1 2 0 1 4 1 0 3 2 0
7 19 5 17 3 4 4 2 1 3 2 1 2 2 2 1 1 2 1 3 0 2 1 3 0
7 18 1 -11 3 4 4 2 1 3 1 2 2 4 0 1 2 2 1 2 0 1 2 0 3
7 17 0 15 3 4 4 2 1 2 3 1 3 0 4 0 2 1 1 3 0 3 1 2 0
7 17 0 7 3 4 4 2 1 2 3 1 3 0 4 0 2 1 1 3 0 2 1 3 0
7 17 -8 -5 3 4 4 2 1 1 3 2 4 0 1 2 1 5 1 0 1 0 4 1 0
7 16 -11 -30 3 4 4 2 1 0 5 1 4 1 0 2 3 2 1 1 0 0 4 2 0
7 17 0 15 3 4 4 3 0 2 3 1 2 2 2 1 1 1 3 2 0 0 4 2 0
7 17 0 12 3 4 4 3 0 2 3 1 2 2 2 1 1 1 3 2 0 0 3 3 0
7 16 0 24 3 4 4 3 0 3 0 3 2 2 2 1 1 1 3 2 0 3 0 0 3
7 18 2 20 3 4 4 3 0 3 1 2 2 2 2 1 1 1 3 2 0 1 3 2 0
7 17 4 15 3 4 4 3 0 3 2 1 2 2 2 1 1 1 3 2 0 0 4 2 0
7 17 4 12 3 4 4 3 0 3 2 1 2 2 2 1 1 1 3 2 0 0 3 3 0
7 16 6 24 3 4 4 3 0 4 0 2 2 2 2 1 1 1 3 2 0 3 0 0 3
7 18 7 -2 3 4 4 3 0 4 1 1 2 3 1 1 1 2 3 1 0 1 0 2 3
7 15 -6 19 3 4 4 3 0 1 3 2 3 0 1 3 1 0 6 0 0 2 1 0 3
7 16 -9 42 3 4 4 3 0 1 2 3 3 0 4 0 1 3 0 3 2 2 1 1 0
7 16 -5 30 3 4 4 3 0 1 4 1 3 0 4 0 2 0 3 2 1 2 2 1 0
7 16 -5 30 3 4 4 3 0 2 1 3 3 0 4 0 1 3 0 3 1 2 2 1 0
7 14 -1 17 3 4 4 3 0 2 3 1 3 0 4 0 2 0 3 2 0 3 0 3 0
7 14 -2 7 3 4 4 3 0 3 0 3 3 1 3 0 1 3 3 0 0 3 0 3 0
7 15 4 40 3 4 5 0 2 3 2 1 0 6 1 0 1 0 2 4 0 2 2 2 0
7 15 10 40 3 4 5 0 2 4 2 0 1 4 0 2 1 0 2 4 0 2 2 2 0
7 14 12 39 3 4 5 0 2 5 0 1 1 4 0 2 0 1 5 1 0 3 0 0 3
7 15 -9 30 3 4 5 0 2 0 5 1 3 0 1 3 0 3 2 2 0 2 2 2 0
7 16 7 45 3 4 5 1 1 4 1 1 0 6 1 0 1 0 1 5 0 2 2 2 0
7 16 13 45 3 4 5 1 1 5 1 0 1 4 0 2 0 2 1 4 0 2 2 2 0
7 18 -10 47 3 4 5 1 1 0 5 1 2 2 2 1 1 0 4 2 1 2 1 2 0
7 19 -12 55 3 4 5 1 1 1 1 4 2 2 2 1 0 3 1 3 1 3 1 1 0
7 19 -10 47 3 4 5 1 1 1 2 3 2 2 2 1 0 3 1 3 1 2 1 2 0
7 19 -4 35 3 4 5 1 1 2 2 2 2 2 2 1 1 1 1 4 0 2 2 2 0
7 19 -2 27 3 4 5 1 1 2 3 1 2 2 2 1 1 1 1 4 0 1 2 3 0
7 19 1 22 3 4 5 1 1 3 2 1 2 3 1 1 1 2 1 3 0 2 1 3 0
7 17 0 4 3 4 5 1 1 3 2 1 2 4 0 1 1 2 4 0 0 1 2 0 3
7 16 -10 35 3 4 5 1 1 0 5 1 3 0 1 3 0 2 4 1 0 2 2 2 0
7 17 -5 30 3 4 5 1 1 2 2 2 3 0 4 0 1 2 1 3 0 3 1 2 0
7 16 -11 45 3 4 5 1 1 0 5 1 3 1 0 3 1 2 1 3 2 0 4 0 0
7 15 -5 -3 3 4 5 1 1 3 0 3 3 2 2 0 0 6 1 0 0 1 2 3 0
7 17 -9 42 3 4 5 2 0 1 3 2 2 2 2 1 0 2 3 2 1 0 3 2 0
7 16 -3 30 3 4 5 2 0 2 3 1 2 2 2 1 1 0 3 3 0 0 4 2 0
7 14 -6 27 3 4 5 2 0 2 2 2 3 0 4 0 0 4 0 3 0 2 1 3 0
7 15 -20 87 3 4 6 0 1 0 1 5 0 6 1 0 0 1 1 5 2 2 1 1 0
7 15 -8 55 3 4 6 0 1 2 1 3 0 6 1 0 0 1 1 5 0 1 3 2 0
7 15 -3 13 3 4 6 0 1 3 2 1 2 4 0 1 0 3 4 0 0 1 0 2 3
7 15 -13 50 3 4 6 0 1 0 5 1 3 0 1 3 0 1 4 2 0 2 2 2 0
7 14 -9 57 3 4 6 1 0 2 1 3 0 6 1 0 0 0 3 4 0 1 2 3 0
7 17 -12 55 3 4 6 1 0 1 3 2 2 2 2 1 0 1 3 3 0 2 2 2 0
7 14 -19 77 3 4 6 1 0 0 3 3 2 3 1 1 0 3 0 4 3 0 3 0 0
7 15 -11 42 3 4 6 1 0 1 4 1 3 1 0 3 0 1 6 0 0 2 1 3 0
7 17 24 -56 4 3 0 3 4 3 3 0 2 1 2 2 3 2 1 1 0 2 0 1 3
7 15 25 -66 4 3 0 5 2 4 2 0 1 4 2 0 4 0 2 1 0 0 2 1 3
7 15 13 -27 4 3 0 6 1 2 2 2 1 3 3 0 3 0 4 0 2 0 0 1 3
7 15 15 -38 4 3 1 3 3 2 4 0 1 4 2 0 4 0 0 3 1 0 2 3 0
7 14 19 -50 4 3 1 3 3 3 3 0 1 4 2 0 4 0 0 3 0 0 3 3 0
7 16 18 52 4 3 1 6 0 3 2 1 1 0 6 0 0 2 3 2 3 1 1 1 0
7 15 16 -41 4 3 1 6 0 4 0 2 1 4 2 0 3 0 3 1 0 0 2 1 3
7 18 10 7 4 3 2 1 4 1 5 0 2 1 2 2 2 2 1 2 2 2 0 2 0
7 17 14 32 4 3 2 2 3 2 4 0 2 0 3 2 1 3 0 3 3 1 1 1 0
7 18 9 10 4 3 2 2 3 1 5 0 2 1 2 2 2 2 0 3 2 1 2 1 0
7 18 13 22 4 3 2 2 3 3 1 2 2 1 2 2 0 6 0 1 3 1 1 1 0
7 16 12 -20 4 3 2 2 3 2 4 0 2 2 1 2 3 0 3 1 0 3 0 3 0
7 16 21 70 4 3 2 3 2 4 1 1 0 3 3 1 1 0 2 4 3 3 0 0 0
7 18 8 32 4 3 2 3 2 2 2 2 1 3 3 0 2 1 2 2 3 2 0 1 0
7 16 9 -26 4 3 2 3 2 3 0 3 1 4 2 0 3 0 2 2 0 2 0 1 3
7 18 12 -5 4 3 2 3 2 2 4 0 2 1 2 2 1 3 2 1 1 0 3 2 0
7 17 6 28 4 3 2 4 1 2 1 3 0 5 1 1 1 1 4 1 3 0 0 0 3
7 15 22 67 4 3 2 4 1 4 2 0 1 0 6 0 0 2 1 4 3 2 0 1 0
7 16 3 18 4 3 2 4 1 2 0 4 1 3 3 0 1 3 1 2 3 0 0 0 3
7 16 13 -27 4 3 2 4 1 3 2 1 1 3 3 0 2 0 4 1 0 0 0 3 3
7 17 3 -18 4 3 2 4 1 2 1 3 1 5 1 0 3 0 4 0 1 1 1 3 0
7 15 -3 10 4 3 2 4 1 0 4 2 3 0 3 1 3 0 4 0 2 3 0 1 0
7 16 8 32 4 3 2 5 0 2 3 1 1 3 3 0 2 0 3 2 3 0 2 1 0
7 15 16 55 4 3 3 1 3 3 3 0 0 4 2 1 1 1 0 5 3 0 3 0 0
7 16 9 42 4 3 3 1 3 2 3 1 0 5 1 1 2 0 0 5 3 0 2 1 0
7 16 13 37 4 3 3 1 3 3 2 1 1 2 4 0 0 4 0 3 2 2 0 2 0
7 17 15 45 4 3 3 1 3 3 3 0 1 3 0 3 1 1 3 2 2 3 0 1 0
7 17 4 27 4 3 3 1 3 1 4 1 1 3 3 0 2 1 0 4 2 2 0 2 0
7 17 8 35 4 3 3 1 3 2 3 1 1 3 3 0 2 1 0 4 2 3 0 1 0
7 16 3 -18 4 3 3 1 3 1 4 1 1 4 2 0 3 0 0 4 0 1 1 4 0
7 16 3 13 4 3 3 1 3 2 1 3 1 4 2 0 1 4 0 2 3 0 0 0 3
7 17 10 -21 4 3 3 1 3 3 2 1 1 5 1 0 2 3 0 2 1 0 2 0 3
7 18 10 15 4 3 3 1 3 2 4 0 2 1 2 2 1 3 0 3 1 2 1 2 0
7 19 7 10 4 3 3 1 3 2 3 1 2 2 1 2 2 1 3 1 1 3 0 2 0
7 16 13 -11 4 3 3 1 3 4 0 2 2 2 1 2 0 6 0 1 1 0 2 0 3
7 18 8 35 4 3 3 2 2 2 3 1 0 5 1 1 1 1 2 3 2 0 3 1 0
7 16 14 47 4 3 3 2 2 4 0 2 0 5 1 1 0 3 2 2 3 0 2 1 0
7 16 10 24 4 3 3 2 2 2 4 0 1 3 0 3 1 0 5 1 1 2 0 0 3
7 17 9 -2 4 3 3 2 2 3 1 2 1 3 3 0 0 4 2 1 1 0 0 2 3
7 18 8 -13 4 3 3 2 2 3 1 2 1 4 2 0 1 3 2 1 0 1 1 4 0
7 16 -1 -7 4 3 3 2 2 2 0 4 1 5 1 0 1 4 2 0 2 0 0 1 3
7 15 -8 -32 4 3 3 2 2 1 0 5 1 6 0 0 2 3 2 0 1 0 0 2 3
7 15 -2 -17 4 3 3 2 2 2 0 4 1 6 0 0 2 3 2 0 2 0 0 1 3
7 18 0 -21 4 3 3 2 2 2 1 3 1 6 0 0 3 1 2 1 1 1 1 0 3
7 17 13 22 4 3 3 2 2 3 3 0 2 1 2 2 0 4 2 1 2 0 2 2 0
7 18 -1 5 4 3 3 2 2 1 3 2 2 3 0 2 2 2 2 1 2 0 3 1 0
7 17 -9 -26 4 3 3 2 2 0 3 3 3 2 1 1 3 2 2 0 1 2 0 0 3
7 17 13 45 4 3 3 3 1 4 0 2 0 5 1 1 0 2 4 1 2 1 2 1 0
7 16 13 37 4 3 3 3 1 3 3 0 1 2 4 0 0 3 1 3 2 0 2 2 0
7 17 8 35 4 3 3 3 1 2 4 0 1 3 3 0 2 0 1 4 2 1 2 1 0
7 16 6 3 4 3 3 3 1 3 0 3 1 3 3 0 0 4 1 2 1 0 0 2 3
7 19 8 32 4 3 3 3 1 3 1 2 1 3 3 0 1 2 1 3 2 1 1 2 0
7 18 3 30 4 3 3 3 1 2 2 2 1 4 2 0 2 0 4 1 2 2 1 1 0
7 16 11 -22 4 3 3 3 1 4 0 2 1 4 2 0 1 3 1 2 0 0 0 3 3
7 15 -5 -27 4 3 3 3 1 1 2 3 1 6 0 0 3 0 4 0 1 0 0 2 3
7 19 10 19 4 3 3 3 1 3 2 1 2 1 2 2 1 1 4 1 1 2 0 0 3
7 16 12 15 4 3 3 3 1 3 3 0 2 1 2 2 0 3 4 0 1 0 3 2 0
7 16 12 12 4 3 3 3 1 3 3 0 2 1 2 2 0 3 4 0 1 0 2 3 0
7 18 7 10 4 3 3 3 1 2 4 0 2 2 1 2 2 0 4 1 1 1 2 2 0
7 19 9 10 4 3 3 3 1 3 2 1 2 2 1 2 1 2 4 0 1 1 2 2 0
7 14 -7 38 4 3 3 4 0 1 0 5 1 3 3 0 0 3 3 1 3 0 0 0 3
7 18 3 25 4 3 3 4 0 2 2 2 1 3 3 0 1 1 3 2 1 1 2 2 0
7 15 5 14 4 3 3 4 0 3 0 3 1 3 3 0 0 3 3 1 1 0 2 0 3
7 16 9 9 4 3 3 4 0 3 2 1 2 1 2 2 1 0 6 0 0 2 0 1 3
7 16 -9 -26 4 3 3 4 0 0 4 2 3 2 1 1 3 1 3 0 1 0 2 0 3
7 15 13 45 4 3 4 0 3 3 3 0 0 4 2 1 0 2 0 5 1 1 2 2 0
7 15 6 27 4 3 4 0 3 2 3 1 0 5 1 1 0 3 0 4 1 0 2 3 0
7 16 8 35 4 3 4 0 3 3 1 2 0 5 1 1 0 3 0 4 1 1 2 2 0
7 15 16 52 4 3 4 0 3 4 2 0 0 5 1 1 0 2 3 2 2 2 0 2 0
7 15 3 -15 4 3 4 0 3 2 3 1 1 5 1 0 2 2 0 3 0 0 3 3 0
7 15 3 -11 4 3 4 0 3 3 0 3 1 5 1 0 1 4 0 2 0 2 0 1 3
7 14 -4 -28 4 3 4 0 3 1 3 2 1 6 0 0 3 1 0 3 0 0 2 4 0
7 15 0 -21 4 3 4 0 3 2 2 2 1 6 0 0 3 0 3 1 0 2 0 1 3
7 14 -3 -3 4 3 4 0 3 0 6 0 2 3 0 2 2 2 0 3 1 0 2 3 0
7 16 -5 -11 4 3 4 0 3 1 2 3 2 3 0 2 1 4 0 2 0 2 0 1 3
7 17 -6 -8 4 3 4 0 3 0 5 1 3 1 2 1 2 3 0 2 1 1 1 3 0
7 15 21 70 4 3 4 1 2 5 1 0 0 3 3 1 0 0 2 5 1 3 0 2 0
7 18 8 32 4 3 4 1 2 3 2 1 1 3 3 0 1 1 2 3 1 2 0 3 0
7 17 10 27 4 3 4 1 2 3 3 0 1 3 3 0 0 3 2 2 1 1 1 3 0
7 17 3 30 4 3 4 1 2 3 0 3 1 4 2 0 1 2 2 2 1 3 0 2 0
7 17 5 2 4 3 4 1 2 3 1 2 1 4 2 0 0 4 2 1 0 1 1 4 0
7 17 8 -16 4 3 4 1 2 4 0 2 1 5 1 0 1 3 2 1 0 0 2 1 3
7 16 -3 -23 4 3 4 1 2 2 1 3 1 6 0 0 2 2 2 1 0 0 2 4 0
7 17 9 10 4 3 4 1 2 3 3 0 2 2 1 2 1 1 5 0 0 2 1 3 0
7 18 -4 20 4 3 4 1 2 1 3 2 2 3 0 2 1 3 2 1 2 0 3 1 0
7 18 -4 8 4 3 4 1 2 1 3 2 2 3 0 2 1 3 2 1 2 0 0 1 3
7 18 -4 -1 4 3 4 1 2 1 3 2 2 3 0 2 1 3 2 1 1 0 2 0 3
7 17 -2 4 4 3 4 1 2 1 4 1 2 3 0 2 2 0 5 0 1 1 1 0 3
7 19 -2 4 4 3 4 1 2 2 1 3 2 3 0 2 1 3 2 1 1 1 1 0 3
7 17 6 28 4 3 4 2 1 3 1 2 0 5 1 1 0 1 4 2 1 0 0 2 3
7 17 10 39 4 3 4 2 1 4 0 2 0 5 1 1 0 1 4 2 1 1 1 0 3
7 17 12 40 4 3 4 2 1 4 1 1 1 2 4 0 0 2 1 4 1 0 3 2 0
7 14 10 19 4 3 4 2 1 3 3 0 1 3 0 3 0 0 7 0 0 0 2 1 3
7 18 1 30 4 3 4 2 1 2 2 2 1 3 3 0 1 1 1 4 1 0 3 2 0
7 17 3 25 4 3 4 2 1 2 3 1 1 3 3 0 1 0 4 2 0 2 1 3 0
7 18 0 27 4 3 4 2 1 2 2 2 1 4 2 0 1 1 4 1 1 2 0 3 0
7 18 4 27 4 3 4 2 1 3 1 2 1 4 2 0 1 1 4 1 1 2 0 3 0
7 18 6 27 4 3 4 2 1 3 2 1 1 4 2 0 1 1 4 1 1 2 0 3 0
7 18 3 -11 4 3 4 2 1 3 1 2 1 5 1 0 1 3 1 2 0 0 2 1 3
7 16 0 -21 4 3 4 2 1 3 0 3 1 6 0 0 2 2 1 2 0 0 2 1 3
7 17 2 -16 4 3 4 2 1 3 1 2 1 6 0 0 2 1 4 0 0 1 1 1 3
7 17 10 15 4 3 4 2 1 4 1 1 2 2 1 2 0 3 4 0 0 2 1 3 0
7 17 -5 25 4 3 4 2 1 1 3 2 2 3 0 2 1 2 4 0 2 0 3 1 0
7 16 -5 10 4 3 4 2 1 1 3 2 3 0 3 1 1 2 4 0 0 3 0 3 0
7 16 -3 10 4 3 4 2 1 1 4 1 3 0 3 1 2 0 4 1 0 3 0 3 0
7 16 -6 4 4 3 4 2 1 2 0 4 3 1 2 1 0 6 1 0 1 2 0 0 3
7 20 -9 -26 4 3 4 2 1 1 2 3 3 2 1 1 2 3 1 1 0 1 1 1 3
7 15 8 32 4 3 4 3 0 3 3 0 1 3 3 0 1 0 3 3 1 0 2 3 0
7 15 1 22 4 3 4 3 0 3 0 3 1 4 2 0 0 3 3 1 1 0 2 3 0
7 14 1 -2 4 3 4 3 0 3 0 3 1 4 2 0 0 3 3 1 0 0 0 3 3
7 18 3 30 4 3 4 3 0 3 1 2 1 4 2 0 1 1 3 2 1 1 2 2 0
7 15 12 24 4 3 4 3 0 4 2 0 2 1 2 2 0 1 6 0 0 2 0 1 3
7 18 -8 -21 4 3 4 3 0 1 3 2 3 2 1 1 2 2 3 0 0 1 1 1 3
7 14 8 35 4 3 5 0 2 3 3 0 0 5 1 1 0 1 2 4 0 0 3 3 0
7 14 7 22 4 3 5 0 2 3 3 0 1 3 3 0 0 2 2 3 0 0 2 4 0
7 14 -1 -7 4 3 5 0 2 3 0 3 1 5 1 0 0 4 2 1 0 0 0 3 3
7 14 -2 -17 4 3 5 0 2 3 0 3 1 6 0 0 1 3 2 1 0 0 0 3 3
7 17 -5 25 4 3 5 0 2 2 1 3 2 3 0 2 0 4 2 1 1 1 2 2 0
7 16 -1 5 4 3 5 0 2 2 3 1 2 3 0 2 1 2 2 2 0 0 3 3 0
7 17 -7 -10 4 3 5 0 2 1 4 1 3 2 1 1 1 4 2 0 0 1 2 3 0
7 17 8 32 4 3 5 1 1 4 1 1 1 3 3 0 0 2 1 4 0 1 1 4 0
7 17 -5 42 4 3 5 1 1 2 1 3 1 4 2 0 1 0 4 2 1 2 0 3 0
7 17 -3 30 4 3 5 1 1 2 2 2 1 4 2 0 0 2 4 1 0 2 1 3 0
7 17 3 22 4 3 5 1 1 3 2 1 1 4 2 0 0 3 1 3 0 1 1 4 0
7 17 3 30 4 3 5 1 1 3 2 1 1 4 2 0 1 0 4 2 0 2 1 3 0
7 17 7 30 4 3 5 1 1 4 1 1 1 4 2 0 0 3 1 3 0 2 1 3 0
7 18 -6 40 4 3 5 1 1 1 4 1 1 5 1 0 1 1 4 1 2 0 3 1 0
7 17 -6 40 4 3 5 1 1 2 1 3 1 5 1 0 0 4 1 2 2 0 3 1 0
7 16 0 19 4 3 5 1 1 3 1 2 1 5 1 0 0 3 4 0 1 0 2 0 3
7 16 0 27 4 3 5 2 0 3 1 2 1 4 2 0 0 2 3 2 0 1 1 4 0
7 15 2 32 4 3 5 2 0 3 2 1 1 4 2 0 1 0 3 3 0 2 0 4 0
7 14 -15 70 4 3 6 0 1 0 3 3 0 6 0 1 0 0 4 3 1 2 1 2 0
7 16 -5 37 4 3 6 0 1 2 3 1 1 5 1 0 0 3 1 3 1 0 2 3 0
7 14 1 25 4 3 6 0 1 3 3 0 1 5 1 0 0 3 1 3 0 0 3 3 0
7 15 -5 25 4 3 6 0 1 2 3 1 2 3 0 2 0 2 4 1 0 0 3 3 0
7 16 -13 62 4 3 6 1 0 1 2 3 1 4 2 0 0 1 3 3 1 2 0 3 0
7 15 19 -38 5 2 0 4 3 3 1 2 2 1 4 0 2 5 0 0 2 1 0 3 0
7 16 14 -25 5 2 0 5 2 2 2 2 2 1 4 0 3 2 2 0 2 2 0 2 0
7 15 27 -66 5 2 0 6 1 5 0 1 2 1 4 0 2 4 1 0 0 0 1 2 3
7 16 15 45 5 2 1 3 3 1 5 0 1 1 4 1 2 1 0 4 4 2 0 0 0
7 15 7 10 5 2 1 3 3 0 5 1 2 0 5 0 3 1 0 3 3 2 0 1 0
7 17 10 15 5 2 1 4 2 1 4 1 2 0 5 0 2 2 2 1 3 2 0 1 0
7 17 10 7 5 2 1 4 2 1 4 1 2 0 5 0 2 2 2 1 3 1 0 2 0
7 17 10 0 5 2 1 4 2 1 4 1 2 0 5 0 2 2 2 1 2 2 0 2 0
7 16 12 -8 5 2 1 4 2 1 5 0 2 0 5 0 2 2 2 1 2 1 0 3 0
7 17 11 -10 5 2 1 4 2 2 2 2 2 1 4 0 2 3 2 0 2 2 0 2 0
7 16 19 -38 5 2 1 4 2 3 3 0 2 1 4 0 2 3 2 0 1 0 1 4 0
7 17 9 10 5 2 1 5 1 1 4 1 2 0 5 0 2 2 1 2 3 0 2 1 0
7 15 15 -23 5 2 1 5 1 2 4 0 2 0 5 0 2 1 4 0 1 0 1 4 0
7 14 13 -6 5 2 1 5 1 3 0 3 2 0 5 0 0 6 1 0 2 1 0 0 3
7 16 12 -20 5 2 1 5 1 2 3 1 2 1 4 0 3 0 4 0 1 2 0 3 0
7 16 14 -25 5 2 1 5 1 2 4 0 2 1 4 0 3 0 4 0 1 1 1 3 0
7 15 10 15 5 2 1 6 0 1 5 0 2 0 5 0 2 1 3 1 3 0 2 1 0
7 15 10 12 5 2 1 6 0 1 5 0 2 0 5 0 2 1 3 1 3 0 1 2 0
7 15 10 0 5 2 1 6 0 1 5 0 2 0 5 0 2 1 3 1 2 0 2 2 0
7 16 11 -10 5 2 1 6 0 2 3 1 2 1 4 0 2 2 3 0 2 0 2 2 0
7 17 15 -26 5 2 1 6 0 3 2 1 2 1 4 0 2 2 3 0 1 1 0 1 3
7 16 18 52 5 2 2 1 4 2 4 0 0 3 2 2 0 3 1 3 4 0 1 1 0
7 17 15 42 5 2 2 1 4 2 3 1 0 4 1 2 0 4 1 2 4 0 1 1 0
7 19 13 -18 5 2 2 1 4 2 3 1 1 3 2 1 1 4 1 1 1 1 0 4 0
7 18 15 -30 5 2 2 1 4 2 4 0 1 3 2 1 2 2 1 2 0 1 1 4 0
7 18 7 -11 5 2 2 2 3 1 4 1 1 4 1 1 3 0 3 1 2 1 0 0 3
7 18 7 -11 5 2 2 2 3 2 1 3 1 4 1 1 2 3 0 2 2 1 0 0 3
7 18 9 -11 5 2 2 2 3 2 2 2 1 4 1 1 2 2 3 0 2 1 0 0 3
7 15 8 -28 5 2 2 2 3 2 2 2 1 5 0 1 4 0 0 3 0 2 4 0 0
7 14 12 -33 5 2 2 2 3 2 4 0 1 5 0 1 4 0 0 3 0 1 5 0 0
7 16 15 -6 5 2 2 2 3 2 4 0 2 0 2 3 0 4 3 0 1 1 0 1 3
7 14 18 -33 5 2 2 2 3 3 3 0 2 0 5 0 1 4 0 2 0 0 1 5 0
7 16 19 -38 5 2 2 2 3 4 1 1 2 1 4 0 1 5 0 1 0 1 0 5 0
7 17 15 37 5 2 2 3 2 2 4 0 1 1 4 1 0 3 2 2 3 0 1 2 0
7 16 9 22 5 2 2 3 2 1 5 0 1 3 2 1 2 0 5 0 3 1 0 2 0
7 17 9 10 5 2 2 3 2 1 5 0 2 0 5 0 2 1 2 2 2 1 1 2 0
7 17 14 -25 5 2 2 3 2 3 2 1 2 1 4 0 2 2 2 1 0 2 0 4 0
7 17 11 14 5 2 2 4 1 2 3 1 1 2 3 1 0 3 4 0 2 0 1 0 3
7 18 10 15 5 2 2 4 1 2 3 1 2 0 5 0 1 3 1 2 2 1 1 2 0
7 17 11 -10 5 2 2 4 1 2 4 0 2 1 4 0 2 1 4 0 1 1 1 3 0
7 16 10 24 5 2 2 5 0 2 3 1 1 2 3 1 1 0 6 0 2 1 0 0 3
7 15 11 17 5 2 2 5 0 2 4 0 2 0 5 0 1 2 3 1 2 1 0 3 0
7 15 -5 -11 5 2 2 5 0 0 3 3 2 2 3 0 2 2 3 0 2 0 1 0 3
7 15 -6 -21 5 2 2 5 0 0 3 3 2 3 2 0 3 1 3 0 2 0 1 0 3
7 15 18 55 5 2 3 0 4 3 3 0 0 4 1 2 0 3 1 3 3 2 0 1 0
7 16 13 30 5 2 3 0 4 2 4 0 1 2 3 1 0 4 1 2 2 2 0 2 0
7 17 7 -3 5 2 3 0 4 1 5 0 1 4 1 1 2 2 1 2 2 0 1 3 0
7 16 7 -15 5 2 3 0 4 1 5 0 1 4 1 1 3 0 1 3 1 0 2 3 0
7 18 9 -3 5 2 3 0 4 2 3 1 1 4 1 1 1 4 1 1 2 0 1 3 0
7 16 17 -31 5 2 3 0 4 4 1 1 1 4 1 1 0 6 1 0 0 1 0 2 3
7 17 0 -8 5 2 3 0 4 1 2 3 1 5 0 1 2 3 1 1 2 1 0 3 0
7 17 8 32 5 2 3 1 3 2 2 2 1 2 3 1 1 2 0 4 0 5 1 0 0
7 16 12 27 5 2 3 1 3 2 4 0 1 2 3 1 0 4 0 3 2 1 0 3 0
7 16 3 10 5 2 3 1 3 0 6 0 1 3 2 1 2 0 3 2 1 2 0 3 0
7 18 0 4 5 2 3 1 3 1 2 3 1 4 1 1 1 4 0 2 2 1 0 0 3
7 17 2 -1 5 2 3 1 3 2 0 4 1 4 1 1 1 4 0 2 2 0 1 0 3
7 18 4 4 5 2 3 1 3 2 1 3 1 4 1 1 1 4 0 2 2 1 0 0 3
7 18 6 4 5 2 3 1 3 2 2 2 1 4 1 1 1 4 0 2 2 1 0 0 3
7 16 16 -29 5 2 3 1 3 4 1 1 1 4 1 1 0 6 0 1 0 0 2 0 4
7 17 1 -3 5 2 3 1 3 1 3 2 1 5 0 1 2 2 3 0 2 1 0 3 0
7 18 1 -15 5 2 3 1 3 1 3 2 1 5 0 1 3 0 3 1 1 1 1 3 0
7 16 3 -18 5 2 3 1 3 1 4 1 1 5 0 1 3 1 0 3 0 1 5 0 0
7 16 9 10 5 2 3 1 3 2 3 1 2 0 5 0 1 3 0 3 1 2 0 3 0
7 14 18 -29 5 2 3 1 3 4 2 0 2 2 0 3 0 6 0 1 0 0 2 0 4
7 16 -5 -3 5 2 3 1 3 0 3 3 2 2 3 0 1 5 0 1 2 1 0 3 0
7 16 -3 -3 5 2 3 1 3 0 4 2 2 2 3 0 2 3 0 2 2 1 0 3 0
7 17 -3 -15 5 2 3 1 3 0 4 2 2 2 3 0 3 1 0 3 1 1 1 3 0
7 15 9 -6 5 2 3 2 2 2 3 1 0 5 0 2 0 2 5 0 0 0 1 2 3
7 16 11 17 5 2 3 2 2 2 4 0 1 2 3 1 0 2 5 0 1 1 0 4 0
7 17 3 9 5 2 3 2 2 1 4 1 1 4 1 1 2 0 5 0 2 1 0 0 3
7 19 3 9 5 2 3 2 2 2 1 3 1 4 1 1 1 3 2 1 2 1 0 0 3
7 17 9 -11 5 2 3 2 2 2 4 0 1 4 1 1 2 0 5 0 1 0 1 1 3
7 20 9 -11 5 2 3 2 2 3 1 2 1 4 1 1 1 3 2 1 1 0 1 1 3
7 16 10 15 5 2 3 2 2 2 4 0 2 0 5 0 1 2 2 2 1 2 0 3 0
7 16 10 7 5 2 3 2 2 2 4 0 2 0 5 0 1 2 2 2 1 1 0 4 0
7 14 14 -13 5 2 3 2 2 3 3 0 2 0 5 0 0 4 2 1 0 0 1 5 0
7 17 11 -10 5 2 3 2 2 3 2 1 2 1 4 0 1 3 2 1 0 2 0 4 0
7 14 7 21 5 2 3 3 1 2 2 2 0 4 1 2 0 0 7 0 0 2 0 0 4
7 15 11 29 5 2 3 3 1 2 4 0 0 4 1 2 0 0 7 0 1 1 0 1 3
7 18 9 22 5 2 3 3 1 2 4 0 1 3 2 1 1 1 4 1 2 0 1 3 0
7 18 1 -11 5 2 3 3 1 2 1 3 1 5 0 1 2 1 4 0 1 1 0 1 3
7 14 11 5 5 2 3 3 1 3 2 1 2 0 5 0 0 3 4 0 0 2 0 4 0
7 16 10 -5 5 2 3 3 1 3 2 1 2 1 4 0 1 2 4 0 0 2 0 4 0
7 19 -5 -11 5 2 3 3 1 1 1 4 2 2 3 0 1 4 1 1 1 1 0 1 3
7 17 7 -3 5 2 3 3 1 3 1 2 2 2 3 0 1 4 1 1 0 2 4 0 0
7 16 -8 -29 5 2 3 3 1 1 0 5 2 3 2 0 2 3 1 1 0 2 0 0 4
7 19 -6 -21 5 2 3 3 1 1 1 4 2 3 2 0 2 3 1 1 1 1 0 1 3
7 14 9 22 5 2 3 4 0 2 4 0 1 2 3 1 0 2 3 2 0 0 6 0 0
7 16 8 20 5 2 3 4 0 2 4 0 1 3 2 1 1 0 6 0 1 1 1 3 0
7 15 8 32 5 2 3 4 0 3 1 2 1 3 2 1 1 0 6 0 0 4 2 0 0
7 16 7 22 5 2 3 4 0 3 1 2 2 1 4 0 1 2 3 1 0 4 2 0 0
7 15 11 -10 5 2 3 4 0 3 3 0 2 1 4 0 1 2 3 1 0 0 2 4 0
7 14 0 -8 5 2 3 4 0 1 4 1 2 2 3 0 2 2 0 3 0 0 6 0 0
7 14 4 -8 5 2 3 4 0 2 3 1 2 2 3 0 2 2 0 3 0 0 6 0 0
7 15 -1 14 5 2 4 0 3 2 0 4 1 4 1 1 0 5 0 2 2 0 1 0 3
7 18 9 -11 5 2 4 0 3 3 2 1 1 4 1 1 1 2 3 1 0 1 0 2 3
7 15 -2 -8 5 2 4 0 3 0 6 0 1 5 0 1 2 1 3 1 1 0 1 4 0
7 17 0 -8 5 2 4 0 3 1 4 1 1 5 0 1 2 1 3 1 1 0 1 4 0
7 17 -3 22 5 2 4 1 2 0 5 1 1 3 2 1 1 0 5 1 1 1 0 4 0
7 17 -2 19 5 2 4 1 2 2 0 4 1 4 1 1 0 4 2 1 2 0 1 0 3
7 16 -3 -6 5 2 4 1 2 2 0 4 1 5 0 1 0 5 2 0 1 0 1 1 3
7 14 11 2 5 2 4 1 2 3 3 0 2 0 5 0 0 3 2 2 0 0 1 5 0
7 16 -6 19 5 2 4 1 2 0 4 2 2 2 0 3 1 1 5 0 2 0 1 0 3
7 17 -5 -3 5 2 4 1 2 0 5 1 2 2 3 0 1 3 2 1 1 0 1 4 0
7 16 -5 -15 5 2 4 1 2 0 5 1 2 2 3 0 2 1 2 2 0 0 2 4 0
7 15 -10 -28 5 2 4 1 2 0 3 3 2 3 2 0 1 4 2 0 0 0 1 5 0
7 18 -3 9 5 2 4 2 1 1 3 2 1 4 1 1 0 3 4 0 1 0 1 1 3
7 17 9 9 5 2 4 2 1 3 3 0 1 4 1 1 0 3 4 0 1 0 1 1 3
7 15 -5 42 5 2 4 2 1 1 2 3 2 1 4 0 2 0 1 4 0 6 0 0 0
7 17 -4 -1 5 2 4 2 1 2 0 4 2 2 3 0 0 5 1 1 1 0 1 1 3
7 16 -5 -6 5 2 4 2 1 2 0 4 2 3 2 0 0 6 1 0 1 1 0 1 3
7 14 0 27 5 2 5 0 2 3 0 3 1 5 0 1 0 4 2 1 0 3 3 0 0
7 15 -8 15 5 2 5 0 2 0 5 1 3 0 2 2 0 4 2 1 1 0 2 3 0
7 17 -3 25 5 2 5 1 1 2 2 2 1 5 0 1 0 3 4 0 1 1 1 3 0
7 16 1 6 5 2 5 1 1 3 1 2 1 5 0 1 0 3 4 0 0 1 1 0 4
7 15 -11 45 5 2 5 1 1 0 4 2 2 2 3 0 0 3 4 0 2 2 0 2 0
7 16 -9 25 5 2 5 1 1 0 5 1 3 0 2 2 0 3 4 0 1 1 1 3 0
7 16 -9 37 5 2 5 1 1 0 5 1 3 0 2 2 1 1 4 1 0 4 2 0 0
7 15 0 27 5 2 5 2 0 3 1 2 1 5 0 1 0 3 3 1 0 1 5 0 0
7 16 -11 57 5 2 6 0 1 1 2 3 1 4 1 1 0 2 1 4 0 3 3 0 0
7 16 24 -56 6 1 0 1 6 2 4 0 1 3 1 2 3 3 0 1 2 0 0 1 3
7 15 27 -71 6 1 0 3 4 4 1 1 0 6 1 0 3 3 1 0 1 0 0 2 3
7 15 29 -79 6 1 0 3 4 4 2 0 0 6 1 0 4 1 1 1 0 1 0 1 4
7 16 22 -56 6 1 1 2 4 3 3 0 0 6 1 0 3 2 1 1 1 0 0 2 3
7 15 15 -39 6 1 1 5 1 3 1 2 0 6 1 0 3 0 4 0 1 0 1 0 4
7 14 17 -43 6 1 1 5 1 3 2 1 0 6 1 0 3 0 4 0 1 0 0 0 5
7 15 13 -6 6 1 2 0 5 1 5 0 1 3 1 2 1 4 2 0 3 0 0 0 3
7 16 9 -23 6 1 2 1 4 1 4 1 0 6 1 0 3 1 1 2 2 0 0 4 0
7 15 13 -26 6 1 2 1 4 3 0 3 0 6 1 0 1 5 1 0 2 0 0 1 3
7 17 16 -24 6 1 2 1 4 3 1 2 1 3 1 2 0 6 1 0 1 1 0 0 4
7 19 16 -29 6 1 2 1 4 3 1 2 1 3 1 2 1 4 1 1 1 0 1 0 4
7 17 18 -32 6 1 2 1 4 3 2 1 1 3 1 2 0 6 1 0 0 1 2 0 3
7 15 20 -40 6 1 2 1 4 4 0 2 1 3 1 2 0 6 1 0 0 1 0 0 5
7 17 19 -42 6 1 2 1 4 3 3 0 1 4 0 2 2 3 1 1 0 1 2 0 3
7 16 11 -19 6 1 2 2 3 2 2 2 0 5 2 0 1 3 3 0 1 1 0 0 4
7 16 10 -21 6 1 2 2 3 2 2 2 0 6 1 0 2 2 3 0 2 0 0 1 3
7 16 12 -32 6 1 2 2 3 2 3 1 0 6 1 0 3 0 3 1 0 2 1 0 3
7 15 12 -29 6 1 2 2 3 3 0 3 0 6 1 0 2 2 3 0 1 1 0 0 4
7 15 12 -32 6 1 2 2 3 3 0 3 0 6 1 0 2 3 0 2 0 2 1 0 3
7 14 18 -45 6 1 2 2 3 4 0 2 0 6 1 0 2 2 3 0 0 1 0 0 5
7 15 13 -38 6 1 2 2 3 3 1 2 0 7 0 0 3 2 0 2 0 1 4 1 0
7 16 4 -8 6 1 2 2 3 0 5 1 1 4 0 2 3 0 3 1 1 2 3 0 0
7 15 10 -20 6 1 2 2 3 1 5 0 1 4 0 2 3 0 3 1 0 2 4 0 0
7 18 12 -8 6 1 2 2 3 2 3 1 2 1 3 1 1 5 0 1 1 2 3 0 0
7 16 20 -37 6 1 2 2 3 4 1 1 2 1 3 1 0 7 0 0 0 1 2 0 3
7 16 7 -27 6 1 2 3 2 2 1 3 0 6 1 0 3 0 2 2 0 2 1 0 3
7 15 10 -33 6 1 2 3 2 3 0 3 0 7 0 0 3 1 2 1 0 1 4 1 0
7 16 12 -32 6 1 2 4 1 3 1 2 0 6 1 0 2 2 1 2 0 0 3 0 3
7 16 7 10 6 1 2 4 1 1 4 1 2 0 4 1 2 0 4 1 0 4 2 0 0
7 17 12 -8 6 1 2 4 1 2 4 0 2 1 3 1 1 4 1 1 1 0 5 0 0
7 16 7 25 6 1 3 0 4 1 4 1 0 5 2 0 1 3 1 2 3 1 0 2 0
7 15 9 25 6 1 3 0 4 2 2 2 0 5 2 0 0 5 1 1 3 1 0 2 0
7 16 4 -5 6 1 3 0 4 1 3 2 0 6 1 0 1 4 1 1 2 0 1 3 0
7 14 12 -20 6 1 3 0 4 3 1 2 0 6 1 0 0 6 1 0 1 0 1 4 0
7 16 5 17 6 1 3 0 4 0 6 0 1 3 1 2 2 1 1 3 1 3 2 0 0
7 17 9 -3 6 1 3 0 4 1 5 0 1 3 1 2 1 3 1 2 0 2 3 1 0
7 17 13 -14 6 1 3 0 4 3 1 2 1 3 1 2 0 5 1 1 1 0 1 0 4
7 15 17 -31 6 1 3 0 4 3 3 0 1 3 1 2 1 2 4 0 0 0 0 3 3
7 17 6 -8 6 1 3 0 4 1 4 1 1 4 0 2 2 2 1 2 0 3 2 1 0
7 16 10 -17 6 1 3 0 4 2 3 1 1 4 0 2 2 2 1 2 0 3 0 0 3
7 14 5 2 6 1 3 1 3 0 6 0 0 4 3 0 1 1 3 2 1 0 0 5 0
7 16 7 10 6 1 3 1 3 1 4 1 0 4 3 0 0 3 3 1 1 1 0 4 0
7 14 0 19 6 1 3 1 3 1 1 4 0 5 2 0 0 5 0 2 3 0 0 0 3
7 14 6 19 6 1 3 1 3 2 1 3 0 5 2 0 0 5 0 2 3 0 0 0 3
7 14 -3 30 6 1 3 1 3 1 0 5 0 6 1 0 0 6 0 1 4 0 1 1 0
7 16 1 -6 6 1 3 1 3 1 2 3 0 6 1 0 1 3 3 0 2 0 0 1 3
7 15 3 -3 6 1 3 1 3 1 3 2 0 6 1 0 1 3 3 0 2 0 0 4 0
7 17 3 -15 6 1 3 1 3 1 3 2 0 6 1 0 2 1 3 1 1 0 1 4 0
7 16 7 -15 6 1 3 1 3 1 5 0 0 6 1 0 2 1 3 1 1 0 1 4 0
7 15 3 -14 6 1 3 1 3 2 0 4 0 6 1 0 1 4 0 2 1 1 0 0 4
7 16 5 -22 6 1 3 1 3 2 1 3 0 6 1 0 2 2 0 3 0 1 2 0 3
7 16 18 52 6 1 3 1 3 3 3 0 1 1 3 2 0 2 3 2 1 5 0 0 0
7 18 9 22 6 1 3 1 3 1 5 0 1 2 2 2 1 1 3 2 0 4 1 1 0
7 17 15 42 6 1 3 1 3 3 2 1 1 2 2 2 0 3 3 1 1 5 0 0 0
7 16 12 4 6 1 3 1 3 2 4 0 1 3 1 2 0 4 3 0 2 0 0 1 3
7 17 12 -9 6 1 3 1 3 3 1 2 1 3 1 2 0 4 3 0 1 0 1 0 4
7 17 5 17 6 1 3 1 3 2 1 3 1 4 0 2 1 3 3 0 1 4 1 0 0
7 17 7 -3 6 1 3 1 3 2 2 2 1 4 0 2 1 3 3 0 0 3 2 1 0
7 15 13 -18 6 1 3 1 3 3 2 1 1 4 0 2 0 6 0 1 0 0 5 1 0
7 17 -1 17 6 1 3 1 3 0 4 2 2 1 3 1 2 2 0 3 1 4 1 0 0
7 17 5 5 6 1 3 1 3 1 4 1 2 1 3 1 2 2 0 3 0 4 2 0 0
7 18 -2 7 6 1 3 1 3 1 1 4 2 2 2 1 1 5 0 1 1 4 1 0 0
7 17 0 -5 6 1 3 1 3 1 2 3 2 2 2 1 2 3 0 2 0 4 2 0 0
7 15 13 42 6 1 3 2 2 2 4 0 0 3 4 0 0 2 2 3 1 2 3 0 0
7 14 4 15 6 1 3 2 2 0 6 0 0 4 3 0 1 0 5 1 1 1 0 4 0
7 16 1 9 6 1 3 2 2 1 2 3 0 5 2 0 0 4 2 1 2 0 0 1 3
7 16 5 -7 6 1 3 2 2 2 1 3 0 5 2 0 0 4 2 1 0 1 2 0 3
7 14 2 20 6 1 3 2 2 2 0 4 0 6 1 0 0 5 2 0 3 0 1 2 0
7 14 2 -1 6 1 3 2 2 2 0 4 0 6 1 0 0 5 2 0 2 0 0 1 3
7 16 -1 -10 6 1 3 2 2 0 5 1 2 2 2 1 3 0 2 2 0 2 4 0 0
7 15 16 52 6 1 3 3 1 3 3 0 0 3 4 0 0 1 4 2 1 3 2 0 0
7 16 3 -11 6 1 3 3 1 2 1 3 0 6 1 0 1 2 4 0 1 0 0 2 3
7 15 -2 -21 6 1 3 3 1 1 2 3 0 7 0 0 2 1 4 0 1 0 0 2 3
7 17 15 42 6 1 3 3 1 3 3 0 1 2 2 2 0 2 4 1 1 3 2 0 0
7 17 5 5 6 1 3 3 1 1 5 0 2 1 3 1 2 1 1 3 0 2 4 0 0
7 17 -6 -17 6 1 3 3 1 0 3 3 2 2 2 1 2 1 4 0 0 2 1 0 3
7 17 -2 7 6 1 3 3 1 0 5 1 2 2 2 1 2 1 4 0 1 2 3 0 0
7 16 3 25 6 1 4 0 3 1 4 1 0 5 2 0 1 1 3 2 2 0 1 3 0
7 15 3 37 6 1 4 0 3 2 1 3 0 5 2 0 1 2 0 4 1 3 2 0 0
7 14 7 25 6 1 4 0 3 2 3 1 0 5 2 0 0 4 0 3 2 0 1 3 0
7 15 7 37 6 1 4 0 3 2 3 1 0 5 2 0 1 2 0 4 1 3 2 0 0
7 14 9 25 6 1 4 0 3 2 4 0 0 5 2 0 0 3 3 1 2 0 1 3 0
7 15 9 37 6 1 4 0 3 2 4 0 0 5 2 0 1 1 3 2 1 3 2 0 0
7 14 9 37 6 1 4 0 3 3 1 2 0 5 2 0 0 4 0 3 1 3 2 0 0
7 15 -4 35 6 1 4 0 3 0 4 2 0 6 1 0 1 2 3 1 3 1 0 2 0
7 14 -2 27 6 1 4 0 3 0 5 1 0 6 1 0 1 2 3 1 3 0 0 3 0
7 14 -4 35 6 1 4 0 3 1 1 4 0 6 1 0 0 5 0 2 3 1 0 2 0
7 14 0 15 6 1 4 0 3 1 3 2 0 6 1 0 0 4 3 0 2 0 1 3 0
7 14 0 0 6 1 4 0 3 1 3 2 0 6 1 0 0 4 3 0 1 0 1 4 0
7 14 2 20 6 1 4 0 3 2 1 3 0 6 1 0 0 4 3 0 2 1 0 3 0
7 14 4 15 6 1 4 0 3 2 2 2 0 6 1 0 0 4 3 0 2 0 1 3 0
7 14 6 15 6 1 4 0 3 2 3 1 0 6 1 0 0 4 3 0 2 0 1 3 0
7 15 7 13 6 1 4 0 3 3 0 3 1 3 1 2 0 3 3 1 0 3 0 0 3
7 16 0 3 6 1 4 0 3 1 3 2 1 4 0 2 1 2 3 1 0 3 0 0 3
7 16 4 3 6 1 4 0 3 2 2 2 1 4 0 2 1 2 3 1 0 3 0 0 3
7 16 6 3 6 1 4 0 3 2 3 1 1 4 0 2 1 2 3 1 0 3 0 0 3
7 14 8 20 6 1 4 0 3 3 1 2 1 4 0 2 0 4 3 0 0 4 2 0 0
7 16 -5 22 6 1 4 0 3 1 1 4 2 2 2 1 0 6 0 1 1 4 1 0 0
7 15 9 30 6 1 4 1 2 2 4 0 0 4 3 0 0 2 2 3 1 1 0 4 0
7 17 2 32 6 1 4 1 2 1 4 1 0 5 2 0 1 1 2 3 1 1 4 0 0
7 16 1 25 6 1 4 1 2 2 1 3 0 6 1 0 0 4 2 1 2 1 0 3 0
7 15 -1 2 6 1 4 1 2 0 6 0 1 4 0 2 1 2 2 2 0 0 5 1 0
7 16 3 10 6 1 4 1 2 1 5 0 1 4 0 2 1 2 2 2 0 1 5 0 0
7 17 5 17 6 1 4 1 2 2 3 1 1 4 0 2 1 1 5 0 0 3 2 1 0
7 17 9 -2 6 1 4 1 2 3 2 1 1 4 0 2 0 4 2 1 0 1 2 0 3
7 15 -2 12 6 1 4 1 2 0 6 0 2 2 2 1 2 0 5 0 0 4 1 1 0
7 15 -2 7 6 1 4 1 2 0 6 0 2 2 2 1 2 0 5 0 0 3 2 1 0
7 17 -6 27 6 1 4 1 2 1 1 4 2 2 2 1 0 5 2 0 1 4 1 0 0
7 19 -2 12 6 1 4 1 2 1 3 2 2 2 2 1 1 3 2 1 0 4 1 1 0
7 19 -2 7 6 1 4 1 2 1 3 2 2 2 2 1 1 3 2 1 0 3 2 1 0
7 16 -5 -3 6 1 4 1 2 0 5 1 2 3 1 1 1 4 2 0 1 0 5 0 0
7 15 -3 37 6 1 4 2 1 0 5 1 0 5 2 0 1 0 4 2 1 1 4 0 0
7 16 -3 37 6 1 4 2 1 1 2 3 0 5 2 0 0 3 1 3 1 1 4 0 0
7 15 -1 29 6 1 4 2 1 2 0 4 0 5 2 0 0 2 4 1 2 0 0 1 3
7 17 3 37 6 1 4 2 1 2 2 2 0 5 2 0 1 1 1 4 1 1 4 0 0
7 16 7 37 6 1 4 2 1 2 4 0 0 5 2 0 1 1 1 4 1 1 4 0 0
7 16 9 37 6 1 4 2 1 3 2 1 0 5 2 0 0 3 1 3 1 1 4 0 0
7 15 -6 40 6 1 4 2 1 1 1 4 0 6 1 0 0 3 4 0 3 0 1 2 0
7 15 0 -9 6 1 4 2 1 2 1 3 0 6 1 0 0 3 4 0 0 0 1 1 4
7 15 6 -9 6 1 4 2 1 3 1 2 0 6 1 0 0 3 4 0 0 0 1 1 4
7 16 7 25 6 1 4 2 1 2 4 0 1 3 1 2 1 0 4 2 0 1 5 0 0
7 17 9 25 6 1 4 2 1 3 2 1 1 3 1 2 0 2 4 1 0 1 5 0 0
7 18 4 3 6 1 4 2 1 2 3 1 1 4 0 2 1 1 4 1 0 1 2 0 3
7 15 8 20 6 1 4 2 1 3 2 1 1 4 0 2 0 3 4 0 0 2 4 0 0
7 16 8 8 6 1 4 2 1 3 2 1 1 4 0 2 0 3 4 0 0 2 1 0 3
7 17 -5 22 6 1 4 2 1 0 5 1 2 2 2 1 1 2 4 0 1 2 3 0 0
7 18 -5 22 6 1 4 2 1 1 2 3 2 2 2 1 0 5 1 1 1 2 3 0 0
7 17 -9 -27 6 1 4 2 1 1 1 4 2 4 0 1 1 5 1 0 0 1 2 0 3
7 15 3 13 6 1 4 3 0 2 3 1 1 4 0 2 1 0 6 0 0 2 1 0 3
7 14 5 17 6 1 4 3 0 2 4 0 1 4 0 2 1 0 6 0 0 1 4 1 0
7 16 -6 27 6 1 4 3 0 1 2 3 2 2 2 1 0 4 3 0 1 2 3 0 0
7 18 -2 12 6 1 4 3 0 1 4 1 2 2 2 1 1 2 3 1 0 2 3 1 0
7 18 -2 7 6 1 4 3 0 1 4 1 2 2 2 1 1 2 3 1 0 1 4 1 0
7 15 -3 37 6 1 5 0 2 1 3 2 0 5 2 0 0 2 2 3 0 2 3 1 0
7 15 3 37 6 1 5 0 2 2 3 1 0 5 2 0 1 0 2 4 0 2 3 1 0
7 14 9 37 6 1 5 0 2 3 3 0 0 5 2 0 0 2 2 3 0 2 3 1 0
7 15 -4 35 6 1 5 0 2 1 3 2 0 6 1 0 0 3 2 2 2 0 1 3 0
7 15 0 40 6 1 5 0 2 2 2 2 0 6 1 0 1 1 2 3 0 4 2 0 0
7 14 -4 23 6 1 5 0 2 1 3 2 1 4 0 2 0 2 5 0 0 3 0 0 3
7 16 -2 27 6 1 5 0 2 1 4 1 1 4 0 2 1 0 5 1 0 2 3 1 0
7 15 -5 22 6 1 5 0 2 0 6 0 2 2 2 1 1 1 5 0 0 3 2 1 0
7 17 -5 22 6 1 5 0 2 1 3 2 2 2 2 1 0 4 2 1 0 3 2 1 0
7 15 -2 40 6 1 5 1 1 2 1 3 0 5 2 0 0 2 1 4 0 1 5 0 0
7 15 2 32 6 1 5 1 1 2 3 1 0 5 2 0 0 2 1 4 0 0 5 1 0
7 16 -9 57 6 1 5 1 1 1 1 4 0 6 1 0 1 0 4 2 1 4 1 0 0
7 17 -3 42 6 1 5 1 1 1 4 1 0 6 1 0 1 1 1 4 1 1 4 0 0
7 14 -5 45 6 1 5 1 1 2 0 4 0 6 1 0 0 2 4 1 0 4 2 0 0
7 15 -3 45 6 1 5 1 1 2 1 3 0 6 1 0 1 0 4 2 0 4 2 0 0
7 15 1 30 6 1 5 1 1 2 3 1 0 6 1 0 0 2 4 1 0 1 5 0 0
7 16 1 37 6 1 5 1 1 2 3 1 0 6 1 0 1 0 4 2 0 3 2 1 0
7 15 1 37 6 1 5 1 1 3 0 3 0 6 1 0 0 3 1 3 0 3 2 1 0
7 16 -3 22 6 1 5 1 1 1 4 1 1 4 0 2 0 2 4 1 0 0 5 1 0
7 16 -9 45 6 1 5 1 1 0 4 2 2 1 3 1 1 0 4 2 0 4 2 0 0
7 17 -6 27 6 1 5 1 1 1 3 2 2 2 2 1 0 3 4 0 0 3 2 1 0
7 14 -3 37 6 1 5 2 0 1 4 1 0 5 2 0 0 1 3 3 0 0 5 1 0
7 14 0 40 6 1 5 2 0 2 3 1 0 6 1 0 1 0 3 3 0 2 4 0 0
7 14 2 35 6 1 5 2 0 3 1 2 0 6 1 0 0 2 3 2 0 1 5 0 0
7 14 -10 47 6 1 5 2 0 0 4 2 1 4 0 2 0 1 6 0 1 1 4 0 0
7 17 -5 22 6 1 5 2 0 1 4 1 2 2 2 1 0 3 3 1 0 1 4 1 0
7 14 -14 67 6 1 6 0 1 0 3 3 0 6 1 0 0 1 4 2 1 3 2 0 0
7 14 25 -63 7 0 0 4 3 3 3 0 1 3 3 0 3 3 0 1 0 1 3 2 0
7 15 18 -48 7 0 1 1 5 2 3 1 0 6 0 1 4 0 2 1 0 3 1 2 0
7 16 21 -47 7 0 1 2 4 2 4 0 0 4 2 1 1 4 1 1 0 0 2 1 3
7 15 26 -64 7 0 1 2 4 4 1 1 0 5 1 1 1 5 1 0 0 0 0 2 4
7 16 19 -47 7 0 1 3 3 2 4 0 0 5 1 1 3 0 3 1 0 1 1 1 3
7 15 7 -3 7 0 1 3 3 0 4 2 1 2 4 0 2 3 0 2 2 2 2 0 0
7 17 13 -23 7 0 1 3 3 1 4 1 1 2 4 0 2 3 0 2 1 1 3 1 0
7 16 14 -28 7 0 1 3 3 1 5 0 1 3 3 0 3 1 3 0 1 2 2 1 0
7 17 14 -28 7 0 1 3 3 2 2 2 1 3 3 0 2 4 0 1 1 2 2 1 0
7 17 16 -33 7 0 1 3 3 2 3 1 1 3 3 0 2 4 0 1 1 1 3 1 0
7 14 10 -8 7 0 1 4 2 0 6 0 1 2 4 0 2 2 2 1 2 0 4 0 0
7 17 15 -35 7 0 1 4 2 2 3 1 1 3 3 0 3 1 2 1 0 2 3 1 0
7 14 4 -8 7 0 1 5 1 0 4 2 1 3 3 0 3 0 4 0 2 1 3 0 0
7 14 6 -8 7 0 1 5 1 0 5 1 1 3 3 0 3 0 4 0 2 1 3 0 0
7 15 10 -20 7 0 1 5 1 1 4 1 1 3 3 0 3 0 4 0 1 1 4 0 0
7 14 10 -5 7 0 2 0 5 0 6 0 1 3 0 3 2 2 2 1 1 3 2 0 0
7 15 21 -50 7 0 2 1 4 4 0 2 0 5 1 1 1 4 1 1 0 0 0 1 5
7 16 8 -13 7 0 2 1 4 0 6 0 1 3 3 0 3 1 1 2 1 3 1 1 0
7 17 14 -28 7 0 2 1 4 2 3 1 1 3 3 0 2 3 1 1 0 3 1 2 0
7 16 16 -33 7 0 2 1 4 2 4 0 1 3 3 0 2 3 1 1 0 2 2 2 0
7 17 13 -3 7 0 2 1 4 1 5 0 2 0 3 2 1 4 1 1 1 3 1 1 0
7 15 8 -13 7 0 2 2 3 0 6 0 0 5 1 1 2 1 3 1 1 0 4 1 0
7 17 10 -17 7 0 2 2 3 2 1 3 0 5 1 1 1 3 3 0 1 1 1 0 3
7 15 13 -30 7 0 2 2 3 2 3 1 0 6 0 1 2 2 3 0 0 1 4 1 0
7 17 10 -8 7 0 2 2 3 1 4 1 1 2 4 0 1 4 0 2 1 1 3 1 0
7 16 5 17 7 0 2 3 2 0 5 1 1 2 4 0 2 1 2 2 2 2 2 0 0
7 16 7 -3 7 0 2 3 2 0 6 0 1 2 4 0 2 1 2 2 1 1 3 1 0
7 18 9 -3 7 0 2 3 2 1 4 1 1 2 4 0 1 3 2 1 1 1 3 1 0
7 18 6 -8 7 0 2 3 2 1 3 2 1 3 3 0 2 2 2 1 1 2 2 1 0
7 17 10 -20 7 0 2 3 2 2 2 2 1 3 3 0 2 2 2 1 0 2 3 1 0
7 16 14 -28 7 0 2 3 2 2 4 0 1 3 3 0 2 2 2 1 0 1 3 2 0
7 18 9 22 7 0 2 4 1 1 4 1 1 1 5 0 1 1 4 1 1 3 1 1 0
7 16 1 -3 7 0 2 4 1 0 4 2 1 3 3 0 2 1 4 0 1 2 2 1 0
7 14 8 20 7 0 2 5 0 1 4 1 1 1 5 0 1 0 6 0 0 4 1 1 0
7 14 2 32 7 0 3 0 4 0 4 2 0 5 1 1 2 1 1 3 2 4 0 0 0
7 16 4 27 7 0 3 0 4 1 2 3 0 5 1 1 1 3 1 2 2 3 1 0 0
7 16 6 27 7 0 3 0 4 1 3 2 0 5 1 1 1 3 1 2 2 3 1 0 0
7 16 8 -13 7 0 3 0 4 1 4 1 0 5 1 1 1 3 1 2 0 1 3 2 0
7 15 7 -18 7 0 3 0 4 1 4 1 0 6 0 1 2 2 1 2 0 2 2 2 0
7 15 9 -18 7 0 3 0 4 2 2 2 0 6 0 1 1 4 1 1 0 2 2 2 0
7 15 10 12 7 0 3 0 4 1 5 0 1 3 0 3 1 2 4 0 1 3 1 1 0
7 15 10 7 7 0 3 0 4 1 5 0 1 3 0 3 1 2 4 0 1 2 2 1 0
7 15 5 2 7 0 3 0 4 0 6 0 1 3 3 0 2 2 1 2 1 3 1 1 0
7 15 5 2 7 0 3 1 3 0 6 0 0 5 1 1 1 2 3 1 1 0 4 1 0
7 16 7 -2 7 0 3 1 3 2 1 3 0 5 1 1 0 4 3 0 1 1 1 0 3
7 17 5 17 7 0 3 1 3 1 3 2 1 2 4 0 1 3 0 3 1 3 1 1 0
7 16 7 -3 7 0 3 1 3 1 4 1 1 2 4 0 1 3 0 3 0 2 2 2 0
7 15 9 -3 7 0 3 1 3 2 2 2 1 2 4 0 0 5 0 2 0 2 2 2 0
7 16 4 7 7 0 3 1 3 0 6 0 1 3 3 0 2 1 3 1 1 3 1 1 0
7 17 4 7 7 0 3 1 3 1 3 2 1 3 3 0 1 4 0 2 1 3 1 1 0
7 17 6 -8 7 0 3 1 3 1 4 1 1 3 3 0 2 1 3 1 0 3 1 2 0
7 15 8 -13 7 0 3 1 3 1 5 0 1 3 3 0 2 2 0 3 0 2 2 2 0
7 15 10 27 7 0 3 2 2 1 5 0 0 3 3 1 0 1 5 1 0 3 1 2 0
7 14 13 37 7 0 3 2 2 2 4 0 0 4 2 1 0 2 5 0 2 1 3 0 0
7 17 6 27 7 0 3 2 2 1 4 1 0 5 1 1 1 2 2 2 2 1 3 0 0
7 16 10 -17 7 0 3 2 2 2 3 1 0 5 1 1 1 1 5 0 0 0 2 1 3
7 14 9 22 7 0 3 2 2 1 5 0 1 1 5 0 1 0 5 1 0 4 0 2 0
7 18 6 12 7 0 3 2 2 1 4 1 1 2 4 0 1 2 2 2 1 1 3 1 0
7 16 8 20 7 0 3 2 2 1 5 0 1 2 4 0 1 2 2 2 1 2 3 0 0
7 17 -1 2 7 0 3 2 2 0 4 2 1 3 3 0 1 3 2 1 1 1 3 1 0
7 14 1 -3 7 0 3 2 2 0 5 1 1 3 3 0 2 0 5 0 0 3 1 2 0
7 14 -3 -2 7 0 3 2 2 1 0 5 1 3 3 0 0 5 2 0 1 2 0 0 3
7 17 3 10 7 0 3 2 2 1 3 2 1 3 3 0 1 3 2 1 1 2 3 0 0
7 17 5 -10 7 0 3 2 2 1 4 1 1 3 3 0 2 1 2 2 0 1 4 1 0
7 14 13 -18 7 0 3 2 2 3 2 1 1 3 3 0 0 5 2 0 0 0 4 2 0
7 14 15 45 7 0 3 3 1 3 2 1 1 0 6 0 0 1 4 2 0 5 0 1 0
7 16 0 3 7 0 3 3 1 1 2 3 1 3 3 0 1 2 4 0 1 2 0 0 3
7 18 4 7 7 0 3 3 1 1 4 1 1 3 3 0 1 3 1 2 1 1 3 1 0
7 16 4 -8 7 0 3 3 1 1 4 1 1 3 3 0 2 0 4 1 0 1 3 2 0
7 15 3 10 7 0 3 4 0 1 4 1 1 3 3 0 1 2 3 1 1 0 5 0 0
7 15 -4 32 7 0 4 0 3 0 3 3 0 5 1 1 0 3 3 1 1 3 1 1 0
7 15 2 20 7 0 4 0 3 1 3 2 0 5 1 1 0 3 3 1 0 3 2 1 0
7 15 4 15 7 0 4 0 3 1 4 1 0 5 1 1 0 3 3 1 0 2 3 1 0
7 15 4 12 7 0 4 0 3 1 4 1 0 5 1 1 0 3 3 1 0 2 2 2 0
7 15 4 7 7 0 4 0 3 1 4 1 0 5 1 1 0 3 3 1 0 1 3 2 0
7 17 4 27 7 0 4 0 3 1 4 1 0 5 1 1 1 1 3 2 1 2 2 1 0
7 14 3 22 7 0 4 0 3 2 1 3 0 6 0 1 0 4 3 0 1 3 1 1 0
7 14 6 12 7 0 4 0 3 2 2 2 1 2 4 0 0 4 0 3 0 2 2 2 0
7 14 8 20 7 0 4 0 3 2 3 1 1 2 4 0 0 4 0 3 0 3 2 1 0
7 14 -3 30 7 0 4 0 3 0 4 2 1 3 3 0 1 3 0 3 1 4 1 0 0
7 14 -1 2 7 0 4 0 3 1 2 3 1 3 3 0 0 5 0 2 0 2 2 2 0
7 14 3 10 7 0 4 0 3 2 1 3 1 3 3 0 0 5 0 2 0 3 2 1 0
7 14 7 10 7 0 4 0 3 2 3 1 1 3 3 0 0 5 0 2 0 3 2 1 0
7 14 -5 -23 7 0 4 0 3 0 4 2 1 5 1 0 2 3 0 2 0 1 3 2 0
7 14 -3 -15 7 0 4 0 3 0 5 1 1 5 1 0 2 2 3 0 0 2 3 1 0
7 15 -3 -15 7 0 4 0 3 1 2 3 1 5 1 0 1 5 0 1 0 2 3 1 0
7 15 -3 30 7 0 4 1 2 0 4 2 0 5 1 1 0 3 2 2 1 1 4 0 0
7 14 1 22 7 0 4 1 2 0 6 0 0 5 1 1 1 0 5 1 1 0 4 1 0
7 17 3 30 7 0 4 1 2 1 4 1 0 5 1 1 1 1 2 3 1 1 4 0 0
7 16 3 18 7 0 4 1 2 2 1 3 0 5 1 1 0 2 5 0 1 1 1 0 3
7 15 3 6 7 0 4 1 2 2 1 3 0 5 1 1 0 2 5 0 1 0 0 1 4
7 15 7 25 7 0 4 1 2 2 3 1 0 5 1 1 0 2 5 0 0 3 2 1 0
7 16 7 18 7 0 4 1 2 2 3 1 0 5 1 1 0 2 5 0 1 1 1 0 3
7 15 7 -2 7 0 4 1 2 2 3 1 0 5 1 1 0 2 5 0 0 0 2 1 3
7 15 9 30 7 0 4 1 2 2 4 0 0 5 1 1 0 3 2 2 1 1 4 0 0
7 17 1 25 7 0 4 1 2 1 3 2 1 2 4 0 1 1 2 3 0 3 2 1 0
7 15 -6 40 7 0 4 1 2 0 3 3 1 3 3 0 1 2 2 2 1 5 0 0 0
7 16 -4 32 7 0 4 1 2 0 4 2 1 3 3 0 1 2 2 2 1 4 0 1 0
7 17 2 20 7 0 4 1 2 1 4 1 1 3 3 0 1 2 2 2 0 4 1 1 0
7 16 4 15 7 0 4 1 2 1 5 0 1 3 3 0 1 2 2 2 0 3 2 1 0
7 16 4 12 7 0 4 1 2 1 5 0 1 3 3 0 1 2 2 2 0 3 1 2 0
7 16 4 7 7 0 4 1 2 1 5 0 1 3 3 0 1 2 2 2 0 2 2 2 0
7 14 -1 5 7 0 4 1 2 0 6 0 1 4 2 0 1 3 2 1 1 0 5 0 0
7 14 -6 -20 7 0 4 1 2 0 4 2 1 5 1 0 1 4 2 0 0 0 5 1 0
7 16 2 20 7 0 4 2 1 1 4 1 0 5 1 1 0 2 4 1 0 1 4 1 0
7 14 4 15 7 0 4 2 1 1 5 0 0 5 1 1 0 2 4 1 0 0 5 1 0
7 14 4 12 7 0 4 2 1 1 5 0 0 5 1 1 0 2 4 1 0 0 4 2 0
7 15 4 27 7 0 4 2 1 1 5 0 0 5 1 1 1 0 4 2 1 0 4 1 0
7 15 3 22 7 0 4 2 1 2 2 2 0 6 0 1 0 3 4 0 1 1 3 1 0
7 15 3 -2 7 0 4 2 1 2 2 2 0 6 0 1 0 3 4 0 0 1 1 1 3
7 15 6 15 7 0 4 2 1 2 3 1 1 2 4 0 0 3 1 3 0 0 5 1 0
7 14 -3 10 7 0 4 2 1 0 5 1 1 3 3 0 0 3 4 0 0 1 4 1 0
7 14 -1 2 7 0 4 2 1 0 6 0 1 3 3 0 1 1 4 1 0 0 4 2 0
7 15 -3 25 7 0 4 2 1 1 2 3 1 3 3 0 0 3 4 0 0 4 1 1 0
7 16 3 10 7 0 4 2 1 1 5 0 1 3 3 0 1 1 4 1 0 1 4 1 0
7 16 3 10 7 0 4 2 1 2 2 2 1 3 3 0 0 4 1 2 0 1 4 1 0
7 15 7 10 7 0 4 2 1 2 4 0 1 3 3 0 0 4 1 2 0 1 4 1 0
7 15 -7 -19 7 0 4 2 1 1 1 4 1 5 1 0 0 6 1 0 1 0 0 1 4
7 16 -3 -15 7 0 4 2 1 1 3 2 1 5 1 0 1 4 1 1 0 0 5 1 0
7 15 -10 -37 7 0 4 2 1 0 3 3 1 6 0 0 2 3 1 1 0 0 2 1 3
7 15 -6 40 7 0 4 3 0 0 4 2 1 3 3 0 1 1 3 2 1 3 2 0 0
7 16 -4 32 7 0 4 3 0 0 5 1 1 3 3 0 1 1 3 2 1 2 2 1 0
7 15 2 20 7 0 4 3 0 1 5 0 1 3 3 0 1 1 3 2 0 2 3 1 0
7 14 -6 40 7 0 5 0 2 0 4 2 0 5 1 1 0 1 5 1 0 3 2 1 0
7 14 -4 32 7 0 5 0 2 0 5 1 0 5 1 1 0 1 5 1 0 2 2 2 0
7 14 -4 35 7 0 5 0 2 0 5 1 0 5 1 1 0 2 2 3 0 2 3 1 0
7 14 1 30 7 0 5 0 2 2 2 2 0 6 0 1 0 3 2 2 0 3 2 1 0
