117 17 14 13 11 8 8
125 13 11 9 8 6 8
127 12 10 8 7 6 8
127 12 10 8 7 7 7
127 12 10 8 7 8 6
127 12 10 9 8 6 6
129 11 10 8 7 5 6
131 10 9 7 6 5 6
133 9 8 6 6 4 6
133 9 8 7 6 4 5
133 9 8 7 6 5 4
133 9 8 8 6 4 4
135 8 7 6 5 4 5
135 8 7 6 5 5 4
137 7 6 5 5 3 5
137 7 6 5 5 4 4
137 7 6 5 6 3 4
137 7 6 6 5 3 4
138 7 6 5 4 3 4
139 6 6 5 4 3 3
141 5 5 4 3 2 4
141 5 5 4 4 2 3
142 5 4 3 3 2 4
142 5 4 3 3 3 3
142 5 4 3 3 4 2
142 5 4 4 3 2 3
142 5 4 4 3 3 2
142 5 4 4 4 2 2
143 4 4 3 3 2 3
143 4 4 3 3 3 2
143 4 4 3 4 2 2
143 4 4 4 3 2 2
145 3 3 2 3 2 2
145 3 3 3 2 2 2
145 3 3 3 3 1 2
147 2 2 2 2 1 2
147 2 2 2 2 2 1
147 2 2 2 3 1 1
147 2 2 3 2 1 1
147 2 3 2 2 1 1
148 2 2 1 1 1 2
149 1 2 1 1 0 2
149 1 2 1 1 1 1
149 1 2 1 2 0 1
149 1 2 2 1 0 1
150 1 1 1 1 0 1
151 0 1 0 1 0 1
151 0 1 0 1 1 0
151 0 1 0 2 0 0
151 0 1 1 1 0 0
152 0 0 0 0 0 1
152 0 0 0 0 1 0
152 0 0 0 1 0 0
152 0 0 1 0 0 0
