p 257 h 81 constraints 6785
0 0 1 0
1 0 1 1
2 0 1 2
3 0 1 3
4 0 1 4
5 0 1 5
6 0 1 6
7 0 1 7
8 0 1 8
9 0 1 9
10 0 1 10
11 0 1 11
12 0 1 12
13 0 1 13
14 0 1 14
15 0 1 15
16 0 1 16
17 0 1 17
18 0 1 18
19 0 1 19
20 0 1 20
21 0 1 21
22 0 1 22
23 0 1 23
24 0 1 24
25 0 1 25
26 0 1 26
27 0 1 27
28 0 1 28
29 0 1 29
30 0 1 30
31 0 1 31
32 0 1 32
33 0 1 33
34 0 1 34
35 0 1 35
36 0 1 36
37 0 1 37
38 0 1 38
39 0 1 39
40 0 1 40
41 0 1 41
42 1 1 2
43 1 1 3
44 1 1 4
45 1 1 5
46 1 1 6
47 1 1 7
48 1 1 8
49 1 1 9
50 1 1 10
51 1 1 11
52 1 1 12
53 1 1 13
54 1 1 14
55 1 1 15
56 1 1 16
57 1 1 17
58 1 1 18
59 1 1 19
60 1 1 20
61 1 1 21
62 1 1 22
63 1 1 23
64 1 1 24
65 1 1 25
66 1 1 26
67 1 1 27
68 1 1 28
69 1 1 29
70 1 1 30
71 1 1 31
72 1 1 32
73 1 1 33
74 1 1 34
75 1 1 35
76 1 1 36
77 1 1 37
78 1 1 38
79 1 1 39
80 1 1 40
81 1 1 41
82 1 1 42
83 2 1 4
84 2 1 5
85 2 1 6
86 2 1 7
87 2 1 8
88 2 1 9
89 2 1 10
90 2 1 11
91 2 1 12
92 2 1 13
93 2 1 14
94 2 1 15
95 2 1 16
96 2 1 17
97 2 1 18
98 2 1 19
99 2 1 20
100 2 1 21
101 2 1 22
102 2 1 23
103 2 1 24
104 2 1 25
105 2 1 26
106 2 1 27
107 2 1 28
108 2 1 29
109 2 1 30
110 2 1 31
111 2 1 32
112 2 1 33
113 2 1 34
114 2 1 35
115 2 1 36
116 2 1 37
117 2 1 38
118 2 1 39
119 2 1 40
120 2 1 41
121 2 1 42
122 2 1 43
123 3 1 6
124 3 1 7
125 3 1 8
126 3 1 9
127 3 1 10
128 3 1 11
129 3 1 12
130 3 1 13
131 3 1 14
132 3 1 15
133 3 1 16
134 3 1 17
135 3 1 18
136 3 1 19
137 3 1 20
138 3 1 21
139 3 1 22
140 3 1 23
141 3 1 24
142 3 1 25
143 3 1 26
144 3 1 27
145 3 1 28
146 3 1 29
147 3 1 30
148 3 1 31
149 3 1 32
150 3 1 33
151 3 1 34
152 3 1 35
153 3 1 36
154 3 1 37
155 3 1 38
156 3 1 39
157 3 1 40
158 3 1 41
159 3 1 42
160 3 1 43
161 3 1 44
162 4 1 8
163 4 1 9
164 4 1 10
165 4 1 11
166 4 1 12
167 4 1 13
168 4 1 14
169 4 1 15
170 4 1 16
171 4 1 17
172 4 1 18
173 4 1 19
174 4 1 20
175 4 1 21
176 4 1 22
177 4 1 23
178 4 1 24
179 4 1 25
180 4 1 26
181 4 1 27
182 4 1 28
183 4 1 29
184 4 1 30
185 4 1 31
186 4 1 32
187 4 1 33
188 4 1 34
189 4 1 35
190 4 1 36
191 4 1 37
192 4 1 38
193 4 1 39
194 4 1 40
195 4 1 41
196 4 1 42
197 4 1 43
198 4 1 44
199 4 1 45
200 5 1 10
201 5 1 11
202 5 1 12
203 5 1 13
204 5 1 14
205 5 1 15
206 5 1 16
207 5 1 17
208 5 1 18
209 5 1 19
210 5 1 20
211 5 1 21
212 5 1 22
213 5 1 23
214 5 1 24
215 5 1 25
216 5 1 26
217 5 1 27
218 5 1 28
219 5 1 29
220 5 1 30
221 5 1 31
222 5 1 32
223 5 1 33
224 5 1 34
225 5 1 35
226 5 1 36
227 5 1 37
228 5 1 38
229 5 1 39
230 5 1 40
231 5 1 41
232 5 1 42
233 5 1 43
234 5 1 44
235 5 1 45
236 5 1 46
237 6 1 12
238 6 1 13
239 6 1 14
240 6 1 15
241 6 1 16
242 6 1 17
243 6 1 18
244 6 1 19
245 6 1 20
246 6 1 21
247 6 1 22
248 6 1 23
249 6 1 24
250 6 1 25
251 6 1 26
252 6 1 27
253 6 1 28
254 6 1 29
255 6 1 30
256 6 1 31
257 6 1 32
258 6 1 33
259 6 1 34
260 6 1 35
261 6 1 36
262 6 1 37
263 6 1 38
264 6 1 39
265 6 1 40
266 6 1 41
267 6 1 42
268 6 1 43
269 6 1 44
270 6 1 45
271 6 1 46
272 6 1 47
273 7 1 14
274 7 1 15
275 7 1 16
276 7 1 17
277 7 1 18
278 7 1 19
279 7 1 20
280 7 1 21
281 7 1 22
282 7 1 23
283 7 1 24
284 7 1 25
285 7 1 26
286 7 1 27
287 7 1 28
288 7 1 29
289 7 1 30
290 7 1 31
291 7 1 32
292 7 1 33
293 7 1 34
294 7 1 35
295 7 1 36
296 7 1 37
297 7 1 38
298 7 1 39
299 7 1 40
300 7 1 41
301 7 1 42
302 7 1 43
303 7 1 44
304 7 1 45
305 7 1 46
306 7 1 47
307 7 1 48
308 8 1 16
309 8 1 17
310 8 1 18
311 8 1 19
312 8 1 20
313 8 1 21
314 8 1 22
315 8 1 23
316 8 1 24
317 8 1 25
318 8 1 26
319 8 1 27
320 8 1 28
321 8 1 29
322 8 1 30
323 8 1 31
324 8 1 32
325 8 1 33
326 8 1 34
327 8 1 35
328 8 1 36
329 8 1 37
330 8 1 38
331 8 1 39
332 8 1 40
333 8 1 41
334 8 1 42
335 8 1 43
336 8 1 44
337 8 1 45
338 8 1 46
339 8 1 47
340 8 1 48
341 8 1 49
342 9 1 18
343 9 1 19
344 9 1 20
345 9 1 21
346 9 1 22
347 9 1 23
348 9 1 24
349 9 1 25
350 9 1 26
351 9 1 27
352 9 1 28
353 9 1 29
354 9 1 30
355 9 1 31
356 9 1 32
357 9 1 33
358 9 1 34
359 9 1 35
360 9 1 36
361 9 1 37
362 9 1 38
363 9 1 39
364 9 1 40
365 9 1 41
366 9 1 42
367 9 1 43
368 9 1 44
369 9 1 45
370 9 1 46
371 9 1 47
372 9 1 48
373 9 1 49
374 9 1 50
375 10 1 20
376 10 1 21
377 10 1 22
378 10 1 23
379 10 1 24
380 10 1 25
381 10 1 26
382 10 1 27
383 10 1 28
384 10 1 29
385 10 1 30
386 10 1 31
387 10 1 32
388 10 1 33
389 10 1 34
390 10 1 35
391 10 1 36
392 10 1 37
393 10 1 38
394 10 1 39
395 10 1 40
396 10 1 41
397 10 1 42
398 10 1 43
399 10 1 44
400 10 1 45
401 10 1 46
402 10 1 47
403 10 1 48
404 10 1 49
405 10 1 50
406 10 1 51
407 11 1 22
408 11 1 23
409 11 1 24
410 11 1 25
411 11 1 26
412 11 1 27
413 11 1 28
414 11 1 29
415 11 1 30
416 11 1 31
417 11 1 32
418 11 1 33
419 11 1 34
420 11 1 35
421 11 1 36
422 11 1 37
423 11 1 38
424 11 1 39
425 11 1 40
426 11 1 41
427 11 1 42
428 11 1 43
429 11 1 44
430 11 1 45
431 11 1 46
432 11 1 47
433 11 1 48
434 11 1 49
435 11 1 50
436 11 1 51
437 11 1 52
438 12 1 24
439 12 1 25
440 12 1 26
441 12 1 27
442 12 1 28
443 12 1 29
444 12 1 30
445 12 1 31
446 12 1 32
447 12 1 33
448 12 1 34
449 12 1 35
450 12 1 36
451 12 1 37
452 12 1 38
453 12 1 39
454 12 1 40
455 12 1 41
456 12 1 42
457 12 1 43
458 12 1 44
459 12 1 45
460 12 1 46
461 12 1 47
462 12 1 48
463 12 1 49
464 12 1 50
465 12 1 51
466 12 1 52
467 12 1 53
468 13 1 26
469 13 1 27
470 13 1 28
471 13 1 29
472 13 1 30
473 13 1 31
474 13 1 32
475 13 1 33
476 13 1 34
477 13 1 35
478 13 1 36
479 13 1 37
480 13 1 38
481 13 1 39
482 13 1 40
483 13 1 41
484 13 1 42
485 13 1 43
486 13 1 44
487 13 1 45
488 13 1 46
489 13 1 47
490 13 1 48
491 13 1 49
492 13 1 50
493 13 1 51
494 13 1 52
495 13 1 53
496 13 1 54
497 14 1 28
498 14 1 29
499 14 1 30
500 14 1 31
501 14 1 32
502 14 1 33
503 14 1 34
504 14 1 35
505 14 1 36
506 14 1 37
507 14 1 38
508 14 1 39
509 14 1 40
510 14 1 41
511 14 1 42
512 14 1 43
513 14 1 44
514 14 1 45
515 14 1 46
516 14 1 47
517 14 1 48
518 14 1 49
519 14 1 50
520 14 1 51
521 14 1 52
522 14 1 53
523 14 1 54
524 14 1 55
525 15 1 30
526 15 1 31
527 15 1 32
528 15 1 33
529 15 1 34
530 15 1 35
531 15 1 36
532 15 1 37
533 15 1 38
534 15 1 39
535 15 1 40
536 15 1 41
537 15 1 42
538 15 1 43
539 15 1 44
540 15 1 45
541 15 1 46
542 15 1 47
543 15 1 48
544 15 1 49
545 15 1 50
546 15 1 51
547 15 1 52
548 15 1 53
549 15 1 54
550 15 1 55
551 15 1 56
552 16 1 32
553 16 1 33
554 16 1 34
555 16 1 35
556 16 1 36
557 16 1 37
558 16 1 38
559 16 1 39
560 16 1 40
561 16 1 41
562 16 1 42
563 16 1 43
564 16 1 44
565 16 1 45
566 16 1 46
567 16 1 47
568 16 1 48
569 16 1 49
570 16 1 50
571 16 1 51
572 16 1 52
573 16 1 53
574 16 1 54
575 16 1 55
576 16 1 56
577 16 1 57
578 17 1 34
579 17 1 35
580 17 1 36
581 17 1 37
582 17 1 38
583 17 1 39
584 17 1 40
585 17 1 41
586 17 1 42
587 17 1 43
588 17 1 44
589 17 1 45
590 17 1 46
591 17 1 47
592 17 1 48
593 17 1 49
594 17 1 50
595 17 1 51
596 17 1 52
597 17 1 53
598 17 1 54
599 17 1 55
600 17 1 56
601 17 1 57
602 17 1 58
603 18 1 36
604 18 1 37
605 18 1 38
606 18 1 39
607 18 1 40
608 18 1 41
609 18 1 42
610 18 1 43
611 18 1 44
612 18 1 45
613 18 1 46
614 18 1 47
615 18 1 48
616 18 1 49
617 18 1 50
618 18 1 51
619 18 1 52
620 18 1 53
621 18 1 54
622 18 1 55
623 18 1 56
624 18 1 57
625 18 1 58
626 18 1 59
627 19 1 38
628 19 1 39
629 19 1 40
630 19 1 41
631 19 1 42
632 19 1 43
633 19 1 44
634 19 1 45
635 19 1 46
636 19 1 47
637 19 1 48
638 19 1 49
639 19 1 50
640 19 1 51
641 19 1 52
642 19 1 53
643 19 1 54
644 19 1 55
645 19 1 56
646 19 1 57
647 19 1 58
648 19 1 59
649 19 1 60
650 20 1 40
651 20 1 41
652 20 1 42
653 20 1 43
654 20 1 44
655 20 1 45
656 20 1 46
657 20 1 47
658 20 1 48
659 20 1 49
660 20 1 50
661 20 1 51
662 20 1 52
663 20 1 53
664 20 1 54
665 20 1 55
666 20 1 56
667 20 1 57
668 20 1 58
669 20 1 59
670 20 1 60
671 20 1 61
672 21 1 42
673 21 1 43
674 21 1 44
675 21 1 45
676 21 1 46
677 21 1 47
678 21 1 48
679 21 1 49
680 21 1 50
681 21 1 51
682 21 1 52
683 21 1 53
684 21 1 54
685 21 1 55
686 21 1 56
687 21 1 57
688 21 1 58
689 21 1 59
690 21 1 60
691 21 1 61
692 21 1 62
693 22 1 44
694 22 1 45
695 22 1 46
696 22 1 47
697 22 1 48
698 22 1 49
699 22 1 50
700 22 1 51
701 22 1 52
702 22 1 53
703 22 1 54
704 22 1 55
705 22 1 56
706 22 1 57
707 22 1 58
708 22 1 59
709 22 1 60
710 22 1 61
711 22 1 62
712 22 1 63
713 23 1 46
714 23 1 47
715 23 1 48
716 23 1 49
717 23 1 50
718 23 1 51
719 23 1 52
720 23 1 53
721 23 1 54
722 23 1 55
723 23 1 56
724 23 1 57
725 23 1 58
726 23 1 59
727 23 1 60
728 23 1 61
729 23 1 62
730 23 1 63
731 23 1 64
732 24 1 48
733 24 1 49
734 24 1 50
735 24 1 51
736 24 1 52
737 24 1 53
738 24 1 54
739 24 1 55
740 24 1 56
741 24 1 57
742 24 1 58
743 24 1 59
744 24 1 60
745 24 1 61
746 24 1 62
747 24 1 63
748 24 1 64
749 24 1 65
750 25 1 50
751 25 1 51
752 25 1 52
753 25 1 53
754 25 1 54
755 25 1 55
756 25 1 56
757 25 1 57
758 25 1 58
759 25 1 59
760 25 1 60
761 25 1 61
762 25 1 62
763 25 1 63
764 25 1 64
765 25 1 65
766 25 1 66
767 26 1 52
768 26 1 53
769 26 1 54
770 26 1 55
771 26 1 56
772 26 1 57
773 26 1 58
774 26 1 59
775 26 1 60
776 26 1 61
777 26 1 62
778 26 1 63
779 26 1 64
780 26 1 65
781 26 1 66
782 26 1 67
783 27 1 54
784 27 1 55
785 27 1 56
786 27 1 57
787 27 1 58
788 27 1 59
789 27 1 60
790 27 1 61
791 27 1 62
792 27 1 63
793 27 1 64
794 27 1 65
795 27 1 66
796 27 1 67
797 27 1 68
798 28 1 56
799 28 1 57
800 28 1 58
801 28 1 59
802 28 1 60
803 28 1 61
804 28 1 62
805 28 1 63
806 28 1 64
807 28 1 65
808 28 1 66
809 28 1 67
810 28 1 68
811 28 1 69
812 29 1 58
813 29 1 59
814 29 1 60
815 29 1 61
816 29 1 62
817 29 1 63
818 29 1 64
819 29 1 65
820 29 1 66
821 29 1 67
822 29 1 68
823 29 1 69
824 29 1 70
825 30 1 60
826 30 1 61
827 30 1 62
828 30 1 63
829 30 1 64
830 30 1 65
831 30 1 66
832 30 1 67
833 30 1 68
834 30 1 69
835 30 1 70
836 30 1 71
837 31 1 62
838 31 1 63
839 31 1 64
840 31 1 65
841 31 1 66
842 31 1 67
843 31 1 68
844 31 1 69
845 31 1 70
846 31 1 71
847 31 1 72
848 32 1 64
849 32 1 65
850 32 1 66
851 32 1 67
852 32 1 68
853 32 1 69
854 32 1 70
855 32 1 71
856 32 1 72
857 32 1 73
858 33 1 66
859 33 1 67
860 33 1 68
861 33 1 69
862 33 1 70
863 33 1 71
864 33 1 72
865 33 1 73
866 33 1 74
867 34 1 68
868 34 1 69
869 34 1 70
870 34 1 71
871 34 1 72
872 34 1 73
873 34 1 74
874 34 1 75
875 35 1 70
876 35 1 71
877 35 1 72
878 35 1 73
879 35 1 74
880 35 1 75
881 35 1 76
882 36 1 72
883 36 1 73
884 36 1 74
885 36 1 75
886 36 1 76
887 36 1 77
888 37 1 74
889 37 1 75
890 37 1 76
891 37 1 77
892 37 1 78
893 38 1 76
894 38 1 77
895 38 1 78
896 38 1 79
897 39 1 78
898 39 1 79
899 39 1 80
900 40 1 80
901 40 1 81
902 41 1 82
903 42 253 84
904 41 255 83
905 40 256 82
906 39 128 81
907 38 64 80
908 37 32 79
909 36 16 78
910 35 8 77
911 34 4 76
912 33 2 75
913 32 1 74
914 31 129 73
915 30 193 72
916 29 225 71
917 28 241 70
918 27 249 69
919 26 253 68
920 25 255 67
921 24 256 66
922 23 128 65
923 22 64 64
924 21 32 63
925 20 16 62
926 19 8 61
927 18 4 60
928 17 2 59
929 16 1 58
930 15 129 57
931 14 193 56
932 13 225 55
933 12 241 54
934 11 249 53
935 10 253 52
936 9 255 51
937 8 256 50
938 7 128 49
939 6 64 48
940 5 32 47
941 4 16 46
942 43 253 86
943 42 255 85
944 41 256 84
945 40 128 83
946 39 64 82
947 38 32 81
948 37 16 80
949 36 8 79
950 35 4 78
951 34 2 77
952 33 1 76
953 32 129 75
954 31 193 74
955 30 225 73
956 29 241 72
957 28 249 71
958 27 253 70
959 26 255 69
960 25 256 68
961 24 128 67
962 23 64 66
963 22 32 65
964 21 16 64
965 20 8 63
966 19 4 62
967 18 2 61
968 17 1 60
969 16 129 59
970 15 193 58
971 14 225 57
972 13 241 56
973 12 249 55
974 11 253 54
975 10 255 53
976 9 256 52
977 8 128 51
978 7 64 50
979 6 32 49
980 44 253 88
981 43 255 87
982 42 256 86
983 41 128 85
984 40 64 84
985 39 32 83
986 38 16 82
987 37 8 81
988 36 4 80
989 35 2 79
990 34 1 78
991 33 129 77
992 32 193 76
993 31 225 75
994 30 241 74
995 29 249 73
996 28 253 72
997 27 255 71
998 26 256 70
999 25 128 69
1000 24 64 68
1001 23 32 67
1002 22 16 66
1003 21 8 65
1004 20 4 64
1005 19 2 63
1006 18 1 62
1007 17 129 61
1008 16 193 60
1009 15 225 59
1010 14 241 58
1011 13 249 57
1012 12 253 56
1013 11 255 55
1014 10 256 54
1015 9 128 53
1016 8 64 52
1017 45 253 90
1018 44 255 89
1019 43 256 88
1020 42 128 87
1021 41 64 86
1022 40 32 85
1023 39 16 84
1024 38 8 83
1025 37 4 82
1026 36 2 81
1027 35 1 80
1028 34 129 79
1029 33 193 78
1030 32 225 77
1031 31 241 76
1032 30 249 75
1033 29 253 74
1034 28 255 73
1035 27 256 72
1036 26 128 71
1037 25 64 70
1038 24 32 69
1039 23 16 68
1040 22 8 67
1041 21 4 66
1042 20 2 65
1043 19 1 64
1044 18 129 63
1045 17 193 62
1046 16 225 61
1047 15 241 60
1048 14 249 59
1049 13 253 58
1050 12 255 57
1051 11 256 56
1052 10 128 55
1053 46 253 92
1054 45 255 91
1055 44 256 90
1056 43 128 89
1057 42 64 88
1058 41 32 87
1059 40 16 86
1060 39 8 85
1061 38 4 84
1062 37 2 83
1063 36 1 82
1064 35 129 81
1065 34 193 80
1066 33 225 79
1067 32 241 78
1068 31 249 77
1069 30 253 76
1070 29 255 75
1071 28 256 74
1072 27 128 73
1073 26 64 72
1074 25 32 71
1075 24 16 70
1076 23 8 69
1077 22 4 68
1078 21 2 67
1079 20 1 66
1080 19 129 65
1081 18 193 64
1082 17 225 63
1083 16 241 62
1084 15 249 61
1085 14 253 60
1086 13 255 59
1087 12 256 58
1088 47 253 94
1089 46 255 93
1090 45 256 92
1091 44 128 91
1092 43 64 90
1093 42 32 89
1094 41 16 88
1095 40 8 87
1096 39 4 86
1097 38 2 85
1098 37 1 84
1099 36 129 83
1100 35 193 82
1101 34 225 81
1102 33 241 80
1103 32 249 79
1104 31 253 78
1105 30 255 77
1106 29 256 76
1107 28 128 75
1108 27 64 74
1109 26 32 73
1110 25 16 72
1111 24 8 71
1112 23 4 70
1113 22 2 69
1114 21 1 68
1115 20 129 67
1116 19 193 66
1117 18 225 65
1118 17 241 64
1119 16 249 63
1120 15 253 62
1121 14 255 61
1122 48 253 96
1123 47 255 95
1124 46 256 94
1125 45 128 93
1126 44 64 92
1127 43 32 91
1128 42 16 90
1129 41 8 89
1130 40 4 88
1131 39 2 87
1132 38 1 86
1133 37 129 85
1134 36 193 84
1135 35 225 83
1136 34 241 82
1137 33 249 81
1138 32 253 80
1139 31 255 79
1140 30 256 78
1141 29 128 77
1142 28 64 76
1143 27 32 75
1144 26 16 74
1145 25 8 73
1146 24 4 72
1147 23 2 71
1148 22 1 70
1149 21 129 69
1150 20 193 68
1151 19 225 67
1152 18 241 66
1153 17 249 65
1154 16 253 64
1155 49 253 98
1156 48 255 97
1157 47 256 96
1158 46 128 95
1159 45 64 94
1160 44 32 93
1161 43 16 92
1162 42 8 91
1163 41 4 90
1164 40 2 89
1165 39 1 88
1166 38 129 87
1167 37 193 86
1168 36 225 85
1169 35 241 84
1170 34 249 83
1171 33 253 82
1172 32 255 81
1173 31 256 80
1174 30 128 79
1175 29 64 78
1176 28 32 77
1177 27 16 76
1178 26 8 75
1179 25 4 74
1180 24 2 73
1181 23 1 72
1182 22 129 71
1183 21 193 70
1184 20 225 69
1185 19 241 68
1186 18 249 67
1187 50 253 100
1188 49 255 99
1189 48 256 98
1190 47 128 97
1191 46 64 96
1192 45 32 95
1193 44 16 94
1194 43 8 93
1195 42 4 92
1196 41 2 91
1197 40 1 90
1198 39 129 89
1199 38 193 88
1200 37 225 87
1201 36 241 86
1202 35 249 85
1203 34 253 84
1204 33 255 83
1205 32 256 82
1206 31 128 81
1207 30 64 80
1208 29 32 79
1209 28 16 78
1210 27 8 77
1211 26 4 76
1212 25 2 75
1213 24 1 74
1214 23 129 73
1215 22 193 72
1216 21 225 71
1217 20 241 70
1218 51 253 102
1219 50 255 101
1220 49 256 100
1221 48 128 99
1222 47 64 98
1223 46 32 97
1224 45 16 96
1225 44 8 95
1226 43 4 94
1227 42 2 93
1228 41 1 92
1229 40 129 91
1230 39 193 90
1231 38 225 89
1232 37 241 88
1233 36 249 87
1234 35 253 86
1235 34 255 85
1236 33 256 84
1237 32 128 83
1238 31 64 82
1239 30 32 81
1240 29 16 80
1241 28 8 79
1242 27 4 78
1243 26 2 77
1244 25 1 76
1245 24 129 75
1246 23 193 74
1247 22 225 73
1248 52 253 104
1249 51 255 103
1250 50 256 102
1251 49 128 101
1252 48 64 100
1253 47 32 99
1254 46 16 98
1255 45 8 97
1256 44 4 96
1257 43 2 95
1258 42 1 94
1259 41 129 93
1260 40 193 92
1261 39 225 91
1262 38 241 90
1263 37 249 89
1264 36 253 88
1265 35 255 87
1266 34 256 86
1267 33 128 85
1268 32 64 84
1269 31 32 83
1270 30 16 82
1271 29 8 81
1272 28 4 80
1273 27 2 79
1274 26 1 78
1275 25 129 77
1276 24 193 76
1277 53 253 106
1278 52 255 105
1279 51 256 104
1280 50 128 103
1281 49 64 102
1282 48 32 101
1283 47 16 100
1284 46 8 99
1285 45 4 98
1286 44 2 97
1287 43 1 96
1288 42 129 95
1289 41 193 94
1290 40 225 93
1291 39 241 92
1292 38 249 91
1293 37 253 90
1294 36 255 89
1295 35 256 88
1296 34 128 87
1297 33 64 86
1298 32 32 85
1299 31 16 84
1300 30 8 83
1301 29 4 82
1302 28 2 81
1303 27 1 80
1304 26 129 79
1305 54 253 108
1306 53 255 107
1307 52 256 106
1308 51 128 105
1309 50 64 104
1310 49 32 103
1311 48 16 102
1312 47 8 101
1313 46 4 100
1314 45 2 99
1315 44 1 98
1316 43 129 97
1317 42 193 96
1318 41 225 95
1319 40 241 94
1320 39 249 93
1321 38 253 92
1322 37 255 91
1323 36 256 90
1324 35 128 89
1325 34 64 88
1326 33 32 87
1327 32 16 86
1328 31 8 85
1329 30 4 84
1330 29 2 83
1331 28 1 82
1332 55 253 110
1333 54 255 109
1334 53 256 108
1335 52 128 107
1336 51 64 106
1337 50 32 105
1338 49 16 104
1339 48 8 103
1340 47 4 102
1341 46 2 101
1342 45 1 100
1343 44 129 99
1344 43 193 98
1345 42 225 97
1346 41 241 96
1347 40 249 95
1348 39 253 94
1349 38 255 93
1350 37 256 92
1351 36 128 91
1352 35 64 90
1353 34 32 89
1354 33 16 88
1355 32 8 87
1356 31 4 86
1357 30 2 85
1358 56 253 112
1359 55 255 111
1360 54 256 110
1361 53 128 109
1362 52 64 108
1363 51 32 107
1364 50 16 106
1365 49 8 105
1366 48 4 104
1367 47 2 103
1368 46 1 102
1369 45 129 101
1370 44 193 100
1371 43 225 99
1372 42 241 98
1373 41 249 97
1374 40 253 96
1375 39 255 95
1376 38 256 94
1377 37 128 93
1378 36 64 92
1379 35 32 91
1380 34 16 90
1381 33 8 89
1382 32 4 88
1383 57 253 114
1384 56 255 113
1385 55 256 112
1386 54 128 111
1387 53 64 110
1388 52 32 109
1389 51 16 108
1390 50 8 107
1391 49 4 106
1392 48 2 105
1393 47 1 104
1394 46 129 103
1395 45 193 102
1396 44 225 101
1397 43 241 100
1398 42 249 99
1399 41 253 98
1400 40 255 97
1401 39 256 96
1402 38 128 95
1403 37 64 94
1404 36 32 93
1405 35 16 92
1406 34 8 91
1407 58 253 116
1408 57 255 115
1409 56 256 114
1410 55 128 113
1411 54 64 112
1412 53 32 111
1413 52 16 110
1414 51 8 109
1415 50 4 108
1416 49 2 107
1417 48 1 106
1418 47 129 105
1419 46 193 104
1420 45 225 103
1421 44 241 102
1422 43 249 101
1423 42 253 100
1424 41 255 99
1425 40 256 98
1426 39 128 97
1427 38 64 96
1428 37 32 95
1429 36 16 94
1430 59 253 118
1431 58 255 117
1432 57 256 116
1433 56 128 115
1434 55 64 114
1435 54 32 113
1436 53 16 112
1437 52 8 111
1438 51 4 110
1439 50 2 109
1440 49 1 108
1441 48 129 107
1442 47 193 106
1443 46 225 105
1444 45 241 104
1445 44 249 103
1446 43 253 102
1447 42 255 101
1448 41 256 100
1449 40 128 99
1450 39 64 98
1451 38 32 97
1452 60 253 120
1453 59 255 119
1454 58 256 118
1455 57 128 117
1456 56 64 116
1457 55 32 115
1458 54 16 114
1459 53 8 113
1460 52 4 112
1461 51 2 111
1462 50 1 110
1463 49 129 109
1464 48 193 108
1465 47 225 107
1466 46 241 106
1467 45 249 105
1468 44 253 104
1469 43 255 103
1470 42 256 102
1471 41 128 101
1472 40 64 100
1473 61 253 122
1474 60 255 121
1475 59 256 120
1476 58 128 119
1477 57 64 118
1478 56 32 117
1479 55 16 116
1480 54 8 115
1481 53 4 114
1482 52 2 113
1483 51 1 112
1484 50 129 111
1485 49 193 110
1486 48 225 109
1487 47 241 108
1488 46 249 107
1489 45 253 106
1490 44 255 105
1491 43 256 104
1492 42 128 103
1493 62 253 124
1494 61 255 123
1495 60 256 122
1496 59 128 121
1497 58 64 120
1498 57 32 119
1499 56 16 118
1500 55 8 117
1501 54 4 116
1502 53 2 115
1503 52 1 114
1504 51 129 113
1505 50 193 112
1506 49 225 111
1507 48 241 110
1508 47 249 109
1509 46 253 108
1510 45 255 107
1511 44 256 106
1512 63 253 126
1513 62 255 125
1514 61 256 124
1515 60 128 123
1516 59 64 122
1517 58 32 121
1518 57 16 120
1519 56 8 119
1520 55 4 118
1521 54 2 117
1522 53 1 116
1523 52 129 115
1524 51 193 114
1525 50 225 113
1526 49 241 112
1527 48 249 111
1528 47 253 110
1529 46 255 109
1530 64 253 128
1531 63 255 127
1532 62 256 126
1533 61 128 125
1534 60 64 124
1535 59 32 123
1536 58 16 122
1537 57 8 121
1538 56 4 120
1539 55 2 119
1540 54 1 118
1541 53 129 117
1542 52 193 116
1543 51 225 115
1544 50 241 114
1545 49 249 113
1546 48 253 112
1547 65 253 130
1548 64 255 129
1549 63 256 128
1550 62 128 127
1551 61 64 126
1552 60 32 125
1553 59 16 124
1554 58 8 123
1555 57 4 122
1556 56 2 121
1557 55 1 120
1558 54 129 119
1559 53 193 118
1560 52 225 117
1561 51 241 116
1562 50 249 115
1563 66 253 132
1564 65 255 131
1565 64 256 130
1566 63 128 129
1567 62 64 128
1568 61 32 127
1569 60 16 126
1570 59 8 125
1571 58 4 124
1572 57 2 123
1573 56 1 122
1574 55 129 121
1575 54 193 120
1576 53 225 119
1577 52 241 118
1578 67 253 134
1579 66 255 133
1580 65 256 132
1581 64 128 131
1582 63 64 130
1583 62 32 129
1584 61 16 128
1585 60 8 127
1586 59 4 126
1587 58 2 125
1588 57 1 124
1589 56 129 123
1590 55 193 122
1591 54 225 121
1592 68 253 136
1593 67 255 135
1594 66 256 134
1595 65 128 133
1596 64 64 132
1597 63 32 131
1598 62 16 130
1599 61 8 129
1600 60 4 128
1601 59 2 127
1602 58 1 126
1603 57 129 125
1604 56 193 124
1605 69 253 138
1606 68 255 137
1607 67 256 136
1608 66 128 135
1609 65 64 134
1610 64 32 133
1611 63 16 132
1612 62 8 131
1613 61 4 130
1614 60 2 129
1615 59 1 128
1616 58 129 127
1617 70 253 140
1618 69 255 139
1619 68 256 138
1620 67 128 137
1621 66 64 136
1622 65 32 135
1623 64 16 134
1624 63 8 133
1625 62 4 132
1626 61 2 131
1627 60 1 130
1628 71 253 142
1629 70 255 141
1630 69 256 140
1631 68 128 139
1632 67 64 138
1633 66 32 137
1634 65 16 136
1635 64 8 135
1636 63 4 134
1637 62 2 133
1638 72 253 144
1639 71 255 143
1640 70 256 142
1641 69 128 141
1642 68 64 140
1643 67 32 139
1644 66 16 138
1645 65 8 137
1646 64 4 136
1647 73 253 146
1648 72 255 145
1649 71 256 144
1650 70 128 143
1651 69 64 142
1652 68 32 141
1653 67 16 140
1654 66 8 139
1655 74 253 148
1656 73 255 147
1657 72 256 146
1658 71 128 145
1659 70 64 144
1660 69 32 143
1661 68 16 142
1662 75 253 150
1663 74 255 149
1664 73 256 148
1665 72 128 147
1666 71 64 146
1667 70 32 145
1668 76 253 152
1669 75 255 151
1670 74 256 150
1671 73 128 149
1672 72 64 148
1673 77 253 154
1674 76 255 153
1675 75 256 152
1676 74 128 151
1677 78 253 156
1678 77 255 155
1679 76 256 154
1680 79 253 158
1681 78 255 157
1682 80 253 160
1683 0 1 42
1684 0 1 43
1685 0 1 44
1686 0 1 45
1687 0 1 46
1688 0 1 47
1689 0 1 48
1690 0 1 49
1691 0 1 50
1692 0 1 51
1693 0 1 52
1694 0 1 53
1695 0 1 54
1696 0 1 55
1697 0 1 56
1698 0 1 57
1699 0 1 58
1700 0 1 59
1701 0 1 60
1702 0 1 61
1703 0 1 62
1704 0 1 63
1705 0 1 64
1706 0 1 65
1707 0 1 66
1708 0 1 67
1709 0 1 68
1710 0 1 69
1711 0 1 70
1712 0 1 71
1713 0 1 72
1714 0 1 73
1715 0 1 74
1716 0 1 75
1717 0 1 76
1718 0 1 77
1719 0 1 78
1720 0 1 79
1721 1 1 43
1722 1 1 44
1723 1 1 45
1724 1 1 46
1725 1 1 47
1726 1 1 48
1727 1 1 49
1728 1 1 50
1729 1 1 51
1730 1 1 52
1731 1 1 53
1732 1 1 54
1733 1 1 55
1734 1 1 56
1735 1 1 57
1736 1 1 58
1737 1 1 59
1738 1 1 60
1739 1 1 61
1740 1 1 62
1741 1 1 63
1742 1 1 64
1743 1 1 65
1744 1 1 66
1745 1 1 67
1746 1 1 68
1747 1 1 69
1748 1 1 70
1749 1 1 71
1750 1 1 72
1751 1 1 73
1752 1 1 74
1753 1 1 75
1754 1 1 76
1755 1 1 77
1756 1 1 78
1757 1 1 79
1758 2 1 44
1759 2 1 45
1760 2 1 46
1761 2 1 47
1762 2 1 48
1763 2 1 49
1764 2 1 50
1765 2 1 51
1766 2 1 52
1767 2 1 53
1768 2 1 54
1769 2 1 55
1770 2 1 56
1771 2 1 57
1772 2 1 58
1773 2 1 59
1774 2 1 60
1775 2 1 61
1776 2 1 62
1777 2 1 63
1778 2 1 64
1779 2 1 65
1780 2 1 66
1781 2 1 67
1782 2 1 68
1783 2 1 69
1784 2 1 70
1785 2 1 71
1786 2 1 72
1787 2 1 73
1788 2 1 74
1789 2 1 75
1790 2 1 76
1791 2 1 77
1792 2 1 78
1793 2 1 79
1794 3 1 45
1795 3 1 46
1796 3 1 47
1797 3 1 48
1798 3 1 49
1799 3 1 50
1800 3 1 51
1801 3 1 52
1802 3 1 53
1803 3 1 54
1804 3 1 55
1805 3 1 56
1806 3 1 57
1807 3 1 58
1808 3 1 59
1809 3 1 60
1810 3 1 61
1811 3 1 62
1812 3 1 63
1813 3 1 64
1814 3 1 65
1815 3 1 66
1816 3 1 67
1817 3 1 68
1818 3 1 69
1819 3 1 70
1820 3 1 71
1821 3 1 72
1822 3 1 73
1823 3 1 74
1824 3 1 75
1825 3 1 76
1826 3 1 77
1827 3 1 78
1828 3 1 79
1829 4 1 47
1830 4 1 48
1831 5 255 48
1832 4 1 49
1833 4 1 50
1834 4 1 51
1835 4 1 52
1836 4 1 53
1837 4 1 54
1838 4 1 55
1839 4 1 56
1840 4 1 57
1841 4 1 58
1842 4 1 59
1843 4 1 60
1844 4 1 61
1845 4 1 62
1846 4 1 63
1847 4 1 64
1848 4 1 65
1849 4 1 66
1850 4 1 67
1851 4 1 68
1852 4 1 69
1853 4 1 70
1854 4 1 71
1855 4 1 72
1856 4 1 73
1857 4 1 74
1858 4 1 75
1859 4 1 76
1860 4 1 77
1861 4 1 78
1862 4 1 79
1863 5 1 49
1864 5 1 50
1865 6 255 50
1866 5 1 51
1867 7 4 51
1868 5 1 52
1869 5 1 53
1870 5 1 54
1871 5 1 55
1872 5 1 56
1873 5 1 57
1874 5 1 58
1875 5 1 59
1876 5 1 60
1877 5 1 61
1878 5 1 62
1879 5 1 63
1880 5 1 64
1881 5 1 65
1882 5 1 66
1883 5 1 67
1884 5 1 68
1885 5 1 69
1886 5 1 70
1887 5 1 71
1888 5 1 72
1889 5 1 73
1890 5 1 74
1891 5 1 75
1892 5 1 76
1893 5 1 77
1894 5 1 78
1895 5 1 79
1896 6 1 51
1897 6 1 52
1898 7 255 52
1899 6 1 53
1900 8 4 53
1901 6 1 54
1902 9 249 54
1903 6 1 55
1904 6 1 56
1905 6 1 57
1906 6 1 58
1907 6 1 59
1908 6 1 60
1909 6 1 61
1910 6 1 62
1911 6 1 63
1912 6 1 64
1913 6 1 65
1914 6 1 66
1915 6 1 67
1916 6 1 68
1917 6 1 69
1918 6 1 70
1919 6 1 71
1920 6 1 72
1921 6 1 73
1922 6 1 74
1923 6 1 75
1924 6 1 76
1925 6 1 77
1926 6 1 78
1927 6 1 79
1928 7 1 53
1929 7 1 54
1930 8 255 54
1931 7 1 55
1932 9 4 55
1933 7 1 56
1934 10 249 56
1935 7 1 57
1936 11 16 57
1937 7 1 58
1938 7 1 59
1939 7 1 60
1940 7 1 61
1941 7 1 62
1942 7 1 63
1943 7 1 64
1944 7 1 65
1945 7 1 66
1946 7 1 67
1947 7 1 68
1948 7 1 69
1949 7 1 70
1950 7 1 71
1951 7 1 72
1952 7 1 73
1953 7 1 74
1954 7 1 75
1955 7 1 76
1956 7 1 77
1957 7 1 78
1958 7 1 79
1959 8 1 55
1960 8 1 56
1961 9 255 56
1962 8 1 57
1963 10 4 57
1964 8 1 58
1965 11 249 58
1966 8 1 59
1967 12 16 59
1968 8 1 60
1969 13 225 60
1970 8 1 61
1971 8 1 62
1972 8 1 63
1973 8 1 64
1974 8 1 65
1975 8 1 66
1976 8 1 67
1977 8 1 68
1978 8 1 69
1979 8 1 70
1980 8 1 71
1981 8 1 72
1982 8 1 73
1983 8 1 74
1984 8 1 75
1985 8 1 76
1986 8 1 77
1987 8 1 78
1988 8 1 79
1989 9 1 57
1990 9 1 58
1991 10 255 58
1992 9 1 59
1993 11 4 59
1994 9 1 60
1995 12 249 60
1996 9 1 61
1997 13 16 61
1998 9 1 62
1999 14 225 62
2000 9 1 63
2001 15 64 63
2002 9 1 64
2003 9 1 65
2004 9 1 66
2005 9 1 67
2006 9 1 68
2007 9 1 69
2008 9 1 70
2009 9 1 71
2010 9 1 72
2011 9 1 73
2012 9 1 74
2013 9 1 75
2014 9 1 76
2015 9 1 77
2016 9 1 78
2017 9 1 79
2018 10 1 59
2019 10 1 60
2020 11 255 60
2021 10 1 61
2022 12 4 61
2023 10 1 62
2024 13 249 62
2025 10 1 63
2026 14 16 63
2027 10 1 64
2028 15 225 64
2029 10 1 65
2030 16 64 65
2031 10 1 66
2032 17 129 66
2033 10 1 67
2034 10 1 68
2035 10 1 69
2036 10 1 70
2037 10 1 71
2038 10 1 72
2039 10 1 73
2040 10 1 74
2041 10 1 75
2042 10 1 76
2043 10 1 77
2044 10 1 78
2045 10 1 79
2046 11 1 61
2047 11 1 62
2048 12 255 62
2049 11 1 63
2050 13 4 63
2051 11 1 64
2052 14 249 64
2053 11 1 65
2054 15 16 65
2055 11 1 66
2056 16 225 66
2057 11 1 67
2058 17 64 67
2059 11 1 68
2060 18 129 68
2061 11 1 69
2062 19 256 69
2063 11 1 70
2064 11 1 71
2065 11 1 72
2066 11 1 73
2067 11 1 74
2068 11 1 75
2069 11 1 76
2070 11 1 77
2071 11 1 78
2072 11 1 79
2073 12 1 63
2074 12 1 64
2075 13 255 64
2076 12 1 65
2077 14 4 65
2078 12 1 66
2079 15 249 66
2080 12 1 67
2081 16 16 67
2082 12 1 68
2083 17 225 68
2084 12 1 69
2085 18 64 69
2086 12 1 70
2087 19 129 70
2088 12 1 71
2089 20 256 71
2090 12 1 72
2091 21 2 72
2092 12 1 73
2093 12 1 74
2094 12 1 75
2095 12 1 76
2096 12 1 77
2097 12 1 78
2098 12 1 79
2099 13 1 65
2100 13 1 66
2101 14 255 66
2102 13 1 67
2103 15 4 67
2104 13 1 68
2105 16 249 68
2106 13 1 69
2107 17 16 69
2108 13 1 70
2109 18 225 70
2110 13 1 71
2111 19 64 71
2112 13 1 72
2113 20 129 72
2114 13 1 73
2115 21 256 73
2116 13 1 74
2117 22 2 74
2118 13 1 75
2119 23 253 75
2120 13 1 76
2121 13 1 77
2122 13 1 78
2123 13 1 79
2124 14 1 67
2125 14 1 68
2126 15 255 68
2127 14 1 69
2128 16 4 69
2129 14 1 70
2130 17 249 70
2131 14 1 71
2132 18 16 71
2133 14 1 72
2134 19 225 72
2135 14 1 73
2136 20 64 73
2137 14 1 74
2138 21 129 74
2139 14 1 75
2140 22 256 75
2141 14 1 76
2142 23 2 76
2143 14 1 77
2144 24 253 77
2145 14 1 78
2146 25 8 78
2147 14 1 79
2148 15 1 69
2149 15 1 70
2150 16 255 70
2151 15 1 71
2152 17 4 71
2153 15 1 72
2154 18 249 72
2155 15 1 73
2156 19 16 73
2157 15 1 74
2158 20 225 74
2159 15 1 75
2160 21 64 75
2161 15 1 76
2162 22 129 76
2163 15 1 77
2164 23 256 77
2165 15 1 78
2166 24 2 78
2167 15 1 79
2168 25 253 79
2169 14 134 80
2170 15 1 80
2171 16 1 71
2172 16 1 72
2173 17 255 72
2174 16 1 73
2175 18 4 73
2176 16 1 74
2177 19 249 74
2178 16 1 75
2179 20 16 75
2180 16 1 76
2181 21 225 76
2182 16 1 77
2183 22 64 77
2184 16 1 78
2185 23 129 78
2186 16 1 79
2187 24 256 79
2188 12 47 80
2189 13 156 80
2190 16 1 80
2191 26 233 80
2192 16 1 81
2193 17 1 73
2194 17 1 74
2195 18 255 74
2196 17 1 75
2197 19 4 75
2198 17 1 76
2199 20 249 76
2200 17 1 77
2201 21 16 77
2202 17 1 78
2203 22 225 78
2204 17 1 79
2205 23 64 79
2206 10 166 80
2207 11 75 80
2208 17 1 80
2209 25 203 80
2210 14 222 81
2211 15 26 81
2212 17 1 81
2213 27 250 81
2214 18 1 75
2215 18 1 76
2216 19 255 76
2217 18 1 77
2218 20 4 77
2219 18 1 78
2220 21 249 78
2221 18 1 79
2222 22 16 79
2223 8 71 80
2224 9 27 80
2225 18 1 80
2226 24 112 80
2227 12 243 81
2228 13 229 81
2229 18 1 81
2230 26 95 81
2231 16 34 82
2232 17 173 82
2233 18 1 82
2234 19 1 77
2235 19 1 78
2236 20 255 78
2237 19 1 79
2238 21 4 79
2239 6 69 80
2240 7 84 80
2241 19 1 80
2242 23 162 80
2243 10 157 81
2244 11 114 81
2245 19 1 81
2246 25 208 81
2247 14 81 82
2248 15 162 82
2249 19 1 82
2250 27 177 82
2251 18 226 83
2252 19 1 83
2253 20 1 79
2254 4 1 80
2255 5 32 80
2256 20 1 80
2257 22 78 80
2258 8 112 81
2259 9 114 81
2260 20 1 81
2261 24 124 81
2262 12 246 82
2263 13 213 82
2264 20 1 82
2265 26 159 82
2266 16 161 83
2267 17 65 83
2268 20 1 83
2269 28 114 83
2270 20 1 84
2271 21 1 80
2272 6 225 81
2273 7 4 81
2274 21 1 81
2275 23 90 81
2276 10 32 82
2277 11 106 82
2278 21 1 82
2279 25 122 82
2280 14 123 83
2281 15 235 83
2282 21 1 83
2283 27 247 83
2284 18 26 84
2285 19 52 84
2286 21 1 84
2287 29 255 84
2288 22 1 81
2289 8 60 82
2290 9 121 82
2291 22 1 82
2292 24 105 82
2293 12 252 83
2294 13 128 83
2295 22 1 83
2296 26 183 83
2297 16 253 84
2298 17 241 84
2299 22 1 84
2300 28 232 84
2301 20 86 85
2302 21 172 85
2303 22 1 85
2304 23 1 82
2305 10 246 83
2306 11 162 83
2307 23 1 83
2308 25 54 83
2309 14 168 84
2310 15 171 84
2311 23 1 84
2312 27 104 84
2313 18 253 85
2314 19 241 85
2315 23 1 85
2316 29 182 85
2317 22 129 86
2318 23 1 86
2319 24 1 83
2320 12 13 84
2321 13 159 84
2322 24 1 84
2323 26 219 84
2324 16 106 85
2325 17 62 85
2326 24 1 85
2327 28 2 85
2328 20 166 86
2329 21 150 86
2330 24 1 86
2331 30 214 86
2332 24 1 87
2333 25 1 84
2334 14 225 85
2335 15 4 85
2336 25 1 85
2337 27 182 85
2338 18 230 86
2339 19 23 86
2340 25 1 86
2341 29 55 86
2342 22 162 87
2343 23 134 87
2344 25 1 87
2345 31 213 87
2346 26 1 85
2347 16 152 86
2348 17 238 86
2349 26 1 86
2350 28 99 86
2351 20 215 87
2352 21 150 87
2353 26 1 87
2354 30 110 87
2355 24 150 88
2356 25 86 88
2357 26 1 88
2358 27 1 86
2359 18 110 87
2360 19 179 87
2361 27 1 87
2362 29 164 87
2363 22 173 88
2364 23 43 88
2365 27 1 88
2366 31 171 88
2367 26 193 89
2368 27 1 89
2369 28 1 87
2370 20 167 88
2371 21 204 88
2372 28 1 88
2373 30 133 88
2374 24 41 89
2375 25 184 89
2376 28 1 89
2377 32 256 89
2378 28 1 90
2379 29 1 88
2380 22 183 89
2381 23 202 89
2382 29 1 89
2383 31 32 89
2384 26 51 90
2385 27 185 90
2386 29 1 90
2387 33 252 90
2388 30 1 89
2389 24 119 90
2390 25 210 90
2391 30 1 90
2392 32 48 90
2393 28 173 91
2394 29 43 91
2395 30 1 91
2396 31 1 90
2397 26 8 91
2398 27 256 91
2399 31 1 91
2400 33 80 91
2401 30 10 92
2402 31 1 92
2403 32 1 91
2404 28 244 92
2405 29 98 92
2406 32 1 92
2407 34 160 92
2408 32 1 93
2409 33 1 92
2410 30 44 93
2411 31 123 93
2412 33 1 93
2413 35 223 93
2414 34 1 93
2415 32 68 94
2416 33 120 94
2417 34 1 94
2418 35 1 94
2419 34 249 95
2420 35 1 95
2421 36 1 95
2422 36 1 96
2423 37 1 96
2424 38 139 98
2425 37 132 97
2426 36 44 97
2427 35 186 96
2428 34 62 96
2429 33 192 95
2430 32 64 95
2431 31 107 94
2432 30 207 94
2433 29 69 93
2434 28 23 93
2435 27 179 92
2436 26 231 92
2437 25 77 91
2438 24 197 91
2439 23 237 90
2440 22 79 90
2441 21 112 89
2442 20 123 89
2443 19 41 88
2444 18 185 88
2445 17 233 87
2446 16 249 87
2447 15 83 86
2448 14 199 86
2449 13 152 85
2450 12 222 85
2451 11 74 84
2452 39 139 99
2453 38 132 99
2454 37 44 98
2455 36 186 98
2456 35 62 97
2457 34 192 97
2458 33 64 96
2459 32 107 96
2460 31 207 95
2461 30 69 95
2462 29 23 94
2463 28 179 94
2464 27 231 93
2465 26 77 93
2466 25 197 92
2467 24 237 92
2468 23 79 91
2469 22 112 91
2470 21 123 90
2471 20 41 90
2472 19 185 89
2473 18 233 89
2474 17 249 88
2475 16 83 88
2476 15 199 87
2477 14 152 87
2478 13 222 86
2479 40 139 101
2480 39 132 100
2481 38 44 100
2482 37 186 99
2483 36 62 99
2484 35 192 98
2485 34 64 98
2486 33 107 97
2487 32 207 97
2488 31 69 96
2489 30 23 96
2490 29 179 95
2491 28 231 95
2492 27 77 94
2493 26 197 94
2494 25 237 93
2495 24 79 93
2496 23 112 92
2497 22 123 92
2498 21 41 91
2499 20 185 91
2500 19 233 90
2501 18 249 90
2502 17 83 89
2503 16 199 89
2504 15 152 88
2505 41 139 102
2506 40 132 102
2507 39 44 101
2508 38 186 101
2509 37 62 100
2510 36 192 100
2511 35 64 99
2512 34 107 99
2513 33 207 98
2514 32 69 98
2515 31 23 97
2516 30 179 97
2517 29 231 96
2518 28 77 96
2519 27 197 95
2520 26 237 95
2521 25 79 94
2522 24 112 94
2523 23 123 93
2524 22 41 93
2525 21 185 92
2526 20 233 92
2527 19 249 91
2528 18 83 91
2529 17 199 90
2530 42 139 104
2531 41 132 103
2532 40 44 103
2533 39 186 102
2534 38 62 102
2535 37 192 101
2536 36 64 101
2537 35 107 100
2538 34 207 100
2539 33 69 99
2540 32 23 99
2541 31 179 98
2542 30 231 98
2543 29 77 97
2544 28 197 97
2545 27 237 96
2546 26 79 96
2547 25 112 95
2548 24 123 95
2549 23 41 94
2550 22 185 94
2551 21 233 93
2552 20 249 93
2553 19 83 92
2554 43 139 105
2555 42 132 105
2556 41 44 104
2557 40 186 104
2558 39 62 103
2559 38 192 103
2560 37 64 102
2561 36 107 102
2562 35 207 101
2563 34 69 101
2564 33 23 100
2565 32 179 100
2566 31 231 99
2567 30 77 99
2568 29 197 98
2569 28 237 98
2570 27 79 97
2571 26 112 97
2572 25 123 96
2573 24 41 96
2574 23 185 95
2575 22 233 95
2576 21 249 94
2577 44 139 107
2578 43 132 106
2579 42 44 106
2580 41 186 105
2581 40 62 105
2582 39 192 104
2583 38 64 104
2584 37 107 103
2585 36 207 103
2586 35 69 102
2587 34 23 102
2588 33 179 101
2589 32 231 101
2590 31 77 100
2591 30 197 100
2592 29 237 99
2593 28 79 99
2594 27 112 98
2595 26 123 98
2596 25 41 97
2597 24 185 97
2598 23 233 96
2599 45 139 108
2600 44 132 108
2601 43 44 107
2602 42 186 107
2603 41 62 106
2604 40 192 106
2605 39 64 105
2606 38 107 105
2607 37 207 104
2608 36 69 104
2609 35 23 103
2610 34 179 103
2611 33 231 102
2612 32 77 102
2613 31 197 101
2614 30 237 101
2615 29 79 100
2616 28 112 100
2617 27 123 99
2618 26 41 99
2619 25 185 98
2620 46 139 110
2621 45 132 109
2622 44 44 109
2623 43 186 108
2624 42 62 108
2625 41 192 107
2626 40 64 107
2627 39 107 106
2628 38 207 106
2629 37 69 105
2630 36 23 105
2631 35 179 104
2632 34 231 104
2633 33 77 103
2634 32 197 103
2635 31 237 102
2636 30 79 102
2637 29 112 101
2638 28 123 101
2639 27 41 100
2640 47 139 111
2641 46 132 111
2642 45 44 110
2643 44 186 110
2644 43 62 109
2645 42 192 109
2646 41 64 108
2647 40 107 108
2648 39 207 107
2649 38 69 107
2650 37 23 106
2651 36 179 106
2652 35 231 105
2653 34 77 105
2654 33 197 104
2655 32 237 104
2656 31 79 103
2657 30 112 103
2658 29 123 102
2659 48 139 113
2660 47 132 112
2661 46 44 112
2662 45 186 111
2663 44 62 111
2664 43 192 110
2665 42 64 110
2666 41 107 109
2667 40 207 109
2668 39 69 108
2669 38 23 108
2670 37 179 107
2671 36 231 107
2672 35 77 106
2673 34 197 106
2674 33 237 105
2675 32 79 105
2676 31 112 104
2677 49 139 114
2678 48 132 114
2679 47 44 113
2680 46 186 113
2681 45 62 112
2682 44 192 112
2683 43 64 111
2684 42 107 111
2685 41 207 110
2686 40 69 110
2687 39 23 109
2688 38 179 109
2689 37 231 108
2690 36 77 108
2691 35 197 107
2692 34 237 107
2693 33 79 106
2694 50 139 116
2695 49 132 115
2696 48 44 115
2697 47 186 114
2698 46 62 114
2699 45 192 113
2700 44 64 113
2701 43 107 112
2702 42 207 112
2703 41 69 111
2704 40 23 111
2705 39 179 110
2706 38 231 110
2707 37 77 109
2708 36 197 109
2709 35 237 108
2710 51 139 117
2711 50 132 117
2712 49 44 116
2713 48 186 116
2714 47 62 115
2715 46 192 115
2716 45 64 114
2717 44 107 114
2718 43 207 113
2719 42 69 113
2720 41 23 112
2721 40 179 112
2722 39 231 111
2723 38 77 111
2724 37 197 110
2725 52 139 119
2726 51 132 118
2727 50 44 118
2728 49 186 117
2729 48 62 117
2730 47 192 116
2731 46 64 116
2732 45 107 115
2733 44 207 115
2734 43 69 114
2735 42 23 114
2736 41 179 113
2737 40 231 113
2738 39 77 112
2739 53 139 120
2740 52 132 120
2741 51 44 119
2742 50 186 119
2743 49 62 118
2744 48 192 118
2745 47 64 117
2746 46 107 117
2747 45 207 116
2748 44 69 116
2749 43 23 115
2750 42 179 115
2751 41 231 114
2752 54 139 122
2753 53 132 121
2754 52 44 121
2755 51 186 120
2756 50 62 120
2757 49 192 119
2758 48 64 119
2759 47 107 118
2760 46 207 118
2761 45 69 117
2762 44 23 117
2763 43 179 116
2764 55 139 123
2765 54 132 123
2766 53 44 122
2767 52 186 122
2768 51 62 121
2769 50 192 121
2770 49 64 120
2771 48 107 120
2772 47 207 119
2773 46 69 119
2774 45 23 118
2775 56 139 125
2776 55 132 124
2777 54 44 124
2778 53 186 123
2779 52 62 123
2780 51 192 122
2781 50 64 122
2782 49 107 121
2783 48 207 121
2784 47 69 120
2785 57 139 126
2786 56 132 126
2787 55 44 125
2788 54 186 125
2789 53 62 124
2790 52 192 124
2791 51 64 123
2792 50 107 123
2793 49 207 122
2794 58 139 128
2795 57 132 127
2796 56 44 127
2797 55 186 126
2798 54 62 126
2799 53 192 125
2800 52 64 125
2801 51 107 124
2802 59 139 129
2803 58 132 129
2804 57 44 128
2805 56 186 128
2806 55 62 127
2807 54 192 127
2808 53 64 126
2809 60 139 131
2810 59 132 130
2811 58 44 130
2812 57 186 129
2813 56 62 129
2814 55 192 128
2815 61 139 132
2816 60 132 132
2817 59 44 131
2818 58 186 131
2819 57 62 130
2820 62 139 134
2821 61 132 133
2822 60 44 133
2823 59 186 132
2824 63 139 135
2825 62 132 135
2826 61 44 134
2827 64 139 137
2828 63 132 136
2829 65 139 138
2830 66 241 140
2831 64 253 138
2832 62 256 136
2833 60 64 134
2834 58 16 132
2835 56 4 130
2836 54 1 128
2837 52 193 126
2838 50 241 124
2839 48 253 122
2840 46 256 120
2841 44 64 118
2842 42 16 116
2843 40 4 114
2844 38 1 112
2845 36 193 110
2846 34 241 108
2847 32 253 106
2848 30 256 104
2849 28 64 102
2850 26 16 100
2851 24 4 98
2852 22 1 96
2853 20 193 94
2854 18 241 92
2855 16 253 90
2856 14 256 88
2857 67 241 141
2858 65 253 139
2859 63 256 137
2860 61 64 135
2861 59 16 133
2862 57 4 131
2863 55 1 129
2864 53 193 127
2865 51 241 125
2866 49 253 123
2867 47 256 121
2868 45 64 119
2869 43 16 117
2870 41 4 115
2871 39 1 113
2872 37 193 111
2873 35 241 109
2874 33 253 107
2875 31 256 105
2876 29 64 103
2877 27 16 101
2878 25 4 99
2879 23 1 97
2880 21 193 95
2881 19 241 93
2882 68 241 143
2883 66 253 141
2884 64 256 139
2885 62 64 137
2886 60 16 135
2887 58 4 133
2888 56 1 131
2889 54 193 129
2890 52 241 127
2891 50 253 125
2892 48 256 123
2893 46 64 121
2894 44 16 119
2895 42 4 117
2896 40 1 115
2897 38 193 113
2898 36 241 111
2899 34 253 109
2900 32 256 107
2901 30 64 105
2902 28 16 103
2903 26 4 101
2904 24 1 99
2905 69 241 144
2906 67 253 142
2907 65 256 140
2908 63 64 138
2909 61 16 136
2910 59 4 134
2911 57 1 132
2912 55 193 130
2913 53 241 128
2914 51 253 126
2915 49 256 124
2916 47 64 122
2917 45 16 120
2918 43 4 118
2919 41 1 116
2920 39 193 114
2921 37 241 112
2922 35 253 110
2923 33 256 108
2924 31 64 106
2925 29 16 104
2926 70 241 146
2927 68 253 144
2928 66 256 142
2929 64 64 140
2930 62 16 138
2931 60 4 136
2932 58 1 134
2933 56 193 132
2934 54 241 130
2935 52 253 128
2936 50 256 126
2937 48 64 124
2938 46 16 122
2939 44 4 120
2940 42 1 118
2941 40 193 116
2942 38 241 114
2943 36 253 112
2944 34 256 110
2945 71 241 147
2946 69 253 145
2947 67 256 143
2948 65 64 141
2949 63 16 139
2950 61 4 137
2951 59 1 135
2952 57 193 133
2953 55 241 131
2954 53 253 129
2955 51 256 127
2956 49 64 125
2957 47 16 123
2958 45 4 121
2959 43 1 119
2960 41 193 117
2961 39 241 115
2962 72 241 149
2963 70 253 147
2964 68 256 145
2965 66 64 143
2966 64 16 141
2967 62 4 139
2968 60 1 137
2969 58 193 135
2970 56 241 133
2971 54 253 131
2972 52 256 129
2973 50 64 127
2974 48 16 125
2975 46 4 123
2976 44 1 121
2977 73 241 150
2978 71 253 148
2979 69 256 146
2980 67 64 144
2981 65 16 142
2982 63 4 140
2983 61 1 138
2984 59 193 136
2985 57 241 134
2986 55 253 132
2987 53 256 130
2988 51 64 128
2989 49 16 126
2990 74 241 152
2991 72 253 150
2992 70 256 148
2993 68 64 146
2994 66 16 144
2995 64 4 142
2996 62 1 140
2997 60 193 138
2998 58 241 136
2999 56 253 134
3000 54 256 132
3001 75 241 153
3002 73 253 151
3003 71 256 149
3004 69 64 147
3005 67 16 145
3006 65 4 143
3007 63 1 141
3008 61 193 139
3009 59 241 137
3010 76 241 155
3011 74 253 153
3012 72 256 151
3013 70 64 149
3014 68 16 147
3015 66 4 145
3016 64 1 143
3017 77 241 156
3018 75 253 154
3019 73 256 152
3020 71 64 150
3021 69 16 148
3022 78 241 158
3023 76 253 156
3024 74 256 154
3025 79 241 159
3026 0 253 80
3027 0 253 81
3028 0 253 82
3029 0 253 83
3030 0 253 84
3031 0 253 85
3032 0 253 86
3033 0 253 87
3034 0 253 88
3035 0 253 89
3036 0 253 90
3037 0 253 91
3038 0 253 92
3039 0 253 93
3040 0 253 94
3041 0 253 95
3042 0 253 96
3043 0 253 97
3044 0 253 98
3045 0 253 99
3046 0 253 100
3047 0 253 101
3048 0 253 102
3049 0 253 103
3050 0 253 104
3051 0 253 105
3052 0 253 106
3053 1 255 80
3054 1 255 81
3055 1 255 82
3056 1 255 83
3057 1 255 84
3058 1 255 85
3059 1 255 86
3060 1 255 87
3061 1 255 88
3062 1 255 89
3063 1 255 90
3064 1 255 91
3065 1 255 92
3066 1 255 93
3067 1 255 94
3068 1 255 95
3069 1 255 96
3070 1 255 97
3071 1 255 98
3072 1 255 99
3073 1 255 100
3074 1 255 101
3075 1 255 102
3076 1 255 103
3077 1 255 104
3078 1 255 105
3079 2 256 80
3080 2 256 81
3081 2 256 82
3082 2 256 83
3083 2 256 84
3084 2 256 85
3085 2 256 86
3086 2 256 87
3087 2 256 88
3088 2 256 89
3089 2 256 90
3090 2 256 91
3091 2 256 92
3092 2 256 93
3093 2 256 94
3094 2 256 95
3095 2 256 96
3096 2 256 97
3097 2 256 98
3098 2 256 99
3099 2 256 100
3100 2 256 101
3101 2 256 102
3102 2 256 103
3103 2 256 104
3104 3 128 80
3105 3 128 81
3106 3 128 82
3107 3 128 83
3108 3 128 84
3109 3 128 85
3110 3 128 86
3111 3 128 87
3112 3 128 88
3113 3 128 89
3114 3 128 90
3115 3 128 91
3116 3 128 92
3117 3 128 93
3118 3 128 94
3119 3 128 95
3120 3 128 96
3121 3 128 97
3122 3 128 98
3123 3 128 99
3124 3 128 100
3125 3 128 101
3126 3 128 102
3127 3 128 103
3128 4 128 81
3129 5 193 81
3130 4 64 82
3131 4 64 83
3132 4 64 84
3133 4 64 85
3134 4 64 86
3135 4 64 87
3136 4 64 88
3137 4 64 89
3138 4 64 90
3139 4 64 91
3140 4 64 92
3141 4 64 93
3142 4 64 94
3143 4 64 95
3144 4 64 96
3145 4 64 97
3146 4 64 98
3147 4 64 99
3148 4 64 100
3149 4 64 101
3150 4 64 102
3151 5 128 82
3152 6 193 82
3153 7 32 82
3154 5 32 83
3155 5 32 84
3156 5 32 85
3157 5 32 86
3158 5 32 87
3159 5 32 88
3160 5 32 89
3161 5 32 90
3162 5 32 91
3163 5 32 92
3164 5 32 93
3165 5 32 94
3166 5 32 95
3167 5 32 96
3168 5 32 97
3169 5 32 98
3170 5 32 99
3171 5 32 100
3172 5 32 101
3173 6 128 83
3174 7 193 83
3175 8 32 83
3176 9 241 83
3177 6 16 84
3178 6 16 85
3179 6 16 86
3180 6 16 87
3181 6 16 88
3182 6 16 89
3183 6 16 90
3184 6 16 91
3185 6 16 92
3186 6 16 93
3187 6 16 94
3188 6 16 95
3189 6 16 96
3190 6 16 97
3191 6 16 98
3192 6 16 99
3193 6 16 100
3194 7 128 84
3195 8 193 84
3196 9 32 84
3197 10 241 84
3198 7 16 85
3199 11 4 85
3200 7 8 86
3201 7 8 87
3202 7 8 88
3203 7 8 89
3204 7 8 90
3205 7 8 91
3206 7 8 92
3207 7 8 93
3208 7 8 94
3209 7 8 95
3210 7 8 96
3211 7 8 97
3212 7 8 98
3213 7 8 99
3214 8 128 85
3215 9 193 85
3216 10 32 85
3217 8 32 86
3218 11 249 86
3219 12 4 86
3220 8 8 87
3221 13 256 87
3222 8 4 88
3223 8 4 89
3224 8 4 90
3225 8 4 91
3226 8 4 92
3227 8 4 93
3228 8 4 94
3229 8 4 95
3230 8 4 96
3231 8 4 97
3232 8 4 98
3233 9 128 86
3234 10 193 86
3235 9 64 87
3236 11 16 87
3237 12 249 87
3238 9 16 88
3239 13 2 88
3240 9 8 89
3241 14 128 89
3242 15 193 89
3243 9 2 90
3244 9 2 91
3245 9 2 92
3246 9 2 93
3247 9 2 94
3248 9 2 95
3249 9 2 96
3250 9 2 97
3251 10 128 87
3252 10 128 88
3253 11 225 88
3254 12 16 88
3255 10 32 89
3256 13 253 89
3257 10 16 90
3258 14 1 90
3259 15 128 90
3260 10 4 91
3261 16 225 91
3262 17 16 91
3263 10 1 92
3264 10 1 93
3265 10 1 94
3266 10 1 95
3267 10 1 96
3268 11 128 89
3269 12 63 89
3270 11 38 90
3271 12 76 90
3272 13 8 90
3273 11 32 91
3274 14 255 91
3275 15 1 91
3276 11 8 92
3277 16 64 92
3278 17 225 92
3279 11 2 93
3280 18 8 93
3281 11 1 94
3282 19 255 94
3283 11 129 95
3284 12 128 91
3285 13 63 91
3286 12 38 92
3287 13 76 92
3288 14 8 92
3289 15 120 92
3290 12 221 93
3291 15 197 93
3292 16 129 93
3293 17 64 93
3294 12 4 94
3295 18 241 94
3296 12 2 95
3297 19 4 95
3298 20 255 95
3299 13 128 93
3300 14 63 93
3301 13 38 94
3302 14 76 94
3303 15 8 94
3304 16 120 94
3305 17 129 94
3306 13 60 95
3307 16 249 95
3308 17 224 95
3309 18 32 95
3310 11 139 96
3311 12 67 96
3312 13 238 96
3313 14 128 95
3314 15 63 95
3315 14 38 96
3316 15 76 96
3317 16 8 96
3318 17 120 96
3319 18 129 96
3320 19 164 96
3321 20 44 96
3322 21 186 96
3323 10 29 97
3324 11 76 97
3325 12 56 97
3326 13 127 97
3327 14 184 97
3328 15 30 97
3329 16 216 97
3330 17 44 97
3331 18 142 97
3332 19 193 97
3333 20 93 97
3334 21 92 97
3335 22 113 97
3336 9 58 98
3337 10 37 98
3338 11 191 98
3339 12 54 98
3340 13 66 98
3341 14 47 98
3342 15 66 98
3343 16 139 98
3344 17 180 98
3345 18 26 98
3346 19 120 98
3347 20 139 98
3348 21 172 98
3349 22 50 98
3350 23 20 98
3351 8 10 99
3352 9 39 99
3353 10 195 99
3354 11 111 99
3355 12 66 99
3356 13 187 99
3357 14 88 99
3358 15 211 99
3359 16 14 99
3360 17 50 99
3361 18 240 99
3362 19 153 99
3363 20 250 99
3364 21 75 99
3365 22 199 99
3366 23 219 99
3367 7 170 100
3368 8 230 100
3369 9 218 100
3370 10 19 100
3371 11 152 100
3372 12 24 100
3373 13 60 100
3374 14 190 100
3375 15 185 100
3376 16 144 100
3377 17 141 100
3378 18 106 100
3379 19 231 100
3380 20 70 100
3381 21 20 100
3382 22 216 100
3383 23 130 100
3384 24 133 100
3385 25 56 100
3386 6 10 101
3387 7 191 101
3388 8 91 101
3389 14 56 101
3390 16 184 101
3391 18 47 101
3392 19 4 101
3393 20 155 101
3394 21 197 101
3395 22 221 101
3396 23 22 101
3397 24 118 101
3398 25 252 101
3399 5 53 102
3400 6 53 102
3401 24 200 102
3402 26 16 102
3403 4 128 103
3404 27 2 102
3405 26 1 103
3406 25 193 102
3407 24 225 103
3408 23 249 102
3409 22 253 102
3410 21 256 102
3411 20 128 102
3412 19 32 102
3413 18 16 102
3414 17 4 101
3415 16 2 102
3416 15 129 101
3417 14 193 102
3418 13 241 101
3419 12 249 101
3420 11 255 101
3421 10 256 101
3422 9 64 101
3423 8 32 102
3424 7 8 102
3425 9 232 102
3426 10 86 102
3427 11 67 102
3428 12 62 102
3429 13 99 102
3430 15 91 102
3431 17 85 102
3432 5 19 103
3433 6 93 103
3434 28 2 104
3435 27 129 103
3436 26 193 104
3437 25 241 103
3438 24 249 104
3439 23 255 103
3440 22 256 103
3441 21 64 103
3442 20 32 103
3443 19 8 103
3444 18 4 103
3445 7 248 103
3446 16 129 103
3447 8 92 103
3448 14 241 103
3449 9 73 103
3450 12 255 103
3451 11 256 103
3452 10 64 103
3453 13 70 103
3454 15 69 103
3455 17 177 103
3456 3 141 104
3457 4 201 104
3458 5 208 104
3459 6 137 104
3460 7 251 104
3461 8 133 104
3462 9 61 104
3463 29 1 105
3464 28 129 105
3465 27 225 104
3466 26 241 105
3467 25 253 104
3468 24 255 105
3469 23 128 104
3470 22 64 104
3471 21 16 104
3472 20 8 104
3473 19 2 104
3474 18 1 104
3475 10 141 104
3476 16 225 104
3477 11 223 104
3478 14 253 104
3479 12 65 104
3480 13 228 104
3481 15 60 104
3482 17 163 104
3483 2 54 105
3484 3 10 105
3485 4 256 105
3486 5 223 105
3487 6 174 105
3488 7 15 105
3489 8 112 105
3490 9 197 105
3491 30 1 106
3492 29 193 106
3493 28 225 106
3494 27 249 105
3495 26 253 106
3496 25 256 105
3497 24 128 106
3498 23 32 105
3499 22 16 105
3500 21 4 105
3501 20 2 105
3502 19 129 105
3503 18 193 105
3504 10 108 105
3505 16 249 105
3506 11 200 105
3507 14 256 105
3508 12 148 105
3509 13 176 105
3510 15 234 105
3511 17 189 105
3512 1 196 106
3513 2 160 106
3514 3 164 106
3515 4 91 106
3516 5 10 106
3517 6 91 106
3518 31 129 107
3519 30 193 107
3520 29 241 107
3521 28 249 107
3522 27 255 106
3523 26 256 107
3524 25 64 106
3525 24 32 107
3526 23 8 106
3527 22 4 106
3528 21 1 106
3529 20 129 106
3530 19 225 106
3531 18 241 106
3532 7 148 106
3533 16 255 106
3534 8 33 106
3535 14 64 106
3536 9 83 106
3537 10 24 106
3538 11 207 106
3539 13 58 106
3540 12 229 106
3541 15 129 106
3542 17 42 106
3543 0 104 107
3544 32 129 108
3545 31 225 108
3546 30 241 108
3547 29 253 108
3548 28 255 108
3549 27 128 107
3550 26 64 108
3551 25 16 107
3552 24 8 108
3553 23 2 107
3554 22 1 107
3555 21 193 107
3556 20 225 107
3557 19 249 107
3558 18 253 107
3559 1 23 107
3560 16 128 107
3561 2 101 107
3562 14 16 107
3563 4 136 107
3564 6 256 107
3565 8 60 107
3566 10 20 107
3567 11 192 107
3568 12 179 107
3569 33 193 109
3570 32 225 109
3571 31 249 109
3572 30 253 109
3573 29 256 109
3574 28 128 109
3575 27 32 108
3576 26 16 109
3577 25 4 108
3578 24 2 109
3579 23 129 108
3580 22 193 108
3581 21 241 108
3582 20 249 108
3583 19 255 108
3584 18 256 108
3585 17 64 107
3586 16 32 108
3587 15 8 107
3588 14 4 108
3589 13 1 107
3590 0 157 108
3591 1 105 108
3592 12 192 108
3593 34 193 111
3594 33 241 110
3595 32 249 110
3596 31 255 110
3597 30 256 110
3598 29 64 110
3599 28 32 110
3600 27 8 109
3601 26 4 110
3602 25 1 109
3603 24 129 110
3604 23 225 109
3605 22 241 109
3606 21 253 109
3607 20 255 109
3608 19 128 109
3609 18 64 109
3610 17 16 108
3611 16 8 109
3612 15 2 108
3613 14 1 109
3614 13 193 108
3615 0 106 109
3616 35 225 111
3617 34 241 112
3618 33 253 111
3619 32 255 111
3620 31 128 111
3621 30 64 111
3622 29 16 111
3623 28 8 111
3624 27 2 110
3625 26 1 111
3626 25 193 110
3627 24 225 111
3628 23 249 110
3629 22 253 110
3630 21 256 110
3631 20 128 110
3632 19 32 110
3633 18 16 110
3634 17 4 109
3635 16 2 110
3636 15 129 109
3637 14 193 110
3638 36 225 113
3639 35 249 112
3640 34 253 113
3641 33 256 112
3642 32 128 112
3643 31 32 112
3644 30 16 112
3645 29 4 112
3646 28 2 112
3647 27 129 111
3648 26 193 112
3649 25 241 111
3650 24 249 112
3651 23 255 111
3652 22 256 111
3653 21 64 111
3654 20 32 111
3655 19 8 111
3656 18 4 111
3657 17 1 110
3658 16 129 111
3659 37 241 113
3660 36 249 114
3661 35 255 113
3662 34 256 114
3663 33 64 113
3664 32 32 113
3665 31 8 113
3666 30 4 113
3667 29 1 113
3668 28 129 113
3669 27 225 112
3670 26 241 113
3671 25 253 112
3672 24 255 113
3673 23 128 112
3674 22 64 112
3675 21 16 112
3676 20 8 112
3677 19 2 112
3678 18 1 112
3679 38 241 115
3680 37 253 114
3681 36 255 115
3682 35 128 114
3683 34 64 115
3684 33 16 114
3685 32 8 114
3686 31 2 114
3687 30 1 114
3688 29 193 114
3689 28 225 114
3690 27 249 113
3691 26 253 114
3692 25 256 113
3693 24 128 114
3694 23 32 113
3695 22 16 113
3696 21 4 113
3697 20 2 113
3698 39 249 116
3699 38 253 116
3700 37 256 115
3701 36 128 116
3702 35 32 115
3703 34 16 116
3704 33 4 115
3705 32 2 115
3706 31 129 115
3707 30 193 115
3708 29 241 115
3709 28 249 115
3710 27 255 114
3711 26 256 115
3712 25 64 114
3713 24 32 115
3714 23 8 114
3715 22 4 114
3716 40 249 117
3717 39 255 117
3718 38 256 117
3719 37 64 116
3720 36 32 117
3721 35 8 116
3722 34 4 117
3723 33 1 116
3724 32 129 116
3725 31 225 116
3726 30 241 116
3727 29 253 116
3728 28 255 116
3729 27 128 115
3730 26 64 116
3731 25 16 115
3732 24 8 116
3733 41 253 118
3734 40 255 118
3735 39 128 118
3736 38 64 118
3737 37 16 117
3738 36 8 118
3739 35 2 117
3740 34 1 118
3741 33 193 117
3742 32 225 117
3743 31 249 117
3744 30 253 117
3745 29 256 117
3746 28 128 117
3747 27 32 116
3748 26 16 117
3749 42 253 119
3750 41 256 119
3751 40 128 119
3752 39 32 119
3753 38 16 119
3754 37 4 118
3755 36 2 119
3756 35 129 118
3757 34 193 119
3758 33 241 118
3759 32 249 118
3760 31 255 118
3761 30 256 118
3762 29 64 118
3763 28 32 118
3764 43 255 120
3765 42 256 120
3766 41 64 120
3767 40 32 120
3768 39 8 120
3769 38 4 120
3770 37 1 119
3771 36 129 120
3772 35 225 119
3773 34 241 120
3774 33 253 119
3775 32 255 119
3776 31 128 119
3777 30 64 119
3778 44 255 122
3779 43 128 121
3780 42 64 121
3781 41 16 121
3782 40 8 121
3783 39 2 121
3784 38 1 121
3785 37 193 120
3786 36 225 121
3787 35 249 120
3788 34 253 121
3789 33 256 120
3790 32 128 120
3791 45 256 122
3792 44 128 123
3793 43 32 122
3794 42 16 122
3795 41 4 122
3796 40 2 122
3797 39 129 122
3798 38 193 122
3799 37 241 121
3800 36 249 122
3801 35 255 121
3802 34 256 122
3803 46 256 124
3804 45 64 123
3805 44 32 124
3806 43 8 123
3807 42 4 123
3808 41 1 123
3809 40 129 123
3810 39 225 123
3811 38 241 123
3812 37 253 122
3813 36 255 123
3814 47 128 124
3815 46 64 125
3816 45 16 124
3817 44 8 125
3818 43 2 124
3819 42 1 124
3820 41 193 124
3821 40 225 124
3822 39 249 124
3823 38 253 124
3824 48 128 126
3825 47 32 125
3826 46 16 126
3827 45 4 125
3828 44 2 126
3829 43 129 125
3830 42 193 125
3831 41 241 125
3832 40 249 125
3833 49 64 127
3834 48 32 127
3835 47 8 126
3836 46 4 127
3837 45 1 126
3838 44 129 127
3839 43 225 126
3840 42 241 126
3841 50 64 128
3842 49 16 128
3843 48 8 128
3844 47 2 127
3845 46 1 128
3846 45 193 127
3847 44 225 128
3848 51 32 129
3849 50 16 129
3850 49 4 129
3851 48 2 129
3852 47 129 128
3853 46 193 129
3854 52 32 130
3855 51 8 130
3856 50 4 130
3857 49 1 130
3858 48 129 130
3859 53 16 131
3860 52 8 131
3861 51 2 131
3862 50 1 131
3863 54 16 133
3864 53 4 132
3865 52 2 132
3866 55 8 133
3867 54 4 134
3868 56 8 135
3869 57 74 135
3870 55 98 134
3871 53 102 133
3872 51 17 132
3873 49 217 131
3874 47 79 129
3875 45 56 128
3876 43 95 127
3877 41 230 126
3878 39 124 125
3879 37 192 123
3880 35 32 122
3881 33 91 121
3882 31 58 120
3883 29 181 119
3884 27 73 117
3885 25 55 116
3886 23 52 115
3887 21 180 114
3888 19 30 113
3889 17 5 111
3890 15 215 110
3891 58 74 137
3892 56 98 136
3893 54 102 135
3894 52 17 133
3895 50 217 132
3896 48 79 131
3897 46 56 130
3898 44 95 129
3899 42 230 127
3900 40 124 126
3901 38 192 125
3902 36 32 124
3903 34 91 123
3904 32 58 121
3905 30 181 120
3906 28 73 119
3907 26 55 118
3908 24 52 117
3909 22 180 115
3910 20 30 114
3911 18 5 113
3912 59 37 138
3913 57 49 136
3914 55 51 135
3915 53 137 134
3916 51 237 133
3917 49 168 132
3918 47 28 130
3919 45 176 129
3920 43 115 128
3921 41 62 127
3922 39 96 126
3923 37 16 124
3924 35 174 123
3925 33 29 122
3926 31 219 121
3927 29 165 120
3928 27 156 118
3929 25 26 117
3930 23 90 116
3931 21 15 115
3932 60 37 139
3933 58 49 138
3934 56 51 137
3935 54 137 136
3936 52 237 134
3937 50 168 133
3938 48 28 132
3939 46 176 131
3940 44 115 130
3941 42 62 128
3942 40 96 127
3943 38 16 126
3944 36 174 125
3945 34 29 124
3946 32 219 122
3947 30 165 121
3948 28 156 120
3949 26 26 119
3950 24 90 118
3951 61 147 140
3952 59 153 139
3953 57 154 137
3954 55 197 136
3955 53 247 135
3956 51 84 134
3957 49 14 133
3958 47 88 131
3959 45 186 130
3960 43 31 129
3961 41 48 128
3962 39 8 127
3963 37 87 125
3964 35 143 124
3965 33 238 123
3966 31 211 122
3967 29 78 121
3968 27 13 119
3969 62 147 141
3970 60 153 140
3971 58 154 139
3972 56 197 138
3973 54 247 137
3974 52 84 135
3975 50 14 134
3976 48 88 133
3977 46 186 132
3978 44 31 131
3979 42 48 129
3980 40 8 128
3981 38 87 127
3982 36 143 126
3983 34 238 125
3984 32 211 123
3985 30 78 122
3986 63 202 142
3987 61 205 141
3988 59 77 140
3989 57 227 138
3990 55 252 137
3991 53 42 136
3992 51 7 135
3993 49 44 134
3994 47 93 132
3995 45 144 131
3996 43 24 130
3997 41 4 129
3998 39 172 128
3999 37 200 126
4000 35 119 125
4001 33 234 124
4002 64 202 144
4003 62 205 142
4004 60 77 141
4005 58 227 140
4006 56 252 139
4007 54 42 138
4008 52 7 136
4009 50 44 135
4010 48 93 134
4011 46 144 133
4012 44 24 132
4013 42 4 130
4014 40 172 129
4015 38 200 128
4016 36 119 127
4017 65 101 144
4018 63 231 143
4019 61 167 142
4020 59 242 141
4021 57 126 139
4022 55 21 138
4023 53 132 137
4024 51 22 136
4025 49 175 135
4026 47 72 133
4027 45 12 132
4028 43 2 131
4029 41 86 130
4030 39 100 129
4031 66 101 146
4032 64 231 145
4033 62 167 143
4034 60 242 142
4035 58 126 141
4036 56 21 140
4037 54 132 139
4038 52 22 137
4039 50 175 136
4040 48 72 135
4041 46 12 134
4042 44 2 133
4043 42 86 131
4044 67 179 146
4045 65 244 145
4046 63 212 144
4047 61 121 143
4048 59 63 142
4049 57 139 140
4050 55 66 139
4051 53 11 138
4052 51 216 137
4053 49 36 136
4054 47 6 134
4055 45 1 133
4056 68 179 148
4057 66 244 147
4058 64 212 146
4059 62 121 144
4060 60 63 143
4061 58 139 142
4062 56 66 141
4063 54 11 140
4064 52 216 138
4065 50 36 137
4066 48 6 136
4067 69 218 149
4068 67 122 147
4069 65 106 146
4070 63 189 145
4071 61 160 144
4072 59 198 143
4073 57 33 141
4074 55 134 140
4075 53 108 139
4076 51 18 138
4077 70 218 150
4078 68 122 149
4079 66 106 148
4080 64 189 147
4081 62 160 145
4082 60 198 144
4083 58 33 143
4084 56 134 142
4085 54 108 141
4086 71 109 151
4087 69 61 150
4088 67 53 148
4089 65 223 147
4090 63 80 146
4091 61 99 145
4092 59 145 144
4093 57 67 142
4094 72 109 152
4095 70 61 151
4096 68 53 150
4097 66 223 149
4098 64 80 148
4099 62 99 146
4100 60 145 145
4101 73 183 153
4102 71 159 152
4103 69 155 151
4104 67 240 149
4105 65 40 148
4106 63 178 147
4107 74 183 155
4108 72 159 153
4109 70 155 152
4110 68 240 151
4111 66 40 150
4112 75 220 155
4113 73 208 154
4114 71 206 153
4115 69 120 152
4116 76 220 157
4117 74 208 156
4118 72 206 154
4119 77 110 157
4120 75 104 156
4121 78 110 159
4122 3 159 107
4123 2 49 108
4124 1 104 109
4125 0 205 110
4126 0 205 111
4127 0 205 112
4128 0 205 113
4129 0 205 114
4130 0 205 115
4131 0 205 116
4132 0 205 117
4133 0 205 118
4134 0 205 119
4135 0 205 120
4136 0 205 121
4137 0 205 122
4138 0 205 123
4139 0 205 124
4140 0 205 125
4141 5 200 107
4142 3 227 108
4143 4 191 108
4144 2 103 109
4145 1 77 110
4146 1 77 111
4147 1 77 112
4148 1 77 113
4149 1 77 114
4150 1 77 115
4151 1 77 116
4152 1 77 117
4153 1 77 118
4154 1 77 119
4155 1 77 120
4156 1 77 121
4157 1 77 122
4158 1 77 123
4159 7 195 107
4160 5 35 108
4161 6 77 108
4162 3 200 109
4163 4 203 109
4164 2 227 110
4165 2 227 111
4166 2 227 112
4167 2 227 113
4168 2 227 114
4169 2 227 115
4170 2 227 116
4171 2 227 117
4172 2 227 118
4173 2 227 119
4174 2 227 120
4175 2 227 121
4176 9 158 107
4177 7 2 108
4178 8 210 108
4179 5 195 109
4180 6 63 109
4181 3 193 110
4182 4 201 110
4183 3 252 111
4184 3 252 112
4185 3 252 113
4186 3 252 114
4187 3 252 115
4188 3 252 116
4189 3 252 117
4190 3 252 118
4191 3 252 119
4192 9 201 108
4193 10 33 108
4194 11 66 108
4195 7 158 109
4196 8 55 109
4197 5 246 110
4198 6 151 110
4199 4 107 111
4200 5 244 111
4201 4 42 112
4202 4 42 113
4203 4 42 114
4204 4 42 115
4205 4 42 116
4206 4 42 117
4207 9 176 109
4208 10 190 109
4209 11 123 109
4210 12 235 109
4211 13 213 109
4212 7 227 110
4213 8 38 110
4214 6 175 111
4215 7 58 111
4216 5 107 112
4217 6 232 112
4218 5 7 113
4219 5 7 114
4220 5 7 115
4221 9 71 110
4222 10 27 110
4223 11 54 110
4224 12 216 110
4225 13 175 110
4226 8 224 111
4227 9 141 111
4228 14 143 111
4229 7 10 112
4230 8 149 112
4231 16 231 112
4232 6 134 113
4233 7 19 113
4234 10 164 111
4235 11 167 111
4236 12 138 111
4237 13 131 111
4238 15 51 111
4239 9 166 112
4240 10 162 112
4241 11 100 112
4242 14 101 112
4243 17 29 112
4244 8 9 113
4245 9 46 113
4246 12 206 112
4247 13 75 112
4248 15 183 112
4249 10 55 113
4250 11 190 113
4251 12 222 113
4252 13 71 113
4253 14 177 113
4254 16 238 113
4255 6 78 114
4256 7 145 114
4257 15 143 113
4258 17 135 113
4259 8 198 114
4260 9 252 114
4261 10 7 114
4262 11 70 114
4263 12 123 114
4264 13 254 114
4265 14 249 114
4266 15 109 114
4267 16 90 114
4268 17 96 114
4269 18 20 114
4270 19 122 114
4271 6 112 115
4272 7 4 115
4273 8 140 115
4274 9 232 115
4275 10 43 115
4276 11 66 115
4277 12 72 115
4278 13 105 115
4279 14 138 115
4280 15 5 115
4281 16 1 115
4282 17 212 115
4283 18 42 115
4284 19 162 115
4285 20 10 115
4286 5 44 116
4287 6 41 116
4288 7 5 116
4289 8 81 116
4290 9 161 116
4291 10 222 116
4292 11 19 116
4293 12 52 116
4294 13 5 116
4295 14 87 116
4296 15 232 116
4297 16 144 116
4298 17 25 116
4299 18 88 116
4300 19 33 116
4301 20 168 116
4302 21 1 116
4303 22 103 116
4304 5 47 117
4305 6 139 117
4306 7 220 117
4307 8 216 117
4308 9 32 117
4309 10 252 117
4310 11 106 117
4311 13 176 117
4312 12 226 117
4313 14 69 117
4314 15 74 117
4315 16 101 117
4316 17 42 117
4317 18 82 117
4318 19 110 117
4319 20 113 117
4320 21 206 117
4321 22 28 117
4322 23 55 117
4323 4 244 118
4324 5 14 118
4325 6 41 118
4326 7 114 118
4327 8 252 118
4328 9 64 118
4329 10 161 118
4330 11 180 118
4331 12 119 118
4332 13 110 118
4333 14 82 118
4334 15 119 118
4335 16 68 118
4336 17 87 118
4337 18 19 118
4338 19 151 118
4339 20 138 118
4340 21 207 118
4341 22 16 118
4342 23 55 118
4343 25 237 118
4344 4 73 119
4345 5 54 119
4346 6 81 119
4347 7 158 119
4348 8 136 119
4349 9 184 119
4350 10 88 119
4351 11 93 119
4352 12 125 119
4353 13 122 119
4354 14 168 119
4355 15 136 119
4356 16 124 119
4357 17 76 119
4358 18 83 119
4359 19 102 119
4360 20 128 119
4361 21 228 119
4362 22 231 119
4363 23 86 119
4364 24 83 119
4365 25 244 119
4366 3 47 120
4367 4 30 120
4368 5 192 120
4369 6 67 120
4370 7 182 120
4371 8 34 120
4372 9 49 120
4373 10 74 120
4374 11 163 120
4375 12 50 120
4376 14 70 120
4377 13 194 120
4378 15 137 120
4379 16 168 120
4380 17 161 120
4381 18 138 120
4382 19 93 120
4383 20 108 120
4384 21 204 120
4385 22 7 120
4386 23 234 120
4387 24 209 120
4388 25 154 120
4389 26 207 120
4390 27 200 120
4391 3 36 121
4392 4 19 121
4393 5 116 121
4394 6 111 121
4395 7 232 121
4396 8 21 121
4397 9 150 121
4398 10 133 121
4399 11 254 121
4400 12 171 121
4401 13 47 121
4402 14 21 121
4403 15 60 121
4404 16 69 121
4405 17 20 121
4406 18 107 121
4407 19 153 121
4408 20 227 121
4409 21 3 121
4410 22 213 121
4411 23 103 121
4412 24 71 121
4413 25 162 121
4414 26 194 121
4415 27 204 121
4416 28 30 121
4417 2 73 122
4418 3 173 122
4419 4 105 122
4420 5 4 122
4421 6 51 122
4422 7 236 122
4423 8 147 122
4424 9 86 122
4425 10 67 122
4426 11 229 122
4427 12 58 122
4428 13 27 122
4429 14 142 122
4430 15 180 122
4431 16 101 122
4432 17 64 122
4433 18 77 122
4434 19 226 122
4435 20 144 122
4436 21 24 122
4437 22 46 122
4438 23 24 122
4439 24 68 122
4440 25 152 122
4441 26 13 122
4442 27 96 122
4443 28 130 122
4444 29 145 122
4445 2 16 123
4446 3 223 123
4447 4 192 123
4448 5 188 123
4449 6 205 123
4450 7 32 123
4451 8 122 123
4452 9 83 123
4453 10 58 123
4454 11 145 123
4455 12 205 123
4456 13 146 123
4457 14 21 123
4458 15 136 123
4459 16 40 123
4460 17 14 123
4461 18 92 123
4462 19 139 123
4463 20 23 123
4464 21 240 123
4465 22 150 123
4466 23 256 123
4467 24 153 123
4468 25 186 123
4469 26 169 123
4470 27 253 123
4471 28 196 123
4472 29 59 123
4473 30 139 123
4474 31 194 123
4475 1 113 124
4476 2 39 124
4477 3 166 124
4478 4 113 124
4479 5 40 124
4480 6 228 124
4481 7 254 124
4482 8 97 124
4483 9 25 124
4484 10 206 124
4485 11 51 124
4486 12 226 124
4487 13 226 124
4488 14 48 124
4489 15 223 124
4490 16 78 124
4491 17 39 124
4492 18 197 124
4493 19 12 124
4494 20 120 124
4495 21 60 124
4496 22 232 124
4497 23 108 124
4498 24 25 124
4499 25 196 124
4500 26 216 124
4501 27 238 124
4502 28 50 124
4503 29 71 124
4504 30 114 124
4505 31 225 124
4506 32 99 124
4507 1 146 125
4508 2 180 125
4509 3 121 125
4510 4 205 125
4511 5 245 125
4512 6 254 125
4513 7 176 125
4514 18 77 125
4515 20 227 125
4516 21 207 125
4517 24 28 125
4518 23 52 125
4519 22 134 125
4520 25 27 125
4521 26 219 125
4522 30 254 125
4523 29 153 125
4524 28 246 125
4525 27 152 125
4526 31 39 125
4527 32 60 125
4528 33 41 125
4529 24 98 126
4530 25 56 126
4531 26 234 126
4532 30 205 126
4533 29 82 126
4534 28 152 126
4535 27 236 126
4536 31 92 126
4537 34 210 126
4538 33 42 126
4539 32 128 126
4540 35 87 126
4541 26 97 127
4542 29 222 127
4543 28 236 127
4544 30 84 127
4545 34 42 127
4546 33 214 127
4547 32 77 127
4548 31 185 127
4549 35 139 127
4550 37 108 127
4551 30 183 128
4552 34 214 128
4553 33 197 128
4554 32 221 128
4555 36 81 128
4556 37 36 128
4557 35 207 128
4558 34 197 129
4559 38 220 129
4560 36 20 129
4561 37 154 129
4562 39 159 130
4563 38 44 130
4564 40 208 130
4565 41 98 131
4566 39 153 131
4567 36 166 130
4568 35 61 129
4569 33 208 129
4570 31 52 128
4571 29 13 128
4572 27 98 127
4573 24 249 127
4574 23 231 126
4575 21 122 126
4576 19 159 125
4577 8 119 125
4578 9 158 125
4579 10 55 125
4580 11 201 125
4581 12 80 125
4582 13 228 125
4583 14 228 125
4584 15 143 125
4585 16 105 125
4586 17 235 125
4587 0 139 126
4588 1 243 126
4589 2 223 126
4590 3 128 126
4591 4 239 126
4592 42 49 132
4593 40 205 131
4594 38 244 131
4595 37 97 130
4596 34 208 130
4597 32 26 129
4598 30 135 129
4599 28 98 128
4600 26 153 128
4601 25 119 127
4602 22 61 126
4603 20 208 126
4604 18 52 126
4605 5 179 126
4606 6 96 126
4607 7 208 126
4608 8 210 126
4609 9 99 126
4610 10 88 126
4611 12 108 126
4612 11 103 126
4613 13 22 126
4614 14 237 126
4615 15 82 126
4616 16 132 126
4617 17 223 126
4618 43 102 132
4619 41 154 132
4620 39 167 132
4621 36 70 131
4622 35 206 130
4623 33 180 130
4624 31 45 129
4625 29 204 129
4626 27 154 128
4627 24 84 128
4628 23 106 127
4629 21 155 127
4630 19 103 126
4631 0 40 127
4632 1 190 127
4633 2 154 127
4634 3 174 127
4635 4 197 127
4636 5 129 127
4637 6 219 127
4638 7 115 127
4639 8 73 127
4640 9 151 127
4641 10 202 127
4642 11 204 127
4643 44 102 134
4644 42 77 133
4645 40 212 132
4646 38 53 132
4647 37 114 131
4648 34 180 131
4649 32 151 130
4650 30 102 130
4651 28 154 129
4652 26 167 129
4653 25 210 128
4654 22 206 127
4655 20 180 127
4656 18 45 127
4657 12 83 127
4658 13 200 127
4659 14 160 127
4660 15 139 127
4661 16 52 127
4662 17 45 127
4663 19 27 127
4664 0 85 128
4665 1 228 128
4666 2 70 128
4667 45 17 134
4668 43 197 133
4669 41 242 133
4670 39 189 133
4671 36 216 132
4672 35 30 131
4673 33 136 131
4674 31 34 130
4675 29 137 130
4676 27 242 129
4677 24 213 129
4678 23 240 128
4679 21 60 128
4680 3 114 128
4681 4 117 128
4682 5 239 128
4683 6 164 128
4684 7 30 128
4685 8 83 128
4686 9 193 128
4687 10 116 128
4688 11 166 128
4689 12 104 128
4690 46 17 135
4691 44 197 135
4692 42 121 134
4693 40 223 133
4694 38 120 133
4695 37 124 132
4696 34 136 132
4697 32 17 131
4698 30 197 131
4699 28 242 130
4700 26 189 130
4701 25 256 129
4702 22 30 128
4703 20 136 128
4704 18 34 128
4705 13 36 128
4706 14 243 128
4707 15 94 128
4708 16 150 128
4709 17 64 128
4710 19 47 128
4711 0 210 129
4712 47 217 135
4713 45 247 135
4714 43 126 134
4715 41 160 134
4716 39 40 134
4717 36 119 133
4718 35 194 132
4719 33 177 132
4720 31 237 131
4721 29 252 131
4722 27 160 130
4723 24 91 130
4724 23 10 129
4725 21 131 129
4726 1 240 129
4727 2 89 129
4728 3 131 129
4729 4 106 129
4730 5 32 129
4731 6 46 129
4732 7 1 129
4733 48 217 137
4734 46 247 136
4735 44 126 136
4736 42 80 135
4737 40 20 134
4738 38 5 134
4739 37 61 133
4740 34 177 133
4741 32 247 132
4742 30 126 132
4743 28 160 131
4744 26 40 131
4745 25 29 130
4746 22 194 129
4747 20 177 129
4748 18 237 129
4749 8 173 129
4750 9 123 129
4751 10 72 129
4752 11 158 129
4753 49 158 137
4754 47 84 136
4755 45 21 136
4756 43 198 135
4757 41 178 135
4758 39 173 135
4759 36 164 134
4760 35 158 133
4761 33 168 133
4762 31 42 132
4763 29 139 132
4764 27 178 131
4765 24 91 131
4766 23 236 130
4767 21 59 130
4768 19 79 129
4769 12 19 129
4770 14 138 129
4771 15 39 129
4772 50 79 138
4773 48 84 138
4774 46 21 137
4775 44 198 137
4776 42 89 136
4777 40 215 135
4778 38 118 135
4779 37 153 134
4780 34 168 134
4781 32 21 133
4782 30 198 133
4783 28 178 132
4784 26 173 132
4785 25 209 131
4786 22 158 130
4787 20 168 130
4788 18 42 130
4789 16 139 129
4790 51 112 139
4791 49 28 138
4792 47 132 137
4793 45 33 137
4794 43 201 136
4795 41 243 136
4796 39 125 136
4797 36 12 135
4798 35 28 134
4799 33 7 134
4800 31 66 133
4801 29 145 133
4802 27 243 132
4803 24 122 132
4804 23 224 131
4805 21 56 131
4806 19 14 130
4807 52 56 139
4808 50 14 139
4809 48 132 139
4810 46 33 138
4811 44 201 138
4812 42 250 137
4813 40 191 136
4814 38 112 136
4815 37 47 135
4816 34 7 135
4817 32 33 134
4818 30 201 134
4819 28 243 133
4820 26 125 133
4821 25 66 132
4822 22 28 131
4823 53 190 140
4824 51 176 140
4825 49 44 139
4826 47 134 138
4827 45 162 138
4828 43 169 137
4829 41 235 137
4830 39 123 137
4831 36 92 136
4832 35 44 135
4833 33 11 135
4834 31 67 134
4835 29 81 134
4836 27 235 133
4837 24 190 133
4838 55 249 141
4839 52 88 140
4840 50 22 140
4841 48 134 140
4842 46 162 139
4843 44 169 139
4844 42 246 138
4845 40 190 137
4846 38 176 137
4847 37 179 136
4848 34 11 136
4849 32 162 135
4850 30 169 135
4851 28 235 134
4852 54 131 142
4853 53 115 141
4854 51 93 141
4855 49 216 140
4856 47 27 139
4857 45 71 139
4858 43 82 138
4859 41 149 138
4860 39 230 138
4861 36 92 137
4862 35 216 136
4863 33 54 136
4864 31 142 135
4865 56 203 143
4866 55 82 142
4867 52 175 141
4868 50 108 141
4869 48 27 141
4870 46 71 140
4871 44 82 140
4872 42 203 139
4873 40 115 138
4874 38 93 138
4875 37 200 137
4876 34 54 137
4877 57 248 143
4878 54 239 143
4879 53 144 142
4880 51 36 142
4881 49 9 141
4882 47 226 140
4883 45 185 140
4884 43 239 139
4885 41 124 139
4886 39 31 139
4887 36 177 138
4888 58 248 144
4889 56 62 144
4890 55 246 143
4891 52 18 142
4892 50 133 142
4893 48 226 142
4894 46 185 141
4895 44 239 141
4896 42 62 140
4897 40 144 139
4898 59 254 145
4899 57 96 144
4900 54 174 144
4901 53 6 143
4902 51 130 143
4903 49 161 142
4904 47 245 141
4905 45 254 141
4906 43 192 140
4907 60 127 146
4908 58 96 145
4909 56 24 145
4910 55 214 144
4911 52 65 143
4912 50 209 143
4913 48 245 143
4914 46 254 142
4915 61 128 146
4916 59 32 146
4917 57 4 145
4918 54 36 145
4919 53 193 144
4920 51 241 144
4921 49 253 143
4922 62 64 147
4923 60 16 147
4924 58 4 146
4925 56 1 146
4926 55 170 145
4927 52 249 144
4928 63 107 148
4929 61 91 147
4930 59 87 147
4931 57 43 146
4932 54 255 146
4933 64 107 149
4934 62 174 148
4935 60 172 148
4936 58 43 147
4937 65 232 149
4938 63 58 149
4939 61 143 148
4940 67 222 150
4941 64 58 150
4942 66 107 151
4943 68 181 152
4944 65 73 150
4945 62 165 149
4946 59 55 148
4947 56 156 147
4948 53 26 145
4949 50 13 144
4950 47 45 142
4951 44 45 142
4952 41 136 140
4953 38 68 139
4954 35 97 137
4955 32 177 136
4956 29 59 135
4957 26 158 134
4958 23 112 132
4959 20 56 131
4960 17 95 129
4961 0 15 130
4962 13 176 129
4963 69 146 153
4964 67 149 151
4965 63 55 150
4966 60 156 149
4967 57 26 147
4968 55 89 146
4969 51 90 145
4970 48 45 144
4971 45 136 142
4972 42 68 141
4973 39 194 140
4974 37 181 138
4975 33 59 137
4976 30 158 136
4977 27 112 134
4978 25 190 133
4979 21 190 132
4980 18 95 131
4981 70 73 153
4982 66 11 152
4983 64 55 151
4984 61 52 149
4985 58 26 148
4986 54 69 147
4987 52 45 145
4988 49 15 144
4989 46 136 143
4990 43 194 141
4991 40 97 140
4992 36 241 139
4993 34 59 138
4994 31 224 136
4995 28 112 135
4996 24 145 134
4997 71 110 154
4998 68 55 153
4999 65 52 151
5000 62 26 150
5001 59 180 149
5002 56 90 148
5003 53 15 146
5004 50 136 145
5005 47 194 143
5006 44 194 143
5007 41 118 141
5008 38 59 140
5009 35 224 138
5010 32 112 137
5011 72 55 155
5012 69 104 154
5013 67 204 152
5014 63 180 151
5015 60 90 150
5016 57 15 148
5017 55 116 147
5018 51 131 146
5019 48 194 145
5020 45 118 143
5021 42 59 142
5022 39 191 141
5023 73 104 155
5024 70 52 154
5025 66 196 153
5026 64 180 152
5027 61 30 150
5028 58 15 149
5029 54 3 148
5030 52 194 146
5031 49 236 145
5032 46 118 144
5033 74 104 157
5034 71 103 155
5035 68 180 154
5036 65 30 152
5037 62 15 151
5038 59 5 150
5039 56 131 149
5040 53 236 147
5041 75 103 157
5042 72 180 156
5043 69 60 155
5044 67 247 153
5045 63 5 152
5046 60 131 151
5047 76 103 158
5048 73 60 156
5049 70 30 155
5050 66 15 154
5051 77 60 158
5052 74 60 158
5053 1 56 130
5054 2 205 130
5055 3 91 130
5056 4 74 130
5057 5 226 130
5058 0 198 131
5059 0 198 132
5060 0 198 133
5061 0 198 134
5062 0 198 135
5063 0 198 136
5064 0 198 137
5065 0 198 138
5066 0 198 139
5067 6 238 130
5068 7 4 130
5069 8 211 130
5070 9 209 130
5071 10 134 130
5072 11 121 130
5073 12 254 130
5074 1 201 131
5075 1 201 132
5076 1 201 133
5077 1 201 134
5078 1 201 135
5079 1 201 136
5080 13 206 130
5081 14 36 130
5082 15 181 130
5083 16 13 130
5084 17 56 130
5085 2 61 131
5086 3 125 131
5087 4 69 131
5088 5 103 131
5089 19 226 131
5090 2 169 132
5091 2 169 133
5092 6 89 131
5093 7 7 131
5094 8 81 131
5095 9 79 131
5096 10 77 131
5097 11 74 131
5098 12 142 131
5099 13 79 131
5100 14 238 131
5101 15 15 131
5102 3 82 132
5103 16 228 131
5104 17 166 131
5105 4 90 132
5106 5 174 132
5107 6 64 132
5108 7 62 132
5109 8 61 132
5110 9 94 132
5111 10 199 132
5112 11 94 132
5113 12 187 132
5114 13 127 132
5115 14 103 132
5116 15 225 132
5117 16 138 132
5118 17 169 132
5119 18 233 132
5120 19 103 132
5121 20 152 132
5122 22 213 132
5123 3 211 133
5124 4 120 133
5125 5 202 133
5126 6 195 133
5127 7 3 133
5128 8 247 133
5129 9 68 133
5130 10 112 133
5131 11 203 133
5132 12 157 133
5133 13 204 133
5134 14 178 133
5135 15 114 133
5136 16 139 133
5137 17 116 133
5138 18 50 133
5139 19 237 133
5140 20 193 133
5141 21 185 133
5142 22 237 133
5143 23 239 133
5144 2 22 134
5145 3 17 134
5146 4 89 134
5147 5 48 134
5148 6 161 134
5149 7 27 134
5150 8 109 134
5151 9 130 134
5152 10 159 134
5153 11 99 134
5154 12 162 134
5155 13 149 134
5156 14 39 134
5157 15 104 134
5158 16 203 134
5159 17 119 134
5160 18 38 134
5161 19 54 134
5162 20 147 134
5163 21 250 134
5164 22 239 134
5165 23 218 134
5166 25 41 134
5167 2 249 135
5168 3 130 135
5169 4 20 135
5170 5 21 135
5171 6 192 135
5172 7 44 135
5173 8 64 135
5174 9 45 135
5175 10 207 135
5176 11 199 135
5177 12 23 135
5178 13 69 135
5179 14 245 135
5180 15 188 135
5181 16 94 135
5182 17 229 135
5183 18 145 135
5184 19 142 135
5185 20 165 135
5186 21 162 135
5187 22 249 135
5188 23 232 135
5189 24 22 135
5190 25 140 135
5191 26 17 135
5192 27 130 135
5193 2 250 136
5194 3 135 136
5195 4 161 136
5196 5 83 136
5197 6 194 136
5198 7 216 136
5199 8 16 136
5200 9 235 136
5201 10 238 136
5202 11 60 136
5203 12 138 136
5204 13 54 136
5205 14 115 136
5206 15 154 136
5207 16 129 136
5208 17 172 136
5209 18 57 136
5210 19 182 136
5211 20 206 136
5212 21 248 136
5213 22 103 136
5214 23 105 136
5215 24 227 136
5216 25 235 136
5217 26 168 136
5218 27 166 136
5219 28 92 136
5220 29 204 136
5221 1 7 137
5222 2 152 137
5223 3 173 137
5224 4 39 137
5225 5 127 137
5226 6 96 137
5227 7 91 137
5228 8 218 137
5229 9 13 137
5230 10 141 137
5231 11 151 137
5232 12 9 137
5233 13 201 137
5234 14 180 137
5235 15 248 137
5236 16 102 137
5237 17 173 137
5238 18 223 137
5239 19 155 137
5240 20 2 137
5241 21 254 137
5242 22 243 137
5243 23 13 137
5244 24 71 137
5245 25 48 137
5246 26 28 137
5247 27 201 137
5248 28 68 137
5249 29 125 137
5250 30 38 137
5251 31 218 137
5252 1 215 138
5253 2 21 138
5254 3 3 138
5255 4 238 138
5256 5 50 138
5257 6 126 138
5258 7 3 138
5259 8 228 138
5260 9 212 138
5261 10 222 138
5262 11 69 138
5263 12 227 138
5264 13 122 138
5265 14 219 138
5266 15 204 138
5267 16 201 138
5268 17 8 138
5269 18 106 138
5270 19 141 138
5271 20 249 138
5272 21 59 138
5273 22 133 138
5274 23 82 138
5275 24 226 138
5276 25 13 138
5277 26 224 138
5278 27 60 138
5279 28 156 138
5280 29 185 138
5281 30 114 138
5282 31 209 138
5283 32 105 138
5284 33 136 138
5285 1 164 139
5286 2 143 139
5287 3 218 139
5288 4 215 139
5289 5 213 139
5290 6 165 139
5291 7 228 139
5292 8 230 139
5293 9 132 139
5294 10 153 139
5295 11 22 139
5296 12 105 139
5297 13 140 139
5298 14 50 139
5299 15 6 139
5300 16 222 139
5301 17 166 139
5302 18 174 139
5303 19 43 139
5304 20 206 139
5305 21 151 139
5306 22 57 139
5307 23 61 139
5308 24 132 139
5309 25 49 139
5310 26 122 139
5311 27 42 139
5312 28 174 139
5313 29 41 139
5314 30 149 139
5315 31 233 139
5316 32 10 139
5317 33 205 139
5318 34 168 139
5319 35 29 139
5320 37 125 139
5321 0 57 140
5322 1 15 140
5323 2 31 140
5324 3 167 140
5325 4 14 140
5326 5 163 140
5327 6 171 140
5328 7 50 140
5329 8 164 140
5330 9 67 140
5331 10 160 140
5332 11 174 140
5333 12 38 140
5334 13 90 140
5335 14 33 140
5336 15 226 140
5337 16 216 140
5338 17 6 140
5339 18 13 140
5340 19 206 140
5341 20 242 140
5342 21 113 140
5343 22 65 140
5344 23 181 140
5345 24 232 140
5346 25 184 140
5347 26 236 140
5348 27 176 140
5349 28 53 140
5350 29 122 140
5351 30 195 140
5352 31 192 140
5353 32 6 140
5354 33 60 140
5355 34 49 140
5356 35 115 140
5357 36 134 140
5358 37 249 140
5359 0 73 141
5360 1 147 141
5361 2 172 141
5362 3 126 141
5363 4 48 141
5364 5 58 141
5365 6 129 141
5366 7 27 141
5367 8 230 141
5368 9 204 141
5369 10 10 141
5370 11 253 141
5371 12 26 141
5372 13 197 141
5373 14 120 141
5374 15 3 141
5375 16 64 141
5376 17 71 141
5377 18 33 141
5378 19 63 141
5379 20 114 141
5380 21 109 141
5381 22 205 141
5382 23 107 141
5383 24 139 141
5384 25 150 141
5385 26 70 141
5386 27 254 141
5387 28 116 141
5388 30 86 141
5389 29 230 141
5390 31 183 141
5391 32 133 141
5392 33 228 141
5393 34 154 141
5394 35 1 141
5395 36 160 141
5396 37 104 141
5397 38 85 141
5398 40 232 141
5399 0 165 142
5400 1 116 142
5401 2 152 142
5402 3 202 142
5403 4 206 142
5404 5 76 142
5405 6 105 142
5406 7 163 142
5407 8 147 142
5408 9 46 142
5409 10 122 142
5410 11 160 142
5411 12 228 142
5412 13 159 142
5413 14 239 142
5414 15 141 142
5415 16 50 142
5416 17 90 142
5417 18 34 142
5418 19 144 142
5419 20 243 142
5420 21 63 142
5421 22 146 142
5422 23 236 142
5423 24 15 142
5424 25 80 142
5425 26 42 142
5426 27 23 142
5427 28 219 142
5428 29 2 142
5429 30 31 142
5430 31 2 142
5431 32 74 142
5432 33 224 142
5433 34 137 142
5434 35 220 142
5435 36 178 142
5436 37 41 142
5437 38 138 142
5438 39 9 142
5439 40 161 142
5440 41 134 142
5441 43 51 142
5442 0 175 143
5443 1 98 143
5444 2 96 143
5445 3 148 143
5446 4 94 143
5447 5 183 143
5448 6 77 143
5449 7 138 143
5450 8 187 143
5451 9 91 143
5452 10 138 143
5453 11 242 143
5454 12 27 143
5455 13 180 143
5456 14 33 143
5457 15 197 143
5458 16 234 143
5459 17 250 143
5460 18 53 143
5461 19 45 143
5462 20 69 143
5463 21 51 143
5464 22 78 143
5465 23 132 143
5466 24 148 143
5467 25 111 143
5468 26 17 143
5469 27 9 143
5470 28 252 143
5471 29 132 143
5472 30 236 143
5473 31 106 143
5474 32 138 143
5475 33 170 143
5476 34 161 143
5477 35 1 143
5478 36 13 143
5479 37 155 143
5480 38 31 143
5481 39 193 143
5482 40 216 143
5483 41 85 143
5484 42 209 143
5485 43 242 143
5486 0 48 144
5487 1 76 144
5488 2 153 144
5489 3 9 144
5490 4 212 144
5491 5 140 144
5492 6 111 144
5493 7 95 144
5494 8 252 144
5495 9 160 144
5496 10 48 144
5497 11 19 144
5498 12 162 144
5499 13 205 144
5500 14 235 144
5501 15 151 144
5502 16 154 144
5503 17 130 144
5504 18 19 144
5505 19 14 144
5506 20 127 144
5507 21 2 144
5508 22 160 144
5509 23 7 144
5510 24 157 144
5511 25 226 144
5512 26 140 144
5513 27 226 144
5514 28 116 144
5515 29 118 144
5516 30 253 144
5517 31 117 144
5518 32 135 144
5519 44 161 144
5520 33 243 144
5521 39 91 144
5522 38 50 144
5523 34 5 144
5524 35 103 144
5525 36 146 144
5526 37 216 144
5527 40 151 144
5528 45 249 144
5529 42 75 144
5530 41 235 144
5531 43 211 144
5532 47 255 144
5533 0 19 145
5534 1 38 145
5535 2 141 145
5536 3 186 145
5537 44 49 145
5538 4 156 145
5539 39 92 145
5540 38 194 145
5541 5 113 145
5542 34 148 145
5543 46 184 145
5544 45 154 145
5545 42 193 145
5546 41 38 145
5547 40 20 145
5548 36 55 145
5549 48 171 146
5550 47 164 145
5551 44 149 146
5552 43 140 145
5553 39 118 146
5554 49 182 146
5555 46 228 146
5556 45 248 146
5557 42 146 146
5558 50 232 146
5559 48 242 147
5560 47 243 146
5561 51 58 147
5562 49 223 147
5563 52 181 147
5564 53 49 148
5565 50 204 147
5566 46 191 147
5567 44 68 147
5568 41 97 146
5569 38 236 146
5570 35 125 145
5571 32 169 145
5572 6 156 145
5573 7 252 145
5574 8 74 145
5575 9 13 145
5576 10 145 145
5577 11 119 145
5578 12 19 145
5579 13 157 145
5580 14 55 145
5581 15 143 145
5582 16 153 145
5583 17 14 145
5584 18 220 145
5585 19 246 145
5586 20 8 145
5587 21 226 145
5588 22 38 145
5589 23 121 145
5590 24 255 145
5591 25 105 145
5592 55 115 148
5593 51 51 148
5594 48 34 148
5595 45 177 147
5596 43 48 146
5597 40 98 146
5598 37 36 145
5599 33 235 145
5600 30 71 145
5601 26 94 145
5602 27 184 145
5603 28 124 145
5604 29 34 145
5605 31 115 145
5606 0 88 146
5607 1 114 146
5608 2 82 146
5609 3 229 146
5610 4 55 146
5611 5 212 146
5612 6 86 146
5613 7 210 146
5614 8 201 146
5615 9 33 146
5616 10 234 146
5617 11 232 146
5618 12 85 146
5619 54 32 149
5620 52 137 148
5621 49 197 148
5622 47 123 147
5623 42 202 147
5624 39 12 147
5625 36 194 146
5626 34 246 146
5627 13 249 146
5628 14 62 146
5629 15 71 146
5630 16 154 146
5631 17 241 146
5632 18 155 146
5633 19 256 146
5634 20 153 146
5635 21 243 146
5636 22 134 146
5637 23 218 146
5638 24 167 146
5639 25 45 146
5640 26 222 146
5641 27 80 146
5642 28 180 146
5643 29 28 146
5644 30 28 146
5645 57 1 149
5646 53 227 149
5647 50 237 148
5648 46 180 148
5649 44 79 148
5650 41 56 147
5651 38 123 147
5652 35 149 146
5653 32 185 146
5654 31 2 146
5655 33 256 146
5656 37 161 146
5657 0 105 147
5658 1 218 147
5659 2 239 147
5660 3 231 147
5661 4 201 147
5662 5 45 147
5663 6 39 147
5664 7 62 147
5665 8 26 147
5666 9 253 147
5667 10 113 147
5668 11 60 147
5669 12 85 147
5670 56 127 150
5671 55 256 149
5672 51 252 149
5673 48 168 149
5674 45 28 148
5675 43 47 147
5676 40 171 147
5677 13 75 147
5678 14 157 147
5679 15 1 147
5680 16 11 147
5681 17 92 147
5682 18 181 147
5683 19 71 147
5684 20 109 147
5685 21 158 147
5686 22 79 147
5687 23 71 147
5688 24 217 147
5689 25 21 147
5690 26 96 147
5691 27 135 147
5692 28 187 147
5693 29 161 147
5694 58 121 150
5695 54 166 150
5696 52 42 149
5697 49 21 149
5698 47 233 148
5699 42 202 148
5700 39 15 148
5701 36 140 147
5702 34 248 147
5703 30 210 147
5704 31 156 147
5705 32 13 147
5706 33 160 147
5707 35 183 147
5708 37 100 147
5709 0 91 148
5710 1 81 148
5711 2 9 148
5712 3 193 148
5713 4 103 148
5714 5 192 148
5715 6 66 148
5716 7 69 148
5717 59 223 151
5718 57 246 150
5719 53 139 150
5720 50 7 149
5721 46 197 149
5722 44 88 149
5723 41 186 148
5724 38 124 148
5725 8 189 148
5726 9 23 148
5727 10 165 148
5728 11 170 148
5729 12 74 148
5730 13 234 148
5731 14 199 148
5732 15 161 148
5733 16 208 148
5734 17 125 148
5735 18 44 148
5736 19 190 148
5737 20 187 148
5738 21 235 148
5739 61 35 151
5740 56 106 151
5741 55 189 150
5742 51 66 150
5743 48 44 150
5744 45 93 149
5745 43 100 148
5746 40 142 148
5747 22 18 148
5748 23 110 148
5749 24 250 148
5750 25 214 148
5751 26 223 148
5752 27 196 148
5753 28 198 148
5754 29 99 148
5755 30 32 148
5756 31 200 148
5757 32 237 148
5758 33 50 148
5759 34 176 148
5760 60 239 152
5761 58 99 151
5762 54 149 151
5763 52 11 150
5764 49 134 150
5765 47 163 149
5766 42 89 149
5767 39 4 149
5768 36 106 148
5769 35 50 148
5770 37 247 148
5771 0 250 149
5772 1 182 149
5773 2 112 149
5774 3 207 149
5775 4 193 149
5776 5 95 149
5777 6 64 149
5778 7 17 149
5779 8 26 149
5780 62 178 152
5781 59 89 152
5782 57 147 151
5783 53 67 151
5784 50 216 150
5785 46 242 150
5786 44 72 150
5787 41 12 149
5788 38 8 149
5789 9 252 149
5790 10 62 149
5791 11 248 149
5792 12 105 149
5793 13 217 149
5794 14 159 149
5795 15 60 149
5796 16 99 149
5797 17 166 149
5798 18 51 149
5799 63 173 153
5800 61 169 152
5801 56 50 152
5802 55 191 151
5803 51 54 151
5804 48 36 151
5805 45 6 150
5806 43 232 149
5807 40 154 149
5808 19 207 149
5809 20 184 149
5810 21 175 149
5811 22 53 149
5812 23 198 149
5813 24 110 149
5814 25 145 149
5815 26 164 149
5816 27 89 149
5817 64 215 153
5818 60 168 153
5819 58 81 152
5820 54 113 152
5821 52 9 151
5822 49 133 151
5823 47 115 150
5824 42 144 150
5825 39 89 150
5826 36 60 149
5827 34 200 149
5828 29 78 149
5829 28 45 149
5830 30 196 149
5831 31 119 149
5832 32 51 149
5833 33 70 149
5834 65 125 153
5835 62 169 153
5836 59 213 153
5837 57 61 152
5838 53 195 152
5839 50 130 151
5840 46 100 151
5841 44 129 151
5842 41 150 150
5843 38 100 150
5844 35 188 149
5845 37 181 149
5846 0 43 150
5847 1 109 150
5848 2 219 150
5849 3 33 150
5850 67 128 154
5851 63 235 154
5852 61 234 153
5853 56 148 153
5854 55 237 152
5855 51 161 152
5856 48 193 152
5857 45 75 151
5858 43 198 150
5859 40 38 150
5860 4 250 150
5861 5 137 150
5862 6 125 150
5863 7 46 150
5864 8 146 150
5865 66 167 155
5866 64 246 154
5867 60 26 154
5868 58 113 153
5869 54 23 153
5870 52 241 152
5871 49 249 152
5872 47 215 151
5873 42 173 151
5874 39 57 151
5875 36 215 150
5876 34 187 150
5877 9 91 150
5878 10 82 150
5879 68 123 155
5880 65 149 154
5881 62 185 154
5882 59 221 154
5883 57 80 153
5884 53 253 153
5885 50 83 152
5886 46 20 152
5887 44 199 152
5888 41 76 151
5889 38 222 151
5890 35 37 150
5891 32 196 150
5892 69 95 156
5893 67 225 155
5894 63 239 155
5895 61 68 154
5896 56 205 154
5897 55 175 153
5898 51 85 153
5899 48 228 153
5900 45 38 152
5901 43 54 151
5902 40 146 151
5903 36 37 151
5904 70 230 156
5905 66 224 156
5906 64 248 155
5907 60 98 155
5908 58 256 154
5909 54 140 154
5910 52 57 153
5911 49 157 153
5912 47 192 152
5913 42 191 152
5914 39 101 152
5915 71 186 156
5916 68 124 156
5917 65 192 155
5918 62 128 155
5919 59 64 155
5920 57 243 154
5921 53 207 154
5922 50 138 153
5923 46 240 153
5924 44 46 153
5925 72 62 157
5926 69 31 157
5927 67 17 156
5928 63 32 156
5929 61 218 155
5930 56 242 155
5931 55 47 154
5932 51 163 154
5933 48 23 154
5934 73 72 157
5935 70 48 157
5936 66 212 157
5937 64 16 156
5938 60 82 156
5939 58 116 155
5940 54 232 155
5941 52 70 154
5942 75 65 158
5943 71 12 157
5944 68 8 157
5945 65 87 156
5946 62 58 156
5947 59 29 156
5948 56 105 156
5949 74 195 159
5950 72 4 158
5951 69 2 158
5952 67 28 157
5953 63 143 157
5954 61 222 156
5955 76 3 159
5956 73 129 158
5957 70 86 158
5958 66 240 158
5959 64 200 157
5960 77 193 159
5961 75 128 159
5962 71 150 158
5963 68 100 158
5964 78 193 160
5965 74 75 160
5966 72 50 159
5967 79 249 160
5968 76 166 160
5969 80 83 161
5970 11 182 150
5971 12 75 150
5972 13 68 150
5973 14 164 150
5974 15 154 150
5975 16 74 150
5976 17 137 150
5977 18 220 150
5978 19 34 150
5979 20 154 150
5980 21 152 150
5981 22 14 150
5982 23 255 150
5983 24 115 150
5984 25 208 150
5985 26 72 150
5986 27 255 150
5987 28 188 150
5988 29 27 150
5989 30 22 150
5990 31 61 150
5991 33 148 150
5992 37 4 150
5993 0 159 151
5994 1 205 151
5995 2 24 151
5996 3 12 151
5997 4 192 151
5998 5 19 151
5999 6 215 151
6000 7 116 151
6001 8 51 151
6002 9 185 151
6003 10 252 151
6004 11 235 151
6005 12 133 151
6006 13 72 151
6007 14 188 151
6008 15 240 151
6009 16 129 151
6010 17 144 151
6011 18 232 151
6012 19 83 151
6013 20 27 151
6014 21 196 151
6015 22 148 151
6016 23 246 151
6017 24 206 151
6018 25 250 151
6019 26 58 151
6020 27 116 151
6021 28 218 151
6022 29 247 151
6023 30 161 151
6024 31 165 151
6025 32 183 151
6026 33 234 151
6027 34 86 151
6028 35 109 151
6029 37 176 151
6030 0 149 152
6031 1 19 152
6032 2 4 152
6033 3 142 152
6034 4 132 152
6035 5 87 152
6036 6 74 152
6037 7 59 152
6038 8 157 152
6039 9 192 152
6040 10 27 152
6041 11 171 152
6042 12 205 152
6043 13 65 152
6044 14 180 152
6045 15 210 152
6046 16 162 152
6047 17 143 152
6048 18 8 152
6049 19 28 152
6050 20 228 152
6051 21 221 152
6052 22 15 152
6053 23 180 152
6054 24 173 152
6055 25 176 152
6056 26 215 152
6057 27 56 152
6058 28 77 152
6059 29 68 152
6060 30 89 152
6061 31 57 152
6062 32 181 152
6063 33 95 152
6064 34 161 152
6065 35 154 152
6066 36 35 152
6067 37 65 152
6068 38 122 152
6069 40 10 152
6070 41 97 152
6071 43 129 152
6072 0 12 153
6073 1 61 153
6074 2 211 153
6075 3 159 153
6076 4 87 153
6077 5 171 153
6078 6 143 153
6079 7 83 153
6080 8 78 153
6081 9 219 153
6082 10 166 153
6083 11 77 153
6084 12 2 153
6085 13 255 153
6086 14 122 153
6087 15 78 153
6088 16 158 153
6089 17 151 153
6090 18 47 153
6091 19 39 153
6092 20 28 153
6093 21 233 153
6094 22 17 153
6095 24 250 153
6096 23 243 153
6097 25 24 153
6098 26 145 153
6099 27 239 153
6100 28 89 153
6101 29 155 153
6102 30 94 153
6103 31 54 153
6104 32 13 153
6105 33 256 153
6106 34 173 153
6107 35 79 153
6108 36 179 153
6109 37 245 153
6110 38 149 153
6111 39 92 153
6112 40 66 153
6113 41 59 153
6114 42 143 153
6115 43 237 153
6116 45 102 153
6117 47 162 153
6118 0 93 154
6119 1 124 154
6120 2 206 154
6121 3 248 154
6122 4 143 154
6123 5 148 154
6124 6 177 154
6125 7 225 154
6126 8 49 154
6127 9 236 154
6128 10 207 154
6129 11 143 154
6130 12 154 154
6131 13 52 154
6132 14 116 154
6133 15 219 154
6134 16 170 154
6135 17 116 154
6136 18 149 154
6137 19 56 154
6138 20 66 154
6139 21 210 154
6140 22 241 154
6141 23 225 154
6142 24 133 154
6143 25 137 154
6144 26 192 154
6145 27 228 154
6146 28 138 154
6147 29 223 154
6148 30 39 154
6149 31 210 154
6150 32 122 154
6151 33 217 154
6152 34 169 154
6153 35 104 154
6154 36 243 154
6155 37 117 154
6156 38 82 154
6157 39 161 154
6158 40 203 154
6159 41 85 154
6160 42 121 154
6161 43 9 154
6162 44 131 154
6163 45 102 154
6164 46 191 154
6165 47 69 154
6166 49 43 154
6167 50 180 154
6168 0 111 155
6169 1 194 155
6170 2 191 155
6171 3 50 155
6172 4 15 155
6173 5 207 155
6174 6 170 155
6175 8 203 155
6176 7 27 155
6177 9 13 155
6178 10 93 155
6179 11 179 155
6180 12 149 155
6181 13 161 155
6182 14 185 155
6183 15 217 155
6184 16 130 155
6185 17 186 155
6186 18 112 155
6187 19 13 155
6188 20 235 155
6189 21 90 155
6190 22 184 155
6191 23 95 155
6192 24 79 155
6193 25 29 155
6194 26 155 155
6195 27 68 155
6196 28 48 155
6197 29 130 155
6198 30 131 155
6199 31 184 155
6200 32 231 155
6201 33 13 155
6202 34 252 155
6203 35 64 155
6204 36 132 155
6205 37 177 155
6206 38 44 155
6207 39 212 155
6208 40 21 155
6209 41 136 155
6210 42 207 155
6211 43 59 155
6212 44 101 155
6213 45 21 155
6214 46 49 155
6215 47 55 155
6216 48 240 155
6217 49 197 155
6218 50 1 155
6219 51 7 155
6220 52 109 155
6221 53 106 155
6222 55 250 155
6223 57 214 155
6224 0 36 156
6225 1 162 156
6226 2 139 156
6227 3 7 156
6228 4 17 156
6229 5 64 156
6230 6 39 156
6231 7 253 156
6232 8 191 156
6233 9 21 156
6234 10 74 156
6235 11 143 156
6236 12 22 156
6237 13 31 156
6238 14 104 156
6239 15 175 156
6240 16 171 156
6241 17 243 156
6242 18 100 156
6243 19 66 156
6244 20 39 156
6245 21 109 156
6246 22 217 156
6247 23 150 156
6248 24 148 156
6249 25 172 156
6250 26 98 156
6251 27 156 156
6252 28 46 156
6253 30 34 156
6254 29 89 156
6255 31 21 156
6256 32 134 156
6257 33 203 156
6258 34 170 156
6259 35 98 156
6260 36 47 156
6261 37 105 156
6262 38 98 156
6263 39 157 156
6264 40 11 156
6265 41 223 156
6266 42 61 156
6267 43 111 156
6268 44 235 156
6269 45 9 156
6270 46 109 156
6271 47 231 156
6272 48 237 156
6273 49 117 156
6274 50 218 156
6275 51 80 156
6276 52 172 156
6277 53 10 156
6278 54 224 156
6279 55 228 156
6280 57 60 156
6281 58 249 156
6282 0 137 157
6283 1 132 157
6284 2 165 157
6285 3 71 157
6286 4 1 157
6287 5 187 157
6288 6 173 157
6289 7 221 157
6290 8 235 157
6291 9 230 157
6292 10 256 157
6293 11 180 157
6294 12 48 157
6295 13 202 157
6296 14 229 157
6297 15 53 157
6298 16 124 157
6299 17 161 157
6300 18 98 157
6301 19 117 157
6302 20 144 157
6303 21 88 157
6304 22 234 157
6305 23 124 157
6306 24 33 157
6307 25 230 157
6308 26 3 157
6309 27 7 157
6310 28 235 157
6311 29 182 157
6312 30 184 157
6313 31 202 157
6314 32 213 157
6315 33 166 157
6316 34 40 157
6317 35 55 157
6318 36 177 157
6319 37 21 157
6320 38 181 157
6321 39 144 157
6322 40 248 157
6323 41 113 157
6324 42 107 157
6325 43 120 157
6326 44 68 157
6327 45 254 157
6328 46 236 157
6329 47 223 157
6330 48 107 157
6331 49 27 157
6332 50 246 157
6333 51 167 157
6334 52 188 157
6335 53 18 157
6336 54 93 157
6337 55 120 157
6338 56 171 157
6339 57 150 157
6340 58 132 157
6341 59 4 157
6342 60 109 157
6343 61 86 157
6344 62 182 157
6345 65 248 157
6346 0 102 158
6347 1 100 158
6348 2 18 158
6349 3 93 158
6350 4 73 158
6351 5 103 158
6352 6 191 158
6353 7 215 158
6354 8 245 158
6355 9 41 158
6356 10 186 158
6357 11 208 158
6358 12 25 158
6359 13 28 158
6360 14 80 158
6361 15 40 158
6362 16 96 158
6363 17 125 158
6364 18 66 158
6365 19 24 158
6366 20 220 158
6367 21 196 158
6368 22 18 158
6369 23 36 158
6370 24 3 158
6371 25 77 158
6372 26 175 158
6373 27 9 158
6374 28 231 158
6375 29 186 158
6376 30 229 158
6377 31 165 158
6378 32 140 158
6379 33 148 158
6380 34 227 158
6381 35 223 158
6382 36 191 158
6383 37 70 158
6384 38 142 158
6385 39 78 158
6386 40 86 158
6387 41 53 158
6388 42 82 158
6389 43 127 158
6390 44 73 158
6391 45 89 158
6392 46 7 158
6393 47 75 158
6394 48 46 158
6395 49 52 158
6396 50 133 158
6397 51 178 158
6398 52 46 158
6399 53 248 158
6400 54 91 158
6401 55 230 158
6402 56 83 158
6403 57 164 158
6404 58 175 158
6405 59 64 158
6406 60 143 158
6407 61 14 158
6408 62 123 158
6409 63 62 158
6410 64 7 158
6411 65 70 158
6412 67 130 158
6413 0 122 159
6414 1 148 159
6415 2 69 159
6416 3 31 159
6417 4 249 159
6418 5 251 159
6419 6 195 159
6420 7 71 159
6421 8 109 159
6422 9 9 159
6423 10 63 159
6424 11 127 159
6425 12 249 159
6426 13 35 159
6427 14 6 159
6428 15 95 159
6429 16 191 159
6430 17 12 159
6431 18 26 159
6432 19 75 159
6433 20 131 159
6434 21 48 159
6435 22 225 159
6436 23 246 159
6437 24 44 159
6438 25 239 159
6439 26 188 159
6440 27 144 159
6441 28 248 159
6442 29 117 159
6443 30 238 159
6444 31 254 159
6445 32 15 159
6446 33 110 159
6447 34 82 159
6448 35 29 159
6449 36 49 159
6450 37 160 159
6451 38 217 159
6452 39 78 159
6453 40 225 159
6454 41 54 159
6455 42 237 159
6456 43 254 159
6457 44 46 159
6458 0 137 160
6459 45 10 159
6460 0 217 161
6461 46 163 159
6462 47 70 159
6463 48 52 159
6464 49 14 159
6465 50 45 159
6466 51 69 159
6467 52 197 159
6468 53 168 159
6469 54 133 159
6470 55 116 159
6471 56 17 159
6472 57 224 159
6473 58 110 159
6474 59 36 159
6475 60 79 159
6476 61 183 159
6477 62 80 159
6478 63 95 159
6479 64 78 159
6480 65 250 159
6481 66 101 159
6482 67 154 159
6483 68 193 159
6484 69 184 159
6485 70 186 159
6486 71 84 159
6487 73 205 159
6488 1 80 160
6489 2 34 160
6490 3 18 160
6491 4 65 160
6492 5 46 160
6493 6 182 160
6494 75 89 160
6495 77 206 160
6496 7 231 160
6497 8 187 160
6498 9 188 160
6499 10 111 160
6500 11 184 160
6501 12 216 160
6502 13 200 160
6503 14 137 160
6504 15 211 160
6505 16 207 160
6506 17 182 160
6507 18 173 160
6508 19 239 160
6509 20 223 160
6510 21 157 160
6511 22 156 160
6512 23 42 160
6513 24 115 160
6514 25 115 160
6515 26 124 160
6516 27 234 160
6517 28 256 160
6518 29 168 160
6519 30 41 160
6520 31 247 160
6521 32 35 160
6522 33 102 160
6523 34 167 160
6524 35 71 160
6525 36 117 160
6526 37 153 160
6527 38 120 160
6528 39 142 160
6529 40 205 160
6530 41 46 160
6531 42 69 160
6532 43 209 160
6533 44 15 160
6534 45 81 160
6535 46 116 160
6536 47 92 160
6537 48 1 160
6538 49 15 160
6539 50 153 160
6540 51 53 160
6541 52 30 160
6542 53 97 160
6543 54 239 160
6544 55 43 160
6545 56 182 160
6546 57 5 160
6547 58 77 160
6548 59 116 160
6549 60 157 160
6550 61 234 160
6551 62 35 160
6552 63 205 160
6553 64 212 160
6554 65 117 160
6555 66 51 160
6556 67 167 160
6557 68 31 160
6558 69 162 160
6559 70 85 160
6560 71 63 160
6561 72 189 160
6562 73 154 160
6563 1 233 161
6564 2 153 161
6565 3 85 161
6566 4 165 161
6567 5 229 161
6568 6 236 161
6569 7 154 161
6570 8 15 161
6571 9 194 161
6572 10 177 161
6573 11 75 161
6574 12 68 161
6575 13 10 161
6576 14 21 161
6577 15 47 161
6578 16 181 161
6579 17 144 161
6580 18 47 161
6581 19 198 161
6582 20 185 161
6583 21 170 161
6584 22 163 161
6585 23 77 161
6586 24 93 161
6587 25 25 161
6588 26 212 161
6589 27 138 161
6590 28 26 161
6591 29 225 161
6592 30 155 161
6593 31 187 161
6594 32 113 161
6595 33 244 161
6596 34 73 161
6597 35 47 161
6598 36 72 161
6599 37 29 161
6600 38 213 161
6601 39 145 161
6602 40 155 161
6603 41 180 161
6604 42 77 161
6605 43 227 161
6606 44 13 161
6607 45 10 161
6608 46 248 161
6609 47 67 161
6610 48 34 161
6611 49 19 161
6612 50 222 161
6613 51 197 161
6614 52 93 161
6615 53 197 161
6616 54 125 161
6617 55 194 161
6618 56 102 161
6619 57 133 161
6620 58 91 161
6621 59 84 161
6622 60 133 161
6623 61 60 161
6624 62 64 161
6625 63 171 161
6626 64 245 161
6627 65 76 161
6628 66 84 161
6629 67 11 161
6630 68 194 161
6631 69 72 161
6632 70 15 161
6633 71 169 161
6634 72 145 161
6635 73 48 161
6636 74 41 161
6637 75 64 161
6638 76 184 161
6639 77 35 161
6640 78 35 161
6641 79 187 161
6642 0 253 162
6643 1 28 162
6644 2 59 162
6645 3 215 162
6646 4 21 162
6647 5 244 162
6648 6 143 162
6649 7 206 162
6650 8 28 162
6651 9 33 162
6652 10 233 162
6653 11 136 162
6654 12 54 162
6655 13 54 162
6656 14 40 162
6657 15 89 162
6658 16 192 162
6659 17 5 162
6660 18 198 162
6661 19 212 162
6662 20 241 162
6663 21 245 162
6664 22 81 162
6665 23 124 162
6666 24 10 162
6667 25 78 162
6668 26 47 162
6669 27 28 162
6670 28 232 162
6671 29 30 162
6672 30 120 162
6673 31 36 162
6674 32 130 162
6675 33 14 162
6676 34 63 162
6677 35 103 162
6678 36 53 162
6679 37 100 162
6680 38 208 162
6681 39 130 162
6682 40 250 162
6683 41 98 162
6684 42 161 162
6685 43 71 162
6686 44 92 162
6687 45 237 162
6688 46 115 162
6689 47 102 162
6690 48 31 162
6691 49 187 162
6692 50 167 162
6693 51 106 162
6694 52 120 162
6695 53 100 162
6696 54 122 162
6697 55 95 162
6698 56 40 162
6699 57 221 162
6700 58 18 162
6701 59 52 162
6702 60 77 162
6703 61 98 162
6704 62 20 162
6705 63 140 162
6706 64 93 162
6707 65 214 162
6708 66 189 162
6709 67 234 162
6710 68 173 162
6711 69 223 162
6712 70 107 162
6713 71 167 162
6714 72 69 162
6715 73 178 162
6716 74 71 162
6717 75 20 162
6718 76 132 162
6719 77 227 162
6720 78 163 162
6721 79 187 162
6722 80 94 162
6723 81 194 162
6724 0 213 163
6725 1 177 163
6726 2 130 163
6727 3 28 163
6728 4 223 163
6729 5 36 163
6730 6 107 163
6731 7 3 163
6732 8 104 163
6733 9 11 163
6734 10 203 163
6735 11 204 163
6736 12 179 163
6737 13 193 163
6738 14 90 163
6739 15 13 163
6740 16 210 163
6741 17 52 163
6742 18 137 163
6743 19 46 163
6744 20 197 163
6745 21 219 163
6746 22 30 163
6747 23 191 163
6748 24 32 163
6749 25 6 163
6750 26 198 163
6751 27 122 163
6752 28 25 163
6753 29 47 163
6754 30 45 163
6755 31 92 163
6756 32 221 163
6757 33 201 163
6758 34 93 163
6759 35 36 163
6760 36 144 163
6761 37 79 163
6762 38 174 163
6763 39 134 163
6764 40 233 163
6765 41 61 163
6766 42 135 163
6767 43 9 163
6768 44 215 163
6769 45 196 163
6770 46 225 163
6771 47 180 163
6772 48 12 163
6773 49 10 163
6774 50 44 163
6775 51 83 163
6776 52 112 163
6777 53 121 163
6778 54 210 163
6779 55 39 163
6780 56 102 163
6781 57 10 163
6782 58 196 163
6783 59 252 163
6784 60 133 163
weights 164 164 164 164 164 164 164 164 164 164 164 164 164 164 164 164 164 164 164 164 164 164 164 164 164 164 164 164 164 164 164 164 164 164 164 164 164 164 164 164 164 164 164 164 164 164 164 164 164 164 164 164 164 164 164 164 164 164 164 164 164 163 163 163 163 163 163 163 163 163 163 163 163 163 163 163 163 163 163 163 163 163
