39 0 0 1426 20 19 17 17 5 14 13 12 11 10 15 3 8 10 11 10 6 8 11 9 5
39 0 0 1441 20 19 17 17 5 15 10 14 11 10 15 3 7 13 8 11 6 8 11 9 5
39 0 0 1443 20 19 18 10 11 13 15 11 11 12 10 6 9 12 5 13 7 10 9 8 5
39 0 0 1440 20 19 18 11 10 13 15 11 10 14 8 7 8 12 7 12 7 7 12 8 5
39 0 0 1432 20 19 18 11 10 13 15 11 11 11 11 6 9 9 10 11 5 13 6 10 5
39 0 0 1438 20 19 18 11 10 14 12 13 11 11 11 6 8 12 7 12 5 13 6 10 5
39 0 0 1440 20 19 18 12 9 12 19 8 11 12 10 6 10 8 9 12 7 8 11 8 5
39 0 0 1427 20 19 18 12 9 13 15 11 10 12 13 4 8 10 9 12 7 7 7 13 5
39 0 0 1422 20 19 18 12 9 13 15 11 10 13 9 7 8 9 12 10 5 10 9 10 5
39 0 0 1427 20 19 18 12 9 13 16 10 11 12 10 6 9 11 6 13 7 8 11 8 5
39 0 0 1442 20 19 18 12 9 15 10 14 10 15 7 7 7 14 9 9 7 8 11 8 5
39 0 0 1442 20 19 18 12 9 15 10 14 11 12 10 6 8 11 12 8 5 14 5 10 5
39 0 0 1434 20 19 18 13 8 13 15 11 9 14 11 5 7 10 11 11 7 4 10 13 5
39 0 0 1444 20 19 18 13 8 13 16 10 10 14 8 7 8 11 8 12 7 5 14 8 5
39 0 0 1442 20 19 18 13 8 13 16 10 11 10 15 3 9 9 8 13 7 8 6 13 5
39 0 0 1418 20 19 18 13 8 13 16 10 11 11 11 6 9 8 11 11 5 11 8 10 5
39 0 0 1434 20 19 18 13 8 13 16 10 11 11 11 6 9 9 8 13 7 5 14 8 5
39 0 0 1435 20 19 18 13 8 13 16 10 12 8 14 5 10 6 11 12 5 11 8 10 5
39 0 0 1439 20 19 18 13 8 14 13 12 10 13 12 4 8 10 11 10 8 6 8 7 10
39 0 0 1424 20 19 18 13 8 14 13 12 12 8 14 5 9 9 8 13 5 11 8 10 5
39 0 0 1430 20 19 18 13 8 15 10 14 10 13 12 4 7 12 11 9 7 8 6 13 5
39 0 0 1431 20 19 18 14 7 13 16 10 10 12 13 4 8 9 10 12 7 5 9 13 5
39 0 0 1428 20 19 18 14 7 13 16 10 10 13 9 7 8 8 13 10 5 8 11 10 5
39 0 0 1435 20 19 18 14 7 13 17 9 11 12 10 6 9 10 7 13 7 6 13 8 5
39 0 0 1436 20 19 18 14 7 13 17 9 12 9 13 5 10 7 10 12 5 12 7 10 5
39 0 0 1438 20 19 18 14 7 14 14 11 10 15 7 7 8 10 13 8 7 6 13 8 5
39 0 0 1434 20 19 18 14 7 14 14 11 11 11 14 3 8 12 7 12 7 6 13 8 5
39 0 0 1440 20 19 18 14 7 14 14 11 11 12 10 6 9 7 16 7 5 12 7 10 5
39 0 0 1426 20 19 18 14 7 14 14 11 12 9 13 5 9 10 7 13 5 12 7 10 5
39 0 0 1440 20 19 18 14 7 15 11 13 10 15 7 7 7 13 10 9 7 6 13 8 5
39 0 0 1422 20 19 18 14 7 15 11 13 11 12 10 6 8 10 13 8 5 12 7 10 5
39 0 0 1428 20 19 18 15 6 13 17 9 11 11 11 6 9 7 12 11 5 9 10 10 5
39 0 0 1438 20 19 18 15 6 14 14 11 10 13 12 4 8 8 15 8 7 6 8 13 5
39 0 0 1428 20 19 18 15 6 15 11 13 10 13 12 4 7 11 12 9 7 6 8 13 5
39 0 0 1432 20 19 18 15 6 15 11 13 11 10 15 3 7 12 9 11 5 9 10 10 5
39 0 0 1426 20 19 18 16 5 15 12 12 11 12 10 6 8 9 14 8 5 10 9 10 5
39 0 0 1443 20 19 19 10 10 14 13 12 10 13 9 7 7 11 10 11 4 11 8 11 5
39 0 0 1434 20 19 19 11 9 14 14 11 11 11 11 6 8 10 9 12 4 12 7 11 5
39 0 0 1444 20 19 19 11 9 14 14 11 11 11 11 6 8 11 6 14 6 6 13 9 5
39 0 0 1443 20 19 19 12 8 14 14 11 10 12 13 4 7 11 8 13 6 6 8 14 5
39 0 0 1444 20 19 19 12 8 14 15 10 11 12 10 6 8 12 5 14 6 7 12 9 5
39 0 0 1440 20 19 19 12 8 15 12 12 10 15 7 7 7 12 11 9 6 7 12 9 5
39 0 0 1444 20 19 19 12 8 15 12 12 11 12 10 6 8 9 14 8 4 13 6 11 5
39 0 0 1425 20 19 19 13 7 14 15 10 11 11 11 6 8 9 10 12 4 10 9 11 5
39 0 0 1440 20 19 19 13 7 14 15 10 12 8 14 5 9 7 10 13 4 10 9 11 5
39 0 0 1442 20 19 19 13 7 14 16 9 12 10 12 5 9 9 10 11 4 11 13 6 5
39 0 0 1438 20 19 19 13 7 15 12 12 10 13 12 4 7 10 13 9 6 7 7 14 5
39 0 0 1442 20 19 19 13 7 15 13 11 12 10 12 5 8 12 7 12 4 11 13 6 5
39 0 0 1442 20 19 19 14 6 14 16 9 12 9 13 5 9 8 9 13 4 11 8 11 5
39 0 0 1440 20 19 19 14 6 15 13 11 11 12 10 6 8 8 15 8 4 11 8 11 5
39 0 0 1442 21 18 14 19 6 12 13 14 10 11 16 2 9 11 9 10 11 5 8 10 5
39 0 0 1440 21 18 15 14 10 10 18 11 9 14 10 6 10 7 13 9 10 7 6 11 5
39 0 0 1433 21 18 15 14 10 12 13 14 9 16 8 6 9 12 10 8 12 5 8 9 5
39 0 0 1438 21 18 15 14 10 12 13 14 10 13 11 5 10 9 13 7 10 11 2 11 5
39 0 0 1442 21 18 15 15 9 10 19 10 10 12 12 5 11 6 12 10 10 8 5 11 5
39 0 0 1442 21 18 15 15 9 11 15 13 9 13 11 6 9 8 12 10 9 8 5 7 10
39 0 0 1424 21 18 15 16 8 12 14 13 10 13 11 5 10 8 14 7 10 9 4 11 5
39 0 0 1430 21 18 15 17 7 12 14 13 10 11 16 2 9 10 10 10 10 6 7 11 5
39 0 0 1431 21 18 16 13 10 11 17 11 10 12 12 5 10 8 10 11 9 9 4 12 5
39 0 0 1443 21 18 16 13 10 11 17 11 11 9 15 4 10 9 7 13 7 12 6 9 5
39 0 0 1413 21 18 16 14 9 11 17 11 10 11 13 5 9 9 9 12 7 9 9 9 5
39 0 0 1434 21 18 16 14 9 12 15 12 9 16 8 6 9 10 12 8 11 4 9 10 5
39 0 0 1443 21 18 16 14 9 12 15 12 10 13 11 5 10 7 15 7 9 10 3 12 5
39 0 0 1421 21 18 16 14 9 13 12 14 10 13 11 5 8 14 6 11 9 7 11 7 5
39 0 0 1421 21 18 16 14 9 13 12 14 11 10 14 4 9 11 9 10 7 13 5 9 5
39 0 0 1434 21 18 16 15 8 11 18 10 11 9 15 4 10 8 8 13 7 10 8 9 5
39 0 0 1436 21 18 16 15 8 13 12 14 10 11 16 2 8 12 8 11 9 7 6 12 5
39 0 0 1424 21 18 16 16 7 11 18 10 10 11 13 5 9 8 10 12 7 7 11 9 5
39 0 0 1420 21 18 16 16 7 12 16 11 10 13 11 5 9 10 10 10 9 5 13 7 5
39 0 0 1422 21 18 16 16 7 12 16 11 11 10 14 4 10 7 13 9 7 11 7 9 5
39 0 0 1424 21 18 16 16 7 13 13 13 10 13 11 5 8 13 7 11 9 5 13 7 5
39 0 0 1406 21 18 16 16 7 13 13 13 11 10 14 4 9 10 10 10 7 11 7 9 5
39 0 0 1427 21 18 16 17 6 12 16 11 10 12 12 5 9 7 15 8 7 8 10 9 5
39 0 0 1439 21 18 16 17 6 13 13 13 10 11 16 2 8 11 9 11 9 5 8 12 5
39 0 0 1426 21 18 16 17 6 14 11 14 10 14 10 5 8 12 12 7 9 6 12 7 5
39 0 0 1436 21 18 16 17 6 14 11 14 11 11 13 4 9 9 15 6 7 12 6 9 5
39 0 0 1441 21 18 16 17 6 15 8 16 11 11 13 4 8 12 12 7 7 12 6 9 5
39 0 0 1442 21 18 16 18 5 12 17 10 11 10 14 4 10 6 14 9 7 9 9 9 5
39 0 0 1415 21 18 16 18 5 13 14 12 11 10 14 4 9 9 11 10 7 9 9 9 5
39 0 0 1425 21 18 17 12 10 12 15 12 10 11 13 5 8 11 7 13 6 10 8 10 5
39 0 0 1436 21 18 17 12 10 13 13 13 9 16 8 6 8 12 10 9 10 5 8 11 5
39 0 0 1441 21 18 17 13 9 12 16 11 11 9 15 4 9 10 6 14 6 11 7 10 5
