1643 113 102 436 436 436 436 468 468 474 481
1646 113 103 36 444 444 468 468 468 472 481
1650 113 114 453 429 429 429 474 474 474 474
1670 115 104 436 436 444 468 468 468 468 480
1672 115 112 436 436 436 436 445 445 501 503
1679 115 92 36 36 36 436 436 468 470 503
1699 117 95 36 429 429 429 429 468 468 474
1701 117 95 36 436 436 436 468 468 469 474
1702 117 107 36 437 437 469 469 469 469 474
1704 117 96 36 36 444 444 444 468 468 501
1708 117 106 36 319 429 468 468 468 474 474
1709 117 106 36 436 436 437 474 474 474 474
1713 117 113 36 429 429 468 478 474 481 481
1726 118 116 436 444 468 468 468 470 485 481
1734 120 119 436 436 468 468 479 485 474 474
1742 121 110 95 429 468 468 468 468 468 470
1744 121 115 436 436 436 436 468 472 481 503
1751 121 104 36 36 429 468 468 478 474 481
1769 122 109 36 436 468 468 468 468 473 485
1775 123 107 36 36 436 436 468 473 481 502
1785 125 102 36 444 429 468 468 468 468 478
1787 125 108 36 436 436 436 436 444 501 503
1788 125 119 36 437 469 469 471 471 479 491
1790 125 116 36 444 444 444 444 468 502 503
1794 125 95 36 36 36 468 468 468 478 474
1795 125 104 36 36 36 469 469 479 474 491
1799 125 117 36 444 468 468 468 481 481 481
1814 127 100 436 436 429 429 468 468 468 468
1816 127 104 436 436 436 436 436 468 469 501
1817 127 116 437 437 469 469 469 469 469 469
1819 127 112 436 436 444 444 468 468 472 502
1820 127 120 436 436 436 445 445 471 502 502
1823 127 109 436 436 429 429 468 474 474 474
1824 127 115 436 436 437 469 469 474 474 474
1825 127 100 36 36 36 436 436 444 502 502
1826 127 121 436 436 464 474 474 474 474 474
1828 127 118 436 436 468 468 468 478 481 481
1829 127 126 436 469 469 469 469 479 481 481
1831 127 127 436 436 478 474 474 474 481 481
1834 127 122 436 468 468 468 468 469 485 485
1840 128 120 36 436 436 468 469 485 481 502
1842 129 110 36 36 468 468 468 472 481 481
1849 130 129 436 444 444 444 468 485 501 503
1856 131 111 36 436 468 468 468 468 479 481
1857 131 119 36 469 469 469 469 469 479 481
1859 131 120 36 436 468 479 474 474 474 481
1862 132 113 36 36 436 436 436 485 501 502
1865 133 115 444 444 468 468 468 468 470 481
1867 133 123 436 436 436 436 446 481 501 502
1870 133 131 444 444 444 444 472 481 502 502
1874 133 103 36 36 36 444 468 468 481 501
1875 133 113 36 36 36 471 471 481 491 491
1892 134 130 436 468 468 468 485 474 481 481
1899 135 104 36 36 436 436 468 468 468 503
1900 135 113 36 36 469 469 469 469 479 491
1901 135 120 36 36 436 436 473 473 502 503
1902 135 113 36 36 436 436 474 474 474 503
1903 135 121 36 36 436 469 481 481 481 501
1907 137 108 36 444 468 468 468 468 468 473
1908 137 116 36 436 436 436 436 473 502 502
1909 137 124 36 444 444 444 470 473 502 502
1910 137 96 36 36 36 36 468 468 470 502
1911 137 130 36 444 468 468 473 481 481 503
1914 138 123 36 468 468 468 469 485 474 481
1915 138 135 36 437 469 485 474 481 491 491
1921 139 126 436 436 444 468 468 481 481 502
1922 139 134 469 469 469 471 471 471 481 481
1924 139 114 36 36 36 469 469 481 481 501
1927 140 133 36 436 436 469 473 485 502 503
1929 141 125 429 429 468 468 478 474 474 481
1930 141 129 436 436 436 469 474 474 481 503
1931 141 123 36 36 444 444 468 481 502 503
1932 141 135 218 468 474 474 474 474 474 481
1933 141 140 429 468 474 474 481 481 481 481
1937 142 121 436 468 468 468 468 468 472 485
1939 142 129 436 436 436 436 469 485 502 502
1942 142 137 436 444 444 468 473 485 502 502
1946 142 116 36 36 436 468 468 485 474 501
1947 142 129 36 36 437 485 474 491 491 491
1949 142 126 36 36 485 474 474 474 474 491
1964 143 119 36 436 436 468 468 472 481 502
1965 143 128 36 469 469 471 471 471 481 491
1966 143 135 36 436 445 473 473 481 502 502
1967 143 108 36 36 36 36 469 481 491 501
1972 145 116 429 429 468 468 468 468 470 478
1974 145 120 436 436 436 468 468 468 471 503
1975 145 128 469 469 469 469 469 469 471 479
1977 145 128 444 444 444 444 468 468 501 503
1978 145 136 436 436 436 445 446 502 502 503
1979 145 144 444 444 444 446 473 502 502 503
1981 145 116 36 429 468 468 468 478 474 474
1982 145 122 36 436 436 469 469 474 474 503
1983 145 116 36 36 36 444 468 472 502 503
1984 145 125 36 429 478 474 474 474 474 474
1986 145 131 429 468 468 468 470 481 481 481
1987 145 137 436 436 469 469 481 481 481 502
1988 145 145 444 444 444 481 481 481 502 502
1989 145 131 36 468 468 474 474 481 481 481
1992 145 139 468 468 468 468 468 485 485 497
1998 146 136 36 436 444 468 485 481 501 503
2000 147 112 36 36 436 436 444 468 501 502
2001 147 122 36 36 469 471 471 471 491 491
2002 147 128 36 36 445 445 446 501 502 502
2003 147 102 36 36 36 36 36 491 491 501
2007 148 132 436 436 468 468 469 485 481 501
2008 148 144 437 469 469 469 485 481 491 491
2009 148 148 436 445 469 473 485 481 502 502
2010 148 141 469 469 469 485 474 474 474 481
2014 149 122 36 468 468 468 468 470 481 481
2015 149 130 36 436 469 469 469 481 481 502
2016 149 138 36 444 444 472 481 481 502 502
2017 149 125 36 36 468 474 474 481 481 489
2020 150 129 36 36 436 468 470 485 502 503
2022 151 139 436 436 444 468 473 481 502 503
2023 151 147 471 471 471 471 471 471 481 503
2025 151 127 36 36 36 471 471 481 502 503
2029 152 125 36 436 436 436 468 485 501 501
2030 152 138 36 437 469 469 485 491 491 491
2031 152 141 36 436 445 445 485 502 502 502
2032 152 135 36 469 469 485 474 474 474 491
