39 0 0 1441 14 25 17 15 7 15 13 11 13 10 9 7 11 7 10 11 8 8 7 11 5
39 0 0 1444 15 24 15 17 7 13 15 11 13 8 13 5 12 7 7 13 10 7 7 10 5
39 0 0 1442 15 24 15 18 6 13 15 11 12 10 11 6 11 7 9 12 10 4 10 10 5
39 0 0 1440 15 24 16 16 7 13 16 10 12 10 11 6 11 6 10 12 9 5 9 11 5
39 0 0 1433 15 24 17 14 8 14 14 11 12 10 11 6 10 8 8 13 8 6 8 12 5
39 0 0 1443 15 24 18 15 6 16 11 12 12 11 10 6 9 8 12 10 7 6 8 13 5
39 0 0 1438 16 23 16 14 9 14 12 13 12 11 9 7 11 7 12 9 9 10 3 12 5
39 0 0 1431 16 23 16 16 7 14 13 12 12 11 9 7 10 10 7 12 9 5 13 7 5
39 0 0 1421 16 23 16 16 7 14 13 12 13 8 12 6 11 7 10 11 7 11 7 9 5
39 0 0 1434 16 23 16 17 6 14 13 12 12 9 14 4 10 8 9 12 9 5 8 12 5
39 0 0 1434 16 23 16 18 5 14 14 11 13 8 12 6 11 6 11 11 7 9 9 9 5
39 0 0 1436 16 23 17 14 8 13 16 10 12 9 11 7 10 7 8 14 6 8 10 10 5
39 0 0 1440 16 23 17 14 8 15 11 13 12 11 9 7 9 12 5 13 8 6 12 8 5
39 0 0 1432 16 23 17 14 8 15 11 13 13 8 12 6 10 9 8 12 6 12 6 10 5
39 0 0 1441 16 23 17 15 7 15 11 13 12 9 14 4 9 10 7 13 8 6 7 13 5
39 0 0 1441 16 23 17 16 6 14 15 10 13 8 12 6 11 5 12 11 6 10 8 10 5
39 0 0 1426 16 23 17 16 6 15 12 12 13 8 12 6 10 8 9 12 6 10 8 10 5
39 0 0 1439 16 23 18 13 8 14 15 10 11 12 11 5 9 8 11 11 7 7 6 14 5
39 0 0 1438 16 23 18 13 8 15 12 12 11 12 11 5 8 11 8 12 7 7 6 14 5
39 0 0 1432 16 23 18 13 8 15 13 11 11 14 9 5 9 10 11 9 9 5 8 12 5
39 0 0 1444 16 23 18 13 8 16 10 13 11 14 9 5 8 13 8 10 9 5 8 12 5
39 0 0 1441 16 23 18 14 7 15 13 11 12 11 9 7 9 10 7 13 7 5 13 9 5
39 0 0 1437 16 23 18 14 7 15 13 11 13 8 12 6 10 7 10 12 5 11 7 11 5
39 0 0 1440 16 23 18 15 6 15 13 11 11 12 11 5 8 10 9 12 7 5 8 14 5
39 0 0 1433 16 23 18 15 6 15 13 11 12 10 10 7 9 7 12 11 5 8 10 11 5
39 0 0 1441 16 23 19 13 7 16 12 11 12 11 12 4 8 12 7 12 6 7 11 10 5
39 0 0 1432 17 22 14 16 9 12 14 13 12 9 13 5 12 7 9 11 11 9 3 11 5
39 0 0 1439 17 22 15 16 8 12 16 11 11 12 10 6 11 8 8 12 12 2 10 10 5
39 0 0 1440 17 22 15 16 8 12 16 11 12 9 13 5 12 5 11 11 10 8 4 12 5
39 0 0 1438 17 22 15 19 5 14 12 13 12 10 12 5 10 10 8 11 10 4 13 7 5
39 0 0 1440 17 22 15 19 5 14 12 13 13 7 15 4 11 7 11 10 8 10 7 9 5
39 0 0 1436 17 22 16 13 10 12 17 10 12 11 8 8 12 6 10 11 9 9 8 8 5
39 0 0 1421 17 22 16 13 10 13 14 12 12 11 8 8 11 9 7 12 9 9 8 8 5
39 0 0 1440 17 22 16 14 9 12 17 10 11 12 10 6 11 7 9 12 11 3 9 11 5
39 0 0 1436 17 22 16 14 9 13 14 12 12 9 13 5 11 7 9 12 9 9 3 13 5
39 0 0 1444 17 22 16 15 8 12 18 9 12 11 8 8 12 5 11 11 9 7 10 8 5
39 0 0 1428 17 22 16 15 8 13 15 11 11 12 13 3 10 10 8 11 11 4 8 11 5
39 0 0 1442 17 22 16 15 8 14 12 13 11 12 13 3 9 13 5 12 11 4 8 11 5
39 0 0 1427 17 22 16 16 7 14 12 13 11 11 14 3 9 10 10 10 9 7 5 13 5
39 0 0 1428 17 22 16 17 6 13 15 11 12 8 14 5 10 7 9 13 7 7 10 10 5
39 0 0 1434 17 22 16 17 6 15 10 14 12 10 12 5 9 12 6 12 9 5 12 8 5
39 0 0 1438 17 22 16 17 6 15 10 14 13 7 15 4 10 9 9 11 7 11 6 10 5
39 0 0 1439 17 22 16 18 5 14 13 12 11 11 14 3 9 9 11 10 9 5 7 13 5
39 0 0 1438 17 22 17 11 11 13 15 11 12 11 8 8 11 8 8 12 8 10 7 9 5
39 0 0 1438 17 22 17 12 10 13 15 11 11 12 10 6 10 9 7 13 10 4 8 12 5
39 0 0 1427 17 22 17 13 9 13 16 10 12 11 8 8 11 7 9 12 8 8 9 9 5
39 0 0 1438 17 22 17 13 9 14 13 12 11 12 13 3 9 12 6 12 10 5 7 12 5
39 0 0 1441 17 22 17 14 8 13 15 11 10 12 13 4 8 10 8 13 8 4 8 14 5
39 0 0 1444 17 22 17 14 8 14 13 12 13 7 12 7 10 8 8 13 4 14 8 8 5
39 0 0 1440 17 22 17 15 7 13 17 9 12 11 8 8 11 6 10 12 8 6 11 9 5
39 0 0 1440 17 22 17 15 7 14 14 11 11 12 13 3 9 11 7 12 10 3 9 12 5
39 0 0 1443 17 22 17 15 7 15 11 13 11 13 9 6 9 10 10 10 9 7 5 8 10
39 0 0 1441 17 22 17 16 6 14 14 11 11 11 14 3 9 8 12 10 8 6 6 14 5
39 0 0 1437 17 22 17 16 6 14 15 10 13 9 10 7 11 6 12 10 6 10 12 6 5
39 0 0 1441 17 22 17 16 6 15 11 13 11 11 14 3 8 11 9 11 8 6 6 14 5
39 0 0 1424 17 22 17 16 6 15 12 12 13 9 10 7 10 9 9 11 6 10 12 6 5
39 0 0 1441 17 22 17 17 5 14 15 10 12 10 12 5 10 7 11 11 8 4 13 9 5
39 0 0 1436 17 22 17 17 5 15 12 12 12 10 12 5 9 10 8 12 8 4 13 9 5
39 0 0 1444 17 22 17 17 5 15 12 12 13 7 15 4 10 7 11 11 6 10 7 11 5
39 0 0 1441 17 22 17 18 4 15 12 12 12 9 13 5 9 7 13 10 6 7 10 11 5
39 0 0 1437 17 22 18 11 10 14 14 11 12 11 8 8 10 9 7 13 7 9 8 10 5
39 0 0 1443 17 22 18 13 8 14 15 10 11 12 13 3 9 10 8 12 9 4 8 13 5
39 0 0 1443 17 22 18 14 7 15 12 12 11 12 10 6 8 10 10 11 6 8 9 6 10
39 0 0 1426 17 22 18 14 7 15 13 11 13 9 10 7 10 8 10 11 5 11 11 7 5
39 0 0 1436 17 22 18 14 7 16 10 13 13 9 10 7 9 11 7 12 5 11 11 7 5
39 0 0 1426 17 22 18 15 6 15 13 11 12 10 12 5 9 9 9 12 7 5 12 10 5
39 0 0 1444 17 22 18 15 6 16 10 13 12 10 12 5 8 12 6 13 7 5 12 10 5
39 0 0 1443 17 22 18 16 5 15 14 10 13 9 10 7 10 7 11 11 5 9 13 7 5
39 0 0 1442 17 22 18 16 5 16 11 12 13 9 10 7 9 10 8 12 5 9 13 7 5
39 0 0 1430 17 22 19 11 9 15 13 11 11 13 9 6 8 11 9 11 6 8 9 11 5
39 0 0 1441 17 22 19 12 8 14 17 8 12 11 11 5 10 7 11 11 6 9 8 11 5
39 0 0 1426 17 22 19 12 8 15 14 10 12 11 11 5 9 10 8 12 6 9 8 11 5
39 0 0 1442 17 22 19 12 8 16 11 12 13 9 10 7 9 10 8 12 4 12 10 8 5
39 0 0 1431 17 22 19 13 7 15 14 10 11 13 9 6 8 10 10 11 6 6 11 11 5
39 0 0 1444 17 22 19 13 7 16 11 12 11 13 9 6 7 13 7 12 6 6 11 11 5
39 0 0 1438 17 22 19 13 7 16 11 12 12 10 12 5 8 11 7 13 6 6 11 11 5
39 0 0 1431 17 22 19 14 6 15 15 9 12 11 11 5 9 9 9 12 6 7 10 11 5
39 0 0 1441 17 22 19 14 6 16 11 12 11 12 10 6 7 10 12 10 4 9 8 13 5
39 0 0 1439 17 22 19 14 6 16 12 11 12 11 11 5 8 12 6 13 6 7 10 11 5
39 0 0 1440 17 22 19 14 6 16 12 11 13 9 10 7 9 9 9 12 4 10 12 8 5
39 0 0 1439 18 21 14 15 10 11 16 12 12 9 12 6 12 9 4 14 11 8 8 7 5
39 0 0 1439 18 21 15 15 9 11 18 10 12 9 12 6 12 7 6 14 10 7 9 8 5
39 0 0 1443 18 21 15 16 8 12 15 12 10 13 11 5 10 8 11 10 11 5 6 7 10
39 0 0 1442 18 21 15 16 8 13 12 14 10 13 11 5 9 11 8 11 11 5 6 7 10
39 0 0 1443 18 21 15 17 7 13 13 13 12 9 12 6 11 7 10 11 9 9 7 4 10
39 0 0 1440 18 21 15 18 6 13 14 12 13 7 14 5 11 9 6 13 8 9 12 5 5
39 0 0 1430 18 21 16 13 10 12 16 11 10 14 10 5 10 9 10 10 11 5 6 12 5
39 0 0 1440 18 21 16 13 10 12 16 11 12 9 12 6 11 9 4 15 9 8 8 9 5
39 0 0 1430 18 21 16 13 10 13 13 13 10 14 10 5 9 12 7 11 11 5 6 12 5
39 0 0 1430 18 21 16 14 9 13 13 13 10 13 11 5 9 9 12 9 9 8 3 14 5
39 0 0 1438 18 21 16 14 9 13 13 13 10 13 11 5 9 10 9 11 10 6 5 8 10
39 0 0 1437 18 21 16 15 8 12 17 10 10 14 10 5 10 8 11 10 11 3 8 12 5
39 0 0 1426 18 21 16 15 8 13 14 12 10 14 10 5 9 11 8 11 11 3 8 12 5
39 0 0 1436 18 21 16 15 8 13 14 12 11 11 13 4 10 8 11 10 9 9 2 14 5
39 0 0 1444 18 21 16 15 8 13 14 12 11 11 13 4 10 9 8 12 10 7 4 8 10
39 0 0 1442 18 21 16 15 8 14 11 14 12 9 12 6 10 9 8 12 8 10 6 5 10
39 0 0 1440 18 21 16 16 7 13 14 12 10 13 11 5 9 9 10 11 10 4 7 8 10
39 0 0 1431 18 21 16 16 7 13 15 11 13 7 14 5 11 8 7 13 7 10 11 6 5
39 0 0 1436 18 21 16 16 7 14 11 14 11 11 10 7 9 9 10 11 8 7 9 5 10
39 0 0 1434 18 21 16 16 7 14 12 13 10 15 9 5 9 10 13 7 11 4 7 12 5
39 0 0 1443 18 21 16 16 7 14 12 13 13 7 14 5 10 11 4 14 7 10 11 6 5
39 0 0 1438 18 21 16 17 6 13 15 11 11 11 13 4 10 7 12 10 9 7 4 14 5
39 0 0 1443 18 21 16 17 6 13 15 11 12 9 12 6 11 4 15 9 7 10 6 11 5
39 0 0 1441 18 21 16 17 6 14 12 13 12 9 12 6 10 8 9 12 8 8 8 5 10
39 0 0 1441 18 21 16 17 6 14 12 13 13 6 15 5 10 8 9 12 5 13 8 8 5
39 0 0 1442 18 21 17 11 11 13 14 12 10 14 10 5 9 11 8 11 10 6 5 13 5
39 0 0 1437 18 21 17 12 10 12 17 10 11 11 10 7 10 8 7 14 8 6 10 10 5
39 0 0 1430 18 21 17 13 9 13 15 11 10 14 10 5 9 10 9 11 10 4 7 13 5
39 0 0 1421 18 21 17 13 9 13 15 11 11 11 13 4 9 11 6 13 8 7 9 10 5
39 0 0 1435 18 21 17 14 8 12 17 10 10 11 13 5 8 9 8 14 6 6 10 12 5
39 0 0 1443 18 21 17 14 8 13 15 11 10 13 11 5 9 8 11 11 9 5 6 9 10
39 0 0 1442 18 21 17 14 8 13 16 10 12 9 15 3 10 10 5 14 8 8 8 10 5
39 0 0 1444 18 21 17 14 8 14 12 13 10 13 11 5 7 14 5 13 8 4 12 10 5
39 0 0 1443 18 21 17 14 8 14 12 13 10 13 11 5 8 11 8 12 9 5 6 9 10
39 0 0 1422 18 21 17 14 8 14 12 13 11 10 14 4 8 11 8 12 6 10 6 12 5
39 0 0 1439 18 21 17 14 8 14 13 12 10 15 9 5 9 9 14 7 10 5 6 13 5
39 0 0 1438 18 21 17 14 8 14 13 12 13 7 14 5 10 10 5 14 6 11 10 7 5
39 0 0 1438 18 21 17 14 8 15 10 14 10 15 9 5 8 12 11 8 10 5 6 13 5
39 0 0 1442 18 21 17 15 7 13 16 10 10 14 10 5 9 9 10 11 10 2 9 13 5
39 0 0 1427 18 21 17 15 7 13 16 10 11 11 13 4 9 10 7 13 8 5 11 10 5
39 0 0 1429 18 21 17 15 7 13 16 10 11 12 9 7 10 6 13 10 8 5 11 10 5
39 0 0 1442 18 21 17 15 7 14 13 12 11 11 13 4 8 13 4 14 8 5 11 10 5
39 0 0 1439 18 21 17 15 7 14 13 12 12 9 12 6 10 7 10 12 7 9 7 6 10
39 0 0 1430 18 21 17 16 6 13 16 10 11 10 14 4 9 7 12 11 6 8 8 12 5
39 0 0 1419 18 21 17 16 6 14 13 12 11 10 14 4 8 10 9 12 6 8 8 12 5
39 0 0 1412 18 21 17 16 6 14 14 11 11 12 12 4 9 9 12 9 8 6 10 10 5
39 0 0 1441 18 21 17 16 6 14 14 11 13 7 14 5 10 9 6 14 6 9 12 7 5
39 0 0 1444 18 21 17 16 6 15 11 13 10 15 9 5 8 11 12 8 10 3 8 13 5
39 0 0 1414 18 21 17 16 6 15 11 13 11 12 12 4 8 12 9 10 8 6 10 10 5
39 0 0 1444 18 21 17 17 5 14 14 11 12 9 12 6 9 9 8 13 6 6 15 7 5
39 0 0 1434 18 21 17 17 5 15 11 13 11 11 13 4 8 9 14 8 6 9 7 12 5
39 0 0 1438 18 21 17 18 4 15 12 12 11 12 12 4 8 11 10 10 8 4 12 10 5
39 0 0 1442 18 21 18 12 9 14 14 11 12 11 7 9 10 7 12 10 5 12 9 8 5
39 0 0 1434 18 21 18 13 8 13 17 9 11 11 13 4 9 9 8 13 7 6 10 11 5
39 0 0 1443 18 21 18 13 8 14 14 11 10 14 10 5 8 11 8 12 9 3 8 14 5
39 0 0 1438 18 21 18 13 8 14 14 11 11 11 13 4 8 12 5 14 7 6 10 11 5
39 0 0 1416 18 21 18 13 8 14 14 11 11 12 9 7 9 8 11 11 7 6 10 11 5
39 0 0 1429 18 21 18 14 7 14 14 11 11 10 14 4 8 9 10 12 5 9 7 13 5
39 0 0 1443 18 21 18 14 7 14 15 10 13 7 14 5 10 8 7 14 5 10 11 8 5
39 0 0 1442 18 21 18 14 7 15 11 13 11 11 10 7 8 9 10 12 6 7 9 7 10
39 0 0 1411 18 21 18 14 7 15 12 12 11 12 12 4 8 11 10 10 7 7 9 11 5
39 0 0 1436 18 21 18 14 7 16 9 14 11 12 12 4 7 14 7 11 7 7 9 11 5
39 0 0 1431 18 21 18 15 6 14 14 11 10 12 12 5 7 9 12 11 5 6 10 13 5
39 0 0 1438 18 21 18 15 6 14 15 10 12 9 12 6 9 8 9 13 5 7 14 8 5
39 0 0 1444 18 21 18 15 6 15 12 12 11 12 9 7 8 10 9 12 6 8 8 7 10
39 0 0 1444 18 21 18 15 6 16 9 14 11 11 13 4 7 11 12 9 5 10 6 13 5
39 0 0 1442 18 21 18 16 5 14 15 10 11 10 14 4 8 8 11 12 5 7 9 13 5
39 0 0 1427 18 21 18 16 5 15 13 11 11 12 12 4 8 10 11 10 7 5 11 11 5
39 0 0 1441 18 21 18 16 5 16 10 13 11 12 12 4 7 13 8 11 7 5 11 11 5
39 0 0 1437 18 21 19 12 8 14 16 9 11 13 8 7 9 8 11 11 6 8 8 12 5
39 0 0 1437 18 21 19 12 8 16 10 13 11 12 12 4 7 13 8 11 6 8 8 12 5
39 0 0 1443 18 21 19 13 7 15 13 11 12 9 12 6 8 10 7 14 4 8 13 9 5
39 0 0 1441 18 21 19 13 7 16 11 12 11 14 7 7 8 10 13 8 6 9 7 12 5
39 0 0 1431 18 21 19 14 6 15 14 10 11 12 12 4 8 9 12 10 6 6 10 12 5
39 0 0 1434 18 21 19 14 6 16 11 12 11 12 12 4 7 12 9 11 6 6 10 12 5
39 0 0 1442 18 21 20 12 7 16 12 11 11 12 12 4 7 11 10 11 5 7 9 13 5
39 0 0 1443 18 21 20 13 6 16 13 10 12 11 10 6 8 9 12 10 3 11 10 10 5
39 0 0 1442 19 20 14 16 9 11 15 13 10 11 15 3 10 9 9 11 11 7 3 13 5
39 0 0 1437 19 20 14 18 7 12 14 13 10 13 13 3 10 10 10 9 13 3 7 11 5
39 0 0 1440 19 20 15 14 10 11 17 11 11 12 8 8 12 5 13 9 10 9 6 9 5
39 0 0 1433 19 20 15 16 8 11 18 10 12 9 11 7 12 5 11 11 8 10 10 6 5
39 0 0 1431 19 20 15 16 8 12 15 12 10 13 13 3 10 9 11 9 12 4 6 12 5
39 0 0 1432 19 20 15 16 8 13 12 14 10 13 13 3 9 12 8 10 12 4 6 12 5
39 0 0 1438 19 20 15 17 7 11 18 10 11 10 13 5 11 6 10 12 10 4 11 9 5
39 0 0 1440 19 20 15 18 6 12 16 11 11 10 16 2 10 9 9 11 10 5 10 9 5
39 0 0 1443 19 20 15 18 6 13 13 13 10 13 13 3 9 11 9 10 12 2 8 12 5
39 0 0 1444 19 20 15 18 6 13 13 13 11 10 16 2 9 12 6 12 10 5 10 9 5
39 0 0 1444 19 20 15 19 5 13 13 13 11 9 17 2 9 9 11 10 8 8 7 11 5
39 0 0 1433 19 20 15 19 5 13 14 12 12 10 10 7 11 6 14 8 8 9 11 6 5
39 0 0 1433 19 20 16 14 9 12 15 12 10 12 11 6 9 9 9 12 8 8 7 6 10
39 0 0 1415 19 20 16 14 9 12 16 11 12 9 11 7 11 7 9 12 7 11 9 7 5
39 0 0 1444 19 20 16 14 9 13 12 14 10 12 11 6 8 12 6 13 8 8 7 6 10
39 0 0 1430 19 20 16 14 9 13 13 13 10 13 13 3 9 11 9 10 11 5 5 13 5
39 0 0 1444 19 20 16 14 9 13 13 13 10 14 9 6 9 11 9 10 10 6 9 4 10
39 0 0 1444 19 20 16 15 8 12 16 11 11 10 13 5 10 8 8 13 8 9 6 6 10
39 0 0 1416 19 20 16 15 8 12 16 11 11 10 13 5 10 8 8 13 9 5 10 10 5
39 0 0 1439 19 20 16 15 8 14 10 15 10 13 10 6 8 11 11 9 8 9 6 6 10
39 0 0 1439 19 20 16 16 7 12 16 11 10 12 11 6 9 8 10 12 8 6 9 6 10
39 0 0 1423 19 20 16 16 7 12 17 10 12 9 11 7 11 6 10 12 7 9 11 7 5
39 0 0 1433 19 20 16 16 7 13 14 12 10 13 13 3 9 10 10 10 11 3 7 13 5
39 0 0 1430 19 20 16 16 7 13 14 12 11 10 16 2 9 11 7 12 9 6 9 10 5
39 0 0 1442 19 20 16 16 7 13 14 12 11 11 12 5 10 7 13 9 8 10 5 6 10
39 0 0 1435 19 20 16 16 7 14 11 14 11 11 12 5 9 10 10 10 8 10 5 6 10
39 0 0 1444 19 20 16 17 6 12 16 11 10 10 16 3 8 9 9 13 7 5 10 12 5
39 0 0 1433 19 20 16 17 6 13 15 11 12 10 10 7 11 5 15 8 7 10 10 7 5
39 0 0 1439 19 20 16 17 6 14 11 14 10 13 10 6 8 10 12 9 8 7 8 6 10
39 0 0 1437 19 20 16 18 5 13 15 11 11 11 12 5 10 6 14 9 9 4 11 10 5
39 0 0 1439 19 20 16 18 5 14 12 13 11 11 12 5 9 9 11 10 8 8 7 6 10
39 0 0 1428 19 20 17 11 11 12 16 11 10 13 10 6 9 10 8 12 8 8 7 11 5
39 0 0 1442 19 20 17 11 11 14 11 14 11 12 11 5 9 12 8 10 8 12 3 11 5
39 0 0 1430 19 20 17 12 10 12 17 10 11 11 12 5 10 9 7 13 8 9 6 11 5
39 0 0 1437 19 20 17 12 10 13 14 12 11 11 12 5 9 12 4 14 8 9 6 11 5
39 0 0 1424 19 20 17 12 10 13 14 12 12 9 11 7 10 9 7 13 6 12 8 8 5
39 0 0 1420 19 20 17 13 9 12 17 10 10 13 10 6 9 9 9 12 8 6 9 11 5
39 0 0 1427 19 20 17 13 9 13 15 11 10 15 8 6 9 11 9 10 10 4 11 9 5
39 0 0 1414 19 20 17 13 9 13 15 11 11 12 11 5 10 8 12 9 8 10 5 11 5
39 0 0 1441 19 20 17 13 9 14 12 13 10 15 8 6 8 14 6 11 10 4 11 9 5
39 0 0 1408 19 20 17 13 9 14 12 13 11 12 11 5 9 11 9 10 8 10 5 11 5
39 0 0 1438 19 20 17 14 8 12 17 10 10 12 11 6 9 6 14 10 6 9 6 13 5
39 0 0 1426 19 20 17 14 8 12 18 9 11 11 12 5 10 8 8 13 8 7 8 11 5
39 0 0 1437 19 20 17 14 8 12 18 9 12 9 11 7 11 5 11 12 6 10 10 8 5
39 0 0 1435 19 20 17 14 8 13 14 12 10 12 11 6 8 10 8 13 7 7 8 7 10
39 0 0 1438 19 20 17 14 8 13 15 11 10 13 13 3 9 9 11 10 10 4 6 14 5
39 0 0 1419 19 20 17 14 8 13 15 11 10 14 9 6 9 8 14 8 8 7 8 11 5
39 0 0 1440 19 20 17 14 8 14 12 13 10 13 13 3 8 12 8 11 10 4 6 14 5
39 0 0 1407 19 20 17 14 8 14 12 13 10 14 9 6 8 11 11 9 8 7 8 11 5
39 0 0 1440 19 20 17 14 8 14 12 13 11 11 12 5 9 9 11 10 7 11 4 7 10
39 0 0 1436 19 20 17 15 7 12 18 9 10 13 10 6 9 8 10 12 8 4 11 11 5
39 0 0 1444 19 20 17 15 7 12 18 9 11 10 13 5 10 6 10 13 8 4 11 11 5
39 0 0 1415 19 20 17 15 7 13 16 10 11 12 11 5 10 7 13 9 8 8 7 11 5
39 0 0 1436 19 20 17 15 7 14 12 13 10 13 10 6 8 9 13 9 7 8 7 7 10
39 0 0 1398 19 20 17 15 7 14 13 12 11 12 11 5 9 10 10 10 8 8 7 11 5
39 0 0 1438 19 20 17 15 7 14 13 12 11 13 7 8 9 10 10 10 8 5 15 6 5
39 0 0 1411 19 20 17 15 7 14 13 12 12 10 10 7 10 7 13 9 6 11 9 8 5
39 0 0 1440 19 20 17 16 6 13 16 10 10 14 9 6 9 7 15 8 8 5 10 11 5
39 0 0 1444 19 20 17 16 6 13 16 10 11 10 16 2 9 9 9 12 8 5 10 11 5
39 0 0 1442 19 20 17 16 6 14 13 12 11 11 12 5 9 7 15 8 6 11 4 13 5
39 0 0 1436 19 20 17 16 6 14 13 12 11 11 12 5 9 8 12 10 7 9 6 7 10
39 0 0 1411 19 20 17 16 6 14 13 12 11 11 12 5 9 8 12 10 8 5 10 11 5
39 0 0 1441 19 20 17 16 6 15 10 14 11 11 12 5 8 11 9 11 7 9 6 7 10
39 0 0 1440 19 20 17 17 5 13 17 9 11 12 11 5 10 6 14 9 8 6 9 11 5
39 0 0 1412 19 20 17 17 5 14 14 11 11 12 11 5 9 9 11 10 8 6 9 11 5
39 0 0 1429 19 20 17 17 5 14 14 11 12 10 10 7 10 6 14 9 6 9 11 8 5
39 0 0 1436 19 20 17 17 5 15 11 13 11 11 15 2 8 11 11 9 8 6 9 11 5
39 0 0 1443 19 20 18 11 10 12 18 9 10 13 10 6 9 8 10 12 7 7 8 12 5
39 0 0 1433 19 20 18 11 10 13 15 11 10 13 10 6 8 11 7 13 7 7 8 12 5
39 0 0 1437 19 20 18 11 10 13 16 10 10 15 8 6 9 10 10 10 9 5 10 10 5
39 0 0 1440 19 20 18 11 10 14 13 12 10 15 8 6 8 13 7 11 9 5 10 10 5
39 0 0 1429 19 20 18 11 10 14 13 12 11 12 11 5 9 10 10 10 7 11 4 12 5
39 0 0 1434 19 20 18 12 9 13 16 10 11 11 12 5 9 10 6 14 7 8 7 12 5
39 0 0 1431 19 20 18 12 9 13 16 10 12 9 11 7 10 7 9 13 5 11 9 9 5
39 0 0 1420 19 20 18 12 9 14 13 12 10 14 9 6 8 10 12 9 7 8 7 12 5
39 0 0 1434 19 20 18 13 8 13 16 10 11 10 13 5 9 8 8 14 7 5 10 12 5
39 0 0 1437 19 20 18 13 8 13 17 9 11 12 11 5 9 10 8 12 7 6 14 7 5
39 0 0 1439 19 20 18 13 8 13 17 9 11 12 11 5 10 6 14 9 7 9 6 12 5
39 0 0 1439 19 20 18 13 8 13 17 9 12 9 14 4 10 7 11 11 5 12 8 9 5
39 0 0 1440 19 20 18 13 8 14 14 11 10 15 8 6 8 12 8 11 9 3 12 10 5
39 0 0 1443 19 20 18 13 8 14 14 11 11 12 11 5 8 13 5 13 7 6 14 7 5
39 0 0 1411 19 20 18 13 8 14 14 11 11 12 11 5 9 9 11 10 7 9 6 12 5
39 0 0 1425 19 20 18 13 8 14 14 11 12 9 14 4 9 10 8 12 5 12 8 9 5
39 0 0 1417 19 20 18 13 8 15 11 13 11 12 11 5 8 12 8 11 7 9 6 12 5
39 0 0 1416 19 20 18 13 8 15 11 13 12 10 10 7 9 9 11 10 5 12 8 9 5
39 0 0 1440 19 20 18 14 7 13 16 10 11 9 14 5 8 8 10 13 3 11 9 11 5
39 0 0 1435 19 20 18 14 7 13 17 9 11 11 12 5 9 9 7 14 7 6 9 12 5
39 0 0 1436 19 20 18 14 7 13 17 9 12 9 11 7 10 6 10 13 5 9 11 9 5
39 0 0 1422 19 20 18 14 7 14 14 11 10 14 9 6 8 9 13 9 7 6 9 12 5
39 0 0 1410 19 20 18 14 7 14 14 11 11 11 12 5 8 10 10 11 5 9 11 9 5
39 0 0 1424 19 20 18 14 7 15 11 13 11 11 12 5 7 13 7 12 5 9 11 9 5
39 0 0 1442 19 20 18 14 7 15 11 13 11 11 12 5 8 10 10 11 6 10 5 8 10
39 0 0 1435 19 20 18 14 7 16 9 14 12 10 13 4 8 12 10 9 5 13 7 9 5
39 0 0 1417 19 20 18 15 6 14 15 10 11 12 11 5 9 8 12 10 7 7 8 12 5
39 0 0 1425 19 20 18 15 6 14 15 10 12 9 14 4 9 9 9 12 5 10 10 9 5
39 0 0 1440 19 20 18 15 6 14 15 10 12 10 10 7 10 5 15 9 5 10 10 9 5
39 0 0 1444 19 20 18 15 6 15 11 13 10 13 10 6 7 10 12 10 6 7 8 8 10
39 0 0 1434 19 20 18 15 6 15 11 13 11 10 13 5 7 10 12 10 3 12 8 11 5
39 0 0 1444 19 20 18 15 6 15 11 13 11 10 13 5 8 8 12 11 6 7 8 8 10
39 0 0 1434 19 20 18 15 6 15 12 12 12 9 14 4 8 12 6 13 5 10 10 9 5
39 0 0 1430 19 20 18 16 5 14 15 10 11 11 12 5 8 9 11 11 5 7 13 9 5
39 0 0 1433 19 20 18 16 5 15 12 12 11 11 12 5 7 12 8 12 5 7 13 9 5
39 0 0 1443 19 20 18 16 5 15 12 12 11 11 12 5 8 9 11 11 6 8 7 8 10
39 0 0 1441 19 20 18 16 5 15 13 11 11 13 10 5 8 11 11 9 7 5 15 7 5
39 0 0 1433 19 20 18 16 5 15 13 11 12 10 13 4 9 8 14 8 5 11 9 9 5
39 0 0 1429 19 20 18 16 5 16 10 13 12 10 13 4 8 11 11 9 5 11 9 9 5
39 0 0 1443 19 20 18 17 4 16 10 13 11 12 11 5 7 11 13 8 5 8 12 9 5
39 0 0 1439 19 20 19 11 9 14 15 10 11 12 11 5 9 8 12 10 6 10 5 13 5
39 0 0 1434 19 20 19 11 9 15 12 12 11 12 11 5 8 11 9 11 6 10 5 13 5
39 0 0 1442 19 20 19 12 8 14 15 10 10 14 9 6 8 8 14 9 6 7 8 13 5
39 0 0 1431 19 20 19 12 8 15 12 12 10 14 9 6 7 11 11 10 6 7 8 13 5
39 0 0 1429 19 20 19 12 8 15 12 12 11 11 12 5 7 12 8 12 4 10 10 10 5
39 0 0 1437 19 20 19 13 7 14 16 9 11 12 11 5 9 7 13 10 6 8 7 13 5
39 0 0 1441 19 20 19 13 7 14 16 9 12 9 14 4 9 8 10 12 4 11 9 10 5
39 0 0 1421 19 20 19 13 7 15 13 11 11 12 11 5 8 10 10 11 6 8 7 13 5
39 0 0 1439 19 20 19 13 7 15 13 11 12 9 14 4 8 11 7 13 4 11 9 10 5
39 0 0 1430 19 20 19 13 7 15 13 11 12 10 10 7 9 7 13 10 4 11 9 10 5
39 0 0 1438 19 20 19 14 6 14 16 9 11 11 12 5 8 8 12 11 4 8 12 10 5
39 0 0 1430 19 20 19 14 6 15 13 11 11 11 12 5 7 11 9 12 4 8 12 10 5
39 0 0 1432 19 20 19 14 6 15 13 11 11 11 12 5 8 8 12 11 6 5 10 13 5
39 0 0 1436 19 20 19 14 6 15 14 10 11 13 10 5 8 10 12 9 6 6 14 8 5
39 0 0 1441 19 20 19 14 6 16 11 12 11 13 10 5 7 13 9 10 6 6 14 8 5
39 0 0 1435 19 20 19 14 6 16 11 12 12 10 13 4 8 10 12 9 4 12 8 10 5
39 0 0 1432 19 20 19 15 5 15 14 10 11 12 11 5 8 9 11 11 6 6 9 13 5
39 0 0 1444 19 20 19 15 5 15 14 10 12 9 14 4 8 10 8 13 4 9 11 10 5
39 0 0 1441 19 20 19 15 5 16 11 12 11 12 11 5 7 10 14 8 4 9 11 10 5
39 0 0 1442 19 20 20 12 7 15 14 10 11 11 12 5 7 10 10 12 3 9 11 11 5
39 0 0 1440 19 20 20 12 7 16 12 11 11 13 10 5 7 12 10 10 5 7 13 9 5
39 0 0 1443 20 19 14 19 6 11 17 11 12 8 14 5 12 5 12 10 9 9 10 6 5
39 0 0 1444 20 19 15 14 10 10 19 10 11 10 12 6 12 5 10 12 10 8 6 10 5
39 0 0 1443 20 19 15 15 9 11 17 11 10 13 12 4 10 11 6 12 12 3 11 8 5
39 0 0 1430 20 19 15 15 9 11 17 11 11 10 15 3 11 8 9 11 10 9 5 10 5
39 0 0 1426 20 19 15 15 9 12 14 13 11 10 15 3 10 11 6 12 10 9 5 10 5
39 0 0 1415 20 19 15 16 8 11 17 11 10 12 13 4 10 8 11 10 10 6 8 10 5
39 0 0 1405 20 19 15 16 8 12 14 13 10 12 13 4 9 11 8 11 10 6 8 10 5
39 0 0 1436 20 19 15 17 7 11 18 10 11 10 15 3 11 7 10 11 10 7 7 10 5
39 0 0 1437 20 19 15 17 7 12 14 13 10 11 14 4 9 9 10 11 9 7 7 6 10
39 0 0 1421 20 19 15 17 7 12 15 12 11 10 15 3 10 10 7 12 10 7 7 10 5
39 0 0 1439 20 19 15 17 7 12 15 12 11 11 11 6 10 10 7 12 10 4 15 5 5
39 0 0 1412 20 19 15 17 7 12 15 12 12 8 14 5 11 7 10 11 8 10 9 7 5
39 0 0 1441 20 19 15 18 6 11 18 10 10 12 13 4 10 7 12 10 10 4 10 10 5
39 0 0 1439 20 19 15 18 6 12 15 12 11 9 16 3 10 8 9 12 10 4 10 10 5
39 0 0 1440 20 19 15 19 5 12 16 11 11 10 15 3 10 9 8 12 10 5 9 10 5
39 0 0 1435 20 19 15 19 5 12 16 11 12 8 14 5 11 6 11 11 8 8 11 7 5
39 0 0 1432 20 19 15 19 5 13 13 13 10 13 12 4 9 9 14 7 10 5 9 10 5
39 0 0 1442 20 19 16 13 10 11 18 10 10 13 12 4 10 10 7 12 11 4 10 9 5
39 0 0 1436 20 19 16 13 10 12 15 12 11 10 15 3 10 10 7 12 9 10 4 11 5
39 0 0 1407 20 19 16 14 9 12 15 12 10 12 13 4 9 10 9 11 9 7 7 11 5
39 0 0 1443 20 19 16 14 9 13 12 14 10 13 9 7 9 10 9 11 10 5 9 5 10
39 0 0 1439 20 19 16 14 9 13 13 13 12 10 9 8 10 11 6 12 7 11 13 3 5
39 0 0 1438 20 19 16 15 8 12 15 12 10 11 14 4 9 8 11 11 8 8 6 7 10
39 0 0 1423 20 19 16 15 8 12 16 11 11 10 15 3 10 9 8 12 9 8 6 11 5
39 0 0 1439 20 19 16 15 8 13 12 14 10 11 14 4 8 11 8 12 8 8 6 7 10
39 0 0 1444 20 19 16 15 8 13 13 13 10 14 8 7 9 11 8 11 10 6 8 5 10
39 0 0 1431 20 19 16 15 8 13 13 13 11 10 15 3 9 12 5 13 9 8 6 11 5
39 0 0 1408 20 19 16 15 8 13 13 13 12 8 14 5 10 9 8 12 7 11 8 8 5
39 0 0 1414 20 19 16 16 7 12 16 11 10 12 13 4 9 9 10 11 9 5 9 11 5
39 0 0 1433 20 19 16 16 7 12 16 11 11 9 16 3 9 10 7 13 7 8 11 8 5
39 0 0 1439 20 19 16 16 7 13 12 14 9 13 12 5 7 11 10 11 8 5 9 7 10
39 0 0 1441 20 19 16 16 7 13 13 13 11 10 12 6 10 6 13 10 8 9 5 7 10
39 0 0 1442 20 19 16 16 7 13 14 12 13 7 12 7 11 7 10 11 5 15 9 5 5
39 0 0 1434 20 19 16 17 6 12 17 10 11 10 15 3 10 8 9 12 9 6 8 11 5
39 0 0 1435 20 19 16 17 6 12 17 10 12 8 14 5 11 5 12 11 7 9 10 8 5
39 0 0 1441 20 19 16 17 6 13 13 13 10 11 14 4 8 10 9 12 8 6 8 7 10
39 0 0 1439 20 19 16 17 6 13 13 13 11 8 17 3 8 10 9 12 5 11 8 10 5
39 0 0 1427 20 19 16 17 6 13 14 12 10 13 12 4 9 8 15 7 9 6 8 11 5
39 0 0 1444 20 19 16 17 6 13 14 12 11 11 11 6 10 7 12 10 8 10 4 7 10
39 0 0 1416 20 19 16 17 6 14 11 14 10 13 12 4 8 11 12 8 9 6 8 11 5
39 0 0 1439 20 19 16 19 4 14 12 13 11 10 15 3 8 11 10 10 7 7 12 8 5
39 0 0 1426 20 19 17 12 10 13 13 13 10 12 13 4 8 12 7 12 8 8 6 12 5
39 0 0 1440 20 19 17 13 9 12 17 10 11 10 15 3 10 8 9 12 8 9 5 12 5
39 0 0 1444 20 19 17 13 9 13 13 13 10 11 14 4 8 10 9 12 7 9 5 8 10
39 0 0 1443 20 19 17 13 9 13 14 12 10 14 8 7 9 10 9 11 9 7 7 6 10
39 0 0 1437 20 19 17 13 9 13 14 12 11 10 15 3 9 11 6 13 8 9 5 12 5
39 0 0 1423 20 19 17 14 8 12 17 10 10 12 13 4 9 8 11 11 8 6 8 12 5
39 0 0 1414 20 19 17 14 8 13 14 12 10 12 13 4 8 11 8 12 8 6 8 12 5
39 0 0 1443 20 19 17 14 8 13 14 12 11 9 16 3 8 12 5 14 6 9 10 9 5
39 0 0 1437 20 19 17 14 8 13 15 11 12 10 9 8 10 9 8 12 6 10 14 4 5
39 0 0 1444 20 19 17 14 8 14 12 13 11 12 10 6 9 10 11 9 7 11 8 3 10
39 0 0 1444 20 19 17 15 7 12 17 10 9 14 11 5 8 8 13 10 8 3 11 12 5
39 0 0 1443 20 19 17 15 7 12 18 9 11 10 15 3 10 7 10 12 8 7 7 12 5
39 0 0 1438 20 19 17 15 7 13 14 12 10 11 14 4 8 9 10 12 7 7 7 8 10
39 0 0 1429 20 19 17 15 7 13 15 11 11 10 15 3 9 10 7 13 8 7 7 12 5
39 0 0 1437 20 19 17 15 7 13 15 11 11 11 11 6 9 10 7 13 8 4 15 7 5
39 0 0 1416 20 19 17 15 7 13 15 11 12 8 14 5 10 7 10 12 6 10 9 9 5
39 0 0 1442 20 19 17 15 7 13 15 11 12 9 10 8 10 6 13 10 4 13 11 6 5
39 0 0 1415 20 19 17 15 7 14 12 13 10 13 12 4 8 10 13 8 8 7 7 12 5
39 0 0 1440 20 19 17 15 7 14 12 13 10 13 12 4 8 11 10 10 9 5 9 6 10
39 0 0 1439 20 19 17 16 6 13 16 10 11 11 14 3 9 10 9 11 8 5 14 7 5
39 0 0 1440 20 19 17 16 6 14 13 12 12 8 17 2 9 10 9 11 6 11 8 9 5
39 0 0 1436 20 19 17 17 5 13 16 10 12 8 14 5 10 6 11 12 6 8 11 9 5
39 0 0 1432 20 19 17 17 5 14 13 12 10 13 12 4 8 9 14 8 8 5 9 12 5
39 0 0 1426 20 19 17 17 5 14 13 12 11 10 15 3 8 10 11 10 6 8 11 9 5
39 0 0 1441 20 19 17 17 5 15 10 14 11 10 15 3 7 13 8 11 6 8 11 9 5
39 0 0 1443 20 19 18 10 11 13 15 11 11 12 10 6 9 12 5 13 7 10 9 8 5
39 0 0 1440 20 19 18 11 10 13 15 11 10 14 8 7 8 12 7 12 7 7 12 8 5
39 0 0 1432 20 19 18 11 10 13 15 11 11 11 11 6 9 9 10 11 5 13 6 10 5
39 0 0 1438 20 19 18 11 10 14 12 13 11 11 11 6 8 12 7 12 5 13 6 10 5
39 0 0 1440 20 19 18 12 9 12 19 8 11 12 10 6 10 8 9 12 7 8 11 8 5
39 0 0 1427 20 19 18 12 9 13 15 11 10 12 13 4 8 10 9 12 7 7 7 13 5
39 0 0 1422 20 19 18 12 9 13 15 11 10 13 9 7 8 9 12 10 5 10 9 10 5
39 0 0 1427 20 19 18 12 9 13 16 10 11 12 10 6 9 11 6 13 7 8 11 8 5
39 0 0 1442 20 19 18 12 9 15 10 14 10 15 7 7 7 14 9 9 7 8 11 8 5
39 0 0 1442 20 19 18 12 9 15 10 14 11 12 10 6 8 11 12 8 5 14 5 10 5
39 0 0 1434 20 19 18 13 8 13 15 11 9 14 11 5 7 10 11 11 7 4 10 13 5
39 0 0 1444 20 19 18 13 8 13 16 10 10 14 8 7 8 11 8 12 7 5 14 8 5
39 0 0 1442 20 19 18 13 8 13 16 10 11 10 15 3 9 9 8 13 7 8 6 13 5
39 0 0 1418 20 19 18 13 8 13 16 10 11 11 11 6 9 8 11 11 5 11 8 10 5
39 0 0 1434 20 19 18 13 8 13 16 10 11 11 11 6 9 9 8 13 7 5 14 8 5
39 0 0 1435 20 19 18 13 8 13 16 10 12 8 14 5 10 6 11 12 5 11 8 10 5
39 0 0 1439 20 19 18 13 8 14 13 12 10 13 12 4 8 10 11 10 8 6 8 7 10
39 0 0 1424 20 19 18 13 8 14 13 12 12 8 14 5 9 9 8 13 5 11 8 10 5
39 0 0 1430 20 19 18 13 8 15 10 14 10 13 12 4 7 12 11 9 7 8 6 13 5
39 0 0 1431 20 19 18 14 7 13 16 10 10 12 13 4 8 9 10 12 7 5 9 13 5
39 0 0 1428 20 19 18 14 7 13 16 10 10 13 9 7 8 8 13 10 5 8 11 10 5
39 0 0 1435 20 19 18 14 7 13 17 9 11 12 10 6 9 10 7 13 7 6 13 8 5
39 0 0 1436 20 19 18 14 7 13 17 9 12 9 13 5 10 7 10 12 5 12 7 10 5
39 0 0 1438 20 19 18 14 7 14 14 11 10 15 7 7 8 10 13 8 7 6 13 8 5
39 0 0 1434 20 19 18 14 7 14 14 11 11 11 14 3 8 12 7 12 7 6 13 8 5
39 0 0 1440 20 19 18 14 7 14 14 11 11 12 10 6 9 7 16 7 5 12 7 10 5
39 0 0 1426 20 19 18 14 7 14 14 11 12 9 13 5 9 10 7 13 5 12 7 10 5
39 0 0 1440 20 19 18 14 7 15 11 13 10 15 7 7 7 13 10 9 7 6 13 8 5
39 0 0 1422 20 19 18 14 7 15 11 13 11 12 10 6 8 10 13 8 5 12 7 10 5
39 0 0 1428 20 19 18 15 6 13 17 9 11 11 11 6 9 7 12 11 5 9 10 10 5
39 0 0 1438 20 19 18 15 6 14 14 11 10 13 12 4 8 8 15 8 7 6 8 13 5
39 0 0 1428 20 19 18 15 6 15 11 13 10 13 12 4 7 11 12 9 7 6 8 13 5
39 0 0 1432 20 19 18 15 6 15 11 13 11 10 15 3 7 12 9 11 5 9 10 10 5
39 0 0 1426 20 19 18 16 5 15 12 12 11 12 10 6 8 9 14 8 5 10 9 10 5
39 0 0 1443 20 19 19 10 10 14 13 12 10 13 9 7 7 11 10 11 4 11 8 11 5
39 0 0 1434 20 19 19 11 9 14 14 11 11 11 11 6 8 10 9 12 4 12 7 11 5
39 0 0 1444 20 19 19 11 9 14 14 11 11 11 11 6 8 11 6 14 6 6 13 9 5
39 0 0 1443 20 19 19 12 8 14 14 11 10 12 13 4 7 11 8 13 6 6 8 14 5
39 0 0 1444 20 19 19 12 8 14 15 10 11 12 10 6 8 12 5 14 6 7 12 9 5
39 0 0 1440 20 19 19 12 8 15 12 12 10 15 7 7 7 12 11 9 6 7 12 9 5
39 0 0 1444 20 19 19 12 8 15 12 12 11 12 10 6 8 9 14 8 4 13 6 11 5
39 0 0 1425 20 19 19 13 7 14 15 10 11 11 11 6 8 9 10 12 4 10 9 11 5
39 0 0 1440 20 19 19 13 7 14 15 10 12 8 14 5 9 7 10 13 4 10 9 11 5
39 0 0 1442 20 19 19 13 7 14 16 9 12 10 12 5 9 9 10 11 4 11 13 6 5
39 0 0 1438 20 19 19 13 7 15 12 12 10 13 12 4 7 10 13 9 6 7 7 14 5
39 0 0 1442 20 19 19 13 7 15 13 11 12 10 12 5 8 12 7 12 4 11 13 6 5
39 0 0 1442 20 19 19 14 6 14 16 9 12 9 13 5 9 8 9 13 4 11 8 11 5
39 0 0 1440 20 19 19 14 6 15 13 11 11 12 10 6 8 8 15 8 4 11 8 11 5
39 0 0 1442 21 18 14 19 6 12 13 14 10 11 16 2 9 11 9 10 11 5 8 10 5
39 0 0 1440 21 18 15 14 10 10 18 11 9 14 10 6 10 7 13 9 10 7 6 11 5
39 0 0 1433 21 18 15 14 10 12 13 14 9 16 8 6 9 12 10 8 12 5 8 9 5
39 0 0 1438 21 18 15 14 10 12 13 14 10 13 11 5 10 9 13 7 10 11 2 11 5
39 0 0 1442 21 18 15 15 9 10 19 10 10 12 12 5 11 6 12 10 10 8 5 11 5
39 0 0 1442 21 18 15 15 9 11 15 13 9 13 11 6 9 8 12 10 9 8 5 7 10
39 0 0 1424 21 18 15 16 8 12 14 13 10 13 11 5 10 8 14 7 10 9 4 11 5
39 0 0 1430 21 18 15 17 7 12 14 13 10 11 16 2 9 10 10 10 10 6 7 11 5
39 0 0 1431 21 18 16 13 10 11 17 11 10 12 12 5 10 8 10 11 9 9 4 12 5
39 0 0 1443 21 18 16 13 10 11 17 11 11 9 15 4 10 9 7 13 7 12 6 9 5
39 0 0 1413 21 18 16 14 9 11 17 11 10 11 13 5 9 9 9 12 7 9 9 9 5
39 0 0 1434 21 18 16 14 9 12 15 12 9 16 8 6 9 10 12 8 11 4 9 10 5
39 0 0 1443 21 18 16 14 9 12 15 12 10 13 11 5 10 7 15 7 9 10 3 12 5
39 0 0 1421 21 18 16 14 9 13 12 14 10 13 11 5 8 14 6 11 9 7 11 7 5
39 0 0 1421 21 18 16 14 9 13 12 14 11 10 14 4 9 11 9 10 7 13 5 9 5
39 0 0 1434 21 18 16 15 8 11 18 10 11 9 15 4 10 8 8 13 7 10 8 9 5
39 0 0 1436 21 18 16 15 8 13 12 14 10 11 16 2 8 12 8 11 9 7 6 12 5
39 0 0 1424 21 18 16 16 7 11 18 10 10 11 13 5 9 8 10 12 7 7 11 9 5
39 0 0 1420 21 18 16 16 7 12 16 11 10 13 11 5 9 10 10 10 9 5 13 7 5
39 0 0 1422 21 18 16 16 7 12 16 11 11 10 14 4 10 7 13 9 7 11 7 9 5
39 0 0 1424 21 18 16 16 7 13 13 13 10 13 11 5 8 13 7 11 9 5 13 7 5
39 0 0 1406 21 18 16 16 7 13 13 13 11 10 14 4 9 10 10 10 7 11 7 9 5
39 0 0 1427 21 18 16 17 6 12 16 11 10 12 12 5 9 7 15 8 7 8 10 9 5
39 0 0 1439 21 18 16 17 6 13 13 13 10 11 16 2 8 11 9 11 9 5 8 12 5
39 0 0 1426 21 18 16 17 6 14 11 14 10 14 10 5 8 12 12 7 9 6 12 7 5
39 0 0 1436 21 18 16 17 6 14 11 14 11 11 13 4 9 9 15 6 7 12 6 9 5
39 0 0 1441 21 18 16 17 6 15 8 16 11 11 13 4 8 12 12 7 7 12 6 9 5
39 0 0 1442 21 18 16 18 5 12 17 10 11 10 14 4 10 6 14 9 7 9 9 9 5
39 0 0 1415 21 18 16 18 5 13 14 12 11 10 14 4 9 9 11 10 7 9 9 9 5
39 0 0 1425 21 18 17 12 10 12 15 12 10 11 13 5 8 11 7 13 6 10 8 10 5
39 0 0 1436 21 18 17 12 10 13 13 13 9 16 8 6 8 12 10 9 10 5 8 11 5
39 0 0 1441 21 18 17 13 9 12 16 11 11 9 15 4 9 10 6 14 6 11 7 10 5
39 0 0 1444 21 18 17 13 9 13 14 12 11 11 13 4 9 11 9 10 7 11 7 14 0
39 0 0 1437 21 18 17 14 8 11 19 9 10 11 13 5 9 7 11 12 6 8 10 10 5
39 0 0 1420 21 18 17 14 8 12 17 10 10 13 11 5 9 9 11 10 8 6 12 8 5
39 0 0 1444 21 18 17 14 8 12 17 10 11 10 14 4 10 6 14 9 6 12 6 10 5
39 0 0 1413 21 18 17 14 8 13 14 12 10 13 11 5 8 12 8 11 8 6 12 8 5
39 0 0 1430 21 18 17 14 8 13 14 12 10 13 11 5 9 8 14 8 8 9 4 13 5
39 0 0 1417 21 18 17 14 8 13 14 12 11 10 14 4 9 9 11 10 6 12 6 10 5
39 0 0 1424 21 18 17 14 8 14 11 14 11 10 14 4 8 12 8 11 6 12 6 10 5
39 0 0 1437 21 18 17 15 7 12 17 10 11 9 15 4 9 9 7 14 6 9 9 10 5
39 0 0 1438 21 18 17 15 7 13 14 12 10 11 16 2 8 10 10 11 8 6 7 13 5
39 0 0 1408 21 18 17 15 7 13 14 12 10 12 12 5 8 9 13 9 6 9 9 10 5
39 0 0 1444 21 18 17 15 7 13 14 12 10 12 12 5 8 10 10 11 7 7 11 4 10
39 0 0 1430 21 18 17 15 7 15 9 15 10 14 10 5 7 14 10 8 8 7 11 8 5
39 0 0 1442 21 18 17 15 7 15 9 15 11 11 13 4 8 11 13 7 6 13 5 10 5
39 0 0 1432 21 18 17 16 6 13 15 11 10 13 11 5 8 11 9 11 8 4 14 8 5
39 0 0 1418 21 18 17 16 6 13 15 11 11 10 14 4 9 8 12 10 6 10 8 10 5
39 0 0 1429 21 18 17 17 5 13 15 11 10 12 12 5 8 8 14 9 6 7 11 10 5
39 0 0 1440 21 18 17 17 5 14 13 12 10 14 10 5 8 10 14 7 8 5 13 8 5
39 0 0 1443 21 18 17 17 5 15 10 14 10 14 10 5 7 13 11 8 8 5 13 8 5
39 0 0 1437 21 18 17 17 5 15 10 14 11 11 13 4 8 10 14 7 6 11 7 10 5
39 0 0 1443 21 18 17 18 4 13 16 10 11 10 14 4 9 7 13 10 6 8 10 10 5
39 0 0 1434 21 18 18 12 9 12 17 10 10 11 13 5 8 9 9 13 5 9 9 11 5
39 0 0 1417 21 18 18 12 9 13 15 11 10 13 11 5 8 11 9 11 7 7 11 9 5
39 0 0 1443 21 18 18 12 9 13 15 11 11 10 14 4 9 8 12 10 5 13 5 11 5
39 0 0 1433 21 18 18 12 9 14 12 13 10 13 11 5 7 14 6 12 7 7 11 9 5
39 0 0 1439 21 18 18 12 9 14 12 13 11 10 14 4 8 11 9 11 5 13 5 11 5
39 0 0 1443 21 18 18 13 8 13 15 11 9 14 13 3 7 11 11 10 7 7 6 14 5
39 0 0 1416 21 18 18 13 8 14 12 13 10 12 12 5 7 11 11 10 5 10 8 11 5
39 0 0 1444 21 18 18 13 8 14 13 12 9 16 11 3 7 13 11 8 9 5 8 12 5
39 0 0 1442 21 18 18 14 7 12 18 9 10 11 13 5 8 8 10 13 5 7 11 11 5
39 0 0 1428 21 18 18 14 7 13 16 10 10 13 11 5 8 10 10 11 7 5 13 9 5
39 0 0 1436 21 18 18 14 7 13 16 10 11 10 14 4 9 7 13 10 5 11 7 11 5
39 0 0 1433 21 18 18 14 7 14 13 12 10 13 11 5 7 13 7 12 7 5 13 9 5
39 0 0 1421 21 18 18 14 7 14 13 12 11 10 14 4 8 10 10 11 5 11 7 11 5
39 0 0 1439 21 18 18 15 6 13 16 10 10 12 12 5 8 7 15 9 5 8 10 11 5
39 0 0 1444 21 18 18 15 6 14 13 12 11 9 15 4 7 11 9 12 3 11 12 8 5
39 0 0 1437 21 18 18 15 6 14 14 11 10 14 10 5 8 9 15 7 7 6 12 9 5
39 0 0 1429 21 18 18 15 6 15 11 13 10 14 10 5 7 12 12 8 7 6 12 9 5
39 0 0 1427 21 18 18 16 5 14 14 11 11 10 14 4 8 9 11 11 5 9 9 11 5
39 0 0 1441 21 18 19 10 10 14 13 12 10 13 11 5 7 13 7 12 6 8 10 10 5
39 0 0 1439 21 18 19 11 9 14 14 11 11 12 9 7 8 11 9 11 4 12 11 7 5
39 0 0 1439 21 18 19 12 8 13 17 9 10 13 11 5 8 9 11 11 6 6 12 10 5
39 0 0 1433 21 18 19 12 8 14 14 11 10 13 11 5 7 12 8 12 6 6 12 10 5
39 0 0 1443 21 18 19 12 8 14 14 11 11 10 14 4 8 9 11 11 4 12 6 12 5
39 0 0 1432 21 18 19 13 7 14 14 11 10 12 12 5 7 9 13 10 4 9 9 12 5
39 0 0 1444 21 18 19 13 7 14 15 10 10 13 14 2 7 12 10 10 6 7 11 10 5
39 0 0 1437 21 18 19 13 7 14 15 10 11 12 9 7 8 10 10 11 4 10 13 7 5
39 0 0 1430 21 18 19 13 7 15 12 12 10 14 10 5 7 11 13 8 6 7 11 10 5
39 0 0 1441 21 18 19 14 6 14 15 10 11 10 14 4 8 8 12 11 4 10 8 12 5
39 0 0 1442 22 17 14 19 6 12 13 14 10 12 14 3 9 12 9 9 11 5 12 6 5
39 0 0 1439 22 17 15 14 10 11 15 13 9 14 12 4 9 12 7 11 12 4 8 10 5
39 0 0 1438 22 17 15 16 8 11 16 12 10 11 15 3 10 8 11 10 10 8 4 12 5
39 0 0 1427 22 17 15 17 7 11 16 12 10 10 16 3 9 9 10 11 8 8 9 9 5
39 0 0 1437 22 17 15 17 7 13 11 15 10 12 14 3 8 14 7 10 10 6 11 7 5
39 0 0 1438 22 17 16 11 12 11 16 12 10 13 10 6 10 10 9 10 9 11 6 8 5
39 0 0 1444 22 17 16 12 11 11 16 12 9 14 12 4 9 11 8 11 11 5 7 11 5
39 0 0 1418 22 17 16 13 10 11 17 11 10 13 10 6 10 9 10 10 9 9 8 8 5
39 0 0 1442 22 17 16 14 9 11 17 11 9 14 12 4 9 10 9 11 11 3 9 11 5
39 0 0 1435 22 17 16 14 9 11 17 11 9 15 8 7 9 9 12 9 9 6 11 8 5
39 0 0 1443 22 17 16 14 9 12 14 13 10 12 11 6 9 10 9 11 8 10 7 4 10
39 0 0 1422 22 17 16 15 8 11 18 10 10 13 10 6 10 8 11 10 9 7 10 8 5
39 0 0 1426 22 17 16 15 8 12 14 13 10 10 16 3 8 11 8 12 7 9 8 10 5
39 0 0 1442 22 17 16 16 7 12 15 12 10 12 11 6 9 9 10 11 8 8 9 4 10
39 0 0 1436 22 17 16 17 6 12 16 11 10 12 14 3 9 9 12 9 9 5 12 8 5
39 0 0 1430 22 17 16 17 6 13 13 13 10 12 14 3 8 12 9 10 9 5 12 8 5
39 0 0 1438 22 17 16 18 5 13 13 13 10 11 15 3 8 9 14 8 7 8 9 10 5
39 0 0 1442 22 17 17 11 11 11 18 10 10 13 10 6 10 8 11 10 8 10 7 9 5
39 0 0 1427 22 17 17 11 11 12 15 12 10 13 10 6 9 11 8 11 8 10 7 9 5
39 0 0 1444 22 17 17 12 10 12 15 12 10 12 11 6 9 8 13 9 6 13 4 11 5
39 0 0 1438 22 17 17 13 9 11 19 9 10 13 10 6 10 7 12 10 8 8 9 9 5
39 0 0 1412 22 17 17 13 9 12 16 11 10 13 10 6 9 10 9 11 8 8 9 9 5
39 0 0 1436 22 17 17 13 9 12 16 11 11 10 13 5 9 11 6 13 6 11 11 6 5
39 0 0 1433 22 17 17 13 9 12 16 11 11 11 9 8 10 7 12 10 6 11 11 6 5
39 0 0 1433 22 17 17 14 8 12 16 11 10 12 11 6 8 11 8 12 6 8 14 6 5
39 0 0 1440 22 17 17 14 8 12 16 11 11 9 14 5 9 8 11 11 4 14 8 8 5
39 0 0 1444 22 17 17 14 8 12 16 11 11 9 14 5 10 5 14 10 6 11 6 11 5
39 0 0 1442 22 17 17 14 8 13 13 13 10 12 11 6 8 11 8 12 7 9 8 5 10
39 0 0 1414 22 17 17 14 8 13 14 12 11 11 12 5 9 10 11 9 6 12 10 6 5
39 0 0 1423 22 17 17 14 8 14 11 14 11 11 12 5 8 13 8 10 6 12 10 6 5
39 0 0 1436 22 17 17 15 7 12 16 11 10 10 16 3 8 9 10 12 6 8 9 11 5
39 0 0 1430 22 17 17 15 7 12 16 11 10 11 12 6 8 8 13 10 4 11 11 8 5
39 0 0 1439 22 17 17 15 7 12 17 10 11 10 13 5 9 10 7 13 6 9 13 6 5
39 0 0 1444 22 17 17 15 7 12 17 10 11 10 13 5 10 6 13 10 6 12 5 11 5
39 0 0 1420 22 17 17 15 7 13 14 12 10 12 14 3 8 11 10 10 8 6 11 9 5
39 0 0 1437 22 17 17 15 7 14 11 14 10 12 14 3 7 14 7 11 8 6 11 9 5
39 0 0 1429 22 17 17 15 7 14 11 14 10 13 10 6 7 13 10 9 6 9 13 6 5
39 0 0 1444 22 17 17 15 7 14 11 14 11 10 13 5 8 10 13 8 4 15 7 8 5
39 0 0 1422 22 17 17 16 6 13 15 11 11 11 12 5 9 9 12 9 6 10 12 6 5
39 0 0 1433 22 17 17 16 6 14 11 14 10 11 15 3 7 11 12 9 6 9 8 11 5
39 0 0 1420 22 17 17 16 6 14 12 13 11 11 12 5 8 12 9 10 6 10 12 6 5
39 0 0 1443 22 17 17 17 5 14 12 13 11 10 13 5 8 9 14 8 4 13 9 8 5
39 0 0 1441 22 17 17 18 4 14 13 12 11 11 12 5 8 11 10 10 6 8 14 6 5
39 0 0 1432 22 17 18 11 10 12 17 10 10 13 10 6 9 9 10 11 7 9 8 10 5
39 0 0 1441 22 17 18 12 9 12 17 10 10 12 11 6 8 10 9 12 5 9 13 7 5
39 0 0 1429 22 17 18 12 9 14 12 13 11 11 12 5 8 12 9 10 5 13 9 7 5
39 0 0 1433 22 17 18 13 8 12 18 9 10 13 10 6 9 8 11 11 7 7 10 10 5
39 0 0 1431 22 17 18 13 8 14 12 13 10 12 14 3 7 13 8 11 7 7 10 10 5
39 0 0 1441 22 17 18 14 7 13 15 11 11 9 14 5 8 9 10 12 3 13 9 9 5
39 0 0 1431 22 17 18 14 7 13 16 10 11 11 12 5 9 8 13 9 5 11 11 7 5
39 0 0 1418 22 17 18 14 7 14 13 12 11 11 12 5 8 11 10 10 5 11 11 7 5
39 0 0 1439 22 17 18 14 7 15 10 14 11 11 12 5 7 14 7 11 5 11 11 7 5
39 0 0 1443 22 17 18 15 6 13 16 10 10 12 14 3 8 9 12 10 7 5 12 10 5
39 0 0 1438 22 17 18 15 6 14 13 12 10 12 14 3 7 12 9 11 7 5 12 10 5
39 0 0 1436 22 17 18 15 6 14 13 12 10 13 10 6 7 11 12 9 5 8 14 7 5
39 0 0 1431 22 17 18 16 5 14 14 11 11 11 12 5 8 10 11 10 5 9 13 7 5
39 0 0 1435 22 17 19 11 9 13 16 10 10 13 10 6 8 10 9 12 6 8 9 11 5
39 0 0 1444 22 17 19 12 8 13 17 9 10 13 13 3 8 10 11 10 6 9 8 11 5
39 0 0 1440 22 17 19 12 8 14 14 11 10 13 13 3 7 13 8 11 6 9 8 11 5
39 0 0 1431 22 17 19 12 8 14 14 11 11 11 12 5 8 10 11 10 4 12 10 8 5
39 0 0 1441 22 17 19 12 8 15 11 13 11 11 12 5 7 13 8 11 4 12 10 8 5
39 0 0 1439 22 17 19 13 7 14 14 11 10 12 14 3 7 11 10 11 6 6 11 11 5
39 0 0 1441 22 17 19 13 7 14 14 11 10 13 10 6 7 10 13 9 4 9 13 8 5
39 0 0 1441 22 17 19 14 6 14 15 10 10 13 13 3 7 12 9 11 6 7 10 11 5
39 0 0 1436 22 17 19 14 6 14 15 10 11 11 12 5 8 9 12 10 4 10 12 8 5
39 0 0 1435 22 17 19 14 6 15 12 12 11 11 12 5 7 12 9 11 4 10 12 8 5
39 0 0 1444 22 17 20 12 7 15 13 11 11 11 12 5 7 11 10 11 3 11 11 9 5
39 0 0 1444 23 16 15 15 9 10 18 11 10 11 14 4 10 10 6 13 10 7 9 8 5
39 0 0 1443 23 16 15 15 9 10 18 11 11 9 13 6 11 7 9 12 8 10 11 5 5
39 0 0 1443 23 16 15 16 8 11 16 12 11 9 16 3 10 10 8 11 8 11 10 5 5
39 0 0 1435 23 16 15 17 7 11 16 12 9 14 11 5 9 9 13 8 10 5 11 8 5
39 0 0 1440 23 16 15 17 7 12 13 14 10 11 14 4 8 13 7 11 8 8 13 5 5
39 0 0 1437 23 16 16 15 8 11 17 11 9 14 11 5 9 8 14 8 9 6 10 9 5
39 0 0 1443 23 16 16 15 8 12 14 13 10 11 14 4 9 8 14 8 7 12 4 11 5
39 0 0 1443 23 16 16 16 7 12 15 12 11 9 16 3 9 11 7 12 7 10 11 6 5
39 0 0 1441 23 16 16 17 6 12 15 12 10 11 14 4 8 11 9 11 7 7 14 6 5
39 0 0 1443 23 16 17 12 10 12 15 12 10 13 9 7 9 9 13 8 6 13 8 7 5
39 0 0 1423 23 16 17 13 9 12 15 12 9 14 11 5 8 10 12 9 8 7 9 10 5
39 0 0 1437 23 16 17 14 8 12 16 11 10 13 9 7 9 8 14 8 6 11 10 7 5
39 0 0 1441 23 16 17 14 8 13 13 13 9 14 14 2 7 13 11 8 8 8 8 10 5
39 0 0 1435 23 16 17 15 7 12 16 11 9 14 11 5 8 9 13 9 8 5 11 10 5
39 0 0 1435 23 16 17 15 7 12 16 11 10 11 14 4 8 10 10 11 6 8 13 7 5
39 0 0 1441 23 16 17 15 7 13 13 13 10 11 14 4 7 13 7 12 6 8 13 7 5
39 0 0 1436 23 16 18 11 10 13 13 13 9 14 11 5 7 12 10 10 7 8 8 11 5
39 0 0 1435 23 16 18 12 9 13 14 12 10 13 9 7 8 10 12 9 5 12 9 8 5
39 0 0 1439 23 16 18 13 8 13 14 12 10 11 14 4 7 12 8 12 5 9 12 8 5
39 0 0 1440 24 15 15 14 10 10 17 12 10 11 13 5 10 9 10 10 8 12 8 6 5
39 0 0 1439 24 15 15 16 8 10 18 11 10 11 13 5 10 8 11 10 8 10 10 6 5
39 0 0 1430 24 15 15 17 7 12 13 14 10 12 12 5 9 10 13 7 8 11 9 6 5
39 0 0 1428 24 15 16 14 9 11 16 12 10 11 13 5 9 10 9 11 7 11 9 7 5
39 0 0 1434 24 15 16 15 8 12 14 13 10 12 12 5 9 9 14 7 7 12 8 7 5
39 0 0 1440 24 15 16 16 7 12 14 13 9 13 14 3 8 10 13 8 9 6 9 10 5
39 0 0 1443 24 15 16 17 6 12 15 12 10 12 12 5 9 8 15 7 7 10 10 7 5
39 0 0 1441 24 15 17 13 9 11 17 11 9 13 11 6 8 9 12 10 6 9 11 8 5
39 0 0 1438 24 15 17 13 9 13 12 14 10 12 12 5 8 11 12 8 6 13 7 8 5
39 0 0 1442 24 15 17 14 8 11 18 10 10 11 13 5 9 8 11 11 6 10 10 8 5
39 0 0 1440 24 15 17 14 8 13 12 14 9 13 14 3 7 12 11 9 8 7 8 11 5
39 0 0 1441 24 15 17 15 7 13 13 13 9 14 13 3 7 13 10 9 8 8 7 11 5
39 0 0 1428 24 15 17 15 7 13 13 13 10 12 12 5 8 10 13 8 6 11 9 8 5
39 0 0 1443 24 15 18 12 9 12 16 11 10 11 13 5 8 10 9 12 5 11 9 9 5
39 0 0 1443 24 15 18 13 8 13 14 12 10 12 12 5 8 9 14 8 5 12 8 9 5
