38 0 0 1359 14 24 16 15 7 14 13 11 12 10 11 5 10 9 7 12 9 5 9 10 5
38 0 0 1366 14 24 16 16 6 15 10 13 12 9 12 5 9 9 9 11 7 8 6 12 5
38 0 0 1364 15 23 15 16 7 13 14 11 13 8 9 8 12 5 10 11 8 9 9 7 5
38 0 0 1367 15 23 16 12 10 13 14 11 12 10 10 6 11 8 7 12 9 9 4 11 5
38 0 0 1354 15 23 16 13 9 13 14 11 11 12 8 7 10 8 9 11 9 6 7 11 5
38 0 0 1356 15 23 16 14 8 13 15 10 12 10 10 6 11 7 8 12 9 7 6 11 5
38 0 0 1363 15 23 16 15 7 13 15 10 11 12 8 7 10 7 10 11 9 4 9 11 5
38 0 0 1369 15 23 16 16 6 13 16 9 12 10 10 6 11 6 9 12 9 5 8 11 5
38 0 0 1368 15 23 17 12 9 14 13 11 12 10 10 6 10 9 6 13 8 8 5 12 5
38 0 0 1365 15 23 17 13 8 14 13 11 12 9 11 6 9 10 5 14 6 8 10 9 5
38 0 0 1362 15 23 17 14 7 14 14 10 12 10 10 6 10 8 7 13 8 6 7 12 5
38 0 0 1369 15 23 17 14 7 15 11 12 11 13 7 7 9 8 13 8 8 6 7 12 5
38 0 0 1355 15 23 17 15 6 15 12 11 13 8 12 5 10 8 9 11 6 10 8 9 5
38 0 0 1357 15 23 17 16 5 15 12 11 12 10 10 6 9 8 11 10 6 7 11 9 5
38 0 0 1367 15 23 17 16 5 16 9 13 12 10 10 6 8 11 8 11 6 7 11 9 5
38 0 0 1368 15 23 18 13 7 15 13 10 13 8 12 5 10 7 10 11 5 11 7 10 5
38 0 0 1361 15 23 18 14 6 16 10 12 12 10 10 6 8 10 9 11 5 8 10 10 5
38 0 0 1362 16 22 14 15 9 11 16 11 11 10 12 5 11 8 6 13 11 5 7 10 5
38 0 0 1362 16 22 14 18 6 12 15 11 11 11 11 5 11 6 12 9 11 4 8 10 5
38 0 0 1339 16 22 15 16 7 13 13 12 11 11 11 5 10 8 10 10 10 5 7 11 5
38 0 0 1363 16 22 15 18 5 13 14 11 11 11 11 5 10 7 11 10 10 3 9 11 5
38 0 0 1363 16 22 15 18 5 13 14 11 12 8 14 4 10 8 8 12 8 6 11 8 5
38 0 0 1343 16 22 16 14 8 14 11 13 11 11 11 5 9 10 8 11 9 6 6 12 5
38 0 0 1369 16 22 16 15 7 14 11 13 11 10 12 5 9 8 10 11 8 7 5 8 10
38 0 0 1361 16 22 16 16 6 13 15 10 11 11 11 5 10 6 12 10 9 4 8 12 5
38 0 0 1358 16 22 16 16 6 14 12 12 12 8 14 4 9 10 6 13 7 7 10 9 5
38 0 0 1367 16 22 17 12 9 13 15 10 12 9 10 7 10 8 6 14 6 10 7 10 5
38 0 0 1365 16 22 17 13 8 14 13 11 11 13 6 8 9 10 8 11 8 5 12 8 5
38 0 0 1350 16 22 17 13 8 14 13 11 12 10 9 7 10 7 11 10 6 11 6 10 5
38 0 0 1350 16 22 17 14 7 14 13 11 11 11 11 5 9 8 10 11 8 5 7 13 5
38 0 0 1357 16 22 17 14 7 14 13 11 11 12 7 8 9 7 13 9 6 8 9 10 5
38 0 0 1353 16 22 17 15 6 14 14 10 12 10 9 7 10 6 12 10 6 9 8 10 5
38 0 0 1367 16 22 18 12 8 14 14 10 11 11 11 5 9 7 11 11 7 6 6 14 5
38 0 0 1366 16 22 18 12 8 15 11 12 11 11 11 5 8 10 8 12 7 6 6 14 5
38 0 0 1354 16 22 18 13 7 15 12 11 12 10 9 7 9 8 10 11 5 10 7 11 5
38 0 0 1368 16 22 18 14 6 15 12 11 12 9 10 7 8 9 9 12 3 10 12 8 5
38 0 0 1368 17 21 14 15 9 11 16 11 11 11 10 6 12 5 12 9 11 8 3 11 5
38 0 0 1368 17 21 14 19 5 13 12 13 11 10 14 3 10 8 11 9 11 4 7 11 5
38 0 0 1361 17 21 15 13 10 12 14 12 11 11 10 6 11 7 10 10 10 9 2 12 5
38 0 0 1369 17 21 15 15 8 11 18 9 11 11 10 6 11 7 8 12 10 4 12 7 5
38 0 0 1359 17 21 15 15 8 12 15 11 11 11 10 6 10 10 5 13 10 4 12 7 5
38 0 0 1344 17 21 15 15 8 12 15 11 12 8 13 5 11 7 8 12 8 10 6 9 5
38 0 0 1331 17 21 15 16 7 12 15 11 11 10 11 6 10 7 10 11 8 7 9 9 5
38 0 0 1346 17 21 15 16 7 14 10 14 11 12 9 6 9 12 7 10 10 5 11 7 5
38 0 0 1339 17 21 15 16 7 14 10 14 12 9 12 5 10 9 10 9 8 11 5 9 5
38 0 0 1352 17 21 15 17 6 12 16 10 12 8 13 5 11 6 9 12 8 8 8 9 5
38 0 0 1369 17 21 15 17 6 13 12 13 11 9 12 6 9 8 9 12 7 8 8 5 10
38 0 0 1359 17 21 15 17 6 14 10 14 11 10 14 3 9 10 9 10 10 5 6 12 5
38 0 0 1366 17 21 15 18 5 13 14 11 11 12 9 6 10 8 11 9 10 3 13 7 5
38 0 0 1361 17 21 15 18 5 13 14 11 12 9 12 5 11 5 14 8 8 9 7 9 5
38 0 0 1341 17 21 15 18 5 14 11 13 12 9 12 5 10 8 11 9 8 9 7 9 5
38 0 0 1355 17 21 16 13 9 12 16 10 11 11 10 6 10 9 6 13 9 5 11 8 5
38 0 0 1362 17 21 16 13 9 12 16 10 12 8 13 5 11 6 9 12 7 11 5 10 5
38 0 0 1368 17 21 16 13 9 13 13 12 11 11 10 6 9 12 3 14 9 5 11 8 5
38 0 0 1355 17 21 16 13 9 13 13 12 12 8 13 5 10 9 6 13 7 11 5 10 5
38 0 0 1361 17 21 16 14 8 15 8 15 12 9 12 5 9 11 8 10 7 12 4 10 5
38 0 0 1362 17 21 16 15 7 12 17 9 12 8 13 5 11 5 10 12 7 9 7 10 5
38 0 0 1367 17 21 16 15 7 13 13 12 11 9 12 6 9 7 10 12 6 9 7 6 10
38 0 0 1344 17 21 16 15 7 13 14 11 12 8 13 5 10 8 7 13 7 9 7 10 5
38 0 0 1361 17 21 16 16 6 12 17 9 11 10 11 6 10 5 12 11 7 6 10 10 5
38 0 0 1369 17 21 16 16 6 13 14 11 12 7 14 5 9 9 6 14 5 9 12 7 5
38 0 0 1355 17 21 16 16 6 13 15 10 11 12 9 6 10 7 12 9 9 4 12 8 5
38 0 0 1344 17 21 16 16 6 14 12 12 11 12 9 6 9 10 9 10 9 4 12 8 5
38 0 0 1341 17 21 16 16 6 14 12 12 12 9 12 5 10 7 12 9 7 10 6 10 5
38 0 0 1367 17 21 16 17 5 14 12 12 11 10 14 3 9 8 11 10 9 4 7 13 5
38 0 0 1349 17 21 16 17 5 14 12 12 11 11 10 6 9 7 14 8 7 7 9 10 5
38 0 0 1359 17 21 16 18 4 14 13 11 12 9 12 5 10 6 13 9 7 8 8 10 5
38 0 0 1368 17 21 17 11 10 13 14 11 11 11 10 6 9 11 4 14 8 6 10 9 5
38 0 0 1361 17 21 17 12 9 13 15 10 10 14 10 4 9 10 9 10 10 4 7 12 5
38 0 0 1367 17 21 17 13 8 13 15 10 11 11 10 6 9 10 5 14 8 4 12 9 5
38 0 0 1358 17 21 17 13 8 13 15 10 12 8 13 5 10 7 8 13 6 10 6 11 5
38 0 0 1359 17 21 17 13 8 14 12 12 10 13 11 4 8 10 11 9 8 7 4 14 5
38 0 0 1343 17 21 17 14 7 13 15 10 11 10 11 6 9 7 10 12 6 7 9 11 5
38 0 0 1365 17 21 17 14 7 14 13 11 11 11 13 3 9 9 10 10 8 8 3 14 5
38 0 0 1337 17 21 17 14 7 14 13 11 11 12 9 6 9 9 10 10 8 5 11 9 5
38 0 0 1356 17 21 17 14 7 14 13 11 12 9 12 5 10 6 13 9 6 11 5 11 5
38 0 0 1349 17 21 17 14 7 15 10 13 11 12 9 6 8 12 7 11 8 5 11 9 5
38 0 0 1348 17 21 17 14 7 15 10 13 12 9 12 5 9 9 10 10 6 11 5 11 5
38 0 0 1363 17 21 17 15 6 13 16 9 12 8 13 5 10 6 9 13 6 8 8 11 5
38 0 0 1361 17 21 17 15 6 14 13 11 10 13 11 4 8 9 12 9 8 5 6 14 5
38 0 0 1365 17 21 17 16 5 14 14 10 11 12 9 6 9 8 11 10 8 3 13 9 5
38 0 0 1366 17 21 17 16 5 14 14 10 12 9 12 5 10 5 14 9 6 9 7 11 5
38 0 0 1347 17 21 17 16 5 15 11 12 12 9 12 5 9 8 11 10 6 9 7 11 5
38 0 0 1368 17 21 17 17 4 15 11 12 12 8 13 5 8 9 10 11 4 9 12 8 5
38 0 0 1365 17 21 18 11 9 15 11 12 12 11 7 8 9 10 9 10 5 12 9 7 5
38 0 0 1364 17 21 18 12 8 13 16 9 11 10 11 6 9 6 11 12 5 8 8 12 5
38 0 0 1369 17 21 18 12 8 13 17 8 11 11 13 3 9 9 8 12 7 6 10 10 5
38 0 0 1346 17 21 18 12 8 15 11 12 11 12 9 6 8 11 8 11 7 6 10 10 5
38 0 0 1367 17 21 18 12 8 15 11 12 12 9 12 5 9 8 11 10 5 12 4 12 5
38 0 0 1360 17 21 18 13 7 14 14 10 11 10 14 3 8 9 10 11 5 9 7 12 5
38 0 0 1367 17 21 18 13 7 14 14 10 12 8 13 5 9 8 7 14 5 9 7 12 5
38 0 0 1369 17 21 18 13 7 15 11 12 11 10 14 3 7 12 7 12 5 9 7 12 5
38 0 0 1356 17 21 18 13 7 15 12 11 12 11 7 8 9 9 10 10 5 10 11 7 5
38 0 0 1367 17 21 18 13 7 16 9 13 11 12 12 3 7 14 7 10 7 7 9 10 5
38 0 0 1365 17 21 18 14 6 14 15 9 11 12 9 6 9 7 12 10 7 4 12 10 5
38 0 0 1363 17 21 18 14 6 15 11 12 10 12 12 4 6 12 9 11 5 6 10 12 5
38 0 0 1355 17 21 18 14 6 15 12 11 11 12 9 6 8 10 9 11 7 4 12 10 5
38 0 0 1358 17 21 18 14 6 15 12 11 12 9 12 5 9 7 12 10 5 10 6 12 5
38 0 0 1364 17 21 18 15 5 15 12 11 11 11 10 6 8 7 14 9 5 7 9 12 5
38 0 0 1360 17 21 18 15 5 15 13 10 11 12 12 3 8 10 11 9 7 5 11 10 5
38 0 0 1359 17 21 19 12 7 15 13 10 11 12 9 6 8 9 10 11 6 5 11 11 5
38 0 0 1366 17 21 19 13 6 15 14 9 11 12 12 3 8 9 12 9 6 6 10 11 5
38 0 0 1366 17 21 19 13 6 16 11 11 11 12 12 3 7 12 9 10 6 6 10 11 5
38 0 0 1367 18 20 13 18 7 12 12 14 12 7 16 3 11 9 7 11 10 10 5 8 5
