0 10 1887 310100 310200 310101 310300 310201 310102 310400 310301 310202 400100
1 10 2977 310100 310200 310101 310300 310201 310102 400100 410100 420100 500100
2 10 26748 310100 310200 310101 310300 310201 310102 400100 400200 400101 410100
3 10 17474 310100 310200 310101 310300 310201 310102 400100 400200 400101 410100
4 10 31976 310100 310200 310101 310300 310201 310102 400100 400200 400101 410100
5 10 13013 310100 310200 310101 310300 310201 310102 400100 400200 400101 410100
6 10 13013 310100 310200 310101 310300 310201 310102 400100 400200 400101 410100
7 10 11154 310100 310200 310101 310300 310201 310102 400100 400200 400101 410100
8 10 15997 310100 310200 310101 310300 310201 310102 400100 400200 400101 410100
9 10 14126 310100 310200 310101 310300 310201 310102 400100 400200 400101 410100
10 10 14136 300100 310100 310200 310101 400100 410100 420100 500100 520100 600100
11 10 26543 300100 310100 310200 310101 400100 410100 410200 410101 500100 520100
12 10 29785 300100 310100 310200 310101 400100 400200 400101 420100 420200 420300
13 10 2856 300100 310100 310200 310101 400100 400200 400101 420100 420200 420300
14 10 11658 300100 310100 310200 310101 400100 400200 400101 420100 500100 510100
15 10 11658 300100 310100 310200 310101 400100 400200 400101 420100 500100 510100
16 10 7616 300100 310100 310200 310101 400100 400200 400101 420100 500100 510100
17 10 7616 300100 310100 310200 310101 400100 400200 400101 420100 500100 510100
18 10 10593 300100 310100 310200 310101 400100 400200 400101 420100 500100 500200
19 10 17253 300100 310100 310200 310101 400100 400200 400101 420100 500100 500200
20 10 23800 300100 310100 310200 310101 400100 400200 400101 420100 500100 500200
21 10 5236 300100 310100 310200 310101 400100 400200 400101 410100 500100 510100
22 10 1071 300100 310100 310200 310101 400100 400200 400101 410100 500100 500200
23 10 20375 300100 310100 310200 310101 400100 400200 400101 400300 400201 400102
24 10 10708 300100 300200 300101 310100 410100 420100 420200 420300 420101 510200
25 10 7616 300100 300200 300101 310100 400100 410100 420100 510100 510200 510101
26 10 29560 300100 300200 300101 310100 400100 410100 420100 500100 520100 610100
27 10 6783 300100 300200 300101 310100 400100 410100 410200 410101 500100 520100
28 10 18322 300100 300200 300101 310100 400100 400200 400101 420100 420200 420300
29 10 18322 300100 300200 300101 310100 400100 400200 400101 420100 420200 420300
30 10 20070 300100 300200 300101 310100 400100 400200 400101 420100 420200 420300
31 10 4838 300100 300200 300101 310100 400100 400200 400101 420100 500100 510100
32 10 14553 300100 300200 300101 310100 400100 400200 400101 420100 500100 510100
33 10 27950 300100 300200 300101 310100 400100 400200 400101 400300 400201 400102
34 10 15647 300100 300200 300101 300300 300201 300102 410100 420100 420200 420300
35 10 4875 300100 300200 300101 300300 300201 300102 400100 420100 420200 420300
36 10 12794 300100 300200 300101 300300 300201 300102 400100 420100 420200 420300
37 10 14877 300100 300200 300101 300300 300201 300102 400100 410100 420100 510100
38 10 14877 300100 300200 300101 300300 300201 300102 400100 410100 420100 510100
39 10 17840 300100 300200 300101 300300 300201 300102 400100 410100 420100 510100
40 10 16856 300100 300200 300101 300300 300201 300102 400100 400200 400101 420100
41 10 14374 300100 300200 300101 300300 300201 300102 400100 400200 400101 420100
42 10 23609 300100 300200 300101 300300 300201 300102 300400 300301 300202 400100
