0 17 21033 310100 310200 310101 310300 310201 310102 310400 310301 310202 310103 310500 310401 310302 310203 400100 410100 410200
1 17 28868 310100 310200 310101 310300 310201 310102 310400 310301 310202 310103 310500 310401 310302 310203 400100 410100 410200
2 17 12036 310100 310200 310101 310300 310201 310102 310400 310301 310202 310103 310500 310401 310302 310203 400100 400200 400101
3 17 18079 310100 310200 310101 310300 310201 310102 310400 310301 310202 310103 310500 310401 310302 310203 400100 400200 400101
4 17 513 310100 310200 310101 310300 310201 310102 310400 310301 310202 310103 310500 310401 310302 310203 400100 400200 400101
5 17 31003 310100 310200 310101 310300 310201 310102 310400 310301 310202 310103 310500 310401 310302 310203 400100 400200 400101
6 17 23899 310100 310200 310101 310300 310201 310102 310400 310301 310202 310103 310500 310401 310302 310203 400100 400200 400101
7 17 28845 310100 310200 310101 310300 310201 310102 310400 310301 310202 310103 310500 310401 310302 310203 400100 400200 400101
8 17 6528 310100 310200 310101 310300 310201 310102 310400 310301 310202 310103 310500 310401 310302 310203 400100 400200 400101
9 17 2890 310100 310200 310101 310300 310201 310102 310400 310301 310202 310103 310500 310401 310302 310203 400100 400200 400101
10 17 20077 310100 310200 310101 310300 310201 310102 310400 310301 310202 310103 310500 310401 310302 310203 400100 400200 400101
11 17 7605 310100 310200 310101 310300 310201 310102 310400 310301 310202 310103 310500 310401 310302 310203 400100 400200 400101
12 17 27781 310100 310200 310101 310300 310201 310102 310400 310301 310202 310103 310500 310401 310302 310203 400100 400200 400101
13 17 8553 310100 310200 310101 310300 310201 310102 310400 310301 310202 310103 310500 310401 310302 310203 400100 400200 400101
14 17 31254 310100 310200 310101 310300 310201 310102 310400 310301 310202 310103 310500 310401 310302 310203 400100 400200 400101
15 17 19002 310100 310200 310101 310300 310201 310102 310400 310301 310202 310103 310500 310401 310302 310203 400100 400200 400101
16 17 14980 310100 310200 310101 310300 310201 310102 310400 310301 310202 310103 410100 410200 410101 410300 410201 410102 410400
17 17 12854 310100 310200 310101 310300 310201 310102 310400 310301 310202 310103 400100 410100 420100 420200 420300 420101 500100
18 17 10938 310100 310200 310101 310300 310201 310102 310400 310301 310202 310103 400100 410100 410200 410101 410300 410201 410102
19 17 23920 310100 310200 310101 310300 310201 310102 310400 310301 310202 310103 400100 410100 410200 410101 410300 410201 410102
20 17 20208 310100 310200 310101 310300 310201 310102 310400 310301 310202 310103 400100 400200 400101 420100 420200 420300 420101
21 17 15774 310100 310200 310101 310300 310201 310102 310400 310301 310202 310103 400100 400200 400101 420100 420200 420300 420101
22 17 10412 310100 310200 310101 310300 310201 310102 310400 310301 310202 310103 400100 400200 400101 410100 420100 500100 500200
23 17 5175 310100 310200 310101 310300 310201 310102 310400 310301 310202 310103 400100 400200 400101 410100 410200 410101 500100
24 17 26194 310100 310200 310101 310300 310201 310102 310400 310301 310202 310103 400100 400200 400101 410100 410200 410101 500100
25 17 7658 310100 310200 310101 310300 310201 310102 310400 310301 310202 310103 400100 400200 400101 410100 410200 410101 500100
26 17 6987 310100 310200 310101 310300 310201 310102 310400 310301 310202 310103 400100 400200 400101 400300 400201 400102 420100
27 17 24483 310100 310200 310101 310300 310201 310102 310400 310301 310202 310103 400100 400200 400101 400300 400201 400102 420100
28 17 12630 310100 310200 310101 310300 310201 310102 310400 310301 310202 310103 400100 400200 400101 400300 400201 400102 420100
29 17 6237 310100 310200 310101 310300 310201 310102 310400 310301 310202 310103 400100 400200 400101 400300 400201 400102 420100
30 17 8100 310100 310200 310101 310300 310201 310102 310400 310301 310202 310103 400100 400200 400101 400300 400201 400102 420100
31 17 28036 310100 310200 310101 310300 310201 310102 310400 310301 310202 310103 400100 400200 400101 400300 400201 400102 420100
32 17 17281 310100 310200 310101 310300 310201 310102 310400 310301 310202 310103 400100 400200 400101 400300 400201 400102 420100
33 17 24155 310100 310200 310101 310300 310201 310102 310400 310301 310202 310103 400100 400200 400101 400300 400201 400102 410100
34 17 28033 310100 310200 310101 310300 310201 310102 310400 310301 310202 310103 400100 400200 400101 400300 400201 400102 410100
35 17 653 310100 310200 310101 310300 310201 310102 310400 310301 310202 310103 400100 400200 400101 400300 400201 400102 400400
36 17 25323 310100 310200 310101 310300 310201 310102 310400 310301 310202 310103 400100 400200 400101 400300 400201 400102 400400
37 17 7472 310100 310200 310101 310300 310201 310102 310400 310301 310202 310103 400100 400200 400101 400300 400201 400102 400400
38 17 32348 300100 310100 310200 310101 310300 310201 310102 400100 410100 420100 420200 420300 420101 500100 500200 500101 500300
39 17 687 300100 310100 310200 310101 310300 310201 310102 400100 410100 410200 410101 420100 500100 500200 500101 600100 620100
40 17 20013 300100 310100 310200 310101 310300 310201 310102 400100 410100 410200 410101 420100 500100 510100 600100 630100 630200
41 17 28067 300100 310100 310200 310101 310300 310201 310102 400100 410100 410200 410101 420100 500100 510100 510200 510101 600100
42 17 8171 300100 310100 310200 310101 310300 310201 310102 400100 410100 410200 410101 420100 500100 500200 500101 510100 600100
43 17 18073 300100 310100 310200 310101 310300 310201 310102 400100 410100 410200 410101 410300 410201 410102 500100 500200 510100
44 17 30173 300100 310100 310200 310101 310300 310201 310102 400100 410100 410200 410101 410300 410201 410102 500100 510100 600100
45 17 20556 300100 310100 310200 310101 310300 310201 310102 400100 400200 400101 420100 420200 420300 420101 420400 420201 420301
46 17 17382 300100 310100 310200 310101 310300 310201 310102 400100 400200 400101 420100 420200 420300 420101 420400 420201 420301
47 17 10297 300100 310100 310200 310101 310300 310201 310102 400100 400200 400101 420100 420200 420300 420101 500100 510100 510200
48 17 20003 300100 310100 310200 310101 310300 310201 310102 400100 400200 400101 420100 420200 420300 420101 500100 500200 500101
49 17 10269 300100 310100 310200 310101 310300 310201 310102 400100 400200 400101 420100 420200 420300 420101 500100 500200 500101
50 17 17889 300100 310100 310200 310101 310300 310201 310102 400100 400200 400101 420100 420200 420300 420101 510100 510200 510101
51 17 12441 300100 310100 310200 310101 310300 310201 310102 400100 400200 400101 420100 420200 420300 420101 510100 520100 600100
52 17 24234 300100 310100 310200 310101 310300 310201 310102 400100 400200 400101 410100 420100 500100 510100 510200 510101 610100
53 17 21292 300100 310100 310200 310101 310300 310201 310102 400100 400200 400101 410100 420100 500100 500200 500101 500300 500201
54 17 23963 300100 310100 310200 310101 310300 310201 310102 400100 400200 400101 410100 420100 500100 500200 500101 520100 610100
55 17 2841 300100 310100 310200 310101 310300 310201 310102 400100 400200 400101 410100 420100 500100 500200 500101 500300 500201
56 17 23489 300100 310100 310200 310101 310300 310201 310102 400100 400200 400101 410100 420100 510100 520100 600100 620100 630100
57 17 26791 300100 310100 310200 310101 310300 310201 310102 400100 400200 400101 410100 420100 500100 510100 510200 510101 600100
58 17 32437 300100 310100 310200 310101 310300 310201 310102 400100 400200 400101 410100 420100 500100 500200 500101 500300 500201
59 17 23680 300100 310100 310200 310101 310300 310201 310102 400100 400200 400101 410100 420100 510100 510200 510101 510300 510201
60 17 12508 300100 310100 310200 310101 310300 310201 310102 400100 400200 400101 410100 410200 410101 500100 500200 500101 500300
61 17 16853 300100 310100 310200 310101 310300 310201 310102 400100 400200 400101 410100 410200 410101 500100 510100 510200 510101
62 17 5596 300100 310100 310200 310101 310300 310201 310102 400100 400200 400101 410100 410200 410101 500100 500200 500101 520100
63 17 12591 300100 310100 310200 310101 310300 310201 310102 400100 400200 400101 410100 410200 410101 500100 500200 500101 520100
64 17 22846 300100 310100 310200 310101 310300 310201 310102 400100 400200 400101 410100 410200 410101 510100 510200 510101 600100
65 17 18123 300100 310100 310200 310101 310300 310201 310102 400100 400200 400101 400300 400201 400102 420100 420200 420300 500100
66 17 18567 300100 310100 310200 310101 310300 310201 310102 400100 400200 400101 400300 400201 400102 420100 420200 420300 510100
67 17 5086 300100 310100 310200 310101 310300 310201 310102 400100 400200 400101 400300 400201 400102 420100 500100 500200 500300
68 17 638 300100 310100 310200 310101 310300 310201 310102 400100 400200 400101 400300 400201 400102 420100 500100 500200 520100
69 17 29828 300100 310100 310200 310101 310300 310201 310102 400100 400200 400101 400300 400201 400102 420100 500100 500200 500300
70 17 21314 300100 310100 310200 310101 310300 310201 310102 400100 400200 400101 400300 400201 400102 420100 500100 520100 520200
71 17 27816 300100 310100 310200 310101 310300 310201 310102 400100 400200 400101 400300 400201 400102 420100 500100 520100 520200
72 17 17646 300100 310100 310200 310101 310300 310201 310102 400100 400200 400101 400300 400201 400102 420100 500100 500200 520100
73 17 13239 300100 310100 310200 310101 310300 310201 310102 400100 400200 400101 400300 400201 400102 410100 500100 520100 610100
74 17 25913 300100 310100 310200 310101 310300 310201 310102 400100 400200 400101 400300 400201 400102 500100 500200 500101 600100
75 17 18406 300100 310100 310200 310101 310300 310201 310102 400100 400200 400101 400300 400201 400102 410100 500100 520100 600100
76 17 24213 300100 310100 310200 310101 310300 310201 310102 400100 400200 400101 400300 400201 400102 410100 500100 510100 600100
77 17 15103 300100 310100 310200 310101 310300 310201 310102 400100 400200 400101 400300 400201 400102 410100 500100 510100 510200
78 17 6836 300100 310100 310200 310101 310300 310201 310102 400100 400200 400101 400300 400201 400102 410100 500100 500200 510100
79 17 25013 300100 310100 310200 310101 310300 310201 310102 400100 400200 400101 400300 400201 400102 410100 500100 520100 520200
80 17 28165 300100 310100 310200 310101 310300 310201 310102 400100 400200 400101 400300 400201 400102 410100 500100 520100 600100
81 17 25678 300100 310100 310200 310101 310300 310201 310102 400100 400200 400101 400300 400201 400102 410100 500100 520100 520200
82 17 24351 300100 310100 310200 310101 310300 310201 310102 400100 400200 400101 400300 400201 400102 400400 400301 400202 400103
83 17 19731 300100 310100 310200 310101 310300 310201 310102 400100 400200 400101 400300 400201 400102 400400 400301 400202 400103
84 17 29022 300100 310100 310200 310101 310300 310201 310102 400100 400200 400101 400300 400201 400102 400400 400301 400202 400103
85 17 20925 300100 310100 310200 310101 310300 310201 310102 400100 400200 400101 400300 400201 400102 400400 400301 400202 400103
86 17 25950 300100 310100 310200 310101 310300 310201 310102 400100 400200 400101 400300 400201 400102 400400 400301 400202 400103
87 17 27703 300100 310100 310200 310101 310300 310201 310102 400100 400200 400101 400300 400201 400102 400400 400301 400202 400103
88 17 27237 300100 300200 300101 310100 310200 310101 410100 410200 410101 420100 420200 420300 420101 420400 420201 420500 420301
89 17 11117 300100 300200 300101 310100 310200 310101 410100 410200 410101 410300 410201 410102 410400 410301 410202 410103 500100
90 17 4143 300100 300200 300101 310100 310200 310101 410100 420100 420200 420300 420101 420400 420201 420500 420301 420102 500100
91 17 4702 300100 300200 300101 310100 310200 310101 410100 410200 410101 410300 410201 410102 420100 500100 500200 500101 520100
92 17 10936 300100 300200 300101 310100 310200 310101 400100 420100 420200 420300 420101 420400 420201 420500 420301 420102 500100
93 17 12336 300100 300200 300101 310100 310200 310101 400100 420100 420200 420300 420101 420400 420201 420500 420301 420102 500100
94 17 9242 300100 300200 300101 310100 310200 310101 400100 420100 420200 420300 420101 420400 420201 420500 420301 420102 500100
95 17 21324 300100 300200 300101 310100 310200 310101 400100 420100 420200 420300 420101 420400 420201 420500 420301 420102 500100
96 17 18881 300100 300200 300101 310100 310200 310101 400100 420100 420200 420300 420101 420400 420201 420500 420301 420102 510200
97 17 4797 300100 300200 300101 310100 310200 310101 400100 420100 420200 420300 420101 420400 420201 420500 420301 420102 500100
98 17 16310 300100 300200 300101 310100 310200 310101 400100 420100 420200 420300 420101 420400 420201 420500 420301 420102 500100
99 17 823 300100 300200 300101 310100 310200 310101 400100 410100 420100 420200 420300 420101 500100 500200 500101 610100 610200
100 17 8724 300100 300200 300101 310100 310200 310101 400100 410100 420100 420200 420300 420101 500100 500200 500101 520100 610100
101 17 7087 300100 300200 300101 310100 310200 310101 400100 410100 420100 420200 420300 420101 500100 500200 500101 520100 610100
102 17 2689 300100 300200 300101 310100 310200 310101 400100 410100 420100 420200 420300 420101 500100 510100 510200 510101 620100
103 17 12544 300100 300200 300101 310100 310200 310101 400100 410100 420100 420200 420300 420101 510100 510200 510101 620100 620200
104 17 7607 300100 300200 300101 310100 310200 310101 400100 400200 400101 420100 420200 420300 420101 420400 420201 420500 420301
105 17 23677 300100 300200 300101 310100 310200 310101 400100 400200 400101 420100 420200 420300 420101 420400 420201 420500 420301
106 17 4790 300100 300200 300101 310100 310200 310101 400100 400200 400101 420100 420200 420300 420101 420400 420201 420500 420301
107 17 14647 300100 300200 300101 310100 310200 310101 400100 400200 400101 420100 420200 420300 420101 420400 420201 420500 420301
108 17 6493 300100 300200 300101 310100 310200 310101 400100 400200 400101 420100 420200 420300 420101 500100 500200 500101 510100
109 17 7760 300100 300200 300101 310100 310200 310101 400100 400200 400101 420100 420200 420300 420101 500100 500200 500101 500300
110 17 4424 300100 300200 300101 310100 310200 310101 400100 400200 400101 420100 420200 420300 420101 500100 510100 510200 510101
111 17 4519 300100 300200 300101 310100 310200 310101 400100 400200 400101 420100 420200 420300 420101 500100 500200 500101 520100
112 17 16783 300100 300200 300101 310100 310200 310101 400100 400200 400101 420100 420200 420300 420101 500100 500200 500101 520100
113 17 11381 300100 300200 300101 310100 310200 310101 400100 400200 400101 420100 420200 420300 420101 500100 500200 500101 520100
114 17 13893 300100 300200 300101 310100 310200 310101 400100 400200 400101 420100 420200 420300 420101 510100 510200 510101 510300
115 17 3418 300100 300200 300101 310100 310200 310101 400100 400200 400101 420100 420200 420300 420101 510100 510200 510101 510300
116 17 6868 300100 300200 300101 310100 310200 310101 400100 400200 400101 420100 420200 420300 420101 500100 510100 510200 510101
117 17 18778 300100 300200 300101 310100 310200 310101 400100 400200 400101 420100 420200 420300 420101 510100 520100 600100 610100
118 17 21054 300100 300200 300101 310100 310200 310101 400100 400200 400101 420100 420200 420300 420101 510100 510200 510101 610100
119 17 14474 300100 300200 300101 310100 310200 310101 400100 400200 400101 420100 420200 420300 420101 520100 520200 520101 600100
120 17 15282 300100 300200 300101 310100 310200 310101 400100 400200 400101 420100 420200 420300 420101 510100 520100 600100 610100
121 17 20557 300100 300200 300101 310100 310200 310101 400100 400200 400101 420100 420200 420300 420101 500100 520100 520200 520101
122 17 26652 300100 300200 300101 310100 310200 310101 400100 400200 400101 420100 420200 420300 420101 520100 520200 520101 600100
123 17 494 300100 300200 300101 310100 310200 310101 400100 400200 400101 420100 420200 420300 420101 510100 510200 510101 520100
124 17 23156 300100 300200 300101 310100 310200 310101 400100 400200 400101 410100 420100 500100 520100 520200 520101 610100 610200
125 17 10387 300100 300200 300101 310100 310200 310101 400100 400200 400101 410100 420100 500100 500200 500101 520100 610100 620100
126 17 18291 300100 300200 300101 310100 310200 310101 400100 400200 400101 410100 420100 500100 500200 500101 520100 610100 610200
127 17 10266 300100 300200 300101 310100 310200 310101 400100 400200 400101 410100 420100 500100 500200 500101 610100 610200 610101
128 17 21531 300100 300200 300101 310100 310200 310101 400100 400200 400101 410100 420100 510100 520100 520200 520101 600100 620100
129 17 11916 300100 300200 300101 310100 310200 310101 400100 400200 400101 410100 420100 500100 520100 600100 610100 630100 700100
130 17 18164 300100 300200 300101 310100 310200 310101 400100 400200 400101 410100 420100 520100 520200 520101 520300 520201 520102
131 17 17066 300100 300200 300101 310100 310200 310101 400100 400200 400101 410100 410200 410101 500100 500200 500101 610100 610200
132 17 31869 300100 300200 300101 310100 310200 310101 400100 400200 400101 410100 410200 410101 500100 500200 500101 500300 500201
133 17 7567 300100 300200 300101 310100 310200 310101 400100 400200 400101 410100 410200 410101 500100 520100 610100 610200 610101
134 17 32005 300100 300200 300101 310100 310200 310101 400100 400200 400101 410100 410200 410101 500100 520100 600100 610100 610200
135 17 12623 300100 300200 300101 310100 310200 310101 400100 400200 400101 400300 400201 400102 420100 420200 420300 500100 500200
136 17 27409 300100 300200 300101 310100 310200 310101 400100 400200 400101 400300 400201 400102 420100 420200 420300 500100 500200
137 17 854 300100 300200 300101 310100 310200 310101 400100 400200 400101 400300 400201 400102 420100 420200 420300 510100 600100
138 17 2137 300100 300200 300101 310100 310200 310101 400100 400200 400101 400300 400201 400102 420100 420200 420300 510100 510200
139 17 21360 300100 300200 300101 310100 310200 310101 400100 400200 400101 400300 400201 400102 420100 420200 420300 500100 600100
140 17 23618 300100 300200 300101 310100 310200 310101 400100 400200 400101 400300 400201 400102 420100 510100 510200 510101 520100
141 17 24313 300100 300200 300101 310100 310200 310101 400100 400200 400101 400300 400201 400102 420100 510100 510200 510101 610100
142 17 30554 300100 300200 300101 310100 310200 310101 400100 400200 400101 400300 400201 400102 420100 500100 520100 610100 610200
143 17 5080 300100 300200 300101 310100 310200 310101 400100 400200 400101 400300 400201 400102 420100 500100 500200 500101 610100
144 17 23319 300100 300200 300101 310100 310200 310101 400100 400200 400101 400300 400201 400102 420100 510100 520100 610100 610200
145 17 1837 300100 300200 300101 310100 310200 310101 400100 400200 400101 400300 400201 400102 420100 500100 510100 610100 610200
146 17 20799 300100 300200 300101 310100 310200 310101 400100 400200 400101 400300 400201 400102 420100 510100 510200 510101 520100
147 17 26912 300100 300200 300101 310100 310200 310101 400100 400200 400101 400300 400201 400102 420100 510100 510200 510101 510300
148 17 14971 300100 300200 300101 310100 310200 310101 400100 400200 400101 400300 400201 400102 420100 510100 520100 600100 620100
149 17 20095 300100 300200 300101 310100 310200 310101 400100 400200 400101 400300 400201 400102 420100 510100 510200 510101 600100
150 17 6910 300100 300200 300101 310100 310200 310101 400100 400200 400101 400300 400201 400102 420100 500100 510100 600100 610100
151 17 6910 300100 300200 300101 310100 310200 310101 400100 400200 400101 400300 400201 400102 420100 500100 510100 600100 610100
152 17 20590 300100 300200 300101 310100 310200 310101 400100 400200 400101 400300 400201 400102 410100 510100 510200 510101 520100
153 17 25190 300100 300200 300101 310100 310200 310101 400100 400200 400101 400300 400201 400102 410100 510100 510200 510101 510300
154 17 20188 300100 300200 300101 310100 310200 310101 400100 400200 400101 400300 400201 400102 410100 510100 510200 510101 600100
155 17 24587 300100 300200 300101 310100 310200 310101 400100 400200 400101 400300 400201 400102 410100 500100 520100 600100 610100
156 17 22585 300100 300200 300101 310100 310200 310101 400100 400200 400101 400300 400201 400102 410100 500100 510100 600100 610100
157 17 8998 300100 300200 300101 310100 310200 310101 400100 400200 400101 400300 400201 400102 410100 500100 510100 510200 510101
158 17 11169 300100 300200 300101 310100 310200 310101 400100 400200 400101 400300 400201 400102 500100 510100 510200 510101 600100
159 17 26993 300100 300200 300101 310100 310200 310101 400100 400200 400101 400300 400201 400102 400400 400301 400202 400103 500100
160 17 14828 300100 300200 300101 310100 310200 310101 400100 400200 400101 400300 400201 400102 400400 400301 400202 400103 510100
161 17 15907 300100 300200 300101 310100 310200 310101 400100 400200 400101 400300 400201 400102 400400 400301 400202 400103 510100
162 17 1666 300100 300200 300101 310100 310200 310101 400100 400200 400101 400300 400201 400102 400400 400301 400202 400103 510100
163 17 659 300100 300200 300101 310100 310200 310101 400100 400200 400101 400300 400201 400102 400400 400301 400202 400103 510100
164 17 13955 300100 300200 300101 310100 310200 310101 400100 400200 400101 400300 400201 400102 400400 400301 400202 400103 510100
165 17 14938 300100 300200 300101 310100 310200 310101 400100 400200 400101 400300 400201 400102 400400 400301 400202 400103 510100
166 17 3091 300100 300200 300101 310100 310200 310101 400100 400200 400101 400300 400201 400102 400400 400301 400202 400103 510100
167 17 4074 300100 300200 300101 310100 310200 310101 400100 400200 400101 400300 400201 400102 400400 400301 400202 400103 500100
168 17 21106 300100 300200 300101 310100 310200 310101 400100 400200 400101 400300 400201 400102 400400 400301 400202 400103 400500
169 17 31748 300100 300200 300101 310100 310200 310101 400100 400200 400101 400300 400201 400102 400400 400301 400202 400103 400500
170 17 12166 300100 300200 300101 300300 300201 300102 310100 410100 410200 410101 420100 420200 420300 420101 420400 420201 420500
171 17 14074 300100 300200 300101 300300 300201 300102 310100 410100 410200 410101 420100 420200 420300 420101 420400 420201 420500
172 17 27204 300100 300200 300101 300300 300201 300102 310100 410100 410200 410101 410300 410201 410102 410400 410301 410202 410103
173 17 28730 300100 300200 300101 300300 300201 300102 310100 410100 420100 420200 420300 420101 420400 420201 420500 420301 610100
174 17 20896 300100 300200 300101 300300 300201 300102 310100 410100 410200 410101 410300 410201 410102 420100 500100 500200 520100
175 17 30602 300100 300200 300101 300300 300201 300102 310100 410100 410200 410101 410300 410201 410102 420100 510100 510101 520100
176 17 19819 300100 300200 300101 300300 300201 300102 310100 410100 410200 410101 410300 410201 410102 410400 410301 410202 410103
177 17 709 300100 300200 300101 300300 300201 300102 310100 410100 410200 410101 410300 410201 410102 410400 410301 410202 410103
178 17 20941 300100 300200 300101 300300 300201 300102 310100 400100 420100 420200 420300 420101 420400 420201 420500 420301 500100
179 17 3115 300100 300200 300101 300300 300201 300102 310100 400100 420100 420200 420300 420101 420400 420201 420500 420301 510300
180 17 23765 300100 300200 300101 300300 300201 300102 310100 400100 420100 420200 420300 420101 420400 420201 420500 420301 510300
181 17 31144 300100 300200 300101 300300 300201 300102 310100 400100 420100 420200 420300 420101 420400 420201 420500 420301 510300
182 17 23108 300100 300200 300101 300300 300201 300102 310100 400100 420100 420200 420300 420101 420400 420201 420500 420301 510300
183 17 20618 300100 300200 300101 300300 300201 300102 310100 400100 420100 420200 420300 420101 420400 420201 420500 420301 510300
184 17 6762 300100 300200 300101 300300 300201 300102 310100 400100 420100 420200 420300 420101 420400 420201 420500 420301 500100
185 17 11204 300100 300200 300101 300300 300201 300102 310100 400100 420100 420200 420300 420101 420400 420201 420500 420301 500100
186 17 9066 300100 300200 300101 300300 300201 300102 310100 400100 420100 420200 420300 420101 420400 420201 420500 420301 500100
187 17 12882 300100 300200 300101 300300 300201 300102 310100 400100 410100 420100 420200 420300 420101 500100 520100 610100 610200
188 17 27661 300100 300200 300101 300300 300201 300102 310100 400100 410100 420100 420200 420300 420101 510100 510200 510300 510201
189 17 8482 300100 300200 300101 300300 300201 300102 310100 400100 410100 420100 420200 420300 420101 500100 520100 610100 610200
190 17 25828 300100 300200 300101 300300 300201 300102 310100 400100 410100 420100 420200 420300 420101 500100 500200 500101 610100
191 17 24431 300100 300200 300101 300300 300201 300102 310100 400100 410100 420100 420200 420300 420101 520100 520200 520101 520300
192 17 10520 300100 300200 300101 300300 300201 300102 310100 400100 410100 410200 410101 420100 500100 500200 500101 510100 620100
193 17 20985 300100 300200 300101 300300 300201 300102 310100 400100 410100 410200 410101 420100 510100 510200 510101 510201 510102
194 17 29440 300100 300200 300101 300300 300201 300102 310100 400100 410100 410200 410101 420100 510100 510200 510101 610100 620100
195 17 4135 300100 300200 300101 300300 300201 300102 310100 400100 410100 410200 410101 420100 500100 520100 610100 620100 620200
196 17 13371 300100 300200 300101 300300 300201 300102 310100 400100 410100 410200 410101 420100 510100 510200 510101 520100 610100
197 17 10227 300100 300200 300101 300300 300201 300102 310100 400100 410100 410200 410101 420100 500100 520100 610100 610200 610101
198 17 23184 300100 300200 300101 300300 300201 300102 310100 400100 410100 410200 410101 420100 500100 510100 510200 510101 610100
199 17 2051 300100 300200 300101 300300 300201 300102 310100 400100 410100 410200 410101 420100 500100 500200 500101 520100 610100
200 17 24802 300100 300200 300101 300300 300201 300102 310100 400100 400200 400101 420100 420200 420300 420101 420400 420201 420500
201 17 1272 300100 300200 300101 300300 300201 300102 310100 400100 400200 400101 420100 420200 420300 420101 420400 420201 420500
202 17 24168 300100 300200 300101 300300 300201 300102 310100 400100 400200 400101 420100 420200 420300 420101 420400 420201 420500
203 17 22591 300100 300200 300101 300300 300201 300102 310100 400100 400200 400101 420100 420200 420300 420101 500100 500200 500101
204 17 29716 300100 300200 300101 300300 300201 300102 310100 400100 400200 400101 420100 420200 420300 420101 510100 520100 610100
205 17 21799 300100 300200 300101 300300 300201 300102 310100 400100 400200 400101 420100 420200 420300 420101 500100 520100 520200
206 17 17802 300100 300200 300101 300300 300201 300102 310100 400100 400200 400101 420100 420200 420300 500100 520100 520200 520101
207 17 22147 300100 300200 300101 300300 300201 300102 310100 400100 400200 400101 420100 420200 420300 420101 500100 520100 520200
208 17 9199 300100 300200 300101 300300 300201 300102 310100 400100 400200 400101 420100 420200 420300 420101 510100 510200 510300
209 17 9199 300100 300200 300101 300300 300201 300102 310100 400100 400200 400101 420100 420200 420300 420101 510100 510200 510300
210 17 12437 300100 300200 300101 300300 300201 300102 310100 400100 400200 400101 420100 420200 420300 420101 500100 510100 610100
211 17 13112 300100 300200 300101 300300 300201 300102 310100 400100 400200 400101 420100 420200 420300 420101 500100 520100 610100
212 17 2617 300100 300200 300101 300300 300201 300102 310100 400100 400200 400101 420100 420200 420300 420101 500100 500200 500101
213 17 23518 300100 300200 300101 300300 300201 300102 310100 400100 400200 400101 420100 420200 420300 420101 510100 510200 510300
214 17 13003 300100 300200 300101 300300 300201 300102 310100 400100 400200 400101 420100 420200 420300 420101 500100 510100 610100
215 17 18811 300100 300200 300101 300300 300201 300102 310100 400100 400200 400101 420100 420200 420300 420101 500100 500200 500101
216 17 6946 300100 300200 300101 300300 300201 300102 310100 400100 400200 400101 420100 420200 420300 420101 510100 510200 510300
217 17 16499 300100 300200 300101 300300 300201 300102 310100 400100 400200 400101 410100 420100 520100 520200 520101 520300 520201
218 17 30511 300100 300200 300101 300300 300201 300102 310100 400100 400200 400101 410100 420100 500100 500200 500101 520100 610100
219 17 30511 300100 300200 300101 300300 300201 300102 310100 400100 400200 400101 410100 420100 510100 510200 510101 610100 620100
220 17 3401 300100 300200 300101 300300 300201 300102 310100 400100 400200 400101 410100 420100 510100 510200 510101 510300 510201
221 17 19599 300100 300200 300101 300300 300201 300102 310100 400100 400200 400101 410100 420100 520100 520200 520101 610100 610200
222 17 31924 300100 300200 300101 300300 300201 300102 310100 400100 400200 400101 410100 420100 500100 520100 520200 520101 610100
223 17 23448 300100 300200 300101 300300 300201 300102 310100 400100 400200 400101 410100 420100 500100 520100 610100 610200 610101
224 17 14873 300100 300200 300101 300300 300201 300102 310100 400100 400200 400101 410100 420100 520100 520200 520101 520300 520201
225 17 24801 300100 300200 300101 300300 300201 300102 310100 400100 400200 400101 410100 410200 410101 500100 510100 510200 510101
226 17 23965 300100 300200 300101 300300 300201 300102 310100 400100 400200 400101 410100 410200 410101 500100 500200 500101 610100
227 17 9210 300100 300200 300101 300300 300201 300102 310100 400100 400200 400101 410100 410200 410101 520100 520200 520101 610100
228 17 8166 300100 300200 300101 300300 300201 300102 310100 400100 400200 400101 410100 410200 410101 510100 520100 610100 610200
229 17 11630 300100 300200 300101 300300 300201 300102 310100 400100 400200 400101 410100 410200 410101 500100 520100 520200 520101
230 17 21119 300100 300200 300101 300300 300201 300102 310100 400100 400200 400101 410100 410200 410101 500100 500200 500101 520100
231 17 21119 300100 300200 300101 300300 300201 300102 310100 400100 400200 400101 410100 410200 410101 500100 500200 500101 520100
232 17 32535 300100 300200 300101 300300 300201 300102 310100 400100 400200 400101 400300 400201 400102 420100 420200 420300 510100
233 17 8367 300100 300200 300101 300300 300201 300102 310100 400100 400200 400101 400300 400201 400102 420100 420200 420300 510100
234 17 14028 300100 300200 300101 300300 300201 300102 310100 400100 400200 400101 400300 400201 400102 420100 500100 500101 610100
235 17 25862 300100 300200 300101 300300 300201 300102 310100 400100 400200 400101 400300 400201 400102 420100 500100 500101 510100
236 17 16115 300100 300200 300101 300300 300201 300102 310100 400100 400200 400101 400300 400201 400102 420100 510100 520100 610100
237 17 15564 300100 300200 300101 300300 300201 300102 310100 400100 400200 400101 400300 400201 400102 420100 510100 510200 610100
238 17 19100 300100 300200 300101 300300 300201 300102 310100 400100 400200 400101 400300 400201 400102 420100 510100 510200 610100
239 17 15085 300100 300200 300101 300300 300201 300102 310100 400100 400200 400101 400300 400201 400102 410100 500100 520100 520200
240 17 8046 300100 300200 300101 300300 300201 300102 310100 400100 400200 400101 400300 400201 400102 410100 500100 510100 510200
241 17 11825 300100 300200 300101 300300 300201 300102 310100 400100 400200 400101 400300 400201 400102 410100 500100 500101 520100
242 17 15173 300100 300200 300101 300300 300201 300102 310100 400100 400200 400101 400300 400201 400102 400400 400301 400202 400103
243 17 5919 300100 300200 300101 300300 300201 300102 310100 400100 400200 400101 400300 400201 400102 400400 400301 400202 400103
244 17 10488 300100 300200 300101 300300 300201 300102 310100 400100 400200 400101 400300 400201 400102 400400 400301 400202 400103
245 17 32142 300100 300200 300101 300300 300201 300102 310100 400100 400200 400101 400300 400201 400102 400400 400301 400202 400103
246 17 26050 300100 300200 300101 300300 300201 300102 310100 400100 400200 400101 400300 400201 400102 400400 400301 400202 400103
247 17 24941 300100 300200 300101 300300 300201 300102 310100 400100 400200 400101 400300 400201 400102 400400 400301 400202 400103
248 17 9862 300100 300200 300101 300300 300201 300102 300400 300301 300202 300103 410100 410200 410101 410300 410201 410102 420100
249 17 13936 300100 300200 300101 300300 300201 300102 300400 300301 300202 300103 420100 420200 420300 420101 420400 420201 420500
250 17 3098 300100 300200 300101 300300 300201 300102 300400 300301 300202 300103 420100 420200 420300 420101 420400 420201 420500
251 17 27891 300100 300200 300101 300300 300201 300102 300400 300301 300202 300103 420100 420200 420300 420101 420400 420201 420500
252 17 5767 300100 300200 300101 300300 300201 300102 300400 300301 300202 300103 410100 420100 420200 420300 420101 420400 420201
253 17 13283 300100 300200 300101 300300 300201 300102 300400 300301 300202 300103 410100 420100 420200 420300 420101 420400 420201
254 17 14422 300100 300200 300101 300300 300201 300102 300400 300301 300202 300103 410100 420100 420200 420300 420101 420400 420201
255 17 25573 300100 300200 300101 300300 300201 300102 300400 300301 300202 300103 410100 420100 420200 420300 420101 420400 420201
256 17 24546 300100 300200 300101 300300 300201 300102 300400 300301 300202 300103 410100 410200 410101 410300 410201 410102 420100
257 17 52 300100 300200 300101 300300 300201 300102 300400 300301 300202 300103 410100 410200 410101 410300 410201 410102 420100
258 17 1488 300100 300200 300101 300300 300201 300102 300400 300301 300202 300103 400100 420100 420200 420300 420101 420400 420201
259 17 28365 300100 300200 300101 300300 300201 300102 300400 300301 300202 300103 400100 420100 420200 420300 420101 420400 420201
260 17 20002 300100 300200 300101 300300 300201 300102 300400 300301 300202 300103 400100 410100 420100 420200 420300 420101 510200
261 17 20077 300100 300200 300101 300300 300201 300102 300400 300301 300202 300103 400100 410100 420100 420200 420300 420101 510200
262 17 5319 300100 300200 300101 300300 300201 300102 300400 300301 300202 300103 400100 410100 420100 420200 420300 420101 510200
263 17 31938 300100 300200 300101 300300 300201 300102 300400 300301 300202 300103 400100 410100 410200 410101 420100 510100 510101
264 17 26466 300100 300200 300101 300300 300201 300102 300400 300301 300202 300103 400100 410100 410200 410101 420100 510100 520100
265 17 19377 300100 300200 300101 300300 300201 300102 300400 300301 300202 300103 400100 410100 410200 410101 410300 410201 410102
266 17 19377 300100 300200 300101 300300 300201 300102 300400 300301 300202 300103 400100 410100 410200 410101 410300 410201 410102
267 17 30164 300100 300200 300101 300300 300201 300102 300400 300301 300202 300103 400100 400200 400101 420100 420200 420300 420101
268 17 10318 300100 300200 300101 300300 300201 300102 300400 300301 300202 300103 400100 400200 400101 420100 420200 420300 420101
269 17 15618 300100 300200 300101 300300 300201 300102 300400 300301 300202 300103 400100 400200 400101 420100 420200 420300 420101
270 17 3039 300100 300200 300101 300300 300201 300102 300400 300301 300202 300103 400100 400200 400101 420100 420200 420300 420101
271 17 4586 300100 300200 300101 300300 300201 300102 300400 300301 300202 300103 400100 400200 400101 420100 420200 420300 420101
272 17 16323 300100 300200 300101 300300 300201 300102 300400 300301 300202 300103 400100 400200 400101 420100 420200 420300 420101
273 17 30263 300100 300200 300101 300300 300201 300102 300400 300301 300202 300103 400100 400200 400101 420100 420200 420300 420101
274 17 32378 300100 300200 300101 300300 300201 300102 300400 300301 300202 300103 400100 400200 400101 420100 420200 420300 420101
275 17 24423 300100 300200 300101 300300 300201 300102 300400 300301 300202 300103 400100 400200 400101 420100 420200 420300 420101
276 17 3490 300100 300200 300101 300300 300201 300102 300400 300301 300202 300103 400100 400200 400101 420100 420200 420300 420101
277 17 19390 300100 300200 300101 300300 300201 300102 300400 300301 300202 300103 400100 400200 400101 420100 420200 420300 420101
278 17 5131 300100 300200 300101 300300 300201 300102 300400 300301 300202 300103 400100 400200 400101 420100 420200 420300 420101
279 17 1667 300100 300200 300101 300300 300201 300102 300400 300301 300202 300103 400100 400200 400101 420100 420200 420300 420101
280 17 7437 300100 300200 300101 300300 300201 300102 300400 300301 300202 300103 400100 400200 400101 420100 420200 420300 420101
281 17 30865 300100 300200 300101 300300 300201 300102 300400 300301 300202 300103 400100 400200 400101 420100 420200 420300 420101
282 17 27853 300100 300200 300101 300300 300201 300102 300400 300301 300202 300103 400100 400200 400101 420100 420200 420300 420101
283 17 8292 300100 300200 300101 300300 300201 300102 300400 300301 300202 300103 400100 400200 400101 420100 420200 420300 420101
284 17 8790 300100 300200 300101 300300 300201 300102 300400 300301 300202 300103 400100 400200 400101 420100 420200 420300 420101
285 17 24312 300100 300200 300101 300300 300201 300102 300400 300301 300202 300103 400100 400200 400101 410100 420100 500100 510100
286 17 29925 300100 300200 300101 300300 300201 300102 300400 300301 300202 300103 400100 400200 400101 410100 420100 500100 510100
287 17 28854 300100 300200 300101 300300 300201 300102 300400 300301 300202 300103 400100 400200 400101 410100 420100 510100 510200
288 17 11683 300100 300200 300101 300300 300201 300102 300400 300301 300202 300103 400100 400200 400101 410100 410200 410101 510100
289 17 16464 300100 300200 300101 300300 300201 300102 300400 300301 300202 300103 400100 400200 400101 400300 400201 400102 420100
290 17 12840 300100 300200 300101 300300 300201 300102 300400 300301 300202 300103 400100 400200 400101 400300 400201 400102 420100
291 17 24125 300100 300200 300101 300300 300201 300102 300400 300301 300202 300103 400100 400200 400101 400300 400201 400102 420100
292 17 27913 300100 300200 300101 300300 300201 300102 300400 300301 300202 300103 400100 400200 400101 400300 400201 400102 420100
293 17 31061 300100 300200 300101 300300 300201 300102 300400 300301 300202 300103 400100 400200 400101 400300 400201 400102 420100
294 17 25080 300100 300200 300101 300300 300201 300102 300400 300301 300202 300103 400100 400200 400101 400300 400201 400102 420100
295 17 816 300100 300200 300101 300300 300201 300102 300400 300301 300202 300103 400100 400200 400101 400300 400201 400102 420100
296 17 2446 300100 300200 300101 300300 300201 300102 300400 300301 300202 300103 400100 400200 400101 400300 400201 400102 400400
297 17 20180 300100 300200 300101 300300 300201 300102 300400 300301 300202 300103 300500 300401 300302 300203 410100 410200 410101
298 17 28062 300100 300200 300101 300300 300201 300102 300400 300301 300202 300103 300500 300401 300302 300203 410100 420100 420200
299 17 2787 300100 300200 300101 300300 300201 300102 300400 300301 300202 300103 300500 300401 300302 300203 410100 420100 420200
300 17 3207 300100 300200 300101 300300 300201 300102 300400 300301 300202 300103 300500 300401 300302 300203 410100 420100 420200
301 17 4248 300100 300200 300101 300300 300201 300102 300400 300301 300202 300103 300500 300401 300302 300203 410100 410200 410101
302 17 20403 300100 300200 300101 300300 300201 300102 300400 300301 300202 300103 300500 300401 300302 300203 400100 420100 420200
303 17 15257 300100 300200 300101 300300 300201 300102 300400 300301 300202 300103 300500 300401 300302 300203 400100 420100 420200
304 17 15813 300100 300200 300101 300300 300201 300102 300400 300301 300202 300103 300500 300401 300302 300203 400100 410100 420200
305 17 25409 300100 300200 300101 300300 300201 300102 300400 300301 300202 300103 300500 300401 300302 300203 400100 410100 420200
306 17 8517 300100 300200 300101 300300 300201 300102 300400 300301 300202 300103 300500 300401 300302 300203 400100 410100 410200
307 17 3148 300100 300200 300101 300300 300201 300102 300400 300301 300202 300103 300500 300401 300302 300203 400100 410100 410200
308 17 11442 300100 300200 300101 300300 300201 300102 300400 300301 300202 300103 300500 300401 300302 300203 400100 410100 410200
309 17 10262 300100 300200 300101 300300 300201 300102 300400 300301 300202 300103 300500 300401 300302 300203 400100 400200 400101
310 17 20286 300100 300200 300101 300300 300201 300102 300400 300301 300202 300103 300500 300401 300302 300203 400100 400200 400101
311 17 7849 300100 300200 300101 300300 300201 300102 300400 300301 300202 300103 300500 300401 300302 300203 400100 400200 400101
312 17 26912 300100 300200 300101 300300 300201 300102 300400 300301 300202 300103 300500 300401 300302 300203 400100 400200 400101
313 17 8133 300100 300200 300101 300300 300201 300102 300400 300301 300202 300103 300500 300401 300302 300203 400100 400200 400101
314 17 10108 300100 300200 300101 300300 300201 300102 300400 300301 300202 300103 300500 300401 300302 300203 400100 400200 400101
315 17 6935 300100 300200 300101 300300 300201 300102 300400 300301 300202 300103 300500 300401 300302 300203 400100 400200 400101
316 17 20697 300100 300200 300101 300300 300201 300102 300400 300301 300202 300103 300500 300401 300302 300203 400100 400200 400101
317 17 2567 300100 300200 300101 300300 300201 300102 300400 300301 300202 300103 300500 300401 300302 300203 400100 400200 400101
318 17 29226 300100 300200 300101 300300 300201 300102 300400 300301 300202 300103 300500 300401 300302 300203 400100 400200 400101
319 17 22700 300100 300200 300101 300300 300201 300102 300400 300301 300202 300103 300500 300401 300302 300203 400100 400200 400101
320 17 25228 300100 300200 300101 300300 300201 300102 300400 300301 300202 300103 300500 300401 300302 300203 400100 400200 400101
