347
63 33 30 31 21 20 20 23 15 14 17 22 15 9 12 17 23 5 8 13 19 32
67 35 32 33 23 22 22 25 17 15 18 23 16 10 13 18 24 5 8 13 19 32
67 35 32 33 23 22 21 24 16 15 18 23 16 10 13 18 24 6 9 14 20 33
72 37 34 35 25 24 24 27 19 17 20 25 18 11 14 19 25 6 9 14 20 33
73 38 35 35 25 24 25 28 20 17 20 25 18 12 15 20 26 5 8 13 19 32
73 38 35 35 25 24 24 27 19 17 20 25 18 12 15 20 26 6 9 14 20 33
73 38 35 35 25 24 24 27 19 17 20 25 18 11 14 19 25 7 10 15 21 34
73 38 35 35 25 24 23 26 18 17 20 25 18 12 15 20 26 7 10 15 21 34
75 39 36 36 26 25 25 28 20 18 21 26 19 12 15 20 26 6 9 14 20 33
75 39 36 36 26 25 24 27 19 17 20 25 18 12 15 20 26 8 11 16 22 35
77 40 37 37 27 26 26 29 21 18 21 26 19 13 16 21 27 6 9 14 20 33
77 40 37 37 27 26 26 29 21 18 21 26 19 12 15 20 26 7 10 15 21 34
77 40 37 37 27 26 25 28 20 18 21 26 19 13 16 21 27 7 10 15 21 34
77 40 37 37 27 26 25 28 20 18 21 26 19 12 15 20 26 8 11 16 22 35
77 40 37 37 27 26 25 28 20 17 20 25 18 13 16 21 27 8 11 16 22 35
77 40 37 37 27 26 24 27 19 18 21 26 19 13 16 21 27 8 11 16 22 35
77 40 37 36 26 25 25 28 20 18 21 26 19 13 16 21 27 8 11 16 22 35
79 41 38 37 27 26 26 29 21 19 22 27 20 13 16 21 27 8 11 16 22 35
80 41 38 38 28 27 26 29 21 19 22 27 20 13 16 21 27 9 12 17 23 36
81 42 39 38 28 27 27 30 22 19 22 27 20 14 17 22 28 8 11 16 22 35
81 42 39 38 28 27 26 29 21 19 22 27 20 14 17 22 28 9 12 17 23 36
82 42 39 39 29 28 28 31 23 20 23 28 21 14 17 22 28 7 10 15 21 34
82 42 39 39 29 28 27 30 22 20 23 28 21 14 17 22 28 8 11 16 22 35
83 43 40 39 29 28 28 31 23 20 23 28 21 14 17 22 28 8 11 16 22 35
83 43 40 39 29 28 27 30 22 20 23 28 21 14 17 22 28 9 12 17 23 36
85 44 41 40 30 29 29 32 24 21 24 29 22 15 18 23 29 7 10 15 21 34
85 44 41 40 30 29 29 32 24 21 24 29 22 14 17 22 28 8 11 16 22 35
85 44 41 40 30 29 28 31 23 21 24 29 22 15 18 23 29 8 11 16 22 35
85 44 41 40 30 29 28 31 23 21 24 29 22 14 17 22 28 9 12 17 23 36
85 44 41 40 30 29 28 31 23 20 23 28 21 15 18 23 29 9 12 17 23 36
85 44 41 40 30 29 28 31 23 20 23 28 21 14 17 22 28 10 13 18 24 37
85 44 41 40 30 29 27 30 22 20 23 28 21 15 18 23 29 10 13 18 24 37
85 44 41 39 29 28 28 31 23 20 23 28 21 15 18 23 29 10 13 18 24 37
87 45 42 41 31 30 29 32 24 21 24 29 22 15 18 23 29 9 12 17 23 36
87 45 42 41 31 30 29 32 24 21 24 29 22 14 17 22 28 10 13 18 24 37
87 45 42 41 31 30 28 31 23 21 24 29 22 15 18 23 29 10 13 18 24 37
89 46 43 41 31 30 30 33 25 22 25 30 23 16 19 24 30 9 12 17 23 36
89 46 43 41 31 30 30 33 25 22 25 30 23 15 18 23 29 10 13 18 24 37
89 46 43 41 31 30 29 32 24 22 25 30 23 16 19 24 30 10 13 18 24 37
89 46 43 41 31 30 29 32 24 22 25 30 23 15 18 23 29 11 14 19 25 38
89 46 43 41 31 30 29 32 24 21 24 29 22 16 19 24 30 11 14 19 25 38
90 46 43 42 32 31 30 33 25 22 25 30 23 16 19 24 30 10 13 18 24 37
90 46 43 42 32 31 29 32 24 22 25 30 23 16 19 24 30 11 14 19 25 38
91 47 44 42 32 31 30 33 25 22 25 30 23 16 19 24 30 11 14 19 25 38
92 47 44 43 33 32 31 34 26 23 26 31 24 16 19 24 30 10 13 18 24 37
93 48 45 43 33 32 31 34 26 23 26 31 24 17 20 25 31 10 13 18 24 37
93 48 45 43 33 32 31 34 26 23 26 31 24 16 19 24 30 11 14 19 25 38
93 48 45 43 33 32 31 34 26 23 26 31 24 15 18 23 29 12 15 20 26 39
93 48 45 43 33 32 31 34 26 22 25 30 23 17 20 25 31 11 14 19 25 38
93 48 45 43 33 32 30 33 25 23 26 31 24 17 20 25 31 11 14 19 25 38
93 48 45 43 33 32 30 33 25 23 26 31 24 16 19 24 30 12 15 20 26 39
93 48 45 43 33 32 30 33 25 22 25 30 23 17 20 25 31 12 15 20 26 39
93 48 45 43 33 32 29 32 24 23 26 31 24 17 20 25 31 12 15 20 26 39
93 48 45 42 32 31 31 34 26 23 26 31 24 17 20 25 31 11 14 19 25 38
94 48 45 43 33 32 31 34 26 23 26 31 24 17 20 25 31 12 15 20 26 39
95 49 46 44 34 33 32 35 27 23 26 31 24 17 20 25 31 11 14 19 25 38
95 49 46 44 34 33 31 34 26 23 26 31 24 17 20 25 31 12 15 20 26 39
97 50 47 45 35 34 33 36 28 24 27 32 25 18 21 26 32 10 13 18 24 37
97 50 47 45 35 34 33 36 28 24 27 32 25 17 20 25 31 11 14 19 25 38
97 50 47 45 35 34 33 36 28 24 27 32 25 16 19 24 30 12 15 20 26 39
97 50 47 45 35 34 33 36 28 23 26 31 24 18 21 26 32 11 14 19 25 38
97 50 47 45 35 34 32 35 27 24 27 32 25 18 21 26 32 11 14 19 25 38
97 50 47 45 35 34 32 35 27 24 27 32 25 17 20 25 31 12 15 20 26 39
97 50 47 45 35 34 32 35 27 24 27 32 25 16 19 24 30 13 16 21 27 40
97 50 47 45 35 34 32 35 27 23 26 31 24 18 21 26 32 12 15 20 26 39
97 50 47 45 35 34 32 35 27 23 26 31 24 17 20 25 31 13 16 21 27 40
97 50 47 45 35 34 31 34 26 24 27 32 25 18 21 26 32 12 15 20 26 39
97 50 47 45 35 34 31 34 26 24 27 32 25 17 20 25 31 13 16 21 27 40
97 50 47 45 35 34 31 34 26 23 26 31 24 18 21 26 32 13 16 21 27 40
97 50 47 45 35 34 30 33 25 24 27 32 25 18 21 26 32 13 16 21 27 40
97 50 47 44 34 33 33 36 28 24 27 32 25 18 21 26 32 11 14 19 25 38
97 50 47 44 34 33 32 35 27 24 27 32 25 18 21 26 32 12 15 20 26 39
97 50 47 44 34 33 32 35 27 24 27 32 25 17 20 25 31 13 16 21 27 40
97 50 47 44 34 33 31 34 26 24 27 32 25 18 21 26 32 13 16 21 27 40
97 50 47 43 33 32 32 35 27 24 27 32 25 18 21 26 32 13 16 21 27 40
97 49 46 45 35 34 32 35 27 24 27 32 25 18 21 26 32 12 15 20 26 39
97 49 46 45 35 34 31 34 26 24 27 32 25 18 21 26 32 13 16 21 27 40
98 50 47 45 35 34 32 35 27 24 27 32 25 18 21 26 32 13 16 21 27 40
99 51 48 45 35 34 33 36 28 25 28 33 26 18 21 26 32 12 15 20 26 39
99 51 48 45 35 34 33 36 28 25 28 33 26 17 20 25 31 13 16 21 27 40
99 51 48 45 35 34 33 36 28 24 27 32 25 18 21 26 32 13 16 21 27 40
99 51 48 45 35 34 32 35 27 25 28 33 26 18 21 26 32 13 16 21 27 40
100 51 48 46 36 35 33 36 28 25 28 33 26 18 21 26 32 13 16 21 27 40
101 52 49 46 36 35 34 37 29 25 28 33 26 19 22 27 33 12 15 20 26 39
101 52 49 46 36 35 34 37 29 25 28 33 26 18 21 26 32 13 16 21 27 40
101 52 49 46 36 35 33 36 28 25 28 33 26 19 22 27 33 13 16 21 27 40
101 52 49 45 35 34 34 37 29 25 28 33 26 19 22 27 33 13 16 21 27 40
102 52 49 47 37 36 34 37 29 25 28 33 26 19 22 27 33 13 16 21 27 40
102 52 49 47 37 36 33 36 28 25 28 33 26 19 22 27 33 14 17 22 28 41
103 53 50 47 37 36 35 38 30 26 29 34 27 19 22 27 33 12 15 20 26 39
103 53 50 47 37 36 35 38 30 26 29 34 27 18 21 26 32 13 16 21 27 40
103 53 50 47 37 36 34 37 29 26 29 34 27 19 22 27 33 13 16 21 27 40
103 53 50 47 37 36 34 37 29 26 29 34 27 18 21 26 32 14 17 22 28 41
103 53 50 47 37 36 34 37 29 25 28 33 26 19 22 27 33 14 17 22 28 41
103 53 50 47 37 36 33 36 28 26 29 34 27 19 22 27 33 14 17 22 28 41
105 54 51 48 38 37 35 38 30 26 29 34 27 20 23 28 34 13 16 21 27 40
105 54 51 48 38 37 35 38 30 26 29 34 27 19 22 27 33 14 17 22 28 41
105 54 51 48 38 37 35 38 30 25 28 33 26 20 23 28 34 14 17 22 28 41
105 54 51 48 38 37 34 37 29 26 29 34 27 20 23 28 34 14 17 22 28 41
105 54 51 47 37 36 35 38 30 26 29 34 27 20 23 28 34 14 17 22 28 41
106 54 51 48 38 37 36 39 31 27 30 35 28 20 23 28 34 13 16 21 27 40
107 55 52 49 39 38 36 39 31 27 30 35 28 20 23 28 34 13 16 21 27 40
107 55 52 49 39 38 36 39 31 27 30 35 28 19 22 27 33 14 17 22 28 41
107 55 52 49 39 38 36 39 31 27 30 35 28 18 21 26 32 15 18 23 29 42
107 55 52 49 39 38 36 39 31 26 29 34 27 20 23 28 34 14 17 22 28 41
107 55 52 49 39 38 35 38 30 27 30 35 28 20 23 28 34 14 17 22 28 41
107 55 52 49 39 38 35 38 30 27 30 35 28 19 22 27 33 15 18 23 29 42
107 55 52 49 39 38 35 38 30 26 29 34 27 20 23 28 34 15 18 23 29 42
107 55 52 49 39 38 34 37 29 27 30 35 28 20 23 28 34 15 18 23 29 42
107 55 52 48 38 37 36 39 31 27 30 35 28 20 23 28 34 14 17 22 28 41
107 55 52 48 38 37 35 38 30 27 30 35 28 20 23 28 34 15 18 23 29 42
107 54 51 49 39 38 35 38 30 27 30 35 28 20 23 28 34 15 18 23 29 42
108 55 52 49 39 38 36 39 31 27 30 35 28 20 23 28 34 15 18 23 29 42
109 56 53 49 39 38 37 40 32 27 30 35 28 21 24 29 35 14 17 22 28 41
109 56 53 49 39 38 36 39 31 27 30 35 28 21 24 29 35 15 18 23 29 42
110 56 53 50 40 39 37 40 32 28 31 36 29 21 24 29 35 14 17 22 28 41
110 56 53 50 40 39 37 40 32 28 31 36 29 20 23 28 34 15 18 23 29 42
110 56 53 50 40 39 36 39 31 28 31 36 29 21 24 29 35 15 18 23 29 42
110 56 53 49 39 38 37 40 32 28 31 36 29 21 24 29 35 15 18 23 29 42
111 57 54 50 40 39 37 40 32 28 31 36 29 21 24 29 35 15 18 23 29 42
111 57 54 50 40 39 37 40 32 28 31 36 29 20 23 28 34 16 19 24 30 43
111 57 54 50 40 39 36 39 31 28 31 36 29 21 24 29 35 16 19 24 30 43
111 57 54 49 39 38 37 40 32 28 31 36 29 21 24 29 35 16 19 24 30 43
112 57 54 51 41 40 38 41 33 28 31 36 29 21 24 29 35 15 18 23 29 42
112 57 54 51 41 40 37 40 32 28 31 36 29 21 24 29 35 16 19 24 30 43
113 58 55 51 41 40 38 41 33 29 32 37 30 22 25 30 36 14 17 22 28 41
113 58 55 51 41 40 38 41 33 29 32 37 30 21 24 29 35 15 18 23 29 42
113 58 55 51 41 40 38 41 33 29 32 37 30 20 23 28 34 16 19 24 30 43
113 58 55 51 41 40 38 41 33 28 31 36 29 22 25 30 36 15 18 23 29 42
113 58 55 51 41 40 38 41 33 28 31 36 29 21 24 29 35 16 19 24 30 43
113 58 55 51 41 40 37 40 32 29 32 37 30 22 25 30 36 15 18 23 29 42
113 58 55 51 41 40 37 40 32 29 32 37 30 21 24 29 35 16 19 24 30 43
113 58 55 51 41 40 37 40 32 28 31 36 29 22 25 30 36 16 19 24 30 43
113 58 55 51 41 40 36 39 31 29 32 37 30 22 25 30 36 16 19 24 30 43
113 58 55 50 40 39 38 41 33 29 32 37 30 22 25 30 36 15 18 23 29 42
113 58 55 50 40 39 38 41 33 29 32 37 30 21 24 29 35 16 19 24 30 43
113 57 54 51 41 40 38 41 33 29 32 37 30 22 25 30 36 15 18 23 29 42
114 58 55 51 41 40 38 41 33 29 32 37 30 22 25 30 36 16 19 24 30 43
115 59 56 52 42 41 39 42 34 29 32 37 30 22 25 30 36 15 18 23 29 42
115 59 56 52 42 41 39 42 34 29 32 37 30 21 24 29 35 16 19 24 30 43
115 59 56 52 42 41 38 41 33 29 32 37 30 22 25 30 36 16 19 24 30 43
115 59 56 52 42 41 38 41 33 29 32 37 30 21 24 29 35 17 20 25 31 44
115 59 56 52 42 41 38 41 33 28 31 36 29 22 25 30 36 17 20 25 31 44
115 59 56 52 42 41 37 40 32 29 32 37 30 22 25 30 36 17 20 25 31 44
115 59 56 51 41 40 39 42 34 29 32 37 30 22 25 30 36 16 19 24 30 43
115 59 56 51 41 40 38 41 33 29 32 37 30 22 25 30 36 17 20 25 31 44
117 60 57 53 43 42 39 42 34 30 33 38 31 23 26 31 37 15 18 23 29 42
117 60 57 53 43 42 39 42 34 30 33 38 31 22 25 30 36 16 19 24 30 43
117 60 57 53 43 42 39 42 34 30 33 38 31 21 24 29 35 17 20 25 31 44
117 60 57 53 43 42 39 42 34 29 32 37 30 23 26 31 37 16 19 24 30 43
117 60 57 53 43 42 39 42 34 29 32 37 30 22 25 30 36 17 20 25 31 44
117 60 57 53 43 42 39 42 34 28 31 36 29 23 26 31 37 17 20 25 31 44
117 60 57 53 43 42 38 41 33 30 33 38 31 23 26 31 37 16 19 24 30 43
117 60 57 53 43 42 38 41 33 30 33 38 31 22 25 30 36 17 20 25 31 44
117 60 57 53 43 42 38 41 33 29 32 37 30 23 26 31 37 17 20 25 31 44
117 60 57 53 43 42 37 40 32 30 33 38 31 23 26 31 37 17 20 25 31 44
117 60 57 52 42 41 39 42 34 30 33 38 31 23 26 31 37 16 19 24 30 43
117 60 57 52 42 41 39 42 34 30 33 38 31 22 25 30 36 17 20 25 31 44
117 60 57 52 42 41 39 42 34 29 32 37 30 23 26 31 37 17 20 25 31 44
117 60 57 52 42 41 38 41 33 30 33 38 31 23 26 31 37 17 20 25 31 44
117 60 57 51 41 40 39 42 34 30 33 38 31 23 26 31 37 17 20 25 31 44
117 59 56 53 43 42 39 42 34 30 33 38 31 23 26 31 37 16 19 24 30 43
117 59 56 53 43 42 39 42 34 30 33 38 31 22 25 30 36 17 20 25 31 44
117 59 56 53 43 42 38 41 33 30 33 38 31 23 26 31 37 17 20 25 31 44
118 60 57 53 43 42 40 43 35 30 33 38 31 23 26 31 37 16 19 24 30 43
118 60 57 53 43 42 39 42 34 30 33 38 31 23 26 31 37 17 20 25 31 44
119 61 58 53 43 42 40 43 35 30 33 38 31 23 26 31 37 17 20 25 31 44
120 61 58 54 44 43 40 43 35 31 34 39 32 23 26 31 37 17 20 25 31 44
120 61 58 54 44 43 40 43 35 31 34 39 32 22 25 30 36 18 21 26 32 45
120 61 58 54 44 43 40 43 35 30 33 38 31 23 26 31 37 18 21 26 32 45
120 61 58 54 44 43 39 42 34 31 34 39 32 23 26 31 37 18 21 26 32 45
120 61 58 53 43 42 40 43 35 31 34 39 32 23 26 31 37 18 21 26 32 45
121 62 59 54 44 43 41 44 36 31 34 39 32 24 27 32 38 16 19 24 30 43
121 62 59 54 44 43 41 44 36 31 34 39 32 23 26 31 37 17 20 25 31 44
121 62 59 54 44 43 41 44 36 31 34 39 32 22 25 30 36 18 21 26 32 45
121 62 59 54 44 43 41 44 36 30 33 38 31 24 27 32 38 17 20 25 31 44
121 62 59 54 44 43 40 43 35 31 34 39 32 24 27 32 38 17 20 25 31 44
121 62 59 54 44 43 40 43 35 31 34 39 32 23 26 31 37 18 21 26 32 45
121 62 59 54 44 43 40 43 35 30 33 38 31 24 27 32 38 18 21 26 32 45
121 62 59 54 44 43 39 42 34 31 34 39 32 24 27 32 38 18 21 26 32 45
121 62 59 53 43 42 41 44 36 31 34 39 32 24 27 32 38 17 20 25 31 44
121 62 59 53 43 42 41 44 36 31 34 39 32 23 26 31 37 18 21 26 32 45
121 62 59 53 43 42 40 43 35 31 34 39 32 24 27 32 38 18 21 26 32 45
121 61 58 54 44 43 40 43 35 31 34 39 32 24 27 32 38 18 21 26 32 45
122 62 59 55 45 44 41 44 36 31 34 39 32 24 27 32 38 17 20 25 31 44
122 62 59 55 45 44 41 44 36 31 34 39 32 23 26 31 37 18 21 26 32 45
122 62 59 55 45 44 40 43 35 31 34 39 32 24 27 32 38 18 21 26 32 45
123 63 60 55 45 44 41 44 36 31 34 39 32 24 27 32 38 18 21 26 32 45
124 63 60 55 45 44 42 45 37 32 35 40 33 24 27 32 38 18 21 26 32 45
124 63 60 55 45 44 41 44 36 32 35 40 33 24 27 32 38 19 22 27 33 46
125 64 61 56 46 45 42 45 37 32 35 40 33 25 28 33 39 17 20 25 31 44
125 64 61 56 46 45 42 45 37 32 35 40 33 24 27 32 38 18 21 26 32 45
125 64 61 56 46 45 42 45 37 32 35 40 33 23 26 31 37 19 22 27 33 46
125 64 61 56 46 45 42 45 37 31 34 39 32 25 28 33 39 18 21 26 32 45
125 64 61 56 46 45 42 45 37 31 34 39 32 24 27 32 38 19 22 27 33 46
125 64 61 56 46 45 41 44 36 32 35 40 33 25 28 33 39 18 21 26 32 45
125 64 61 56 46 45 41 44 36 32 35 40 33 24 27 32 38 19 22 27 33 46
125 64 61 56 46 45 41 44 36 31 34 39 32 25 28 33 39 19 22 27 33 46
125 64 61 56 46 45 40 43 35 32 35 40 33 25 28 33 39 19 22 27 33 46
125 64 61 55 45 44 42 45 37 32 35 40 33 25 28 33 39 18 21 26 32 45
125 64 61 55 45 44 42 45 37 32 35 40 33 24 27 32 38 19 22 27 33 46
125 64 61 55 45 44 42 45 37 31 34 39 32 25 28 33 39 19 22 27 33 46
125 64 61 55 45 44 41 44 36 32 35 40 33 25 28 33 39 19 22 27 33 46
125 64 61 54 44 43 42 45 37 32 35 40 33 25 28 33 39 19 22 27 33 46
125 63 60 56 46 45 42 45 37 32 35 40 33 25 28 33 39 18 21 26 32 45
125 63 60 56 46 45 41 44 36 32 35 40 33 25 28 33 39 19 22 27 33 46
126 64 61 56 46 45 42 45 37 32 35 40 33 25 28 33 39 19 22 27 33 46
127 65 62 57 47 46 43 46 38 33 36 41 34 25 28 33 39 17 20 25 31 44
127 65 62 57 47 46 43 46 38 33 36 41 34 24 27 32 38 18 21 26 32 45
127 65 62 57 47 46 43 46 38 33 36 41 34 23 26 31 37 19 22 27 33 46
127 65 62 57 47 46 43 46 38 32 35 40 33 25 28 33 39 18 21 26 32 45
127 65 62 57 47 46 43 46 38 32 35 40 33 24 27 32 38 19 22 27 33 46
127 65 62 57 47 46 42 45 37 33 36 41 34 25 28 33 39 18 21 26 32 45
127 65 62 57 47 46 42 45 37 33 36 41 34 24 27 32 38 19 22 27 33 46
127 65 62 57 47 46 42 45 37 32 35 40 33 25 28 33 39 19 22 27 33 46
127 65 62 57 47 46 41 44 36 33 36 41 34 25 28 33 39 19 22 27 33 46
127 65 62 56 46 45 43 46 38 33 36 41 34 25 28 33 39 18 21 26 32 45
127 65 62 56 46 45 43 46 38 33 36 41 34 24 27 32 38 19 22 27 33 46
127 65 62 56 46 45 42 45 37 33 36 41 34 25 28 33 39 19 22 27 33 46
127 65 62 55 45 44 43 46 38 33 36 41 34 25 28 33 39 19 22 27 33 46
127 64 61 57 47 46 43 46 38 33 36 41 34 25 28 33 39 18 21 26 32 45
127 64 61 57 47 46 42 45 37 33 36 41 34 25 28 33 39 19 22 27 33 46
128 65 62 57 47 46 43 46 38 33 36 41 34 25 28 33 39 19 22 27 33 46
129 66 63 57 47 46 43 46 38 33 36 41 34 26 29 34 40 19 22 27 33 46
129 66 63 57 47 46 43 46 38 33 36 41 34 25 28 33 39 20 23 28 34 47
129 66 63 57 47 46 43 46 38 32 35 40 33 26 29 34 40 20 23 28 34 47
129 66 63 57 47 46 42 45 37 33 36 41 34 26 29 34 40 20 23 28 34 47
129 66 63 56 46 45 43 46 38 33 36 41 34 26 29 34 40 20 23 28 34 47
129 65 62 57 47 46 43 46 38 33 36 41 34 26 29 34 40 20 23 28 34 47
130 66 63 58 48 47 44 47 39 33 36 41 34 26 29 34 40 19 22 27 33 46
130 66 63 58 48 47 43 46 38 33 36 41 34 26 29 34 40 20 23 28 34 47
131 67 64 58 48 47 44 47 39 34 37 42 35 26 29 34 40 19 22 27 33 46
131 67 64 58 48 47 44 47 39 34 37 42 35 25 28 33 39 20 23 28 34 47
131 67 64 58 48 47 44 47 39 33 36 41 34 26 29 34 40 20 23 28 34 47
131 67 64 58 48 47 43 46 38 34 37 42 35 26 29 34 40 20 23 28 34 47
131 67 64 57 47 46 44 47 39 34 37 42 35 26 29 34 40 20 23 28 34 47
132 67 64 59 49 48 44 47 39 34 37 42 35 26 29 34 40 20 23 28 34 47
133 68 65 59 49 48 45 48 40 34 37 42 35 27 30 35 41 19 22 27 33 46
133 68 65 59 49 48 45 48 40 34 37 42 35 26 29 34 40 20 23 28 34 47
133 68 65 59 49 48 45 48 40 34 37 42 35 25 28 33 39 21 24 29 35 48
133 68 65 59 49 48 45 48 40 33 36 41 34 27 30 35 41 20 23 28 34 47
133 68 65 59 49 48 44 47 39 34 37 42 35 27 30 35 41 20 23 28 34 47
133 68 65 59 49 48 44 47 39 34 37 42 35 26 29 34 40 21 24 29 35 48
133 68 65 59 49 48 44 47 39 33 36 41 34 27 30 35 41 21 24 29 35 48
133 68 65 59 49 48 43 46 38 34 37 42 35 27 30 35 41 21 24 29 35 48
133 68 65 58 48 47 45 48 40 34 37 42 35 27 30 35 41 20 23 28 34 47
133 68 65 58 48 47 44 47 39 34 37 42 35 27 30 35 41 21 24 29 35 48
133 67 64 59 49 48 44 47 39 34 37 42 35 27 30 35 41 21 24 29 35 48
134 68 65 59 49 48 45 48 40 35 38 43 36 27 30 35 41 20 23 28 34 47
134 68 65 59 49 48 45 48 40 35 38 43 36 26 29 34 40 21 24 29 35 48
134 68 65 59 49 48 45 48 40 34 37 42 35 27 30 35 41 21 24 29 35 48
134 68 65 59 49 48 44 47 39 35 38 43 36 27 30 35 41 21 24 29 35 48
135 69 66 60 50 49 45 48 40 35 38 43 36 27 30 35 41 20 23 28 34 47
135 69 66 60 50 49 45 48 40 35 38 43 36 26 29 34 40 21 24 29 35 48
135 69 66 60 50 49 45 48 40 34 37 42 35 27 30 35 41 21 24 29 35 48
135 69 66 60 50 49 44 47 39 35 38 43 36 27 30 35 41 21 24 29 35 48
135 69 66 59 49 48 45 48 40 35 38 43 36 27 30 35 41 21 24 29 35 48
135 68 65 60 50 49 45 48 40 35 38 43 36 27 30 35 41 21 24 29 35 48
136 69 66 60 50 49 46 49 41 35 38 43 36 27 30 35 41 21 24 29 35 48
137 70 67 61 51 50 46 49 41 35 38 43 36 28 31 36 42 20 23 28 34 47
137 70 67 61 51 50 46 49 41 35 38 43 36 27 30 35 41 21 24 29 35 48
137 70 67 61 51 50 46 49 41 34 37 42 35 28 31 36 42 21 24 29 35 48
137 70 67 61 51 50 45 48 40 35 38 43 36 28 31 36 42 21 24 29 35 48
137 70 67 60 50 49 46 49 41 35 38 43 36 28 31 36 42 21 24 29 35 48
137 69 66 61 51 50 46 49 41 35 38 43 36 28 31 36 42 21 24 29 35 48
138 70 67 61 51 50 46 49 41 36 39 44 37 28 31 36 42 21 24 29 35 48
138 70 67 61 51 50 46 49 41 36 39 44 37 27 30 35 41 22 25 30 36 49
138 70 67 61 51 50 46 49 41 35 38 43 36 28 31 36 42 22 25 30 36 49
138 70 67 61 51 50 45 48 40 36 39 44 37 28 31 36 42 22 25 30 36 49
138 70 67 60 50 49 46 49 41 36 39 44 37 28 31 36 42 22 25 30 36 49
139 71 68 61 51 50 47 50 42 36 39 44 37 28 31 36 42 21 24 29 35 48
139 71 68 61 51 50 47 50 42 36 39 44 37 27 30 35 41 22 25 30 36 49
139 71 68 61 51 50 47 50 42 35 38 43 36 28 31 36 42 22 25 30 36 49
139 71 68 61 51 50 46 49 41 36 39 44 37 28 31 36 42 22 25 30 36 49
139 71 68 60 50 49 47 50 42 36 39 44 37 28 31 36 42 22 25 30 36 49
140 71 68 62 52 51 47 50 42 36 39 44 37 28 31 36 42 22 25 30 36 49
141 72 69 62 52 51 47 50 42 37 40 45 38 29 32 37 43 21 24 29 35 48
141 72 69 62 52 51 47 50 42 37 40 45 38 28 31 36 42 22 25 30 36 49
141 72 69 62 52 51 47 50 42 36 39 44 37 29 32 37 43 22 25 30 36 49
141 72 69 62 52 51 46 49 41 37 40 45 38 29 32 37 43 22 25 30 36 49
141 72 69 61 51 50 47 50 42 37 40 45 38 29 32 37 43 22 25 30 36 49
141 71 68 62 52 51 47 50 42 37 40 45 38 29 32 37 43 22 25 30 36 49
142 72 69 63 53 52 48 51 43 37 40 45 38 29 32 37 43 21 24 29 35 48
142 72 69 63 53 52 48 51 43 37 40 45 38 28 31 36 42 22 25 30 36 49
142 72 69 63 53 52 48 51 43 37 40 45 38 27 30 35 41 23 26 31 37 50
142 72 69 63 53 52 48 51 43 36 39 44 37 29 32 37 43 22 25 30 36 49
142 72 69 63 53 52 47 50 42 37 40 45 38 29 32 37 43 22 25 30 36 49
142 72 69 63 53 52 47 50 42 37 40 45 38 28 31 36 42 23 26 31 37 50
142 72 69 63 53 52 47 50 42 36 39 44 37 29 32 37 43 23 26 31 37 50
142 72 69 63 53 52 46 49 41 37 40 45 38 29 32 37 43 23 26 31 37 50
142 72 69 62 52 51 48 51 43 37 40 45 38 29 32 37 43 22 25 30 36 49
142 72 69 62 52 51 47 50 42 37 40 45 38 29 32 37 43 23 26 31 37 50
142 71 68 63 53 52 47 50 42 37 40 45 38 29 32 37 43 23 26 31 37 50
143 73 70 63 53 52 48 51 43 37 40 45 38 29 32 37 43 22 25 30 36 49
143 73 70 63 53 52 48 51 43 37 40 45 38 28 31 36 42 23 26 31 37 50
143 73 70 63 53 52 48 51 43 36 39 44 37 29 32 37 43 23 26 31 37 50
143 73 70 63 53 52 47 50 42 37 40 45 38 29 32 37 43 23 26 31 37 50
143 73 70 62 52 51 48 51 43 37 40 45 38 29 32 37 43 23 26 31 37 50
143 72 69 63 53 52 48 51 43 37 40 45 38 29 32 37 43 23 26 31 37 50
145 74 71 64 54 53 49 52 44 38 41 46 39 30 33 38 44 21 24 29 35 48
145 74 71 64 54 53 49 52 44 38 41 46 39 29 32 37 43 22 25 30 36 49
145 74 71 64 54 53 49 52 44 38 41 46 39 28 31 36 42 23 26 31 37 50
145 74 71 64 54 53 49 52 44 37 40 45 38 30 33 38 44 22 25 30 36 49
145 74 71 64 54 53 49 52 44 37 40 45 38 29 32 37 43 23 26 31 37 50
145 74 71 64 54 53 49 52 44 36 39 44 37 30 33 38 44 23 26 31 37 50
145 74 71 64 54 53 48 51 43 38 41 46 39 30 33 38 44 22 25 30 36 49
145 74 71 64 54 53 48 51 43 38 41 46 39 29 32 37 43 23 26 31 37 50
145 74 71 64 54 53 48 51 43 37 40 45 38 30 33 38 44 23 26 31 37 50
145 74 71 64 54 53 47 50 42 38 41 46 39 30 33 38 44 23 26 31 37 50
145 74 71 63 53 52 49 52 44 38 41 46 39 30 33 38 44 22 25 30 36 49
145 74 71 63 53 52 49 52 44 38 41 46 39 29 32 37 43 23 26 31 37 50
145 74 71 63 53 52 49 52 44 37 40 45 38 30 33 38 44 23 26 31 37 50
145 74 71 63 53 52 48 51 43 38 41 46 39 30 33 38 44 23 26 31 37 50
145 74 71 62 52 51 49 52 44 38 41 46 39 30 33 38 44 23 26 31 37 50
145 73 70 64 54 53 49 52 44 38 41 46 39 30 33 38 44 22 25 30 36 49
145 73 70 64 54 53 49 52 44 38 41 46 39 29 32 37 43 23 26 31 37 50
145 73 70 64 54 53 48 51 43 38 41 46 39 30 33 38 44 23 26 31 37 50
145 73 70 63 53 52 49 52 44 38 41 46 39 30 33 38 44 23 26 31 37 50
146 74 71 64 54 53 49 52 44 38 41 46 39 30 33 38 44 23 26 31 37 50
147 75 72 65 55 54 49 52 44 38 41 46 39 30 33 38 44 23 26 31 37 50
147 75 72 65 55 54 49 52 44 38 41 46 39 29 32 37 43 24 27 32 38 51
147 75 72 65 55 54 49 52 44 37 40 45 38 30 33 38 44 24 27 32 38 51
147 75 72 65 55 54 48 51 43 38 41 46 39 30 33 38 44 24 27 32 38 51
147 75 72 64 54 53 49 52 44 38 41 46 39 30 33 38 44 24 27 32 38 51
147 74 71 65 55 54 49 52 44 38 41 46 39 30 33 38 44 24 27 32 38 51
148 75 72 65 55 54 50 53 45 39 42 47 40 30 33 38 44 23 26 31 37 50
148 75 72 65 55 54 50 53 45 39 42 47 40 29 32 37 43 24 27 32 38 51
148 75 72 65 55 54 50 53 45 38 41 46 39 30 33 38 44 24 27 32 38 51
148 75 72 65 55 54 49 52 44 39 42 47 40 30 33 38 44 24 27 32 38 51
148 75 72 64 54 53 50 53 45 39 42 47 40 30 33 38 44 24 27 32 38 51
149 76 73 65 55 54 50 53 45 39 42 47 40 31 34 39 45 23 26 31 37 50
149 76 73 65 55 54 50 53 45 39 42 47 40 30 33 38 44 24 27 32 38 51
149 76 73 65 55 54 50 53 45 38 41 46 39 31 34 39 45 24 27 32 38 51
149 76 73 65 55 54 49 52 44 39 42 47 40 31 34 39 45 24 27 32 38 51
149 76 73 64 54 53 50 53 45 39 42 47 40 31 34 39 45 24 27 32 38 51
149 75 72 65 55 54 50 53 45 39 42 47 40 31 34 39 45 24 27 32 38 51
150 76 73 66 56 55 50 53 45 39 42 47 40 31 34 39 45 24 27 32 38 51
151 77 74 66 56 55 51 54 46 39 42 47 40 31 34 39 45 24 27 32 38 51
151 77 74 66 56 55 51 54 46 39 42 47 40 30 33 38 44 25 28 33 39 52
151 77 74 66 56 55 50 53 45 39 42 47 40 31 34 39 45 25 28 33 39 52
151 77 74 65 55 54 51 54 46 39 42 47 40 31 34 39 45 25 28 33 39 52
152 77 74 67 57 56 51 54 46 40 43 48 41 31 34 39 45 24 27 32 38 51
152 77 74 67 57 56 51 54 46 40 43 48 41 30 33 38 44 25 28 33 39 52
152 77 74 67 57 56 51 54 46 39 42 47 40 31 34 39 45 25 28 33 39 52
152 77 74 67 57 56 50 53 45 40 43 48 41 31 34 39 45 25 28 33 39 52
152 77 74 66 56 55 51 54 46 40 43 48 41 31 34 39 45 25 28 33 39 52
152 76 73 67 57 56 51 54 46 40 43 48 41 31 34 39 45 25 28 33 39 52
