p 263 h 77 constraints 6156
0 0 1 0
1 0 1 1
2 0 1 2
3 0 1 3
4 0 1 4
5 0 1 5
6 0 1 6
7 0 1 7
8 0 1 8
9 0 1 9
10 0 1 10
11 0 1 11
12 0 1 12
13 0 1 13
14 0 1 14
15 0 1 15
16 0 1 16
17 0 1 17
18 0 1 18
19 0 1 19
20 0 1 20
21 0 1 21
22 0 1 22
23 0 1 23
24 0 1 24
25 0 1 25
26 0 1 26
27 0 1 27
28 0 1 28
29 0 1 29
30 0 1 30
31 0 1 31
32 0 1 32
33 0 1 33
34 0 1 34
35 1 1 2
36 1 1 3
37 1 1 4
38 1 1 5
39 1 1 6
40 1 1 7
41 1 1 8
42 1 1 9
43 1 1 10
44 1 1 11
45 1 1 12
46 1 1 13
47 1 1 14
48 1 1 15
49 1 1 16
50 1 1 17
51 1 1 18
52 1 1 19
53 1 1 20
54 1 1 21
55 1 1 22
56 1 1 23
57 1 1 24
58 1 1 25
59 1 1 26
60 1 1 27
61 1 1 28
62 1 1 29
63 1 1 30
64 1 1 31
65 1 1 32
66 1 1 33
67 1 1 34
68 2 1 4
69 2 1 5
70 2 1 6
71 2 1 7
72 2 1 8
73 2 1 9
74 2 1 10
75 2 1 11
76 2 1 12
77 2 1 13
78 2 1 14
79 2 1 15
80 2 1 16
81 2 1 17
82 2 1 18
83 2 1 19
84 2 1 20
85 2 1 21
86 2 1 22
87 2 1 23
88 2 1 24
89 2 1 25
90 2 1 26
91 2 1 27
92 2 1 28
93 2 1 29
94 2 1 30
95 2 1 31
96 2 1 32
97 2 1 33
98 2 1 34
99 3 1 6
100 3 1 7
101 3 1 8
102 3 1 9
103 3 1 10
104 3 1 11
105 3 1 12
106 3 1 13
107 3 1 14
108 3 1 15
109 3 1 16
110 3 1 17
111 3 1 18
112 3 1 19
113 3 1 20
114 3 1 21
115 3 1 22
116 3 1 23
117 3 1 24
118 3 1 25
119 3 1 26
120 3 1 27
121 3 1 28
122 3 1 29
123 3 1 30
124 3 1 31
125 3 1 32
126 3 1 33
127 3 1 34
128 4 1 8
129 4 1 9
130 4 1 10
131 4 1 11
132 4 1 12
133 4 1 13
134 4 1 14
135 4 1 15
136 4 1 16
137 4 1 17
138 4 1 18
139 4 1 19
140 4 1 20
141 4 1 21
142 4 1 22
143 4 1 23
144 4 1 24
145 4 1 25
146 4 1 26
147 4 1 27
148 4 1 28
149 4 1 29
150 4 1 30
151 4 1 31
152 4 1 32
153 4 1 33
154 4 1 34
155 5 1 10
156 5 1 11
157 5 1 12
158 5 1 13
159 5 1 14
160 5 1 15
161 5 1 16
162 5 1 17
163 5 1 18
164 5 1 19
165 5 1 20
166 5 1 21
167 5 1 22
168 5 1 23
169 5 1 24
170 5 1 25
171 5 1 26
172 5 1 27
173 5 1 28
174 5 1 29
175 5 1 30
176 5 1 31
177 5 1 32
178 5 1 33
179 5 1 34
180 6 1 12
181 6 1 13
182 6 1 14
183 6 1 15
184 6 1 16
185 6 1 17
186 6 1 18
187 6 1 19
188 6 1 20
189 6 1 21
190 6 1 22
191 6 1 23
192 6 1 24
193 6 1 25
194 6 1 26
195 6 1 27
196 6 1 28
197 6 1 29
198 6 1 30
199 6 1 31
200 6 1 32
201 6 1 33
202 6 1 34
203 7 1 14
204 7 1 15
205 7 1 16
206 7 1 17
207 7 1 18
208 7 1 19
209 7 1 20
210 7 1 21
211 7 1 22
212 7 1 23
213 7 1 24
214 7 1 25
215 7 1 26
216 7 1 27
217 7 1 28
218 7 1 29
219 7 1 30
220 7 1 31
221 7 1 32
222 7 1 33
223 7 1 34
224 8 1 16
225 8 1 17
226 8 1 18
227 8 1 19
228 8 1 20
229 8 1 21
230 8 1 22
231 8 1 23
232 8 1 24
233 8 1 25
234 8 1 26
235 8 1 27
236 8 1 28
237 8 1 29
238 8 1 30
239 8 1 31
240 8 1 32
241 8 1 33
242 8 1 34
243 9 1 18
244 9 1 19
245 9 1 20
246 9 1 21
247 9 1 22
248 9 1 23
249 9 1 24
250 9 1 25
251 9 1 26
252 9 1 27
253 9 1 28
254 9 1 29
255 9 1 30
256 9 1 31
257 9 1 32
258 9 1 33
259 9 1 34
260 10 1 20
261 10 1 21
262 10 1 22
263 10 1 23
264 10 1 24
265 10 1 25
266 10 1 26
267 10 1 27
268 10 1 28
269 10 1 29
270 10 1 30
271 10 1 31
272 10 1 32
273 10 1 33
274 10 1 34
275 11 1 22
276 11 1 23
277 11 1 24
278 11 1 25
279 11 1 26
280 11 1 27
281 11 1 28
282 11 1 29
283 11 1 30
284 11 1 31
285 11 1 32
286 11 1 33
287 11 1 34
288 12 1 24
289 12 1 25
290 12 1 26
291 12 1 27
292 12 1 28
293 12 1 29
294 12 1 30
295 12 1 31
296 12 1 32
297 12 1 33
298 12 1 34
299 13 1 26
300 13 1 27
301 13 1 28
302 13 1 29
303 13 1 30
304 13 1 31
305 13 1 32
306 13 1 33
307 13 1 34
308 14 1 28
309 14 1 29
310 14 1 30
311 14 1 31
312 14 1 32
313 14 1 33
314 14 1 34
315 15 1 30
316 15 1 31
317 15 1 32
318 15 1 33
319 15 1 34
320 16 1 32
321 16 1 33
322 16 1 34
323 17 1 34
324 18 1 36
325 17 262 35
326 17 262 36
327 16 1 35
328 16 1 36
329 15 262 35
330 15 262 36
331 14 1 35
332 14 1 36
333 13 262 35
334 13 262 36
335 12 1 35
336 12 1 36
337 11 262 35
338 11 262 36
339 10 1 35
340 10 1 36
341 9 262 35
342 9 262 36
343 8 1 35
344 8 1 36
345 7 262 35
346 19 1 38
347 18 262 37
348 18 262 38
349 17 1 37
350 17 1 38
351 16 262 37
352 16 262 38
353 15 1 37
354 15 1 38
355 14 262 37
356 14 262 38
357 13 1 37
358 13 1 38
359 12 262 37
360 12 262 38
361 11 1 37
362 11 1 38
363 10 262 37
364 10 262 38
365 9 1 37
366 9 1 38
367 20 1 40
368 19 262 39
369 19 262 40
370 18 1 39
371 18 1 40
372 17 262 39
373 17 262 40
374 16 1 39
375 16 1 40
376 15 262 39
377 15 262 40
378 14 1 39
379 14 1 40
380 13 262 39
381 13 262 40
382 12 1 39
383 12 1 40
384 11 262 39
385 11 262 40
386 10 1 39
387 21 1 42
388 20 262 41
389 20 262 42
390 19 1 41
391 19 1 42
392 18 262 41
393 18 262 42
394 17 1 41
395 17 1 42
396 16 262 41
397 16 262 42
398 15 1 41
399 15 1 42
400 14 262 41
401 14 262 42
402 13 1 41
403 13 1 42
404 12 262 41
405 12 262 42
406 22 1 44
407 21 262 43
408 21 262 44
409 20 1 43
410 20 1 44
411 19 262 43
412 19 262 44
413 18 1 43
414 18 1 44
415 17 262 43
416 17 262 44
417 16 1 43
418 16 1 44
419 15 262 43
420 15 262 44
421 14 1 43
422 14 1 44
423 13 262 43
424 23 1 46
425 22 262 45
426 22 262 46
427 21 1 45
428 21 1 46
429 20 262 45
430 20 262 46
431 19 1 45
432 19 1 46
433 18 262 45
434 18 262 46
435 17 1 45
436 17 1 46
437 16 262 45
438 16 262 46
439 15 1 45
440 15 1 46
441 24 1 48
442 23 262 47
443 23 262 48
444 22 1 47
445 22 1 48
446 21 262 47
447 21 262 48
448 20 1 47
449 20 1 48
450 19 262 47
451 19 262 48
452 18 1 47
453 18 1 48
454 17 262 47
455 17 262 48
456 16 1 47
457 25 1 50
458 24 262 49
459 24 262 50
460 23 1 49
461 23 1 50
462 22 262 49
463 22 262 50
464 21 1 49
465 21 1 50
466 20 262 49
467 20 262 50
468 19 1 49
469 19 1 50
470 18 262 49
471 18 262 50
472 26 1 52
473 25 262 51
474 25 262 52
475 24 1 51
476 24 1 52
477 23 262 51
478 23 262 52
479 22 1 51
480 22 1 52
481 21 262 51
482 21 262 52
483 20 1 51
484 20 1 52
485 19 262 51
486 27 1 54
487 26 262 53
488 26 262 54
489 25 1 53
490 25 1 54
491 24 262 53
492 24 262 54
493 23 1 53
494 23 1 54
495 22 262 53
496 22 262 54
497 21 1 53
498 21 1 54
499 28 1 56
500 27 262 55
501 27 262 56
502 26 1 55
503 26 1 56
504 25 262 55
505 25 262 56
506 24 1 55
507 24 1 56
508 23 262 55
509 23 262 56
510 22 1 55
511 29 1 58
512 28 262 57
513 28 262 58
514 27 1 57
515 27 1 58
516 26 262 57
517 26 262 58
518 25 1 57
519 25 1 58
520 24 262 57
521 24 262 58
522 30 1 60
523 29 262 59
524 29 262 60
525 28 1 59
526 28 1 60
527 27 262 59
528 27 262 60
529 26 1 59
530 26 1 60
531 25 262 59
532 31 1 62
533 30 262 61
534 30 262 62
535 29 1 61
536 29 1 62
537 28 262 61
538 28 262 62
539 27 1 61
540 27 1 62
541 32 1 64
542 31 262 63
543 31 262 64
544 30 1 63
545 30 1 64
546 29 262 63
547 29 262 64
548 28 1 63
549 33 1 66
550 32 262 65
551 32 262 66
552 31 1 65
553 31 1 66
554 30 262 65
555 30 262 66
556 34 1 68
557 33 262 67
558 33 262 68
559 32 1 67
560 32 1 68
561 31 262 67
562 35 1 70
563 34 262 69
564 34 262 70
565 33 1 69
566 33 1 70
567 36 1 72
568 35 262 71
569 35 262 72
570 34 1 71
571 37 1 74
572 36 262 73
573 36 262 74
574 38 1 76
575 37 262 75
576 39 1 78
577 40 35 80
578 38 244 77
579 37 94 76
580 35 227 73
581 34 12 72
582 32 1 69
583 31 175 68
584 29 168 65
585 28 207 64
586 26 83 61
587 25 60 60
588 23 5 57
589 22 86 56
590 20 51 53
591 19 246 52
592 17 152 49
593 41 35 82
594 39 244 79
595 38 94 78
596 36 227 75
597 35 12 74
598 33 1 71
599 32 175 70
600 30 168 67
601 29 207 66
602 27 83 63
603 26 60 62
604 24 5 59
605 23 86 58
606 21 51 55
607 20 246 54
608 42 35 84
609 40 244 81
610 39 94 80
611 37 227 77
612 36 12 76
613 34 1 73
614 33 175 72
615 31 168 69
616 30 207 68
617 28 83 65
618 27 60 64
619 25 5 61
620 24 86 60
621 22 51 57
622 43 35 86
623 41 244 83
624 40 94 82
625 38 227 79
626 37 12 78
627 35 1 75
628 34 175 74
629 32 168 71
630 31 207 70
631 29 83 67
632 28 60 66
633 26 5 63
634 25 86 62
635 44 35 88
636 42 244 85
637 41 94 84
638 39 227 81
639 38 12 80
640 36 1 77
641 35 175 76
642 33 168 73
643 32 207 72
644 30 83 69
645 29 60 68
646 27 5 65
647 45 35 90
648 43 244 87
649 42 94 86
650 40 227 83
651 39 12 82
652 37 1 79
653 36 175 78
654 34 168 75
655 33 207 74
656 31 83 71
657 30 60 70
658 46 35 92
659 44 244 89
660 43 94 88
661 41 227 85
662 40 12 84
663 38 1 81
664 37 175 80
665 35 168 77
666 34 207 76
667 32 83 73
668 47 35 94
669 45 244 91
670 44 94 90
671 42 227 87
672 41 12 86
673 39 1 83
674 38 175 82
675 36 168 79
676 35 207 78
677 48 35 96
678 46 244 93
679 45 94 92
680 43 227 89
681 42 12 88
682 40 1 85
683 39 175 84
684 37 168 81
685 49 35 98
686 47 244 95
687 46 94 94
688 44 227 91
689 43 12 90
690 41 1 87
691 40 175 86
692 50 35 100
693 48 244 97
694 47 94 96
695 45 227 93
696 44 12 92
697 42 1 89
698 51 35 102
699 49 244 99
700 48 94 98
701 46 227 95
702 45 12 94
703 52 35 104
704 50 244 101
705 49 94 100
706 47 227 97
707 53 35 106
708 51 244 103
709 50 94 102
710 54 35 108
711 52 244 105
712 55 35 110
713 56 147 112
714 53 50 107
715 51 67 104
716 48 21 99
717 46 86 96
718 43 235 91
719 41 236 88
720 38 125 83
721 36 36 80
722 33 184 75
723 31 215 72
724 57 147 114
725 54 50 109
726 52 67 106
727 49 21 101
728 47 86 98
729 44 235 93
730 42 236 90
731 39 125 85
732 37 36 82
733 34 184 77
734 58 147 116
735 55 50 111
736 53 67 108
737 50 21 103
738 48 86 100
739 45 235 95
740 43 236 92
741 40 125 87
742 38 36 84
743 59 147 118
744 56 50 113
745 54 67 110
746 51 21 105
747 49 86 102
748 46 235 97
749 44 236 94
750 41 125 89
751 60 147 120
752 57 50 115
753 55 67 112
754 52 21 107
755 50 86 104
756 47 235 99
757 45 236 96
758 61 147 122
759 58 50 117
760 56 67 114
761 53 21 109
762 51 86 106
763 48 235 101
764 62 147 124
765 59 50 119
766 57 67 116
767 54 21 111
768 52 86 108
769 63 147 126
770 60 50 121
771 58 67 118
772 55 21 113
773 64 147 128
774 61 50 123
775 59 67 120
776 65 147 130
777 62 50 125
778 66 147 132
779 67 27 134
780 63 176 127
781 60 161 122
782 56 241 115
783 53 210 110
784 49 200 103
785 46 171 98
786 42 238 91
787 68 27 136
788 64 176 129
789 61 161 124
790 57 241 117
791 54 210 112
792 50 200 105
793 47 171 100
794 69 27 138
795 65 176 131
796 62 161 126
797 58 241 119
798 55 210 114
799 51 200 107
800 70 27 140
801 66 176 133
802 63 161 128
803 59 241 121
804 56 210 116
805 71 27 142
806 67 176 135
807 64 161 130
808 60 241 123
809 72 27 144
810 68 176 137
811 65 161 132
812 73 27 146
813 69 176 139
814 74 27 148
815 0 262 35
816 1 4 35
817 2 247 35
818 3 64 35
819 4 7 35
820 5 235 35
821 6 112 35
822 0 97 36
823 1 219 36
824 2 247 36
825 3 98 36
826 4 168 36
827 5 164 36
828 6 16 36
829 7 185 36
830 0 1 37
831 8 29 37
832 0 262 38
833 0 262 39
834 0 262 40
835 10 178 40
836 0 1 41
837 11 8 41
838 0 262 42
839 0 262 43
840 0 262 44
841 13 167 44
842 1 262 37
843 2 4 37
844 3 247 37
845 4 64 37
846 5 7 37
847 6 235 37
848 7 112 37
849 1 97 38
850 2 219 38
851 3 247 38
852 4 98 38
853 5 168 38
854 6 164 38
855 7 16 38
856 8 185 38
857 1 1 39
858 9 29 39
859 1 262 40
860 1 262 41
861 1 262 42
862 11 178 42
863 1 1 43
864 12 8 43
865 1 262 44
866 0 106 45
867 1 1 45
868 2 262 39
869 3 4 39
870 4 247 39
871 5 64 39
872 6 7 39
873 7 235 39
874 8 112 39
875 2 97 40
876 3 219 40
877 4 247 40
878 5 98 40
879 6 168 40
880 7 164 40
881 8 16 40
882 9 185 40
883 2 1 41
884 10 29 41
885 2 262 42
886 2 262 43
887 2 262 44
888 12 178 44
889 2 1 45
890 13 8 45
891 14 181 45
892 1 12 46
893 3 262 41
894 4 4 41
895 5 247 41
896 6 64 41
897 7 7 41
898 8 235 41
899 9 112 41
900 3 97 42
901 4 219 42
902 5 247 42
903 6 98 42
904 7 168 42
905 8 164 42
906 9 16 42
907 10 185 42
908 3 1 43
909 11 29 43
910 3 262 44
911 3 262 45
912 0 136 46
913 2 57 46
914 3 79 46
915 13 160 46
916 14 194 46
917 4 262 43
918 5 4 43
919 6 247 43
920 7 64 43
921 8 7 43
922 9 235 43
923 10 112 43
924 4 97 44
925 5 219 44
926 6 247 44
927 7 98 44
928 8 168 44
929 9 164 44
930 10 16 44
931 11 185 44
932 4 1 45
933 12 29 45
934 4 262 46
935 0 119 47
936 1 84 47
937 2 204 47
938 3 239 47
939 4 262 47
940 5 262 45
941 6 4 45
942 7 247 45
943 8 64 45
944 9 7 45
945 10 235 45
946 11 112 45
947 5 97 46
948 6 219 46
949 7 247 46
950 8 98 46
951 9 168 46
952 10 164 46
953 11 16 46
954 12 185 46
955 5 1 47
956 13 29 47
957 14 158 47
958 15 170 47
959 1 202 48
960 3 53 48
961 5 262 48
962 6 262 47
963 7 4 47
964 8 247 47
965 9 64 47
966 10 7 47
967 11 235 47
968 12 112 47
969 0 118 48
970 2 6 48
971 4 220 48
972 6 134 48
973 7 20 48
974 8 165 48
975 9 211 48
976 10 53 48
977 11 229 48
978 12 31 48
979 13 216 48
980 14 227 48
981 15 93 48
982 16 4 48
983 0 143 49
984 1 220 49
985 2 130 49
986 3 123 49
987 4 59 49
988 5 141 49
989 6 50 49
990 7 163 49
991 8 168 49
992 9 9 49
993 10 73 49
994 11 62 49
995 12 144 49
996 13 34 49
997 14 44 49
998 15 44 49
999 16 231 49
1000 0 214 50
1001 1 47 50
1002 2 105 50
1003 3 217 50
1004 4 260 50
1005 5 258 50
1006 6 245 50
1007 7 146 50
1008 8 79 50
1009 9 33 50
1010 10 64 50
1011 11 179 50
1012 12 240 50
1013 13 173 50
1014 14 99 50
1015 15 233 50
1016 16 215 50
1017 17 102 50
1018 0 166 51
1019 1 174 51
1020 2 202 51
1021 18 65 51
1022 3 127 51
1023 4 100 51
1024 5 184 51
1025 6 18 51
1026 7 104 51
1027 8 26 51
1028 9 60 51
1029 10 173 51
1030 11 110 51
1031 12 248 51
1032 13 28 51
1033 14 239 51
1034 15 115 51
1035 16 185 51
1036 17 229 51
1037 0 54 52
1038 1 205 52
1039 2 64 52
1040 3 251 52
1041 4 239 52
1042 5 171 52
1043 6 163 52
1044 7 141 52
1045 8 10 52
1046 9 57 52
1047 10 95 52
1048 11 222 52
1049 12 257 52
1050 13 79 52
1051 14 169 52
1052 15 71 52
1053 16 218 52
1054 17 131 52
1055 18 242 52
1056 0 67 53
1057 1 100 53
1058 2 104 53
1059 3 59 53
1060 4 87 53
1061 5 249 53
1062 6 166 53
1063 7 248 53
1064 8 72 53
1065 9 242 53
1066 10 1 53
1067 11 49 53
1068 12 152 53
1069 13 203 53
1070 14 156 53
1071 15 28 53
1072 16 32 53
1073 17 42 53
1074 18 209 53
1075 19 163 53
1076 0 185 54
1077 1 187 54
1078 2 84 54
1079 3 52 54
1080 4 64 54
1081 5 59 54
1082 6 188 54
1083 7 203 54
1084 8 55 54
1085 9 87 54
1086 10 9 54
1087 11 190 54
1088 12 54 54
1089 13 126 54
1090 14 73 54
1091 15 259 54
1092 16 159 54
1093 17 139 54
1094 18 238 54
1095 19 235 54
1096 0 1 55
1097 1 215 55
1098 2 223 55
1099 3 246 55
1100 4 170 55
1101 5 65 55
1102 6 138 55
1103 7 211 55
1104 8 31 55
1105 9 144 55
1106 10 211 55
1107 11 159 55
1108 12 186 55
1109 13 190 55
1110 14 238 55
1111 15 240 55
1112 16 257 55
1113 17 63 55
1114 18 167 55
1115 19 66 55
1116 20 130 55
1117 0 79 56
1118 1 165 56
1119 2 48 56
1120 3 216 56
1121 4 94 56
1122 5 22 56
1123 9 49 56
1124 10 158 56
1125 11 52 56
1126 15 262 56
1127 12 138 56
1128 13 214 56
1129 14 56 56
1130 16 125 56
1131 17 92 56
1132 18 221 56
1133 19 125 56
1134 20 10 56
1135 21 125 56
1136 0 77 57
1137 1 129 57
1138 2 23 57
1139 3 158 57
1140 4 107 57
1141 12 29 57
1142 13 134 57
1143 14 103 57
1144 15 130 57
1145 16 239 57
1146 17 21 57
1147 18 153 57
1148 19 216 57
1149 20 152 57
1150 21 54 57
1151 0 125 58
1152 1 224 58
1153 2 6 58
1154 3 41 58
1155 17 207 58
1156 18 1 58
1157 15 126 58
1158 16 72 58
1159 19 175 58
1160 20 207 58
1161 21 252 58
1162 22 69 58
1163 0 229 59
1164 19 1 59
1165 1 101 59
1166 2 124 59
1167 17 211 59
1168 18 146 59
1169 20 234 59
1170 21 210 59
1171 23 85 59
1172 22 10 59
1173 0 209 60
1174 1 69 60
1175 19 97 60
1176 20 155 60
1177 21 262 60
1178 22 206 60
1179 23 62 60
1180 0 47 61
1181 21 87 61
1182 22 262 61
1183 20 113 61
1184 23 1 61
1185 24 204 61
1186 23 262 62
1187 22 180 62
1188 24 262 62
1189 24 262 63
1190 25 262 63
1191 25 262 64
1192 26 1 64
1193 27 114 66
1194 26 206 65
1195 25 103 65
1196 24 80 64
1197 23 223 63
1198 22 243 63
1199 21 10 62
1200 20 5 62
1201 19 129 61
1202 18 67 60
1203 17 165 60
1204 16 49 59
1205 15 156 59
1206 14 185 58
1207 13 224 58
1208 12 112 58
1209 11 207 57
1210 10 235 57
1211 9 249 57
1212 8 7 56
1213 7 135 56
1214 28 149 67
1215 27 206 67
1216 26 160 66
1217 25 80 66
1218 24 223 65
1219 23 20 64
1220 22 10 64
1221 21 258 63
1222 20 129 63
1223 19 67 62
1224 18 98 61
1225 17 49 61
1226 16 107 60
1227 15 185 60
1228 14 39 59
1229 13 151 59
1230 12 207 59
1231 11 28 58
1232 10 14 58
1233 9 7 58
1234 29 149 69
1235 28 57 68
1236 27 160 68
1237 26 183 67
1238 25 223 67
1239 24 20 66
1240 23 253 65
1241 22 258 65
1242 21 134 64
1243 20 67 64
1244 19 98 63
1245 18 214 62
1246 17 107 62
1247 16 78 61
1248 15 39 61
1249 14 112 60
1250 13 56 60
1251 12 28 60
1252 11 249 59
1253 30 149 71
1254 29 57 70
1255 28 103 69
1256 27 183 69
1257 26 40 68
1258 25 20 68
1259 24 253 67
1260 23 5 66
1261 22 134 66
1262 21 196 65
1263 20 98 65
1264 19 214 64
1265 18 156 63
1266 17 78 63
1267 16 224 62
1268 15 112 62
1269 14 207 61
1270 13 235 61
1271 31 149 73
1272 30 57 72
1273 29 103 71
1274 28 80 70
1275 27 40 70
1276 26 243 69
1277 25 253 69
1278 24 5 68
1279 23 129 67
1280 22 196 67
1281 21 165 66
1282 20 214 66
1283 19 156 65
1284 18 185 64
1285 17 224 64
1286 16 151 63
1287 15 207 63
1288 32 114 74
1289 31 57 74
1290 30 103 73
1291 29 80 72
1292 28 223 71
1293 27 243 71
1294 26 10 70
1295 25 5 70
1296 24 129 69
1297 23 67 68
1298 22 165 68
1299 21 49 67
1300 20 156 67
1301 19 185 66
1302 18 39 65
1303 17 151 65
1304 33 114 76
1305 32 206 75
1306 31 103 75
1307 30 80 74
1308 29 223 73
1309 28 20 72
1310 27 10 72
1311 26 258 71
1312 25 129 71
1313 24 67 70
1314 23 98 69
1315 22 49 69
1316 21 107 68
1317 20 185 68
1318 19 39 67
1319 34 114 78
1320 33 206 77
1321 32 160 76
1322 31 80 76
1323 30 223 75
1324 29 20 74
1325 28 253 73
1326 27 258 73
1327 26 134 72
1328 25 67 72
1329 24 98 71
1330 23 214 70
1331 22 107 70
1332 21 78 69
1333 35 149 79
1334 34 206 79
1335 33 160 78
1336 32 183 77
1337 31 223 77
1338 30 20 76
1339 29 253 75
1340 28 5 74
1341 27 134 74
1342 26 196 73
1343 25 98 73
1344 24 214 72
1345 23 156 71
1346 36 149 81
1347 35 57 80
1348 34 160 80
1349 33 183 79
1350 32 40 78
1351 31 20 78
1352 30 253 77
1353 29 5 76
1354 28 129 75
1355 27 196 75
1356 26 165 74
1357 25 214 74
1358 37 149 83
1359 36 57 82
1360 35 103 81
1361 34 183 81
1362 33 40 80
1363 32 243 79
1364 31 253 79
1365 30 5 78
1366 29 129 77
1367 28 67 76
1368 27 165 76
1369 38 149 85
1370 37 57 84
1371 36 103 83
1372 35 80 82
1373 34 40 82
1374 33 243 81
1375 32 10 80
1376 31 5 80
1377 30 129 79
1378 29 67 78
1379 39 114 86
1380 38 57 86
1381 37 103 85
1382 36 80 84
1383 35 223 83
1384 34 243 83
1385 33 10 82
1386 32 258 81
1387 31 129 81
1388 40 114 88
1389 39 206 87
1390 38 103 87
1391 37 80 86
1392 36 223 85
1393 35 20 84
1394 34 10 84
1395 33 258 83
1396 41 114 90
1397 40 206 89
1398 39 160 88
1399 38 80 88
1400 37 223 87
1401 36 20 86
1402 35 253 85
1403 42 114 92
1404 41 206 91
1405 40 160 90
1406 39 183 89
1407 38 223 89
1408 37 20 88
1409 43 149 93
1410 42 206 93
1411 41 160 92
1412 40 183 91
1413 39 40 90
1414 44 149 95
1415 43 57 94
1416 42 160 94
1417 41 183 93
1418 45 149 97
1419 44 57 96
1420 43 103 95
1421 46 149 99
1422 45 57 98
1423 47 149 101
1424 48 3 102
1425 46 230 100
1426 44 163 97
1427 42 48 95
1428 40 2 92
1429 38 241 90
1430 36 21 87
1431 34 32 85
1432 32 89 82
1433 30 73 80
1434 28 14 77
1435 26 109 75
1436 24 116 73
1437 22 39 71
1438 20 97 69
1439 18 15 66
1440 49 3 104
1441 47 230 102
1442 45 163 99
1443 43 215 96
1444 41 2 94
1445 39 22 91
1446 37 21 89
1447 35 231 86
1448 33 89 84
1449 31 73 82
1450 29 14 79
1451 27 109 77
1452 25 116 75
1453 23 224 72
1454 21 166 70
1455 50 3 106
1456 48 33 103
1457 46 163 101
1458 44 215 98
1459 42 2 96
1460 40 22 93
1461 38 21 91
1462 36 231 88
1463 34 89 86
1464 32 190 83
1465 30 14 81
1466 28 154 78
1467 26 147 76
1468 24 224 74
1469 51 3 108
1470 49 33 105
1471 47 163 103
1472 45 215 100
1473 43 261 97
1474 41 22 95
1475 39 242 92
1476 37 231 90
1477 35 174 87
1478 33 190 85
1479 31 14 83
1480 29 154 80
1481 27 147 78
1482 52 260 109
1483 50 33 107
1484 48 100 104
1485 46 215 102
1486 44 261 99
1487 42 22 97
1488 40 242 94
1489 38 231 92
1490 36 174 89
1491 34 190 87
1492 32 249 84
1493 30 154 82
1494 53 260 111
1495 51 33 109
1496 49 100 106
1497 47 215 104
1498 45 261 101
1499 43 241 98
1500 41 242 96
1501 39 32 93
1502 37 174 91
1503 35 73 88
1504 33 249 86
1505 54 260 113
1506 52 230 110
1507 50 100 108
1508 48 48 105
1509 46 261 103
1510 44 241 100
1511 42 242 98
1512 40 32 95
1513 38 174 93
1514 36 73 90
1515 55 260 115
1516 53 230 112
1517 51 100 110
1518 49 48 107
1519 47 261 105
1520 45 241 102
1521 43 21 99
1522 41 32 97
1523 39 89 94
1524 56 260 117
1525 54 230 114
1526 52 163 111
1527 50 48 109
1528 48 2 106
1529 46 241 104
1530 44 21 101
1531 42 32 99
1532 57 3 118
1533 55 230 116
1534 53 163 113
1535 51 48 111
1536 49 2 108
1537 47 241 106
1538 45 21 103
1539 58 3 120
1540 56 230 118
1541 54 163 115
1542 52 215 112
1543 50 2 110
1544 48 22 107
1545 59 3 122
1546 57 33 119
1547 55 163 117
1548 53 215 114
1549 51 2 112
1550 60 3 124
1551 58 33 121
1552 56 163 119
1553 54 215 116
1554 61 260 125
1555 59 33 123
1556 57 100 120
1557 62 260 127
1558 60 33 125
1559 63 260 129
1560 64 129 131
1561 61 242 126
1562 58 229 122
1563 55 233 118
1564 52 11 113
1565 49 118 109
1566 46 166 105
1567 43 132 100
1568 40 101 96
1569 37 151 92
1570 34 257 88
1571 31 103 84
1572 28 234 79
1573 65 129 133
1574 62 242 128
1575 59 229 124
1576 56 233 120
1577 53 11 115
1578 50 118 111
1579 47 166 107
1580 44 132 102
1581 41 101 98
1582 38 151 94
1583 35 6 89
1584 32 160 85
1585 66 134 134
1586 63 242 130
1587 60 229 126
1588 57 30 121
1589 54 11 117
1590 51 118 113
1591 48 97 108
1592 45 132 104
1593 42 101 100
1594 39 112 95
1595 36 6 91
1596 67 134 136
1597 64 242 132
1598 61 34 127
1599 58 30 123
1600 55 11 119
1601 52 145 114
1602 49 97 110
1603 46 132 106
1604 43 162 101
1605 40 112 97
1606 68 134 138
1607 65 242 134
1608 62 34 129
1609 59 30 125
1610 56 11 121
1611 53 145 116
1612 50 97 112
1613 47 132 108
1614 44 162 103
1615 69 134 140
1616 66 21 135
1617 63 34 131
1618 60 30 127
1619 57 252 122
1620 54 145 118
1621 51 97 114
1622 48 131 109
1623 70 129 141
1624 67 21 137
1625 64 34 133
1626 61 233 128
1627 58 252 124
1628 55 145 120
1629 52 166 115
1630 71 129 143
1631 68 21 139
1632 65 34 135
1633 62 233 130
1634 59 252 126
1635 56 145 122
1636 72 129 145
1637 69 21 141
1638 66 229 136
1639 63 233 132
1640 60 252 128
1641 73 129 147
1642 70 242 142
1643 67 229 138
1644 64 233 134
1645 74 129 149
1646 71 242 144
1647 68 229 140
1648 75 134 150
1649 72 242 146
1650 76 134 152
1651 6 223 56
1652 5 103 57
1653 6 253 57
1654 7 129 57
1655 4 63 58
1656 5 261 58
1657 3 17 59
1658 4 39 59
1659 2 166 60
1660 3 145 60
1661 1 177 61
1662 2 240 61
1663 0 6 62
1664 1 242 62
1665 0 20 63
1666 0 20 64
1667 0 20 65
1668 0 20 66
1669 8 90 57
1670 6 160 58
1671 7 10 58
1672 5 159 59
1673 8 98 58
1674 6 75 59
1675 7 15 59
1676 4 160 60
1677 5 165 60
1678 3 63 61
1679 4 131 61
1680 2 240 62
1681 3 110 62
1682 1 246 63
1683 2 56 63
1684 1 10 64
1685 8 97 59
1686 10 71 59
1687 9 109 59
1688 6 151 60
1689 7 197 60
1690 8 258 60
1691 9 107 60
1692 5 190 61
1693 6 51 61
1694 7 128 61
1695 4 153 62
1696 5 203 62
1697 3 130 63
1698 4 71 63
1699 10 242 60
1700 8 138 61
1701 11 215 60
1702 9 90 61
1703 10 170 61
1704 6 70 62
1705 11 88 61
1706 7 206 62
1707 8 122 62
1708 5 201 63
1709 9 81 62
1710 6 173 63
1711 12 113 61
1712 10 84 62
1713 11 71 62
1714 13 155 62
1715 12 12 62
1716 7 158 63
1717 8 95 63
1718 9 47 63
1719 10 166 63
1720 2 183 64
1721 14 206 62
1722 12 74 63
1723 13 169 63
1724 3 25 64
1725 14 236 63
1726 4 46 64
1727 5 168 64
1728 1 121 65
1729 6 123 64
1730 16 69 64
1731 15 80 64
1732 2 174 65
1733 3 125 65
1734 4 22 65
1735 16 250 65
1736 1 219 66
1737 2 63 66
1738 17 180 66
1739 0 85 67
1740 0 85 68
1741 7 160 64
1742 8 171 64
1743 11 223 63
1744 9 179 64
1745 10 52 64
1746 11 160 64
1747 12 190 64
1748 13 222 64
1749 14 127 64
1750 5 38 65
1751 6 150 65
1752 7 63 65
1753 8 31 65
1754 9 45 65
1755 10 92 65
1756 11 137 65
1757 13 178 65
1758 14 4 65
1759 15 51 65
1760 3 182 66
1761 4 148 66
1762 5 19 66
1763 6 106 66
1764 7 94 66
1765 16 165 66
1766 8 160 66
1767 9 171 66
1768 12 223 65
1769 10 179 66
1770 11 52 66
1771 12 160 66
1772 13 190 66
1773 14 222 66
1774 15 127 66
1775 1 161 67
1776 2 235 67
1777 3 1 67
1778 4 66 67
1779 5 73 67
1780 6 65 67
1781 7 13 67
1782 8 60 67
1783 9 89 67
1784 10 237 67
1785 11 221 67
1786 12 181 67
1787 14 121 67
1788 15 178 67
1789 16 244 67
1790 17 120 67
1791 18 86 67
1792 13 223 67
1793 1 146 68
1794 2 98 68
1795 3 125 68
1796 4 128 68
1797 5 38 68
1798 6 168 68
1799 7 93 68
1800 8 88 68
1801 9 7 68
1802 10 162 68
1803 11 77 68
1804 12 190 68
1805 13 206 68
1806 14 35 68
1807 15 167 68
1808 16 47 68
1809 17 213 68
1810 18 138 68
1811 19 62 68
1812 0 210 69
1813 1 235 69
1814 2 70 69
1815 3 237 69
1816 4 245 69
1817 5 54 69
1818 6 160 69
1819 7 96 69
1820 8 135 69
1821 9 168 69
1822 10 39 69
1823 11 61 69
1824 12 94 69
1825 13 18 69
1826 14 151 69
1827 15 43 69
1828 16 75 69
1829 17 114 69
1830 18 90 69
1831 19 57 69
1832 0 230 70
1833 1 50 70
1834 2 191 70
1835 3 237 70
1836 4 39 70
1837 5 66 70
1838 6 88 70
1839 7 64 70
1840 8 259 70
1841 9 222 70
1842 10 200 70
1843 11 78 70
1844 12 140 70
1845 13 225 70
1846 14 143 70
1847 15 138 70
1848 16 36 70
1849 17 184 70
1850 18 37 70
1851 19 69 70
1852 20 141 70
1853 0 83 71
1854 1 236 71
1855 2 147 71
1856 3 132 71
1857 4 33 71
1858 5 228 71
1859 6 232 71
1860 7 48 71
1861 8 126 71
1862 9 142 71
1863 10 185 71
1864 11 102 71
1865 12 184 71
1866 13 50 71
1867 14 13 71
1868 15 222 71
1869 16 150 71
1870 17 196 71
1871 18 108 71
1872 19 63 71
1873 20 58 71
1874 21 203 71
1875 0 21 72
1876 1 12 72
1877 2 127 72
1878 3 121 72
1879 4 196 72
1880 5 65 72
1881 6 197 72
1882 7 161 72
1883 8 228 72
1884 9 39 72
1885 10 20 72
1886 11 8 72
1887 12 130 72
1888 13 7 72
1889 14 187 72
1890 15 137 72
1891 16 114 72
1892 17 71 72
1893 18 201 72
1894 19 142 72
1895 20 164 72
1896 21 123 72
1897 22 167 72
1898 0 119 73
1899 1 88 73
1900 2 22 73
1901 3 196 73
1902 5 183 73
1903 4 141 73
1904 6 247 73
1905 7 239 73
1906 8 11 73
1907 9 230 73
1908 10 169 73
1909 11 45 73
1910 12 47 73
1911 13 144 73
1912 14 76 73
1913 15 199 73
1914 16 243 73
1915 17 44 73
1916 18 188 73
1917 19 114 73
1918 20 129 73
1919 21 149 73
1920 22 71 73
1921 23 177 73
1922 0 238 74
1923 1 18 74
1924 2 226 74
1925 3 146 74
1926 4 149 74
1927 5 221 74
1928 6 206 74
1929 7 248 74
1930 8 46 74
1931 9 54 74
1932 10 58 74
1933 11 158 74
1934 12 252 74
1935 13 132 74
1936 14 157 74
1937 15 216 74
1938 16 47 74
1939 17 226 74
1940 18 68 74
1941 19 120 74
1942 20 243 74
1943 21 46 74
1944 22 219 74
1945 23 201 74
1946 0 104 75
1947 1 244 75
1948 2 176 75
1949 3 112 75
1950 4 89 75
1951 5 3 75
1952 9 168 75
1953 11 100 75
1954 12 5 75
1955 13 10 75
1956 14 70 75
1957 15 118 75
1958 16 161 75
1959 17 228 75
1960 18 226 75
1961 19 182 75
1962 20 42 75
1963 21 180 75
1964 22 165 75
1965 23 100 75
1966 24 30 75
1967 0 253 76
1968 1 260 76
1969 2 11 76
1970 3 10 76
1971 4 176 76
1972 5 10 76
1973 15 102 76
1974 17 11 76
1975 18 87 76
1976 19 120 76
1977 20 115 76
1978 21 41 76
1979 22 28 76
1980 23 228 76
1981 24 52 76
1982 25 88 76
1983 0 161 77
1984 1 52 77
1985 2 117 77
1986 3 207 77
1987 4 126 77
1988 17 106 77
1989 18 10 77
1990 19 239 77
1991 20 78 77
1992 21 202 77
1993 22 75 77
1994 23 194 77
1995 24 96 77
1996 25 152 77
1997 26 181 77
1998 0 45 78
1999 1 74 78
2000 2 11 78
2001 3 83 78
2002 4 164 78
2003 20 224 78
2004 21 249 78
2005 22 162 78
2006 23 102 78
2007 24 148 78
2008 25 133 78
2009 26 41 78
2010 0 104 79
2011 1 19 79
2012 2 118 79
2013 3 246 79
2014 20 148 79
2015 21 44 79
2016 22 114 79
2017 23 182 79
2018 24 163 79
2019 25 216 79
2020 26 78 79
2021 27 169 79
2022 0 52 80
2023 1 261 80
2024 2 63 80
2025 3 127 80
2026 23 224 80
2027 24 230 80
2028 26 12 80
2029 25 240 80
2030 27 62 80
2031 28 76 80
2032 0 128 81
2033 1 145 81
2034 2 92 81
2035 24 86 81
2036 25 226 81
2037 26 51 81
2038 27 46 81
2039 28 55 81
2040 29 81 81
2041 0 162 82
2042 1 186 82
2043 2 160 82
2044 26 165 82
2045 27 46 82
2046 28 51 82
2047 29 260 82
2048 0 160 83
2049 1 210 83
2050 27 81 83
2051 28 59 83
2052 29 115 83
2053 30 87 83
2054 0 228 84
2055 1 241 84
2056 29 169 84
2057 30 207 84
2058 0 150 85
2059 30 39 85
2060 31 207 85
2061 31 207 86
2062 0 169 86
2063 32 28 86
2064 32 28 87
2065 33 235 87
2066 34 135 89
2067 33 218 88
2068 31 124 87
2069 30 134 86
2070 28 208 84
2071 27 51 84
2072 25 123 82
2073 24 41 82
2074 22 37 80
2075 21 100 80
2076 19 71 78
2077 18 199 78
2078 16 186 76
2079 15 139 77
2080 13 67 76
2081 12 220 76
2082 10 212 75
2083 9 34 76
2084 7 181 75
2085 6 33 75
2086 35 64 90
2087 34 218 90
2088 32 201 88
2089 31 134 88
2090 29 55 85
2091 28 106 85
2092 26 70 83
2093 25 222 83
2094 23 113 81
2095 22 163 81
2096 20 71 80
2097 19 64 79
2098 17 186 78
2099 16 201 77
2100 14 165 76
2101 13 153 77
2102 11 157 76
2103 10 17 76
2104 8 222 75
2105 36 64 92
2106 35 154 91
2107 33 62 89
2108 32 196 89
2109 30 55 87
2110 29 157 86
2111 27 70 85
2112 26 152 84
2113 24 113 83
2114 23 50 82
2115 21 96 81
2116 20 64 81
2117 18 170 79
2118 17 201 79
2119 15 165 78
2120 14 208 77
2121 12 106 77
2122 11 123 77
2123 37 199 93
2124 36 154 93
2125 34 62 91
2126 33 67 90
2127 31 55 89
2128 30 157 88
2129 28 228 86
2130 27 152 86
2131 25 150 84
2132 24 50 84
2133 22 167 82
2134 21 231 82
2135 19 93 80
2136 18 31 80
2137 16 214 78
2138 15 208 79
2139 13 210 78
2140 38 199 95
2141 37 109 94
2142 35 232 92
2143 34 67 92
2144 32 104 90
2145 31 157 90
2146 29 35 87
2147 28 187 87
2148 26 188 85
2149 25 213 85
2150 23 48 83
2151 22 32 83
2152 20 93 82
2153 19 232 81
2154 17 214 80
2155 16 104 79
2156 39 32 96
2157 38 109 96
2158 36 232 94
2159 35 98 93
2160 33 159 91
2161 32 53 91
2162 30 35 89
2163 29 76 88
2164 27 188 87
2165 26 25 86
2166 24 48 85
2167 23 247 84
2168 21 85 83
2169 20 232 83
2170 18 156 81
2171 40 32 98
2172 39 77 97
2173 37 31 95
2174 36 98 95
2175 34 159 93
2176 33 210 92
2177 31 35 91
2178 30 76 90
2179 28 169 88
2180 27 25 88
2181 25 215 86
2182 24 247 86
2183 22 178 84
2184 21 147 84
2185 41 231 99
2186 40 77 99
2187 38 31 97
2188 37 165 96
2189 35 52 94
2190 34 210 94
2191 32 114 92
2192 31 76 92
2193 29 94 89
2194 28 119 89
2195 26 24 87
2196 25 16 87
2197 23 174 85
2198 42 231 101
2199 41 186 100
2200 39 116 98
2201 38 165 98
2202 36 52 96
2203 35 158 95
2204 33 149 93
2205 32 225 93
2206 30 94 91
2207 29 144 90
2208 27 24 89
2209 26 255 88
2210 43 16 102
2211 42 186 102
2212 40 116 100
2213 39 49 99
2214 37 211 97
2215 36 158 97
2216 34 149 95
2217 33 38 94
2218 31 94 93
2219 30 144 92
2220 28 251 90
2221 44 16 104
2222 43 170 103
2223 41 147 101
2224 40 49 101
2225 38 211 99
2226 37 105 98
2227 35 57 96
2228 34 38 96
2229 32 216 94
2230 31 144 94
2231 45 247 105
2232 44 170 105
2233 42 147 103
2234 41 214 102
2235 39 26 100
2236 38 105 100
2237 36 57 98
2238 35 244 97
2239 33 47 95
2240 46 247 107
2241 45 93 106
2242 43 58 104
2243 42 214 104
2244 40 26 102
2245 39 79 101
2246 37 206 99
2247 36 244 99
2248 47 247 109
2249 46 93 108
2250 44 58 106
2251 43 156 105
2252 41 237 103
2253 40 79 103
2254 38 206 101
2255 48 8 110
2256 47 93 110
2257 45 205 107
2258 44 156 107
2259 42 237 105
2260 41 184 104
2261 49 255 111
2262 48 85 111
2263 46 205 109
2264 45 107 108
2265 43 13 106
2266 50 255 113
2267 49 178 112
2268 47 205 111
2269 46 107 110
2270 51 255 115
2271 50 178 114
2272 48 29 112
2273 52 4 116
2274 51 178 116
2275 53 259 117
2276 54 14 119
2277 52 118 117
2278 49 138 113
2279 47 191 112
2280 44 105 108
2281 42 192 106
2282 39 246 102
2283 37 14 100
2284 34 260 97
2285 32 125 95
2286 29 8 91
2287 27 53 90
2288 24 45 87
2289 22 195 85
2290 19 240 82
2291 17 12 81
2292 14 35 78
2293 55 14 121
2294 53 145 118
2295 50 138 115
2296 48 36 113
2297 45 158 109
2298 43 167 107
2299 40 246 104
2300 38 14 102
2301 35 133 98
2302 33 138 96
2303 30 8 93
2304 28 105 91
2305 25 218 88
2306 23 34 86
2307 20 240 84
2308 18 257 82
2309 56 14 123
2310 54 145 120
2311 51 138 117
2312 49 227 114
2313 46 158 111
2314 44 167 109
2315 41 17 105
2316 39 256 103
2317 36 133 100
2318 34 138 98
2319 31 8 95
2320 29 158 92
2321 26 154 89
2322 24 34 88
2323 21 143 85
2324 57 7 123
2325 55 145 122
2326 52 194 118
2327 50 227 116
2328 47 158 113
2329 45 96 110
2330 42 17 107
2331 40 256 105
2332 37 130 101
2333 35 194 99
2334 32 259 96
2335 30 158 94
2336 27 154 91
2337 25 229 89
2338 58 7 125
2339 56 145 124
2340 53 69 119
2341 51 227 118
2342 48 184 114
2343 46 96 112
2344 43 123 108
2345 41 7 106
2346 38 130 103
2347 36 194 101
2348 33 4 97
2349 31 158 96
2350 28 186 92
2351 59 7 127
2352 57 204 124
2353 54 69 121
2354 52 18 119
2355 49 79 115
2356 47 96 114
2357 44 123 110
2358 42 7 108
2359 39 198 104
2360 37 69 102
2361 34 4 99
2362 32 184 97
2363 60 7 129
2364 58 204 126
2365 55 69 123
2366 53 245 120
2367 50 79 117
2368 48 215 115
2369 45 140 111
2370 43 128 109
2371 40 198 106
2372 38 69 104
2373 35 261 100
2374 61 135 129
2375 59 204 128
2376 56 69 125
2377 54 245 122
2378 51 79 119
2379 49 48 116
2380 46 140 113
2381 44 128 111
2382 41 65 107
2383 39 97 105
2384 62 135 131
2385 60 204 130
2386 57 166 125
2387 55 245 124
2388 52 92 120
2389 50 48 118
2390 47 140 115
2391 45 135 112
2392 42 65 109
2393 63 135 133
2394 61 102 130
2395 58 166 127
2396 56 245 126
2397 53 171 121
2398 51 48 120
2399 48 193 116
2400 46 135 114
2401 64 135 135
2402 62 102 132
2403 59 166 129
2404 57 254 126
2405 54 171 123
2406 52 239 121
2407 49 70 117
2408 65 128 136
2409 63 102 134
2410 60 166 131
2411 58 254 128
2412 55 171 125
2413 53 24 122
2414 66 199 137
2415 64 102 136
2416 61 83 131
2417 59 254 130
2418 56 171 127
2419 67 199 139
2420 65 161 137
2421 62 83 133
2422 60 254 132
2423 68 199 141
2424 66 51 138
2425 63 83 135
2426 69 64 142
2427 67 51 140
2428 70 231 143
2429 6 124 76
2430 7 14 76
2431 8 44 76
2432 5 159 77
2433 6 196 77
2434 7 192 77
2435 8 83 77
2436 9 157 77
2437 10 46 77
2438 5 1 78
2439 6 66 78
2440 10 203 78
2441 11 236 78
2442 12 29 78
2443 4 101 79
2444 5 60 79
2445 12 3 79
2446 13 98 79
2447 14 121 79
2448 4 19 80
2449 7 124 78
2450 8 14 78
2451 9 44 78
2452 6 159 79
2453 7 196 79
2454 8 192 79
2455 9 83 79
2456 10 157 79
2457 11 46 79
2458 5 262 80
2459 6 62 80
2460 7 256 80
2461 11 80 80
2462 12 250 80
2463 13 216 80
2464 14 124 80
2465 15 144 80
2466 16 39 80
2467 3 206 81
2468 8 124 80
2469 9 14 80
2470 10 44 80
2471 4 77 81
2472 5 154 81
2473 6 107 81
2474 7 63 81
2475 8 206 81
2476 9 67 81
2477 10 7 81
2478 11 229 81
2479 12 175 81
2480 13 49 81
2481 14 128 81
2482 15 192 81
2483 16 132 81
2484 3 42 82
2485 4 49 82
2486 5 50 82
2487 6 9 82
2488 7 140 82
2489 8 174 82
2490 9 60 82
2491 10 12 82
2492 11 7 82
2493 12 260 82
2494 13 169 82
2495 14 238 82
2496 15 227 82
2497 16 175 82
2498 17 80 82
2499 2 60 83
2500 3 150 83
2501 4 160 83
2502 5 199 83
2503 6 33 83
2504 7 44 83
2505 8 207 83
2506 9 102 83
2507 10 161 83
2508 11 129 83
2509 12 36 83
2510 13 95 83
2511 14 60 83
2512 15 48 83
2513 16 224 83
2514 17 244 83
2515 18 33 83
2516 19 173 83
2517 2 29 84
2518 3 143 84
2519 4 31 84
2520 5 127 84
2521 6 195 84
2522 7 92 84
2523 8 64 84
2524 9 57 84
2525 10 165 84
2526 11 114 84
2527 12 135 84
2528 13 37 84
2529 14 46 84
2530 15 117 84
2531 16 77 84
2532 17 97 84
2533 18 241 84
2534 19 210 84
2535 1 160 85
2536 2 138 85
2537 3 6 85
2538 4 155 85
2539 5 148 85
2540 6 198 85
2541 7 252 85
2542 8 242 85
2543 9 229 85
2544 10 223 85
2545 11 249 85
2546 12 181 85
2547 13 238 85
2548 14 166 85
2549 15 161 85
2550 16 149 85
2551 17 118 85
2552 18 53 85
2553 19 213 85
2554 20 76 85
2555 1 175 86
2556 2 181 86
2557 3 85 86
2558 4 81 86
2559 5 205 86
2560 6 25 86
2561 7 221 86
2562 8 2 86
2563 9 19 86
2564 10 31 86
2565 11 16 86
2566 12 10 86
2567 13 139 86
2568 14 5 86
2569 15 165 86
2570 16 151 86
2571 17 96 86
2572 18 178 86
2573 19 252 86
2574 20 195 86
2575 21 78 86
2576 22 9 86
2577 0 84 87
2578 1 9 87
2579 2 133 87
2580 3 158 87
2581 4 118 87
2582 5 166 87
2583 6 160 87
2584 7 132 87
2585 8 29 87
2586 9 79 87
2587 10 133 87
2588 11 128 87
2589 12 245 87
2590 13 226 87
2591 14 219 87
2592 15 223 87
2593 16 190 87
2594 17 200 87
2595 18 182 87
2596 19 85 87
2597 20 68 87
2598 21 117 87
2599 22 60 87
2600 23 42 87
2601 0 141 88
2602 1 253 88
2603 2 81 88
2604 3 157 88
2605 4 45 88
2606 5 168 88
2607 6 57 88
2608 7 258 88
2609 8 153 88
2610 9 148 88
2611 10 80 88
2612 11 143 88
2613 12 68 88
2614 13 164 88
2615 14 178 88
2616 15 171 88
2617 16 11 88
2618 17 129 88
2619 18 128 88
2620 19 116 88
2621 20 97 88
2622 21 254 88
2623 22 20 88
2624 23 90 88
2625 0 48 89
2626 1 137 89
2627 2 81 89
2628 3 138 89
2629 4 127 89
2630 5 237 89
2631 6 119 89
2632 7 33 89
2633 8 230 89
2634 9 248 89
2635 10 142 89
2636 11 97 89
2637 12 120 89
2638 13 73 89
2639 14 50 89
2640 15 93 89
2641 16 256 89
2642 17 204 89
2643 18 57 89
2644 19 241 89
2645 20 142 89
2646 21 65 89
2647 22 88 89
2648 23 98 89
2649 24 116 89
2650 0 10 90
2651 1 98 90
2652 2 112 90
2653 3 232 90
2654 4 77 90
2655 5 124 90
2656 6 22 90
2657 7 215 90
2658 8 118 90
2659 9 256 90
2660 10 157 90
2661 11 182 90
2662 12 126 90
2663 13 32 90
2664 14 13 90
2665 15 126 90
2666 16 124 90
2667 17 236 90
2668 18 148 90
2669 19 89 90
2670 20 115 90
2671 21 41 90
2672 22 64 90
2673 23 226 90
2674 24 36 90
2675 25 148 90
2676 26 174 90
2677 0 238 91
2678 1 80 91
2679 2 18 91
2680 3 73 91
2681 4 252 91
2682 5 240 91
2683 6 170 91
2684 7 209 91
2685 8 43 91
2686 9 92 91
2687 10 186 91
2688 11 102 91
2689 12 70 91
2690 13 141 91
2691 14 17 91
2692 15 37 91
2693 16 164 91
2694 17 231 91
2695 18 240 91
2696 19 47 91
2697 20 43 91
2698 21 186 91
2699 22 21 91
2700 23 22 91
2701 24 179 91
2702 25 113 91
2703 26 25 91
2704 0 177 92
2705 1 148 92
2706 2 90 92
2707 3 101 92
2708 4 114 92
2709 5 204 92
2710 6 16 92
2711 7 6 92
2712 8 172 92
2713 9 180 92
2714 10 111 92
2715 11 125 92
2716 12 80 92
2717 13 18 92
2718 14 193 92
2719 15 255 92
2720 16 183 92
2721 17 91 92
2722 18 103 92
2723 19 39 92
2724 20 137 92
2725 21 17 92
2726 22 190 92
2727 23 103 92
2728 24 90 92
2729 25 243 92
2730 26 261 92
2731 27 40 92
2732 0 26 93
2733 1 44 93
2734 2 71 93
2735 3 22 93
2736 4 180 93
2737 5 229 93
2738 6 22 93
2739 7 31 93
2740 8 202 93
2741 9 259 93
2742 10 170 93
2743 11 235 93
2744 12 116 93
2745 13 67 93
2746 14 9 93
2747 15 54 93
2748 16 261 93
2749 17 192 93
2750 18 76 93
2751 19 146 93
2752 20 125 93
2753 21 249 93
2754 22 12 93
2755 23 254 93
2756 24 27 93
2757 25 25 93
2758 26 32 93
2759 27 179 93
2760 28 35 93
2761 29 113 93
2762 0 48 94
2763 1 111 94
2764 2 194 94
2765 3 16 94
2766 4 244 94
2767 5 146 94
2768 6 93 94
2769 7 54 94
2770 8 252 94
2771 9 241 94
2772 10 169 94
2773 11 193 94
2774 12 223 94
2775 13 178 94
2776 14 15 94
2777 15 172 94
2778 16 137 94
2779 17 150 94
2780 18 17 94
2781 19 54 94
2782 20 166 94
2783 21 243 94
2784 22 87 94
2785 23 197 94
2786 24 126 94
2787 25 187 94
2788 26 25 94
2789 27 136 94
2790 28 62 94
2791 29 21 94
2792 0 224 95
2793 1 261 95
2794 2 37 95
2795 3 28 95
2796 4 153 95
2797 5 128 95
2798 6 145 95
2799 7 132 95
2800 8 212 95
2801 9 35 95
2802 10 240 95
2803 11 181 95
2804 12 102 95
2805 13 237 95
2806 14 193 95
2807 15 133 95
2808 16 7 95
2809 17 49 95
2810 18 233 95
2811 19 206 95
2812 20 140 95
2813 21 192 95
2814 22 162 95
2815 23 213 95
2816 24 40 95
2817 25 232 95
2818 26 211 95
2819 27 38 95
2820 28 241 95
2821 29 212 95
2822 30 98 95
2823 0 106 96
2824 1 69 96
2825 2 193 96
2826 3 148 96
2827 4 171 96
2828 5 116 96
2829 6 159 96
2830 7 23 96
2831 8 184 96
2832 9 86 96
2833 11 101 96
2834 13 252 96
2835 15 20 96
2836 17 44 96
2837 18 209 96
2838 19 180 96
2839 20 177 96
2840 21 20 96
2841 22 148 96
2842 23 115 96
2843 24 15 96
2844 25 72 96
2845 26 141 96
2846 27 26 96
2847 28 23 96
2848 29 99 96
2849 30 91 96
2850 0 241 97
2851 1 175 97
2852 2 250 97
2853 3 218 97
2854 4 210 97
2855 5 150 97
2856 17 142 97
2857 18 84 97
2858 19 232 97
2859 20 152 97
2860 21 261 97
2861 22 34 97
2862 23 215 97
2863 24 112 97
2864 25 147 97
2865 26 116 97
2866 27 30 97
2867 28 75 97
2868 29 144 97
2869 30 242 97
2870 31 133 97
2871 0 37 98
2872 1 241 98
2873 2 28 98
2874 3 90 98
2875 4 207 98
2876 5 41 98
2877 20 167 98
2878 21 59 98
2879 22 214 98
2880 23 85 98
2881 24 9 98
2882 25 42 98
2883 26 123 98
2884 27 117 98
2885 28 110 98
2886 29 184 98
2887 30 53 98
2888 31 260 98
2889 32 181 98
2890 33 92 98
2891 0 170 99
2892 1 143 99
2893 2 145 99
2894 3 171 99
2895 4 23 99
2896 5 141 99
2897 21 130 99
2898 23 138 99
2899 24 21 99
2900 25 210 99
2901 26 78 99
2902 27 133 99
2903 28 126 99
2904 29 183 99
2905 30 92 99
2906 31 246 99
2907 32 110 99
2908 33 122 99
2909 0 169 100
2910 1 7 100
2911 2 33 100
2912 3 164 100
2913 4 150 100
2914 24 187 100
2915 25 56 100
2916 26 148 100
2917 27 216 100
2918 28 73 100
2919 29 185 100
2920 30 31 100
2921 31 123 100
2922 32 16 100
2923 33 173 100
2924 34 50 100
2925 0 113 101
2926 1 200 101
2927 2 68 101
2928 3 134 101
2929 4 190 101
2930 25 65 101
2931 27 61 101
2932 28 157 101
2933 31 157 101
2934 30 35 101
2935 29 45 101
2936 32 125 101
2937 33 76 101
2938 34 232 101
2939 35 88 101
2940 0 21 102
2941 1 243 102
2942 2 230 102
2943 3 203 102
2944 4 88 102
2945 27 119 102
2946 28 38 102
2947 31 149 102
2948 32 5 102
2949 33 36 102
2950 30 114 102
2951 34 129 102
2952 35 95 102
2953 29 149 102
2954 36 171 102
2955 0 143 103
2956 1 15 103
2957 2 161 103
2958 3 71 103
2959 30 65 103
2960 31 209 103
2961 32 38 103
2962 33 187 103
2963 34 242 103
2964 35 148 103
2965 36 167 103
2966 37 249 103
2967 0 106 104
2968 1 39 104
2969 2 119 104
2970 3 84 104
2971 31 113 104
2972 32 74 104
2973 34 225 104
2974 33 244 104
2975 35 251 104
2976 36 230 104
2977 37 108 104
2978 0 23 105
2979 1 66 105
2980 2 195 105
2981 3 257 105
2982 31 250 105
2983 32 131 105
2984 36 113 105
2985 35 188 105
2986 34 19 105
2987 37 75 105
2988 38 37 105
2989 33 244 105
2990 0 89 106
2991 1 203 106
2992 38 188 106
2993 2 220 106
2994 34 77 106
2995 37 75 106
2996 36 75 106
2997 35 169 106
2998 39 114 106
2999 0 135 107
3000 1 103 107
3001 2 153 107
3002 39 25 107
3003 38 169 107
3004 35 233 107
3005 40 219 107
3006 37 94 107
3007 36 94 107
3008 0 137 108
3009 1 244 108
3010 2 86 108
3011 40 238 108
3012 39 119 108
3013 38 47 108
3014 41 261 108
3015 0 14 109
3016 37 216 108
3017 1 89 109
3018 38 6 109
3019 41 144 109
3020 40 144 109
3021 39 72 109
3022 0 209 110
3023 1 122 110
3024 42 72 110
3025 39 192 110
3026 43 29 110
3027 41 191 110
3028 40 191 110
3029 0 147 111
3030 1 132 111
3031 42 227 111
3032 43 48 111
3033 0 180 112
3034 41 36 111
3035 44 24 112
3036 42 51 112
3037 0 259 113
3038 43 239 112
3039 45 251 113
3040 44 251 113
3041 0 262 114
3042 46 251 115
3043 45 6 114
3044 47 12 116
3045 48 107 117
3046 46 112 116
3047 44 166 114
3048 42 218 113
3049 40 201 111
3050 38 58 110
3051 36 39 108
3052 34 235 107
3053 32 173 106
3054 30 77 104
3055 28 116 103
3056 26 117 101
3057 24 168 101
3058 22 242 99
3059 20 71 99
3060 18 247 98
3061 16 2 96
3062 14 131 96
3063 12 99 96
3064 10 41 96
3065 6 187 97
3066 7 114 97
3067 8 168 97
3068 9 142 97
3069 10 3 97
3070 49 78 118
3071 47 151 117
3072 45 180 115
3073 43 248 113
3074 41 31 112
3075 39 156 111
3076 37 112 109
3077 35 97 108
3078 33 218 106
3079 31 77 106
3080 29 58 103
3081 27 117 103
3082 25 179 102
3083 23 7 100
3084 21 64 100
3085 19 255 98
3086 17 2 98
3087 15 132 97
3088 13 230 97
3089 11 74 97
3090 12 2 97
3091 14 145 97
3092 16 2 97
3093 6 244 98
3094 50 185 119
3095 48 125 118
3096 46 180 117
3097 44 248 115
3098 42 31 114
3099 40 107 112
3100 38 112 111
3101 36 166 109
3102 34 218 108
3103 32 62 107
3104 30 58 105
3105 28 224 104
3106 26 235 102
3107 24 7 102
3108 22 32 100
3109 20 255 100
3110 18 87 99
3111 7 257 98
3112 8 163 98
3113 9 1 98
3114 10 103 98
3115 11 168 98
3116 12 262 98
3117 51 185 121
3118 49 69 119
3119 47 83 118
3120 45 139 116
3121 43 98 114
3122 41 78 113
3123 39 138 112
3124 37 180 110
3125 35 15 109
3126 33 31 107
3127 31 58 107
3128 29 112 104
3129 27 235 104
3130 25 128 103
3131 23 77 101
3132 21 178 101
3133 19 175 99
3134 17 22 99
3135 15 137 98
3136 13 163 98
3137 14 96 98
3138 16 149 98
3139 52 26 122
3140 50 194 120
3141 48 60 119
3142 46 139 118
3143 44 98 116
3144 42 78 115
3145 40 125 113
3146 38 180 112
3147 36 248 110
3148 34 31 109
3149 32 156 108
3150 30 112 106
3151 28 97 105
3152 26 218 103
3153 24 77 103
3154 22 89 101
3155 20 175 101
3156 18 168 100
3157 6 259 99
3158 7 117 99
3159 8 121 99
3160 53 250 123
3161 51 194 122
3162 49 233 120
3163 47 124 119
3164 45 214 117
3165 43 26 115
3166 41 69 114
3167 39 203 113
3168 37 139 111
3169 35 165 110
3170 33 78 108
3171 31 112 108
3172 29 180 105
3173 27 218 105
3174 25 93 104
3175 23 58 102
3176 21 117 102
3177 19 84 100
3178 17 242 100
3179 15 192 99
3180 54 13 124
3181 52 23 123
3182 50 30 121
3183 48 134 120
3184 46 214 119
3185 44 26 117
3186 42 69 116
3187 40 60 114
3188 38 139 113
3189 36 98 111
3190 34 78 110
3191 32 138 109
3192 30 180 107
3193 28 15 106
3194 26 31 104
3195 24 58 104
3196 22 190 102
3197 20 84 102
3198 18 7 101
3199 55 13 126
3200 53 120 124
3201 51 30 123
3202 49 196 121
3203 47 49 120
3204 45 250 118
3205 43 23 116
3206 41 233 115
3207 39 129 114
3208 37 214 112
3209 35 237 111
3210 33 69 109
3211 31 180 109
3212 29 139 106
3213 27 31 106
3214 25 234 105
3215 23 112 103
3216 21 235 103
3217 57 67 127
3218 54 143 125
3219 52 253 124
3220 50 67 122
3221 48 159 121
3222 46 250 120
3223 44 23 118
3224 42 233 117
3225 40 134 115
3226 38 214 114
3227 36 26 112
3228 34 69 111
3229 32 203 110
3230 30 139 108
3231 28 165 107
3232 26 78 105
3233 24 112 105
3234 56 5 128
3235 55 143 127
3236 53 5 125
3237 51 67 124
3238 49 52 122
3239 47 13 121
3240 45 120 119
3241 43 253 117
3242 41 196 116
3243 39 104 115
3244 37 250 113
3245 35 240 112
3246 33 233 110
3247 31 139 110
3248 29 214 107
3249 27 78 107
3250 58 217 129
3251 57 11 128
3252 54 258 126
3253 52 153 125
3254 50 211 123
3255 48 171 122
3256 46 120 121
3257 44 253 119
3258 42 196 118
3259 40 159 116
3260 38 250 115
3261 36 23 113
3262 34 233 112
3263 32 129 111
3264 30 214 109
3265 59 217 131
3266 56 3 129
3267 55 258 128
3268 53 55 126
3269 51 211 125
3270 49 46 123
3271 47 143 122
3272 45 5 120
3273 43 153 118
3274 41 52 117
3275 39 92 116
3276 37 120 114
3277 35 10 113
3278 33 196 111
3279 61 173 132
3280 58 20 130
3281 57 25 129
3282 54 208 127
3283 52 105 126
3284 50 217 124
3285 48 40 123
3286 46 5 122
3287 44 153 120
3288 42 52 119
3289 40 171 117
3290 38 120 116
3291 36 253 114
3292 60 187 133
3293 59 20 132
3294 56 44 130
3295 55 208 129
3296 53 79 127
3297 51 217 126
3298 49 243 124
3299 47 258 123
3300 45 55 121
3301 43 105 119
3302 41 46 118
3303 39 223 117
3304 62 183 134
3305 61 183 133
3306 58 220 131
3307 57 8 130
3308 54 184 128
3309 52 103 127
3310 50 20 125
3311 48 177 124
3312 46 55 123
3313 44 105 121
3314 42 46 120
3315 63 183 136
3316 60 43 134
3317 59 220 133
3318 56 200 131
3319 55 184 130
3320 53 80 128
3321 51 20 127
3322 49 43 125
3323 47 208 124
3324 45 79 122
3325 64 80 137
3326 62 172 135
3327 61 188 134
3328 58 53 132
3329 57 44 131
3330 54 183 129
3331 52 81 128
3332 50 220 126
3333 48 106 125
3334 65 223 138
3335 63 172 137
3336 60 97 135
3337 59 53 134
3338 56 192 132
3339 55 183 131
3340 53 91 129
3341 51 220 128
3342 66 101 139
3343 64 91 138
3344 62 51 136
3345 61 140 135
3346 58 57 133
3347 56 183 133
3348 54 172 130
3349 67 101 141
3350 65 86 139
3351 63 51 138
3352 60 184 136
3353 59 57 135
3354 57 101 132
3355 68 162 142
3356 66 59 140
3357 64 212 139
3358 62 35 137
3359 61 57 136
3360 69 182 143
3361 67 59 142
3362 65 157 140
3363 63 35 139
3364 70 27 144
3365 68 204 143
3366 66 123 141
3367 71 236 145
3368 69 161 144
3369 72 236 147
3370 9 114 99
3371 10 213 99
3372 11 172 99
3373 12 200 99
3374 13 141 99
3375 14 194 99
3376 16 248 99
3377 5 96 100
3378 6 57 100
3379 7 38 100
3380 8 206 100
3381 9 201 100
3382 10 193 100
3383 13 12 100
3384 5 139 101
3385 5 139 102
3386 4 71 103
3387 5 212 103
3388 4 62 104
3389 4 62 105
3390 3 205 106
3391 4 248 106
3392 3 232 107
3393 3 232 108
3394 2 106 109
3395 3 239 109
3396 11 243 100
3397 12 184 100
3398 14 29 100
3399 15 21 100
3400 16 118 100
3401 6 252 101
3402 7 78 101
3403 8 52 101
3404 9 66 101
3405 10 53 101
3406 11 33 101
3407 12 69 101
3408 13 176 101
3409 14 198 101
3410 15 156 101
3411 17 232 101
3412 19 89 101
3413 6 214 102
3414 6 214 103
3415 5 59 104
3416 6 241 104
3417 5 156 105
3418 5 156 106
3419 4 249 107
3420 16 210 101
3421 7 13 102
3422 8 6 102
3423 9 259 102
3424 10 95 102
3425 11 248 102
3426 12 166 102
3427 13 171 102
3428 14 243 102
3429 15 129 102
3430 16 166 102
3431 17 105 102
3432 18 99 102
3433 19 41 102
3434 7 9 103
3435 8 128 103
3436 9 259 103
3437 10 206 103
3438 11 26 103
3439 18 155 103
3440 22 75 103
3441 7 250 104
3442 12 181 103
3443 13 32 103
3444 14 6 103
3445 15 250 103
3446 16 127 103
3447 17 214 103
3448 19 14 103
3449 20 157 103
3450 8 73 104
3451 9 76 104
3452 10 84 104
3453 11 59 104
3454 12 164 104
3455 13 10 104
3456 14 19 104
3457 15 220 104
3458 16 49 104
3459 17 259 104
3460 18 182 104
3461 19 213 104
3462 20 169 104
3463 21 232 104
3464 22 89 104
3465 23 164 104
3466 6 253 105
3467 7 86 105
3468 8 26 105
3469 9 115 105
3470 10 218 105
3471 11 51 105
3472 12 179 105
3473 13 49 105
3474 14 124 105
3475 15 88 105
3476 16 182 105
3477 17 27 105
3478 18 11 105
3479 19 187 105
3480 20 210 105
3481 21 164 105
3482 22 156 105
3483 23 25 105
3484 6 92 106
3485 7 59 106
3486 8 125 106
3487 9 112 106
3488 10 202 106
3489 11 87 106
3490 12 164 106
3491 13 219 106
3492 14 60 106
3493 15 259 106
3494 16 207 106
3495 17 30 106
3496 18 73 106
3497 19 155 106
3498 20 10 106
3499 21 198 106
3500 22 212 106
3501 23 93 106
3502 24 30 106
3503 25 195 106
3504 26 167 106
3505 5 2 107
3506 6 149 107
3507 7 155 107
3508 8 249 107
3509 9 135 107
3510 10 14 107
3511 11 57 107
3512 12 127 107
3513 13 162 107
3514 14 57 107
3515 15 242 107
3516 16 230 107
3517 17 210 107
3518 18 10 107
3519 19 94 107
3520 21 148 107
3521 20 75 107
3522 22 23 107
3523 23 252 107
3524 24 111 107
3525 25 24 107
3526 26 204 107
3527 4 60 108
3528 5 242 108
3529 6 121 108
3530 7 81 108
3531 8 152 108
3532 9 176 108
3533 10 46 108
3534 11 101 108
3535 12 163 108
3536 13 97 108
3537 14 258 108
3538 15 39 108
3539 16 191 108
3540 17 233 108
3541 18 23 108
3542 19 125 108
3543 20 229 108
3544 21 112 108
3545 22 14 108
3546 23 106 108
3547 24 228 108
3548 25 164 108
3549 26 254 108
3550 27 48 108
3551 28 32 108
3552 29 10 108
3553 4 80 109
3554 5 90 109
3555 6 162 109
3556 7 123 109
3557 8 36 109
3558 9 3 109
3559 10 222 109
3560 11 40 109
3561 12 157 109
3562 13 253 109
3563 14 97 109
3564 15 142 109
3565 16 224 109
3566 17 53 109
3567 18 240 109
3568 19 34 109
3569 20 113 109
3570 21 129 109
3571 22 217 109
3572 23 83 109
3573 24 62 109
3574 25 112 109
3575 26 147 109
3576 27 237 109
3577 28 242 109
3578 29 19 109
3579 2 155 110
3580 3 3 110
3581 4 29 110
3582 5 163 110
3583 6 107 110
3584 7 40 110
3585 8 250 110
3586 9 84 110
3587 10 241 110
3588 11 163 110
3589 12 220 110
3590 13 202 110
3591 14 65 110
3592 15 108 110
3593 16 127 110
3594 17 236 110
3595 18 41 110
3596 19 1 110
3597 20 15 110
3598 21 187 110
3599 22 164 110
3600 23 94 110
3601 24 164 110
3602 25 154 110
3603 26 87 110
3604 27 256 110
3605 28 250 110
3606 29 89 110
3607 30 90 110
3608 2 9 111
3609 3 98 111
3610 4 71 111
3611 5 48 111
3612 6 136 111
3613 7 201 111
3614 8 190 111
3615 9 229 111
3616 10 60 111
3617 11 45 111
3618 12 150 111
3619 13 108 111
3620 14 92 111
3621 15 162 111
3622 16 79 111
3623 17 142 111
3624 18 123 111
3625 19 12 111
3626 20 160 111
3627 21 218 111
3628 22 48 111
3629 23 161 111
3630 24 47 111
3631 25 57 111
3632 26 126 111
3633 27 139 111
3634 28 72 111
3635 29 122 111
3636 30 91 111
3637 31 138 111
3638 1 113 112
3639 2 11 112
3640 3 17 112
3641 4 34 112
3642 5 94 112
3643 6 101 112
3644 7 127 112
3645 8 123 112
3646 9 17 112
3647 10 247 112
3648 11 195 112
3649 12 141 112
3650 13 159 112
3651 14 77 112
3652 15 201 112
3653 16 34 112
3654 17 66 112
3655 18 138 112
3656 19 123 112
3657 20 8 112
3658 21 247 112
3659 22 71 112
3660 23 12 112
3661 24 62 112
3662 25 26 112
3663 26 82 112
3664 27 73 112
3665 28 173 112
3666 29 105 112
3667 30 63 112
3668 31 127 112
3669 32 157 112
3670 33 257 112
3671 1 134 113
3672 2 34 113
3673 3 86 113
3674 4 44 113
3675 5 86 113
3676 6 244 113
3677 7 132 113
3678 8 209 113
3679 9 190 113
3680 10 4 113
3681 11 178 113
3682 12 200 113
3683 13 194 113
3684 14 140 113
3685 15 175 113
3686 16 58 113
3687 17 105 113
3688 18 94 113
3689 19 162 113
3690 20 235 113
3691 21 135 113
3692 22 208 113
3693 23 224 113
3694 24 14 113
3695 25 116 113
3696 26 167 113
3697 27 113 113
3698 28 135 113
3699 29 196 113
3700 30 1 113
3701 31 170 113
3702 32 29 113
3703 33 71 113
3704 34 260 113
3705 1 56 114
3706 2 123 114
3707 3 145 114
3708 4 17 114
3709 5 106 114
3710 6 247 114
3711 7 5 114
3712 8 152 114
3713 9 148 114
3714 10 156 114
3715 11 143 114
3716 12 101 114
3717 13 35 114
3718 14 16 114
3719 15 217 114
3720 16 176 114
3721 17 57 114
3722 18 96 114
3723 19 44 114
3724 20 189 114
3725 21 22 114
3726 22 209 114
3727 23 219 114
3728 24 9 114
3729 25 201 114
3730 26 18 114
3731 27 93 114
3732 28 209 114
3733 29 216 114
3734 30 86 114
3735 31 228 114
3736 32 262 114
3737 33 192 114
3738 34 126 114
3739 35 119 114
3740 0 88 115
3741 1 47 115
3742 2 154 115
3743 3 93 115
3744 4 94 115
3745 5 144 115
3746 6 88 115
3747 7 118 115
3748 8 124 115
3749 9 179 115
3750 10 126 115
3751 11 213 115
3752 12 74 115
3753 13 225 115
3754 14 102 115
3755 15 186 115
3756 16 241 115
3757 17 215 115
3758 18 65 115
3759 19 250 115
3760 20 85 115
3761 21 5 115
3762 22 52 115
3763 23 127 115
3764 24 57 115
3765 25 86 115
3766 26 31 115
3767 27 171 115
3768 28 120 115
3769 29 200 115
3770 30 133 115
3771 31 117 115
3772 32 24 115
3773 33 178 115
3774 34 250 115
3775 35 229 115
3776 36 21 115
3777 37 213 115
3778 0 225 116
3779 1 159 116
3780 2 239 116
3781 3 233 116
3782 4 6 116
3783 5 117 116
3784 6 84 116
3785 7 8 116
3786 8 135 116
3787 9 97 116
3788 10 77 116
3789 11 1 116
3790 12 84 116
3791 13 141 116
3792 14 133 116
3793 15 27 116
3794 16 118 116
3795 17 10 116
3796 18 207 116
3797 19 19 116
3798 20 132 116
3799 21 23 116
3800 22 157 116
3801 23 260 116
3802 24 214 116
3803 25 51 116
3804 26 143 116
3805 27 19 116
3806 28 236 116
3807 29 27 116
3808 30 187 116
3809 31 201 116
3810 32 234 116
3811 33 127 116
3812 34 164 116
3813 35 46 116
3814 36 110 116
3815 37 14 116
3816 0 253 117
3817 1 150 117
3818 2 173 117
3819 3 57 117
3820 4 256 117
3821 5 185 117
3822 6 187 117
3823 7 11 117
3824 8 112 117
3825 9 64 117
3826 10 188 117
3827 11 154 117
3828 12 242 117
3829 13 93 117
3830 14 52 117
3831 15 66 117
3832 16 208 117
3833 17 218 117
3834 18 116 117
3835 19 160 117
3836 20 37 117
3837 21 136 117
3838 22 37 117
3839 23 259 117
3840 24 35 117
3841 25 160 117
3842 26 198 117
3843 27 215 117
3844 28 34 117
3845 29 111 117
3846 30 54 117
3847 31 94 117
3848 32 151 117
3849 33 33 117
3850 34 217 117
3851 35 241 117
3852 36 261 117
3853 37 16 117
3854 38 65 117
3855 0 200 118
3856 1 155 118
3857 2 218 118
3858 3 81 118
3859 4 50 118
3860 5 258 118
3861 6 1 118
3862 7 235 118
3863 8 137 118
3864 9 188 118
3865 10 42 118
3866 11 259 118
3867 12 171 118
3868 13 228 118
3869 14 174 118
3870 15 60 118
3871 16 103 118
3872 17 9 118
3873 18 148 118
3874 19 188 118
3875 20 182 118
3876 21 254 118
3877 22 145 118
3878 23 194 118
3879 24 87 118
3880 25 84 118
3881 26 91 118
3882 27 203 118
3883 28 205 118
3884 29 209 118
3885 30 69 118
3886 31 216 118
3887 32 98 118
3888 33 161 118
3889 34 64 118
3890 35 108 118
3891 36 176 118
3892 37 85 118
3893 38 99 118
3894 39 245 118
3895 40 240 118
3896 0 147 119
3897 1 185 119
3898 2 69 119
3899 3 166 119
3900 4 103 119
3901 5 242 119
3902 6 176 119
3903 7 9 119
3904 8 50 119
3905 9 93 119
3906 10 104 119
3907 11 2 119
3908 12 71 119
3909 13 44 119
3910 14 179 119
3911 15 198 119
3912 16 71 119
3913 17 26 119
3914 18 2 119
3915 19 14 119
3916 20 127 119
3917 21 66 119
3918 22 78 119
3919 23 106 119
3920 24 253 119
3921 25 86 119
3922 26 101 119
3923 27 199 119
3924 28 126 119
3925 29 258 119
3926 30 9 119
3927 31 12 119
3928 32 247 119
3929 33 113 119
3930 34 122 119
3931 39 114 119
3932 35 118 119
3933 36 219 119
3934 37 176 119
3935 38 57 119
3936 40 155 119
3937 41 201 119
3938 0 34 120
3939 1 259 120
3940 2 85 120
3941 3 31 120
3942 4 15 120
3943 5 169 120
3944 6 83 120
3945 7 157 120
3946 8 19 120
3947 9 256 120
3948 10 5 120
3949 11 45 120
3950 12 17 120
3951 13 2 120
3952 14 238 120
3953 15 249 120
3954 16 137 120
3955 17 216 120
3956 18 90 120
3957 19 184 120
3958 20 155 120
3959 21 137 120
3960 22 255 120
3961 23 152 120
3962 24 57 120
3963 25 178 120
3964 26 194 120
3965 27 14 120
3966 28 75 120
3967 29 219 120
3968 30 115 120
3969 31 100 120
3970 32 152 120
3971 33 38 120
3972 34 20 120
3973 35 162 120
3974 36 166 120
3975 37 51 120
3976 38 128 120
3977 39 166 120
3978 40 151 120
3979 41 177 120
3980 43 163 120
3981 0 250 121
3982 1 95 121
3983 2 161 121
3984 3 23 121
3985 4 116 121
3986 5 232 121
3987 6 165 121
3988 7 189 121
3989 8 45 121
3990 9 126 121
3991 10 31 121
3992 11 127 121
3993 12 188 121
3994 13 256 121
3995 14 222 121
3996 15 234 121
3997 16 159 121
3998 17 253 121
3999 18 77 121
4000 19 157 121
4001 20 131 121
4002 21 242 121
4003 22 52 121
4004 23 176 121
4005 24 226 121
4006 25 149 121
4007 26 62 121
4008 27 242 121
4009 28 59 121
4010 29 215 121
4011 30 35 121
4012 31 58 121
4013 32 194 121
4014 33 21 121
4015 34 34 121
4016 35 98 121
4017 36 29 121
4018 37 213 121
4019 38 112 121
4020 39 191 121
4021 40 51 121
4022 41 186 121
4023 42 130 121
4024 43 174 121
4025 0 180 122
4026 1 133 122
4027 2 98 122
4028 3 248 122
4029 4 247 122
4030 5 128 122
4031 6 185 122
4032 7 95 122
4033 8 260 122
4034 9 199 122
4035 10 159 122
4036 11 88 122
4037 12 171 122
4038 13 91 122
4039 14 8 122
4040 15 103 122
4041 16 45 122
4042 17 24 122
4043 18 230 122
4044 19 108 122
4045 20 114 122
4046 21 197 122
4047 22 200 122
4048 23 116 122
4049 24 137 122
4050 25 246 122
4051 26 11 122
4052 27 262 122
4053 28 213 122
4054 29 12 122
4055 30 223 122
4056 31 33 122
4057 32 76 122
4058 33 259 122
4059 34 67 122
4060 35 161 122
4061 36 177 122
4062 37 229 122
4063 38 59 122
4064 39 108 122
4065 40 121 122
4066 41 163 122
4067 42 200 122
4068 43 12 122
4069 44 56 122
4070 0 11 123
4071 1 100 123
4072 2 61 123
4073 3 100 123
4074 4 24 123
4075 5 45 123
4076 6 45 123
4077 7 94 123
4078 8 3 123
4079 9 52 123
4080 10 111 123
4081 11 192 123
4082 12 38 123
4083 13 45 123
4084 14 53 123
4085 15 92 123
4086 16 96 123
4087 17 22 123
4088 18 130 123
4089 19 228 123
4090 20 74 123
4091 21 24 123
4092 22 122 123
4093 23 119 123
4094 24 252 123
4095 25 29 123
4096 26 123 123
4097 27 217 123
4098 28 63 123
4099 29 27 123
4100 30 23 123
4101 31 196 123
4102 32 182 123
4103 33 103 123
4104 34 52 123
4105 45 101 123
4106 44 101 123
4107 35 98 123
4108 36 40 123
4109 42 85 123
4110 37 184 123
4111 39 24 123
4112 38 65 123
4113 40 228 123
4114 41 201 123
4115 43 217 123
4116 0 215 124
4117 1 145 124
4118 2 189 124
4119 3 153 124
4120 4 127 124
4121 5 83 124
4122 6 215 124
4123 7 94 124
4124 8 219 124
4125 9 81 124
4126 10 234 124
4127 11 51 124
4128 12 261 124
4129 13 216 124
4130 14 90 124
4131 15 248 124
4132 16 260 124
4133 17 115 124
4134 18 177 124
4135 19 190 124
4136 20 142 124
4137 46 162 124
4138 45 54 124
4139 21 166 124
4140 22 63 124
4141 42 203 124
4142 23 84 124
4143 24 175 124
4144 25 144 124
4145 39 255 124
4146 38 77 124
4147 26 46 124
4148 27 232 124
4149 28 98 124
4150 29 193 124
4151 30 139 124
4152 31 226 124
4153 32 86 124
4154 33 200 124
4155 34 262 124
4156 35 262 124
4157 36 135 124
4158 37 156 124
4159 40 71 124
4160 41 134 124
4161 43 132 124
4162 44 216 124
4163 0 5 125
4164 1 249 125
4165 2 161 125
4166 3 214 125
4167 4 104 125
4168 47 182 125
4169 46 209 125
4170 5 75 125
4171 6 26 125
4172 44 245 125
4173 7 131 125
4174 8 42 125
4175 9 58 125
4176 10 190 125
4177 39 178 125
4178 11 95 125
4179 12 192 125
4180 13 156 125
4181 14 218 125
4182 16 235 125
4183 15 40 125
4184 17 251 125
4185 32 59 125
4186 18 158 125
4187 19 242 125
4188 30 260 125
4189 20 239 125
4190 21 255 125
4191 22 257 125
4192 24 190 125
4193 25 31 125
4194 23 35 125
4195 26 232 125
4196 27 69 125
4197 28 61 125
4198 48 86 126
4199 47 27 126
4200 45 136 125
4201 0 84 126
4202 45 6 126
4203 42 197 125
4204 43 154 125
4205 1 135 126
4206 41 89 125
4207 40 89 125
4208 38 116 125
4209 2 170 126
4210 38 67 126
4211 36 214 125
4212 35 55 125
4213 37 142 125
4214 34 161 125
4215 33 229 125
4216 31 68 125
4217 3 90 126
4218 4 83 126
4219 29 59 125
4220 5 18 126
4221 6 256 126
4222 7 129 126
4223 8 103 126
4224 24 205 126
4225 9 175 126
4226 25 206 126
4227 49 204 126
4228 48 59 127
4229 46 127 126
4230 0 21 127
4231 46 257 127
4232 44 130 126
4233 42 41 126
4234 1 231 127
4235 43 169 126
4236 41 58 126
4237 39 234 126
4238 40 58 126
4239 2 105 127
4240 31 93 126
4241 36 104 126
4242 37 212 126
4243 35 157 126
4244 34 34 126
4245 32 246 126
4246 33 99 126
4247 3 258 127
4248 30 197 126
4249 27 123 126
4250 4 97 127
4251 28 219 126
4252 29 87 126
4253 26 229 126
4254 5 178 127
4255 50 161 127
4256 49 195 127
4257 47 68 127
4258 0 71 128
4259 47 3 128
4260 45 132 127
4261 44 132 127
4262 1 255 128
4263 42 143 127
4264 43 75 127
4265 39 6 127
4266 41 156 127
4267 40 156 127
4268 38 159 127
4269 6 87 127
4270 2 116 128
4271 36 53 127
4272 35 123 127
4273 32 94 127
4274 34 164 127
4275 33 230 127
4276 31 66 127
4277 30 22 127
4278 37 129 127
4279 27 56 127
4280 28 190 127
4281 24 5 127
4282 51 161 129
4283 50 34 128
4284 48 246 128
4285 49 198 128
4286 0 93 129
4287 46 131 128
4288 45 219 128
4289 1 261 129
4290 44 219 128
4291 42 81 128
4292 3 25 128
4293 43 243 128
4294 41 211 128
4295 39 26 128
4296 38 210 128
4297 40 195 128
4298 4 70 128
4299 36 70 128
4300 5 191 128
4301 35 222 128
4302 34 33 128
4303 32 115 128
4304 31 241 128
4305 33 51 128
4306 30 168 128
4307 29 207 127
4308 52 106 129
4309 51 34 130
4310 48 212 129
4311 50 164 129
4312 49 197 129
4313 47 66 129
4314 46 44 129
4315 0 212 130
4316 45 190 129
4317 44 190 129
4318 2 126 129
4319 42 32 129
4320 43 31 129
4321 3 209 129
4322 39 79 129
4323 40 105 129
4324 38 193 129
4325 37 111 128
4326 4 255 129
4327 36 152 129
4328 35 189 129
4329 5 79 129
4330 32 137 129
4331 33 84 129
4332 31 95 129
4333 53 140 130
4334 52 140 130
4335 1 147 130
4336 0 260 131
4337 50 33 130
4338 48 115 130
4339 47 241 130
4340 49 250 130
4341 46 73 130
4342 45 112 130
4343 2 163 130
4344 44 112 130
4345 42 223 130
4346 41 171 129
4347 3 215 130
4348 41 228 130
4349 39 149 130
4350 38 111 130
4351 4 261 130
4352 37 226 129
4353 36 37 130
4354 34 200 129
4355 5 241 130
4356 34 179 130
4357 54 193 131
4358 53 41 131
4359 51 222 131
4360 52 41 131
4361 0 164 132
4362 1 105 131
4363 48 137 131
4364 49 168 131
4365 47 95 131
4366 46 151 131
4367 2 238 131
4368 45 138 131
4369 44 138 131
4370 43 207 130
4371 3 251 131
4372 42 226 131
4373 40 206 130
4374 39 38 131
4375 4 131 131
4376 38 226 131
4377 37 100 130
4378 35 213 130
4379 5 126 131
4380 55 70 132
4381 54 111 132
4382 51 115 132
4383 53 74 132
4384 52 74 132
4385 50 200 131
4386 1 113 132
4387 50 179 132
4388 48 42 132
4389 47 56 132
4390 2 191 132
4391 46 125 132
4392 45 217 132
4393 43 76 131
4394 3 260 132
4395 42 90 132
4396 41 19 131
4397 40 19 131
4398 4 230 132
4399 39 75 132
4400 38 100 132
4401 36 25 131
4402 57 44 133
4403 55 152 133
4404 0 152 133
4405 54 226 133
4406 53 63 133
4407 51 200 133
4408 1 94 133
4409 52 110 133
4410 49 14 132
4411 48 249 133
4412 2 245 133
4413 47 69 133
4414 46 46 133
4415 44 143 132
4416 3 65 133
4417 44 103 133
4418 43 244 132
4419 41 169 132
4420 4 189 133
4421 40 169 132
4422 39 238 133
4423 56 173 134
4424 57 92 134
4425 0 38 134
4426 55 37 134
4427 54 100 134
4428 1 29 134
4429 51 21 134
4430 52 242 134
4431 50 256 133
4432 49 83 133
4433 2 127 134
4434 48 180 134
4435 47 240 134
4436 45 40 133
4437 3 82 134
4438 45 141 134
4439 42 162 133
4440 43 256 133
4441 4 113 134
4442 41 119 133
4443 58 244 134
4444 56 121 135
4445 0 141 135
4446 57 13 135
4447 55 163 135
4448 53 71 134
4449 1 236 135
4450 53 7 135
4451 51 256 135
4452 50 90 134
4453 2 229 135
4454 49 60 134
4455 48 203 135
4456 46 223 134
4457 3 152 135
4458 46 122 135
4459 44 162 134
4460 42 124 134
4461 4 94 135
4462 59 244 136
4463 58 94 135
4464 0 101 136
4465 56 248 136
4466 57 27 136
4467 54 96 135
4468 1 59 136
4469 54 128 136
4470 52 64 135
4471 51 90 136
4472 2 123 136
4473 50 233 135
4474 49 243 135
4475 47 20 135
4476 3 38 136
4477 47 202 136
4478 45 209 135
4479 44 209 135
4480 60 254 137
4481 59 94 137
4482 0 91 137
4483 58 144 136
4484 56 207 137
4485 55 167 136
4486 1 212 137
4487 55 135 137
4488 53 154 136
4489 52 154 136
4490 2 228 137
4491 51 233 137
4492 50 10 136
4493 48 258 136
4494 49 182 136
4495 3 198 137
4496 46 54 136
4497 61 114 137
4498 60 212 138
4499 0 220 138
4500 59 144 138
4501 58 215 137
4502 57 40 137
4503 1 53 138
4504 56 238 138
4505 54 186 137
4506 53 124 137
4507 2 57 138
4508 52 124 137
4509 51 10 138
4510 48 138 137
4511 50 172 137
4512 49 27 137
4513 62 54 138
4514 61 126 138
4515 0 55 139
4516 60 59 139
4517 59 215 139
4518 57 48 138
4519 58 16 138
4520 1 44 139
4521 55 77 138
4522 54 201 138
4523 2 80 139
4524 53 134 138
4525 52 134 138
4526 3 91 138
4527 3 91 139
4528 63 54 140
4529 62 245 139
4530 0 211 140
4531 61 135 139
4532 60 62 140
4533 56 125 139
4534 1 217 140
4535 58 170 139
4536 56 77 140
4537 55 62 139
4538 57 191 139
4539 54 196 139
4540 53 43 139
4541 51 220 139
4542 64 27 140
4543 63 245 141
4544 0 250 141
4545 62 6 140
4546 61 27 140
4547 59 259 140
4548 1 120 141
4549 59 170 141
4550 2 130 140
4551 57 205 140
4552 58 66 140
4553 55 67 140
4554 54 110 140
4555 65 254 141
4556 64 254 141
4557 0 194 142
4558 63 6 142
4559 62 261 141
4560 60 4 141
4561 61 87 141
4562 1 114 142
4563 2 155 141
4564 56 196 141
4565 58 165 141
4566 57 6 141
4567 66 68 142
4568 65 3 142
4569 0 180 143
4570 64 3 142
4571 63 261 143
4572 60 2 142
4573 62 176 142
4574 61 42 142
4575 59 58 142
4576 2 214 142
4577 1 208 143
4578 67 195 143
4579 66 65 143
4580 0 45 144
4581 65 262 143
4582 64 262 143
4583 2 85 143
4584 1 232 144
4585 62 29 143
4586 60 10 143
4587 59 156 143
4588 68 34 144
4589 67 198 144
4590 0 77 145
4591 66 66 144
4592 65 88 144
4593 63 219 144
4594 64 88 144
4595 1 99 145
4596 61 71 143
4597 69 164 145
4598 68 164 145
4599 70 75 145
4600 67 197 145
4601 66 241 145
4602 63 106 145
4603 65 146 145
4604 64 146 145
4605 0 199 146
4606 69 33 146
4607 70 230 146
4608 68 33 146
4609 67 22 146
4610 1 168 146
4611 66 95 146
4612 71 111 146
4613 0 219 147
4614 71 148 147
4615 69 252 147
4616 68 252 147
4617 1 42 147
4618 72 111 148
4619 0 252 148
4620 73 10 148
4621 70 63 147
4622 69 179 148
4623 0 67 149
4624 72 226 149
4625 73 137 149
4626 71 100 148
4627 74 37 150
4628 0 213 150
4629 0 213 151
4630 75 188 151
4631 74 163 151
4632 76 188 153
4633 10 72 126
4634 11 84 126
4635 12 226 126
4636 13 88 126
4637 14 4 126
4638 15 60 126
4639 16 253 126
4640 17 155 126
4641 18 182 126
4642 19 97 126
4643 20 114 126
4644 21 150 126
4645 22 94 126
4646 23 63 126
4647 7 230 127
4648 8 68 127
4649 9 218 127
4650 10 177 127
4651 11 75 127
4652 12 134 127
4653 13 34 127
4654 14 72 127
4655 15 83 127
4656 16 235 127
4657 17 54 127
4658 18 219 127
4659 19 94 127
4660 20 82 127
4661 21 33 127
4662 22 182 127
4663 23 233 127
4664 25 197 127
4665 26 66 127
4666 6 187 128
4667 7 157 128
4668 8 57 128
4669 9 114 128
4670 10 237 128
4671 11 158 128
4672 12 61 128
4673 13 37 128
4674 14 248 128
4675 15 14 128
4676 16 249 128
4677 17 39 128
4678 18 46 128
4679 19 58 128
4680 20 179 128
4681 21 160 128
4682 22 3 128
4683 23 98 128
4684 24 5 128
4685 25 155 128
4686 26 23 128
4687 27 168 128
4688 28 257 128
4689 29 65 128
4690 6 246 129
4691 7 107 129
4692 8 100 129
4693 9 115 129
4694 10 241 129
4695 11 208 129
4696 12 152 129
4697 13 173 129
4698 14 20 129
4699 16 203 129
4700 15 37 129
4701 17 98 129
4702 18 93 129
4703 19 213 129
4704 20 129 129
4705 21 139 129
4706 22 186 129
4707 23 105 129
4708 24 249 129
4709 25 52 129
4710 26 164 129
4711 27 35 129
4712 28 85 129
4713 29 214 129
4714 30 70 129
4715 6 71 130
4716 7 167 130
4717 8 27 130
4718 9 211 130
4719 10 247 130
4720 11 199 130
4721 12 260 130
4722 13 239 130
4723 14 35 130
4724 16 54 130
4725 15 146 130
4726 17 20 130
4727 18 88 130
4728 19 126 130
4729 20 198 130
4730 21 77 130
4731 22 216 130
4732 23 152 130
4733 24 157 130
4734 25 170 130
4735 26 68 130
4736 27 226 130
4737 28 161 130
4738 29 113 130
4739 30 238 130
4740 31 159 130
4741 32 16 130
4742 33 153 130
4743 6 214 131
4744 7 156 131
4745 8 127 131
4746 9 260 131
4747 10 207 131
4748 11 257 131
4749 12 160 131
4750 13 182 131
4751 14 113 131
4752 15 170 131
4753 16 15 131
4754 17 46 131
4755 18 235 131
4756 19 49 131
4757 20 109 131
4758 21 163 131
4759 22 96 131
4760 23 42 131
4761 24 251 131
4762 25 143 131
4763 26 99 131
4764 27 226 131
4765 28 12 131
4766 29 167 131
4767 30 121 131
4768 31 231 131
4769 32 76 131
4770 33 4 131
4771 34 71 131
4772 35 89 131
4773 37 221 131
4774 5 119 132
4775 6 190 132
4776 7 5 132
4777 8 70 132
4778 9 75 132
4779 10 156 132
4780 11 194 132
4781 12 42 132
4782 13 197 132
4783 14 72 132
4784 15 105 132
4785 16 43 132
4786 17 3 132
4787 18 179 132
4788 19 21 132
4789 20 27 132
4790 21 212 132
4791 22 243 132
4792 23 122 132
4793 24 69 132
4794 25 54 132
4795 26 214 132
4796 27 218 132
4797 28 66 132
4798 29 6 132
4799 30 12 132
4800 31 219 132
4801 32 191 132
4802 33 24 132
4803 34 150 132
4804 35 240 132
4805 36 53 132
4806 37 123 132
4807 5 121 133
4808 6 43 133
4809 7 27 133
4810 8 50 133
4811 9 58 133
4812 10 225 133
4813 11 97 133
4814 12 197 133
4815 13 126 133
4816 14 89 133
4817 15 255 133
4818 16 106 133
4819 17 150 133
4820 18 95 133
4821 19 42 133
4822 20 26 133
4823 21 3 133
4824 22 116 133
4825 23 51 133
4826 24 49 133
4827 25 15 133
4828 26 66 133
4829 28 194 133
4830 27 192 133
4831 29 151 133
4832 30 20 133
4833 31 243 133
4834 32 213 133
4835 33 194 133
4836 34 131 133
4837 35 174 133
4838 36 207 133
4839 37 220 133
4840 38 42 133
4841 40 47 133
4842 5 136 134
4843 6 117 134
4844 7 174 134
4845 8 220 134
4846 9 114 134
4847 10 88 134
4848 11 15 134
4849 12 139 134
4850 13 15 134
4851 14 206 134
4852 15 118 134
4853 16 203 134
4854 17 130 134
4855 18 217 134
4856 19 47 134
4857 20 244 134
4858 21 124 134
4859 22 165 134
4860 23 111 134
4861 24 195 134
4862 25 87 134
4863 26 221 134
4864 27 132 134
4865 28 25 134
4866 29 104 134
4867 30 189 134
4868 31 122 134
4869 32 109 134
4870 33 253 134
4871 34 172 134
4872 35 163 134
4873 36 98 134
4874 37 53 134
4875 38 53 134
4876 39 262 134
4877 40 150 134
4878 41 65 134
4879 43 41 134
4880 5 26 135
4881 6 118 135
4882 7 162 135
4883 8 171 135
4884 9 97 135
4885 10 217 135
4886 11 96 135
4887 12 78 135
4888 13 118 135
4889 14 168 135
4890 15 210 135
4891 16 14 135
4892 17 260 135
4893 18 225 135
4894 19 140 135
4895 20 82 135
4896 21 191 135
4897 22 159 135
4898 23 130 135
4899 24 131 135
4900 25 116 135
4901 26 38 135
4902 27 228 135
4903 28 135 135
4904 29 120 135
4905 30 152 135
4906 31 90 135
4907 32 215 135
4908 33 105 135
4909 34 184 135
4910 35 188 135
4911 36 208 135
4912 37 114 135
4913 38 195 135
4914 39 150 135
4915 40 177 135
4916 41 20 135
4917 42 40 135
4918 43 159 135
4919 4 253 136
4920 5 104 136
4921 6 255 136
4922 7 162 136
4923 8 257 136
4924 9 206 136
4925 10 120 136
4926 11 142 136
4927 12 14 136
4928 13 201 136
4929 14 174 136
4930 15 122 136
4931 16 150 136
4932 17 134 136
4933 18 219 136
4934 19 167 136
4935 20 81 136
4936 21 172 136
4937 22 129 136
4938 23 241 136
4939 24 148 136
4940 25 38 136
4941 26 109 136
4942 27 77 136
4943 28 119 136
4944 29 111 136
4945 30 252 136
4946 31 12 136
4947 32 109 136
4948 33 185 136
4949 34 85 136
4950 35 194 136
4951 36 67 136
4952 37 207 136
4953 38 103 136
4954 39 48 136
4955 40 128 136
4956 41 60 136
4957 42 143 136
4958 43 61 136
4959 44 249 136
4960 45 230 136
4961 4 3 137
4962 5 78 137
4963 6 180 137
4964 7 49 137
4965 8 58 137
4966 9 205 137
4967 10 166 137
4968 11 53 137
4969 12 182 137
4970 13 18 137
4971 14 41 137
4972 15 61 137
4973 16 157 137
4974 17 42 137
4975 18 137 137
4976 19 79 137
4977 20 24 137
4978 21 31 137
4979 22 261 137
4980 23 161 137
4981 24 183 137
4982 25 35 137
4983 26 13 137
4984 27 187 137
4985 28 260 137
4986 29 182 137
4987 30 144 137
4988 31 109 137
4989 32 99 137
4990 33 256 137
4991 34 34 137
4992 35 123 137
4993 36 221 137
4994 37 235 137
4995 38 51 137
4996 39 115 137
4997 40 161 137
4998 41 89 137
4999 42 198 137
5000 43 98 137
5001 44 59 137
5002 45 188 137
5003 46 216 137
5004 47 108 137
5005 4 13 138
5006 5 21 138
5007 6 234 138
5008 7 208 138
5009 8 226 138
5010 9 131 138
5011 10 148 138
5012 11 238 138
5013 12 143 138
5014 13 122 138
5015 14 135 138
5016 15 205 138
5017 16 154 138
5018 17 123 138
5019 18 105 138
5020 19 261 138
5021 20 170 138
5022 21 194 138
5023 22 165 138
5024 23 162 138
5025 24 110 138
5026 25 239 138
5027 26 96 138
5028 27 20 138
5029 28 217 138
5030 29 16 138
5031 30 244 138
5032 31 151 138
5033 32 193 138
5034 33 262 138
5035 34 70 138
5036 35 132 138
5037 36 176 138
5038 37 168 138
5039 38 147 138
5040 39 212 138
5041 40 247 138
5042 41 80 138
5043 42 102 138
5044 43 181 138
5045 44 143 138
5046 45 2 138
5047 46 134 138
5048 47 37 138
5049 48 129 138
5050 49 38 138
5051 50 40 138
5052 4 225 139
5053 5 204 139
5054 6 107 139
5055 7 150 139
5056 8 134 139
5057 9 35 139
5058 10 84 139
5059 11 203 139
5060 12 120 139
5061 13 39 139
5062 14 220 139
5063 15 68 139
5064 16 167 139
5065 17 182 139
5066 18 233 139
5067 19 101 139
5068 20 35 139
5069 21 220 139
5070 22 211 139
5071 23 132 139
5072 24 36 139
5073 25 92 139
5074 26 225 139
5075 27 25 139
5076 28 210 139
5077 29 178 139
5078 30 201 139
5079 31 76 139
5080 32 40 139
5081 33 183 139
5082 34 208 139
5083 35 113 139
5084 36 28 139
5085 37 100 139
5086 38 153 139
5087 39 84 139
5088 40 101 139
5089 41 215 139
5090 42 87 139
5091 43 19 139
5092 44 240 139
5093 45 21 139
5094 46 103 139
5095 47 213 139
5096 48 241 139
5097 49 156 139
5098 50 174 139
5099 52 10 139
5100 3 174 140
5101 4 30 140
5102 5 8 140
5103 6 249 140
5104 7 9 140
5105 8 155 140
5106 9 115 140
5107 10 185 140
5108 11 83 140
5109 12 206 140
5110 13 188 140
5111 14 80 140
5112 15 130 140
5113 16 152 140
5114 17 243 140
5115 18 200 140
5116 19 172 140
5117 20 77 140
5118 21 72 140
5119 22 143 140
5120 23 214 140
5121 24 231 140
5122 26 239 140
5123 25 177 140
5124 27 80 140
5125 28 253 140
5126 29 217 140
5127 30 15 140
5128 31 105 140
5129 32 47 140
5130 33 188 140
5131 34 79 140
5132 35 137 140
5133 36 29 140
5134 37 167 140
5135 38 86 140
5136 39 158 140
5137 40 210 140
5138 41 256 140
5139 42 149 140
5140 43 126 140
5141 44 229 140
5142 45 58 140
5143 46 76 140
5144 47 21 140
5145 48 241 140
5146 49 188 140
5147 50 116 140
5148 51 94 140
5149 52 178 140
5150 53 231 140
5151 3 90 141
5152 4 84 141
5153 5 148 141
5154 6 230 141
5155 7 226 141
5156 8 74 141
5157 9 195 141
5158 10 120 141
5159 11 135 141
5160 12 50 141
5161 13 133 141
5162 14 240 141
5163 15 78 141
5164 16 156 141
5165 17 106 141
5166 18 63 141
5167 19 251 141
5168 20 5 141
5169 21 175 141
5170 22 164 141
5171 23 61 141
5172 25 111 141
5173 24 208 141
5174 26 227 141
5175 27 81 141
5176 28 32 141
5177 30 220 141
5178 29 254 141
5179 31 193 141
5180 32 115 141
5181 33 170 141
5182 34 27 141
5183 35 6 141
5184 36 235 141
5185 37 150 141
5186 38 146 141
5187 39 22 141
5188 40 17 141
5189 41 261 141
5190 42 239 141
5191 43 82 141
5192 44 11 141
5193 45 134 141
5194 46 203 141
5195 47 212 141
5196 48 188 141
5197 49 44 141
5198 50 208 141
5199 51 6 141
5200 52 171 141
5201 53 100 141
5202 54 98 141
5203 55 219 141
5204 3 209 142
5205 4 154 142
5206 5 109 142
5207 6 9 142
5208 7 145 142
5209 8 13 142
5210 9 6 142
5211 10 241 142
5212 11 35 142
5213 12 216 142
5214 13 183 142
5215 14 157 142
5216 15 250 142
5217 16 254 142
5218 17 42 142
5219 18 257 142
5220 19 15 142
5221 20 156 142
5222 21 186 142
5223 22 214 142
5224 23 188 142
5225 24 124 142
5226 25 121 142
5227 26 1 142
5228 27 16 142
5229 28 104 142
5230 29 30 142
5231 30 96 142
5232 31 234 142
5233 32 117 142
5234 33 133 142
5235 34 242 142
5236 35 112 142
5237 36 113 142
5238 37 226 142
5239 38 245 142
5240 39 103 142
5241 40 254 142
5242 41 108 142
5243 42 142 142
5244 43 213 142
5245 44 7 142
5246 45 210 142
5247 46 130 142
5248 47 37 142
5249 48 23 142
5250 49 59 142
5251 50 73 142
5252 51 234 142
5253 52 158 142
5254 53 67 142
5255 54 200 142
5256 55 124 142
5257 56 31 142
5258 57 186 142
5259 58 198 142
5260 3 219 143
5261 4 106 143
5262 5 177 143
5263 6 58 143
5264 7 250 143
5265 8 235 143
5266 9 195 143
5267 10 171 143
5268 11 132 143
5269 12 18 143
5270 13 86 143
5271 14 156 143
5272 15 123 143
5273 16 207 143
5274 17 131 143
5275 18 21 143
5276 19 11 143
5277 20 34 143
5278 21 96 143
5279 22 13 143
5280 23 47 143
5281 24 131 143
5282 25 59 143
5283 26 109 143
5284 27 238 143
5285 28 32 143
5286 29 166 143
5287 30 48 143
5288 31 25 143
5289 32 161 143
5290 33 225 143
5291 34 53 143
5292 35 114 143
5293 36 146 143
5294 37 16 143
5295 38 206 143
5296 39 19 143
5297 40 69 143
5298 41 106 143
5299 42 100 143
5300 43 228 143
5301 44 106 143
5302 45 207 143
5303 46 241 143
5304 47 88 143
5305 48 175 143
5306 49 29 143
5307 50 239 143
5308 51 124 143
5309 52 92 143
5310 53 237 143
5311 54 164 143
5312 55 212 143
5313 56 261 143
5314 57 138 143
5315 58 216 143
5316 2 207 144
5317 3 18 144
5318 4 105 144
5319 5 169 144
5320 6 178 144
5321 7 137 144
5322 8 33 144
5323 9 31 144
5324 10 133 144
5325 11 58 144
5326 12 15 144
5327 13 250 144
5328 14 48 144
5329 15 187 144
5330 16 252 144
5331 17 184 144
5332 18 24 144
5333 2 153 145
5334 19 90 144
5335 2 208 146
5336 20 190 144
5337 21 83 144
5338 22 115 144
5339 23 30 144
5340 24 92 144
5341 25 54 144
5342 26 171 144
5343 27 218 144
5344 28 216 144
5345 29 9 144
5346 30 161 144
5347 31 64 144
5348 32 68 144
5349 33 118 144
5350 34 161 144
5351 35 131 144
5352 36 92 144
5353 37 103 144
5354 38 13 144
5355 39 78 144
5356 40 161 144
5357 41 122 144
5358 42 89 144
5359 43 71 144
5360 44 106 144
5361 45 245 144
5362 46 106 144
5363 47 96 144
5364 48 175 144
5365 49 183 144
5366 50 134 144
5367 51 132 144
5368 52 209 144
5369 53 250 144
5370 54 146 144
5371 55 90 144
5372 56 117 144
5373 57 21 144
5374 58 147 144
5375 3 136 145
5376 59 98 144
5377 60 233 144
5378 61 243 144
5379 62 223 144
5380 4 18 145
5381 5 56 145
5382 6 87 145
5383 7 164 145
5384 8 20 145
5385 9 83 145
5386 10 63 145
5387 11 122 145
5388 12 132 145
5389 13 44 145
5390 14 190 145
5391 15 173 145
5392 16 37 145
5393 17 11 145
5394 18 138 145
5395 19 47 145
5396 20 246 145
5397 21 15 145
5398 22 169 145
5399 23 162 145
5400 24 34 145
5401 25 9 145
5402 26 254 145
5403 27 66 145
5404 28 247 145
5405 29 96 145
5406 30 153 145
5407 31 205 145
5408 32 197 145
5409 33 60 145
5410 34 78 145
5411 35 107 145
5412 36 223 145
5413 37 200 145
5414 38 105 145
5415 39 42 145
5416 40 253 145
5417 41 262 145
5418 42 155 145
5419 43 248 145
5420 44 173 145
5421 45 225 145
5422 46 56 145
5423 47 122 145
5424 48 41 145
5425 49 11 145
5426 50 71 145
5427 51 146 145
5428 52 99 145
5429 53 168 145
5430 54 127 145
5431 55 71 145
5432 56 235 145
5433 57 261 145
5434 58 11 145
5435 59 253 145
5436 60 223 145
5437 61 70 145
5438 62 124 145
5439 3 100 146
5440 4 63 146
5441 5 189 146
5442 6 123 146
5443 7 170 146
5444 8 223 146
5445 9 166 146
5446 10 96 146
5447 11 258 146
5448 12 187 146
5449 13 83 146
5450 14 247 146
5451 15 104 146
5452 16 108 146
5453 17 102 146
5454 18 256 146
5455 19 65 146
5456 20 123 146
5457 22 4 146
5458 21 217 146
5459 23 233 146
5460 24 178 146
5461 25 135 146
5462 26 2 146
5463 27 120 146
5464 28 39 146
5465 29 38 146
5466 30 220 146
5467 31 183 146
5468 32 241 146
5469 33 161 146
5470 34 26 146
5471 35 37 146
5472 36 151 146
5473 37 196 146
5474 38 250 146
5475 39 213 146
5476 40 23 146
5477 41 86 146
5478 42 169 146
5479 43 173 146
5480 44 178 146
5481 45 34 146
5482 46 89 146
5483 47 157 146
5484 48 103 146
5485 49 213 146
5486 50 53 146
5487 51 184 146
5488 52 171 146
5489 53 17 146
5490 54 189 146
5491 55 211 146
5492 56 230 146
5493 57 126 146
5494 58 186 146
5495 59 66 146
5496 60 88 146
5497 61 226 146
5498 62 256 146
5499 63 176 146
5500 64 42 146
5501 65 84 146
5502 2 17 147
5503 3 10 147
5504 4 261 147
5505 5 85 147
5506 6 259 147
5507 7 82 147
5508 8 226 147
5509 9 209 147
5510 10 161 147
5511 11 52 147
5512 12 250 147
5513 13 29 147
5514 14 193 147
5515 15 136 147
5516 16 34 147
5517 17 171 147
5518 18 73 147
5519 19 160 147
5520 20 167 147
5521 21 76 147
5522 22 199 147
5523 23 260 147
5524 24 38 147
5525 25 235 147
5526 26 245 147
5527 27 177 147
5528 28 87 147
5529 29 137 147
5530 30 182 147
5531 31 172 147
5532 32 68 147
5533 33 1 147
5534 34 111 147
5535 35 37 147
5536 36 60 147
5537 37 177 147
5538 38 202 147
5539 39 2 147
5540 40 227 147
5541 41 253 147
5542 42 182 147
5543 43 162 147
5544 44 29 147
5545 45 105 147
5546 46 196 147
5547 47 45 147
5548 48 121 147
5549 49 136 147
5550 50 163 147
5551 51 16 147
5552 52 78 147
5553 53 50 147
5554 54 122 147
5555 55 192 147
5556 56 179 147
5557 57 181 147
5558 58 120 147
5559 59 116 147
5560 60 49 147
5561 61 183 147
5562 62 234 147
5563 63 114 147
5564 64 97 147
5565 65 5 147
5566 66 131 147
5567 67 159 147
5568 1 50 148
5569 2 78 148
5570 3 56 148
5571 4 80 148
5572 5 147 148
5573 6 183 148
5574 7 94 148
5575 8 70 148
5576 9 19 148
5577 10 125 148
5578 11 200 148
5579 12 1 148
5580 13 131 148
5581 14 147 148
5582 15 125 148
5583 16 92 148
5584 17 31 148
5585 18 236 148
5586 19 174 148
5587 20 7 148
5588 21 158 148
5589 22 159 148
5590 23 59 148
5591 24 203 148
5592 25 31 148
5593 26 157 148
5594 27 120 148
5595 28 238 148
5596 29 157 148
5597 30 56 148
5598 31 42 148
5599 32 201 148
5600 33 210 148
5601 34 142 148
5602 35 80 148
5603 36 68 148
5604 37 180 148
5605 38 122 148
5606 39 141 148
5607 40 38 148
5608 41 165 148
5609 42 131 148
5610 43 240 148
5611 44 223 148
5612 45 86 148
5613 46 166 148
5614 47 184 148
5615 48 146 148
5616 49 132 148
5617 50 24 148
5618 51 88 148
5619 52 231 148
5620 53 99 148
5621 54 34 148
5622 55 69 148
5623 56 77 148
5624 57 22 148
5625 58 214 148
5626 59 215 148
5627 60 157 148
5628 61 14 148
5629 62 71 148
5630 63 262 148
5631 64 170 148
5632 65 218 148
5633 66 257 148
5634 67 91 148
5635 68 109 148
5636 70 22 148
5637 1 255 149
5638 2 119 149
5639 3 61 149
5640 4 90 149
5641 5 94 149
5642 6 198 149
5643 7 32 149
5644 8 169 149
5645 9 189 149
5646 10 105 149
5647 11 244 149
5648 12 198 149
5649 13 240 149
5650 14 126 149
5651 15 256 149
5652 16 85 149
5653 17 257 149
5654 18 27 149
5655 19 145 149
5656 20 55 149
5657 21 211 149
5658 22 161 149
5659 23 207 149
5660 24 95 149
5661 25 243 149
5662 26 135 149
5663 27 215 149
5664 28 130 149
5665 29 158 149
5666 30 160 149
5667 31 141 149
5668 32 131 149
5669 33 194 149
5670 34 15 149
5671 35 157 149
5672 36 219 149
5673 37 70 149
5674 38 91 149
5675 39 125 149
5676 40 253 149
5677 41 160 149
5678 42 236 149
5679 43 52 149
5680 44 29 149
5681 45 261 149
5682 46 170 149
5683 47 189 149
5684 48 227 149
5685 49 218 149
5686 50 149 149
5687 51 32 149
5688 52 201 149
5689 53 28 149
5690 54 252 149
5691 55 106 149
5692 56 61 149
5693 57 73 149
5694 58 69 149
5695 59 221 149
5696 60 145 149
5697 61 34 149
5698 62 149 149
5699 63 260 149
5700 64 95 149
5701 65 3 149
5702 66 103 149
5703 67 57 149
5704 68 18 149
5705 69 141 149
5706 70 256 149
5707 71 165 149
5708 1 101 150
5709 2 55 150
5710 3 130 150
5711 4 52 150
5712 5 42 150
5713 6 202 150
5714 7 95 150
5715 8 84 150
5716 9 209 150
5717 10 25 150
5718 11 60 150
5719 12 196 150
5720 13 44 150
5721 14 195 150
5722 15 211 150
5723 16 32 150
5724 17 147 150
5725 18 181 150
5726 19 87 150
5727 20 251 150
5728 21 224 150
5729 22 133 150
5730 23 207 150
5731 24 28 150
5732 25 40 150
5733 26 218 150
5734 27 261 150
5735 28 5 150
5736 29 154 150
5737 30 92 150
5738 31 20 150
5739 32 188 150
5740 33 139 150
5741 34 226 150
5742 35 243 150
5743 36 167 150
5744 37 232 150
5745 38 255 150
5746 39 99 150
5747 40 139 150
5748 41 174 150
5749 42 218 150
5750 43 231 150
5751 44 167 150
5752 45 209 150
5753 46 172 150
5754 47 248 150
5755 48 173 150
5756 49 200 150
5757 50 241 150
5758 51 74 150
5759 52 96 150
5760 53 121 150
5761 54 116 150
5762 55 107 150
5763 56 38 150
5764 57 84 150
5765 58 258 150
5766 59 36 150
5767 60 209 150
5768 61 11 150
5769 62 40 150
5770 63 94 150
5771 64 238 150
5772 65 7 150
5773 66 134 150
5774 67 33 150
5775 68 65 150
5776 69 122 150
5777 70 55 150
5778 71 245 150
5779 72 217 150
5780 73 233 150
5781 1 50 151
5782 2 172 151
5783 3 220 151
5784 4 39 151
5785 5 97 151
5786 6 225 151
5787 7 8 151
5788 8 162 151
5789 9 227 151
5790 10 142 151
5791 11 120 151
5792 12 160 151
5793 13 161 151
5794 14 242 151
5795 15 66 151
5796 16 80 151
5797 17 250 151
5798 18 23 151
5799 19 107 151
5800 20 167 151
5801 21 172 151
5802 22 22 151
5803 23 257 151
5804 24 30 151
5805 25 153 151
5806 26 149 151
5807 27 59 151
5808 28 227 151
5809 29 228 151
5810 30 236 151
5811 31 9 151
5812 32 60 151
5813 33 128 151
5814 34 18 151
5815 35 217 151
5816 36 2 151
5817 37 65 151
5818 38 42 151
5819 39 180 151
5820 40 136 151
5821 41 168 151
5822 42 103 151
5823 43 172 151
5824 44 65 151
5825 45 75 151
5826 46 104 151
5827 47 94 151
5828 48 17 151
5829 49 242 151
5830 50 8 151
5831 51 33 151
5832 52 208 151
5833 53 145 151
5834 54 43 151
5835 55 39 151
5836 56 119 151
5837 57 148 151
5838 58 237 151
5839 59 49 151
5840 60 90 151
5841 61 7 151
5842 62 12 151
5843 63 253 151
5844 64 243 151
5845 65 99 151
5846 66 20 151
5847 67 217 151
5848 68 142 151
5849 69 167 151
5850 70 206 151
5851 71 29 151
5852 72 259 151
5853 73 183 151
5854 0 235 152
5855 1 166 152
5856 2 115 152
5857 3 153 152
5858 4 155 152
5859 5 43 152
5860 6 50 152
5861 7 42 152
5862 8 117 152
5863 9 210 152
5864 10 160 152
5865 11 63 152
5866 12 128 152
5867 13 227 152
5868 14 153 152
5869 15 178 152
5870 16 117 152
5871 17 153 152
5872 18 32 152
5873 19 130 152
5874 20 190 152
5875 21 209 152
5876 22 221 152
5877 23 207 152
5878 24 44 152
5879 25 204 152
5880 26 211 152
5881 27 80 152
5882 28 252 152
5883 29 4 152
5884 30 170 152
5885 31 3 152
5886 32 44 152
5887 33 42 152
5888 34 258 152
5889 35 12 152
5890 36 171 152
5891 37 120 152
5892 38 115 152
5893 39 203 152
5894 40 18 152
5895 41 44 152
5896 42 105 152
5897 43 57 152
5898 44 86 152
5899 45 26 152
5900 46 155 152
5901 47 253 152
5902 48 206 152
5903 49 148 152
5904 50 28 152
5905 51 6 152
5906 52 142 152
5907 53 11 152
5908 54 180 152
5909 55 140 152
5910 56 192 152
5911 57 21 152
5912 58 122 152
5913 59 111 152
5914 60 161 152
5915 61 105 152
5916 62 233 152
5917 63 152 152
5918 64 106 152
5919 65 124 152
5920 66 253 152
5921 67 102 152
5922 68 117 152
5923 69 190 152
5924 70 187 152
5925 71 132 152
5926 72 12 152
5927 73 198 152
5928 74 145 152
5929 75 176 152
5930 0 217 153
5931 1 234 153
5932 2 44 153
5933 3 30 153
5934 4 209 153
5935 5 249 153
5936 6 61 153
5937 7 79 153
5938 8 100 153
5939 9 177 153
5940 10 77 153
5941 11 197 153
5942 12 164 153
5943 13 194 153
5944 14 156 153
5945 15 33 153
5946 16 111 153
5947 17 68 153
5948 18 67 153
5949 19 50 153
5950 20 85 153
5951 21 196 153
5952 22 261 153
5953 23 187 153
5954 24 181 153
5955 25 131 153
5956 26 229 153
5957 27 115 153
5958 28 106 153
5959 29 183 153
5960 30 2 153
5961 31 77 153
5962 32 25 153
5963 33 230 153
5964 34 66 153
5965 35 75 153
5966 36 254 153
5967 37 128 153
5968 38 32 153
5969 39 225 153
5970 40 54 153
5971 41 157 153
5972 42 83 153
5973 43 165 153
5974 44 101 153
5975 45 48 153
5976 46 221 153
5977 47 254 153
5978 48 26 153
5979 49 174 153
5980 50 148 153
5981 51 177 153
5982 52 29 153
5983 53 176 153
5984 54 149 153
5985 55 130 153
5986 56 107 153
5987 57 179 153
5988 58 27 153
5989 59 249 153
5990 60 95 153
5991 61 131 153
5992 62 52 153
5993 63 186 153
5994 64 187 153
5995 65 218 153
5996 66 81 153
5997 67 220 153
5998 68 59 153
5999 69 242 153
6000 70 210 153
6001 71 180 153
6002 72 130 153
6003 73 168 153
6004 74 10 153
6005 75 199 153
6006 0 8 154
6007 1 202 154
6008 2 98 154
6009 3 99 154
6010 4 145 154
6011 5 173 154
6012 6 229 154
6013 7 117 154
6014 8 232 154
6015 9 114 154
6016 10 122 154
6017 11 175 154
6018 12 143 154
6019 13 80 154
6020 14 108 154
6021 15 173 154
6022 16 219 154
6023 17 191 154
6024 18 220 154
6025 19 82 154
6026 20 52 154
6027 21 32 154
6028 22 170 154
6029 23 85 154
6030 24 53 154
6031 25 130 154
6032 26 53 154
6033 27 245 154
6034 28 170 154
6035 29 129 154
6036 30 59 154
6037 31 218 154
6038 32 87 154
6039 33 206 154
6040 34 135 154
6041 35 173 154
6042 36 131 154
6043 37 169 154
6044 38 168 154
6045 39 130 154
6046 40 190 154
6047 41 130 154
6048 42 254 154
6049 43 63 154
6050 44 188 154
6051 45 198 154
6052 46 45 154
6053 47 216 154
6054 48 46 154
6055 49 133 154
6056 50 41 154
6057 51 249 154
6058 52 117 154
6059 53 10 154
6060 54 33 154
6061 55 249 154
6062 56 123 154
6063 57 67 154
6064 58 132 154
6065 59 158 154
6066 60 47 154
6067 61 167 154
6068 62 230 154
6069 63 235 154
6070 64 226 154
6071 65 98 154
6072 66 102 154
6073 67 136 154
6074 68 95 154
6075 69 76 154
6076 70 9 154
6077 71 230 154
6078 72 39 154
6079 74 60 154
6080 73 239 154
6081 75 233 154
6082 76 38 154
6083 77 69 154
6084 0 227 155
6085 1 92 155
6086 2 205 155
6087 3 239 155
6088 4 168 155
6089 5 74 155
6090 6 132 155
6091 7 76 155
6092 8 196 155
6093 9 144 155
6094 10 14 155
6095 11 5 155
6096 12 87 155
6097 13 3 155
6098 14 3 155
6099 15 144 155
6100 16 133 155
6101 17 35 155
6102 18 14 155
6103 19 112 155
6104 20 224 155
6105 21 129 155
6106 22 183 155
6107 23 225 155
6108 24 215 155
6109 25 110 155
6110 26 105 155
6111 27 19 155
6112 28 39 155
6113 29 164 155
6114 30 85 155
6115 31 241 155
6116 32 52 155
6117 33 217 155
6118 34 229 155
6119 35 9 155
6120 36 27 155
6121 37 200 155
6122 38 59 155
6123 39 169 155
6124 40 226 155
6125 41 227 155
6126 42 256 155
6127 43 119 155
6128 44 256 155
6129 45 28 155
6130 46 5 155
6131 47 131 155
6132 48 229 155
6133 49 258 155
6134 50 21 155
6135 51 227 155
6136 52 70 155
6137 53 29 155
6138 54 178 155
6139 55 261 155
6140 56 125 155
6141 57 161 155
6142 58 38 155
6143 59 243 155
6144 60 102 155
6145 61 113 155
6146 62 114 155
6147 63 175 155
6148 64 173 155
6149 65 258 155
6150 66 127 155
6151 67 109 155
6152 68 78 155
6153 69 224 155
6154 70 72 155
6155 71 39 155
weights 156 156 156 156 156 156 156 156 156 156 156 156 156 156 156 156 156 156 156 156 156 156 156 156 156 156 156 156 156 156 156 156 156 156 156 156 156 156 156 156 156 156 156 156 156 156 156 156 156 156 156 156 156 156 156 156 156 156 156 156 156 156 156 156 156 156 156 156 156 156 156 156 155 155 155 155 155 155
