p 257 h 81 constraints 6785
0 0 1 0
1 0 1 1
2 0 1 2
3 0 1 3
4 0 1 4
5 0 1 5
6 0 1 6
7 0 1 7
8 0 1 8
9 0 1 9
10 0 1 10
11 0 1 11
12 0 1 12
13 0 1 13
14 0 1 14
15 0 1 15
16 0 1 16
17 0 1 17
18 0 1 18
19 0 1 19
20 0 1 20
21 0 1 21
22 0 1 22
23 0 1 23
24 0 1 24
25 0 1 25
26 0 1 26
27 0 1 27
28 0 1 28
29 0 1 29
30 0 1 30
31 0 1 31
32 0 1 32
33 0 1 33
34 0 1 34
35 0 1 35
36 0 1 36
37 0 1 37
38 0 1 38
39 0 1 39
40 0 1 40
41 0 1 41
42 1 1 2
43 1 1 3
44 1 1 4
45 1 1 5
46 1 1 6
47 1 1 7
48 1 1 8
49 1 1 9
50 1 1 10
51 1 1 11
52 1 1 12
53 1 1 13
54 1 1 14
55 1 1 15
56 1 1 16
57 1 1 17
58 1 1 18
59 1 1 19
60 1 1 20
61 1 1 21
62 1 1 22
63 1 1 23
64 1 1 24
65 1 1 25
66 1 1 26
67 1 1 27
68 1 1 28
69 1 1 29
70 1 1 30
71 1 1 31
72 1 1 32
73 1 1 33
74 1 1 34
75 1 1 35
76 1 1 36
77 1 1 37
78 1 1 38
79 1 1 39
80 1 1 40
81 1 1 41
82 1 1 42
83 2 1 4
84 2 1 5
85 2 1 6
86 2 1 7
87 2 1 8
88 2 1 9
89 2 1 10
90 2 1 11
91 2 1 12
92 2 1 13
93 2 1 14
94 2 1 15
95 2 1 16
96 2 1 17
97 2 1 18
98 2 1 19
99 2 1 20
100 2 1 21
101 2 1 22
102 2 1 23
103 2 1 24
104 2 1 25
105 2 1 26
106 2 1 27
107 2 1 28
108 2 1 29
109 2 1 30
110 2 1 31
111 2 1 32
112 2 1 33
113 2 1 34
114 2 1 35
115 2 1 36
116 2 1 37
117 2 1 38
118 2 1 39
119 2 1 40
120 2 1 41
121 2 1 42
122 2 1 43
123 3 1 6
124 3 1 7
125 3 1 8
126 3 1 9
127 3 1 10
128 3 1 11
129 3 1 12
130 3 1 13
131 3 1 14
132 3 1 15
133 3 1 16
134 3 1 17
135 3 1 18
136 3 1 19
137 3 1 20
138 3 1 21
139 3 1 22
140 3 1 23
141 3 1 24
142 3 1 25
143 3 1 26
144 3 1 27
145 3 1 28
146 3 1 29
147 3 1 30
148 3 1 31
149 3 1 32
150 3 1 33
151 3 1 34
152 3 1 35
153 3 1 36
154 3 1 37
155 3 1 38
156 3 1 39
157 3 1 40
158 3 1 41
159 3 1 42
160 3 1 43
161 3 1 44
162 4 1 8
163 4 1 9
164 4 1 10
165 4 1 11
166 4 1 12
167 4 1 13
168 4 1 14
169 4 1 15
170 4 1 16
171 4 1 17
172 4 1 18
173 4 1 19
174 4 1 20
175 4 1 21
176 4 1 22
177 4 1 23
178 4 1 24
179 4 1 25
180 4 1 26
181 4 1 27
182 4 1 28
183 4 1 29
184 4 1 30
185 4 1 31
186 4 1 32
187 4 1 33
188 4 1 34
189 4 1 35
190 4 1 36
191 4 1 37
192 4 1 38
193 4 1 39
194 4 1 40
195 4 1 41
196 4 1 42
197 4 1 43
198 4 1 44
199 4 1 45
200 5 1 10
201 5 1 11
202 5 1 12
203 5 1 13
204 5 1 14
205 5 1 15
206 5 1 16
207 5 1 17
208 5 1 18
209 5 1 19
210 5 1 20
211 5 1 21
212 5 1 22
213 5 1 23
214 5 1 24
215 5 1 25
216 5 1 26
217 5 1 27
218 5 1 28
219 5 1 29
220 5 1 30
221 5 1 31
222 5 1 32
223 5 1 33
224 5 1 34
225 5 1 35
226 5 1 36
227 5 1 37
228 5 1 38
229 5 1 39
230 5 1 40
231 5 1 41
232 5 1 42
233 5 1 43
234 5 1 44
235 5 1 45
236 5 1 46
237 6 1 12
238 6 1 13
239 6 1 14
240 6 1 15
241 6 1 16
242 6 1 17
243 6 1 18
244 6 1 19
245 6 1 20
246 6 1 21
247 6 1 22
248 6 1 23
249 6 1 24
250 6 1 25
251 6 1 26
252 6 1 27
253 6 1 28
254 6 1 29
255 6 1 30
256 6 1 31
257 6 1 32
258 6 1 33
259 6 1 34
260 6 1 35
261 6 1 36
262 6 1 37
263 6 1 38
264 6 1 39
265 6 1 40
266 6 1 41
267 6 1 42
268 6 1 43
269 6 1 44
270 6 1 45
271 6 1 46
272 6 1 47
273 7 1 14
274 7 1 15
275 7 1 16
276 7 1 17
277 7 1 18
278 7 1 19
279 7 1 20
280 7 1 21
281 7 1 22
282 7 1 23
283 7 1 24
284 7 1 25
285 7 1 26
286 7 1 27
287 7 1 28
288 7 1 29
289 7 1 30
290 7 1 31
291 7 1 32
292 7 1 33
293 7 1 34
294 7 1 35
295 7 1 36
296 7 1 37
297 7 1 38
298 7 1 39
299 7 1 40
300 7 1 41
301 7 1 42
302 7 1 43
303 7 1 44
304 7 1 45
305 7 1 46
306 7 1 47
307 7 1 48
308 8 1 16
309 8 1 17
310 8 1 18
311 8 1 19
312 8 1 20
313 8 1 21
314 8 1 22
315 8 1 23
316 8 1 24
317 8 1 25
318 8 1 26
319 8 1 27
320 8 1 28
321 8 1 29
322 8 1 30
323 8 1 31
324 8 1 32
325 8 1 33
326 8 1 34
327 8 1 35
328 8 1 36
329 8 1 37
330 8 1 38
331 8 1 39
332 8 1 40
333 8 1 41
334 8 1 42
335 8 1 43
336 8 1 44
337 8 1 45
338 8 1 46
339 8 1 47
340 8 1 48
341 8 1 49
342 9 1 18
343 9 1 19
344 9 1 20
345 9 1 21
346 9 1 22
347 9 1 23
348 9 1 24
349 9 1 25
350 9 1 26
351 9 1 27
352 9 1 28
353 9 1 29
354 9 1 30
355 9 1 31
356 9 1 32
357 9 1 33
358 9 1 34
359 9 1 35
360 9 1 36
361 9 1 37
362 9 1 38
363 9 1 39
364 9 1 40
365 9 1 41
366 9 1 42
367 9 1 43
368 9 1 44
369 9 1 45
370 9 1 46
371 9 1 47
372 9 1 48
373 9 1 49
374 9 1 50
375 10 1 20
376 10 1 21
377 10 1 22
378 10 1 23
379 10 1 24
380 10 1 25
381 10 1 26
382 10 1 27
383 10 1 28
384 10 1 29
385 10 1 30
386 10 1 31
387 10 1 32
388 10 1 33
389 10 1 34
390 10 1 35
391 10 1 36
392 10 1 37
393 10 1 38
394 10 1 39
395 10 1 40
396 10 1 41
397 10 1 42
398 10 1 43
399 10 1 44
400 10 1 45
401 10 1 46
402 10 1 47
403 10 1 48
404 10 1 49
405 10 1 50
406 10 1 51
407 11 1 22
408 11 1 23
409 11 1 24
410 11 1 25
411 11 1 26
412 11 1 27
413 11 1 28
414 11 1 29
415 11 1 30
416 11 1 31
417 11 1 32
418 11 1 33
419 11 1 34
420 11 1 35
421 11 1 36
422 11 1 37
423 11 1 38
424 11 1 39
425 11 1 40
426 11 1 41
427 11 1 42
428 11 1 43
429 11 1 44
430 11 1 45
431 11 1 46
432 11 1 47
433 11 1 48
434 11 1 49
435 11 1 50
436 11 1 51
437 11 1 52
438 12 1 24
439 12 1 25
440 12 1 26
441 12 1 27
442 12 1 28
443 12 1 29
444 12 1 30
445 12 1 31
446 12 1 32
447 12 1 33
448 12 1 34
449 12 1 35
450 12 1 36
451 12 1 37
452 12 1 38
453 12 1 39
454 12 1 40
455 12 1 41
456 12 1 42
457 12 1 43
458 12 1 44
459 12 1 45
460 12 1 46
461 12 1 47
462 12 1 48
463 12 1 49
464 12 1 50
465 12 1 51
466 12 1 52
467 12 1 53
468 13 1 26
469 13 1 27
470 13 1 28
471 13 1 29
472 13 1 30
473 13 1 31
474 13 1 32
475 13 1 33
476 13 1 34
477 13 1 35
478 13 1 36
479 13 1 37
480 13 1 38
481 13 1 39
482 13 1 40
483 13 1 41
484 13 1 42
485 13 1 43
486 13 1 44
487 13 1 45
488 13 1 46
489 13 1 47
490 13 1 48
491 13 1 49
492 13 1 50
493 13 1 51
494 13 1 52
495 13 1 53
496 13 1 54
497 14 1 28
498 14 1 29
499 14 1 30
500 14 1 31
501 14 1 32
502 14 1 33
503 14 1 34
504 14 1 35
505 14 1 36
506 14 1 37
507 14 1 38
508 14 1 39
509 14 1 40
510 14 1 41
511 14 1 42
512 14 1 43
513 14 1 44
514 14 1 45
515 14 1 46
516 14 1 47
517 14 1 48
518 14 1 49
519 14 1 50
520 14 1 51
521 14 1 52
522 14 1 53
523 14 1 54
524 14 1 55
525 15 1 30
526 15 1 31
527 15 1 32
528 15 1 33
529 15 1 34
530 15 1 35
531 15 1 36
532 15 1 37
533 15 1 38
534 15 1 39
535 15 1 40
536 15 1 41
537 15 1 42
538 15 1 43
539 15 1 44
540 15 1 45
541 15 1 46
542 15 1 47
543 15 1 48
544 15 1 49
545 15 1 50
546 15 1 51
547 15 1 52
548 15 1 53
549 15 1 54
550 15 1 55
551 15 1 56
552 16 1 32
553 16 1 33
554 16 1 34
555 16 1 35
556 16 1 36
557 16 1 37
558 16 1 38
559 16 1 39
560 16 1 40
561 16 1 41
562 16 1 42
563 16 1 43
564 16 1 44
565 16 1 45
566 16 1 46
567 16 1 47
568 16 1 48
569 16 1 49
570 16 1 50
571 16 1 51
572 16 1 52
573 16 1 53
574 16 1 54
575 16 1 55
576 16 1 56
577 16 1 57
578 17 1 34
579 17 1 35
580 17 1 36
581 17 1 37
582 17 1 38
583 17 1 39
584 17 1 40
585 17 1 41
586 17 1 42
587 17 1 43
588 17 1 44
589 17 1 45
590 17 1 46
591 17 1 47
592 17 1 48
593 17 1 49
594 17 1 50
595 17 1 51
596 17 1 52
597 17 1 53
598 17 1 54
599 17 1 55
600 17 1 56
601 17 1 57
602 17 1 58
603 18 1 36
604 18 1 37
605 18 1 38
606 18 1 39
607 18 1 40
608 18 1 41
609 18 1 42
610 18 1 43
611 18 1 44
612 18 1 45
613 18 1 46
614 18 1 47
615 18 1 48
616 18 1 49
617 18 1 50
618 18 1 51
619 18 1 52
620 18 1 53
621 18 1 54
622 18 1 55
623 18 1 56
624 18 1 57
625 18 1 58
626 18 1 59
627 19 1 38
628 19 1 39
629 19 1 40
630 19 1 41
631 19 1 42
632 19 1 43
633 19 1 44
634 19 1 45
635 19 1 46
636 19 1 47
637 19 1 48
638 19 1 49
639 19 1 50
640 19 1 51
641 19 1 52
642 19 1 53
643 19 1 54
644 19 1 55
645 19 1 56
646 19 1 57
647 19 1 58
648 19 1 59
649 19 1 60
650 20 1 40
651 20 1 41
652 20 1 42
653 20 1 43
654 20 1 44
655 20 1 45
656 20 1 46
657 20 1 47
658 20 1 48
659 20 1 49
660 20 1 50
661 20 1 51
662 20 1 52
663 20 1 53
664 20 1 54
665 20 1 55
666 20 1 56
667 20 1 57
668 20 1 58
669 20 1 59
670 20 1 60
671 20 1 61
672 21 1 42
673 21 1 43
674 21 1 44
675 21 1 45
676 21 1 46
677 21 1 47
678 21 1 48
679 21 1 49
680 21 1 50
681 21 1 51
682 21 1 52
683 21 1 53
684 21 1 54
685 21 1 55
686 21 1 56
687 21 1 57
688 21 1 58
689 21 1 59
690 21 1 60
691 21 1 61
692 21 1 62
693 22 1 44
694 22 1 45
695 22 1 46
696 22 1 47
697 22 1 48
698 22 1 49
699 22 1 50
700 22 1 51
701 22 1 52
702 22 1 53
703 22 1 54
704 22 1 55
705 22 1 56
706 22 1 57
707 22 1 58
708 22 1 59
709 22 1 60
710 22 1 61
711 22 1 62
712 22 1 63
713 23 1 46
714 23 1 47
715 23 1 48
716 23 1 49
717 23 1 50
718 23 1 51
719 23 1 52
720 23 1 53
721 23 1 54
722 23 1 55
723 23 1 56
724 23 1 57
725 23 1 58
726 23 1 59
727 23 1 60
728 23 1 61
729 23 1 62
730 23 1 63
731 23 1 64
732 24 1 48
733 24 1 49
734 24 1 50
735 24 1 51
736 24 1 52
737 24 1 53
738 24 1 54
739 24 1 55
740 24 1 56
741 24 1 57
742 24 1 58
743 24 1 59
744 24 1 60
745 24 1 61
746 24 1 62
747 24 1 63
748 24 1 64
749 24 1 65
750 25 1 50
751 25 1 51
752 25 1 52
753 25 1 53
754 25 1 54
755 25 1 55
756 25 1 56
757 25 1 57
758 25 1 58
759 25 1 59
760 25 1 60
761 25 1 61
762 25 1 62
763 25 1 63
764 25 1 64
765 25 1 65
766 25 1 66
767 26 1 52
768 26 1 53
769 26 1 54
770 26 1 55
771 26 1 56
772 26 1 57
773 26 1 58
774 26 1 59
775 26 1 60
776 26 1 61
777 26 1 62
778 26 1 63
779 26 1 64
780 26 1 65
781 26 1 66
782 26 1 67
783 27 1 54
784 27 1 55
785 27 1 56
786 27 1 57
787 27 1 58
788 27 1 59
789 27 1 60
790 27 1 61
791 27 1 62
792 27 1 63
793 27 1 64
794 27 1 65
795 27 1 66
796 27 1 67
797 27 1 68
798 28 1 56
799 28 1 57
800 28 1 58
801 28 1 59
802 28 1 60
803 28 1 61
804 28 1 62
805 28 1 63
806 28 1 64
807 28 1 65
808 28 1 66
809 28 1 67
810 28 1 68
811 28 1 69
812 29 1 58
813 29 1 59
814 29 1 60
815 29 1 61
816 29 1 62
817 29 1 63
818 29 1 64
819 29 1 65
820 29 1 66
821 29 1 67
822 29 1 68
823 29 1 69
824 29 1 70
825 30 1 60
826 30 1 61
827 30 1 62
828 30 1 63
829 30 1 64
830 30 1 65
831 30 1 66
832 30 1 67
833 30 1 68
834 30 1 69
835 30 1 70
836 30 1 71
837 31 1 62
838 31 1 63
839 31 1 64
840 31 1 65
841 31 1 66
842 31 1 67
843 31 1 68
844 31 1 69
845 31 1 70
846 31 1 71
847 31 1 72
848 32 1 64
849 32 1 65
850 32 1 66
851 32 1 67
852 32 1 68
853 32 1 69
854 32 1 70
855 32 1 71
856 32 1 72
857 32 1 73
858 33 1 66
859 33 1 67
860 33 1 68
861 33 1 69
862 33 1 70
863 33 1 71
864 33 1 72
865 33 1 73
866 33 1 74
867 34 1 68
868 34 1 69
869 34 1 70
870 34 1 71
871 34 1 72
872 34 1 73
873 34 1 74
874 34 1 75
875 35 1 70
876 35 1 71
877 35 1 72
878 35 1 73
879 35 1 74
880 35 1 75
881 35 1 76
882 36 1 72
883 36 1 73
884 36 1 74
885 36 1 75
886 36 1 76
887 36 1 77
888 37 1 74
889 37 1 75
890 37 1 76
891 37 1 77
892 37 1 78
893 38 1 76
894 38 1 77
895 38 1 78
896 38 1 79
897 39 1 78
898 39 1 79
899 39 1 80
900 40 1 80
901 40 1 81
902 41 1 82
903 42 253 84
904 41 255 83
905 40 256 82
906 39 128 81
907 38 64 80
908 37 32 79
909 36 16 78
910 35 8 77
911 34 4 76
912 33 2 75
913 32 1 74
914 31 129 73
915 30 193 72
916 29 225 71
917 28 241 70
918 27 249 69
919 26 253 68
920 25 255 67
921 24 256 66
922 23 128 65
923 22 64 64
924 21 32 63
925 20 16 62
926 19 8 61
927 18 4 60
928 17 2 59
929 16 1 58
930 15 129 57
931 14 193 56
932 13 225 55
933 12 241 54
934 11 249 53
935 10 253 52
936 9 255 51
937 8 256 50
938 7 128 49
939 6 64 48
940 5 32 47
941 4 16 46
942 43 253 86
943 42 255 85
944 41 256 84
945 40 128 83
946 39 64 82
947 38 32 81
948 37 16 80
949 36 8 79
950 35 4 78
951 34 2 77
952 33 1 76
953 32 129 75
954 31 193 74
955 30 225 73
956 29 241 72
957 28 249 71
958 27 253 70
959 26 255 69
960 25 256 68
961 24 128 67
962 23 64 66
963 22 32 65
964 21 16 64
965 20 8 63
966 19 4 62
967 18 2 61
968 17 1 60
969 16 129 59
970 15 193 58
971 14 225 57
972 13 241 56
973 12 249 55
974 11 253 54
975 10 255 53
976 9 256 52
977 8 128 51
978 7 64 50
979 6 32 49
980 44 253 88
981 43 255 87
982 42 256 86
983 41 128 85
984 40 64 84
985 39 32 83
986 38 16 82
987 37 8 81
988 36 4 80
989 35 2 79
990 34 1 78
991 33 129 77
992 32 193 76
993 31 225 75
994 30 241 74
995 29 249 73
996 28 253 72
997 27 255 71
998 26 256 70
999 25 128 69
1000 24 64 68
1001 23 32 67
1002 22 16 66
1003 21 8 65
1004 20 4 64
1005 19 2 63
1006 18 1 62
1007 17 129 61
1008 16 193 60
1009 15 225 59
1010 14 241 58
1011 13 249 57
1012 12 253 56
1013 11 255 55
1014 10 256 54
1015 9 128 53
1016 8 64 52
1017 45 253 90
1018 44 255 89
1019 43 256 88
1020 42 128 87
1021 41 64 86
1022 40 32 85
1023 39 16 84
1024 38 8 83
1025 37 4 82
1026 36 2 81
1027 35 1 80
1028 34 129 79
1029 33 193 78
1030 32 225 77
1031 31 241 76
1032 30 249 75
1033 29 253 74
1034 28 255 73
1035 27 256 72
1036 26 128 71
1037 25 64 70
1038 24 32 69
1039 23 16 68
1040 22 8 67
1041 21 4 66
1042 20 2 65
1043 19 1 64
1044 18 129 63
1045 17 193 62
1046 16 225 61
1047 15 241 60
1048 14 249 59
1049 13 253 58
1050 12 255 57
1051 11 256 56
1052 10 128 55
1053 46 253 92
1054 45 255 91
1055 44 256 90
1056 43 128 89
1057 42 64 88
1058 41 32 87
1059 40 16 86
1060 39 8 85
1061 38 4 84
1062 37 2 83
1063 36 1 82
1064 35 129 81
1065 34 193 80
1066 33 225 79
1067 32 241 78
1068 31 249 77
1069 30 253 76
1070 29 255 75
1071 28 256 74
1072 27 128 73
1073 26 64 72
1074 25 32 71
1075 24 16 70
1076 23 8 69
1077 22 4 68
1078 21 2 67
1079 20 1 66
1080 19 129 65
1081 18 193 64
1082 17 225 63
1083 16 241 62
1084 15 249 61
1085 14 253 60
1086 13 255 59
1087 12 256 58
1088 47 253 94
1089 46 255 93
1090 45 256 92
1091 44 128 91
1092 43 64 90
1093 42 32 89
1094 41 16 88
1095 40 8 87
1096 39 4 86
1097 38 2 85
1098 37 1 84
1099 36 129 83
1100 35 193 82
1101 34 225 81
1102 33 241 80
1103 32 249 79
1104 31 253 78
1105 30 255 77
1106 29 256 76
1107 28 128 75
1108 27 64 74
1109 26 32 73
1110 25 16 72
1111 24 8 71
1112 23 4 70
1113 22 2 69
1114 21 1 68
1115 20 129 67
1116 19 193 66
1117 18 225 65
1118 17 241 64
1119 16 249 63
1120 15 253 62
1121 14 255 61
1122 48 253 96
1123 47 255 95
1124 46 256 94
1125 45 128 93
1126 44 64 92
1127 43 32 91
1128 42 16 90
1129 41 8 89
1130 40 4 88
1131 39 2 87
1132 38 1 86
1133 37 129 85
1134 36 193 84
1135 35 225 83
1136 34 241 82
1137 33 249 81
1138 32 253 80
1139 31 255 79
1140 30 256 78
1141 29 128 77
1142 28 64 76
1143 27 32 75
1144 26 16 74
1145 25 8 73
1146 24 4 72
1147 23 2 71
1148 22 1 70
1149 21 129 69
1150 20 193 68
1151 19 225 67
1152 18 241 66
1153 17 249 65
1154 16 253 64
1155 49 253 98
1156 48 255 97
1157 47 256 96
1158 46 128 95
1159 45 64 94
1160 44 32 93
1161 43 16 92
1162 42 8 91
1163 41 4 90
1164 40 2 89
1165 39 1 88
1166 38 129 87
1167 37 193 86
1168 36 225 85
1169 35 241 84
1170 34 249 83
1171 33 253 82
1172 32 255 81
1173 31 256 80
1174 30 128 79
1175 29 64 78
1176 28 32 77
1177 27 16 76
1178 26 8 75
1179 25 4 74
1180 24 2 73
1181 23 1 72
1182 22 129 71
1183 21 193 70
1184 20 225 69
1185 19 241 68
1186 18 249 67
1187 50 253 100
1188 49 255 99
1189 48 256 98
1190 47 128 97
1191 46 64 96
1192 45 32 95
1193 44 16 94
1194 43 8 93
1195 42 4 92
1196 41 2 91
1197 40 1 90
1198 39 129 89
1199 38 193 88
1200 37 225 87
1201 36 241 86
1202 35 249 85
1203 34 253 84
1204 33 255 83
1205 32 256 82
1206 31 128 81
1207 30 64 80
1208 29 32 79
1209 28 16 78
1210 27 8 77
1211 26 4 76
1212 25 2 75
1213 24 1 74
1214 23 129 73
1215 22 193 72
1216 21 225 71
1217 20 241 70
1218 51 253 102
1219 50 255 101
1220 49 256 100
1221 48 128 99
1222 47 64 98
1223 46 32 97
1224 45 16 96
1225 44 8 95
1226 43 4 94
1227 42 2 93
1228 41 1 92
1229 40 129 91
1230 39 193 90
1231 38 225 89
1232 37 241 88
1233 36 249 87
1234 35 253 86
1235 34 255 85
1236 33 256 84
1237 32 128 83
1238 31 64 82
1239 30 32 81
1240 29 16 80
1241 28 8 79
1242 27 4 78
1243 26 2 77
1244 25 1 76
1245 24 129 75
1246 23 193 74
1247 22 225 73
1248 52 253 104
1249 51 255 103
1250 50 256 102
1251 49 128 101
1252 48 64 100
1253 47 32 99
1254 46 16 98
1255 45 8 97
1256 44 4 96
1257 43 2 95
1258 42 1 94
1259 41 129 93
1260 40 193 92
1261 39 225 91
1262 38 241 90
1263 37 249 89
1264 36 253 88
1265 35 255 87
1266 34 256 86
1267 33 128 85
1268 32 64 84
1269 31 32 83
1270 30 16 82
1271 29 8 81
1272 28 4 80
1273 27 2 79
1274 26 1 78
1275 25 129 77
1276 24 193 76
1277 53 253 106
1278 52 255 105
1279 51 256 104
1280 50 128 103
1281 49 64 102
1282 48 32 101
1283 47 16 100
1284 46 8 99
1285 45 4 98
1286 44 2 97
1287 43 1 96
1288 42 129 95
1289 41 193 94
1290 40 225 93
1291 39 241 92
1292 38 249 91
1293 37 253 90
1294 36 255 89
1295 35 256 88
1296 34 128 87
1297 33 64 86
1298 32 32 85
1299 31 16 84
1300 30 8 83
1301 29 4 82
1302 28 2 81
1303 27 1 80
1304 26 129 79
1305 54 253 108
1306 53 255 107
1307 52 256 106
1308 51 128 105
1309 50 64 104
1310 49 32 103
1311 48 16 102
1312 47 8 101
1313 46 4 100
1314 45 2 99
1315 44 1 98
1316 43 129 97
1317 42 193 96
1318 41 225 95
1319 40 241 94
1320 39 249 93
1321 38 253 92
1322 37 255 91
1323 36 256 90
1324 35 128 89
1325 34 64 88
1326 33 32 87
1327 32 16 86
1328 31 8 85
1329 30 4 84
1330 29 2 83
1331 28 1 82
1332 55 253 110
1333 54 255 109
1334 53 256 108
1335 52 128 107
1336 51 64 106
1337 50 32 105
1338 49 16 104
1339 48 8 103
1340 47 4 102
1341 46 2 101
1342 45 1 100
1343 44 129 99
1344 43 193 98
1345 42 225 97
1346 41 241 96
1347 40 249 95
1348 39 253 94
1349 38 255 93
1350 37 256 92
1351 36 128 91
1352 35 64 90
1353 34 32 89
1354 33 16 88
1355 32 8 87
1356 31 4 86
1357 30 2 85
1358 56 253 112
1359 55 255 111
1360 54 256 110
1361 53 128 109
1362 52 64 108
1363 51 32 107
1364 50 16 106
1365 49 8 105
1366 48 4 104
1367 47 2 103
1368 46 1 102
1369 45 129 101
1370 44 193 100
1371 43 225 99
1372 42 241 98
1373 41 249 97
1374 40 253 96
1375 39 255 95
1376 38 256 94
1377 37 128 93
1378 36 64 92
1379 35 32 91
1380 34 16 90
1381 33 8 89
1382 32 4 88
1383 57 253 114
1384 56 255 113
1385 55 256 112
1386 54 128 111
1387 53 64 110
1388 52 32 109
1389 51 16 108
1390 50 8 107
1391 49 4 106
1392 48 2 105
1393 47 1 104
1394 46 129 103
1395 45 193 102
1396 44 225 101
1397 43 241 100
1398 42 249 99
1399 41 253 98
1400 40 255 97
1401 39 256 96
1402 38 128 95
1403 37 64 94
1404 36 32 93
1405 35 16 92
1406 34 8 91
1407 58 253 116
1408 57 255 115
1409 56 256 114
1410 55 128 113
1411 54 64 112
1412 53 32 111
1413 52 16 110
1414 51 8 109
1415 50 4 108
1416 49 2 107
1417 48 1 106
1418 47 129 105
1419 46 193 104
1420 45 225 103
1421 44 241 102
1422 43 249 101
1423 42 253 100
1424 41 255 99
1425 40 256 98
1426 39 128 97
1427 38 64 96
1428 37 32 95
1429 36 16 94
1430 59 253 118
1431 58 255 117
1432 57 256 116
1433 56 128 115
1434 55 64 114
1435 54 32 113
1436 53 16 112
1437 52 8 111
1438 51 4 110
1439 50 2 109
1440 49 1 108
1441 48 129 107
1442 47 193 106
1443 46 225 105
1444 45 241 104
1445 44 249 103
1446 43 253 102
1447 42 255 101
1448 41 256 100
1449 40 128 99
1450 39 64 98
1451 38 32 97
1452 60 253 120
1453 59 255 119
1454 58 256 118
1455 57 128 117
1456 56 64 116
1457 55 32 115
1458 54 16 114
1459 53 8 113
1460 52 4 112
1461 51 2 111
1462 50 1 110
1463 49 129 109
1464 48 193 108
1465 47 225 107
1466 46 241 106
1467 45 249 105
1468 44 253 104
1469 43 255 103
1470 42 256 102
1471 41 128 101
1472 40 64 100
1473 61 253 122
1474 60 255 121
1475 59 256 120
1476 58 128 119
1477 57 64 118
1478 56 32 117
1479 55 16 116
1480 54 8 115
1481 53 4 114
1482 52 2 113
1483 51 1 112
1484 50 129 111
1485 49 193 110
1486 48 225 109
1487 47 241 108
1488 46 249 107
1489 45 253 106
1490 44 255 105
1491 43 256 104
1492 42 128 103
1493 62 253 124
1494 61 255 123
1495 60 256 122
1496 59 128 121
1497 58 64 120
1498 57 32 119
1499 56 16 118
1500 55 8 117
1501 54 4 116
1502 53 2 115
1503 52 1 114
1504 51 129 113
1505 50 193 112
1506 49 225 111
1507 48 241 110
1508 47 249 109
1509 46 253 108
1510 45 255 107
1511 44 256 106
1512 63 253 126
1513 62 255 125
1514 61 256 124
1515 60 128 123
1516 59 64 122
1517 58 32 121
1518 57 16 120
1519 56 8 119
1520 55 4 118
1521 54 2 117
1522 53 1 116
1523 52 129 115
1524 51 193 114
1525 50 225 113
1526 49 241 112
1527 48 249 111
1528 47 253 110
1529 46 255 109
1530 64 253 128
1531 63 255 127
1532 62 256 126
1533 61 128 125
1534 60 64 124
1535 59 32 123
1536 58 16 122
1537 57 8 121
1538 56 4 120
1539 55 2 119
1540 54 1 118
1541 53 129 117
1542 52 193 116
1543 51 225 115
1544 50 241 114
1545 49 249 113
1546 48 253 112
1547 65 253 130
1548 64 255 129
1549 63 256 128
1550 62 128 127
1551 61 64 126
1552 60 32 125
1553 59 16 124
1554 58 8 123
1555 57 4 122
1556 56 2 121
1557 55 1 120
1558 54 129 119
1559 53 193 118
1560 52 225 117
1561 51 241 116
1562 50 249 115
1563 66 253 132
1564 65 255 131
1565 64 256 130
1566 63 128 129
1567 62 64 128
1568 61 32 127
1569 60 16 126
1570 59 8 125
1571 58 4 124
1572 57 2 123
1573 56 1 122
1574 55 129 121
1575 54 193 120
1576 53 225 119
1577 52 241 118
1578 67 253 134
1579 66 255 133
1580 65 256 132
1581 64 128 131
1582 63 64 130
1583 62 32 129
1584 61 16 128
1585 60 8 127
1586 59 4 126
1587 58 2 125
1588 57 1 124
1589 56 129 123
1590 55 193 122
1591 54 225 121
1592 68 253 136
1593 67 255 135
1594 66 256 134
1595 65 128 133
1596 64 64 132
1597 63 32 131
1598 62 16 130
1599 61 8 129
1600 60 4 128
1601 59 2 127
1602 58 1 126
1603 57 129 125
1604 56 193 124
1605 69 253 138
1606 68 255 137
1607 67 256 136
1608 66 128 135
1609 65 64 134
1610 64 32 133
1611 63 16 132
1612 62 8 131
1613 61 4 130
1614 60 2 129
1615 59 1 128
1616 58 129 127
1617 70 253 140
1618 69 255 139
1619 68 256 138
1620 67 128 137
1621 66 64 136
1622 65 32 135
1623 64 16 134
1624 63 8 133
1625 62 4 132
1626 61 2 131
1627 60 1 130
1628 71 253 142
1629 70 255 141
1630 69 256 140
1631 68 128 139
1632 67 64 138
1633 66 32 137
1634 65 16 136
1635 64 8 135
1636 63 4 134
1637 62 2 133
1638 72 253 144
1639 71 255 143
1640 70 256 142
1641 69 128 141
1642 68 64 140
1643 67 32 139
1644 66 16 138
1645 65 8 137
1646 64 4 136
1647 73 253 146
1648 72 255 145
1649 71 256 144
1650 70 128 143
1651 69 64 142
1652 68 32 141
1653 67 16 140
1654 66 8 139
1655 74 253 148
1656 73 255 147
1657 72 256 146
1658 71 128 145
1659 70 64 144
1660 69 32 143
1661 68 16 142
1662 75 253 150
1663 74 255 149
1664 73 256 148
1665 72 128 147
1666 71 64 146
1667 70 32 145
1668 76 253 152
1669 75 255 151
1670 74 256 150
1671 73 128 149
1672 72 64 148
1673 77 253 154
1674 76 255 153
1675 75 256 152
1676 74 128 151
1677 78 253 156
1678 77 255 155
1679 76 256 154
1680 79 253 158
1681 78 255 157
1682 80 253 160
1683 0 1 42
1684 0 1 43
1685 0 1 44
1686 0 1 45
1687 0 1 46
1688 0 1 47
1689 0 1 48
1690 0 1 49
1691 0 1 50
1692 0 1 51
1693 0 1 52
1694 0 1 53
1695 0 1 54
1696 0 1 55
1697 0 1 56
1698 0 1 57
1699 0 1 58
1700 0 1 59
1701 0 1 60
1702 0 1 61
1703 0 1 62
1704 0 1 63
1705 0 1 64
1706 0 1 65
1707 0 1 66
1708 0 1 67
1709 0 1 68
1710 0 1 69
1711 0 1 70
1712 0 1 71
1713 0 1 72
1714 0 1 73
1715 0 1 74
1716 0 1 75
1717 0 1 76
1718 0 1 77
1719 0 1 78
1720 0 1 79
1721 1 1 43
1722 1 1 44
1723 1 1 45
1724 1 1 46
1725 1 1 47
1726 1 1 48
1727 1 1 49
1728 1 1 50
1729 1 1 51
1730 1 1 52
1731 1 1 53
1732 1 1 54
1733 1 1 55
1734 1 1 56
1735 1 1 57
1736 1 1 58
1737 1 1 59
1738 1 1 60
1739 1 1 61
1740 1 1 62
1741 1 1 63
1742 1 1 64
1743 1 1 65
1744 1 1 66
1745 1 1 67
1746 1 1 68
1747 1 1 69
1748 1 1 70
1749 1 1 71
1750 1 1 72
1751 1 1 73
1752 1 1 74
1753 1 1 75
1754 1 1 76
1755 1 1 77
1756 1 1 78
1757 1 1 79
1758 2 1 44
1759 2 1 45
1760 2 1 46
1761 2 1 47
1762 2 1 48
1763 2 1 49
1764 2 1 50
1765 2 1 51
1766 2 1 52
1767 2 1 53
1768 2 1 54
1769 2 1 55
1770 2 1 56
1771 2 1 57
1772 2 1 58
1773 2 1 59
1774 2 1 60
1775 2 1 61
1776 2 1 62
1777 2 1 63
1778 2 1 64
1779 2 1 65
1780 2 1 66
1781 2 1 67
1782 2 1 68
1783 2 1 69
1784 2 1 70
1785 2 1 71
1786 2 1 72
1787 2 1 73
1788 2 1 74
1789 2 1 75
1790 2 1 76
1791 2 1 77
1792 2 1 78
1793 2 1 79
1794 3 1 45
1795 3 1 46
1796 3 1 47
1797 3 1 48
1798 3 1 49
1799 3 1 50
1800 3 1 51
1801 3 1 52
1802 3 1 53
1803 3 1 54
1804 3 1 55
1805 3 1 56
1806 3 1 57
1807 3 1 58
1808 3 1 59
1809 3 1 60
1810 3 1 61
1811 3 1 62
1812 3 1 63
1813 3 1 64
1814 3 1 65
1815 3 1 66
1816 3 1 67
1817 3 1 68
1818 3 1 69
1819 3 1 70
1820 3 1 71
1821 3 1 72
1822 3 1 73
1823 3 1 74
1824 3 1 75
1825 3 1 76
1826 3 1 77
1827 3 1 78
1828 3 1 79
1829 4 1 47
1830 4 1 48
1831 5 255 48
1832 4 1 49
1833 4 1 50
1834 4 1 51
1835 4 1 52
1836 4 1 53
1837 4 1 54
1838 4 1 55
1839 4 1 56
1840 4 1 57
1841 4 1 58
1842 4 1 59
1843 4 1 60
1844 4 1 61
1845 4 1 62
1846 4 1 63
1847 4 1 64
1848 4 1 65
1849 4 1 66
1850 4 1 67
1851 4 1 68
1852 4 1 69
1853 4 1 70
1854 4 1 71
1855 4 1 72
1856 4 1 73
1857 4 1 74
1858 4 1 75
1859 4 1 76
1860 4 1 77
1861 4 1 78
1862 4 1 79
1863 5 1 49
1864 5 1 50
1865 6 255 50
1866 5 1 51
1867 7 4 51
1868 5 1 52
1869 5 1 53
1870 5 1 54
1871 5 1 55
1872 5 1 56
1873 5 1 57
1874 5 1 58
1875 5 1 59
1876 5 1 60
1877 5 1 61
1878 5 1 62
1879 5 1 63
1880 5 1 64
1881 5 1 65
1882 5 1 66
1883 5 1 67
1884 5 1 68
1885 5 1 69
1886 5 1 70
1887 5 1 71
1888 5 1 72
1889 5 1 73
1890 5 1 74
1891 5 1 75
1892 5 1 76
1893 5 1 77
1894 5 1 78
1895 5 1 79
1896 6 1 51
1897 6 1 52
1898 7 255 52
1899 6 1 53
1900 8 4 53
1901 6 1 54
1902 9 249 54
1903 6 1 55
1904 6 1 56
1905 6 1 57
1906 6 1 58
1907 6 1 59
1908 6 1 60
1909 6 1 61
1910 6 1 62
1911 6 1 63
1912 6 1 64
1913 6 1 65
1914 6 1 66
1915 6 1 67
1916 6 1 68
1917 6 1 69
1918 6 1 70
1919 6 1 71
1920 6 1 72
1921 6 1 73
1922 6 1 74
1923 6 1 75
1924 6 1 76
1925 6 1 77
1926 6 1 78
1927 6 1 79
1928 7 1 53
1929 7 1 54
1930 8 255 54
1931 7 1 55
1932 9 4 55
1933 7 1 56
1934 10 249 56
1935 7 1 57
1936 11 16 57
1937 7 1 58
1938 7 1 59
1939 7 1 60
1940 7 1 61
1941 7 1 62
1942 7 1 63
1943 7 1 64
1944 7 1 65
1945 7 1 66
1946 7 1 67
1947 7 1 68
1948 7 1 69
1949 7 1 70
1950 7 1 71
1951 7 1 72
1952 7 1 73
1953 7 1 74
1954 7 1 75
1955 7 1 76
1956 7 1 77
1957 7 1 78
1958 7 1 79
1959 8 1 55
1960 8 1 56
1961 9 255 56
1962 8 1 57
1963 10 4 57
1964 8 1 58
1965 11 249 58
1966 8 1 59
1967 12 16 59
1968 8 1 60
1969 13 225 60
1970 8 1 61
1971 8 1 62
1972 8 1 63
1973 8 1 64
1974 8 1 65
1975 8 1 66
1976 8 1 67
1977 8 1 68
1978 8 1 69
1979 8 1 70
1980 8 1 71
1981 8 1 72
1982 8 1 73
1983 8 1 74
1984 8 1 75
1985 8 1 76
1986 8 1 77
1987 8 1 78
1988 8 1 79
1989 9 1 57
1990 9 1 58
1991 10 255 58
1992 9 1 59
1993 11 4 59
1994 9 1 60
1995 12 249 60
1996 9 1 61
1997 13 16 61
1998 9 1 62
1999 14 225 62
2000 9 1 63
2001 15 64 63
2002 9 1 64
2003 9 1 65
2004 9 1 66
2005 9 1 67
2006 9 1 68
2007 9 1 69
2008 9 1 70
2009 9 1 71
2010 9 1 72
2011 9 1 73
2012 9 1 74
2013 9 1 75
2014 9 1 76
2015 9 1 77
2016 9 1 78
2017 9 1 79
2018 10 1 59
2019 10 1 60
2020 11 255 60
2021 10 1 61
2022 12 4 61
2023 10 1 62
2024 13 249 62
2025 10 1 63
2026 14 16 63
2027 10 1 64
2028 15 225 64
2029 10 1 65
2030 16 64 65
2031 10 1 66
2032 17 129 66
2033 10 1 67
2034 10 1 68
2035 10 1 69
2036 10 1 70
2037 10 1 71
2038 10 1 72
2039 10 1 73
2040 10 1 74
2041 10 1 75
2042 10 1 76
2043 10 1 77
2044 10 1 78
2045 10 1 79
2046 11 1 61
2047 11 1 62
2048 12 255 62
2049 11 1 63
2050 13 4 63
2051 11 1 64
2052 14 249 64
2053 11 1 65
2054 15 16 65
2055 11 1 66
2056 16 225 66
2057 11 1 67
2058 17 64 67
2059 11 1 68
2060 18 129 68
2061 11 1 69
2062 19 256 69
2063 11 1 70
2064 11 1 71
2065 11 1 72
2066 11 1 73
2067 11 1 74
2068 11 1 75
2069 11 1 76
2070 11 1 77
2071 11 1 78
2072 11 1 79
2073 12 1 63
2074 12 1 64
2075 13 255 64
2076 12 1 65
2077 14 4 65
2078 12 1 66
2079 15 249 66
2080 12 1 67
2081 16 16 67
2082 12 1 68
2083 17 225 68
2084 12 1 69
2085 18 64 69
2086 12 1 70
2087 19 129 70
2088 12 1 71
2089 20 256 71
2090 12 1 72
2091 21 2 72
2092 12 1 73
2093 12 1 74
2094 12 1 75
2095 12 1 76
2096 12 1 77
2097 12 1 78
2098 12 1 79
2099 13 1 65
2100 13 1 66
2101 14 255 66
2102 13 1 67
2103 15 4 67
2104 13 1 68
2105 16 249 68
2106 13 1 69
2107 17 16 69
2108 13 1 70
2109 18 225 70
2110 13 1 71
2111 19 64 71
2112 13 1 72
2113 20 129 72
2114 13 1 73
2115 21 256 73
2116 13 1 74
2117 22 2 74
2118 13 1 75
2119 23 253 75
2120 13 1 76
2121 13 1 77
2122 13 1 78
2123 13 1 79
2124 14 1 67
2125 14 1 68
2126 15 255 68
2127 14 1 69
2128 16 4 69
2129 14 1 70
2130 17 249 70
2131 14 1 71
2132 18 16 71
2133 14 1 72
2134 19 225 72
2135 14 1 73
2136 20 64 73
2137 14 1 74
2138 21 129 74
2139 14 1 75
2140 22 256 75
2141 14 1 76
2142 23 2 76
2143 14 1 77
2144 24 253 77
2145 14 1 78
2146 25 8 78
2147 14 1 79
2148 15 1 69
2149 15 1 70
2150 16 255 70
2151 15 1 71
2152 17 4 71
2153 15 1 72
2154 18 249 72
2155 15 1 73
2156 19 16 73
2157 15 1 74
2158 20 225 74
2159 15 1 75
2160 21 64 75
2161 15 1 76
2162 22 129 76
2163 15 1 77
2164 23 256 77
2165 15 1 78
2166 24 2 78
2167 15 1 79
2168 25 253 79
2169 14 134 80
2170 15 1 80
2171 16 1 71
2172 16 1 72
2173 17 255 72
2174 16 1 73
2175 18 4 73
2176 16 1 74
2177 19 249 74
2178 16 1 75
2179 20 16 75
2180 16 1 76
2181 21 225 76
2182 16 1 77
2183 22 64 77
2184 16 1 78
2185 23 129 78
2186 16 1 79
2187 24 256 79
2188 12 47 80
2189 13 156 80
2190 16 1 80
2191 26 233 80
2192 16 1 81
2193 17 1 73
2194 17 1 74
2195 18 255 74
2196 17 1 75
2197 19 4 75
2198 17 1 76
2199 20 249 76
2200 17 1 77
2201 21 16 77
2202 17 1 78
2203 22 225 78
2204 17 1 79
2205 23 64 79
2206 10 166 80
2207 11 75 80
2208 17 1 80
2209 25 203 80
2210 14 222 81
2211 15 26 81
2212 17 1 81
2213 27 250 81
2214 18 1 75
2215 18 1 76
2216 19 255 76
2217 18 1 77
2218 20 4 77
2219 18 1 78
2220 21 249 78
2221 18 1 79
2222 22 16 79
2223 8 71 80
2224 9 27 80
2225 18 1 80
2226 24 112 80
2227 12 243 81
2228 13 229 81
2229 18 1 81
2230 26 95 81
2231 16 34 82
2232 17 173 82
2233 18 1 82
2234 19 1 77
2235 19 1 78
2236 20 255 78
2237 19 1 79
2238 21 4 79
2239 6 69 80
2240 7 84 80
2241 19 1 80
2242 23 162 80
2243 10 157 81
2244 11 114 81
2245 19 1 81
2246 25 208 81
2247 14 81 82
2248 15 162 82
2249 19 1 82
2250 27 177 82
2251 18 226 83
2252 19 1 83
2253 20 1 79
2254 4 1 80
2255 5 32 80
2256 20 1 80
2257 22 78 80
2258 8 112 81
2259 9 114 81
2260 20 1 81
2261 24 124 81
2262 12 246 82
2263 13 213 82
2264 20 1 82
2265 26 159 82
2266 16 161 83
2267 17 65 83
2268 20 1 83
2269 28 114 83
2270 20 1 84
2271 21 1 80
2272 6 225 81
2273 7 4 81
2274 21 1 81
2275 23 90 81
2276 10 32 82
2277 11 106 82
2278 21 1 82
2279 25 122 82
2280 14 123 83
2281 15 235 83
2282 21 1 83
2283 27 247 83
2284 18 26 84
2285 19 52 84
2286 21 1 84
2287 29 255 84
2288 22 1 81
2289 8 60 82
2290 9 121 82
2291 22 1 82
2292 24 105 82
2293 12 252 83
2294 13 128 83
2295 22 1 83
2296 26 183 83
2297 16 253 84
2298 17 241 84
2299 22 1 84
2300 28 232 84
2301 20 86 85
2302 21 172 85
2303 22 1 85
2304 23 1 82
2305 10 246 83
2306 11 162 83
2307 23 1 83
2308 25 54 83
2309 14 168 84
2310 15 171 84
2311 23 1 84
2312 27 104 84
2313 18 253 85
2314 19 241 85
2315 23 1 85
2316 29 182 85
2317 22 129 86
2318 23 1 86
2319 24 1 83
2320 12 13 84
2321 13 159 84
2322 24 1 84
2323 26 219 84
2324 16 106 85
2325 17 62 85
2326 24 1 85
2327 28 2 85
2328 20 166 86
2329 21 150 86
2330 24 1 86
2331 30 214 86
2332 24 1 87
2333 25 1 84
2334 14 225 85
2335 15 4 85
2336 25 1 85
2337 27 182 85
2338 18 230 86
2339 19 23 86
2340 25 1 86
2341 29 55 86
2342 22 162 87
2343 23 134 87
2344 25 1 87
2345 31 213 87
2346 26 1 85
2347 16 152 86
2348 17 238 86
2349 26 1 86
2350 28 99 86
2351 20 215 87
2352 21 150 87
2353 26 1 87
2354 30 110 87
2355 24 150 88
2356 25 86 88
2357 26 1 88
2358 27 1 86
2359 18 110 87
2360 19 179 87
2361 27 1 87
2362 29 164 87
2363 22 173 88
2364 23 43 88
2365 27 1 88
2366 31 171 88
2367 26 193 89
2368 27 1 89
2369 28 1 87
2370 20 167 88
2371 21 204 88
2372 28 1 88
2373 30 133 88
2374 24 41 89
2375 25 184 89
2376 28 1 89
2377 32 256 89
2378 28 1 90
2379 29 1 88
2380 22 183 89
2381 23 202 89
2382 29 1 89
2383 31 32 89
2384 26 51 90
2385 27 185 90
2386 29 1 90
2387 33 252 90
2388 30 1 89
2389 24 119 90
2390 25 210 90
2391 30 1 90
2392 32 48 90
2393 28 173 91
2394 29 43 91
2395 30 1 91
2396 31 1 90
2397 26 8 91
2398 27 256 91
2399 31 1 91
2400 33 80 91
2401 30 10 92
2402 31 1 92
2403 32 1 91
2404 28 244 92
2405 29 98 92
2406 32 1 92
2407 34 160 92
2408 32 1 93
2409 33 1 92
2410 30 44 93
2411 31 123 93
2412 33 1 93
2413 35 223 93
2414 34 1 93
2415 32 68 94
2416 33 120 94
2417 34 1 94
2418 35 1 94
2419 34 249 95
2420 35 1 95
2421 36 1 95
2422 36 1 96
2423 37 1 96
2424 38 139 98
2425 37 132 97
2426 36 44 97
2427 35 186 96
2428 34 62 96
2429 33 192 95
2430 32 64 95
2431 31 107 94
2432 30 207 94
2433 29 69 93
2434 28 23 93
2435 27 179 92
2436 26 231 92
2437 25 77 91
2438 24 197 91
2439 23 237 90
2440 22 79 90
2441 21 112 89
2442 20 123 89
2443 19 41 88
2444 18 185 88
2445 17 233 87
2446 16 249 87
2447 15 83 86
2448 14 199 86
2449 13 152 85
2450 12 222 85
2451 11 74 84
2452 39 139 99
2453 38 132 99
2454 37 44 98
2455 36 186 98
2456 35 62 97
2457 34 192 97
2458 33 64 96
2459 32 107 96
2460 31 207 95
2461 30 69 95
2462 29 23 94
2463 28 179 94
2464 27 231 93
2465 26 77 93
2466 25 197 92
2467 24 237 92
2468 23 79 91
2469 22 112 91
2470 21 123 90
2471 20 41 90
2472 19 185 89
2473 18 233 89
2474 17 249 88
2475 16 83 88
2476 15 199 87
2477 14 152 87
2478 13 222 86
2479 40 139 101
2480 39 132 100
2481 38 44 100
2482 37 186 99
2483 36 62 99
2484 35 192 98
2485 34 64 98
2486 33 107 97
2487 32 207 97
2488 31 69 96
2489 30 23 96
2490 29 179 95
2491 28 231 95
2492 27 77 94
2493 26 197 94
2494 25 237 93
2495 24 79 93
2496 23 112 92
2497 22 123 92
2498 21 41 91
2499 20 185 91
2500 19 233 90
2501 18 249 90
2502 17 83 89
2503 16 199 89
2504 15 152 88
2505 41 139 102
2506 40 132 102
2507 39 44 101
2508 38 186 101
2509 37 62 100
2510 36 192 100
2511 35 64 99
2512 34 107 99
2513 33 207 98
2514 32 69 98
2515 31 23 97
2516 30 179 97
2517 29 231 96
2518 28 77 96
2519 27 197 95
2520 26 237 95
2521 25 79 94
2522 24 112 94
2523 23 123 93
2524 22 41 93
2525 21 185 92
2526 20 233 92
2527 19 249 91
2528 18 83 91
2529 17 199 90
2530 42 139 104
2531 41 132 103
2532 40 44 103
2533 39 186 102
2534 38 62 102
2535 37 192 101
2536 36 64 101
2537 35 107 100
2538 34 207 100
2539 33 69 99
2540 32 23 99
2541 31 179 98
2542 30 231 98
2543 29 77 97
2544 28 197 97
2545 27 237 96
2546 26 79 96
2547 25 112 95
2548 24 123 95
2549 23 41 94
2550 22 185 94
2551 21 233 93
2552 20 249 93
2553 19 83 92
2554 43 139 105
2555 42 132 105
2556 41 44 104
2557 40 186 104
2558 39 62 103
2559 38 192 103
2560 37 64 102
2561 36 107 102
2562 35 207 101
2563 34 69 101
2564 33 23 100
2565 32 179 100
2566 31 231 99
2567 30 77 99
2568 29 197 98
2569 28 237 98
2570 27 79 97
2571 26 112 97
2572 25 123 96
2573 24 41 96
2574 23 185 95
2575 22 233 95
2576 21 249 94
2577 44 139 107
2578 43 132 106
2579 42 44 106
2580 41 186 105
2581 40 62 105
2582 39 192 104
2583 38 64 104
2584 37 107 103
2585 36 207 103
2586 35 69 102
2587 34 23 102
2588 33 179 101
2589 32 231 101
2590 31 77 100
2591 30 197 100
2592 29 237 99
2593 28 79 99
2594 27 112 98
2595 26 123 98
2596 25 41 97
2597 24 185 97
2598 23 233 96
2599 45 139 108
2600 44 132 108
2601 43 44 107
2602 42 186 107
2603 41 62 106
2604 40 192 106
2605 39 64 105
2606 38 107 105
2607 37 207 104
2608 36 69 104
2609 35 23 103
2610 34 179 103
2611 33 231 102
2612 32 77 102
2613 31 197 101
2614 30 237 101
2615 29 79 100
2616 28 112 100
2617 27 123 99
2618 26 41 99
2619 25 185 98
2620 46 139 110
2621 45 132 109
2622 44 44 109
2623 43 186 108
2624 42 62 108
2625 41 192 107
2626 40 64 107
2627 39 107 106
2628 38 207 106
2629 37 69 105
2630 36 23 105
2631 35 179 104
2632 34 231 104
2633 33 77 103
2634 32 197 103
2635 31 237 102
2636 30 79 102
2637 29 112 101
2638 28 123 101
2639 27 41 100
2640 47 139 111
2641 46 132 111
2642 45 44 110
2643 44 186 110
2644 43 62 109
2645 42 192 109
2646 41 64 108
2647 40 107 108
2648 39 207 107
2649 38 69 107
2650 37 23 106
2651 36 179 106
2652 35 231 105
2653 34 77 105
2654 33 197 104
2655 32 237 104
2656 31 79 103
2657 30 112 103
2658 29 123 102
2659 48 139 113
2660 47 132 112
2661 46 44 112
2662 45 186 111
2663 44 62 111
2664 43 192 110
2665 42 64 110
2666 41 107 109
2667 40 207 109
2668 39 69 108
2669 38 23 108
2670 37 179 107
2671 36 231 107
2672 35 77 106
2673 34 197 106
2674 33 237 105
2675 32 79 105
2676 31 112 104
2677 49 139 114
2678 48 132 114
2679 47 44 113
2680 46 186 113
2681 45 62 112
2682 44 192 112
2683 43 64 111
2684 42 107 111
2685 41 207 110
2686 40 69 110
2687 39 23 109
2688 38 179 109
2689 37 231 108
2690 36 77 108
2691 35 197 107
2692 34 237 107
2693 33 79 106
2694 50 139 116
2695 49 132 115
2696 48 44 115
2697 47 186 114
2698 46 62 114
2699 45 192 113
2700 44 64 113
2701 43 107 112
2702 42 207 112
2703 41 69 111
2704 40 23 111
2705 39 179 110
2706 38 231 110
2707 37 77 109
2708 36 197 109
2709 35 237 108
2710 51 139 117
2711 50 132 117
2712 49 44 116
2713 48 186 116
2714 47 62 115
2715 46 192 115
2716 45 64 114
2717 44 107 114
2718 43 207 113
2719 42 69 113
2720 41 23 112
2721 40 179 112
2722 39 231 111
2723 38 77 111
2724 37 197 110
2725 52 139 119
2726 51 132 118
2727 50 44 118
2728 49 186 117
2729 48 62 117
2730 47 192 116
2731 46 64 116
2732 45 107 115
2733 44 207 115
2734 43 69 114
2735 42 23 114
2736 41 179 113
2737 40 231 113
2738 39 77 112
2739 53 139 120
2740 52 132 120
2741 51 44 119
2742 50 186 119
2743 49 62 118
2744 48 192 118
2745 47 64 117
2746 46 107 117
2747 45 207 116
2748 44 69 116
2749 43 23 115
2750 42 179 115
2751 41 231 114
2752 54 139 122
2753 53 132 121
2754 52 44 121
2755 51 186 120
2756 50 62 120
2757 49 192 119
2758 48 64 119
2759 47 107 118
2760 46 207 118
2761 45 69 117
2762 44 23 117
2763 43 179 116
2764 55 139 123
2765 54 132 123
2766 53 44 122
2767 52 186 122
2768 51 62 121
2769 50 192 121
2770 49 64 120
2771 48 107 120
2772 47 207 119
2773 46 69 119
2774 45 23 118
2775 56 139 125
2776 55 132 124
2777 54 44 124
2778 53 186 123
2779 52 62 123
2780 51 192 122
2781 50 64 122
2782 49 107 121
2783 48 207 121
2784 47 69 120
2785 57 139 126
2786 56 132 126
2787 55 44 125
2788 54 186 125
2789 53 62 124
2790 52 192 124
2791 51 64 123
2792 50 107 123
2793 49 207 122
2794 58 139 128
2795 57 132 127
2796 56 44 127
2797 55 186 126
2798 54 62 126
2799 53 192 125
2800 52 64 125
2801 51 107 124
2802 59 139 129
2803 58 132 129
2804 57 44 128
2805 56 186 128
2806 55 62 127
2807 54 192 127
2808 53 64 126
2809 60 139 131
2810 59 132 130
2811 58 44 130
2812 57 186 129
2813 56 62 129
2814 55 192 128
2815 61 139 132
2816 60 132 132
2817 59 44 131
2818 58 186 131
2819 57 62 130
2820 62 139 134
2821 61 132 133
2822 60 44 133
2823 59 186 132
2824 63 139 135
2825 62 132 135
2826 61 44 134
2827 64 139 137
2828 63 132 136
2829 65 139 138
2830 66 241 140
2831 64 253 138
2832 62 256 136
2833 60 64 134
2834 58 16 132
2835 56 4 130
2836 54 1 128
2837 52 193 126
2838 50 241 124
2839 48 253 122
2840 46 256 120
2841 44 64 118
2842 42 16 116
2843 40 4 114
2844 38 1 112
2845 36 193 110
2846 34 241 108
2847 32 253 106
2848 30 256 104
2849 28 64 102
2850 26 16 100
2851 24 4 98
2852 22 1 96
2853 20 193 94
2854 18 241 92
2855 16 253 90
2856 14 256 88
2857 67 241 141
2858 65 253 139
2859 63 256 137
2860 61 64 135
2861 59 16 133
2862 57 4 131
2863 55 1 129
2864 53 193 127
2865 51 241 125
2866 49 253 123
2867 47 256 121
2868 45 64 119
2869 43 16 117
2870 41 4 115
2871 39 1 113
2872 37 193 111
2873 35 241 109
2874 33 253 107
2875 31 256 105
2876 29 64 103
2877 27 16 101
2878 25 4 99
2879 23 1 97
2880 21 193 95
2881 19 241 93
2882 68 241 143
2883 66 253 141
2884 64 256 139
2885 62 64 137
2886 60 16 135
2887 58 4 133
2888 56 1 131
2889 54 193 129
2890 52 241 127
2891 50 253 125
2892 48 256 123
2893 46 64 121
2894 44 16 119
2895 42 4 117
2896 40 1 115
2897 38 193 113
2898 36 241 111
2899 34 253 109
2900 32 256 107
2901 30 64 105
2902 28 16 103
2903 26 4 101
2904 24 1 99
2905 69 241 144
2906 67 253 142
2907 65 256 140
2908 63 64 138
2909 61 16 136
2910 59 4 134
2911 57 1 132
2912 55 193 130
2913 53 241 128
2914 51 253 126
2915 49 256 124
2916 47 64 122
2917 45 16 120
2918 43 4 118
2919 41 1 116
2920 39 193 114
2921 37 241 112
2922 35 253 110
2923 33 256 108
2924 31 64 106
2925 29 16 104
2926 70 241 146
2927 68 253 144
2928 66 256 142
2929 64 64 140
2930 62 16 138
2931 60 4 136
2932 58 1 134
2933 56 193 132
2934 54 241 130
2935 52 253 128
2936 50 256 126
2937 48 64 124
2938 46 16 122
2939 44 4 120
2940 42 1 118
2941 40 193 116
2942 38 241 114
2943 36 253 112
2944 34 256 110
2945 71 241 147
2946 69 253 145
2947 67 256 143
2948 65 64 141
2949 63 16 139
2950 61 4 137
2951 59 1 135
2952 57 193 133
2953 55 241 131
2954 53 253 129
2955 51 256 127
2956 49 64 125
2957 47 16 123
2958 45 4 121
2959 43 1 119
2960 41 193 117
2961 39 241 115
2962 72 241 149
2963 70 253 147
2964 68 256 145
2965 66 64 143
2966 64 16 141
2967 62 4 139
2968 60 1 137
2969 58 193 135
2970 56 241 133
2971 54 253 131
2972 52 256 129
2973 50 64 127
2974 48 16 125
2975 46 4 123
2976 44 1 121
2977 73 241 150
2978 71 253 148
2979 69 256 146
2980 67 64 144
2981 65 16 142
2982 63 4 140
2983 61 1 138
2984 59 193 136
2985 57 241 134
2986 55 253 132
2987 53 256 130
2988 51 64 128
2989 49 16 126
2990 74 241 152
2991 72 253 150
2992 70 256 148
2993 68 64 146
2994 66 16 144
2995 64 4 142
2996 62 1 140
2997 60 193 138
2998 58 241 136
2999 56 253 134
3000 54 256 132
3001 75 241 153
3002 73 253 151
3003 71 256 149
3004 69 64 147
3005 67 16 145
3006 65 4 143
3007 63 1 141
3008 61 193 139
3009 59 241 137
3010 76 241 155
3011 74 253 153
3012 72 256 151
3013 70 64 149
3014 68 16 147
3015 66 4 145
3016 64 1 143
3017 77 241 156
3018 75 253 154
3019 73 256 152
3020 71 64 150
3021 69 16 148
3022 78 241 158
3023 76 253 156
3024 74 256 154
3025 79 241 159
3026 0 253 80
3027 0 253 81
3028 0 253 82
3029 0 253 83
3030 0 253 84
3031 0 253 85
3032 0 253 86
3033 0 253 87
3034 0 253 88
3035 0 253 89
3036 0 253 90
3037 0 253 91
3038 0 253 92
3039 0 253 93
3040 0 253 94
3041 0 253 95
3042 0 253 96
3043 0 253 97
3044 0 253 98
3045 0 253 99
3046 0 253 100
3047 0 253 101
3048 0 253 102
3049 0 253 103
3050 0 253 104
3051 0 253 105
3052 1 255 80
3053 1 255 81
3054 1 255 82
3055 1 255 83
3056 1 255 84
3057 1 255 85
3058 1 255 86
3059 1 255 87
3060 1 255 88
3061 1 255 89
3062 1 255 90
3063 1 255 91
3064 1 255 92
3065 1 255 93
3066 1 255 94
3067 1 255 95
3068 1 255 96
3069 1 255 97
3070 1 255 98
3071 1 255 99
3072 1 255 100
3073 1 255 101
3074 1 255 102
3075 1 255 103
3076 1 255 104
3077 2 256 80
3078 2 256 81
3079 2 256 82
3080 2 256 83
3081 2 256 84
3082 2 256 85
3083 2 256 86
3084 2 256 87
3085 2 256 88
3086 2 256 89
3087 2 256 90
3088 2 256 91
3089 2 256 92
3090 2 256 93
3091 2 256 94
3092 2 256 95
3093 2 256 96
3094 2 256 97
3095 2 256 98
3096 2 256 99
3097 2 256 100
3098 2 256 101
3099 2 256 102
3100 2 256 103
3101 3 128 80
3102 3 128 81
3103 3 128 82
3104 3 128 83
3105 3 128 84
3106 3 128 85
3107 3 128 86
3108 3 128 87
3109 3 128 88
3110 3 128 89
3111 3 128 90
3112 3 128 91
3113 3 128 92
3114 3 128 93
3115 3 128 94
3116 3 128 95
3117 3 128 96
3118 3 128 97
3119 3 128 98
3120 3 128 99
3121 3 128 100
3122 3 128 101
3123 3 128 102
3124 4 128 81
3125 5 193 81
3126 4 64 82
3127 4 64 83
3128 4 64 84
3129 4 64 85
3130 4 64 86
3131 4 64 87
3132 4 64 88
3133 4 64 89
3134 4 64 90
3135 4 64 91
3136 4 64 92
3137 4 64 93
3138 4 64 94
3139 4 64 95
3140 4 64 96
3141 4 64 97
3142 4 64 98
3143 4 64 99
3144 4 64 100
3145 4 64 101
3146 5 128 82
3147 6 193 82
3148 7 32 82
3149 5 32 83
3150 5 32 84
3151 5 32 85
3152 5 32 86
3153 5 32 87
3154 5 32 88
3155 5 32 89
3156 5 32 90
3157 5 32 91
3158 5 32 92
3159 5 32 93
3160 5 32 94
3161 5 32 95
3162 5 32 96
3163 5 32 97
3164 5 32 98
3165 5 32 99
3166 5 32 100
3167 6 128 83
3168 7 193 83
3169 8 32 83
3170 9 241 83
3171 6 16 84
3172 6 16 85
3173 6 16 86
3174 6 16 87
3175 6 16 88
3176 6 16 89
3177 6 16 90
3178 6 16 91
3179 6 16 92
3180 6 16 93
3181 6 16 94
3182 6 16 95
3183 6 16 96
3184 6 16 97
3185 6 16 98
3186 6 16 99
3187 7 128 84
3188 8 193 84
3189 9 32 84
3190 10 241 84
3191 7 16 85
3192 11 4 85
3193 7 8 86
3194 7 8 87
3195 7 8 88
3196 7 8 89
3197 7 8 90
3198 7 8 91
3199 7 8 92
3200 7 8 93
3201 7 8 94
3202 7 8 95
3203 7 8 96
3204 7 8 97
3205 7 8 98
3206 8 128 85
3207 9 193 85
3208 10 32 85
3209 8 32 86
3210 11 249 86
3211 12 4 86
3212 8 8 87
3213 13 256 87
3214 8 4 88
3215 8 4 89
3216 8 4 90
3217 8 4 91
3218 8 4 92
3219 8 4 93
3220 8 4 94
3221 8 4 95
3222 8 4 96
3223 8 4 97
3224 9 128 86
3225 10 193 86
3226 9 64 87
3227 11 16 87
3228 12 249 87
3229 9 16 88
3230 13 2 88
3231 9 8 89
3232 14 128 89
3233 15 193 89
3234 9 2 90
3235 9 2 91
3236 9 2 92
3237 9 2 93
3238 9 2 94
3239 9 2 95
3240 9 2 96
3241 10 128 87
3242 10 128 88
3243 11 225 88
3244 12 16 88
3245 10 32 89
3246 13 253 89
3247 10 16 90
3248 14 1 90
3249 15 128 90
3250 10 4 91
3251 16 225 91
3252 17 16 91
3253 10 1 92
3254 10 1 93
3255 10 1 94
3256 10 1 95
3257 11 128 89
3258 12 63 89
3259 11 38 90
3260 12 76 90
3261 13 8 90
3262 11 32 91
3263 14 255 91
3264 15 1 91
3265 11 8 92
3266 16 64 92
3267 17 225 92
3268 11 2 93
3269 18 8 93
3270 11 1 94
3271 19 255 94
3272 12 128 91
3273 13 63 91
3274 12 38 92
3275 13 76 92
3276 14 8 92
3277 15 120 92
3278 12 221 93
3279 15 197 93
3280 16 129 93
3281 17 64 93
3282 12 4 94
3283 18 241 94
3284 11 26 95
3285 12 119 95
3286 13 128 93
3287 14 63 93
3288 13 38 94
3289 14 76 94
3290 15 8 94
3291 16 120 94
3292 17 129 94
3293 13 60 95
3294 16 249 95
3295 17 224 95
3296 18 32 95
3297 19 172 95
3298 20 24 95
3299 14 128 95
3300 15 63 95
3301 10 170 96
3302 11 37 96
3303 12 195 96
3304 13 82 96
3305 14 157 96
3306 15 182 96
3307 16 255 96
3308 17 22 96
3309 18 47 96
3310 19 248 96
3311 20 129 96
3312 21 79 96
3313 9 26 97
3314 10 70 97
3315 11 40 97
3316 12 229 97
3317 13 189 97
3318 14 11 97
3319 15 46 97
3320 16 103 97
3321 17 168 97
3322 18 171 97
3323 19 135 97
3324 20 75 97
3325 21 202 97
3326 22 72 97
3327 8 70 98
3328 9 218 98
3329 10 12 98
3330 11 12 98
3331 12 173 98
3332 13 29 98
3333 14 4 98
3334 15 208 98
3335 16 29 98
3336 17 245 98
3337 18 220 98
3338 19 76 98
3339 20 165 98
3340 21 54 98
3341 22 18 98
3342 23 93 98
3343 7 187 99
3344 8 65 99
3345 9 87 99
3346 10 86 99
3347 11 146 99
3348 12 169 99
3349 13 27 99
3350 14 28 99
3351 15 205 99
3352 16 94 99
3353 17 138 99
3354 18 139 99
3355 19 151 99
3356 20 16 99
3357 21 137 99
3358 22 48 99
3359 23 65 99
3360 6 91 100
3361 7 108 100
3362 8 35 100
3363 14 4 100
3364 16 81 100
3365 18 112 100
3366 19 234 100
3367 21 86 100
3368 20 220 100
3369 22 134 100
3370 24 113 100
3371 23 226 100
3372 25 247 100
3373 5 139 101
3374 6 75 101
3375 24 133 101
3376 4 128 102
3377 26 1 102
3378 25 193 101
3379 24 225 102
3380 23 249 101
3381 22 253 101
3382 21 256 101
3383 20 128 101
3384 19 32 101
3385 18 16 101
3386 17 4 100
3387 16 2 101
3388 15 129 100
3389 14 193 101
3390 13 241 100
3391 12 249 100
3392 11 255 100
3393 10 256 100
3394 9 64 100
3395 8 32 101
3396 7 8 101
3397 9 232 101
3398 10 86 101
3399 11 67 101
3400 12 62 101
3401 13 99 101
3402 15 91 101
3403 17 85 101
3404 5 19 102
3405 6 93 102
3406 27 129 102
3407 26 193 103
3408 25 241 102
3409 24 249 103
3410 23 255 102
3411 22 256 102
3412 21 64 102
3413 20 32 102
3414 19 8 102
3415 18 4 102
3416 7 248 102
3417 16 129 102
3418 8 92 102
3419 14 241 102
3420 9 73 102
3421 12 255 102
3422 11 256 102
3423 10 64 102
3424 13 70 102
3425 15 69 102
3426 17 177 102
3427 3 141 103
3428 4 201 103
3429 5 208 103
3430 6 137 103
3431 7 251 103
3432 8 133 103
3433 9 61 103
3434 28 129 104
3435 27 225 103
3436 26 241 104
3437 25 253 103
3438 24 255 104
3439 23 128 103
3440 22 64 103
3441 21 16 103
3442 20 8 103
3443 19 2 103
3444 18 1 103
3445 10 141 103
3446 16 225 103
3447 11 223 103
3448 14 253 103
3449 12 65 103
3450 13 228 103
3451 15 60 103
3452 17 163 103
3453 2 54 104
3454 3 10 104
3455 4 256 104
3456 5 223 104
3457 6 174 104
3458 7 15 104
3459 8 112 104
3460 9 197 104
3461 29 193 105
3462 28 225 105
3463 27 249 104
3464 26 253 105
3465 25 256 104
3466 24 128 105
3467 23 32 104
3468 22 16 104
3469 21 4 104
3470 20 2 104
3471 19 129 104
3472 18 193 104
3473 10 108 104
3474 16 249 104
3475 11 200 104
3476 14 256 104
3477 12 148 104
3478 13 176 104
3479 15 234 104
3480 17 189 104
3481 1 196 105
3482 2 160 105
3483 3 164 105
3484 4 91 105
3485 5 10 105
3486 6 91 105
3487 30 193 106
3488 29 241 106
3489 28 249 106
3490 27 255 105
3491 26 256 106
3492 25 64 105
3493 24 32 106
3494 23 8 105
3495 22 4 105
3496 21 1 105
3497 20 129 105
3498 19 225 105
3499 18 241 105
3500 7 148 105
3501 16 255 105
3502 8 33 105
3503 14 64 105
3504 9 83 105
3505 10 24 105
3506 11 207 105
3507 13 58 105
3508 12 229 105
3509 15 129 105
3510 17 42 105
3511 0 104 106
3512 31 225 107
3513 30 241 107
3514 29 253 107
3515 28 255 107
3516 27 128 106
3517 26 64 107
3518 25 16 106
3519 24 8 107
3520 23 2 106
3521 22 1 106
3522 21 193 106
3523 20 225 106
3524 19 249 106
3525 18 253 106
3526 1 23 106
3527 16 128 106
3528 2 101 106
3529 14 16 106
3530 4 136 106
3531 6 256 106
3532 8 60 106
3533 10 20 106
3534 11 192 106
3535 12 179 106
3536 32 225 108
3537 31 249 108
3538 30 253 108
3539 29 256 108
3540 28 128 108
3541 27 32 107
3542 26 16 108
3543 25 4 107
3544 24 2 108
3545 23 129 107
3546 22 193 107
3547 21 241 107
3548 20 249 107
3549 19 255 107
3550 18 256 107
3551 17 64 106
3552 16 32 107
3553 15 8 106
3554 14 4 107
3555 13 1 106
3556 0 157 107
3557 1 105 107
3558 12 192 107
3559 33 241 109
3560 32 249 109
3561 31 255 109
3562 30 256 109
3563 29 64 109
3564 28 32 109
3565 27 8 108
3566 26 4 109
3567 25 1 108
3568 24 129 109
3569 23 225 108
3570 22 241 108
3571 21 253 108
3572 20 255 108
3573 19 128 108
3574 18 64 108
3575 17 16 107
3576 16 8 108
3577 15 2 107
3578 14 1 108
3579 13 193 107
3580 0 106 108
3581 34 241 111
3582 33 253 110
3583 32 255 110
3584 31 128 110
3585 30 64 110
3586 29 16 110
3587 28 8 110
3588 27 2 109
3589 26 1 110
3590 25 193 109
3591 24 225 110
3592 23 249 109
3593 22 253 109
3594 21 256 109
3595 20 128 109
3596 19 32 109
3597 18 16 109
3598 17 4 108
3599 16 2 109
3600 15 129 108
3601 14 193 109
3602 35 249 111
3603 34 253 112
3604 33 256 111
3605 32 128 111
3606 31 32 111
3607 30 16 111
3608 29 4 111
3609 28 2 111
3610 27 129 110
3611 26 193 111
3612 25 241 110
3613 24 249 111
3614 23 255 110
3615 22 256 110
3616 21 64 110
3617 20 32 110
3618 19 8 110
3619 18 4 110
3620 17 1 109
3621 16 129 110
3622 36 249 113
3623 35 255 112
3624 34 256 113
3625 33 64 112
3626 32 32 112
3627 31 8 112
3628 30 4 112
3629 29 1 112
3630 28 129 112
3631 27 225 111
3632 26 241 112
3633 25 253 111
3634 24 255 112
3635 23 128 111
3636 22 64 111
3637 21 16 111
3638 20 8 111
3639 19 2 111
3640 18 1 111
3641 37 253 113
3642 36 255 114
3643 35 128 113
3644 34 64 114
3645 33 16 113
3646 32 8 113
3647 31 2 113
3648 30 1 113
3649 29 193 113
3650 28 225 113
3651 27 249 112
3652 26 253 113
3653 25 256 112
3654 24 128 113
3655 23 32 112
3656 22 16 112
3657 21 4 112
3658 20 2 112
3659 38 253 115
3660 37 256 114
3661 36 128 115
3662 35 32 114
3663 34 16 115
3664 33 4 114
3665 32 2 114
3666 31 129 114
3667 30 193 114
3668 29 241 114
3669 28 249 114
3670 27 255 113
3671 26 256 114
3672 25 64 113
3673 24 32 114
3674 23 8 113
3675 22 4 113
3676 39 255 116
3677 38 256 116
3678 37 64 115
3679 36 32 116
3680 35 8 115
3681 34 4 116
3682 33 1 115
3683 32 129 115
3684 31 225 115
3685 30 241 115
3686 29 253 115
3687 28 255 115
3688 27 128 114
3689 26 64 115
3690 25 16 114
3691 24 8 115
3692 40 255 117
3693 39 128 117
3694 38 64 117
3695 37 16 116
3696 36 8 117
3697 35 2 116
3698 34 1 117
3699 33 193 116
3700 32 225 116
3701 31 249 116
3702 30 253 116
3703 29 256 116
3704 28 128 116
3705 27 32 115
3706 26 16 116
3707 41 256 118
3708 40 128 118
3709 39 32 118
3710 38 16 118
3711 37 4 117
3712 36 2 118
3713 35 129 117
3714 34 193 118
3715 33 241 117
3716 32 249 117
3717 31 255 117
3718 30 256 117
3719 29 64 117
3720 28 32 117
3721 42 256 119
3722 41 64 119
3723 40 32 119
3724 39 8 119
3725 38 4 119
3726 37 1 118
3727 36 129 119
3728 35 225 118
3729 34 241 119
3730 33 253 118
3731 32 255 118
3732 31 128 118
3733 30 64 118
3734 43 128 120
3735 42 64 120
3736 41 16 120
3737 40 8 120
3738 39 2 120
3739 38 1 120
3740 37 193 119
3741 36 225 120
3742 35 249 119
3743 34 253 120
3744 33 256 119
3745 32 128 119
3746 44 128 122
3747 43 32 121
3748 42 16 121
3749 41 4 121
3750 40 2 121
3751 39 129 121
3752 38 193 121
3753 37 241 120
3754 36 249 121
3755 35 255 120
3756 34 256 121
3757 45 64 122
3758 44 32 123
3759 43 8 122
3760 42 4 122
3761 41 1 122
3762 40 129 122
3763 39 225 122
3764 38 241 122
3765 37 253 121
3766 36 255 122
3767 46 64 124
3768 45 16 123
3769 44 8 124
3770 43 2 123
3771 42 1 123
3772 41 193 123
3773 40 225 123
3774 39 249 123
3775 38 253 123
3776 47 32 124
3777 46 16 125
3778 45 4 124
3779 44 2 125
3780 43 129 124
3781 42 193 124
3782 41 241 124
3783 40 249 124
3784 48 32 126
3785 47 8 125
3786 46 4 126
3787 45 1 125
3788 44 129 126
3789 43 225 125
3790 42 241 125
3791 49 16 127
3792 48 8 127
3793 47 2 126
3794 46 1 127
3795 45 193 126
3796 44 225 127
3797 50 16 128
3798 49 4 128
3799 48 2 128
3800 47 129 127
3801 46 193 128
3802 51 8 129
3803 50 4 129
3804 49 1 129
3805 48 129 129
3806 52 8 130
3807 51 2 130
3808 50 1 130
3809 53 4 131
3810 52 2 131
3811 54 4 133
3812 55 98 133
3813 53 102 132
3814 51 17 131
3815 49 217 130
3816 47 79 128
3817 45 56 127
3818 43 95 126
3819 41 230 125
3820 39 124 124
3821 37 192 122
3822 35 32 121
3823 33 91 120
3824 31 58 119
3825 29 181 118
3826 27 73 116
3827 25 55 115
3828 23 52 114
3829 21 180 113
3830 19 30 112
3831 17 5 110
3832 15 215 109
3833 56 98 135
3834 54 102 134
3835 52 17 132
3836 50 217 131
3837 48 79 130
3838 46 56 129
3839 44 95 128
3840 42 230 126
3841 40 124 125
3842 38 192 124
3843 36 32 123
3844 34 91 122
3845 32 58 120
3846 30 181 119
3847 28 73 118
3848 26 55 117
3849 24 52 116
3850 22 180 114
3851 20 30 113
3852 18 5 112
3853 57 49 135
3854 55 51 134
3855 53 137 133
3856 51 237 132
3857 49 168 131
3858 47 28 129
3859 45 176 128
3860 43 115 127
3861 41 62 126
3862 39 96 125
3863 37 16 123
3864 35 174 122
3865 33 29 121
3866 31 219 120
3867 29 165 119
3868 27 156 117
3869 25 26 116
3870 23 90 115
3871 21 15 114
3872 58 49 137
3873 56 51 136
3874 54 137 135
3875 52 237 133
3876 50 168 132
3877 48 28 131
3878 46 176 130
3879 44 115 129
3880 42 62 127
3881 40 96 126
3882 38 16 125
3883 36 174 124
3884 34 29 123
3885 32 219 121
3886 30 165 120
3887 28 156 119
3888 26 26 118
3889 24 90 117
3890 59 153 138
3891 57 154 136
3892 55 197 135
3893 53 247 134
3894 51 84 133
3895 49 14 132
3896 47 88 130
3897 45 186 129
3898 43 31 128
3899 41 48 127
3900 39 8 126
3901 37 87 124
3902 35 143 123
3903 33 238 122
3904 31 211 121
3905 29 78 120
3906 27 13 118
3907 60 153 139
3908 58 154 138
3909 56 197 137
3910 54 247 136
3911 52 84 134
3912 50 14 133
3913 48 88 132
3914 46 186 131
3915 44 31 130
3916 42 48 128
3917 40 8 127
3918 38 87 126
3919 36 143 125
3920 34 238 124
3921 32 211 122
3922 30 78 121
3923 61 205 140
3924 59 77 139
3925 57 227 137
3926 55 252 136
3927 53 42 135
3928 51 7 134
3929 49 44 133
3930 47 93 131
3931 45 144 130
3932 43 24 129
3933 41 4 128
3934 39 172 127
3935 37 200 125
3936 35 119 124
3937 33 234 123
3938 62 205 141
3939 60 77 140
3940 58 227 139
3941 56 252 138
3942 54 42 137
3943 52 7 135
3944 50 44 134
3945 48 93 133
3946 46 144 132
3947 44 24 131
3948 42 4 129
3949 40 172 128
3950 38 200 127
3951 36 119 126
3952 63 231 142
3953 61 167 141
3954 59 242 140
3955 57 126 138
3956 55 21 137
3957 53 132 136
3958 51 22 135
3959 49 175 134
3960 47 72 132
3961 45 12 131
3962 43 2 130
3963 41 86 129
3964 39 100 128
3965 64 231 144
3966 62 167 142
3967 60 242 141
3968 58 126 140
3969 56 21 139
3970 54 132 138
3971 52 22 136
3972 50 175 135
3973 48 72 134
3974 46 12 133
3975 44 2 132
3976 42 86 130
3977 65 244 144
3978 63 212 143
3979 61 121 142
3980 59 63 141
3981 57 139 139
3982 55 66 138
3983 53 11 137
3984 51 216 136
3985 49 36 135
3986 47 6 133
3987 45 1 132
3988 66 244 146
3989 64 212 145
3990 62 121 143
3991 60 63 142
3992 58 139 141
3993 56 66 140
3994 54 11 139
3995 52 216 137
3996 50 36 136
3997 48 6 135
3998 67 122 146
3999 65 106 145
4000 63 189 144
4001 61 160 143
4002 59 198 142
4003 57 33 140
4004 55 134 139
4005 53 108 138
4006 51 18 137
4007 68 122 148
4008 66 106 147
4009 64 189 146
4010 62 160 144
4011 60 198 143
4012 58 33 142
4013 56 134 141
4014 54 108 140
4015 69 61 149
4016 67 53 147
4017 65 223 146
4018 63 80 145
4019 61 99 144
4020 59 145 143
4021 57 67 141
4022 70 61 150
4023 68 53 149
4024 66 223 148
4025 64 80 147
4026 62 99 145
4027 60 145 144
4028 71 159 151
4029 69 155 150
4030 67 240 148
4031 65 40 147
4032 63 178 146
4033 72 159 152
4034 70 155 151
4035 68 240 150
4036 66 40 149
4037 73 208 153
4038 71 206 152
4039 69 120 151
4040 74 208 155
4041 72 206 153
4042 75 104 155
4043 3 159 106
4044 2 49 107
4045 1 104 108
4046 0 205 109
4047 0 205 110
4048 0 205 111
4049 0 205 112
4050 0 205 113
4051 0 205 114
4052 0 205 115
4053 0 205 116
4054 0 205 117
4055 0 205 118
4056 0 205 119
4057 0 205 120
4058 0 205 121
4059 0 205 122
4060 0 205 123
4061 0 205 124
4062 5 200 106
4063 3 227 107
4064 4 191 107
4065 2 103 108
4066 1 77 109
4067 1 77 110
4068 1 77 111
4069 1 77 112
4070 1 77 113
4071 1 77 114
4072 1 77 115
4073 1 77 116
4074 1 77 117
4075 1 77 118
4076 1 77 119
4077 1 77 120
4078 1 77 121
4079 1 77 122
4080 7 195 106
4081 5 35 107
4082 6 77 107
4083 3 200 108
4084 4 203 108
4085 2 227 109
4086 2 227 110
4087 2 227 111
4088 2 227 112
4089 2 227 113
4090 2 227 114
4091 2 227 115
4092 2 227 116
4093 2 227 117
4094 2 227 118
4095 2 227 119
4096 2 227 120
4097 9 158 106
4098 7 2 107
4099 8 210 107
4100 5 195 108
4101 6 63 108
4102 3 193 109
4103 4 201 109
4104 3 252 110
4105 3 252 111
4106 3 252 112
4107 3 252 113
4108 3 252 114
4109 3 252 115
4110 3 252 116
4111 3 252 117
4112 3 252 118
4113 9 201 107
4114 10 33 107
4115 11 66 107
4116 7 158 108
4117 8 55 108
4118 5 246 109
4119 6 151 109
4120 4 107 110
4121 5 244 110
4122 4 42 111
4123 4 42 112
4124 4 42 113
4125 4 42 114
4126 4 42 115
4127 4 42 116
4128 9 176 108
4129 10 190 108
4130 11 123 108
4131 12 235 108
4132 13 213 108
4133 7 227 109
4134 8 38 109
4135 6 175 110
4136 7 58 110
4137 5 107 111
4138 6 232 111
4139 5 7 112
4140 5 7 113
4141 5 7 114
4142 9 71 109
4143 10 27 109
4144 11 54 109
4145 12 216 109
4146 13 175 109
4147 8 224 110
4148 9 141 110
4149 14 143 110
4150 7 10 111
4151 8 149 111
4152 16 231 111
4153 6 134 112
4154 7 19 112
4155 10 164 110
4156 11 167 110
4157 12 138 110
4158 13 131 110
4159 15 51 110
4160 9 166 111
4161 10 162 111
4162 11 100 111
4163 14 101 111
4164 17 29 111
4165 8 9 112
4166 9 46 112
4167 12 206 111
4168 13 75 111
4169 15 183 111
4170 10 55 112
4171 11 190 112
4172 12 222 112
4173 13 71 112
4174 14 177 112
4175 16 238 112
4176 6 78 113
4177 7 145 113
4178 15 143 112
4179 17 135 112
4180 8 198 113
4181 9 252 113
4182 10 7 113
4183 11 70 113
4184 12 123 113
4185 13 254 113
4186 14 249 113
4187 15 109 113
4188 16 90 113
4189 17 96 113
4190 18 20 113
4191 19 122 113
4192 6 112 114
4193 7 4 114
4194 8 140 114
4195 9 232 114
4196 10 43 114
4197 11 66 114
4198 12 72 114
4199 13 105 114
4200 14 138 114
4201 15 5 114
4202 16 1 114
4203 17 212 114
4204 18 42 114
4205 19 162 114
4206 20 10 114
4207 5 44 115
4208 6 41 115
4209 7 5 115
4210 8 81 115
4211 9 161 115
4212 10 222 115
4213 11 19 115
4214 12 52 115
4215 13 5 115
4216 14 87 115
4217 15 232 115
4218 16 144 115
4219 17 25 115
4220 18 88 115
4221 19 33 115
4222 20 168 115
4223 21 1 115
4224 22 103 115
4225 5 47 116
4226 6 139 116
4227 7 220 116
4228 8 216 116
4229 9 32 116
4230 10 252 116
4231 11 106 116
4232 13 176 116
4233 12 226 116
4234 14 69 116
4235 15 74 116
4236 16 101 116
4237 17 42 116
4238 18 82 116
4239 19 110 116
4240 20 113 116
4241 21 206 116
4242 22 28 116
4243 23 55 116
4244 4 244 117
4245 5 14 117
4246 6 41 117
4247 7 114 117
4248 8 252 117
4249 9 64 117
4250 10 161 117
4251 11 180 117
4252 12 119 117
4253 13 110 117
4254 14 82 117
4255 15 119 117
4256 16 68 117
4257 17 87 117
4258 18 19 117
4259 19 151 117
4260 20 138 117
4261 21 207 117
4262 22 16 117
4263 23 55 117
4264 25 237 117
4265 4 73 118
4266 5 54 118
4267 6 81 118
4268 7 158 118
4269 8 136 118
4270 9 184 118
4271 10 88 118
4272 11 93 118
4273 12 125 118
4274 13 122 118
4275 14 168 118
4276 15 136 118
4277 16 124 118
4278 17 76 118
4279 18 83 118
4280 19 102 118
4281 20 128 118
4282 21 228 118
4283 22 231 118
4284 23 86 118
4285 24 83 118
4286 25 244 118
4287 3 47 119
4288 4 30 119
4289 5 192 119
4290 6 67 119
4291 7 182 119
4292 8 34 119
4293 9 49 119
4294 10 74 119
4295 11 163 119
4296 12 50 119
4297 14 70 119
4298 13 194 119
4299 15 137 119
4300 16 168 119
4301 17 161 119
4302 18 138 119
4303 19 93 119
4304 20 108 119
4305 21 204 119
4306 22 7 119
4307 23 234 119
4308 24 209 119
4309 25 154 119
4310 26 207 119
4311 27 200 119
4312 3 36 120
4313 4 19 120
4314 5 116 120
4315 6 111 120
4316 7 232 120
4317 8 21 120
4318 9 150 120
4319 10 133 120
4320 11 254 120
4321 12 171 120
4322 13 47 120
4323 14 21 120
4324 15 60 120
4325 16 69 120
4326 17 20 120
4327 18 107 120
4328 19 153 120
4329 20 227 120
4330 21 3 120
4331 22 213 120
4332 23 103 120
4333 24 71 120
4334 25 162 120
4335 26 194 120
4336 27 204 120
4337 28 30 120
4338 2 73 121
4339 3 173 121
4340 4 105 121
4341 5 4 121
4342 6 51 121
4343 7 236 121
4344 8 147 121
4345 9 86 121
4346 10 67 121
4347 11 229 121
4348 12 58 121
4349 13 27 121
4350 14 142 121
4351 15 180 121
4352 16 101 121
4353 17 64 121
4354 18 77 121
4355 19 226 121
4356 20 144 121
4357 21 24 121
4358 22 46 121
4359 23 24 121
4360 24 68 121
4361 25 152 121
4362 26 13 121
4363 27 96 121
4364 28 130 121
4365 29 145 121
4366 2 16 122
4367 3 223 122
4368 4 192 122
4369 5 188 122
4370 6 205 122
4371 7 32 122
4372 8 122 122
4373 9 83 122
4374 10 58 122
4375 11 145 122
4376 12 205 122
4377 13 146 122
4378 14 21 122
4379 15 136 122
4380 16 40 122
4381 17 14 122
4382 18 92 122
4383 19 139 122
4384 20 23 122
4385 21 240 122
4386 22 150 122
4387 23 256 122
4388 24 153 122
4389 25 186 122
4390 26 169 122
4391 27 253 122
4392 28 196 122
4393 29 59 122
4394 30 139 122
4395 31 194 122
4396 1 113 123
4397 2 39 123
4398 3 166 123
4399 4 113 123
4400 5 40 123
4401 6 228 123
4402 7 254 123
4403 8 97 123
4404 9 25 123
4405 10 206 123
4406 11 51 123
4407 12 226 123
4408 13 226 123
4409 14 48 123
4410 15 223 123
4411 16 78 123
4412 17 39 123
4413 18 197 123
4414 19 12 123
4415 20 120 123
4416 21 60 123
4417 22 232 123
4418 23 108 123
4419 24 25 123
4420 25 196 123
4421 26 216 123
4422 27 238 123
4423 28 50 123
4424 29 71 123
4425 30 114 123
4426 31 225 123
4427 32 99 123
4428 1 146 124
4429 2 180 124
4430 3 121 124
4431 4 205 124
4432 5 245 124
4433 6 254 124
4434 7 176 124
4435 18 77 124
4436 20 227 124
4437 21 207 124
4438 24 28 124
4439 23 52 124
4440 22 134 124
4441 25 27 124
4442 26 219 124
4443 30 254 124
4444 29 153 124
4445 28 246 124
4446 27 152 124
4447 31 39 124
4448 32 60 124
4449 33 41 124
4450 24 98 125
4451 25 56 125
4452 26 234 125
4453 30 205 125
4454 29 82 125
4455 28 152 125
4456 27 236 125
4457 31 92 125
4458 34 210 125
4459 33 42 125
4460 32 128 125
4461 35 87 125
4462 26 97 126
4463 29 222 126
4464 28 236 126
4465 30 84 126
4466 34 42 126
4467 33 214 126
4468 32 77 126
4469 31 185 126
4470 35 139 126
4471 37 108 126
4472 30 183 127
4473 34 214 127
4474 33 197 127
4475 32 221 127
4476 36 81 127
4477 37 36 127
4478 35 207 127
4479 34 197 128
4480 38 220 128
4481 36 20 128
4482 37 154 128
4483 39 159 129
4484 38 44 129
4485 40 208 129
4486 41 98 130
4487 39 153 130
4488 36 166 129
4489 35 61 128
4490 33 208 128
4491 31 52 127
4492 29 13 127
4493 27 98 126
4494 24 249 126
4495 23 231 125
4496 21 122 125
4497 19 159 124
4498 8 119 124
4499 9 158 124
4500 10 55 124
4501 11 201 124
4502 12 80 124
4503 13 228 124
4504 14 228 124
4505 15 143 124
4506 16 105 124
4507 17 235 124
4508 0 139 125
4509 1 243 125
4510 2 223 125
4511 3 128 125
4512 4 239 125
4513 42 49 131
4514 40 205 130
4515 38 244 130
4516 37 97 129
4517 34 208 129
4518 32 26 128
4519 30 135 128
4520 28 98 127
4521 26 153 127
4522 25 119 126
4523 22 61 125
4524 20 208 125
4525 18 52 125
4526 5 179 125
4527 6 96 125
4528 7 208 125
4529 8 210 125
4530 9 99 125
4531 10 88 125
4532 12 108 125
4533 11 103 125
4534 13 22 125
4535 14 237 125
4536 15 82 125
4537 16 132 125
4538 17 223 125
4539 43 102 131
4540 41 154 131
4541 39 167 131
4542 36 70 130
4543 35 206 129
4544 33 180 129
4545 31 45 128
4546 29 204 128
4547 27 154 127
4548 24 84 127
4549 23 106 126
4550 21 155 126
4551 19 103 125
4552 0 40 126
4553 1 190 126
4554 2 154 126
4555 3 174 126
4556 4 197 126
4557 5 129 126
4558 6 219 126
4559 7 115 126
4560 8 73 126
4561 9 151 126
4562 10 202 126
4563 11 204 126
4564 44 102 133
4565 42 77 132
4566 40 212 131
4567 38 53 131
4568 37 114 130
4569 34 180 130
4570 32 151 129
4571 30 102 129
4572 28 154 128
4573 26 167 128
4574 25 210 127
4575 22 206 126
4576 20 180 126
4577 18 45 126
4578 12 83 126
4579 13 200 126
4580 14 160 126
4581 15 139 126
4582 16 52 126
4583 17 45 126
4584 19 27 126
4585 0 85 127
4586 1 228 127
4587 2 70 127
4588 45 17 133
4589 43 197 132
4590 41 242 132
4591 39 189 132
4592 36 216 131
4593 35 30 130
4594 33 136 130
4595 31 34 129
4596 29 137 129
4597 27 242 128
4598 24 213 128
4599 23 240 127
4600 21 60 127
4601 3 114 127
4602 4 117 127
4603 5 239 127
4604 6 164 127
4605 7 30 127
4606 8 83 127
4607 9 193 127
4608 10 116 127
4609 11 166 127
4610 12 104 127
4611 46 17 134
4612 44 197 134
4613 42 121 133
4614 40 223 132
4615 38 120 132
4616 37 124 131
4617 34 136 131
4618 32 17 130
4619 30 197 130
4620 28 242 129
4621 26 189 129
4622 25 256 128
4623 22 30 127
4624 20 136 127
4625 18 34 127
4626 13 36 127
4627 14 243 127
4628 15 94 127
4629 16 150 127
4630 17 64 127
4631 19 47 127
4632 0 210 128
4633 47 217 134
4634 45 247 134
4635 43 126 133
4636 41 160 133
4637 39 40 133
4638 36 119 132
4639 35 194 131
4640 33 177 131
4641 31 237 130
4642 29 252 130
4643 27 160 129
4644 24 91 129
4645 23 10 128
4646 21 131 128
4647 1 240 128
4648 2 89 128
4649 3 131 128
4650 4 106 128
4651 5 32 128
4652 6 46 128
4653 7 1 128
4654 48 217 136
4655 46 247 135
4656 44 126 135
4657 42 80 134
4658 40 20 133
4659 38 5 133
4660 37 61 132
4661 34 177 132
4662 32 247 131
4663 30 126 131
4664 28 160 130
4665 26 40 130
4666 25 29 129
4667 22 194 128
4668 20 177 128
4669 18 237 128
4670 8 173 128
4671 9 123 128
4672 10 72 128
4673 11 158 128
4674 49 158 136
4675 47 84 135
4676 45 21 135
4677 43 198 134
4678 41 178 134
4679 39 173 134
4680 36 164 133
4681 35 158 132
4682 33 168 132
4683 31 42 131
4684 29 139 131
4685 27 178 130
4686 24 91 130
4687 23 236 129
4688 21 59 129
4689 19 79 128
4690 12 19 128
4691 14 138 128
4692 15 39 128
4693 50 79 137
4694 48 84 137
4695 46 21 136
4696 44 198 136
4697 42 89 135
4698 40 215 134
4699 38 118 134
4700 37 153 133
4701 34 168 133
4702 32 21 132
4703 30 198 132
4704 28 178 131
4705 26 173 131
4706 25 209 130
4707 22 158 129
4708 20 168 129
4709 18 42 129
4710 16 139 128
4711 51 112 138
4712 49 28 137
4713 47 132 136
4714 45 33 136
4715 43 201 135
4716 41 243 135
4717 39 125 135
4718 36 12 134
4719 35 28 133
4720 33 7 133
4721 31 66 132
4722 29 145 132
4723 27 243 131
4724 24 122 131
4725 23 224 130
4726 21 56 130
4727 19 14 129
4728 52 56 138
4729 50 14 138
4730 48 132 138
4731 46 33 137
4732 44 201 137
4733 42 250 136
4734 40 191 135
4735 38 112 135
4736 37 47 134
4737 34 7 134
4738 32 33 133
4739 30 201 133
4740 28 243 132
4741 26 125 132
4742 25 66 131
4743 22 28 130
4744 53 190 139
4745 51 176 139
4746 49 44 138
4747 47 134 137
4748 45 162 137
4749 43 169 136
4750 41 235 136
4751 39 123 136
4752 36 92 135
4753 35 44 134
4754 33 11 134
4755 31 67 133
4756 29 81 133
4757 27 235 132
4758 24 190 132
4759 55 249 140
4760 52 88 139
4761 50 22 139
4762 48 134 139
4763 46 162 138
4764 44 169 138
4765 42 246 137
4766 40 190 136
4767 38 176 136
4768 37 179 135
4769 34 11 135
4770 32 162 134
4771 30 169 134
4772 28 235 133
4773 54 131 141
4774 53 115 140
4775 51 93 140
4776 49 216 139
4777 47 27 138
4778 45 71 138
4779 43 82 137
4780 41 149 137
4781 39 230 137
4782 36 92 136
4783 35 216 135
4784 33 54 135
4785 31 142 134
4786 56 203 142
4787 55 82 141
4788 52 175 140
4789 50 108 140
4790 48 27 140
4791 46 71 139
4792 44 82 139
4793 42 203 138
4794 40 115 137
4795 38 93 137
4796 37 200 136
4797 34 54 136
4798 57 248 142
4799 54 239 142
4800 53 144 141
4801 51 36 141
4802 49 9 140
4803 47 226 139
4804 45 185 139
4805 43 239 138
4806 41 124 138
4807 39 31 138
4808 36 177 137
4809 58 248 143
4810 56 62 143
4811 55 246 142
4812 52 18 141
4813 50 133 141
4814 48 226 141
4815 46 185 140
4816 44 239 140
4817 42 62 139
4818 40 144 138
4819 59 254 144
4820 57 96 143
4821 54 174 143
4822 53 6 142
4823 51 130 142
4824 49 161 141
4825 47 245 140
4826 45 254 140
4827 43 192 139
4828 60 127 145
4829 58 96 144
4830 56 24 144
4831 55 214 143
4832 52 65 142
4833 50 209 142
4834 48 245 142
4835 46 254 141
4836 61 128 145
4837 59 32 145
4838 57 4 144
4839 54 36 144
4840 53 193 143
4841 51 241 143
4842 49 253 142
4843 62 64 146
4844 60 16 146
4845 58 4 145
4846 56 1 145
4847 55 170 144
4848 52 249 143
4849 63 107 147
4850 61 91 146
4851 59 87 146
4852 57 43 145
4853 54 255 145
4854 64 107 148
4855 62 174 147
4856 60 172 147
4857 58 43 146
4858 65 232 148
4859 63 58 148
4860 61 143 147
4861 67 222 149
4862 64 58 149
4863 66 107 150
4864 68 181 151
4865 65 73 149
4866 62 165 148
4867 59 55 147
4868 56 156 146
4869 53 26 144
4870 50 13 143
4871 47 45 141
4872 44 45 141
4873 41 136 139
4874 38 68 138
4875 35 97 136
4876 32 177 135
4877 29 59 134
4878 26 158 133
4879 23 112 131
4880 20 56 130
4881 17 95 128
4882 0 15 129
4883 13 176 128
4884 69 146 152
4885 67 149 150
4886 63 55 149
4887 60 156 148
4888 57 26 146
4889 55 89 145
4890 51 90 144
4891 48 45 143
4892 45 136 141
4893 42 68 140
4894 39 194 139
4895 37 181 137
4896 33 59 136
4897 30 158 135
4898 27 112 133
4899 25 190 132
4900 21 190 131
4901 18 95 130
4902 70 73 152
4903 66 11 151
4904 64 55 150
4905 61 52 148
4906 58 26 147
4907 54 69 146
4908 52 45 144
4909 49 15 143
4910 46 136 142
4911 43 194 140
4912 40 97 139
4913 36 241 138
4914 34 59 137
4915 31 224 135
4916 28 112 134
4917 24 145 133
4918 71 110 153
4919 68 55 152
4920 65 52 150
4921 62 26 149
4922 59 180 148
4923 56 90 147
4924 53 15 145
4925 50 136 144
4926 47 194 142
4927 44 194 142
4928 41 118 140
4929 38 59 139
4930 35 224 137
4931 32 112 136
4932 72 55 154
4933 69 104 153
4934 67 204 151
4935 63 180 150
4936 60 90 149
4937 57 15 147
4938 55 116 146
4939 51 131 145
4940 48 194 144
4941 45 118 142
4942 42 59 141
4943 39 191 140
4944 73 104 154
4945 70 52 153
4946 66 196 152
4947 64 180 151
4948 61 30 149
4949 58 15 148
4950 54 3 147
4951 52 194 145
4952 49 236 144
4953 46 118 143
4954 74 104 156
4955 71 103 154
4956 68 180 153
4957 65 30 151
4958 62 15 150
4959 59 5 149
4960 56 131 148
4961 53 236 146
4962 75 103 156
4963 72 180 155
4964 69 60 154
4965 67 247 152
4966 63 5 151
4967 60 131 150
4968 76 103 157
4969 73 60 155
4970 70 30 154
4971 66 15 153
4972 77 60 157
4973 74 60 157
4974 1 28 129
4975 2 231 129
4976 3 174 129
4977 4 37 129
4978 5 113 129
4979 0 99 130
4980 0 99 131
4981 0 99 132
4982 0 99 133
4983 0 99 134
4984 0 99 135
4985 0 99 136
4986 0 99 137
4987 0 99 138
4988 6 119 129
4989 7 2 129
4990 8 234 129
4991 9 233 129
4992 10 67 129
4993 11 189 129
4994 12 127 129
4995 1 229 130
4996 1 229 131
4997 1 229 132
4998 1 229 133
4999 1 229 134
5000 1 229 135
5001 13 103 129
5002 14 18 129
5003 15 219 129
5004 16 135 129
5005 17 28 129
5006 2 159 130
5007 3 191 130
5008 4 163 130
5009 5 180 130
5010 19 113 130
5011 2 213 131
5012 2 213 132
5013 6 173 130
5014 7 132 130
5015 8 169 130
5016 9 168 130
5017 10 167 130
5018 11 37 130
5019 12 71 130
5020 13 168 130
5021 14 119 130
5022 15 136 130
5023 3 41 131
5024 16 114 130
5025 17 83 130
5026 4 45 131
5027 5 87 131
5028 6 32 131
5029 7 31 131
5030 8 159 131
5031 9 47 131
5032 10 228 131
5033 11 47 131
5034 12 222 131
5035 13 192 131
5036 14 180 131
5037 15 241 131
5038 16 69 131
5039 17 213 131
5040 18 245 131
5041 19 180 131
5042 20 76 131
5043 22 235 131
5044 3 234 132
5045 4 60 132
5046 5 101 132
5047 6 226 132
5048 7 130 132
5049 8 252 132
5050 9 34 132
5051 10 56 132
5052 11 230 132
5053 12 207 132
5054 13 102 132
5055 14 89 132
5056 15 57 132
5057 16 198 132
5058 17 58 132
5059 18 25 132
5060 19 247 132
5061 20 225 132
5062 21 221 132
5063 22 247 132
5064 23 248 132
5065 2 11 133
5066 3 137 133
5067 4 173 133
5068 5 24 133
5069 6 209 133
5070 7 142 133
5071 8 183 133
5072 9 65 133
5073 10 208 133
5074 11 178 133
5075 12 81 133
5076 13 203 133
5077 14 148 133
5078 15 52 133
5079 16 230 133
5080 17 188 133
5081 18 19 133
5082 19 27 133
5083 20 202 133
5084 21 125 133
5085 22 248 133
5086 23 109 133
5087 25 149 133
5088 2 253 134
5089 3 65 134
5090 4 10 134
5091 5 139 134
5092 6 96 134
5093 7 22 134
5094 8 32 134
5095 9 151 134
5096 10 232 134
5097 11 228 134
5098 12 140 134
5099 13 163 134
5100 14 251 134
5101 15 94 134
5102 16 47 134
5103 17 243 134
5104 18 201 134
5105 19 71 134
5106 20 211 134
5107 21 81 134
5108 22 253 134
5109 23 116 134
5110 24 11 134
5111 25 70 134
5112 26 137 134
5113 27 65 134
5114 2 125 135
5115 3 196 135
5116 4 209 135
5117 5 170 135
5118 6 97 135
5119 7 108 135
5120 8 8 135
5121 9 246 135
5122 10 119 135
5123 11 30 135
5124 12 69 135
5125 13 27 135
5126 14 186 135
5127 15 77 135
5128 16 193 135
5129 17 86 135
5130 18 157 135
5131 19 91 135
5132 20 103 135
5133 21 124 135
5134 22 180 135
5135 23 181 135
5136 24 242 135
5137 25 246 135
5138 26 84 135
5139 27 83 135
5140 28 46 135
5141 29 102 135
5142 1 132 136
5143 2 76 136
5144 3 215 136
5145 4 148 136
5146 5 192 136
5147 6 48 136
5148 7 174 136
5149 8 109 136
5150 9 135 136
5151 10 199 136
5152 11 204 136
5153 12 133 136
5154 13 229 136
5155 14 90 136
5156 15 124 136
5157 16 51 136
5158 17 215 136
5159 18 240 136
5160 19 206 136
5161 20 1 136
5162 21 127 136
5163 22 250 136
5164 23 135 136
5165 24 164 136
5166 25 24 136
5167 26 14 136
5168 27 229 136
5169 28 34 136
5170 29 191 136
5171 30 19 136
5172 31 109 136
5173 1 236 137
5174 2 139 137
5175 3 130 137
5176 4 119 137
5177 5 25 137
5178 6 63 137
5179 7 130 137
5180 8 114 137
5181 9 106 137
5182 10 111 137
5183 11 163 137
5184 12 242 137
5185 13 61 137
5186 14 238 137
5187 15 102 137
5188 16 229 137
5189 17 4 137
5190 18 53 137
5191 19 199 137
5192 20 253 137
5193 21 158 137
5194 22 195 137
5195 23 41 137
5196 24 113 137
5197 25 135 137
5198 26 112 137
5199 27 30 137
5200 28 78 137
5201 29 221 137
5202 30 57 137
5203 31 233 137
5204 32 181 137
5205 33 68 137
5206 1 82 138
5207 2 200 138
5208 3 109 138
5209 4 236 138
5210 5 235 138
5211 6 211 138
5212 7 114 138
5213 8 115 138
5214 9 66 138
5215 10 205 138
5216 11 11 138
5217 12 181 138
5218 13 70 138
5219 14 25 138
5220 15 3 138
5221 16 111 138
5222 17 83 138
5223 18 87 138
5224 19 150 138
5225 20 103 138
5226 21 204 138
5227 22 157 138
5228 23 159 138
5229 24 66 138
5230 25 153 138
5231 26 61 138
5232 27 21 138
5233 28 87 138
5234 29 149 138
5235 30 203 138
5236 31 245 138
5237 32 5 138
5238 33 231 138
5239 34 84 138
5240 35 143 138
5241 37 191 138
5242 0 157 139
5243 1 136 139
5244 2 144 139
5245 3 212 139
5246 4 7 139
5247 5 210 139
5248 6 214 139
5249 7 25 139
5250 8 82 139
5251 9 162 139
5252 10 80 139
5253 11 87 139
5254 12 19 139
5255 13 45 139
5256 14 145 139
5257 15 113 139
5258 16 108 139
5259 17 3 139
5260 18 135 139
5261 19 103 139
5262 20 121 139
5263 21 185 139
5264 22 161 139
5265 23 219 139
5266 24 116 139
5267 25 92 139
5268 26 118 139
5269 27 88 139
5270 28 155 139
5271 29 61 139
5272 30 226 139
5273 31 96 139
5274 32 3 139
5275 33 30 139
5276 34 153 139
5277 35 186 139
5278 36 67 139
5279 37 253 139
5280 0 165 140
5281 1 202 140
5282 2 86 140
5283 3 63 140
5284 4 24 140
5285 5 29 140
5286 6 193 140
5287 7 142 140
5288 8 115 140
5289 9 102 140
5290 10 5 140
5291 11 255 140
5292 12 13 140
5293 13 227 140
5294 14 60 140
5295 15 130 140
5296 16 32 140
5297 17 164 140
5298 18 145 140
5299 19 160 140
5300 20 57 140
5301 21 183 140
5302 22 231 140
5303 23 182 140
5304 24 198 140
5305 25 75 140
5306 26 35 140
5307 27 127 140
5308 28 58 140
5309 30 43 140
5310 29 115 140
5311 31 220 140
5312 32 195 140
5313 33 114 140
5314 34 77 140
5315 35 129 140
5316 36 80 140
5317 37 52 140
5318 38 171 140
5319 40 116 140
5320 0 211 141
5321 1 58 141
5322 2 76 141
5323 3 101 141
5324 4 103 141
5325 5 38 141
5326 6 181 141
5327 7 210 141
5328 8 202 141
5329 9 23 141
5330 10 61 141
5331 11 80 141
5332 12 114 141
5333 13 208 141
5334 14 248 141
5335 15 199 141
5336 16 25 141
5337 17 45 141
5338 18 17 141
5339 19 72 141
5340 20 250 141
5341 21 160 141
5342 22 73 141
5343 23 118 141
5344 24 136 141
5345 25 40 141
5346 26 21 141
5347 27 140 141
5348 28 238 141
5349 29 1 141
5350 30 144 141
5351 31 1 141
5352 32 37 141
5353 33 112 141
5354 34 197 141
5355 35 110 141
5356 36 89 141
5357 37 149 141
5358 38 69 141
5359 39 133 141
5360 40 209 141
5361 41 67 141
5362 43 154 141
5363 0 216 142
5364 1 49 142
5365 2 48 142
5366 3 74 142
5367 4 47 142
5368 5 220 142
5369 6 167 142
5370 7 69 142
5371 8 222 142
5372 9 174 142
5373 10 69 142
5374 11 121 142
5375 12 142 142
5376 13 90 142
5377 14 145 142
5378 15 227 142
5379 16 117 142
5380 17 125 142
5381 18 155 142
5382 19 151 142
5383 20 163 142
5384 21 154 142
5385 22 39 142
5386 23 66 142
5387 24 74 142
5388 25 184 142
5389 26 137 142
5390 27 133 142
5391 28 126 142
5392 29 66 142
5393 30 118 142
5394 31 53 142
5395 32 69 142
5396 33 85 142
5397 34 209 142
5398 35 129 142
5399 36 135 142
5400 37 206 142
5401 38 144 142
5402 39 225 142
5403 40 108 142
5404 41 171 142
5405 42 233 142
5406 43 121 142
5407 0 24 143
5408 1 38 143
5409 2 205 143
5410 3 133 143
5411 4 106 143
5412 5 70 143
5413 6 184 143
5414 7 176 143
5415 8 126 143
5416 9 80 143
5417 10 24 143
5418 11 138 143
5419 12 81 143
5420 13 231 143
5421 14 246 143
5422 15 204 143
5423 16 77 143
5424 17 65 143
5425 18 138 143
5426 19 7 143
5427 20 192 143
5428 21 1 143
5429 22 80 143
5430 23 132 143
5431 24 207 143
5432 25 113 143
5433 26 70 143
5434 27 113 143
5435 28 58 143
5436 29 59 143
5437 30 255 143
5438 31 187 143
5439 32 196 143
5440 44 209 143
5441 33 250 143
5442 39 174 143
5443 38 25 143
5444 34 131 143
5445 35 180 143
5446 36 73 143
5447 37 108 143
5448 40 204 143
5449 45 253 143
5450 42 166 143
5451 41 246 143
5452 43 234 143
5453 47 256 143
5454 0 138 144
5455 1 19 144
5456 2 199 144
5457 3 93 144
5458 44 153 144
5459 4 78 144
5460 39 46 144
5461 38 97 144
5462 5 185 144
5463 34 74 144
5464 46 92 144
5465 45 77 144
5466 42 225 144
5467 41 19 144
5468 40 10 144
5469 36 156 144
5470 48 214 145
5471 47 82 144
5472 44 203 145
5473 43 70 144
5474 39 59 145
5475 49 91 145
5476 46 114 145
5477 45 124 145
5478 42 73 145
5479 50 116 145
5480 48 121 146
5481 47 250 145
5482 51 29 146
5483 49 240 146
5484 52 219 146
5485 53 153 147
5486 50 102 146
5487 46 224 146
5488 44 34 146
5489 41 177 145
5490 38 118 145
5491 35 191 144
5492 32 213 144
5493 6 78 144
5494 7 126 144
5495 8 37 144
5496 9 135 144
5497 10 201 144
5498 11 188 144
5499 12 138 144
5500 13 207 144
5501 14 156 144
5502 15 200 144
5503 16 205 144
5504 17 7 144
5505 18 110 144
5506 19 123 144
5507 20 4 144
5508 21 113 144
5509 22 19 144
5510 23 189 144
5511 24 256 144
5512 25 181 144
5513 55 186 147
5514 51 154 147
5515 48 17 147
5516 45 217 146
5517 43 24 145
5518 40 49 145
5519 37 18 144
5520 33 246 144
5521 30 164 144
5522 26 47 144
5523 27 92 144
5524 28 62 144
5525 29 17 144
5526 31 186 144
5527 0 44 145
5528 1 57 145
5529 2 41 145
5530 3 243 145
5531 4 156 145
5532 5 106 145
5533 6 43 145
5534 7 105 145
5535 8 229 145
5536 9 145 145
5537 10 117 145
5538 11 116 145
5539 12 171 145
5540 54 16 148
5541 52 197 147
5542 49 227 147
5543 47 190 146
5544 42 101 146
5545 39 6 146
5546 36 97 145
5547 34 123 145
5548 13 253 145
5549 14 31 145
5550 15 164 145
5551 16 77 145
5552 17 249 145
5553 18 206 145
5554 19 128 145
5555 20 205 145
5556 21 250 145
5557 22 67 145
5558 23 109 145
5559 24 212 145
5560 25 151 145
5561 26 111 145
5562 27 40 145
5563 28 90 145
5564 29 14 145
5565 30 14 145
5566 57 129 148
5567 53 242 148
5568 50 247 147
5569 46 90 147
5570 44 168 147
5571 41 28 146
5572 38 190 146
5573 35 203 145
5574 32 221 145
5575 31 1 145
5576 33 128 145
5577 37 209 145
5578 0 181 146
5579 1 109 146
5580 2 248 146
5581 3 244 146
5582 4 229 146
5583 5 151 146
5584 6 148 146
5585 7 31 146
5586 8 13 146
5587 9 255 146
5588 10 185 146
5589 11 30 146
5590 12 171 146
5591 56 192 149
5592 55 128 148
5593 51 126 148
5594 48 84 148
5595 45 14 147
5596 43 152 146
5597 40 214 146
5598 13 166 146
5599 14 207 146
5600 15 129 146
5601 16 134 146
5602 17 46 146
5603 18 219 146
5604 19 164 146
5605 20 183 146
5606 21 79 146
5607 22 168 146
5608 23 164 146
5609 24 237 146
5610 25 139 146
5611 26 48 146
5612 27 196 146
5613 28 222 146
5614 29 209 146
5615 58 189 149
5616 54 83 149
5617 52 21 148
5618 49 139 148
5619 47 245 147
5620 42 101 147
5621 39 136 147
5622 36 70 146
5623 34 124 146
5624 30 105 146
5625 31 78 146
5626 32 135 146
5627 33 80 146
5628 35 220 146
5629 37 50 146
5630 0 174 147
5631 1 169 147
5632 2 133 147
5633 3 225 147
5634 4 180 147
5635 5 96 147
5636 6 33 147
5637 7 163 147
5638 59 240 150
5639 57 123 149
5640 53 198 149
5641 50 132 148
5642 46 227 148
5643 44 44 148
5644 41 93 147
5645 38 62 147
5646 8 223 147
5647 9 140 147
5648 10 211 147
5649 11 85 147
5650 12 37 147
5651 13 117 147
5652 14 228 147
5653 15 209 147
5654 16 104 147
5655 17 191 147
5656 18 22 147
5657 19 95 147
5658 20 222 147
5659 21 246 147
5660 61 146 150
5661 56 53 150
5662 55 223 149
5663 51 33 149
5664 48 22 149
5665 45 175 148
5666 43 50 147
5667 40 71 147
5668 22 9 147
5669 23 55 147
5670 24 125 147
5671 25 107 147
5672 26 240 147
5673 27 98 147
5674 28 99 147
5675 29 178 147
5676 30 16 147
5677 31 100 147
5678 32 247 147
5679 33 25 147
5680 34 88 147
5681 60 248 151
5682 58 178 150
5683 54 203 150
5684 52 134 149
5685 49 67 149
5686 47 210 148
5687 42 173 148
5688 39 2 148
5689 36 53 147
5690 35 25 147
5691 37 252 147
5692 0 125 148
5693 1 91 148
5694 2 56 148
5695 3 232 148
5696 4 225 148
5697 5 176 148
5698 6 32 148
5699 7 137 148
5700 8 13 148
5701 62 89 151
5702 59 173 151
5703 57 202 150
5704 53 162 150
5705 50 108 149
5706 46 121 149
5707 44 36 149
5708 41 6 148
5709 38 4 148
5710 9 126 148
5711 10 31 148
5712 11 124 148
5713 12 181 148
5714 13 237 148
5715 14 208 148
5716 15 30 148
5717 16 178 148
5718 17 83 148
5719 18 154 148
5720 63 215 152
5721 61 213 151
5722 56 25 151
5723 55 224 150
5724 51 27 150
5725 48 18 150
5726 45 3 149
5727 43 116 148
5728 40 77 148
5729 19 232 148
5730 20 92 148
5731 21 216 148
5732 22 155 148
5733 23 99 148
5734 24 55 148
5735 25 201 148
5736 26 82 148
5737 27 173 148
5738 64 236 152
5739 60 84 152
5740 58 169 151
5741 54 185 151
5742 52 133 150
5743 49 195 150
5744 47 186 149
5745 42 72 149
5746 39 173 149
5747 36 30 148
5748 34 100 148
5749 29 39 148
5750 28 151 148
5751 30 98 148
5752 31 188 148
5753 32 154 148
5754 33 35 148
5755 65 191 152
5756 62 213 152
5757 59 235 152
5758 57 159 151
5759 53 226 151
5760 50 65 150
5761 46 50 150
5762 44 193 150
5763 41 75 149
5764 38 50 149
5765 35 94 148
5766 37 219 148
5767 0 150 149
5768 1 183 149
5769 2 238 149
5770 3 145 149
5771 67 64 153
5772 63 246 153
5773 61 117 152
5774 56 74 152
5775 55 247 151
5776 51 209 151
5777 48 225 151
5778 45 166 150
5779 43 99 149
5780 40 19 149
5781 4 125 149
5782 5 197 149
5783 6 191 149
5784 7 23 149
5785 8 73 149
5786 66 212 154
5787 64 123 153
5788 60 13 153
5789 58 185 152
5790 54 140 152
5791 52 249 151
5792 49 253 151
5793 47 236 150
5794 42 215 150
5795 39 157 150
5796 36 236 149
5797 34 222 149
5798 9 174 149
5799 10 41 149
5800 68 190 154
5801 65 203 153
5802 62 221 153
5803 59 239 153
5804 57 40 152
5805 53 255 152
5806 50 170 151
5807 46 10 151
5808 44 228 151
5809 41 38 150
5810 38 111 150
5811 35 147 149
5812 32 98 149
5813 69 176 155
5814 67 241 154
5815 63 248 154
5816 61 34 153
5817 56 231 153
5818 55 216 152
5819 51 171 152
5820 48 114 152
5821 45 19 151
5822 43 27 150
5823 40 73 150
5824 36 147 150
5825 70 115 155
5826 66 112 155
5827 64 124 154
5828 60 49 154
5829 58 128 153
5830 54 70 153
5831 52 157 152
5832 49 207 152
5833 47 96 151
5834 42 224 151
5835 39 179 151
5836 71 93 155
5837 68 62 155
5838 65 96 154
5839 62 64 154
5840 59 32 154
5841 57 250 153
5842 53 232 153
5843 50 69 152
5844 46 120 152
5845 44 23 152
5846 72 31 156
5847 69 144 156
5848 67 137 155
5849 63 16 155
5850 61 109 154
5851 56 121 154
5852 55 152 153
5853 51 210 153
5854 48 140 153
5855 73 36 156
5856 70 24 156
5857 66 106 156
5858 64 8 155
5859 60 41 155
5860 58 58 154
5861 54 116 154
5862 52 35 153
5863 75 161 157
5864 71 6 156
5865 68 4 156
5866 65 172 155
5867 62 29 155
5868 59 143 155
5869 56 181 155
5870 74 226 158
5871 72 2 157
5872 69 1 157
5873 67 14 156
5874 63 200 156
5875 61 111 155
5876 76 130 158
5877 73 193 157
5878 70 43 157
5879 66 120 157
5880 64 100 156
5881 77 225 158
5882 75 64 158
5883 71 75 157
5884 68 50 157
5885 78 225 159
5886 74 166 159
5887 72 25 158
5888 79 249 160
5889 76 83 159
5890 80 83 161
5891 11 232 149
5892 12 25 149
5893 13 194 149
5894 14 226 149
5895 15 137 149
5896 16 196 149
5897 17 217 149
5898 18 159 149
5899 19 93 149
5900 20 229 149
5901 21 208 149
5902 22 31 149
5903 23 240 149
5904 24 203 149
5905 25 104 149
5906 26 26 149
5907 27 176 149
5908 28 224 149
5909 29 21 149
5910 30 131 149
5911 31 224 149
5912 33 139 149
5913 37 18 149
5914 0 223 150
5915 1 124 150
5916 2 14 150
5917 3 56 150
5918 4 27 150
5919 5 84 150
5920 6 205 150
5921 7 165 150
5922 8 30 150
5923 9 113 150
5924 10 207 150
5925 11 194 150
5926 12 21 150
5927 13 47 150
5928 14 188 150
5929 15 91 150
5930 16 183 150
5931 17 184 150
5932 18 152 150
5933 19 13 150
5934 20 223 150
5935 21 65 150
5936 22 83 150
5937 23 36 150
5938 24 205 150
5939 25 211 150
5940 26 241 150
5941 27 255 150
5942 28 14 150
5943 29 228 150
5944 30 127 150
5945 31 175 150
5946 32 41 150
5947 33 155 150
5948 34 194 150
5949 35 85 150
5950 37 189 150
5951 0 28 151
5952 1 120 151
5953 2 234 151
5954 3 177 151
5955 4 111 151
5956 5 155 151
5957 6 61 151
5958 7 255 151
5959 8 120 151
5960 9 112 151
5961 10 181 151
5962 11 103 151
5963 12 219 151
5964 13 16 151
5965 14 37 151
5966 15 201 151
5967 16 95 151
5968 17 125 151
5969 18 211 151
5970 19 12 151
5971 21 154 151
5972 20 139 151
5973 22 142 151
5974 23 248 151
5975 24 192 151
5976 25 244 151
5977 26 88 151
5978 27 27 151
5979 28 194 151
5980 29 244 151
5981 30 194 151
5982 31 129 151
5983 32 49 151
5984 33 44 151
5985 34 141 151
5986 35 150 151
5987 36 73 151
5988 37 252 151
5989 38 67 151
5990 40 37 151
5991 41 24 151
5992 43 214 151
5993 0 141 152
5994 1 213 152
5995 2 8 152
5996 3 91 152
5997 4 34 152
5998 5 119 152
5999 6 154 152
6000 7 145 152
6001 8 69 152
6002 9 41 152
6003 10 53 152
6004 11 255 152
6005 12 67 152
6006 13 1 152
6007 14 98 152
6008 15 81 152
6009 16 99 152
6010 17 101 152
6011 18 214 152
6012 19 25 152
6013 20 93 152
6014 21 140 152
6015 22 49 152
6016 23 84 152
6017 24 200 152
6018 25 217 152
6019 26 114 152
6020 27 206 152
6021 28 32 152
6022 29 251 152
6023 30 75 152
6024 31 251 152
6025 32 16 152
6026 33 199 152
6027 34 226 152
6028 35 83 152
6029 36 123 152
6030 37 156 152
6031 38 8 152
6032 39 232 152
6033 40 151 152
6034 41 222 152
6035 42 166 152
6036 43 66 152
6037 45 233 152
6038 47 69 152
6039 0 153 153
6040 1 170 153
6041 2 73 153
6042 3 158 153
6043 4 216 153
6044 5 31 153
6045 6 111 153
6046 7 127 153
6047 8 7 153
6048 9 85 153
6049 10 153 153
6050 11 117 153
6051 12 116 153
6052 13 227 153
6053 14 8 153
6054 15 84 153
6055 16 97 153
6056 17 172 153
6057 18 185 153
6058 19 43 153
6059 20 78 153
6060 21 188 153
6061 22 240 153
6062 23 133 153
6063 24 210 153
6064 25 74 153
6065 26 256 153
6066 27 215 153
6067 28 32 153
6068 29 203 153
6069 30 199 153
6070 31 141 153
6071 32 153 153
6072 33 92 153
6073 34 201 153
6074 35 65 153
6075 36 105 153
6076 37 31 153
6077 38 126 153
6078 39 61 153
6079 40 110 153
6080 41 98 153
6081 42 178 153
6082 43 56 153
6083 44 221 153
6084 45 139 153
6085 46 203 153
6086 47 124 153
6087 49 37 153
6088 50 165 153
6089 0 190 154
6090 1 26 154
6091 2 243 154
6092 3 152 154
6093 4 247 154
6094 5 90 154
6095 6 14 154
6096 7 230 154
6097 8 111 154
6098 9 45 154
6099 10 193 154
6100 11 104 154
6101 12 88 154
6102 13 253 154
6103 14 93 154
6104 15 229 154
6105 16 64 154
6106 17 165 154
6107 18 247 154
6108 19 174 154
6109 20 91 154
6110 21 233 154
6111 22 204 154
6112 23 130 154
6113 24 15 154
6114 25 106 154
6115 26 76 154
6116 27 252 154
6117 28 118 154
6118 29 27 154
6119 30 20 154
6120 31 4 154
6121 32 32 154
6122 33 79 154
6123 34 128 154
6124 35 129 154
6125 36 77 154
6126 37 121 154
6127 38 214 154
6128 39 29 154
6129 40 16 154
6130 41 53 154
6131 42 111 154
6132 43 181 154
6133 44 171 154
6134 45 251 154
6135 46 130 154
6136 47 79 154
6137 48 146 154
6138 49 210 154
6139 50 178 154
6140 51 172 154
6141 52 144 154
6142 53 211 154
6143 55 102 154
6144 57 128 154
6145 0 166 155
6146 1 155 155
6147 2 22 155
6148 3 235 155
6149 4 94 155
6150 5 96 155
6151 6 209 155
6152 7 97 155
6153 8 133 155
6154 9 36 155
6155 10 105 155
6156 11 179 155
6157 12 150 155
6158 13 103 155
6159 14 91 155
6160 15 254 155
6161 16 247 155
6162 17 227 155
6163 18 57 155
6164 19 55 155
6165 20 184 155
6166 21 125 155
6167 22 49 155
6168 23 244 155
6169 24 192 155
6170 25 38 155
6171 26 153 155
6172 27 188 155
6173 28 238 155
6174 29 44 155
6175 30 232 155
6176 31 254 155
6177 32 193 155
6178 33 22 155
6179 34 239 155
6180 35 170 155
6181 36 3 155
6182 37 255 155
6183 38 237 155
6184 39 9 155
6185 40 201 155
6186 41 3 155
6187 42 82 155
6188 43 228 155
6189 44 38 155
6190 45 130 155
6191 46 166 155
6192 47 149 155
6193 48 92 155
6194 49 219 155
6195 50 86 155
6196 51 165 155
6197 52 52 155
6198 53 53 155
6199 54 254 155
6200 55 79 155
6201 57 153 155
6202 58 189 155
6203 0 9 156
6204 1 171 156
6205 2 66 156
6206 3 79 156
6207 4 28 156
6208 5 74 156
6209 6 179 156
6210 7 172 156
6211 8 176 156
6212 9 166 156
6213 10 29 156
6214 11 212 156
6215 12 193 156
6216 13 254 156
6217 14 36 156
6218 15 123 156
6219 16 100 156
6220 17 78 156
6221 18 73 156
6222 19 158 156
6223 20 136 156
6224 21 90 156
6225 22 100 156
6226 23 27 156
6227 24 245 156
6228 25 113 156
6229 26 154 156
6230 27 221 156
6231 28 128 156
6232 29 149 156
6233 30 167 156
6234 31 78 156
6235 32 148 156
6236 33 118 156
6237 34 97 156
6238 35 208 156
6239 36 199 156
6240 37 175 156
6241 38 32 156
6242 39 80 156
6243 40 190 156
6244 41 119 156
6245 42 1 156
6246 43 147 156
6247 44 240 156
6248 45 8 156
6249 46 253 156
6250 47 246 156
6251 48 124 156
6252 49 65 156
6253 50 205 156
6254 51 73 156
6255 52 140 156
6256 53 166 156
6257 54 37 156
6258 55 1 156
6259 56 173 156
6260 57 202 156
6261 58 102 156
6262 59 218 156
6263 60 6 156
6264 61 113 156
6265 62 175 156
6266 65 86 156
6267 0 194 157
6268 1 72 157
6269 2 88 157
6270 3 80 157
6271 4 212 157
6272 5 142 157
6273 6 51 157
6274 7 53 157
6275 8 94 157
6276 9 45 157
6277 10 3 157
6278 11 103 157
6279 12 132 157
6280 13 172 157
6281 14 61 157
6282 15 227 157
6283 16 107 157
6284 17 92 157
6285 18 4 157
6286 19 27 157
6287 20 230 157
6288 21 15 157
6289 22 248 157
6290 23 250 157
6291 24 183 157
6292 25 161 157
6293 26 26 157
6294 27 88 157
6295 28 217 157
6296 29 24 157
6297 30 179 157
6298 31 126 157
6299 32 27 157
6300 33 207 157
6301 34 15 157
6302 35 132 157
6303 36 104 157
6304 37 138 157
6305 38 45 157
6306 39 194 157
6307 40 119 157
6308 41 241 157
6309 42 141 157
6310 43 12 157
6311 44 20 157
6312 45 62 157
6313 46 226 157
6314 47 34 157
6315 48 187 157
6316 49 115 157
6317 50 104 157
6318 51 117 157
6319 52 128 157
6320 53 133 157
6321 54 6 157
6322 55 108 157
6323 56 73 157
6324 57 86 157
6325 58 36 157
6326 59 14 157
6327 60 152 157
6328 61 48 157
6329 62 79 157
6330 63 123 157
6331 64 47 157
6332 65 187 157
6333 67 103 157
6334 0 12 158
6335 1 58 158
6336 2 230 158
6337 3 80 158
6338 4 167 158
6339 5 165 158
6340 6 13 158
6341 7 198 158
6342 8 99 158
6343 9 138 158
6344 10 1 158
6345 11 228 158
6346 12 164 158
6347 13 214 158
6348 14 25 158
6349 15 243 158
6350 16 156 158
6351 17 111 158
6352 18 123 158
6353 19 240 158
6354 20 39 158
6355 21 212 158
6356 22 206 158
6357 23 192 158
6358 24 138 158
6359 25 113 158
6360 26 131 158
6361 27 114 158
6362 28 142 158
6363 29 17 158
6364 30 93 158
6365 31 235 158
6366 32 25 158
6367 33 170 158
6368 34 5 158
6369 35 211 158
6370 36 194 158
6371 37 78 158
6372 38 49 158
6373 39 129 158
6374 40 45 158
6375 41 53 158
6376 42 97 158
6377 43 115 158
6378 44 91 158
6379 45 70 158
6380 46 242 158
6381 47 156 158
6382 48 111 158
6383 49 131 158
6384 51 239 158
6385 50 158 158
6386 52 177 158
6387 53 76 158
6388 54 8 158
6389 55 77 158
6390 56 170 158
6391 57 7 158
6392 58 200 158
6393 59 96 158
6394 60 57 158
6395 61 51 158
6396 62 57 158
6397 63 177 158
6398 64 196 158
6399 65 207 158
6400 66 114 158
6401 67 132 158
6402 68 110 158
6403 69 97 158
6404 70 160 158
6405 71 174 158
6406 73 256 158
6407 0 132 159
6408 1 108 159
6409 2 140 159
6410 3 139 159
6411 4 74 159
6412 5 120 159
6413 6 227 159
6414 7 246 159
6415 8 42 159
6416 9 150 159
6417 10 212 159
6418 11 127 159
6419 12 233 159
6420 13 121 159
6421 14 135 159
6422 15 46 159
6423 16 78 159
6424 17 125 159
6425 18 50 159
6426 19 45 159
6427 20 245 159
6428 21 98 159
6429 22 29 159
6430 23 149 159
6431 24 157 159
6432 25 202 159
6433 26 204 159
6434 27 117 159
6435 28 15 159
6436 29 136 159
6437 30 219 159
6438 31 36 159
6439 32 76 159
6440 0 158 160
6441 33 121 159
6442 0 224 161
6443 34 252 159
6444 35 176 159
6445 36 87 159
6446 37 152 159
6447 38 107 159
6448 39 141 159
6449 40 248 159
6450 41 209 159
6451 42 247 159
6452 43 145 159
6453 44 132 159
6454 45 195 159
6455 46 94 159
6456 47 122 159
6457 48 207 159
6458 49 110 159
6459 50 159 159
6460 51 28 159
6461 52 134 159
6462 53 61 159
6463 54 245 159
6464 55 106 159
6465 56 95 159
6466 57 219 159
6467 58 70 159
6468 59 239 159
6469 60 244 159
6470 61 36 159
6471 62 98 159
6472 63 135 159
6473 64 180 159
6474 65 177 159
6475 66 175 159
6476 75 201 159
6477 77 240 159
6478 1 37 160
6479 67 242 159
6480 68 30 159
6481 69 26 159
6482 70 145 159
6483 71 50 159
6484 72 124 159
6485 73 226 159
6486 2 79 160
6487 3 77 160
6488 4 183 160
6489 5 128 160
6490 6 212 160
6491 7 108 160
6492 8 196 160
6493 9 169 160
6494 10 136 160
6495 11 93 160
6496 12 70 160
6497 13 154 160
6498 14 106 160
6499 15 42 160
6500 16 166 160
6501 17 164 160
6502 18 76 160
6503 19 35 160
6504 20 164 160
6505 21 171 160
6506 22 137 160
6507 23 164 160
6508 24 15 160
6509 25 54 160
6510 26 81 160
6511 27 240 160
6512 28 40 160
6513 29 196 160
6514 30 226 160
6515 31 50 160
6516 32 63 160
6517 33 38 160
6518 34 204 160
6519 35 253 160
6520 36 103 160
6521 37 43 160
6522 38 105 160
6523 39 243 160
6524 40 151 160
6525 41 187 160
6526 42 134 160
6527 43 143 160
6528 44 145 160
6529 45 197 160
6530 46 158 160
6531 47 242 160
6532 48 160 160
6533 49 28 160
6534 50 13 160
6535 51 162 160
6536 52 148 160
6537 53 244 160
6538 54 240 160
6539 55 250 160
6540 56 31 160
6541 57 222 160
6542 58 193 160
6543 59 67 160
6544 60 193 160
6545 61 135 160
6546 62 172 160
6547 63 127 160
6548 64 198 160
6549 65 180 160
6550 66 69 160
6551 67 227 160
6552 68 25 160
6553 69 5 160
6554 70 46 160
6555 71 21 160
6556 72 65 160
6557 73 224 160
6558 74 156 160
6559 75 97 160
6560 76 146 160
6561 77 66 160
6562 78 144 160
6563 1 155 161
6564 2 107 161
6565 3 226 161
6566 4 210 161
6567 5 222 161
6568 6 228 161
6569 7 20 161
6570 8 11 161
6571 9 18 161
6572 10 10 161
6573 11 9 161
6574 12 76 161
6575 13 237 161
6576 14 200 161
6577 15 69 161
6578 16 34 161
6579 17 91 161
6580 18 118 161
6581 19 186 161
6582 20 54 161
6583 21 201 161
6584 22 84 161
6585 23 253 161
6586 24 64 161
6587 25 23 161
6588 26 206 161
6589 27 4 161
6590 28 227 161
6591 29 15 161
6592 30 144 161
6593 31 68 161
6594 32 137 161
6595 33 26 161
6596 34 17 161
6597 35 81 161
6598 36 59 161
6599 37 100 161
6600 38 86 161
6601 39 57 161
6602 40 20 161
6603 41 6 161
6604 42 237 161
6605 43 84 161
6606 44 108 161
6607 45 233 161
6608 46 197 161
6609 47 246 161
6610 48 237 161
6611 49 224 161
6612 50 251 161
6613 51 93 161
6614 52 74 161
6615 53 82 161
6616 54 30 161
6617 55 220 161
6618 56 210 161
6619 57 143 161
6620 58 228 161
6621 59 204 161
6622 60 223 161
6623 61 12 161
6624 62 68 161
6625 63 251 161
6626 64 133 161
6627 65 25 161
6628 66 149 161
6629 67 231 161
6630 68 9 161
6631 69 226 161
6632 70 193 161
6633 71 138 161
6634 72 205 161
6635 73 141 161
6636 74 62 161
6637 75 27 161
6638 76 47 161
6639 77 182 161
6640 78 70 161
6641 79 143 161
6642 0 157 162
6643 1 217 162
6644 2 255 162
6645 3 25 162
6646 4 22 162
6647 5 137 162
6648 6 178 162
6649 7 215 162
6650 8 126 162
6651 9 3 162
6652 10 44 162
6653 11 170 162
6654 12 86 162
6655 13 118 162
6656 14 180 162
6657 15 27 162
6658 16 67 162
6659 17 215 162
6660 18 60 162
6661 19 172 162
6662 20 55 162
6663 21 47 162
6664 22 107 162
6665 23 20 162
6666 24 42 162
6667 25 74 162
6668 26 210 162
6669 27 68 162
6670 28 17 162
6671 29 238 162
6672 30 88 162
6673 31 56 162
6674 32 191 162
6675 33 87 162
6676 34 136 162
6677 35 95 162
6678 36 7 162
6679 37 241 162
6680 38 233 162
6681 39 71 162
6682 40 254 162
6683 41 43 162
6684 42 76 162
6685 43 183 162
6686 44 147 162
6687 45 96 162
6688 46 203 162
6689 47 65 162
6690 48 9 162
6691 49 30 162
6692 50 208 162
6693 51 134 162
6694 52 63 162
6695 53 173 162
6696 54 125 162
6697 55 200 162
6698 56 194 162
6699 57 197 162
6700 58 12 162
6701 59 197 162
6702 60 83 162
6703 61 89 162
6704 62 125 162
6705 63 103 162
6706 64 12 162
6707 65 154 162
6708 66 54 162
6709 67 194 162
6710 68 145 162
6711 69 141 162
6712 70 96 162
6713 71 223 162
6714 72 93 162
6715 73 58 162
6716 74 106 162
6717 75 111 162
6718 76 223 162
6719 77 93 162
6720 78 113 162
6721 79 175 162
6722 80 52 162
6723 81 143 162
6724 0 93 163
6725 1 93 163
6726 2 162 163
6727 3 175 163
6728 4 184 163
6729 5 186 163
6730 6 242 163
6731 7 256 163
6732 8 126 163
6733 9 61 163
6734 10 40 163
6735 11 17 163
6736 12 92 163
6737 13 124 163
6738 14 132 163
6739 15 34 163
6740 16 82 163
6741 17 59 163
6742 18 161 163
6743 19 107 163
6744 20 104 163
6745 21 25 163
6746 22 255 163
6747 23 30 163
6748 24 38 163
6749 25 158 163
6750 26 169 163
6751 27 112 163
6752 28 46 163
6753 29 247 163
6754 30 30 163
6755 31 208 163
6756 32 121 163
6757 33 66 163
6758 34 113 163
6759 35 91 163
6760 36 24 163
6761 37 192 163
6762 38 178 163
6763 39 206 163
6764 40 195 163
6765 41 35 163
6766 42 32 163
6767 43 58 163
6768 44 232 163
6769 45 106 163
6770 46 24 163
6771 47 82 163
6772 48 23 163
6773 49 217 163
6774 50 66 163
6775 51 91 163
6776 52 188 163
6777 53 107 163
6778 54 58 163
6779 55 75 163
6780 56 83 163
6781 57 38 163
6782 58 214 163
6783 59 236 163
6784 60 173 163
weights 164 164 164 164 164 164 164 164 164 164 164 164 164 164 164 164 164 164 164 164 164 164 164 164 164 164 164 164 164 164 164 164 164 164 164 164 164 164 164 164 164 164 164 164 164 164 164 164 164 164 164 164 164 164 164 164 164 164 164 164 164 163 163 163 163 163 163 163 163 163 163 163 163 163 163 163 163 163 163 163 163 163
