6 10 5
1 2 4 5 6 7
h j l m n a
13
-3 4 3 0 2 0 0 0
-3 4 2 0 2 0 0 0
3 2 2 0 1 1 0 0
3 2 1 1 2 0 0 0
3 2 1 0 1 1 0 0
-3 2 1 0 1 0 1 0
-3 4 1 0 0 2 0 0
3 4 0 1 2 0 0 0
-3 2 0 1 1 1 0 0
-9 8 0 0 3 0 0 0
-3 2 0 0 1 0 1 0
-3 4 0 0 0 2 0 0
3 2 0 0 0 1 1 0
29
-3 2 4 0 2 0 0 0
-3 4 3 0 2 0 0 0
3 1 3 0 1 1 0 0
9 4 2 1 2 0 0 0
3 4 2 0 2 0 0 0
3 2 2 0 1 1 0 0
-3 1 2 0 1 0 1 0
-3 2 2 0 0 2 0 0
-3 4 1 1 2 0 0 0
-3 2 1 1 1 1 0 0
-9 8 1 0 3 0 0 0
-3 2 1 0 1 1 0 0
-3 2 1 0 1 0 1 0
3 2 1 0 1 0 0 1
-3 4 1 0 0 2 0 0
3 1 1 0 0 1 1 0
3 4 0 2 2 0 0 0
-3 4 0 1 2 0 0 0
3 1 0 1 1 1 0 0
-3 2 0 1 1 0 1 0
-3 4 0 1 0 2 0 0
17 8 0 0 3 0 0 0
-9 4 0 0 2 1 0 0
3 2 0 0 1 0 1 0
1 2 0 0 1 0 0 1
3 4 0 0 0 2 0 0
-3 1 0 0 0 1 1 0
-3 2 0 0 0 1 0 1
3 4 0 0 0 0 2 0
45
-3 4 5 0 2 0 0 0
3 4 4 0 2 0 0 0
3 2 4 0 1 1 0 0
-3 2 3 1 2 0 0 0
3 2 3 0 2 0 0 0
-3 2 3 0 1 1 0 0
-3 2 3 0 1 0 1 0
-3 4 3 0 0 2 0 0
-9 2 2 1 2 0 0 0
9 2 2 1 1 1 0 0
-3 1 2 0 1 1 0 0
3 2 2 0 1 0 1 0
3 1 2 0 1 0 0 1
3 4 2 0 0 2 0 0
3 2 2 0 0 1 1 0
9 2 1 2 2 0 0 0
-3 4 1 1 2 0 0 0
15 2 1 1 1 1 0 0
-6 1 1 1 1 0 1 0
-3 1 1 1 0 2 0 0
9 4 1 0 3 0 0 0
-9 4 1 0 2 1 0 0
3 1 1 0 1 0 1 0
-1 2 1 0 1 0 0 1
3 2 1 0 0 2 0 0
-6 1 1 0 0 1 1 0
-3 1 1 0 0 1 0 1
3 2 1 0 0 0 2 0
3 4 0 2 2 0 0 0
-3 1 0 2 1 1 0 0
-9 8 0 1 3 0 0 0
-3 2 0 1 1 1 0 0
-3 2 0 1 1 0 1 0
3 2 0 1 1 0 0 1
-3 4 0 1 0 2 0 0
3 1 0 1 0 1 1 0
-7 8 0 0 3 0 0 0
33 8 0 0 2 1 0 0
-9 4 0 0 2 0 1 0
-9 8 0 0 1 2 0 0
-1 2 0 0 1 0 0 1
3 2 0 0 0 1 1 0
2 1 0 0 0 1 0 1
-3 2 0 0 0 0 2 0
-3 2 0 0 0 0 1 1
63
3 4 5 0 2 0 0 0
-9 4 4 1 2 0 0 0
3 4 4 0 2 0 0 0
-3 2 4 0 1 1 0 0
-3 4 3 1 2 0 0 0
9 2 3 1 1 1 0 0
-27 8 3 0 3 0 0 0
-3 2 3 0 1 1 0 0
3 2 3 0 1 0 1 0
3 2 3 0 1 0 0 1
3 4 3 0 0 2 0 0
9 4 2 2 2 0 0 0
9 4 2 1 2 0 0 0
-9 2 2 1 1 0 1 0
-9 4 2 1 0 2 0 0
-27 8 2 0 3 0 0 0
27 4 2 0 2 1 0 0
3 2 2 0 1 0 1 0
-5 2 2 0 1 0 0 1
3 4 2 0 0 2 0 0
-3 1 2 0 0 1 1 0
-3 2 2 0 0 1 0 1
3 4 2 0 0 0 2 0
-9 2 1 2 2 0 0 0
27 4 1 1 3 0 0 0
-6 1 1 1 1 1 0 0
3 1 1 1 1 0 1 0
6 1 1 1 1 0 0 1
3 2 1 1 0 2 0 0
3 1 1 1 0 1 1 0
-9 8 1 0 3 0 0 0
45 4 1 0 2 1 0 0
-9 1 1 0 2 0 1 0
-9 2 1 0 1 2 0 0
-1 1 1 0 1 0 0 1
3 1 1 0 0 1 1 0
4 1 1 0 0 1 0 1
-3 1 1 0 0 0 2 0
-3 1 1 0 0 0 1 1
3 2 0 3 2 0 0 0
-3 2 0 2 2 0 0 0
6 1 0 2 1 1 0 0
-3 1 0 2 1 0 1 0
-3 2 0 2 0 2 0 0
45 8 0 1 3 0 0 0
-9 1 0 1 2 1 0 0
3 1 0 1 1 0 1 0
-1 2 0 1 1 0 0 1
3 2 0 1 0 2 0 0
-6 1 0 1 0 1 1 0
-3 1 0 1 0 1 0 1
3 2 0 1 0 0 2 0
-27 8 0 0 4 0 0 0
-1 8 0 0 3 0 0 0
-3 2 0 0 2 1 0 0
-21 8 0 0 2 0 1 0
-9 16 0 0 2 0 0 1
-3 2 0 0 1 2 0 0
9 2 0 0 1 1 1 0
-1 2 0 0 0 1 0 1
3 4 0 0 0 0 2 0
3 4 0 0 0 0 1 1
-1 2 0 0 0 0 0 2
73
9 4 4 1 2 0 0 0
-27 8 4 0 3 0 0 0
-9 4 3 2 2 0 0 0
9 4 3 1 2 0 0 0
-9 2 3 1 1 1 0 0
-9 8 3 0 3 0 0 0
27 4 3 0 2 1 0 0
-3 2 3 0 1 0 0 1
-9 2 2 2 2 0 0 0
9 2 2 2 1 1 0 0
27 8 2 1 3 0 0 0
-9 2 2 1 1 1 0 0
9 2 2 1 1 0 1 0
9 2 2 1 1 0 0 1
9 4 2 1 0 2 0 0
9 4 2 0 3 0 0 0
9 4 2 0 2 1 0 0
-27 4 2 0 2 0 1 0
-27 8 2 0 1 2 0 0
-1 2 2 0 1 0 0 1
3 2 2 0 0 1 1 0
2 1 2 0 0 1 0 1
-3 2 2 0 0 0 2 0
-3 2 2 0 0 0 1 1
3 1 1 3 2 0 0 0
9 2 1 2 1 1 0 0
-9 2 1 2 1 0 1 0
-9 4 1 2 0 2 0 0
-9 2 1 1 3 0 0 0
3 1 1 1 1 0 1 0
-5 1 1 1 1 0 0 1
3 2 1 1 0 2 0 0
-6 1 1 1 0 1 1 0
-3 1 1 1 0 1 0 1
3 2 1 1 0 0 2 0
-27 4 1 0 2 1 0 0
9 4 1 0 2 0 1 0
27 8 1 0 2 0 0 1
9 8 1 0 1 2 0 0
9 2 1 0 1 1 1 0
-1 1 1 0 0 1 0 1
3 2 1 0 0 0 2 0
3 2 1 0 0 0 1 1
-1 1 1 0 0 0 0 2
-3 4 0 3 2 0 0 0
-3 2 0 3 1 1 0 0
27 8 0 2 3 0 0 0
-3 1 0 2 1 1 0 0
3 2 0 2 1 0 1 0
3 1 0 2 1 0 0 1
3 4 0 2 0 2 0 0
3 2 0 2 0 1 1 0
-27 8 0 1 3 0 0 0
63 4 0 1 2 1 0 0
-9 1 0 1 2 0 1 0
-9 2 0 1 1 2 0 0
-1 1 0 1 1 0 0 1
3 1 0 1 0 1 1 0
4 1 0 1 0 1 0 1
-3 1 0 1 0 0 2 0
-3 1 0 1 0 0 1 1
81 16 0 0 4 0 0 0
-27 4 0 0 3 1 0 0
-3 8 0 0 2 1 0 0
3 1 0 0 2 0 1 0
39 16 0 0 2 0 0 1
15 8 0 0 1 2 0 0
-15 2 0 0 1 1 1 0
-9 2 0 0 1 1 0 1
9 4 0 0 1 0 2 0
-1 8 0 0 0 3 0 0
3 4 0 0 0 0 1 1
3 4 0 0 0 0 0 2
84
27 8 4 0 3 0 0 0
9 4 3 2 2 0 0 0
-27 4 3 1 3 0 0 0
9 2 3 0 3 0 0 0
-63 8 3 0 2 1 0 0
-3 4 2 3 2 0 0 0
9 4 2 2 2 0 0 0
-9 2 2 2 1 1 0 0
-45 4 2 1 3 0 0 0
27 2 2 1 2 1 0 0
-9 2 2 1 1 0 0 1
9 8 2 0 3 0 0 0
-81 8 2 0 2 1 0 0
27 4 2 0 2 0 1 0
63 16 2 0 2 0 0 1
45 8 2 0 1 2 0 0
-1 2 2 0 0 1 0 1
3 4 2 0 0 0 2 0
3 4 2 0 0 0 1 1
-1 2 2 0 0 0 0 2
-15 4 1 3 2 0 0 0
3 2 1 3 1 1 0 0
81 8 1 2 3 0 0 0
-9 2 1 2 1 1 0 0
9 2 1 2 1 0 1 0
9 2 1 2 1 0 0 1
9 4 1 2 0 2 0 0
-27 8 1 1 3 0 0 0
18 1 1 1 2 1 0 0
-27 2 1 1 2 0 1 0
-27 4 1 1 1 2 0 0
-1 1 1 1 1 0 0 1
3 1 1 1 0 1 1 0
4 1 1 1 0 1 0 1
-3 1 1 1 0 0 2 0
-3 1 1 1 0 0 1 1
27 16 1 0 4 0 0 0
-9 4 1 0 2 1 0 0
27 4 1 0 2 0 1 0
3 8 1 0 2 0 0 1
45 8 1 0 1 2 0 0
-45 4 1 0 1 1 1 0
-9 2 1 0 1 1 0 1
9 4 1 0 1 0 2 0
-9 8 1 0 0 3 0 0
3 2 1 0 0 0 1 1
3 2 1 0 0 0 0 2
3 4 0 4 2 0 0 0
-3 4 0 3 2 0 0 0
3 1 0 3 1 1 0 0
-3 2 0 3 1 0 1 0
-3 4 0 3 0 2 0 0
9 8 0 2 3 0 0 0
-27 4 0 2 2 1 0 0
3 2 0 2 1 0 1 0
-5 2 0 2 1 0 0 1
3 4 0 2 0 2 0 0
-3 1 0 2 0 1 1 0
-3 2 0 2 0 1 0 1
3 4 0 2 0 0 2 0
-9 8 0 1 3 0 0 0
-27 8 0 1 2 1 0 0
9 4 0 1 2 0 1 0
27 8 0 1 2 0 0 1
-9 8 0 1 1 2 0 0
9 2 0 1 1 1 1 0
-1 1 0 1 0 1 0 1
3 2 0 1 0 0 2 0
3 2 0 1 0 0 1 1
-1 1 0 1 0 0 0 2
-9 64 0 0 4 0 0 0
135 16 0 0 3 1 0 0
-27 4 0 0 3 0 1 0
-27 8 0 0 2 2 0 0
15 8 0 0 2 0 1 0
-5 4 0 0 2 0 0 1
3 4 0 0 1 2 0 0
-3 4 0 0 1 1 1 0
9 2 0 0 1 1 0 1
-15 4 0 0 1 0 2 0
-9 2 0 0 1 0 1 1
-7 8 0 0 0 3 0 0
15 8 0 0 0 2 1 0
-1 4 0 0 0 0 0 2
89
27 4 3 1 3 0 0 0
-81 16 3 0 4 0 0 0
9 8 3 0 2 1 0 0
-9 8 3 0 2 0 1 0
3 4 2 3 2 0 0 0
-27 8 2 2 3 0 0 0
63 8 2 1 3 0 0 0
-117 8 2 1 2 1 0 0
-27 4 2 0 4 0 0 0
81 8 2 0 3 1 0 0
9 8 2 0 2 1 0 0
-9 8 2 0 2 0 1 0
-63 16 2 0 2 0 0 1
-9 4 2 0 1 2 0 0
9 4 2 0 1 1 1 0
3 4 2 0 0 0 1 1
3 4 2 0 0 0 0 2
3 4 1 3 2 0 0 0
-3 2 1 3 1 1 0 0
-27 2 1 2 3 0 0 0
27 4 1 2 2 1 0 0
-9 2 1 2 1 0 0 1
81 8 1 1 4 0 0 0
9 8 1 1 3 0 0 0
-153 8 1 1 2 1 0 0
63 4 1 1 2 0 1 0
63 8 1 1 2 0 0 1
9 1 1 1 1 2 0 0
-1 1 1 1 0 1 0 1
3 2 1 1 0 0 2 0
3 2 1 1 0 0 1 1
-1 1 1 1 0 0 0 2
-99 32 1 0 4 0 0 0
243 16 1 0 3 1 0 0
-81 8 1 0 3 0 1 0
-81 16 1 0 2 2 0 0
-15 4 1 0 2 0 0 1
-9 4 1 0 1 2 0 0
9 1 1 0 1 1 1 0
33 4 1 0 1 1 0 1
-27 4 1 0 1 0 2 0
-9 2 1 0 1 0 1 1
9 8 1 0 0 3 0 0
-9 8 1 0 0 2 1 0
-1 2 1 0 0 0 0 2
-3 4 0 4 2 0 0 0
27 8 0 3 3 0 0 0
-3 2 0 3 1 1 0 0
3 2 0 3 1 0 1 0
3 2 0 3 1 0 0 1
3 4 0 3 0 2 0 0
-9 2 0 2 3 0 0 0
117 8 0 2 2 1 0 0
-27 4 0 2 2 0 1 0
-27 8 0 2 1 2 0 0
-1 2 0 2 1 0 0 1
3 2 0 2 0 1 1 0
2 1 0 2 0 1 0 1
-3 2 0 2 0 0 2 0
-3 2 0 2 0 0 1 1
27 4 0 1 4 0 0 0
-81 8 0 1 3 1 0 0
-27 8 0 1 2 1 0 0
63 8 0 1 2 0 1 0
3 8 0 1 2 0 0 1
63 8 0 1 1 2 0 0
-27 2 0 1 1 1 1 0
-9 2 0 1 1 1 0 1
9 4 0 1 1 0 2 0
-9 8 0 1 0 3 0 0
3 2 0 1 0 0 1 1
3 2 0 1 0 0 0 2
-81 32 0 0 5 0 0 0
-45 32 0 0 4 0 0 0
45 16 0 0 3 1 0 0
-27 16 0 0 3 0 1 0
-27 16 0 0 3 0 0 1
-27 8 0 0 2 2 0 0
27 8 0 0 2 1 1 0
-5 8 0 0 2 0 0 1
15 4 0 0 1 1 1 0
5 4 0 0 1 1 0 1
-3 2 0 0 1 0 2 0
3 4 0 0 1 0 1 1
-3 2 0 0 1 0 0 2
1 1 0 0 0 3 0 0
-39 8 0 0 0 2 1 0
-15 8 0 0 0 2 0 1
3 1 0 0 0 1 2 0
83
81 16 3 0 4 0 0 0
9 8 3 0 2 0 1 0
9 8 3 0 2 0 0 1
27 8 2 2 3 0 0 0
-81 16 2 1 4 0 0 0
9 8 2 1 2 1 0 0
-9 8 2 1 2 0 1 0
405 64 2 0 4 0 0 0
-189 16 2 0 3 1 0 0
9 8 2 0 2 0 1 0
9 8 2 0 2 0 0 1
-9 4 2 0 1 1 1 0
-9 4 2 0 1 1 0 1
-1 4 2 0 0 0 0 2
27 8 1 2 3 0 0 0
-27 4 1 2 2 1 0 0
-243 16 1 1 4 0 0 0
81 8 1 1 3 1 0 0
9 8 1 1 2 1 0 0
-27 8 1 1 2 0 1 0
-81 8 1 1 2 0 0 1
-9 4 1 1 1 2 0 0
9 4 1 1 1 1 1 0
3 2 1 1 0 0 1 1
3 2 1 1 0 0 0 2
81 32 1 0 5 0 0 0
9 8 1 0 4 0 0 0
-63 4 1 0 3 1 0 0
189 16 1 0 3 0 1 0
27 16 1 0 3 0 0 1
135 16 1 0 2 2 0 0
-9 4 1 0 1 1 1 0
-6 1 1 0 1 1 0 1
9 2 1 0 1 0 2 0
27 4 1 0 1 0 1 1
-3 2 1 0 1 0 0 2
9 8 1 0 0 2 1 0
9 8 1 0 0 2 0 1
-27 8 0 3 3 0 0 0
-3 2 0 3 1 0 0 1
81 16 0 2 4 0 0 0
-63 8 0 2 2 1 0 0
63 8 0 2 2 0 1 0
63 16 0 2 2 0 0 1
27 8 0 2 1 2 0 0
-1 2 0 2 0 1 0 1
3 4 0 2 0 0 2 0
3 4 0 2 0 0 1 1
-1 2 0 2 0 0 0 2
-207 32 0 1 4 0 0 0
351 16 0 1 3 1 0 0
-81 8 0 1 3 0 1 0
-81 16 0 1 2 2 0 0
-9 8 0 1 2 0 1 0
-39 8 0 1 2 0 0 1
-9 4 0 1 1 2 0 0
45 4 0 1 1 1 1 0
21 2 0 1 1 1 0 1
-27 4 0 1 1 0 2 0
-9 2 0 1 1 0 1 1
9 8 0 1 0 3 0 0
-9 8 0 1 0 2 1 0
-1 2 0 1 0 0 0 2
81 16 0 0 5 0 0 0
-81 16 0 0 4 1 0 0
-9 64 0 0 4 0 0 0
-63 16 0 0 3 1 0 0
153 16 0 0 3 0 1 0
81 16 0 0 3 0 0 1
297 32 0 0 2 2 0 0
-27 2 0 0 2 1 1 0
-27 8 0 0 2 1 0 1
27 16 0 0 2 0 2 0
-27 16 0 0 1 3 0 0
-5 4 0 0 1 1 0 1
3 1 0 0 1 0 2 0
6 1 0 0 1 0 1 1
7 4 0 0 1 0 0 2
3 1 0 0 0 2 1 0
29 8 0 0 0 2 0 1
-6 1 0 0 0 1 2 0
-6 1 0 0 0 1 1 1
1 1 0 0 0 0 3 0
69
9 32 3 0 4 0 0 0
-3 8 3 0 2 0 0 1
81 16 2 1 4 0 0 0
9 8 2 1 2 0 1 0
9 8 2 1 2 0 0 1
-81 32 2 0 5 0 0 0
9 16 2 0 4 0 0 0
9 16 2 0 3 1 0 0
-27 16 2 0 3 0 1 0
-3 8 2 0 2 0 0 1
3 4 2 0 1 1 0 1
153 32 1 1 4 0 0 0
-81 8 1 1 3 1 0 0
9 8 1 1 2 0 1 0
15 8 1 1 2 0 0 1
-9 4 1 1 1 1 1 0
-9 4 1 1 1 1 0 1
-1 2 1 1 0 0 0 2
-81 16 1 0 5 0 0 0
81 16 1 0 4 1 0 0
9 32 1 0 4 0 0 0
-45 16 1 0 3 0 1 0
-27 8 1 0 3 0 0 1
-63 32 1 0 2 2 0 0
27 8 1 0 2 1 1 0
3 4 1 0 1 1 0 1
-3 4 1 0 1 0 1 1
-3 8 1 0 0 2 0 1
-81 16 0 2 4 0 0 0
-9 8 0 2 2 0 1 0
-81 16 0 2 2 0 0 1
3 4 0 2 0 0 1 1
3 4 0 2 0 0 0 2
81 32 0 1 5 0 0 0
-9 32 0 1 4 0 0 0
-45 4 0 1 3 1 0 0
189 16 0 1 3 0 1 0
27 16 0 1 3 0 0 1
81 16 0 1 2 2 0 0
3 8 0 1 2 0 0 1
-9 4 0 1 1 1 1 0
-27 4 0 1 1 1 0 1
9 2 0 1 1 0 2 0
27 4 0 1 1 0 1 1
-3 2 0 1 1 0 0 2
9 8 0 1 0 2 1 0
9 8 0 1 0 2 0 1
-81 32 0 0 5 0 0 0
81 8 0 0 4 1 0 0
-81 16 0 0 4 0 1 0
-81 32 0 0 3 2 0 0
-9 16 0 0 3 1 0 0
-9 8 0 0 3 0 1 0
-27 8 0 0 3 0 0 1
-63 32 0 0 2 2 0 0
99 8 0 0 2 1 1 0
135 16 0 0 2 1 0 1
-27 4 0 0 2 0 2 0
-27 8 0 0 2 0 1 1
9 8 0 0 1 3 0 0
-27 16 0 0 1 2 1 0
-3 4 0 0 1 0 1 1
-3 4 0 0 1 0 0 2
-1 1 0 0 0 2 0 1
3 1 0 0 0 1 2 0
27 4 0 0 0 1 1 1
7 4 0 0 0 1 0 2
-2 1 0 0 0 0 3 0
-3 1 0 0 0 0 2 1
53
-9 64 4 0 4 0 0 0
-9 32 3 0 4 0 0 0
9 16 3 0 3 1 0 0
9 32 2 1 4 0 0 0
-3 8 2 1 2 0 0 1
81 32 2 0 5 0 0 0
-9 64 2 0 4 0 0 0
9 8 2 0 3 1 0 0
9 8 2 0 3 0 1 0
27 16 2 0 3 0 0 1
-27 32 2 0 2 2 0 0
9 32 1 1 4 0 0 0
-9 16 1 1 3 1 0 0
-3 8 1 1 2 0 0 1
3 4 1 1 1 1 0 1
81 32 1 0 5 0 0 0
-81 16 1 0 4 1 0 0
9 16 1 0 3 1 0 0
9 8 1 0 3 0 1 0
27 16 1 0 3 0 0 1
-45 32 1 0 2 2 0 0
-9 4 1 0 2 1 1 0
-27 8 1 0 2 1 0 1
9 16 1 0 1 3 0 0
-9 64 0 2 4 0 0 0
3 8 0 2 2 0 0 1
-1 4 0 2 0 0 0 2
-81 32 0 1 5 0 0 0
-9 16 0 1 3 1 0 0
-9 8 0 1 3 0 1 0
-27 8 0 1 3 0 0 1
9 32 0 1 2 2 0 0
3 4 0 1 1 1 0 1
-3 4 0 1 1 0 1 1
-3 8 0 1 0 2 0 1
-81 16 0 0 4 1 0 0
81 16 0 0 4 0 1 0
81 32 0 0 3 2 0 0
-9 16 0 0 2 2 0 0
-9 4 0 0 2 1 1 0
-81 16 0 0 2 1 0 1
9 2 0 0 2 0 2 0
27 4 0 0 2 0 1 1
9 16 0 0 1 3 0 0
9 8 0 0 1 2 1 0
27 16 0 0 1 2 0 1
-9 64 0 0 0 4 0 0
-3 4 0 0 0 1 1 1
-3 4 0 0 0 1 0 2
1 1 0 0 0 0 3 0
3 1 0 0 0 0 2 1
9 4 0 0 0 0 1 2
1 4 0 0 0 0 0 3
