7 10 6
2 1 2 3 1 2 4
b h j k p q z
32
3 2 1 3 0 0 0 0 0
-21 4 1 2 0 0 1 0 0
-3 4 1 1 1 0 0 0 0
6 1 1 1 0 0 2 0 0
3 1 1 1 0 0 0 1 0
3 4 1 0 1 0 1 0 0
-3 4 1 0 0 1 0 0 0
-3 1 1 0 0 0 1 1 0
3 2 0 5 0 0 0 0 0
-21 4 0 4 0 0 1 0 0
-15 4 0 3 1 0 0 0 0
6 1 0 3 0 0 2 0 0
3 1 0 3 0 0 0 1 0
45 4 0 2 1 0 1 0 0
9 4 0 2 0 1 0 0 0
-15 2 0 2 0 0 1 1 0
-39 4 0 1 1 0 2 0 0
-3 2 0 1 1 0 0 1 0
-6 1 0 1 0 1 1 0 0
3 2 0 1 0 0 0 2 0
-8 1 0 1 0 0 0 0 1
-3 4 0 0 2 0 1 0 0
3 2 0 0 1 1 0 0 0
3 1 0 0 1 0 1 1 0
15 4 0 0 0 1 2 0 0
-3 2 0 0 0 1 0 1 0
-9 4 1 0 0 0 3 0 0
-9 4 0 2 0 0 3 0 0
9 2 0 1 0 0 2 1 0
9 4 0 0 1 0 3 0 0
-9 4 0 0 0 0 1 2 0
8 1 0 0 0 0 1 0 1
60
-3 4 2 2 0 0 0 0 0
3 2 2 1 0 0 1 0 0
3 4 2 0 1 0 0 0 0
-3 4 2 0 0 0 2 0 0
-3 2 2 0 0 0 0 1 0
-9 1 1 1 1 0 1 0 0
-9 4 1 1 0 1 0 0 0
9 1 1 1 0 0 1 1 0
-9 4 1 0 2 0 0 0 0
9 2 1 0 1 0 2 0 0
27 4 1 0 1 0 0 1 0
9 2 1 2 1 0 0 0 0
4 1 1 0 0 0 0 0 1
3 4 0 6 0 0 0 0 0
-3 2 0 5 0 0 1 0 0
3 4 0 4 1 0 0 0 0
-3 2 0 4 0 0 2 0 0
-3 4 0 4 0 0 0 1 0
-3 1 0 3 1 0 1 0 0
3 4 0 3 0 1 0 0 0
3 1 0 3 0 0 1 1 0
-27 4 0 2 2 0 0 0 0
9 1 0 2 1 0 2 0 0
45 4 0 2 1 0 0 1 0
-15 4 0 2 0 0 0 2 0
-4 1 0 2 0 0 0 0 1
9 1 0 1 2 0 1 0 0
9 2 0 1 1 1 0 0 0
-15 1 0 1 1 0 1 1 0
-21 4 0 1 0 1 2 0 0
-6 1 0 1 0 1 0 1 0
-8 1 0 1 0 0 1 0 1
3 2 0 0 3 0 0 0 0
-15 4 0 0 2 0 2 0 0
-21 4 0 0 2 0 0 1 0
-3 2 0 0 1 1 1 0 0
6 1 0 0 1 0 0 2 0
-8 1 0 0 1 0 0 0 1
3 4 0 0 0 2 0 0 0
3 1 0 0 0 1 1 1 0
-9 4 1 2 0 0 2 0 0
9 2 1 1 0 0 3 0 0
-9 4 1 0 0 0 4 0 0
-27 4 1 0 0 0 2 1 0
9 2 0 3 0 0 3 0 0
-9 4 0 2 0 0 4 0 0
-27 4 0 2 0 0 2 1 0
-9 1 0 1 1 0 3 0 0
9 2 0 1 0 0 3 1 0
9 4 0 0 1 0 4 0 0
27 4 0 0 1 0 2 1 0
9 2 0 0 0 1 3 0 0
-9 4 0 0 0 0 2 2 0
12 1 0 0 0 0 2 0 1
-9 4 1 2 0 0 0 1 0
-9 2 1 0 0 0 0 2 0
9 2 0 1 0 0 1 2 0
-9 4 0 0 0 0 0 3 0
8 1 0 0 0 0 0 1 1
-5 1 0 0 0 0 0 0 2
88
3 2 2 3 0 0 0 0 0
-15 2 2 2 0 0 1 0 0
-3 4 2 1 1 0 0 0 0
21 2 2 1 0 0 2 0 0
3 1 2 1 0 0 0 1 0
3 1 2 0 1 0 1 0 0
-3 4 2 0 0 1 0 0 0
-15 2 2 0 0 0 1 1 0
3 2 1 5 0 0 0 0 0
-15 2 1 4 0 0 1 0 0
-3 2 1 3 1 0 0 0 0
21 2 1 3 0 0 2 0 0
3 1 1 3 0 0 0 1 0
9 2 1 2 0 1 0 0 0
-15 1 1 2 0 0 1 1 0
-69 4 1 1 1 0 2 0 0
3 2 1 1 1 0 0 1 0
-33 2 1 1 0 1 1 0 0
3 1 1 1 0 0 0 2 0
-8 1 1 1 0 0 0 0 1
-6 1 1 0 2 0 1 0 0
-3 2 1 0 1 1 0 0 0
15 1 1 0 1 0 1 1 0
39 4 1 0 0 1 2 0 0
3 2 1 0 0 1 0 1 0
-9 2 2 0 0 0 3 0 0
27 2 1 2 1 0 1 0 0
-21 4 1 2 0 0 3 0 0
18 1 1 1 0 0 2 1 0
21 4 1 0 1 0 3 0 0
-27 2 1 0 0 0 1 2 0
20 1 1 0 0 0 1 0 1
9 4 0 5 1 0 0 0 0
-9 2 0 4 1 0 1 0 0
9 4 0 4 0 1 0 0 0
-9 2 0 3 2 0 0 0 0
9 4 0 3 1 0 2 0 0
9 2 0 3 1 0 0 1 0
-9 2 0 3 0 1 1 0 0
9 2 0 2 2 0 1 0 0
-9 2 0 2 1 1 0 0 0
9 1 0 2 1 0 1 1 0
9 4 0 2 0 1 2 0 0
9 2 0 2 0 1 0 1 0
-4 1 0 2 0 0 1 0 1
-3 2 0 1 3 0 0 0 0
9 1 0 1 1 1 1 0 0
3 2 0 1 1 0 0 2 0
-8 1 0 1 1 0 0 0 1
9 2 0 1 0 2 0 0 0
-15 1 0 1 0 1 1 1 0
-8 1 0 1 0 0 0 1 1
-10 1 0 1 0 0 0 0 2
3 1 0 0 3 0 1 0 0
9 2 0 0 2 1 0 0 0
-15 2 0 0 2 0 1 1 0
-3 1 0 0 1 1 2 0 0
-6 1 0 0 1 1 0 1 0
-8 1 0 0 1 0 1 0 1
-3 1 0 0 0 2 1 0 0
3 2 0 0 0 1 0 2 0
-8 1 0 0 0 1 0 0 1
3 2 1 1 0 0 4 0 0
-3 4 1 0 0 0 5 0 0
-6 1 1 0 0 0 3 1 0
-3 4 0 4 0 0 3 0 0
3 2 0 3 0 0 4 0 0
9 4 0 2 1 0 3 0 0
-3 4 0 2 0 0 5 0 0
-6 1 0 2 0 0 3 1 0
-3 1 0 1 1 0 4 0 0
-3 2 0 1 0 1 3 0 0
3 2 0 1 0 0 4 1 0
-3 4 0 0 2 0 3 0 0
3 4 0 0 1 0 5 0 0
6 1 0 0 1 0 3 1 0
3 2 0 0 0 1 4 0 0
-3 4 0 0 0 0 3 2 0
4 1 0 0 0 0 3 0 1
-9 2 0 4 0 0 1 1 0
9 1 0 3 0 0 2 1 0
-9 1 0 2 0 0 1 2 0
-18 1 0 1 1 0 2 1 0
9 1 0 1 0 0 2 2 0
9 1 0 0 1 0 1 2 0
9 1 0 0 0 1 2 1 0
-9 2 0 0 0 0 1 3 0
24 1 0 0 0 0 1 1 1
148
9 8 2 2 1 0 0 0 0
-9 4 2 1 1 0 1 0 0
-9 4 2 1 0 1 0 0 0
-9 16 2 0 2 0 0 0 0
27 8 2 0 1 0 2 0 0
9 4 2 0 1 0 0 1 0
-3 4 3 2 0 0 0 0 0
3 2 3 1 0 0 1 0 0
3 4 3 0 1 0 0 0 0
-3 4 3 0 0 0 2 0 0
-3 2 3 0 0 0 0 1 0
4 1 2 0 0 0 0 0 1
33 8 1 6 0 0 0 0 0
-15 1 1 5 0 0 1 0 0
-51 4 1 4 1 0 0 0 0
33 2 1 4 0 0 2 0 0
21 2 1 4 0 0 0 1 0
75 2 1 3 1 0 1 0 0
39 4 1 3 0 1 0 0 0
-105 4 1 3 0 0 1 1 0
9 1 1 2 2 0 0 0 0
-225 8 1 2 1 0 2 0 0
-63 4 1 2 1 0 0 1 0
-99 4 1 2 0 1 1 0 0
27 16 2 4 0 0 0 0 0
-27 4 2 3 0 0 1 0 0
45 8 2 2 0 0 2 0 0
9 4 2 2 0 0 0 1 0
57 8 1 2 0 0 0 2 0
-16 1 1 2 0 0 0 0 1
-63 4 1 1 2 0 1 0 0
-9 4 1 1 1 1 0 0 0
105 4 1 1 1 0 1 1 0
12 1 1 1 0 1 2 0 0
6 1 1 1 0 1 0 1 0
9 4 2 1 0 0 3 0 0
-9 2 1 3 0 0 3 0 0
45 4 1 2 0 0 2 1 0
9 4 1 1 1 0 3 0 0
-27 4 1 1 0 0 1 2 0
16 1 1 1 0 0 1 0 1
-21 8 1 0 3 0 0 0 0
3 2 1 0 2 0 2 0 0
15 2 1 0 2 0 0 1 0
-3 4 1 0 1 1 1 0 0
-21 8 1 0 1 0 0 2 0
4 1 1 0 1 0 0 0 1
-3 4 1 0 0 2 0 0 0
-3 1 1 0 0 1 1 1 0
-45 16 2 0 0 0 4 0 0
-27 4 2 0 0 0 2 1 0
-9 8 1 2 0 0 4 0 0
27 4 1 1 0 0 3 1 0
9 8 1 0 1 0 4 0 0
9 4 1 0 0 1 3 0 0
-63 8 1 0 0 0 2 2 0
12 1 1 0 0 0 2 0 1
-9 4 2 0 0 0 0 2 0
-9 4 1 0 0 0 0 3 0
-4 1 1 0 0 0 0 1 1
-5 1 1 0 0 0 0 0 2
9 1 0 5 0 1 0 0 0
333 16 0 4 2 0 0 0 0
-99 4 0 4 0 1 1 0 0
27 16 0 8 0 0 0 0 0
-27 4 0 7 0 0 1 0 0
-81 8 0 6 1 0 0 0 0
81 8 0 6 0 0 2 0 0
27 4 0 6 0 0 0 1 0
135 4 0 5 1 0 1 0 0
-81 4 0 5 0 0 1 1 0
-81 2 0 4 1 0 2 0 0
-27 1 0 4 1 0 0 1 0
63 8 0 4 0 0 0 2 0
-12 1 0 4 0 0 0 0 1
-207 4 0 3 2 0 1 0 0
-99 4 0 3 1 1 0 0 0
45 2 0 3 0 1 2 0 0
18 1 0 3 0 1 0 1 0
-27 4 0 5 0 0 3 0 0
18 1 0 4 0 0 2 1 0
81 4 0 3 1 0 3 0 0
243 4 0 3 1 0 1 1 0
-63 4 0 3 0 0 1 2 0
24 1 0 3 0 0 1 0 1
-123 8 0 2 3 0 0 0 0
171 4 0 2 2 0 2 0 0
63 2 0 2 2 0 0 1 0
207 4 0 2 1 1 1 0 0
-135 8 0 2 1 0 0 2 0
36 1 0 2 1 0 0 0 1
9 1 0 2 0 2 0 0 0
-63 2 0 2 0 1 1 1 0
27 16 0 4 0 0 4 0 0
-9 4 0 3 0 0 3 1 0
-27 8 0 2 1 0 4 0 0
-135 4 0 2 1 0 2 1 0
-27 4 0 2 0 1 3 0 0
27 8 0 2 0 0 2 2 0
-12 1 0 2 0 0 2 0 1
9 4 0 2 0 0 0 3 0
-28 1 0 2 0 0 0 1 1
-5 1 0 2 0 0 0 0 2
39 2 0 1 3 0 1 0 0
-153 4 0 1 2 0 1 1 0
-27 2 0 1 2 0 3 0 0
-135 4 0 1 1 1 2 0 0
-56 1 0 1 1 0 1 0 1
27 4 0 1 2 1 0 0 0
-27 2 0 1 1 1 0 1 0
-27 2 0 1 0 2 1 0 0
15 4 0 1 0 1 0 2 0
-32 1 0 1 0 1 0 0 1
-9 4 0 1 1 0 3 1 0
9 1 0 1 0 1 2 1 0
-9 4 0 1 0 0 1 3 0
24 1 0 1 0 0 1 1 1
39 16 0 0 4 0 0 0 0
-33 8 0 0 3 0 2 0 0
-33 4 0 0 3 0 0 1 0
-9 4 0 0 2 1 1 0 0
69 8 0 0 2 0 0 2 0
-16 1 0 0 2 0 0 0 1
9 2 0 0 1 2 0 0 0
15 2 0 0 1 1 1 1 0
27 16 0 0 2 0 4 0 0
9 2 0 0 2 0 2 1 0
27 4 0 0 1 1 3 0 0
27 8 0 0 1 0 2 2 0
12 1 0 0 1 0 2 0 1
-9 4 0 0 1 0 0 3 0
16 1 0 0 1 0 0 1 1
-10 1 0 0 1 0 0 0 2
21 4 0 0 0 2 2 0 0
-3 1 0 0 0 2 0 1 0
-9 4 0 0 0 1 1 2 0
16 1 0 0 0 1 1 0 1
-9 16 0 0 0 0 0 4 0
16 1 0 0 0 0 0 0 2
9 4 1 0 1 0 2 1 0
-9 4 1 0 0 0 4 1 0
-9 4 0 2 0 0 4 1 0
9 2 0 1 0 0 3 2 0
9 4 0 0 1 0 4 1 0
9 2 0 0 0 1 3 1 0
-9 4 0 0 0 0 2 3 0
12 1 0 0 0 0 2 1 1
18 1 0 1 1 0 1 2 0
213
-45 4 2 3 1 0 0 0 0
171 4 2 2 1 0 1 0 0
-9 2 2 2 0 1 0 0 0
-267 2 2 2 0 0 1 1 0
-48 1 2 1 1 0 2 0 0
-24 1 2 1 1 0 0 1 0
3 1 2 1 0 1 1 0 0
42 1 2 1 0 0 0 2 0
-21 4 2 0 2 0 1 0 0
15 4 2 0 1 1 0 0 0
30 1 2 0 1 0 1 1 0
-3 4 2 0 0 1 2 0 0
-21 2 2 0 0 1 0 1 0
-9 4 3 2 0 0 1 0 0
9 2 3 1 0 0 2 0 0
9 4 3 0 1 0 1 0 0
-9 4 3 0 0 0 3 0 0
-9 2 3 0 0 0 1 1 0
-225 4 2 4 0 0 1 0 0
477 4 2 3 0 0 2 0 0
-501 4 2 2 0 0 3 0 0
144 1 2 1 0 0 2 1 0
69 4 2 0 1 0 3 0 0
-189 4 2 0 0 0 1 2 0
12 1 2 0 0 0 1 0 1
-261 4 1 5 1 0 0 0 0
585 2 1 4 1 0 1 0 0
117 4 1 4 0 1 0 0 0
36 1 1 3 2 0 0 0 0
-2043 4 1 3 1 0 2 0 0
-315 2 1 3 1 0 0 1 0
-279 2 1 3 0 1 1 0 0
-207 2 1 2 2 0 1 0 0
855 2 1 2 1 0 1 1 0
477 2 1 2 0 1 2 0 0
45 1 1 2 0 1 0 1 0
-108 1 1 6 0 0 1 0 0
459 2 1 5 0 0 2 0 0
-489 2 1 4 0 0 3 0 0
-306 1 1 4 0 0 1 1 0
423 1 1 3 0 0 2 1 0
873 2 1 2 1 0 3 0 0
-999 4 1 2 0 0 1 2 0
332 1 1 2 0 0 1 0 1
-3 4 1 1 3 0 0 0 0
27 8 2 1 2 0 0 0 0
189 2 1 1 2 0 2 0 0
27 1 1 1 2 0 0 1 0
-27 2 1 1 1 1 1 0 0
-129 2 1 1 1 0 0 2 0
64 1 1 1 1 0 0 0 1
-9 1 1 1 0 2 0 0 0
-231 2 1 1 0 1 1 1 0
537 8 2 1 0 0 4 0 0
525 4 1 3 0 0 4 0 0
-255 1 1 2 0 0 3 1 0
-363 2 1 1 1 0 4 0 0
-360 1 1 1 1 0 2 1 0
-357 2 1 1 0 1 3 0 0
711 4 1 1 0 0 2 2 0
-348 1 1 1 0 0 2 0 1
-224 1 1 1 0 0 0 1 1
-10 1 1 1 0 0 0 0 2
3 2 1 0 3 0 1 0 0
-18 1 1 0 2 1 0 0 0
-75 2 1 0 2 0 1 1 0
-3 2 1 0 1 1 2 0 0
51 1 1 0 1 1 0 1 0
-57 2 1 0 2 0 3 0 0
351 4 1 0 1 0 1 2 0
-56 1 1 0 1 0 1 0 1
15 2 1 0 0 2 1 0 0
-123 4 1 0 0 1 0 2 0
28 1 1 0 0 1 0 0 1
-15 1 2 0 0 0 5 0 0
-105 2 2 0 0 0 3 1 0
-57 2 1 2 0 0 5 0 0
57 1 1 1 0 0 4 1 0
57 2 1 0 1 0 5 0 0
93 1 1 0 1 0 3 1 0
201 4 1 0 0 1 4 0 0
-123 4 1 0 0 0 3 2 0
128 1 1 0 0 0 3 0 1
72 1 1 0 0 1 2 1 0
-54 1 1 0 0 0 1 3 0
216 1 1 0 0 0 1 1 1
-279 4 0 4 1 1 0 0 0
-54 1 0 8 0 0 1 0 0
459 4 0 7 0 0 2 0 0
513 2 0 6 1 0 1 0 0
-351 2 0 6 0 0 1 1 0
-945 2 0 5 1 0 2 0 0
-297 2 0 5 0 1 1 0 0
567 2 0 5 0 0 2 1 0
-324 1 0 4 2 0 1 0 0
837 2 0 4 1 0 3 0 0
999 2 0 4 1 0 1 1 0
-819 4 0 4 0 0 1 2 0
336 1 0 4 0 0 1 0 1
-51 4 0 3 3 0 0 0 0
603 2 0 3 1 1 1 0 0
-54 1 0 7 1 0 0 0 0
621 8 0 5 2 0 0 0 0
-135 1 0 5 1 0 0 1 0
999 2 0 3 2 0 2 0 0
81 1 0 3 2 0 0 1 0
-108 1 0 3 1 0 0 2 0
288 1 0 3 1 0 0 0 1
513 8 0 5 0 0 4 0 0
-405 2 0 4 0 0 3 1 0
-351 2 0 3 1 0 4 0 0
-648 1 0 3 1 0 2 1 0
-351 2 0 3 0 1 3 0 0
909 4 0 3 0 0 2 2 0
-348 1 0 3 0 0 2 0 1
105 2 0 2 3 0 1 0 0
-45 1 0 2 2 1 0 0 0
-441 1 0 2 1 1 2 0 0
36 1 0 2 1 1 0 1 0
-351 1 0 2 2 0 3 0 0
1161 4 0 2 1 0 1 2 0
-720 1 0 2 1 0 1 0 1
135 4 0 6 0 1 0 0 0
54 1 0 4 0 1 0 1 0
27 1 0 3 0 2 0 0 0
-405 2 0 3 0 1 1 1 0
-189 2 0 2 0 2 1 0 0
27 4 0 2 0 1 0 2 0
-180 1 0 2 0 1 0 0 1
-27 2 0 4 0 0 5 0 0
54 1 0 3 0 0 4 1 0
27 1 0 2 1 0 5 0 0
675 2 0 2 1 0 3 1 0
189 4 0 2 0 1 4 0 0
-333 4 0 2 0 0 3 2 0
120 1 0 2 0 0 3 0 1
-99 1 0 2 0 0 1 3 0
456 1 0 2 0 0 1 1 1
-39 8 0 1 4 0 0 0 0
-213 4 0 1 3 0 2 0 0
3 2 0 1 3 0 0 1 0
81 2 0 1 2 1 1 0 0
81 4 0 1 2 0 0 2 0
-36 1 0 1 2 0 0 0 1
63 2 0 1 1 2 0 0 0
18 1 0 1 1 1 1 1 0
891 8 0 1 2 0 4 0 0
405 2 0 1 2 0 2 1 0
513 2 0 1 1 1 3 0 0
-423 2 0 1 1 0 2 2 0
552 1 0 1 1 0 2 0 1
-27 1 0 1 1 0 0 3 0
136 1 0 1 1 0 0 1 1
-10 1 0 1 1 0 0 0 2
108 1 0 1 0 2 2 0 0
-117 2 0 1 0 1 1 2 0
376 1 0 1 0 1 1 0 1
81 2 2 3 0 0 0 1 0
81 4 1 7 0 0 0 0 0
81 1 1 5 0 0 0 1 0
405 4 1 3 0 0 0 2 0
81 2 0 7 0 0 0 1 0
81 2 1 1 0 0 0 3 0
243 4 0 5 0 0 0 2 0
81 2 0 3 0 0 0 3 0
-108 1 1 3 0 0 0 0 1
-108 1 0 5 0 0 0 0 1
-216 1 0 3 0 0 0 1 1
-108 1 0 1 0 0 0 2 1
81 8 2 5 0 0 0 0 0
81 8 0 9 0 0 0 0 0
81 8 0 1 0 0 0 4 0
288 1 0 1 0 0 0 0 2
243 1 0 2 0 1 2 1 0
-54 1 0 1 1 0 4 1 0
-189 2 0 1 0 1 3 1 0
117 2 0 1 0 0 2 3 0
-240 1 0 1 0 0 2 1 1
3 2 0 0 4 0 1 0 0
33 2 0 0 3 1 0 0 0
12 1 0 0 3 0 1 1 0
9 2 0 0 2 1 2 0 0
-45 1 0 0 2 1 0 1 0
27 2 0 0 3 0 3 0 0
-171 4 0 0 2 0 1 2 0
44 1 0 0 2 0 1 0 1
27 2 1 2 1 1 0 0 0
-27 1 0 0 1 2 1 0 0
42 1 0 0 1 1 0 2 0
-80 1 0 0 1 1 0 0 1
-27 2 0 0 2 0 5 0 0
-81 2 0 0 2 0 3 1 0
-189 4 0 0 1 1 4 0 0
117 4 0 0 1 0 3 2 0
-120 1 0 0 1 0 3 0 1
-243 1 0 2 2 0 1 1 0
-54 1 0 0 1 1 2 1 0
45 1 0 0 1 0 1 3 0
-168 1 0 0 1 0 1 1 1
3 2 0 0 0 3 0 0 0
24 1 0 0 0 2 1 1 0
-81 2 0 0 0 2 3 0 0
207 4 0 0 0 1 2 2 0
-204 1 0 0 0 1 2 0 1
-27 1 0 1 0 2 0 1 0
-27 2 0 0 0 1 0 3 0
64 1 0 0 0 1 0 1 1
-10 1 0 0 0 1 0 0 2
-243 2 0 6 0 0 3 0 0
243 1 0 4 0 1 2 0 0
132 1 0 0 0 0 1 2 1
-63 4 0 0 0 0 1 4 0
-256 1 0 0 0 0 1 0 2
342
-9 2 2 3 0 1 0 0 0
-963 16 2 2 2 0 0 0 0
9 4 2 2 0 1 1 0 0
-27 8 3 4 0 0 0 0 0
27 2 3 3 0 0 1 0 0
27 4 3 2 1 0 0 0 0
-45 2 3 2 0 0 2 0 0
-63 4 3 2 0 0 0 1 0
-351 16 2 6 0 0 0 0 0
513 4 2 5 0 0 1 0 0
135 2 2 4 1 0 0 0 0
-1305 4 2 4 0 0 2 0 0
-207 2 2 4 0 0 0 1 0
-513 2 2 3 1 0 1 0 0
819 2 2 3 0 0 1 1 0
3051 8 2 2 1 0 2 0 0
405 2 2 2 1 0 0 1 0
-150 1 2 2 0 0 0 2 0
42 1 2 2 0 0 0 0 1
441 4 2 1 2 0 1 0 0
-384 1 2 1 1 0 1 1 0
15 4 2 1 0 1 2 0 0
-15 1 2 1 0 1 0 1 0
-27 2 3 1 1 0 1 0 0
18 1 3 1 0 0 3 0 0
63 2 3 1 0 0 1 1 0
1827 4 2 3 0 0 3 0 0
-639 1 2 2 0 0 2 1 0
-1035 4 2 1 1 0 3 0 0
621 2 2 1 0 0 1 2 0
-84 1 2 1 0 0 1 0 1
129 8 2 0 3 0 0 0 0
-417 8 2 0 2 0 2 0 0
-327 4 2 0 2 0 0 1 0
3 4 2 0 1 1 1 0 0
-27 8 3 0 2 0 0 0 0
9 1 3 0 1 0 2 0 0
63 4 3 0 1 0 0 1 0
27 4 2 1 1 1 0 0 0
132 1 2 0 1 0 0 2 0
-42 1 2 0 1 0 0 0 1
-3 2 2 0 0 2 0 0 0
-6 1 2 0 0 1 1 1 0
-45 8 3 0 0 0 4 0 0
-81 4 3 0 0 0 2 1 0
-5895 16 2 2 0 0 4 0 0
459 1 2 1 0 0 3 1 0
531 8 2 0 1 0 4 0 0
-9 4 2 0 0 1 3 0 0
-657 4 2 0 0 0 2 2 0
54 1 2 0 0 0 2 0 1
-18 1 3 0 0 0 0 2 0
-261 4 2 0 0 0 0 3 0
96 1 2 0 0 0 0 1 1
-117 2 1 5 0 1 0 0 0
-1899 8 1 4 2 0 0 0 0
1251 4 1 4 0 1 1 0 0
-135 4 1 8 0 0 0 0 0
216 1 1 7 0 0 1 0 0
162 1 1 6 1 0 0 0 0
-2349 4 1 6 0 0 2 0 0
-1647 2 1 5 1 0 1 0 0
14067 8 1 4 1 0 2 0 0
-2223 8 1 4 0 0 0 2 0
204 1 1 4 0 0 0 0 1
3195 4 1 3 2 0 1 0 0
387 4 1 3 1 1 0 0 0
-2853 4 1 3 0 1 2 0 0
-315 2 1 3 0 1 0 1 0
864 1 1 5 0 0 3 0 0
-2979 2 1 4 0 0 2 1 0
3573 4 1 3 0 0 1 2 0
-840 1 1 3 0 0 1 0 1
1011 8 1 2 3 0 0 0 0
-4041 4 1 2 2 0 2 0 0
-963 2 1 2 2 0 0 1 0
-1035 4 1 2 1 1 1 0 0
4509 8 1 2 1 0 0 2 0
-396 1 1 2 1 0 0 0 1
45 4 1 2 0 2 0 0 0
1017 2 1 2 0 1 1 1 0
-2889 4 1 4 0 0 4 0 0
10341 8 1 2 1 0 4 0 0
837 1 1 2 0 1 3 0 0
1362 1 1 2 0 0 2 0 1
-411 2 1 2 0 0 0 3 0
524 1 1 2 0 0 0 1 1
-35 1 1 2 0 0 0 0 2
-813 4 1 1 3 0 1 0 0
-63 2 1 1 2 1 0 0 0
1557 2 1 1 2 0 1 1 0
567 1 1 1 2 0 3 0 0
513 2 1 1 1 1 2 0 0
-3663 4 1 1 1 0 1 2 0
772 1 1 1 1 0 1 0 1
-45 1 1 1 0 2 1 0 0
-321 4 1 1 0 1 0 2 0
40 1 1 1 0 1 0 0 1
-2547 2 1 1 1 0 3 1 0
-1179 2 1 1 0 1 2 1 0
669 2 1 1 0 0 1 3 0
-1188 1 1 1 0 0 1 1 1
-183 8 1 0 4 0 0 0 0
321 4 1 0 3 0 2 0 0
120 1 1 0 3 0 0 1 0
27 4 1 0 2 1 1 0 0
-903 4 1 0 2 0 0 2 0
146 1 1 0 2 0 0 0 1
-9 2 1 0 1 2 0 0 0
-87 2 1 0 1 1 1 1 0
-945 8 1 0 2 0 4 0 0
-315 1 1 0 2 0 2 1 0
-189 2 1 0 1 1 3 0 0
741 4 1 0 1 0 0 3 0
-428 1 1 0 1 0 0 1 1
20 1 1 0 1 0 0 0 2
33 1 1 0 0 2 2 0 0
12 1 1 0 0 2 0 1 0
171 4 1 0 0 1 1 2 0
16 1 1 0 0 1 1 0 1
270 1 1 0 0 0 0 2 1
-453 8 1 0 0 0 0 4 0
-128 1 1 0 0 0 0 0 2
747 4 2 0 1 0 2 1 0
-126 1 2 0 0 0 4 1 0
5679 4 1 3 0 0 3 1 0
-666 1 1 2 0 0 4 1 0
-8289 8 1 2 0 0 2 2 0
963 2 1 1 0 0 3 2 0
495 2 1 0 1 0 4 1 0
378 1 1 0 1 0 2 2 0
477 2 1 0 0 1 3 1 0
-561 4 1 0 0 0 2 3 0
660 1 1 0 0 0 2 1 1
-372 1 1 0 1 0 2 0 1
-153 4 0 4 0 2 0 0 0
-297 4 0 8 0 0 0 1 0
1593 4 0 7 0 0 1 1 0
729 2 0 6 1 0 0 1 0
-3483 4 0 6 0 0 2 1 0
-1161 8 0 6 0 0 0 2 0
-6237 4 0 5 1 0 1 1 0
-297 2 0 5 0 1 0 1 0
2349 4 0 5 0 0 1 2 0
-1107 2 0 4 2 0 0 1 0
2673 1 0 4 1 0 2 1 0
3915 8 0 4 1 0 0 2 0
621 1 0 4 0 1 1 1 0
-285 2 0 4 0 0 0 3 0
444 1 0 4 0 0 0 1 1
-531 4 0 3 2 1 0 0 0
-1161 2 0 7 1 0 1 0 0
2781 2 0 6 1 0 2 0 0
2079 2 0 5 2 0 1 0 0
-7047 4 0 5 1 0 3 0 0
-15741 8 0 4 2 0 2 0 0
-1755 2 0 4 1 1 1 0 0
-2403 4 0 3 3 0 1 0 0
1944 1 0 3 2 0 3 0 0
6453 4 0 3 2 0 1 1 0
6669 4 0 3 1 1 2 0 0
-5535 4 0 3 1 0 1 2 0
2124 1 0 3 1 0 1 0 1
423 2 0 3 0 2 1 0 0
-54 1 0 7 0 1 0 0 0
621 2 0 6 0 1 1 0 0
189 1 0 5 1 1 0 0 0
-2889 4 0 5 0 1 2 0 0
567 2 0 3 1 1 0 1 0
-135 1 0 3 0 1 0 2 0
288 1 0 3 0 1 0 0 1
3105 4 1 5 0 0 1 1 0
3861 4 0 5 0 0 3 1 0
-7371 8 0 4 0 0 2 2 0
-8991 4 0 3 1 0 3 1 0
1545 4 0 3 0 0 1 3 0
-1428 1 0 3 0 0 1 1 1
639 2 0 2 2 1 1 0 0
-27 2 0 2 1 2 0 0 0
-4023 2 1 3 1 0 3 0 0
2457 2 0 4 1 0 4 0 0
5373 8 0 2 3 0 2 0 0
-16551 16 0 2 2 0 4 0 0
-6993 4 0 2 2 0 2 1 0
11367 8 0 2 1 0 2 2 0
-2808 1 0 2 1 0 2 0 1
-7371 4 1 3 1 0 1 1 0
1215 4 0 2 3 0 0 1 0
-3591 8 0 2 2 0 0 2 0
-702 1 0 2 1 1 1 1 0
585 2 0 2 1 0 0 3 0
-900 1 0 2 1 0 0 1 1
-1665 4 0 2 0 2 2 0 0
-9 1 0 2 0 2 0 1 0
675 2 0 2 0 1 1 2 0
-1080 1 0 2 0 1 1 0 1
-162 1 1 6 0 0 0 1 0
405 4 0 9 0 0 1 0 0
2187 4 1 4 1 0 0 1 0
405 4 0 8 1 0 0 0 0
-567 2 0 8 0 0 2 0 0
1701 4 0 7 0 0 3 0 0
-3645 16 0 6 2 0 0 0 0
405 2 0 4 3 0 0 0 0
162 1 0 6 0 0 0 0 1
-756 1 0 5 0 0 1 0 1
-594 1 0 4 1 0 0 0 1
1320 1 0 4 0 0 2 0 1
486 1 0 2 2 0 0 0 1
402 1 0 2 0 0 0 2 1
-243 16 0 10 0 0 0 0 0
-5751 16 0 6 0 0 4 0 0
-1215 16 0 2 4 0 0 0 0
-1131 16 0 2 0 0 0 4 0
-432 1 0 2 0 0 0 0 2
2322 1 1 2 1 0 2 1 0
-540 1 0 4 0 0 4 1 0
1323 2 0 3 0 0 3 2 0
891 1 0 2 1 0 4 1 0
783 1 0 2 0 1 3 1 0
-1461 4 0 2 0 0 2 3 0
1572 1 0 2 0 0 2 1 1
45 2 0 1 3 1 0 0 0
-288 1 0 1 2 1 2 0 0
-90 1 0 1 2 1 0 1 0
108 1 0 1 4 0 1 0 0
-1323 4 0 1 3 0 3 0 0
-432 1 0 1 3 0 1 1 0
1269 2 0 1 2 0 1 2 0
-792 1 0 1 2 0 1 0 1
36 1 0 1 1 2 1 0 0
108 1 1 1 1 1 0 1 0
108 1 0 1 1 1 0 2 0
-144 1 0 1 1 1 0 0 1
-1755 4 1 1 1 0 5 0 0
-1755 4 0 3 1 0 5 0 0
1107 4 0 1 2 0 5 0 0
810 1 0 1 2 0 3 1 0
2835 4 0 1 1 1 4 0 0
-2349 4 0 1 1 0 3 2 0
1572 1 0 1 1 0 3 0 1
-408 1 0 1 1 0 1 3 0
1488 1 0 1 1 0 1 1 1
33 2 0 1 0 3 0 0 0
9 1 0 1 0 2 1 1 0
-1971 4 1 1 0 1 4 0 0
-1971 4 0 3 0 1 4 0 0
-6291 4 0 2 1 1 3 0 0
351 1 0 1 0 2 3 0 0
-1269 4 0 1 0 1 2 2 0
1344 1 0 1 0 1 2 0 1
-1026 1 0 3 0 1 2 1 0
-42 1 0 1 0 1 0 3 0
160 1 0 1 0 1 0 1 1
-70 1 0 1 0 1 0 0 2
324 1 1 3 0 0 5 0 0
3375 4 0 4 0 1 3 0 0
-1020 1 1 1 0 0 3 0 1
-1020 1 0 3 0 0 3 0 1
-672 1 0 1 0 0 1 2 1
162 1 2 1 0 0 5 0 0
162 1 0 5 0 0 5 0 0
96 1 0 1 0 0 1 4 0
1152 1 0 1 0 0 1 0 2
-9 1 0 0 3 1 1 0 0
45 4 0 0 2 2 0 0 0
99 2 0 0 2 1 1 1 0
-297 8 0 0 4 0 2 0 0
459 8 0 0 3 0 4 0 0
297 2 0 0 3 0 2 1 0
405 4 0 0 2 1 3 0 0
-216 1 0 0 2 0 2 2 0
330 1 0 0 2 0 2 0 1
-54 1 0 0 4 0 0 1 0
459 4 0 0 3 0 0 2 0
-489 4 0 0 2 0 0 3 0
332 1 0 0 2 0 0 1 1
-35 1 0 0 2 0 0 0 2
-45 2 0 0 1 2 2 0 0
-18 1 0 0 1 2 0 1 0
-135 2 0 0 1 1 1 2 0
64 1 0 0 1 1 1 0 1
-108 1 0 0 3 0 0 0 1
-348 1 0 0 1 0 0 2 1
81 8 0 0 5 0 0 0 0
525 8 0 0 1 0 0 4 0
288 1 0 0 1 0 0 0 2
-243 2 0 0 2 0 4 1 0
-459 2 0 0 1 1 3 1 0
543 4 0 0 1 0 2 3 0
-636 1 0 0 1 0 2 1 1
-15 1 0 0 0 3 1 0 0
15 2 0 0 0 2 0 2 0
-40 1 0 0 0 2 0 0 1
459 4 1 0 0 1 5 0 0
459 4 0 2 0 1 5 0 0
-459 2 0 1 0 1 4 1 0
-459 4 0 0 1 1 5 0 0
-108 1 0 0 0 2 4 0 0
459 4 0 0 0 1 3 2 0
-552 1 0 0 0 1 3 0 1
57 2 0 0 0 1 1 3 0
-96 1 0 0 0 1 1 1 1
-243 4 1 2 0 0 6 0 0
243 2 1 1 0 0 5 1 0
243 2 0 3 0 0 5 1 0
243 4 1 0 1 0 6 0 0
243 4 0 2 1 0 6 0 0
-243 2 0 1 1 0 5 1 0
648 1 0 1 1 1 2 1 0
-243 4 1 0 0 0 4 2 0
-729 4 0 2 0 0 4 2 0
243 2 0 1 0 0 3 3 0
243 4 0 0 1 0 4 2 0
294 1 1 0 0 0 4 0 1
294 1 0 2 0 0 4 0 1
-588 1 0 1 0 0 3 1 1
-294 1 0 0 1 0 4 0 1
294 1 0 0 0 0 2 2 1
-243 8 2 0 0 0 6 0 0
-243 8 0 4 0 0 6 0 0
-243 8 0 0 2 0 6 0 0
-243 8 0 0 0 0 2 4 0
-704 1 0 0 0 0 2 0 2
124 1 0 0 0 0 0 3 1
-57 4 0 0 0 0 0 5 0
-256 1 0 0 0 0 0 1 2
60 1 1 1 0 0 1 0 2
-30 1 1 0 0 0 2 0 2
-60 1 1 0 0 0 0 1 2
-30 1 0 4 0 0 0 0 2
60 1 0 3 0 0 1 0 2
90 1 0 2 1 0 0 0 2
-30 1 0 2 0 0 2 0 2
-60 1 0 2 0 0 0 1 2
-120 1 0 1 1 0 1 0 2
60 1 0 1 0 0 1 1 2
30 1 0 0 1 0 2 0 2
60 1 0 0 1 0 0 1 2
60 1 0 0 0 1 1 0 2
-30 1 0 0 0 0 0 2 2
160 1 0 0 0 0 0 0 3
482
-171 4 2 2 1 1 0 0 0
-459 4 3 4 0 0 1 0 0
513 2 3 3 0 0 2 0 0
243 2 3 2 1 0 1 0 0
-1137 4 3 2 0 0 3 0 0
-288 1 3 2 0 0 1 1 0
-1485 4 2 6 0 0 1 0 0
3753 4 2 5 0 0 2 0 0
2133 2 2 4 1 0 1 0 0
-2553 2 2 4 0 0 3 0 0
-5175 4 2 4 0 0 1 1 0
-4023 2 2 3 1 0 2 0 0
-1485 4 2 3 0 1 1 0 0
2277 1 2 3 0 0 2 1 0
-2619 4 2 2 2 0 1 0 0
7407 4 2 2 1 0 3 0 0
4023 2 2 2 1 0 1 1 0
1269 2 2 2 0 1 2 0 0
-5427 4 2 2 0 0 1 2 0
768 1 2 2 0 0 1 0 1
-399 8 2 1 3 0 0 0 0
531 4 2 1 1 1 1 0 0
-135 4 3 3 1 0 0 0 0
27 2 3 1 2 0 0 0 0
-567 4 3 1 1 0 2 0 0
-135 2 3 1 1 0 0 1 0
-1755 8 2 5 1 0 0 0 0
405 2 2 3 2 0 0 0 0
-2565 4 2 3 1 0 0 1 0
1323 2 2 1 2 0 2 0 0
1053 4 2 1 2 0 0 1 0
-1749 4 2 1 1 0 0 2 0
180 1 2 1 1 0 0 0 1
-795 2 2 1 0 1 1 1 0
627 4 3 1 0 0 4 0 0
333 1 3 1 0 0 2 1 0
4083 4 2 3 0 0 4 0 0
-1950 1 2 2 0 0 3 1 0
-6693 8 2 1 1 0 4 0 0
-7875 4 2 1 1 0 2 1 0
-1869 4 2 1 0 1 3 0 0
1287 1 2 1 0 0 2 2 0
-888 1 2 1 0 0 2 0 1
159 2 2 0 3 0 1 0 0
-99 8 2 0 2 1 0 0 0
-1605 4 2 0 2 0 1 1 0
-345 4 2 0 1 1 2 0 0
93 4 2 0 1 1 0 1 0
-81 4 3 0 2 0 1 0 0
219 4 3 0 1 0 3 0 0
99 1 3 0 1 0 1 1 0
-210 1 2 0 2 0 3 0 0
2565 4 2 0 1 0 1 2 0
-264 1 2 0 1 0 1 0 1
21 2 2 0 0 2 1 0 0
-27 4 3 2 0 1 0 0 0
27 2 3 1 0 1 1 0 0
27 4 3 0 1 1 0 0 0
-27 4 3 0 0 1 2 0 0
-27 2 3 0 0 1 0 1 0
621 8 2 4 0 1 0 0 0
621 4 2 2 0 1 0 1 0
-27 2 2 1 0 2 0 0 0
-21 4 2 0 0 1 0 2 0
36 1 2 0 0 1 0 0 1
-69 2 3 0 0 0 5 0 0
-255 2 3 0 0 0 3 1 0
-987 2 2 2 0 0 5 0 0
825 1 2 1 0 0 4 1 0
597 4 2 0 1 0 5 0 0
600 1 2 0 1 0 3 1 0
1011 8 2 0 0 1 4 0 0
-753 2 2 0 0 0 3 2 0
340 1 2 0 0 0 3 0 1
-117 1 3 0 0 0 1 2 0
927 4 2 0 0 1 2 1 0
-675 2 2 0 0 0 1 3 0
624 1 2 0 0 0 1 1 1
-1899 4 1 4 1 1 0 0 0
-1593 4 1 8 0 0 1 0 0
1107 1 1 7 0 0 2 0 0
3753 2 1 6 1 0 1 0 0
-1701 1 1 6 0 0 3 0 0
-3429 2 1 6 0 0 1 1 0
-8559 2 1 5 1 0 2 0 0
-1809 2 1 5 0 1 1 0 0
3645 1 1 5 0 0 2 1 0
-10449 4 1 4 2 0 1 0 0
10395 2 1 4 1 0 3 0 0
10611 2 1 4 1 0 1 1 0
1890 1 1 4 0 1 2 0 0
-10305 4 1 4 0 0 1 2 0
1848 1 1 4 0 0 1 0 1
-357 1 1 3 3 0 0 0 0
1881 1 1 3 1 1 1 0 0
-675 2 1 7 1 0 0 0 0
594 1 1 5 2 0 0 0 0
-2511 2 1 5 1 0 0 1 0
17469 4 1 3 2 0 2 0 0
1296 1 1 3 2 0 0 1 0
-3051 2 1 3 1 0 0 2 0
1152 1 1 3 1 0 0 0 1
6291 4 1 5 0 0 4 0 0
-7317 2 1 3 1 0 4 0 0
-33723 4 1 3 1 0 2 1 0
-8343 4 1 3 0 1 3 0 0
3735 1 1 3 0 0 2 2 0
-3048 1 1 3 0 0 2 0 1
1065 1 1 2 3 0 1 0 0
198 1 1 2 2 1 0 0 0
-10755 4 1 2 1 1 2 0 0
-1197 2 1 2 1 1 0 1 0
-6939 2 1 2 2 0 3 0 0
-7533 2 1 2 2 0 1 1 0
17199 4 1 2 1 0 1 2 0
-3528 1 1 2 1 0 1 0 1
351 2 1 6 0 1 0 0 0
1053 2 1 4 0 1 0 1 0
108 1 1 3 0 2 0 0 0
-2025 1 1 3 0 1 1 1 0
-1431 4 1 2 0 2 1 0 0
432 1 1 2 0 1 0 2 0
-504 1 1 2 0 1 0 0 1
-3537 4 1 4 0 0 5 0 0
2322 1 1 3 0 0 4 1 0
3051 2 1 2 1 0 5 0 0
12501 2 1 2 1 0 3 1 0
1323 1 1 2 0 1 4 0 0
-9495 4 1 2 0 0 3 2 0
2496 1 1 2 0 0 3 0 1
11367 4 1 2 0 1 2 1 0
-1521 1 1 2 0 0 1 3 0
3852 1 1 2 0 0 1 1 1
66 1 1 1 4 0 0 0 0
-1929 2 1 1 3 0 2 0 0
-1371 4 1 1 3 0 0 1 0
-1863 4 1 1 2 1 1 0 0
2619 4 1 1 2 0 0 2 0
-468 1 1 1 2 0 0 0 1
-27 4 1 1 1 2 0 0 0
2709 2 1 1 1 1 1 1 0
5265 4 1 1 2 0 4 0 0
3294 1 1 1 2 0 2 1 0
1647 1 1 1 1 1 3 0 0
-3582 1 1 1 1 0 2 2 0
3360 1 1 1 1 0 2 0 1
-2241 4 1 1 1 0 0 3 0
1396 1 1 1 1 0 0 1 1
-10 1 1 1 1 0 0 0 2
378 1 1 1 0 2 2 0 0
-3897 4 1 1 0 1 1 2 0
1204 1 1 1 0 1 1 0 1
81 1 3 3 0 0 0 1 0
243 4 2 7 0 0 0 0 0
567 2 2 5 0 0 0 1 0
891 2 2 3 0 0 0 2 0
324 1 1 7 0 0 0 1 0
243 1 2 1 0 0 0 3 0
648 1 1 5 0 0 0 2 0
567 1 1 3 0 0 0 3 0
-216 1 2 3 0 0 0 0 1
-432 1 2 1 0 0 0 1 1
-432 1 1 5 0 0 0 0 1
-1296 1 1 3 0 0 0 1 1
-1080 1 1 1 0 0 0 2 1
81 4 3 5 0 0 0 0 0
81 1 3 1 0 0 0 2 0
243 4 1 9 0 0 0 0 0
729 4 1 1 0 0 0 4 0
576 1 1 1 0 0 0 0 2
-8613 4 1 1 1 0 4 1 0
-1728 1 1 1 0 1 3 1 0
2313 2 1 1 0 0 2 3 0
-3576 1 1 1 0 0 2 1 1
-399 4 1 0 4 0 1 0 0
-15 4 1 0 3 1 0 0 0
1023 2 1 0 3 0 1 1 0
261 1 1 0 2 1 2 0 0
63 4 1 0 2 1 0 1 0
513 2 1 0 3 0 3 0 0
-3879 4 1 0 2 0 1 2 0
692 1 1 0 2 0 1 0 1
9 4 1 0 1 2 1 0 0
-15 4 1 0 1 1 0 2 0
28 1 1 0 1 1 0 0 1
-783 4 1 0 2 0 5 0 0
-1647 2 1 0 2 0 3 1 0
-729 2 1 0 1 1 4 0 0
3231 4 1 0 1 0 3 2 0
-984 1 1 0 1 0 3 0 1
-1485 2 1 0 1 1 2 1 0
819 1 1 0 1 0 1 3 0
-1980 1 1 0 1 0 1 1 1
3 4 1 0 0 3 0 0 0
-57 2 1 0 0 2 1 1 0
-513 4 1 0 0 2 3 0 0
1071 2 1 0 0 1 2 2 0
-672 1 1 0 0 1 2 0 1
81 2 1 1 0 2 0 1 0
-27 4 1 0 0 1 0 3 0
-116 1 1 0 0 1 0 1 1
-10 1 1 0 0 1 0 0 2
-3969 1 1 4 0 0 3 1 0
1428 1 1 0 0 0 1 2 1
-261 1 1 0 0 0 1 4 0
-832 1 1 0 0 0 1 0 2
-963 4 0 3 1 2 0 0 0
-2727 4 0 7 1 0 0 1 0
3375 1 0 6 1 0 1 1 0
4887 4 0 5 2 0 0 1 0
-6642 1 0 5 1 0 2 1 0
-4347 4 0 5 1 0 0 2 0
-19251 4 0 4 2 0 1 1 0
-4023 4 0 4 1 1 0 1 0
4131 1 0 4 1 0 1 2 0
-3051 4 0 3 3 0 0 1 0
14013 2 0 3 2 0 2 1 0
4455 4 0 3 2 0 0 2 0
6939 2 0 3 1 1 1 1 0
-2943 4 0 3 1 0 0 3 0
2340 1 0 3 1 0 0 1 1
-2079 4 0 7 0 1 1 0 0
4995 4 0 6 0 1 2 0 0
7965 4 0 5 1 1 1 0 0
-1620 1 0 5 0 1 3 0 0
-3213 2 0 5 0 1 1 1 0
-7641 2 0 4 1 1 2 0 0
-2025 4 0 4 0 2 1 0 0
2835 1 0 4 0 1 2 1 0
-7587 4 0 3 2 1 1 0 0
7695 2 0 3 1 1 3 0 0
1755 2 0 3 0 2 2 0 0
-5913 4 0 3 0 1 1 2 0
1908 1 0 3 0 1 1 0 1
-567 4 0 10 0 0 1 0 0
-1215 8 0 9 1 0 0 0 0
1863 2 0 8 1 0 1 0 0
1701 4 0 9 0 0 2 0 0
-2835 4 0 8 0 0 3 0 0
-9639 4 0 7 1 0 2 0 0
243 2 0 9 0 0 0 1 0
-2835 4 0 8 0 0 1 1 0
1701 1 0 7 0 0 2 1 0
-8343 4 0 6 2 0 1 0 0
3402 1 0 6 1 0 3 0 0
729 8 0 8 0 1 0 0 0
-1701 4 0 6 1 1 0 0 0
1431 4 0 6 0 1 0 1 0
-4293 2 0 6 0 0 3 1 0
-2673 2 0 6 0 0 1 2 0
405 1 0 7 2 0 0 0 0
-3645 8 0 5 3 0 0 0 0
17577 4 0 5 2 0 2 0 0
3645 2 0 4 3 0 1 0 0
4455 8 0 4 2 1 0 0 0
-22599 8 0 5 1 0 4 0 0
-19521 4 0 4 2 0 3 0 0
13149 2 0 4 1 0 3 1 0
-2754 1 0 3 3 0 2 0 0
567 2 0 7 0 0 0 2 0
2430 1 0 5 0 0 2 2 0
324 1 0 5 0 0 0 3 0
1755 4 0 4 0 1 0 2 0
-2349 2 0 4 0 0 1 3 0
-22437 4 0 3 1 0 2 2 0
-216 1 0 7 0 0 0 0 1
1080 1 0 6 0 0 1 0 1
972 1 0 5 1 0 0 0 1
-2160 1 0 5 0 0 2 0 1
-864 1 0 5 0 0 0 1 1
-3888 1 0 4 1 0 1 0 1
-540 1 0 4 0 1 0 0 1
3180 1 0 4 0 0 1 1 1
-1188 1 0 3 2 0 0 0 1
5940 1 0 3 1 0 2 0 1
-1080 1 0 3 0 0 0 2 1
81 4 0 11 0 0 0 0 0
2835 4 0 7 0 0 4 0 0
243 2 0 5 0 2 0 0 0
405 2 0 3 4 0 0 0 0
3078 1 0 3 2 0 4 0 0
729 4 0 3 0 0 0 4 0
576 1 0 3 0 0 0 0 2
2547 4 0 2 1 2 1 0 0
2079 1 0 2 3 0 1 1 0
-9207 2 0 2 2 0 3 1 0
-3024 1 0 2 2 0 1 2 0
-8613 2 0 2 1 1 2 1 0
3915 2 0 2 1 0 1 3 0
-6228 1 0 2 1 0 1 1 1
159 4 0 2 0 3 0 0 0
9585 8 0 4 0 1 4 0 0
-4887 2 0 3 0 1 3 1 0
4725 2 0 2 2 1 2 0 0
-8613 4 0 2 1 1 4 0 0
-3213 4 0 2 0 2 3 0 0
6885 4 0 2 0 1 2 2 0
-2628 1 0 2 0 1 2 0 1
459 2 0 3 0 2 0 1 0
1971 4 0 2 2 1 0 1 0
-1917 4 0 2 1 1 0 2 0
-648 1 0 2 0 2 1 1 0
675 4 0 2 0 1 0 3 0
-1044 1 0 2 0 1 0 1 1
2997 2 0 5 0 0 4 1 0
1377 1 0 4 1 0 5 0 0
-13581 4 0 3 1 0 4 1 0
1944 1 0 2 3 0 3 0 0
-2106 1 0 4 0 0 3 2 0
1458 1 0 3 0 0 2 3 0
3213 1 0 2 1 0 3 2 0
2160 1 0 4 0 0 3 0 1
-4200 1 0 3 0 0 2 1 1
3240 1 0 2 2 0 1 0 1
-4320 1 0 2 1 0 3 0 1
2688 1 0 2 0 0 1 2 1
-1701 4 0 6 0 0 5 0 0
-2187 4 0 2 4 0 1 0 0
-4455 4 0 2 2 0 5 0 0
-1863 4 0 2 0 0 1 4 0
-1728 1 0 2 0 0 1 0 2
36 1 0 1 2 2 0 0 0
297 2 0 1 4 0 0 1 0
-6669 4 0 1 3 0 2 1 0
-1215 4 0 1 3 0 0 2 0
-2025 2 0 1 2 1 1 1 0
324 1 0 1 2 0 0 3 0
-1008 1 0 1 2 0 0 1 1
-2259 4 0 1 1 2 2 0 0
-99 2 0 1 1 2 0 1 0
351 1 0 1 3 1 1 0 0
-5049 4 0 1 2 1 3 0 0
1053 1 0 1 1 1 1 2 0
-1872 1 0 1 1 1 1 0 1
-729 4 0 2 3 1 0 0 0
891 2 0 1 4 0 2 0 0
9369 4 0 1 2 0 2 2 0
972 1 0 2 1 1 0 0 1
324 1 0 1 3 0 0 0 1
-2700 1 0 1 2 0 2 0 1
1116 1 0 1 1 0 0 2 1
-243 8 0 1 5 0 0 0 0
-5103 8 0 1 3 0 4 0 0
-1431 8 0 1 1 0 0 4 0
-864 1 0 1 1 0 0 0 2
5319 4 0 1 2 0 4 1 0
4455 2 0 1 1 1 3 1 0
-5697 4 0 1 1 0 2 3 0
4908 1 0 1 1 0 2 1 1
-66 1 0 1 0 3 1 0 0
-1917 4 1 1 0 1 5 0 0
-1917 4 0 3 0 1 5 0 0
4077 4 0 2 0 1 4 1 0
2565 4 0 1 1 1 5 0 0
783 2 0 1 0 2 4 0 0
-3051 4 0 1 0 1 3 2 0
1692 1 0 1 0 1 3 0 1
621 1 0 1 0 2 2 1 0
-783 2 0 1 0 1 1 3 0
2112 1 0 1 0 1 1 1 1
567 2 1 3 0 0 6 0 0
-1377 2 1 2 0 0 5 1 0
-2187 4 0 4 0 0 5 1 0
-729 2 1 1 1 0 6 0 0
-729 2 0 3 1 0 6 0 0
1701 2 0 2 1 0 5 1 0
1215 2 1 1 0 0 4 2 0
1701 2 0 3 0 0 4 2 0
-1377 2 0 2 0 0 3 3 0
-1377 2 0 1 1 0 4 2 0
-1080 1 1 1 0 0 4 0 1
-1080 1 0 3 0 0 4 0 1
2316 1 0 2 0 0 3 1 1
1512 1 0 1 1 0 4 0 1
-1824 1 0 1 0 0 2 2 1
567 4 2 1 0 0 6 0 0
567 4 0 5 0 0 6 0 0
891 4 0 1 2 0 6 0 0
1215 4 0 1 0 0 2 4 0
1728 1 0 1 0 0 2 0 2
-432 1 0 1 0 0 0 3 1
81 2 0 1 0 0 0 5 0
1152 1 0 1 0 0 0 1 2
-117 4 0 0 2 2 1 0 0
-837 4 0 0 4 0 1 1 0
351 1 0 0 3 0 3 1 0
891 2 0 0 3 0 1 2 0
2079 4 0 0 2 1 2 1 0
-486 1 0 0 2 0 1 3 0
1380 1 0 0 2 0 1 1 1
3 1 0 0 1 3 0 0 0
36 1 0 0 1 2 1 1 0
-675 4 0 0 3 1 2 0 0
1917 8 0 0 2 1 4 0 0
675 4 0 0 1 2 3 0 0
-2295 4 0 0 1 1 2 2 0
900 1 0 0 1 1 2 0 1
-27 1 0 0 3 1 0 1 0
81 4 0 0 2 1 0 2 0
136 1 0 0 1 1 0 1 1
-10 1 0 0 1 1 0 0 2
-405 4 0 0 4 0 3 0 0
-432 1 0 0 2 0 3 2 0
-432 1 0 0 3 0 1 0 1
648 1 0 0 2 0 3 0 1
-1536 1 0 0 1 0 1 2 1
81 2 0 0 5 0 1 0 0
81 1 0 0 3 0 5 0 0
270 1 0 0 1 0 1 4 0
1152 1 0 0 1 0 1 0 2
105 4 0 0 0 3 2 0 0
-3 2 0 0 0 3 0 1 0
-27 4 0 0 0 2 1 2 0
176 1 0 0 0 2 1 0 1
27 2 0 1 0 2 0 2 0
-216 1 0 1 0 2 0 0 1
-108 1 0 0 2 1 0 0 1
-36 1 0 0 0 1 0 2 1
81 8 0 0 4 1 0 0 0
-27 8 0 0 0 1 0 4 0
288 1 0 0 0 1 0 0 2
1539 4 1 0 0 1 4 1 0
-1539 4 0 0 1 1 4 1 0
-405 2 0 0 0 2 3 1 0
891 4 0 0 0 1 2 3 0
-1068 1 0 0 0 1 2 1 1
-567 4 2 0 0 0 5 1 0
-81 2 1 2 0 0 7 0 0
81 1 1 1 0 0 6 1 0
81 1 0 3 0 0 6 1 0
81 2 1 0 1 0 7 0 0
567 2 1 0 1 0 5 1 0
81 2 0 2 1 0 7 0 0
-81 1 0 1 1 0 6 1 0
-567 4 0 0 2 0 5 1 0
81 1 1 0 0 1 6 0 0
81 1 0 2 0 1 6 0 0
-162 1 0 1 0 1 5 1 0
-81 1 0 0 1 1 6 0 0
-81 2 1 0 0 0 5 2 0
-405 2 1 0 0 0 3 3 0
-243 2 0 2 0 0 5 2 0
81 1 0 1 0 0 4 3 0
81 2 0 0 1 0 5 2 0
405 2 0 0 1 0 3 3 0
81 1 0 0 0 1 4 2 0
216 1 1 0 0 0 5 0 1
1020 1 1 0 0 0 3 1 1
216 1 0 2 0 0 5 0 1
-432 1 0 1 0 0 4 1 1
-216 1 0 0 1 0 5 0 1
-1020 1 0 0 1 0 3 1 1
-432 1 0 0 0 1 4 0 1
216 1 0 0 0 0 3 2 1
-81 4 2 0 0 0 7 0 0
-81 4 0 4 0 0 7 0 0
-81 4 0 0 2 0 7 0 0
-81 1 0 0 0 2 5 0 0
-81 4 0 0 0 0 3 4 0
-576 1 0 0 0 0 3 0 2
588 1 0 0 0 0 1 3 1
-243 4 0 0 0 0 1 5 0
-1408 1 0 0 0 0 1 1 2
-30 1 1 2 0 0 1 0 2
60 1 1 1 0 0 2 0 2
30 1 1 0 1 0 1 0 2
-30 1 1 0 0 0 3 0 2
-60 1 1 0 0 0 1 1 2
-30 1 0 4 0 0 1 0 2
60 1 0 3 0 0 2 0 2
90 1 0 2 1 0 1 0 2
-30 1 0 2 0 0 3 0 2
-60 1 0 2 0 0 1 1 2
-120 1 0 1 1 0 2 0 2
-60 1 0 1 0 1 1 0 2
60 1 0 1 0 0 2 1 2
-30 1 0 0 2 0 1 0 2
30 1 0 0 1 0 3 0 2
60 1 0 0 1 0 1 1 2
60 1 0 0 0 1 2 0 2
-30 1 0 0 0 0 1 2 2
160 1 0 0 0 0 1 0 3
717
9 4 2 2 0 2 0 0 0
-135 1 3 4 0 0 0 1 0
2241 4 3 3 0 0 1 1 0
999 4 3 2 1 0 0 1 0
-3681 4 3 2 0 0 2 1 0
-1449 8 3 2 0 0 0 2 0
-621 2 2 6 0 0 0 1 0
3375 2 2 5 0 0 1 1 0
1917 2 2 4 1 0 0 1 0
-3735 1 2 4 0 0 2 1 0
-4635 8 2 4 0 0 0 2 0
-14823 4 2 3 1 0 1 1 0
8901 4 2 3 0 0 1 2 0
-3105 4 2 2 2 0 0 1 0
21573 4 2 2 1 0 2 1 0
8289 8 2 2 1 0 0 2 0
1755 2 2 2 0 1 1 1 0
-465 1 2 2 0 0 0 3 0
588 1 2 2 0 0 0 1 1
-387 8 2 1 2 1 0 0 0
-1431 4 3 3 1 0 1 0 0
4401 8 3 2 1 0 2 0 0
621 4 3 1 2 0 1 0 0
-783 2 3 1 1 0 3 0 0
-2025 4 3 1 1 0 1 1 0
-3051 2 2 5 1 0 1 0 0
14283 4 2 4 1 0 2 0 0
5751 4 2 3 2 0 1 0 0
-8883 2 2 3 1 0 3 0 0
-16605 8 2 2 2 0 2 0 0
-1971 4 2 2 1 1 1 0 0
-729 2 2 1 3 0 1 0 0
5319 4 2 1 2 0 3 0 0
3051 2 2 1 2 0 1 1 0
1107 2 2 1 1 1 2 0 0
-8433 4 2 1 1 0 1 2 0
972 1 2 1 1 0 1 0 1
-63 2 2 1 0 2 1 0 0
-27 2 3 3 0 1 0 0 0
27 1 3 2 0 1 1 0 0
27 2 3 1 1 1 0 0 0
-27 2 3 1 0 1 2 0 0
-27 1 3 1 0 1 0 1 0
-783 8 2 5 0 1 0 0 0
540 1 2 4 0 1 1 0 0
162 1 2 3 1 1 0 0 0
-5049 4 2 3 0 1 2 0 0
621 4 2 1 1 1 0 1 0
-111 1 2 1 0 1 0 2 0
72 1 2 1 0 1 0 0 1
2799 4 3 1 0 0 3 1 0
1611 4 3 1 0 0 1 2 0
16947 4 2 3 0 0 3 1 0
-25245 8 2 2 0 0 2 2 0
-13671 4 2 1 1 0 3 1 0
-4365 4 2 1 0 1 2 1 0
3891 4 2 1 0 0 1 3 0
-1500 1 2 1 0 0 1 1 1
117 4 2 0 2 1 1 0 0
-2847 8 2 0 2 0 0 2 0
-9 1 2 0 1 2 0 0 0
-237 2 2 0 1 1 1 1 0
-621 8 3 0 2 0 2 0 0
108 1 3 0 1 0 4 0 0
1089 4 3 0 1 0 2 1 0
24543 8 2 2 1 0 4 0 0
1485 8 2 0 3 0 2 0 0
-4995 16 2 0 2 0 4 0 0
-1611 2 2 0 2 0 2 1 0
-891 4 2 0 1 1 3 0 0
9153 8 2 0 1 0 2 2 0
-564 1 2 0 1 0 2 0 1
-189 2 3 0 2 0 0 1 0
1125 8 3 0 1 0 0 2 0
675 4 2 0 3 0 0 1 0
687 2 2 0 1 0 0 3 0
-372 1 2 0 1 0 0 1 1
111 4 2 0 0 2 2 0 0
15 1 2 0 0 2 0 1 0
81 4 4 3 0 0 1 0 0
81 8 4 2 1 0 0 0 0
-81 4 4 1 1 0 1 0 0
-243 8 4 2 0 0 2 0 0
81 4 4 1 0 0 3 0 0
81 8 4 0 1 0 2 0 0
-81 4 4 2 0 0 0 1 0
81 2 4 1 0 0 1 1 0
81 4 4 0 1 0 0 1 0
-81 4 4 0 0 0 2 1 0
-243 8 3 6 0 0 0 0 0
729 4 3 5 0 0 1 0 0
729 8 3 4 1 0 0 0 0
-3807 8 3 4 0 0 2 0 0
1377 2 3 3 0 0 3 0 0
1701 4 2 7 0 0 1 0 0
-81 1 3 2 2 0 0 0 0
2187 8 2 6 1 0 0 0 0
-4617 8 3 2 0 0 4 0 0
-5103 4 2 6 0 0 2 0 0
2106 1 2 5 0 0 3 0 0
81 4 3 0 3 0 0 0 0
-6075 16 2 4 2 0 0 0 0
1539 8 2 2 3 0 0 0 0
-1917 8 3 0 0 0 2 2 0
-261 4 3 0 0 0 0 3 0
54 1 3 2 0 0 0 0 1
-108 1 3 1 0 0 1 0 1
-54 1 3 0 1 0 0 0 1
54 1 3 0 0 0 2 0 1
108 1 3 0 0 0 0 1 1
252 1 2 4 0 0 0 0 1
-1116 1 2 3 0 0 1 0 1
-450 1 2 2 1 0 0 0 1
1968 1 2 2 0 0 2 0 1
144 1 2 0 2 0 0 0 1
198 1 2 0 0 0 0 2 1
-81 16 4 4 0 0 0 0 0
-81 16 4 0 2 0 0 0 0
-81 16 4 0 0 0 4 0 0
-81 4 4 0 0 0 0 2 0
-243 4 2 8 0 0 0 0 0
-32805 16 2 4 0 0 4 0 0
-243 8 2 0 4 0 0 0 0
-2001 16 2 0 0 0 0 4 0
-144 1 2 0 0 0 0 0 2
-819 4 3 0 0 0 4 1 0
-2547 1 2 2 0 0 4 1 0
3789 2 2 1 0 0 3 2 0
3087 4 2 0 1 0 4 1 0
927 2 2 0 0 1 3 1 0
-537 1 2 0 0 0 2 3 0
1008 1 2 0 0 0 2 1 1
99 1 2 0 0 1 1 2 0
-99 1 1 4 0 2 0 0 0
-297 1 1 8 0 0 0 1 0
7425 4 1 7 0 0 1 1 0
5427 4 1 6 1 0 0 1 0
-4779 1 1 6 0 0 2 1 0
-5535 8 1 6 0 0 0 2 0
-27621 4 1 5 1 0 1 1 0
-540 1 1 5 0 1 0 1 0
13365 4 1 5 0 0 1 2 0
-1890 1 1 4 2 0 0 1 0
14013 1 1 4 1 0 2 1 0
17199 8 1 4 1 0 0 2 0
2673 1 1 4 0 1 1 1 0
-1569 2 1 4 0 0 0 3 0
1164 1 1 4 0 0 0 1 1
-1503 4 1 3 2 1 0 0 0
-8235 4 1 7 1 0 1 0 0
45225 8 1 6 1 0 2 0 0
13959 4 1 5 2 0 1 0 0
-33453 4 1 5 1 0 3 0 0
-60129 8 1 4 2 0 2 0 0
-5319 2 1 4 1 1 1 0 0
-8073 4 1 3 3 0 1 0 0
16605 2 1 3 2 0 3 0 0
27513 4 1 3 2 0 1 1 0
21735 4 1 3 1 1 2 0 0
-30321 4 1 3 1 0 1 2 0
4716 1 1 3 1 0 1 0 1
1071 2 1 3 0 2 1 0 0
-621 4 1 7 0 1 0 0 0
999 1 1 6 0 1 1 0 0
513 1 1 5 1 1 0 0 0
-10503 4 1 5 0 1 2 0 0
972 1 1 3 1 1 0 1 0
-621 1 1 3 0 1 0 2 0
432 1 1 3 0 1 0 0 1
25893 4 1 5 0 0 3 1 0
-50301 8 1 4 0 0 2 2 0
-20493 4 1 3 0 1 2 1 0
2622 1 1 3 0 0 1 3 0
-4848 1 1 3 0 0 1 1 1
2421 2 1 2 2 1 1 0 0
27 1 1 2 1 2 0 0 0
28647 4 1 4 1 0 4 0 0
22059 8 1 2 3 0 2 0 0
-39177 8 1 2 2 0 4 0 0
-5400 1 1 2 1 1 3 0 0
-7362 1 1 2 1 0 2 0 1
3645 4 1 2 3 0 0 1 0
-13797 8 1 2 2 0 0 2 0
-6345 2 1 2 1 1 1 1 0
5715 4 1 2 1 0 0 3 0
-1944 1 1 2 1 0 0 1 1
-1044 1 1 2 0 2 2 0 0
-279 4 1 2 0 2 0 1 0
1512 1 2 2 0 1 3 0 0
14391 4 1 4 0 1 3 0 0
8127 4 1 2 0 1 1 2 0
-1836 1 1 2 0 1 1 0 1
1539 4 1 9 0 0 1 0 0
2511 8 1 8 1 0 0 0 0
-9963 8 1 8 0 0 2 0 0
4455 2 1 7 0 0 3 0 0
-999 4 2 3 0 1 0 1 0
-5265 8 1 6 2 0 0 0 0
2187 4 1 4 3 0 0 0 0
342 1 1 6 0 0 0 0 1
-1908 1 1 5 0 0 1 0 1
-1098 1 1 4 1 0 0 0 1
4128 1 1 4 0 0 2 0 1
774 1 1 2 2 0 0 0 1
1326 1 1 2 0 0 0 2 1
-405 8 1 10 0 0 0 0 0
-4779 2 1 6 0 0 4 0 0
-729 4 1 2 4 0 0 0 0
-1713 4 1 2 0 0 0 4 0
-384 1 1 2 0 0 0 0 2
-9747 2 1 4 0 0 4 1 0
11367 2 1 3 0 0 3 2 0
29565 4 1 2 1 0 4 1 0
4671 1 1 2 0 1 3 1 0
-12291 4 1 2 0 0 2 3 0
7116 1 1 2 0 0 2 1 1
63 1 1 1 3 1 0 0 0
-5283 4 1 1 2 1 2 0 0
-1089 4 1 1 2 1 0 1 0
351 1 1 1 4 0 1 0 0
-3213 2 1 1 3 0 3 0 0
-6993 4 1 1 3 0 1 1 0
12987 4 1 1 2 0 1 2 0
-1764 1 1 1 2 0 1 0 1
-171 2 1 1 1 2 1 0 0
1593 4 1 1 1 1 0 2 0
-180 1 1 1 1 1 0 0 1
-1107 1 2 1 1 0 5 0 0
-14229 4 1 3 1 0 5 0 0
5805 4 1 1 2 0 5 0 0
20331 4 1 1 2 0 3 1 0
10287 4 1 1 1 1 4 0 0
-19845 4 1 1 1 0 3 2 0
4812 1 1 1 1 0 3 0 1
-28431 2 1 3 1 0 3 1 0
-18279 2 1 2 2 0 2 1 0
9612 1 1 2 1 0 2 2 0
3456 1 1 1 1 1 2 1 0
-5223 2 1 1 1 0 1 3 0
4656 1 1 1 1 0 1 1 1
69 4 1 1 0 3 0 0 0
198 1 1 1 0 2 1 1 0
-7263 8 2 1 0 1 4 0 0
-10881 4 1 3 0 1 4 0 0
1755 2 1 1 0 2 3 0 0
-4401 2 1 1 0 1 2 2 0
2532 1 1 1 0 1 2 0 1
-795 4 1 1 0 1 0 3 0
196 1 1 1 0 1 0 1 1
-70 1 1 1 0 1 0 0 2
2349 2 2 3 0 0 5 0 0
-1596 1 2 1 0 0 3 0 1
-4332 1 1 3 0 0 3 0 1
-3204 1 1 1 0 0 1 2 1
1053 4 3 1 0 0 5 0 0
6237 4 1 5 0 0 5 0 0
3009 4 1 1 0 0 1 4 0
1344 1 1 1 0 0 1 0 2
-279 4 1 0 3 1 1 0 0
45 4 1 0 2 2 0 0 0
306 1 1 0 2 1 1 1 0
-1431 8 1 0 4 0 2 0 0
2565 8 1 0 3 0 4 0 0
1755 2 1 0 3 0 2 1 0
486 1 1 0 2 1 3 0 0
-12663 8 1 0 2 0 2 2 0
1068 1 1 0 2 0 2 0 1
-135 1 1 0 4 0 0 1 0
2943 8 1 0 3 0 0 2 0
-501 1 1 0 2 0 0 3 0
512 1 1 0 2 0 0 1 1
-35 1 1 0 2 0 0 0 2
117 2 1 0 1 2 2 0 0
-99 4 1 0 1 2 0 1 0
-891 2 1 0 1 1 1 2 0
208 1 1 0 1 1 1 0 1
-126 1 1 0 3 0 0 0 1
-786 1 1 0 1 0 0 2 1
81 4 1 0 5 0 0 0 0
2697 8 1 0 1 0 0 4 0
96 1 1 0 1 0 0 0 2
-1863 2 1 0 2 0 4 1 0
-2511 2 1 0 1 1 3 1 0
4893 4 1 0 1 0 2 3 0
-2868 1 1 0 1 0 2 1 1
-33 2 1 0 0 3 1 0 0
87 4 1 0 0 2 0 2 0
-40 1 1 0 0 2 0 0 1
216 1 2 0 0 1 5 0 0
1107 1 1 2 0 1 5 0 0
-7857 4 1 1 0 1 4 1 0
-459 1 1 0 1 1 5 0 0
-270 1 1 0 0 2 4 0 0
3159 4 1 0 0 1 3 2 0
-1128 1 1 0 0 1 3 0 1
-513 4 1 0 0 2 2 1 0
219 1 1 0 0 1 1 3 0
-312 1 1 0 0 1 1 1 1
-2997 8 2 2 0 0 6 0 0
2997 4 2 1 0 0 5 1 0
7857 4 1 3 0 0 5 1 0
162 1 2 0 1 0 6 0 0
7857 8 1 2 1 0 6 0 0
-7209 4 1 1 1 0 5 1 0
-1539 4 2 0 0 0 4 2 0
-19359 8 1 2 0 0 4 2 0
1377 1 1 1 0 0 3 3 0
6237 8 1 0 1 0 4 2 0
492 1 2 0 0 0 4 0 1
2256 1 1 2 0 0 4 0 1
-4188 1 1 1 0 0 3 1 1
-1068 1 1 0 1 0 4 0 1
1956 1 1 0 0 0 2 2 1
-405 8 3 0 0 0 6 0 0
-4779 8 1 4 0 0 6 0 0
-1377 8 1 0 2 0 6 0 0
-2673 8 1 0 0 0 2 4 0
-1088 1 1 0 0 0 2 0 2
392 1 1 0 0 0 0 3 1
-357 4 1 0 0 0 0 5 0
128 1 1 0 0 0 0 1 2
-30 1 2 2 0 0 0 0 2
60 1 2 1 0 0 1 0 2
30 1 2 0 1 0 0 0 2
-30 1 2 0 0 0 2 0 2
-60 1 2 0 0 0 0 1 2
-30 1 1 4 0 0 0 0 2
60 1 1 3 0 0 1 0 2
90 1 1 2 1 0 0 0 2
-30 1 1 2 0 0 2 0 2
-90 1 1 2 0 0 0 1 2
-120 1 1 1 1 0 1 0 2
120 1 1 1 0 0 1 1 2
30 1 1 0 1 0 2 0 2
90 1 1 0 1 0 0 1 2
60 1 1 0 0 1 1 0 2
-90 1 1 0 0 0 0 2 2
160 1 1 0 0 0 0 0 3
243 2 0 11 0 0 1 0 0
243 2 0 10 1 0 0 0 0
-3483 4 0 9 1 0 1 0 0
-3321 8 0 10 0 0 2 0 0
3159 4 0 9 0 0 3 0 0
20979 8 0 8 1 0 2 0 0
-405 4 0 10 0 0 0 1 0
1377 2 0 9 0 0 1 1 0
2511 4 0 8 1 0 0 1 0
-1944 1 0 8 0 0 2 1 0
8829 4 0 7 2 0 1 0 0
-17253 4 0 7 1 0 3 0 0
-14823 4 0 7 1 0 1 1 0
-567 8 0 9 0 1 0 0 0
486 1 0 8 0 1 1 0 0
729 2 0 7 1 1 0 0 0
-1377 1 0 7 0 1 2 0 0
-1269 4 0 7 0 1 0 1 0
-8667 4 0 6 1 1 1 0 0
11745 4 0 7 0 0 3 1 0
6075 4 0 7 0 0 1 2 0
17739 2 0 6 1 0 2 1 0
3591 2 0 6 0 1 1 1 0
-2835 8 0 8 2 0 0 0 0
3645 8 0 6 3 0 0 0 0
-45117 8 0 6 2 0 2 0 0
-5265 4 0 6 2 0 0 1 0
-9315 4 0 5 3 0 1 0 0
-4455 8 0 5 2 1 0 0 0
25515 4 0 5 2 0 1 1 0
33615 8 0 6 1 0 4 0 0
30537 4 0 5 2 0 3 0 0
20655 4 0 5 1 1 2 0 0
-43983 4 0 5 1 0 3 1 0
18711 4 0 4 3 0 2 0 0
9963 8 0 6 1 0 0 2 0
4239 4 0 5 1 1 0 1 0
-5670 1 0 5 1 0 1 2 0
2187 2 0 4 3 0 0 1 0
-48195 4 0 4 2 0 2 1 0
8343 4 0 6 0 1 3 0 0
567 1 0 5 0 2 1 0 0
-8019 2 0 5 0 1 2 1 0
10773 4 0 4 2 1 1 0 0
-25353 4 0 4 1 1 3 0 0
-4914 1 0 4 1 1 1 1 0
-2187 8 0 8 0 0 0 2 0
-26973 8 0 6 0 0 2 2 0
-1539 4 0 6 0 0 0 3 0
-999 2 0 5 0 1 0 2 0
6561 4 0 5 0 0 1 3 0
-3483 2 0 4 2 0 0 2 0
79299 8 0 4 1 0 2 2 0
4779 4 0 4 1 0 0 3 0
8667 4 0 4 0 1 1 2 0
144 1 0 8 0 0 0 0 1
-900 1 0 7 0 0 1 0 1
-702 1 0 6 1 0 0 0 1
2214 1 0 6 0 0 2 0 1
684 1 0 6 0 0 0 1 1
3744 1 0 5 1 0 1 0 1
360 1 0 5 0 1 0 0 1
-3348 1 0 5 0 0 1 1 1
990 1 0 4 2 0 0 0 1
-7506 1 0 4 1 0 2 0 1
-2196 1 0 4 1 0 0 1 1
-1836 1 0 4 0 1 1 0 1
1104 1 0 4 0 0 0 2 1
-243 16 0 12 0 0 0 0 0
-3645 4 0 8 0 0 4 0 0
-405 4 0 6 0 2 0 0 0
-2025 8 0 4 4 0 0 0 0
-94203 16 0 4 2 0 4 0 0
-4941 4 0 4 0 2 2 0 0
-4779 16 0 4 0 0 0 4 0
-240 1 0 4 0 0 0 0 2
-159 4 0 3 0 3 0 0 0
-891 4 0 4 0 2 0 1 0
-3213 4 0 3 2 1 0 1 0
17091 2 0 3 1 1 2 1 0
3645 4 0 3 1 1 0 2 0
999 1 0 3 0 2 1 1 0
-1323 4 0 3 0 1 0 3 0
900 1 0 3 0 1 0 1 1
-10125 4 0 6 0 0 4 1 0
-9801 4 0 5 1 0 5 0 0
29727 4 0 4 1 0 4 1 0
-18711 4 0 3 3 0 3 0 0
-15309 4 0 3 3 0 1 1 0
44469 4 0 3 2 0 3 1 0
-14499 8 0 5 0 1 4 0 0
8937 2 0 4 0 1 3 1 0
-19683 4 0 3 2 1 2 0 0
8505 2 0 3 1 1 4 0 0
7533 2 0 5 0 0 3 2 0
-5265 2 0 4 0 0 2 3 0
23085 4 0 3 2 0 1 2 0
-8181 1 0 3 1 0 3 2 0
-3726 1 0 3 1 0 1 3 0
-13851 4 0 3 0 1 2 2 0
-2736 1 0 5 0 0 3 0 1
6048 1 0 4 0 0 2 1 1
-4140 1 0 3 2 0 1 0 1
7128 1 0 3 1 0 3 0 1
8424 1 0 3 1 0 1 1 1
3348 1 0 3 0 1 2 0 1
-3828 1 0 3 0 0 1 2 1
648 1 0 7 0 0 5 0 0
1863 2 0 3 4 0 1 0 0
2592 1 0 3 2 0 5 0 0
2673 2 0 3 0 2 3 0 0
3483 4 0 3 0 0 1 4 0
1344 1 0 3 0 0 1 0 2
243 1 0 3 3 1 0 0 0
-1215 1 0 2 4 0 2 0 0
-729 2 0 2 4 0 0 1 0
9477 2 0 2 3 0 2 1 0
-2187 2 0 3 1 2 1 0 0
-3159 4 0 2 3 1 1 0 0
16929 4 0 2 2 1 3 0 0
5049 2 0 2 2 1 1 1 0
6885 8 0 2 3 0 0 2 0
-53703 8 0 2 2 0 2 2 0
-3969 4 0 2 2 0 0 3 0
-5481 2 0 2 1 1 1 2 0
-756 1 0 3 1 1 0 0 1
-378 1 0 2 3 0 0 0 1
5886 1 0 2 2 0 2 0 1
1548 1 0 2 2 0 0 1 1
2952 1 0 2 1 1 1 0 1
-1926 1 0 2 1 0 0 2 1
243 1 0 4 1 2 0 0 0
243 4 0 2 5 0 0 0 0
19359 8 0 2 3 0 4 0 0
3483 2 0 2 1 2 2 0 0
4455 8 0 2 1 0 0 4 0
288 1 0 2 1 0 0 0 2
321 2 0 2 0 3 1 0 0
-13743 2 0 2 1 1 3 1 0
-6291 4 0 2 0 2 2 1 0
945 1 0 2 0 1 1 3 0
-3312 1 0 2 0 1 1 1 1
1215 1 0 5 0 0 5 1 0
6561 8 0 4 1 0 6 0 0
-10449 4 0 3 1 0 5 1 0
-5103 1 0 2 2 0 4 1 0
891 1 0 4 0 1 5 0 0
-10179 4 0 3 0 1 4 1 0
-6075 4 0 2 1 1 5 0 0
-17253 8 0 4 0 0 4 2 0
3807 2 0 3 0 0 3 3 0
24705 8 0 2 1 0 4 2 0
8019 2 0 2 1 0 2 3 0
4887 2 0 2 0 1 3 2 0
1764 1 0 4 0 0 4 0 1
-4896 1 0 3 0 0 3 1 1
-3258 1 0 2 1 0 4 0 1
-11016 1 0 2 1 0 2 1 1
-2736 1 0 2 0 1 3 0 1
4398 1 0 2 0 0 2 2 1
-2187 8 0 6 0 0 6 0 0
-2511 4 0 2 2 0 6 0 0
-2997 4 0 2 0 2 4 0 0
-1701 2 0 2 0 0 2 4 0
-2112 1 0 2 0 0 2 0 2
732 1 0 2 0 0 0 3 1
-243 2 0 2 0 0 0 5 0
-768 1 0 2 0 0 0 1 2
-3 2 0 1 1 3 0 0 0
459 4 0 2 1 2 0 1 0
297 2 0 1 3 1 0 1 0
-10071 4 0 1 2 1 2 1 0
-567 2 0 1 2 1 0 2 0
-324 1 0 1 1 2 1 1 0
-432 1 0 1 1 1 0 1 1
648 1 0 1 4 0 3 0 0
1377 2 0 1 4 0 1 1 0
-9477 4 0 1 3 0 3 1 0
810 1 0 1 3 1 2 0 0
-13527 8 0 1 2 1 4 0 0
-1539 1 0 1 3 0 1 2 0
3078 1 0 1 2 0 3 2 0
6723 4 0 1 2 0 1 3 0
10503 4 0 1 1 1 2 2 0
936 1 0 1 3 0 1 0 1
-3312 1 0 1 2 0 3 0 1
-3420 1 0 1 2 0 1 1 1
-3420 1 0 1 1 1 2 0 1
3912 1 0 1 1 0 1 2 1
-243 2 0 1 5 0 1 0 0
-1215 2 0 1 3 0 5 0 0
-2349 2 0 1 1 2 3 0 0
-891 1 0 1 1 0 1 4 0
-1536 1 0 1 1 0 1 0 2
-807 4 0 1 0 3 2 0 0
15 1 0 1 0 3 0 1 0
-243 4 0 2 2 2 0 0 0
162 1 0 1 2 2 1 0 0
144 1 0 2 0 2 0 0 1
144 1 0 1 2 1 0 0 1
-504 1 0 1 0 2 1 0 1
-243 8 0 1 4 1 0 0 0
-621 8 0 1 0 1 0 4 0
96 1 0 1 0 1 0 0 2
9855 4 0 1 1 1 4 1 0
2079 2 0 1 0 2 3 1 0
-3429 4 0 1 0 1 2 3 0
3708 1 0 1 0 1 2 1 1
243 2 1 3 0 0 7 0 0
-729 2 1 2 0 0 6 1 0
-567 2 0 4 0 0 6 1 0
-567 4 1 1 1 0 7 0 0
-567 4 0 3 1 0 7 0 0
405 1 0 2 1 0 6 1 0
1053 1 0 1 2 0 5 1 0
-891 4 1 1 0 1 6 0 0
-891 4 0 3 0 1 6 0 0
648 1 0 2 0 1 5 1 0
1053 4 0 1 1 1 6 0 0
1539 4 1 1 0 0 5 2 0
2187 4 0 3 0 0 5 2 0
-2187 4 0 2 0 0 4 3 0
-405 1 0 1 1 0 5 2 0
-1620 1 0 1 1 0 3 3 0
-2673 4 0 1 0 1 4 2 0
-540 1 1 1 0 0 5 0 1
-540 1 0 3 0 0 5 0 1
1620 1 0 2 0 0 4 1 1
648 1 0 1 1 0 5 0 1
5544 1 0 1 1 0 3 1 1
972 1 0 1 0 1 4 0 1
-1728 1 0 1 0 0 3 2 1
243 4 2 1 0 0 7 0 0
243 4 0 5 0 0 7 0 0
81 1 0 1 2 0 7 0 0
405 2 0 1 0 2 5 0 0
567 2 0 1 0 0 3 4 0
1152 1 0 1 0 0 3 0 2
-1380 1 0 1 0 0 1 3 1
729 4 0 1 0 0 1 5 0
2496 1 0 1 0 0 1 1 2
243 4 0 0 5 0 2 0 0
81 2 0 0 5 0 0 1 0
-324 1 0 0 4 0 2 1 0
81 2 0 0 4 1 1 0 0
-1053 4 0 0 3 1 3 0 0
-189 1 0 0 3 1 1 1 0
-1053 8 0 0 4 0 0 2 0
5427 8 0 0 3 0 2 2 0
891 4 0 0 3 0 0 3 0
1377 4 0 0 2 1 1 2 0
36 1 0 0 4 0 0 0 1
-558 1 0 0 3 0 2 0 1
-252 1 0 0 3 0 0 1 1
-252 1 0 0 2 1 1 0 1
564 1 0 0 2 0 0 2 1
-81 16 0 0 6 0 0 0 0
-891 8 0 0 4 0 4 0 0
-405 4 0 0 2 2 2 0 0
-3321 16 0 0 2 0 0 4 0
48 1 0 0 2 0 0 0 2
3 2 0 0 1 3 1 0 0
1593 2 0 0 2 1 3 1 0
837 4 0 0 1 2 2 1 0
-567 2 0 0 1 1 1 3 0
648 1 0 0 1 1 1 1 1
729 2 0 0 3 0 4 1 0
243 1 0 0 2 1 5 0 0
-3159 8 0 0 2 0 4 2 0
-1377 2 0 0 2 0 2 3 0
-1593 2 0 0 1 1 3 2 0
576 1 0 0 2 0 4 0 1
1872 1 0 0 2 0 2 1 1
1224 1 0 0 1 1 3 0 1
-1986 1 0 0 1 0 2 2 1
243 4 0 0 3 0 6 0 0
567 2 0 0 1 2 4 0 0
2673 8 0 0 1 0 2 4 0
1248 1 0 0 1 0 2 0 2
243 1 0 1 1 1 0 3 0
-516 1 0 0 1 0 0 3 1
405 4 0 0 1 0 0 5 0
192 1 0 0 1 0 0 1 2
3 4 0 0 0 4 0 0 0
-15 1 0 0 0 3 1 1 0
27 4 0 0 2 2 0 1 0
-27 2 0 0 1 2 0 2 0
27 4 0 0 0 2 0 3 0
-40 1 0 0 0 2 0 1 1
-5 1 0 0 0 2 0 0 2
216 1 0 1 0 2 1 2 0
-135 1 0 0 0 2 2 2 0
360 1 0 0 0 2 2 0 1
-444 1 0 0 0 1 1 2 1
81 1 0 0 0 3 3 0 0
351 4 0 0 0 1 1 4 0
192 1 0 0 0 1 1 0 2
-81 1 2 0 0 0 6 1 0
-81 8 1 2 0 0 8 0 0
81 4 1 1 0 0 7 1 0
81 4 0 3 0 0 7 1 0
81 8 1 0 1 0 8 0 0
162 1 1 0 1 0 6 1 0
81 8 0 2 1 0 8 0 0
-81 4 0 1 1 0 7 1 0
-81 1 0 0 2 0 6 1 0
81 4 1 0 0 1 7 0 0
567 2 1 0 0 1 5 1 0
81 4 0 2 0 1 7 0 0
-81 2 0 1 0 1 6 1 0
-81 4 0 0 1 1 7 0 0
-567 2 0 0 1 1 5 1 0
-81 8 1 0 0 0 6 2 0
-567 4 1 0 0 0 4 3 0
-243 8 0 2 0 0 6 2 0
81 4 0 1 0 0 5 3 0
81 8 0 0 1 0 6 2 0
567 4 0 0 1 0 4 3 0
81 4 0 0 0 1 5 2 0
54 1 1 0 0 0 6 0 1
756 1 1 0 0 0 4 1 1
54 1 0 2 0 0 6 0 1
-108 1 0 1 0 0 5 1 1
-54 1 0 0 1 0 6 0 1
-756 1 0 0 1 0 4 1 1
-108 1 0 0 0 1 5 0 1
54 1 0 0 0 0 4 2 1
-81 16 2 0 0 0 8 0 0
-81 16 0 4 0 0 8 0 0
-81 16 0 0 2 0 8 0 0
-81 4 0 0 0 2 6 0 0
-81 16 0 0 0 0 4 4 0
-144 1 0 0 0 0 4 0 2
243 1 0 0 0 1 3 3 0
-1296 1 0 0 0 1 3 1 1
648 1 0 0 0 0 2 3 1
-243 1 0 0 0 2 4 1 0
-243 4 0 0 0 0 2 5 0
-1728 1 0 0 0 0 2 1 2
336 1 0 1 0 1 0 2 1
168 1 0 0 0 0 0 4 1
-81 1 0 2 0 2 0 2 0
-81 4 0 0 0 0 0 6 0
-224 1 0 0 0 0 0 2 2
-30 1 1 0 0 0 2 1 2
-30 1 0 4 0 0 0 1 2
60 1 0 3 0 0 1 1 2
90 1 0 2 1 0 0 1 2
-30 1 0 2 0 0 2 1 2
-60 1 0 2 0 0 0 2 2
-120 1 0 1 1 0 1 1 2
-60 1 0 1 0 1 0 1 2
60 1 0 1 0 0 1 2 2
-30 1 0 0 2 0 0 1 2
30 1 0 0 1 0 2 1 2
60 1 0 0 1 0 0 2 2
60 1 0 0 0 1 1 1 2
-30 1 0 0 0 0 0 3 2
160 1 0 0 0 0 0 1 3
6 1 1 2 0 0 0 0 3
-12 1 1 1 0 0 1 0 3
-6 1 1 0 1 0 0 0 3
6 1 1 0 0 0 2 0 3
12 1 1 0 0 0 0 1 3
6 1 0 4 0 0 0 0 3
-12 1 0 3 0 0 1 0 3
-18 1 0 2 1 0 0 0 3
6 1 0 2 0 0 2 0 3
12 1 0 2 0 0 0 1 3
24 1 0 1 1 0 1 0 3
12 1 0 1 0 1 0 0 3
-12 1 0 1 0 0 1 1 3
6 1 0 0 2 0 0 0 3
-6 1 0 0 1 0 2 0 3
-12 1 0 0 1 0 0 1 3
-12 1 0 0 0 1 1 0 3
6 1 0 0 0 0 0 2 3
-32 1 0 0 0 0 0 0 4
-512 1 0 0 0 0 0 0 3
889
-153 4 2 1 1 2 0 0 0
-1917 4 3 3 1 0 0 1 0
1593 1 3 2 1 0 1 1 0
945 4 3 1 2 0 0 1 0
-6507 4 3 1 1 0 2 1 0
-1485 4 3 1 1 0 0 2 0
-5697 4 2 5 1 0 0 1 0
24813 4 2 4 1 0 1 1 0
3159 2 2 3 2 0 0 1 0
-41337 4 2 3 1 0 2 1 0
-2025 1 2 3 1 0 0 2 0
-18225 4 2 2 2 0 1 1 0
-756 1 2 2 1 1 0 1 0
11421 2 2 2 1 0 1 2 0
-486 1 2 1 3 0 0 1 0
8127 2 2 1 2 0 2 1 0
999 1 2 1 2 0 0 2 0
-3753 4 2 1 1 0 0 3 0
1224 1 2 1 1 0 0 1 1
-945 4 3 3 0 1 1 0 0
1593 4 3 2 0 1 2 0 0
621 4 3 1 1 1 1 0 0
-1161 4 3 1 0 1 3 0 0
-297 1 3 1 0 1 1 1 0
-3267 4 2 5 0 1 1 0 0
14391 8 2 4 0 1 2 0 0
1701 1 2 3 1 1 1 0 0
-8451 4 2 3 0 1 3 0 0
-4131 2 2 3 0 1 1 1 0
-2430 1 2 2 1 1 2 0 0
-1053 4 2 2 0 2 1 0 0
11853 4 2 2 0 1 2 1 0
-567 1 2 1 2 1 1 0 0
1512 1 2 1 1 1 3 0 0
-4635 4 2 1 0 1 1 2 0
792 1 2 1 0 1 1 0 1
-243 4 4 4 0 0 1 0 0
-81 4 4 3 1 0 0 0 0
81 1 4 2 1 0 1 0 0
567 4 4 3 0 0 2 0 0
-162 1 4 2 0 0 3 0 0
-405 4 4 1 1 0 2 0 0
81 2 4 3 0 0 0 1 0
-162 1 4 2 0 0 1 1 0
-81 2 4 1 1 0 0 1 0
405 2 4 1 0 0 2 1 0
81 2 3 7 0 0 0 0 0
-1053 4 3 6 0 0 1 0 0
-1215 8 3 5 1 0 0 0 0
2835 4 3 5 0 0 2 0 0
405 2 3 5 0 0 0 1 0
1539 2 3 4 1 0 1 0 0
-4131 4 3 4 0 0 3 0 0
-3969 4 3 4 0 0 1 1 0
-1701 4 2 8 0 0 1 0 0
162 1 3 3 2 0 0 0 0
-2997 2 3 3 1 0 2 0 0
-2673 8 2 7 1 0 0 0 0
1944 1 2 6 1 0 1 0 0
891 1 3 3 0 0 4 0 0
1863 1 3 3 0 0 2 1 0
5103 4 2 7 0 0 2 0 0
-4293 2 2 6 0 0 3 0 0
-37503 8 2 5 1 0 2 0 0
1377 4 3 3 0 0 0 2 0
729 2 2 7 0 0 0 1 0
-8181 4 2 6 0 0 1 1 0
4698 1 2 5 0 0 2 1 0
-2187 4 3 2 2 0 1 0 0
2835 2 3 2 1 0 3 0 0
-5427 2 2 4 2 0 1 0 0
24381 4 2 4 1 0 3 0 0
405 8 3 4 0 1 0 0 0
-243 4 3 2 1 1 0 0 0
459 4 3 2 0 1 0 1 0
1215 8 2 6 0 1 0 0 0
-3483 8 2 4 1 1 0 0 0
2133 4 2 4 0 1 0 1 0
-1701 1 3 2 0 0 3 1 0
-1116 1 3 2 0 0 1 2 0
-22761 4 2 4 0 0 3 1 0
-3465 1 2 4 0 0 1 2 0
-405 8 3 1 3 0 0 0 0
567 1 3 1 2 0 2 0 0
1215 2 2 5 2 0 0 0 0
-3321 8 2 3 3 0 0 0 0
9315 2 2 3 2 0 2 0 0
1215 1 2 2 3 0 1 0 0
2187 8 2 2 2 1 0 0 0
-5265 8 3 1 1 0 4 0 0
-37179 8 2 3 1 0 4 0 0
-7695 2 2 2 2 0 3 0 0
16443 2 2 2 1 0 3 1 0
-8829 8 2 1 3 0 2 0 0
4473 4 3 1 0 0 2 2 0
405 2 3 1 0 0 0 3 0
3321 4 2 5 0 0 0 2 0
21807 4 2 3 0 0 2 2 0
1701 2 2 3 0 0 0 3 0
2187 4 2 2 0 1 0 2 0
-2313 1 2 2 0 0 1 3 0
-4950 1 2 1 1 0 2 2 0
-108 1 3 3 0 0 0 0 1
432 1 3 2 0 0 1 0 1
108 1 3 1 1 0 0 0 1
-540 1 3 1 0 0 2 0 1
-216 1 3 1 0 0 0 1 1
-324 1 2 5 0 0 0 0 1
1512 1 2 4 0 0 1 0 1
846 1 2 3 1 0 0 0 1
-2700 1 2 3 0 0 2 0 1
-1080 1 2 3 0 0 0 1 1
-2736 1 2 2 1 0 1 0 1
-306 1 2 2 0 1 0 0 1
3360 1 2 2 0 0 1 1 1
-414 1 2 1 2 0 0 0 1
2718 1 2 1 1 0 2 0 1
-972 1 2 1 0 0 0 2 1
81 8 4 5 0 0 0 0 0
81 8 4 1 2 0 0 0 0
729 8 4 1 0 0 4 0 0
81 2 4 1 0 0 0 2 0
243 4 2 9 0 0 0 0 0
17739 8 2 5 0 0 4 0 0
81 1 2 3 0 2 0 0 0
729 8 2 1 4 0 0 0 0
1539 1 2 1 2 0 4 0 0
2673 8 2 1 0 0 0 4 0
288 1 2 1 0 0 0 0 2
117 4 2 0 1 2 1 0 0
-669 4 2 0 1 1 0 2 0
-1485 4 3 0 2 0 1 1 0
513 1 3 0 1 0 3 1 0
1125 2 3 0 1 0 1 2 0
2565 4 2 0 3 0 1 1 0
-4347 4 2 0 2 0 3 1 0
-2583 2 2 0 2 0 1 2 0
-810 1 2 0 1 1 2 1 0
1179 1 2 0 1 0 1 3 0
-1704 1 2 0 1 0 1 1 1
-3 4 2 0 0 3 0 0 0
-105 2 2 0 0 2 1 1 0
-351 4 3 0 1 1 2 0 0
621 8 3 0 0 1 4 0 0
675 4 3 0 0 1 2 1 0
11421 8 2 2 0 1 4 0 0
-3753 2 2 1 0 1 3 1 0
2295 8 2 0 2 1 2 0 0
-2781 8 2 0 1 1 4 0 0
-351 4 2 0 0 2 3 0 0
2421 4 2 0 0 1 2 2 0
-450 1 2 0 0 1 2 0 1
-135 4 3 0 1 1 0 1 0
27 1 3 0 0 1 0 2 0
135 2 2 1 0 2 0 1 0
243 2 2 0 2 1 0 1 0
351 4 2 0 0 1 0 3 0
-144 1 2 0 0 1 0 1 1
81 2 4 0 1 0 3 0 0
81 1 4 0 1 0 1 1 0
-81 1 4 0 0 0 3 1 0
-1863 4 3 2 0 0 5 0 0
1539 2 3 1 0 0 4 1 0
3888 1 2 3 0 0 4 1 0
81 1 3 0 3 0 1 0 0
-729 4 3 0 2 0 3 0 0
243 2 3 0 1 0 5 0 0
2106 1 2 2 1 0 5 0 0
-3132 1 2 1 1 0 4 1 0
1215 4 2 0 3 0 3 0 0
3159 2 2 1 1 1 1 1 0
270 1 2 1 0 2 2 0 0
-693 2 3 0 0 0 3 2 0
-288 1 3 0 0 0 1 3 0
-7983 2 2 2 0 0 3 2 0
1908 1 2 1 0 0 2 3 0
2529 2 2 0 1 0 3 2 0
-216 1 3 0 1 0 1 0 1
216 1 3 0 0 0 3 0 1
432 1 3 0 0 0 1 1 1
2376 1 2 2 0 0 3 0 1
-3264 1 2 1 0 0 2 1 1
612 1 2 0 2 0 1 0 1
-828 1 2 0 1 0 3 0 1
1224 1 2 0 0 0 1 2 1
-81 4 4 0 2 0 1 0 0
-81 4 4 0 0 0 5 0 0
-81 1 4 0 0 0 1 2 0
-5751 4 2 4 0 0 5 0 0
-243 2 2 0 4 0 1 0 0
-243 1 2 0 2 0 5 0 0
-1629 4 2 0 0 0 1 4 0
-576 1 2 0 0 0 1 0 2
-1287 4 1 3 1 2 0 0 0
-6291 4 1 7 1 0 0 1 0
16227 2 1 6 1 0 1 1 0
11529 4 1 5 2 0 0 1 0
-17091 1 1 5 1 0 2 1 0
-12447 4 1 5 1 0 0 2 0
-45657 4 1 4 2 0 1 1 0
-8397 4 1 4 1 1 0 1 0
23733 2 1 4 1 0 1 2 0
-7911 4 1 3 3 0 0 1 0
34425 2 1 3 2 0 2 1 0
3483 1 1 3 2 0 0 2 0
14553 2 1 3 1 1 1 1 0
-10719 4 1 3 1 0 0 3 0
3960 1 1 3 1 0 0 1 1
-3699 4 1 7 0 1 1 0 0
2403 1 1 6 0 1 2 0 0
13473 4 1 5 1 1 1 0 0
-6885 2 1 5 0 1 3 0 0
-3429 1 1 5 0 1 1 1 0
-27189 4 1 4 1 1 2 0 0
-2835 4 1 4 0 2 1 0 0
6561 1 1 4 0 1 2 1 0
-12771 4 1 3 2 1 1 0 0
14499 2 1 3 1 1 3 0 0
2565 2 1 3 0 2 2 0 0
-15957 4 1 3 0 1 1 2 0
2232 1 1 3 0 1 1 0 1
-1215 4 1 10 0 0 1 0 0
-2349 8 1 9 1 0 0 0 0
3807 2 1 8 1 0 1 0 0
3969 4 1 9 0 0 2 0 0
-7371 4 1 8 0 0 3 0 0
-21141 4 1 7 1 0 2 0 0
567 2 1 9 0 0 0 1 0
-7047 4 1 8 0 0 1 1 0
4617 1 1 7 0 0 2 1 0
-16443 4 1 6 2 0 1 0 0
8181 1 1 6 1 0 3 0 0
1215 8 1 8 0 1 0 0 0
-1377 2 1 6 1 1 0 0 0
2889 4 1 6 0 1 0 1 0
-13203 2 1 6 0 0 3 1 0
-3888 1 1 6 0 0 1 2 0
1539 2 1 7 2 0 0 0 0
-7047 8 1 5 3 0 0 0 0
18225 2 1 5 2 0 2 0 0
3564 1 1 4 3 0 1 0 0
7371 8 1 4 2 1 0 0 0
-61479 8 1 5 1 0 4 0 0
-43335 4 1 4 2 0 3 0 0
18846 1 1 4 1 0 3 1 0
-11097 2 1 3 3 0 2 0 0
3159 4 1 7 0 0 0 2 0
30699 4 1 5 0 0 2 2 0
2187 2 1 5 0 0 0 3 0
1188 1 1 4 0 1 0 2 0
-3969 1 1 4 0 0 1 3 0
-67797 4 1 3 1 0 2 2 0
-324 1 1 7 0 0 0 0 1
1728 1 1 6 0 0 1 0 1
1368 1 1 5 1 0 0 0 1
-3780 1 1 5 0 0 2 0 1
-1512 1 1 5 0 0 0 1 1
-5688 1 1 4 1 0 1 0 1
-612 1 1 4 0 1 0 0 1
5952 1 1 4 0 0 1 1 1
-1620 1 1 3 2 0 0 0 1
9198 1 1 3 1 0 2 0 1
-2376 1 1 3 0 0 0 2 1
81 2 1 11 0 0 0 0 0
8505 4 1 7 0 0 4 0 0
162 1 1 5 0 2 0 0 0
1701 4 1 3 4 0 0 0 0
7452 1 1 3 2 0 4 0 0
2997 4 1 3 0 0 0 4 0
576 1 1 3 0 0 0 0 2
3519 4 1 2 1 2 1 0 0
10233 2 1 2 3 0 1 1 0
-24435 2 1 2 2 0 3 1 0
-17631 2 1 2 2 0 1 2 0
-18495 2 1 2 1 1 2 1 0
13149 2 1 2 1 0 1 3 0
-10584 1 1 2 1 0 1 1 1
159 4 1 2 0 3 0 0 0
23355 8 1 4 0 1 4 0 0
-12825 2 1 3 0 1 3 1 0
16335 4 1 2 2 1 2 0 0
-4320 1 1 2 1 1 4 0 0
-4833 4 1 2 0 2 3 0 0
19359 4 1 2 0 1 2 2 0
-3150 1 1 2 0 1 2 0 1
783 2 1 3 0 2 0 1 0
5373 4 1 2 2 1 0 1 0
-6939 4 1 2 1 1 0 2 0
-1134 1 1 2 0 2 1 1 0
2943 4 1 2 0 1 0 3 0
-1368 1 1 2 0 1 0 1 1
11097 2 1 5 0 0 4 1 0
4455 1 1 4 1 0 5 0 0
-46305 4 1 3 1 0 4 1 0
4131 1 1 2 3 0 3 0 0
-7695 1 1 4 0 0 3 2 0
5265 1 1 3 0 0 2 3 0
11070 1 1 2 1 0 3 2 0
4320 1 1 4 0 0 3 0 1
-8880 1 1 3 0 0 2 1 1
4428 1 1 2 2 0 1 0 1
-7236 1 1 2 1 0 3 0 1
6072 1 1 2 0 0 1 2 1
-6237 4 1 6 0 0 5 0 0
-4455 4 1 2 4 0 1 0 0
-11907 4 1 2 2 0 5 0 0
-7047 4 1 2 0 0 1 4 0
-1632 1 1 2 0 0 1 0 2
153 2 1 1 2 2 0 0 0
432 1 1 1 4 0 0 1 0
-16389 4 1 1 3 0 2 1 0
-4293 4 1 1 3 0 0 2 0
-2511 1 1 1 2 1 1 1 0
2673 2 1 1 2 0 0 3 0
-1944 1 1 1 2 0 0 1 1
-3231 4 1 1 1 2 2 0 0
-423 2 1 1 1 2 0 1 0
675 1 1 1 3 1 1 0 0
-9099 4 1 1 2 1 3 0 0
3240 1 1 1 1 1 1 2 0
-2016 1 1 1 1 1 1 0 1
-729 2 1 2 3 1 0 0 0
3645 4 1 1 4 0 2 0 0
13635 2 1 1 2 0 2 2 0
1044 1 1 2 1 1 0 0 1
486 1 1 1 3 0 0 0 1
-3816 1 1 1 2 0 2 0 1
2754 1 1 1 1 0 0 2 1
-567 8 1 1 5 0 0 0 0
-11745 8 1 1 3 0 4 0 0
-6615 8 1 1 1 0 0 4 0
-768 1 1 1 1 0 0 0 2
16173 4 1 1 2 0 4 1 0
10125 2 1 1 1 1 3 1 0
-19305 4 1 1 1 0 2 3 0
8868 1 1 1 1 0 2 1 1
-66 1 1 1 0 3 1 0 0
-540 1 2 1 0 1 5 0 0
-5805 4 1 3 0 1 5 0 0
13311 4 1 2 0 1 4 1 0
5481 4 1 1 1 1 5 0 0
594 1 1 1 0 2 4 0 0
-9855 4 1 1 0 1 3 2 0
2052 1 1 1 0 1 3 0 1
1107 1 1 1 0 2 2 1 0
-2727 2 1 1 0 1 1 3 0
2724 1 1 1 0 1 1 1 1
567 1 2 3 0 0 6 0 0
-5913 4 2 2 0 0 5 1 0
-10935 4 1 4 0 0 5 1 0
-4293 8 2 1 1 0 6 0 0
-1539 1 1 3 1 0 6 0 0
3888 1 1 2 1 0 5 1 0
2673 2 2 1 0 0 4 2 0
16281 4 1 3 0 0 4 2 0
-6075 2 1 2 0 0 3 3 0
-6399 2 1 1 1 0 4 2 0
-1080 1 2 1 0 0 4 0 1
-2700 1 1 3 0 0 4 0 1
6168 1 1 2 0 0 3 1 1
2790 1 1 1 1 0 4 0 1
-4776 1 1 1 0 0 2 2 1
567 4 3 1 0 0 6 0 0
2835 4 1 5 0 0 6 0 0
648 1 1 1 2 0 6 0 0
4779 4 1 1 0 0 2 4 0
1536 1 1 1 0 0 2 0 2
-1296 1 1 1 0 0 0 3 1
405 2 1 1 0 0 0 5 0
1152 1 1 1 0 0 0 1 2
-279 4 1 0 2 2 1 0 0
-1971 4 1 0 4 0 1 1 0
1917 2 1 0 3 0 3 1 0
1215 1 1 0 3 0 1 2 0
4671 4 1 0 2 1 2 1 0
-2997 2 1 0 2 0 1 3 0
2244 1 1 0 2 0 1 1 1
3 1 1 0 1 3 0 0 0
198 1 1 0 1 2 1 1 0
-621 2 1 0 3 1 2 0 0
3699 8 1 0 2 1 4 0 0
999 4 1 0 1 2 3 0 0
-6021 4 1 0 1 1 2 2 0
972 1 1 0 1 1 2 0 1
-297 2 1 0 3 1 0 1 0
567 2 1 0 2 1 0 2 0
424 1 1 0 1 1 0 1 1
-10 1 1 0 1 1 0 0 2
-891 4 1 0 4 0 3 0 0
-1485 1 1 0 2 0 3 2 0
-576 1 1 0 3 0 1 0 1
1008 1 1 0 2 0 3 0 1
-3084 1 1 0 1 0 1 2 1
81 1 1 0 5 0 1 0 0
405 2 1 0 3 0 5 0 0
918 1 1 0 1 0 1 4 0
864 1 1 0 1 0 1 0 2
105 4 1 0 0 3 2 0 0
-3 2 1 0 0 3 0 1 0
-675 4 1 0 0 2 1 2 0
140 1 1 0 0 2 1 0 1
-243 8 2 0 3 1 0 0 0
351 2 1 1 0 2 0 2 0
90 1 2 0 1 1 0 0 1
-180 1 1 1 0 2 0 0 1
-162 1 1 0 2 1 0 0 1
-378 1 1 0 0 1 0 2 1
81 8 3 0 2 1 0 0 0
243 8 1 0 4 1 0 0 0
621 8 1 0 0 1 0 4 0
192 1 1 0 0 1 0 0 2
891 2 2 0 0 1 4 1 0
-3969 4 1 0 1 1 4 1 0
-729 2 1 0 0 2 3 1 0
2511 4 1 0 0 1 2 3 0
-1356 1 1 0 0 1 2 1 1
-567 4 3 0 0 0 5 1 0
-243 2 2 2 0 0 7 0 0
567 2 2 1 0 0 6 1 0
729 1 1 3 0 0 6 1 0
243 4 2 0 1 0 7 0 0
1863 4 2 0 1 0 5 1 0
567 2 1 2 1 0 7 0 0
-648 1 1 1 1 0 6 1 0
-2025 4 1 0 2 0 5 1 0
729 8 2 0 0 1 6 0 0
1539 4 1 2 0 1 6 0 0
-1701 2 1 1 0 1 5 1 0
-729 4 1 0 1 1 6 0 0
-162 1 2 0 0 0 5 2 0
-891 2 2 0 0 0 3 3 0
-1053 1 1 2 0 0 5 2 0
1377 2 1 1 0 0 4 3 0
324 1 1 0 1 0 5 2 0
1863 2 1 0 1 0 3 3 0
1701 4 1 0 0 1 4 2 0
216 1 2 0 0 0 5 0 1
984 1 2 0 0 0 3 1 1
864 1 1 2 0 0 5 0 1
-1944 1 1 1 0 0 4 1 1
-432 1 1 0 1 0 5 0 1
-2244 1 1 0 1 0 3 1 1
-522 1 1 0 0 1 4 0 1
1080 1 1 0 0 0 3 2 1
-81 4 3 0 0 0 7 0 0
-729 4 1 4 0 0 7 0 0
-243 4 1 0 2 0 7 0 0
-243 2 1 0 0 2 5 0 0
-729 4 1 0 0 0 3 4 0
-480 1 1 0 0 0 3 0 2
1416 1 1 0 0 0 1 3 1
-891 4 1 0 0 0 1 5 0
-1024 1 1 0 0 0 1 1 2
-30 1 2 2 0 0 1 0 2
60 1 2 1 0 0 2 0 2
30 1 2 0 1 0 1 0 2
-30 1 2 0 0 0 3 0 2
-60 1 2 0 0 0 1 1 2
-30 1 1 4 0 0 1 0 2
60 1 1 3 0 0 2 0 2
90 1 1 2 1 0 1 0 2
-30 1 1 2 0 0 3 0 2
-60 1 1 2 0 0 1 1 2
-120 1 1 1 1 0 2 0 2
-60 1 1 1 0 1 1 0 2
60 1 1 1 0 0 2 1 2
-30 1 1 0 2 0 1 0 2
30 1 1 0 1 0 3 0 2
60 1 1 0 1 0 1 1 2
60 1 1 0 0 1 2 0 2
-30 1 1 0 0 0 1 2 2
160 1 1 0 0 0 1 0 3
-81 1 0 12 0 0 1 0 0
-729 8 0 11 1 0 0 0 0
648 1 0 10 1 0 1 0 0
567 2 0 11 0 0 2 0 0
-567 1 0 10 0 0 3 0 0
-15957 8 0 9 1 0 2 0 0
81 1 0 11 0 0 0 1 0
-2187 4 0 10 0 0 1 1 0
-2349 4 0 9 1 0 0 1 0
3159 2 0 9 0 0 2 1 0
-7695 4 0 8 2 0 1 0 0
13851 4 0 8 1 0 3 0 0
13689 4 0 8 1 0 1 1 0
405 8 0 10 0 1 0 0 0
-1377 4 0 9 0 1 1 0 0
-2511 8 0 8 1 1 0 0 0
8019 8 0 8 0 1 2 0 0
1215 4 0 8 0 1 0 1 0
3645 2 0 7 1 1 1 0 0
-10125 4 0 8 0 0 3 1 0
-1458 1 0 8 0 0 1 2 0
-16767 2 0 7 1 0 2 1 0
-3321 2 0 7 0 1 1 1 0
2511 8 0 9 2 0 0 0 0
-4131 8 0 7 3 0 0 0 0
5022 1 0 7 2 0 2 0 0
1539 1 0 7 2 0 0 1 0
2592 1 0 6 3 0 1 0 0
5265 8 0 6 2 1 0 0 0
-29565 4 0 6 2 0 1 1 0
-29565 8 0 7 1 0 4 0 0
-14499 2 0 6 2 0 3 0 0
-4455 1 0 6 1 1 2 0 0
22275 2 0 6 1 0 3 1 0
-43011 8 0 5 3 0 2 0 0
-1458 1 0 7 1 0 0 2 0
-1377 1 0 6 1 1 0 1 0
13365 2 0 6 1 0 1 2 0
-7047 4 0 5 3 0 0 1 0
28917 2 0 5 2 0 2 1 0
-1620 1 0 7 0 1 3 0 0
-891 2 0 6 0 2 1 0 0
7533 2 0 6 0 1 2 1 0
-12231 4 0 5 2 1 1 0 0
5913 1 0 5 1 1 3 0 0
6075 1 0 5 1 1 1 1 0
1053 4 0 9 0 0 0 2 0
13365 4 0 7 0 0 2 2 0
891 2 0 7 0 0 0 3 0
2673 4 0 6 0 1 0 2 0
-1944 1 0 6 0 0 1 3 0
2673 1 0 5 2 0 0 2 0
-49005 4 0 5 1 0 2 2 0
-3483 2 0 5 1 0 0 3 0
-5589 2 0 5 0 1 1 2 0
-108 1 0 9 0 0 0 0 1
648 1 0 8 0 0 1 0 1
630 1 0 7 1 0 0 0 1
-1620 1 0 7 0 0 2 0 1
-648 1 0 7 0 0 0 1 1
-3168 1 0 6 1 0 1 0 1
-306 1 0 6 0 1 0 0 1
3024 1 0 6 0 0 1 1 1
-1206 1 0 5 2 0 0 0 1
6480 1 0 5 1 0 2 0 1
2736 1 0 5 1 0 0 1 1
1440 1 0 5 0 1 1 0 1
-1404 1 0 5 0 0 0 2 1
81 8 0 13 0 0 0 0 0
2835 4 0 9 0 0 4 0 0
81 1 0 7 0 2 0 0 0
3321 8 0 5 4 0 0 0 0
12555 2 0 5 2 0 4 0 0
2025 2 0 5 0 2 2 0 0
3321 8 0 5 0 0 0 4 0
288 1 0 5 0 0 0 0 2
2430 1 0 7 0 0 4 1 0
4941 2 0 6 1 0 5 0 0
-34425 4 0 5 1 0 4 1 0
23733 4 0 4 3 0 3 0 0
25677 4 0 4 3 0 1 1 0
-58887 4 0 4 2 0 3 1 0
12555 8 0 6 0 1 4 0 0
-4536 1 0 5 0 1 3 1 0
46251 8 0 4 2 1 2 0 0
-36531 8 0 4 1 1 4 0 0
-21465 2 0 4 1 1 2 1 0
-4050 1 0 6 0 0 3 2 0
3321 1 0 5 0 0 2 3 0
-9396 1 0 4 2 0 1 2 0
11340 1 0 4 1 0 3 2 0
11745 2 0 4 1 0 1 3 0
9153 2 0 4 0 1 2 2 0
2160 1 0 6 0 0 3 0 1
-5616 1 0 5 0 0 2 1 1
4680 1 0 4 2 0 1 0 1
-6840 1 0 4 1 0 3 0 1
-9936 1 0 4 1 0 1 1 1
-2700 1 0 4 0 1 2 0 1
4752 1 0 4 0 0 1 2 1
-567 1 0 8 0 0 5 0 0
-6237 4 0 4 4 0 1 0 0
-13203 4 0 4 2 0 5 0 0
-1215 1 0 4 0 2 3 0 0
-2673 2 0 4 0 0 1 4 0
-1056 1 0 4 0 0 1 0 2
-4293 8 0 4 3 1 0 0 0
8991 4 0 3 4 0 2 0 0
7371 4 0 4 2 1 0 1 0
1701 2 0 3 4 0 0 1 0
-17739 2 0 3 3 0 2 1 0
1215 1 0 4 1 2 1 0 0
3483 2 0 3 3 1 1 0 0
-5670 1 0 3 2 1 3 0 0
-5832 1 0 3 2 1 1 1 0
-1944 1 0 4 1 1 0 2 0
-7371 4 0 3 3 0 0 2 0
12312 1 0 3 2 0 2 2 0
1944 1 0 3 2 0 0 3 0
11907 2 0 3 1 1 1 2 0
954 1 0 4 1 1 0 0 1
846 1 0 3 3 0 0 0 1
-7020 1 0 3 2 0 2 0 1
-3240 1 0 3 2 0 0 1 1
-3312 1 0 3 1 1 1 0 1
3690 1 0 3 1 0 0 2 1
-567 2 0 5 1 2 0 0 0
-1215 8 0 3 5 0 0 0 0
-29889 8 0 3 3 0 4 0 0
-4131 2 0 3 1 2 2 0 0
-8019 8 0 3 1 0 0 4 0
-768 1 0 3 1 0 0 0 2
-5589 4 0 6 0 0 5 1 0
-8019 8 0 5 1 0 6 0 0
15309 4 0 4 1 0 5 1 0
8262 1 0 3 2 0 4 1 0
-3645 4 0 5 0 1 5 0 0
12231 4 0 4 0 1 4 1 0
2025 1 0 3 1 1 5 0 0
19197 2 0 3 1 1 3 1 0
10935 4 0 5 0 0 4 2 0
-2754 1 0 4 0 0 3 3 0
-10935 2 0 3 1 0 4 2 0
-7209 1 0 3 1 0 2 3 0
-3645 1 0 3 0 1 3 2 0
-1620 1 0 5 0 0 4 0 1
5184 1 0 4 0 0 3 1 1
3870 1 0 3 1 0 4 0 1
13608 1 0 3 1 0 2 1 1
2520 1 0 3 0 1 3 0 1
-5832 1 0 3 0 0 2 2 1
567 2 0 7 0 0 6 0 0
2025 2 0 3 2 0 6 0 0
810 1 0 3 0 2 4 0 0
6075 4 0 3 0 0 2 4 0
1536 1 0 3 0 0 2 0 2
-1296 1 0 4 0 2 1 1 0
648 1 0 4 0 1 0 3 0
-3807 2 0 3 0 1 1 3 0
-1224 1 0 4 0 1 0 1 1
3924 1 0 3 0 1 1 1 1
-1296 1 0 3 0 0 0 3 1
324 1 0 5 0 2 0 1 0
2025 1 0 3 0 2 2 1 0
405 2 0 3 0 0 0 5 0
1152 1 0 3 0 0 0 1 2
-1539 1 0 2 4 0 3 0 0
-8019 4 0 2 4 0 1 1 0
11421 2 0 2 3 0 3 1 0
-4131 2 0 2 3 1 2 0 0
24219 8 0 2 2 1 4 0 0
13365 2 0 2 2 1 2 1 0
8505 2 0 2 3 0 1 2 0
-7290 1 0 2 2 0 3 2 0
-4374 1 0 2 2 0 1 3 0
-26001 4 0 2 1 1 2 2 0
-2088 1 0 2 3 0 1 0 1
5040 1 0 2 2 0 3 0 1
7740 1 0 2 2 0 1 1 1
4284 1 0 2 1 1 2 0 1
-8460 1 0 2 1 0 1 2 1
729 2 0 2 5 0 1 0 0
2673 2 0 2 3 0 5 0 0
3483 2 0 2 1 2 3 0 0
2187 1 0 2 1 0 1 4 0
1824 1 0 2 1 0 1 0 2
243 1 0 3 2 2 0 0 0
-648 1 0 3 1 2 0 1 0
-729 1 0 2 3 1 0 1 0
-162 1 0 3 0 3 1 0 0
-648 1 0 2 2 2 1 0 0
1701 1 0 2 1 2 1 1 0
729 2 0 3 0 2 0 2 0
2511 2 0 2 2 1 0 2 0
-1863 2 0 2 1 1 0 3 0
-1863 2 0 2 0 2 1 2 0
-180 1 0 3 0 2 0 0 1
-666 1 0 2 2 1 0 0 1
2088 1 0 2 1 1 0 1 1
540 1 0 2 0 2 1 0 1
-1314 1 0 2 0 1 0 2 1
81 2 0 4 0 3 0 0 0
1215 8 0 2 4 1 0 0 0
243 1 0 2 0 3 2 0 0
2025 8 0 2 0 1 0 4 0
192 1 0 2 0 1 0 0 2
891 2 0 5 0 0 6 1 0
891 4 0 4 1 0 7 0 0
-891 1 0 3 1 0 6 1 0
-9963 4 0 2 2 0 5 1 0
2349 8 0 4 0 1 6 0 0
-2187 2 0 3 0 1 5 1 0
-1863 4 0 2 1 1 6 0 0
-8991 2 0 2 1 1 4 1 0
-972 1 0 4 0 0 5 2 0
2187 2 0 3 0 0 4 3 0
2511 2 0 2 1 0 5 2 0
3807 1 0 2 1 0 3 3 0
5589 4 0 2 0 1 4 2 0
648 1 0 4 0 0 5 0 1
-2376 1 0 3 0 0 4 1 1
-1080 1 0 2 1 0 5 0 1
-8568 1 0 2 1 0 3 1 1
-1170 1 0 2 0 1 4 0 1
3024 1 0 2 0 0 3 2 1
-81 1 0 6 0 0 7 0 0
-162 1 0 2 2 0 7 0 0
-567 2 0 2 0 2 5 0 0
-1377 2 0 2 0 0 3 4 0
-1056 1 0 2 0 0 3 0 2
1944 1 0 2 0 1 2 3 0
-4608 1 0 2 0 1 2 1 1
2808 1 0 2 0 0 1 3 1
-1539 1 0 2 0 2 3 1 0
-1701 4 0 2 0 0 1 5 0
-2688 1 0 2 0 0 1 1 2
-2187 8 0 1 5 0 2 0 0
-567 4 0 1 5 0 0 1 0
1458 1 0 1 4 0 2 1 0
-1053 4 0 1 4 1 1 0 0
1053 1 0 1 3 1 3 0 0
2511 2 0 1 3 1 1 1 0
405 1 0 1 4 0 0 2 0
-11907 4 0 1 3 0 2 2 0
-1215 2 0 1 3 0 0 3 0
-4293 2 0 1 2 1 1 2 0
-180 1 0 1 4 0 0 0 1
1638 1 0 1 3 0 2 0 1
972 1 0 1 3 0 0 1 1
1188 1 0 1 2 1 1 0 1
-1836 1 0 1 2 0 0 2 1
81 4 0 1 6 0 0 0 0
3969 8 0 1 4 0 4 0 0
567 1 0 1 2 2 2 0 0
2025 4 0 1 2 0 0 4 0
384 1 0 1 2 0 0 0 2
-6723 4 0 1 3 0 4 1 0
-3321 4 0 1 2 1 5 0 0
-3240 1 0 1 2 1 3 1 0
1863 1 0 1 2 0 4 2 0
2916 1 0 1 2 0 2 3 0
2916 1 0 1 1 1 3 2 0
-1710 1 0 1 2 0 4 0 1
-5760 1 0 1 2 0 2 1 1
-2448 1 0 1 1 1 3 0 1
5850 1 0 1 1 0 2 2 1
-2025 8 0 1 3 0 6 0 0
-729 1 0 1 1 2 4 0 0
-10935 8 0 1 1 0 2 4 0
-1536 1 0 1 1 0 2 0 2
3159 2 0 1 1 1 1 3 0
-3672 1 0 1 1 1 1 1 1
1476 1 0 1 1 0 0 3 1
-1458 1 0 1 1 2 2 1 0
-891 4 0 1 1 0 0 5 0
-1536 1 0 1 1 0 0 1 2
1539 2 0 1 0 2 2 2 0
-540 1 0 1 0 2 2 0 1
2268 1 0 1 0 1 1 2 1
-162 1 0 1 0 3 3 0 0
-1701 4 0 1 0 1 1 4 0
-192 1 0 1 0 1 1 0 2
81 4 1 3 0 0 8 0 0
-81 1 1 2 0 0 7 1 0
-243 4 0 4 0 0 7 1 0
-81 4 1 1 1 0 8 0 0
-81 4 0 3 1 0 8 0 0
81 1 0 2 1 0 7 1 0
729 2 0 1 2 0 6 1 0
-81 2 1 1 0 1 7 0 0
-81 2 0 3 0 1 7 0 0
162 1 0 2 0 1 6 1 0
81 2 0 1 1 1 7 0 0
2025 2 0 1 1 1 5 1 0
405 4 1 1 0 0 6 2 0
567 4 0 3 0 0 6 2 0
-162 1 0 2 0 0 5 3 0
-405 4 0 1 1 0 6 2 0
-1539 2 0 1 1 0 4 3 0
-405 2 0 1 0 1 5 2 0
-108 1 1 1 0 0 6 0 1
-108 1 0 3 0 0 6 0 1
432 1 0 2 0 0 5 1 1
108 1 0 1 1 0 6 0 1
2376 1 0 1 1 0 4 1 1
216 1 0 1 0 1 5 0 1
-540 1 0 1 0 0 4 2 1
81 8 2 1 0 0 8 0 0
81 8 0 5 0 0 8 0 0
81 8 0 1 2 0 8 0 0
81 2 0 1 0 2 6 0 0
729 8 0 1 0 0 4 4 0
288 1 0 1 0 0 4 0 2
-1539 2 0 1 0 1 3 3 0
2340 1 0 1 0 1 3 1 1
-1728 1 0 1 0 0 2 3 1
567 1 0 1 0 2 4 1 0
243 1 0 1 0 0 2 5 0
2112 1 0 1 0 0 2 1 2
-432 1 0 1 0 0 0 4 1
81 2 0 1 0 0 0 6 0
1152 1 0 1 0 0 0 2 2
243 4 0 0 5 0 3 0 0
567 4 0 0 5 0 1 1 0
-1215 4 0 0 4 0 3 1 0
891 8 0 0 4 1 2 0 0
-1539 8 0 0 3 1 4 0 0
-1053 2 0 0 3 1 2 1 0
-405 1 0 0 4 0 1 2 0
567 1 0 0 3 0 3 2 0
1215 2 0 0 3 0 1 3 0
891 1 0 0 2 1 2 2 0
180 1 0 0 4 0 1 0 1
-396 1 0 0 3 0 3 0 1
-972 1 0 0 3 0 1 1 1
-522 1 0 0 2 1 2 0 1
1836 1 0 0 2 0 1 2 1
-81 4 0 0 6 0 1 0 0
-243 4 0 0 4 0 5 0 0
-162 1 0 0 2 2 3 0 0
-2025 4 0 0 2 0 1 4 0
-288 1 0 0 2 0 1 0 2
-81 2 0 1 3 2 0 0 0
162 1 0 1 2 2 0 1 0
243 4 0 0 4 1 0 1 0
81 1 0 1 1 3 1 0 0
81 2 0 0 3 2 1 0 0
-162 1 0 0 2 2 1 1 0
-243 1 1 0 1 1 0 3 0
-405 2 0 1 1 2 0 2 0
-567 4 0 0 3 1 0 2 0
162 1 0 0 2 1 0 3 0
405 2 0 0 1 2 1 2 0
144 1 0 1 1 2 0 0 1
72 1 0 0 3 1 0 0 1
-324 1 0 0 2 1 0 1 1
-144 1 0 0 1 2 1 0 1
432 1 0 0 1 1 0 2 1
-81 2 0 2 1 3 0 0 0
-81 8 0 0 5 1 0 0 0
-81 2 0 0 1 3 2 0 0
-729 8 0 0 1 1 0 4 0
-96 1 0 0 1 1 0 0 2
729 4 0 0 3 0 5 1 0
729 8 0 0 2 1 6 0 0
2187 4 0 0 2 1 4 1 0
-162 1 0 0 2 0 5 2 0
-486 1 0 0 2 0 3 3 0
-1701 4 0 0 1 1 4 2 0
216 1 0 0 2 0 5 0 1
1260 1 0 0 2 0 3 1 1
522 1 0 0 1 1 4 0 1
-1080 1 0 0 1 0 3 2 1
81 4 0 0 3 0 7 0 0
243 2 0 0 1 2 5 0 0
729 4 0 0 1 0 3 4 0
480 1 0 0 1 0 3 0 2
-648 1 0 0 1 1 2 3 0
1584 1 0 0 1 1 2 1 1
-1476 1 0 0 1 0 1 3 1
405 1 0 0 1 2 3 1 0
891 4 0 0 1 0 1 5 0
1344 1 0 0 1 0 1 1 2
-405 2 0 0 0 2 3 2 0
180 1 0 0 0 2 3 0 1
-954 1 0 0 0 1 2 2 1
81 2 0 0 0 3 4 0 0
1377 8 0 0 0 1 2 4 0
-162 1 0 1 0 3 1 1 0
81 1 0 1 0 2 0 3 0
-81 1 0 0 0 2 1 3 0
-360 1 0 1 0 2 0 1 1
360 1 0 0 0 2 1 1 1
-180 1 0 0 0 1 0 3 1
81 1 0 2 0 3 0 1 0
81 1 0 0 0 3 2 1 0
81 4 0 0 0 1 0 5 0
384 1 0 0 0 1 0 1 2
81 2 1 0 1 0 7 1 0
81 1 1 0 0 1 6 1 0
-81 1 0 0 1 1 6 1 0
-81 2 1 0 0 0 5 3 0
81 2 0 0 1 0 5 3 0
81 1 0 0 0 1 4 3 0
216 1 1 0 0 0 5 1 1
-216 1 0 0 1 0 5 1 1
-432 1 0 0 0 1 4 1 1
216 1 0 0 0 0 3 3 1
-81 4 2 0 0 0 7 1 0
-81 4 0 0 2 0 7 1 0
-81 1 0 0 0 2 5 1 0
-81 4 0 0 0 0 3 5 0
-576 1 0 0 0 0 3 1 2
432 1 0 0 0 0 1 4 1
-81 2 0 0 0 0 1 6 0
-1056 1 0 0 0 0 1 2 2
-512 1 0 0 0 0 1 0 3
1140
81 2 4 5 0 0 1 0 0
81 8 4 4 1 0 0 0 0
-243 4 4 3 1 0 1 0 0
-1053 8 4 4 0 0 2 0 0
891 4 4 3 0 0 3 0 0
1053 8 4 2 1 0 2 0 0
-81 4 4 4 0 0 0 1 0
243 2 4 3 0 0 1 1 0
81 4 4 2 1 0 0 1 0
-1053 4 4 2 0 0 2 1 0
-81 4 3 8 0 0 0 0 0
162 1 3 7 0 0 1 0 0
81 1 3 6 1 0 0 0 0
-4293 8 3 6 0 0 2 0 0
-405 4 3 6 0 0 0 1 0
-2187 4 3 5 1 0 1 0 0
3807 4 3 5 0 0 3 0 0
648 1 3 5 0 0 1 1 0
243 1 2 9 0 0 1 0 0
-729 8 3 4 2 0 0 0 0
11745 8 3 4 1 0 2 0 0
1053 4 3 4 1 0 0 1 0
729 4 2 8 1 0 0 0 0
-5103 4 2 7 1 0 1 0 0
-972 1 3 4 0 0 4 0 0
-1620 1 3 4 0 0 2 1 0
-6561 8 2 8 0 0 2 0 0
6075 4 2 7 0 0 3 0 0
29403 8 2 6 1 0 2 0 0
-1377 8 3 4 0 0 0 2 0
-729 4 2 8 0 0 0 1 0
1215 1 2 7 0 0 1 1 0
3159 4 2 6 1 0 0 1 0
-13203 4 2 6 0 0 2 1 0
1863 4 3 3 2 0 1 0 0
-8019 4 3 3 1 0 3 0 0
-5265 4 3 3 1 0 1 1 0
8505 4 2 5 2 0 1 0 0
-11259 2 2 5 1 0 3 0 0
-17577 4 2 5 1 0 1 1 0
-243 8 3 5 0 1 0 0 0
405 2 3 4 0 1 1 0 0
81 2 3 3 1 1 0 0 0
-1053 2 3 3 0 1 2 0 0
-297 4 3 3 0 1 0 1 0
-729 8 2 7 0 1 0 0 0
1215 2 2 6 0 1 1 0 0
1215 4 2 5 1 1 0 0 0
-13041 8 2 5 0 1 2 0 0
-1323 4 2 5 0 1 0 1 0
-3321 2 2 4 1 1 1 0 0
8019 4 3 3 0 0 3 1 0
3321 4 3 3 0 0 1 2 0
4698 1 2 5 0 0 3 1 0
8829 4 2 5 0 0 1 2 0
19035 2 2 4 1 0 2 1 0
6831 4 2 4 0 1 1 1 0
243 8 3 2 3 0 0 0 0
-6723 8 3 2 2 0 2 0 0
-567 4 3 2 2 0 0 1 0
-729 2 2 6 2 0 0 0 0
2187 8 2 4 3 0 0 0 0
-39123 8 2 4 2 0 2 0 0
-3969 4 2 4 2 0 0 1 0
-4779 4 2 3 3 0 1 0 0
-1863 8 2 3 2 1 0 0 0
4212 1 2 3 2 0 1 1 0
11745 8 3 2 1 0 4 0 0
4617 2 3 2 1 0 2 1 0
19683 4 2 4 1 0 4 0 0
22599 4 2 3 2 0 3 0 0
3483 1 2 3 1 1 2 0 0
-40581 4 2 3 1 0 3 1 0
14661 8 2 2 3 0 2 0 0
1701 8 3 2 1 0 0 2 0
9153 8 2 4 1 0 0 2 0
1215 2 2 3 1 1 0 1 0
-4698 1 2 3 1 0 1 2 0
1377 4 2 2 3 0 0 1 0
-6237 1 2 2 2 0 2 1 0
-729 4 3 2 1 1 1 0 0
2673 4 3 2 0 1 3 0 0
675 2 3 2 0 1 1 1 0
8991 4 2 4 0 1 3 0 0
1377 4 2 3 0 2 1 0 0
-13311 4 2 3 0 1 2 1 0
1701 2 2 2 2 1 1 0 0
-14013 4 2 2 1 1 3 0 0
-2187 1 2 2 1 1 1 1 0
-11097 8 3 2 0 0 2 2 0
-381 4 3 2 0 0 0 3 0
-3321 8 2 6 0 0 0 2 0
-36045 8 2 4 0 0 2 2 0
-1677 4 2 4 0 0 0 3 0
-729 2 2 3 0 1 0 2 0
6675 4 2 3 0 0 1 3 0
-5265 8 2 2 2 0 0 2 0
53379 8 2 2 1 0 2 2 0
2115 4 2 2 1 0 0 3 0
5157 4 2 2 0 1 1 2 0
54 1 3 4 0 0 0 0 1
-324 1 3 3 0 0 1 0 1
-54 1 3 2 1 0 0 0 1
702 1 3 2 0 0 2 0 1
108 1 3 2 0 0 0 1 1
162 1 2 6 0 0 0 0 1
-972 1 2 5 0 0 1 0 1
-486 1 2 4 1 0 0 0 1
2214 1 2 4 0 0 2 0 1
540 1 2 4 0 0 0 1 1
2376 1 2 3 1 0 1 0 1
198 1 2 3 0 1 0 0 1
-2484 1 2 3 0 0 1 1 1
270 1 2 2 2 0 0 0 1
-4050 1 2 2 1 0 2 0 1
-756 1 2 2 1 0 0 1 1
-900 1 2 2 0 1 1 0 1
438 1 2 2 0 0 0 2 1
-81 16 4 6 0 0 0 0 0
-81 16 4 2 2 0 0 0 0
-3321 16 4 2 0 0 4 0 0
-81 4 4 2 0 0 0 2 0
-243 8 2 10 0 0 0 0 0
-26811 16 2 6 0 0 4 0 0
-1053 16 2 4 0 2 0 0 0
-1053 16 2 2 4 0 0 0 0
-27459 8 2 2 2 0 4 0 0
-5265 8 2 2 0 2 2 0 0
-2481 16 2 2 0 0 0 4 0
-144 1 2 2 0 0 0 0 2
3 4 2 1 0 3 0 0 0
135 4 3 1 1 1 0 1 0
-1971 4 3 1 0 1 2 1 0
-27 1 3 1 0 1 0 2 0
-81 1 2 2 0 2 0 1 0
-162 1 2 1 2 1 0 1 0
2484 1 2 1 1 1 2 1 0
837 4 2 1 1 1 0 2 0
459 2 2 1 0 2 1 1 0
-303 4 2 1 0 1 0 3 0
144 1 2 1 0 1 0 1 1
-243 2 4 1 1 0 3 0 0
-81 1 4 1 1 0 1 1 0
243 1 4 1 0 0 3 1 0
567 1 3 3 0 0 5 0 0
-5103 4 3 2 0 0 4 1 0
-3726 1 2 4 0 0 4 1 0
-405 4 3 1 3 0 1 0 0
2511 4 3 1 2 0 3 0 0
1863 4 3 1 2 0 1 1 0
-2187 4 3 1 1 0 5 0 0
-3321 2 3 1 1 0 3 1 0
-2430 1 2 3 1 0 5 0 0
21951 4 2 2 1 0 4 1 0
-4617 4 2 1 3 0 3 0 0
-1377 2 3 1 1 0 1 2 0
-1863 2 2 1 3 0 1 1 0
14985 4 2 1 2 0 3 1 0
1053 4 3 1 1 1 2 0 0
-3321 8 3 1 0 1 4 0 0
-13365 8 2 3 0 1 4 0 0
6075 2 2 2 0 1 3 1 0
-7857 8 2 1 2 1 2 0 0
6723 4 2 1 1 1 4 0 0
1863 2 3 1 0 0 3 2 0
312 1 3 1 0 0 1 3 0
8829 2 2 3 0 0 3 2 0
-2262 1 2 2 0 0 2 3 0
3483 2 2 1 2 0 1 2 0
-7533 2 2 1 1 0 3 2 0
-2787 2 2 1 1 0 1 3 0
-5751 4 2 1 0 1 2 2 0
216 1 3 1 1 0 1 0 1
-648 1 3 1 0 0 3 0 1
-432 1 3 1 0 0 1 1 1
-2376 1 2 3 0 0 3 0 1
3888 1 2 2 0 0 2 1 1
-864 1 2 1 2 0 1 0 1
2808 1 2 1 1 0 3 0 1
2376 1 2 1 1 0 1 1 1
1314 1 2 1 0 1 2 0 1
-1416 1 2 1 0 0 1 2 1
81 4 4 1 2 0 1 0 0
405 4 4 1 0 0 5 0 0
81 1 4 1 0 0 1 2 0
4455 4 2 5 0 0 5 0 0
729 4 2 1 4 0 1 0 0
4131 4 2 1 2 0 5 0 0
2187 4 2 1 0 2 3 0 0
1653 4 2 1 0 0 1 4 0
576 1 2 1 0 0 1 0 2
-3 2 2 0 0 3 1 0 0
-6 1 2 0 0 2 0 2 0
-135 2 3 0 1 1 1 1 0
459 2 3 0 0 1 3 1 0
54 1 3 0 0 1 1 2 0
945 4 2 0 2 1 1 1 0
-1809 2 2 0 1 1 3 1 0
-297 1 2 0 1 1 1 2 0
-297 2 2 0 0 2 2 1 0
219 2 2 0 0 1 1 3 0
-288 1 2 0 0 1 1 1 1
81 2 4 0 1 0 4 0 0
81 1 4 0 1 0 2 1 0
-81 1 4 0 0 0 4 1 0
-1377 8 3 2 0 0 6 0 0
1539 4 3 1 0 0 5 1 0
6399 4 2 3 0 0 5 1 0
81 1 3 0 3 0 2 0 0
-162 1 3 0 2 0 4 0 0
-729 2 3 0 2 0 2 1 0
81 1 3 0 1 0 6 0 0
405 1 3 0 1 0 4 1 0
4941 8 2 2 1 0 6 0 0
-1377 1 2 1 1 0 5 1 0
243 1 2 0 3 0 4 0 0
1053 2 3 0 1 0 2 2 0
1215 2 2 0 3 0 2 1 0
-729 1 2 0 2 0 4 1 0
-243 2 3 0 1 1 3 0 0
405 4 3 0 0 1 5 0 0
2511 4 2 2 0 1 5 0 0
-1269 1 2 1 0 1 4 1 0
729 2 2 0 2 1 3 0 0
-1215 4 2 0 1 1 5 0 0
-405 2 3 0 0 0 4 2 0
-237 1 3 0 0 0 2 3 0
-8343 4 2 2 0 0 4 2 0
2349 2 2 1 0 0 3 3 0
-4455 4 2 0 2 0 2 2 0
648 1 2 0 1 0 4 2 0
885 1 2 0 1 0 2 3 0
513 1 2 0 0 1 3 2 0
-216 1 3 0 1 0 2 0 1
216 1 3 0 0 0 4 0 1
432 1 3 0 0 0 2 1 1
1188 1 2 2 0 0 4 0 1
-2376 1 2 1 0 0 3 1 1
648 1 2 0 2 0 2 0 1
-648 1 2 0 1 0 4 0 1
-1728 1 2 0 1 0 2 1 1
-612 1 2 0 0 1 3 0 1
1032 1 2 0 0 0 2 2 1
-81 4 4 0 2 0 2 0 0
-81 4 4 0 0 0 6 0 0
-81 1 4 0 0 0 2 2 0
-1701 4 2 4 0 0 6 0 0
-243 2 2 0 4 0 2 0 0
-243 2 2 0 2 0 6 0 0
-2673 16 2 0 0 2 4 0 0
-1053 4 2 0 0 0 2 4 0
-576 1 2 0 0 0 2 0 2
-6 1 3 0 1 0 0 3 0
12 1 3 0 0 0 0 4 0
6 1 2 0 2 0 0 3 0
-12 1 2 0 1 0 0 4 0
6 1 2 0 0 0 0 5 0
-128 1 2 0 0 0 0 3 1
162 1 1 11 0 0 1 0 0
162 1 1 10 1 0 0 0 0
-4617 4 1 9 1 0 1 0 0
-4455 8 1 10 0 0 2 0 0
4293 4 1 9 0 0 3 0 0
27783 8 1 8 1 0 2 0 0
-567 4 1 10 0 0 0 1 0
972 1 1 9 0 0 1 1 0
3483 4 1 8 1 0 0 1 0
-5589 2 1 8 0 0 2 1 0
11745 4 1 7 2 0 1 0 0
-22923 4 1 7 1 0 3 0 0
-20655 4 1 7 1 0 1 1 0
-729 8 1 9 0 1 0 0 0
1215 2 1 8 0 1 1 0 0
486 1 1 7 1 1 0 0 0
-6723 4 1 7 0 1 2 0 0
-1755 4 1 7 0 1 0 1 0
-11097 4 1 6 1 1 1 0 0
17415 4 1 7 0 0 3 1 0
8991 4 1 7 0 0 1 2 0
25029 2 1 6 1 0 2 1 0
2403 1 1 6 0 1 1 1 0
-3807 8 1 8 2 0 0 0 0
4941 8 1 6 3 0 0 0 0
-59697 8 1 6 2 0 2 0 0
-7209 4 1 6 2 0 0 1 0
-12555 4 1 5 3 0 1 0 0
-6399 8 1 5 2 1 0 0 0
35235 4 1 5 2 0 1 1 0
44955 8 1 6 1 0 4 0 0
40257 4 1 5 2 0 3 0 0
25515 4 1 5 1 1 2 0 0
-15876 1 1 5 1 0 3 1 0
25191 4 1 4 3 0 2 0 0
13851 8 1 6 1 0 0 2 0
6183 4 1 5 1 1 0 1 0
-16281 2 1 5 1 0 1 2 0
2835 2 1 4 3 0 0 1 0
-16848 1 1 4 2 0 2 1 0
9963 4 1 6 0 1 3 0 0
1377 2 1 5 0 2 1 0 0
-5265 1 1 5 0 1 2 1 0
14661 4 1 4 2 1 1 0 0
-7533 1 1 4 1 1 3 0 0
-6777 1 1 4 1 1 1 1 0
-3159 8 1 8 0 0 0 2 0
-41391 8 1 6 0 0 2 2 0
-2187 4 1 6 0 0 0 3 0
-1485 2 1 5 0 1 0 2 0
4941 2 1 5 0 0 1 3 0
-8829 4 1 4 2 0 0 2 0
59211 4 1 4 1 0 2 2 0
2997 2 1 4 1 0 0 3 0
6237 2 1 4 0 1 1 2 0
162 1 1 8 0 0 0 0 1
-972 1 1 7 0 0 1 0 1
-810 1 1 6 1 0 0 0 1
2322 1 1 6 0 0 2 0 1
756 1 1 6 0 0 0 1 1
4104 1 1 5 1 0 1 0 1
396 1 1 5 0 1 0 0 1
-3672 1 1 5 0 0 1 1 1
1188 1 1 4 2 0 0 0 1
-7884 1 1 4 1 0 2 0 1
-2376 1 1 4 1 0 0 1 1
-1800 1 1 4 0 1 1 0 1
1140 1 1 4 0 0 0 2 1
-81 4 1 12 0 0 0 0 0
-10125 8 1 8 0 0 4 0 0
-1053 8 1 6 0 2 0 0 0
-2673 8 1 4 4 0 0 0 0
-61641 8 1 4 2 0 4 0 0
-5589 4 1 4 0 2 2 0 0
-2997 8 1 4 0 0 0 4 0
-288 1 1 4 0 0 0 0 2
-60 1 1 3 0 3 0 0 0
-1377 4 1 4 0 2 0 1 0
-5319 4 1 3 2 1 0 1 0
22599 2 1 3 1 1 2 1 0
2835 2 1 3 1 1 0 2 0
5373 4 1 3 0 2 1 1 0
-1971 4 1 3 0 1 0 3 0
936 1 1 3 0 1 0 1 1
-15795 4 1 6 0 0 4 1 0
-13203 4 1 5 1 0 5 0 0
44631 4 1 4 1 0 4 1 0
-6318 1 1 3 3 0 3 0 0
-5184 1 1 3 3 0 1 1 0
31671 2 1 3 2 0 3 1 0
-16929 8 1 5 0 1 4 0 0
11691 2 1 4 0 1 3 1 0
-12879 2 1 3 2 1 2 0 0
4779 1 1 3 1 1 4 0 0
12231 2 1 5 0 0 3 2 0
-8505 2 1 4 0 0 2 3 0
7857 1 1 3 2 0 1 2 0
-25839 2 1 3 1 0 3 2 0
-5184 1 1 3 1 0 1 3 0
-19683 4 1 3 0 1 2 2 0
-2808 1 1 5 0 0 3 0 1
6696 1 1 4 0 0 2 1 1
-4752 1 1 3 2 0 1 0 1
7128 1 1 3 1 0 3 0 1
9072 1 1 3 1 0 1 1 1
2934 1 1 3 0 1 2 0 1
-4224 1 1 3 0 0 1 2 1
1863 2 1 7 0 0 5 0 0
2511 2 1 3 4 0 1 0 0
13203 4 1 3 2 0 5 0 0
1377 1 1 3 0 2 3 0 0
2511 2 1 3 0 0 1 4 0
1152 1 1 3 0 0 1 0 2
405 1 1 3 3 1 0 0 0
-13365 8 1 2 4 0 2 0 0
-1377 4 1 2 4 0 0 1 0
13365 2 1 2 3 0 2 1 0
-2997 2 1 3 1 2 1 0 0
-1215 1 1 2 3 1 1 0 0
10773 2 1 2 2 1 3 0 0
7803 2 1 2 2 1 1 1 0
1539 2 1 2 3 0 0 2 0
-39123 4 1 2 2 0 2 2 0
-1701 2 1 2 2 0 0 3 0
-4077 1 1 2 1 1 1 2 0
-972 1 1 3 1 1 0 0 1
-432 1 1 2 3 0 0 0 1
6588 1 1 2 2 0 2 0 1
1512 1 1 2 2 0 0 1 1
3348 1 1 2 1 1 1 0 1
-1584 1 1 2 1 0 0 2 1
729 2 1 4 1 2 0 0 0
243 4 1 2 5 0 0 0 0
26325 8 1 2 3 0 4 0 0
17901 8 1 2 1 2 2 0 0
1863 4 1 2 1 0 0 4 0
576 1 1 2 1 0 0 0 2
885 4 1 2 0 3 1 0 0
-17631 2 1 2 1 1 3 1 0
-7587 4 1 2 0 2 2 1 0
2781 2 1 2 0 1 1 3 0
-3096 1 1 2 0 1 1 1 1
4131 2 1 5 0 0 5 1 0
8829 8 1 4 1 0 6 0 0
-16767 4 1 3 1 0 5 1 0
-29889 4 1 2 2 0 4 1 0
2025 2 1 4 0 1 5 0 0
-13581 4 1 3 0 1 4 1 0
-6075 4 1 2 1 1 5 0 0
-30861 8 1 4 0 0 4 2 0
3402 1 1 3 0 0 3 3 0
43011 8 1 2 1 0 4 2 0
12393 2 1 2 1 0 2 3 0
3537 1 1 2 0 1 3 2 0
1782 1 1 4 0 0 4 0 1
-5616 1 1 3 0 0 3 1 1
-2970 1 1 2 1 0 4 0 1
-11880 1 1 2 1 0 2 1 1
-2052 1 1 2 0 1 3 0 1
5244 1 1 2 0 0 2 2 1
-3321 8 1 6 0 0 6 0 0
-5751 8 1 2 2 0 6 0 0
-5265 8 1 2 0 2 4 0 0
-11421 8 1 2 0 0 2 4 0
-1440 1 1 2 0 0 2 0 2
552 1 1 2 0 0 0 3 1
-405 4 1 2 0 0 0 5 0
-480 1 1 2 0 0 0 1 2
75 4 1 1 1 3 0 0 0
378 1 1 2 1 2 0 1 0
459 2 1 1 3 1 0 1 0
-14769 4 1 1 2 1 2 1 0
-1539 4 1 1 2 1 0 2 0
-648 1 1 1 1 1 0 1 1
3645 4 1 1 4 0 3 0 0
3159 4 1 1 4 0 1 1 0
-3483 1 1 1 3 0 3 1 0
2349 2 1 1 3 1 2 0 0
-16929 8 1 1 2 1 4 0 0
-3483 2 1 1 3 0 1 2 0
9639 2 1 1 2 0 3 2 0
3807 2 1 1 2 0 1 3 0
3780 1 1 1 1 1 2 2 0
1080 1 1 1 3 0 1 0 1
-3672 1 1 1 2 0 3 0 1
-3672 1 1 1 2 0 1 1 1
-3600 1 1 1 1 1 2 0 1
3912 1 1 1 1 0 1 2 1
-567 4 1 1 5 0 1 0 0
-3321 4 1 1 3 0 5 0 0
-5751 4 1 1 1 2 3 0 0
-4131 4 1 1 1 0 1 4 0
-1728 1 1 1 1 0 1 0 2
-525 2 1 1 0 3 2 0 0
-51 2 1 1 0 3 0 1 0
405 8 2 2 1 2 0 0 0
81 2 2 1 3 1 0 0 0
-162 1 1 2 2 2 0 0 0
-567 4 2 1 1 2 1 0 0
1377 4 1 1 2 2 1 0 0
-90 1 2 1 1 1 0 0 1
216 1 1 2 0 2 0 0 1
270 1 1 1 2 1 0 0 1
-612 1 1 1 0 2 1 0 1
282 1 1 1 0 1 0 2 1
-81 8 3 1 2 1 0 0 0
-405 8 1 1 4 1 0 0 0
-621 8 1 1 0 1 0 4 0
-192 1 1 1 0 1 0 0 2
12447 4 1 1 1 1 4 1 0
4563 4 1 1 0 2 3 1 0
-5049 4 1 1 0 1 2 3 0
3204 1 1 1 0 1 2 1 1
81 1 2 3 0 0 7 0 0
-324 1 2 2 0 0 6 1 0
-567 1 1 4 0 0 6 1 0
-243 4 2 1 1 0 7 0 0
-729 4 1 3 1 0 7 0 0
729 1 1 2 1 0 6 1 0
6399 4 1 1 2 0 5 1 0
-729 8 2 1 0 1 6 0 0
-243 1 1 3 0 1 6 0 0
1863 2 1 2 0 1 5 1 0
729 4 1 1 1 1 6 0 0
405 1 2 1 0 0 5 2 0
4779 4 1 3 0 0 5 2 0
-4779 4 1 2 0 0 4 3 0
-891 1 1 1 1 0 5 2 0
-2835 1 1 1 1 0 3 3 0
-4293 4 1 1 0 1 4 2 0
-216 1 2 1 0 0 5 0 1
-540 1 1 3 0 0 5 0 1
2052 1 1 2 0 0 4 1 1
432 1 1 1 1 0 5 0 1
6048 1 1 1 1 0 3 1 1
522 1 1 1 0 1 4 0 1
-2376 1 1 1 0 0 3 2 1
81 4 3 1 0 0 7 0 0
405 4 1 5 0 0 7 0 0
243 4 1 1 2 0 7 0 0
243 2 1 1 0 2 5 0 0
2349 4 1 1 0 0 3 4 0
576 1 1 1 0 0 3 0 2
-1416 1 1 1 0 0 1 3 1
891 4 1 1 0 0 1 5 0
1536 1 1 1 0 0 1 1 2
-75 4 1 0 1 3 1 0 0
-270 1 1 0 3 1 1 1 0
2241 2 1 0 2 1 3 1 0
891 2 1 0 2 1 1 2 0
1647 4 1 0 1 2 2 1 0
-324 1 1 0 1 1 1 3 0
828 1 1 0 1 1 1 1 1
-162 1 1 0 4 0 4 0 0
-891 2 1 0 4 0 2 1 0
567 1 1 0 3 0 4 1 0
-729 2 1 0 3 1 3 0 0
1215 4 1 0 2 1 5 0 0
972 1 1 0 3 0 2 2 0
-1377 2 1 0 2 0 4 2 0
-1053 1 1 0 2 0 2 3 0
-2241 2 1 0 1 1 3 2 0
-648 1 1 0 3 0 2 0 1
648 1 1 0 2 0 4 0 1
2160 1 1 0 2 0 2 1 1
1224 1 1 0 1 1 3 0 1
-2328 1 1 0 1 0 2 2 1
81 1 1 0 5 0 2 0 0
81 1 1 0 3 0 6 0 0
2673 8 1 0 1 2 4 0 0
567 1 1 0 1 0 2 4 0
1152 1 1 0 1 0 2 0 2
3 4 1 0 0 4 0 0 0
51 2 1 0 0 3 1 1 0
27 2 2 0 1 2 0 1 0
-135 4 1 0 2 2 0 1 0
297 8 1 0 1 2 0 2 0
-27 2 1 0 0 2 0 3 0
32 1 1 0 0 2 0 1 1
-5 1 1 0 0 2 0 0 2
-243 4 2 0 3 1 1 0 0
-3159 4 1 1 1 2 1 1 0
729 8 2 0 1 2 2 0 0
-729 4 1 0 2 2 2 0 0
1755 4 1 1 0 2 1 2 0
-1809 8 1 0 0 2 2 2 0
180 1 2 0 1 1 1 0 1
-360 1 1 0 2 1 1 0 1
396 1 1 0 0 2 2 0 1
-372 1 1 0 0 1 1 2 1
81 4 3 0 2 1 1 0 0
243 4 1 0 4 1 1 0 0
405 4 1 0 0 3 3 0 0
351 4 1 0 0 1 1 4 0
384 1 1 0 0 1 1 0 2
243 2 2 0 1 0 6 1 0
729 4 2 0 0 1 5 1 0
-729 2 1 0 1 1 5 1 0
-162 1 2 0 0 0 4 3 0
324 1 1 0 1 0 4 3 0
729 2 1 0 0 1 3 3 0
432 1 2 0 0 0 4 1 1
-864 1 1 0 1 0 4 1 1
-1044 1 1 0 0 1 3 1 1
864 1 1 0 0 0 2 3 1
-81 2 3 0 0 0 6 1 0
-243 2 1 0 2 0 6 1 0
-243 1 1 0 0 2 4 1 0
-243 2 1 0 0 0 2 5 0
-1056 1 1 0 0 0 2 1 2
48 1 2 0 1 0 0 2 1
-48 1 1 0 2 0 0 2 1
96 1 1 0 1 0 0 3 1
-48 1 1 0 0 0 0 4 1
448 1 1 0 0 0 0 2 2
-30 1 2 2 0 0 0 1 2
60 1 2 1 0 0 1 1 2
30 1 2 0 1 0 0 1 2
-30 1 2 0 0 0 2 1 2
-60 1 2 0 0 0 0 2 2
-30 1 1 4 0 0 0 1 2
60 1 1 3 0 0 1 1 2
90 1 1 2 1 0 0 1 2
-30 1 1 2 0 0 2 1 2
-60 1 1 2 0 0 0 2 2
-120 1 1 1 1 0 1 1 2
-60 1 1 1 0 1 0 1 2
60 1 1 1 0 0 1 2 2
-30 1 1 0 2 0 0 1 2
30 1 1 0 1 0 2 1 2
60 1 1 0 1 0 0 2 2
60 1 1 0 0 1 1 1 2
-30 1 1 0 0 0 0 3 2
400 1 1 0 0 0 0 1 3
6 1 2 2 0 0 0 0 3
-12 1 2 1 0 0 1 0 3
-6 1 2 0 1 0 0 0 3
6 1 2 0 0 0 2 0 3
12 1 2 0 0 0 0 1 3
6 1 1 4 0 0 0 0 3
-12 1 1 3 0 0 1 0 3
-18 1 1 2 1 0 0 0 3
6 1 1 2 0 0 2 0 3
12 1 1 2 0 0 0 1 3
24 1 1 1 1 0 1 0 3
12 1 1 1 0 1 0 0 3
-12 1 1 1 0 0 1 1 3
6 1 1 0 2 0 0 0 3
-6 1 1 0 1 0 2 0 3
-12 1 1 0 1 0 0 1 3
-12 1 1 0 0 1 1 0 3
6 1 1 0 0 0 0 2 3
-32 1 1 0 0 0 0 0 4
81 2 0 13 0 0 1 0 0
405 8 0 12 1 0 0 0 0
-729 2 0 11 1 0 1 0 0
-567 4 0 12 0 0 2 0 0
567 2 0 11 0 0 3 0 0
1134 1 0 10 1 0 2 0 0
-81 2 0 12 0 0 0 1 0
567 2 0 11 0 0 1 1 0
324 1 0 10 1 0 0 1 0
-1701 2 0 10 0 0 2 1 0
2511 2 0 9 2 0 1 0 0
-3969 2 0 9 1 0 3 0 0
-8019 4 0 9 1 0 1 1 0
-243 8 0 11 0 1 0 0 0
405 2 0 10 0 1 1 0 0
891 4 0 9 1 1 0 0 0
-4617 8 0 9 0 1 2 0 0
-729 4 0 9 0 1 0 1 0
-1296 1 0 8 1 1 1 0 0
2835 2 0 9 0 0 3 1 0
3159 4 0 9 0 0 1 2 0
10449 2 0 8 1 0 2 1 0
4131 4 0 8 0 1 1 1 0
-3159 16 0 10 2 0 0 0 0
2997 8 0 8 3 0 0 0 0
-27135 8 0 8 2 0 2 0 0
-3807 4 0 8 2 0 0 1 0
-8181 4 0 7 3 0 1 0 0
-4617 8 0 7 2 1 0 0 0
10125 2 0 7 2 0 1 1 0
8505 4 0 8 1 0 4 0 0
20169 4 0 7 2 0 3 0 0
3159 1 0 7 1 1 2 0 0
-29565 4 0 7 1 0 3 1 0
37017 8 0 6 3 0 2 0 0
6399 8 0 8 1 0 0 2 0
972 1 0 7 1 1 0 1 0
-4131 1 0 7 1 0 1 2 0
4941 4 0 6 3 0 0 1 0
-22113 2 0 6 2 0 2 1 0
3645 4 0 8 0 1 3 0 0
1377 4 0 7 0 2 1 0 0
-2430 1 0 7 0 1 2 1 0
2835 1 0 6 2 1 1 0 0
-16605 4 0 6 1 1 3 0 0
-9315 2 0 6 1 1 1 1 0
-1053 8 0 10 0 0 0 2 0
-15795 8 0 8 0 0 2 2 0
-891 4 0 8 0 0 0 3 0
-405 1 0 7 0 1 0 2 0
4455 4 0 7 0 0 1 3 0
-13041 8 0 6 2 0 0 2 0
69255 8 0 6 1 0 2 2 0
3807 4 0 6 1 0 0 3 0
7533 4 0 6 0 1 1 2 0
54 1 0 10 0 0 0 0 1
-324 1 0 9 0 0 1 0 1
-378 1 0 8 1 0 0 0 1
810 1 0 8 0 0 2 0 1
324 1 0 8 0 0 0 1 1
1944 1 0 7 1 0 1 0 1
198 1 0 7 0 1 0 0 1
-1620 1 0 7 0 0 1 1 1
918 1 0 6 2 0 0 0 1
-4050 1 0 6 1 0 2 0 1
-1620 1 0 6 1 0 0 1 1
-900 1 0 6 0 1 1 0 1
702 1 0 6 0 0 0 2 1
-81 16 0 14 0 0 0 0 0
-2835 8 0 10 0 0 4 0 0
-1053 16 0 8 0 2 0 0 0
-5589 16 0 6 4 0 0 0 0
-4455 1 0 6 2 0 4 0 0
-5913 8 0 6 0 2 2 0 0
-3321 16 0 6 0 0 0 4 0
-144 1 0 6 0 0 0 0 2
-2835 2 0 8 0 0 4 1 0
-2835 2 0 7 1 0 5 0 0
6075 1 0 6 1 0 4 1 0
-22275 4 0 5 3 0 3 0 0
-10773 2 0 5 3 0 1 1 0
50625 4 0 5 2 0 3 1 0
-6885 8 0 7 0 1 4 0 0
6075 2 0 6 0 1 3 1 0
-45279 8 0 5 2 1 2 0 0
12555 4 0 5 1 1 4 0 0
8991 1 0 5 1 1 2 1 0
5265 2 0 7 0 0 3 2 0
-4455 2 0 6 0 0 2 3 0
13851 2 0 5 2 0 1 2 0
-9315 1 0 5 1 0 3 2 0
-7857 2 0 5 1 0 1 3 0
-3483 1 0 5 0 1 2 2 0
-1080 1 0 7 0 0 3 0 1
3240 1 0 6 0 0 2 1 1
-3888 1 0 5 2 0 1 0 1
4320 1 0 5 1 0 3 0 1
6696 1 0 5 1 0 1 1 1
1620 1 0 5 0 1 2 0 1
-2808 1 0 5 0 0 1 2 1
567 2 0 9 0 0 5 0 0
6237 4 0 5 4 0 1 0 0
2349 1 0 5 2 0 5 0 0
3321 4 0 5 0 2 3 0 0
3321 4 0 5 0 0 1 4 0
576 1 0 5 0 0 1 0 2
1215 2 0 5 3 1 0 0 0
-22113 8 0 4 4 0 2 0 0
-6399 4 0 5 2 1 0 1 0
-2673 4 0 4 4 0 0 1 0
9234 1 0 4 3 0 2 1 0
-5427 4 0 5 1 2 1 0 0
-9477 4 0 4 3 1 1 0 0
5832 1 0 4 2 1 3 0 0
24381 4 0 4 2 1 1 1 0
5589 4 0 5 1 1 0 2 0
2511 2 0 4 3 0 0 2 0
-11421 1 0 4 2 0 2 2 0
-2349 2 0 4 2 0 0 3 0
-5184 1 0 4 1 1 1 2 0
-882 1 0 5 1 1 0 0 1
-864 1 0 4 3 0 0 0 1
6372 1 0 4 2 0 2 0 1
2376 1 0 4 2 0 0 1 1
3168 1 0 4 1 1 1 0 1
-2160 1 0 4 1 0 0 2 1
2511 8 0 6 1 2 0 0 0
567 4 0 4 5 0 0 0 0
30375 8 0 4 3 0 4 0 0
4617 2 0 4 1 2 2 0 0
2187 4 0 4 1 0 0 4 0
576 1 0 4 1 0 0 0 2
1701 2 0 7 0 0 5 1 0
567 1 0 6 1 0 6 0 0
-11421 4 0 5 1 0 5 1 0
-31995 4 0 4 2 0 4 1 0
486 1 0 6 0 1 5 0 0
-8505 4 0 5 0 1 4 1 0
-2673 2 0 4 1 1 5 0 0
-8829 1 0 4 1 1 3 1 0
-15795 8 0 6 0 0 4 2 0
4455 2 0 5 0 0 3 3 0
42525 8 0 4 1 0 4 2 0
12393 2 0 4 1 0 2 3 0
6399 2 0 4 0 1 3 2 0
810 1 0 6 0 0 4 0 1
-3240 1 0 5 0 0 3 1 1
-2430 1 0 4 1 0 4 0 1
-10584 1 0 4 1 0 2 1 1
-1440 1 0 4 0 1 3 0 1
4212 1 0 4 0 0 2 2 1
-567 4 0 8 0 0 6 0 0
-5589 8 0 4 2 0 6 0 0
-8181 16 0 4 0 2 4 0 0
-9963 8 0 4 0 0 2 4 0
-864 1 0 4 0 0 2 0 2
4455 4 0 5 0 2 1 1 0
-405 1 0 5 0 1 0 3 0
1458 1 0 4 0 1 1 3 0
792 1 0 5 0 1 0 1 1
-2808 1 0 4 0 1 1 1 1
648 1 0 4 0 0 0 3 1
-1053 4 0 6 0 2 0 1 0
-7371 4 0 4 0 2 2 1 0
-405 4 0 4 0 0 0 5 0
-480 1 0 4 0 0 0 1 2
9801 4 0 3 4 0 3 0 0
8667 4 0 3 4 0 1 1 0
-7776 1 0 3 3 0 3 1 0
3564 1 0 3 3 1 2 0 0
-25839 8 0 3 2 1 4 0 0
-17739 2 0 3 2 1 2 1 0
-8019 2 0 3 3 0 1 2 0
18063 2 0 3 2 0 3 2 0
7371 2 0 3 2 0 1 3 0
14499 2 0 3 1 1 2 2 0
2808 1 0 3 3 0 1 0 1
-4968 1 0 3 2 0 3 0 1
-7560 1 0 3 2 0 1 1 1
-4212 1 0 3 1 1 2 0 1
6696 1 0 3 1 0 1 2 1
-1863 4 0 3 5 0 1 0 0
-5751 4 0 3 3 0 5 0 0
-7695 4 0 3 1 2 3 0 0
-6723 4 0 3 1 0 1 4 0
-1728 1 0 3 1 0 1 0 2
-6723 16 0 4 2 2 0 0 0
729 1 0 4 1 2 0 1 0
810 1 0 3 3 1 0 1 0
891 4 0 4 0 3 1 0 0
5589 4 0 3 2 2 1 0 0
-9477 4 0 3 1 2 1 1 0
-2511 8 0 4 0 2 0 2 0
-4617 4 0 3 2 1 0 2 0
729 1 0 3 1 1 0 3 0
3969 4 0 3 0 2 1 2 0
216 1 0 4 0 2 0 0 1
1062 1 0 3 2 1 0 0 1
-1944 1 0 3 1 1 0 1 1
-612 1 0 3 0 2 1 0 1
882 1 0 3 0 1 0 2 1
-243 4 0 5 0 3 0 0 0
-1701 8 0 3 4 1 0 0 0
-1215 4 0 3 0 3 2 0 0
-1377 8 0 3 0 1 0 4 0
-192 1 0 3 0 1 0 0 2
-567 2 0 6 0 0 6 1 0
-243 2 0 5 1 0 7 0 0
1377 2 0 4 1 0 6 1 0
2673 1 0 3 2 0 5 1 0
-1215 8 0 5 0 1 6 0 0
3159 4 0 4 0 1 5 1 0
567 2 0 3 1 1 6 0 0
4536 1 0 3 1 1 4 1 0
3159 4 0 5 0 0 5 2 0
-4455 4 0 4 0 0 4 3 0
-1458 1 0 3 1 0 5 2 0
-4536 1 0 3 1 0 3 3 0
-1458 1 0 3 0 1 4 2 0
-324 1 0 5 0 0 5 0 1
1620 1 0 4 0 0 4 1 1
648 1 0 3 1 0 5 0 1
7776 1 0 3 1 0 3 1 1
630 1 0 3 0 1 4 0 1
-2808 1 0 3 0 0 3 2 1
81 2 0 7 0 0 7 0 0
405 4 0 3 2 0 7 0 0
162 1 0 3 0 2 5 0 0
3321 4 0 3 0 0 3 4 0
576 1 0 3 0 0 3 0 2
-1944 1 0 3 0 1 2 3 0
3672 1 0 3 0 1 2 1 1
-1944 1 0 3 0 0 1 3 1
5913 4 0 3 0 2 3 1 0
1215 4 0 3 0 0 1 5 0
1536 1 0 3 0 0 1 1 2
2187 4 0 2 5 0 2 0 0
243 2 0 2 5 0 0 1 0
-9963 4 0 2 4 0 2 1 0
2187 4 0 2 4 1 1 0 0
-5103 2 0 2 3 1 3 0 0
-4131 2 0 2 3 1 1 1 0
-1215 4 0 2 4 0 0 2 0
8991 2 0 2 3 0 2 2 0
405 1 0 2 3 0 0 3 0
2916 1 0 2 2 1 1 2 0
216 1 0 2 4 0 0 0 1
-3240 1 0 2 3 0 2 0 1
-864 1 0 2 3 0 0 1 1
-2736 1 0 2 2 1 1 0 1
1296 1 0 2 2 0 0 2 1
-81 4 0 2 6 0 0 0 0
-17901 16 0 2 4 0 4 0 0
-1701 1 0 2 2 2 2 0 0
-1215 4 0 2 2 0 0 4 0
-576 1 0 2 2 0 0 0 2
13041 4 0 2 3 0 4 1 0
891 1 0 2 2 1 5 0 0
12069 2 0 2 2 1 3 1 0
-26973 8 0 2 2 0 4 2 0
-8019 2 0 2 2 0 2 3 0
-4617 1 0 2 1 1 3 2 0
1782 1 0 2 2 0 4 0 1
8424 1 0 2 2 0 2 1 1
2448 1 0 2 1 1 3 0 1
-7128 1 0 2 1 0 2 2 1
2187 8 0 2 3 0 6 0 0
6237 8 0 2 1 2 4 0 0
7047 4 0 2 1 0 2 4 0
1728 1 0 2 1 0 2 0 2
-3645 2 0 2 1 1 1 3 0
4932 1 0 2 1 1 1 1 1
-864 1 0 2 1 0 0 3 1
5589 2 0 2 1 2 2 1 0
243 2 0 2 1 0 0 5 0
864 1 0 2 1 0 0 1 2
-8991 8 0 2 0 2 2 2 0
576 1 0 2 0 2 2 0 1
-2196 1 0 2 0 1 1 2 1
729 4 0 2 0 3 3 0 0
1701 4 0 2 0 1 1 4 0
384 1 0 2 0 1 1 0 2
-81 8 1 4 0 0 8 0 0
243 4 1 3 0 0 7 1 0
81 2 0 5 0 0 7 1 0
81 8 1 2 1 0 8 0 0
81 8 0 4 1 0 8 0 0
-243 4 0 3 1 0 7 1 0
-405 1 0 2 2 0 6 1 0
81 4 1 2 0 1 7 0 0
81 4 0 4 0 1 7 0 0
-243 2 0 3 0 1 6 1 0
-81 4 0 2 1 1 7 0 0
-2187 2 0 2 1 1 5 1 0
-1053 8 1 2 0 0 6 2 0
-1053 8 0 4 0 0 6 2 0
891 4 0 3 0 0 5 3 0
1053 8 0 2 1 0 6 2 0
5751 4 0 2 1 0 4 3 0
1053 4 0 2 0 1 5 2 0
54 1 1 2 0 0 6 0 1
54 1 0 4 0 0 6 0 1
-324 1 0 3 0 0 5 1 1
-54 1 0 2 1 0 6 0 1
-2484 1 0 2 1 0 4 1 1
-108 1 0 2 0 1 5 0 1
702 1 0 2 0 0 4 2 1
-81 16 2 2 0 0 8 0 0
-81 16 0 6 0 0 8 0 0
-81 16 0 2 2 0 8 0 0
-81 4 0 2 0 2 6 0 0
-3321 16 0 2 0 0 4 4 0
-144 1 0 2 0 0 4 0 2
1134 1 0 2 0 1 3 3 0
-2088 1 0 2 0 1 3 1 1
1944 1 0 2 0 0 2 3 1
-567 1 0 2 0 2 4 1 0
-1215 4 0 2 0 0 2 5 0
-1632 1 0 2 0 0 2 1 2
216 1 0 2 0 0 0 4 1
-81 4 0 2 0 0 0 6 0
-384 1 0 2 0 0 0 2 2
-1053 4 0 1 5 0 3 0 0
-243 1 0 1 5 0 1 1 0
4617 4 0 1 4 0 3 1 0
-3645 8 0 1 4 1 2 0 0
1701 2 0 1 3 1 4 0 0
1701 1 0 1 3 1 2 1 0
1215 2 0 1 4 0 1 2 0
-3969 2 0 1 3 0 3 2 0
-810 1 0 1 3 0 1 3 0
-9477 4 0 1 2 1 2 2 0
-432 1 0 1 4 0 1 0 1
1512 1 0 1 3 0 3 0 1
1728 1 0 1 3 0 1 1 1
2286 1 0 1 2 1 2 0 1
-2592 1 0 1 2 0 1 2 1
81 2 0 1 6 0 1 0 0
243 1 0 1 4 0 5 0 0
891 1 0 1 2 2 3 0 0
1215 2 0 1 2 0 1 4 0
1152 1 0 1 2 0 1 0 2
891 8 0 2 3 2 0 0 0
-324 1 0 2 2 2 0 1 0
-405 4 0 1 4 1 0 1 0
-1539 4 0 2 1 3 1 0 0
-405 2 0 1 3 2 1 0 0
2349 4 0 1 2 2 1 1 0
567 2 1 1 1 1 0 3 0
2511 8 0 2 1 2 0 2 0
405 2 0 1 3 1 0 2 0
-405 2 0 1 2 1 0 3 0
-567 1 0 1 1 2 1 2 0
-468 1 0 2 1 2 0 0 1
-180 1 0 1 3 1 0 0 1
540 1 0 1 2 1 0 1 1
864 1 0 1 1 2 1 0 1
-540 1 0 1 1 1 0 2 1
567 4 0 3 1 3 0 0 0
81 4 0 1 5 1 0 0 0
1377 4 0 1 1 3 2 0 0
405 4 0 1 1 1 0 4 0
384 1 0 1 1 1 0 0 2
-1215 2 0 1 3 0 5 1 0
-729 8 0 1 2 1 6 0 0
-7371 4 0 1 2 1 4 1 0
486 1 0 1 2 0 5 2 0
3321 2 0 1 2 0 3 3 0
4941 4 0 1 1 1 4 2 0
-216 1 0 1 2 0 5 0 1
-3672 1 0 1 2 0 3 1 1
-522 1 0 1 1 1 4 0 1
2808 1 0 1 1 0 3 2 1
-81 4 0 1 3 0 7 0 0
-243 2 0 1 1 2 5 0 0
-2673 4 0 1 1 0 3 4 0
-576 1 0 1 1 0 3 0 2
1458 1 0 1 1 1 2 3 0
-4032 1 0 1 1 1 2 1 1
1728 1 0 1 1 0 1 3 1
-5589 4 0 1 1 2 3 1 0
-243 1 0 1 1 0 1 5 0
-1920 1 0 1 1 0 1 1 2
1053 2 0 1 0 2 3 2 0
-180 1 0 1 0 2 3 0 1
1746 1 0 1 0 1 2 2 1
-81 2 0 1 0 3 4 0 0
-2673 8 0 1 0 1 2 4 0
-192 1 0 1 0 1 2 0 2
-1701 8 1 2 0 2 0 2 0
324 1 0 2 0 3 1 1 0
-405 4 0 2 0 2 0 3 0
729 4 0 1 0 2 1 3 0
432 1 0 2 0 2 0 1 1
-792 1 0 1 0 2 1 1 1
180 1 0 1 0 1 0 3 1
-243 2 0 3 0 3 0 1 0
-567 2 0 1 0 3 2 1 0
-81 4 0 1 0 1 0 5 0
-192 1 0 1 0 1 0 1 2
-81 2 1 1 1 0 7 1 0
-81 1 1 1 0 1 6 1 0
81 1 0 1 1 1 6 1 0
243 2 1 1 0 0 5 3 0
-243 2 0 1 1 0 5 3 0
-243 1 0 1 0 1 4 3 0
-216 1 1 1 0 0 5 1 1
216 1 0 1 1 0 5 1 1
432 1 0 1 0 1 4 1 1
-648 1 0 1 0 0 3 3 1
81 4 2 1 0 0 7 1 0
81 4 0 1 2 0 7 1 0
81 1 0 1 0 2 5 1 0
405 4 0 1 0 0 3 5 0
576 1 0 1 0 0 3 1 2
-432 1 0 1 0 0 1 4 1
81 2 0 1 0 0 1 6 0
960 1 0 1 0 0 1 2 2
81 2 0 0 5 0 4 0 0
243 2 0 0 5 0 2 1 0
-162 1 0 0 4 0 4 1 0
243 2 0 0 4 1 3 0 0
-405 4 0 0 3 1 5 0 0
-891 2 0 0 3 1 3 1 0
-1215 4 0 0 4 0 2 2 0
243 1 0 0 3 0 4 2 0
405 1 0 0 3 0 2 3 0
1215 2 0 0 2 1 3 2 0
216 1 0 0 4 0 2 0 1
-216 1 0 0 3 0 4 0 1
-864 1 0 0 3 0 2 1 1
-612 1 0 0 2 1 3 0 1
1296 1 0 0 2 0 2 2 1
-81 4 0 0 6 0 2 0 0
-81 4 0 0 4 0 6 0 0
-2673 16 0 0 2 2 4 0 0
-1215 4 0 0 2 0 2 4 0
-576 1 0 0 2 0 2 0 2
405 4 0 0 4 1 1 1 0
729 8 0 0 3 2 2 0 0
-1053 4 0 0 2 2 2 1 0
-405 2 0 0 3 1 1 2 0
405 2 0 0 2 1 1 3 0
2025 8 0 0 1 2 2 2 0
180 1 0 0 3 1 1 0 1
-540 1 0 0 2 1 1 1 1
-396 1 0 0 1 2 2 0 1
540 1 0 0 1 1 1 2 1
-81 4 0 0 5 1 1 0 0
-405 4 0 0 1 3 3 0 0
-405 4 0 0 1 1 1 4 0
-384 1 0 0 1 1 1 0 2
729 4 0 0 2 1 5 1 0
-162 1 0 0 2 0 4 3 0
-729 2 0 0 1 1 3 3 0
432 1 0 0 2 0 4 1 1
1044 1 0 0 1 1 3 1 1
-864 1 0 0 1 0 2 3 1
81 2 0 0 3 0 6 1 0
243 1 0 0 1 2 4 1 0
243 2 0 0 1 0 2 5 0
1056 1 0 0 1 0 2 1 2
81 8 1 0 3 2 0 0 0
-81 4 0 1 2 3 0 0 0
81 2 0 1 1 3 0 1 0
81 4 0 0 3 2 0 1 0
81 2 0 1 0 4 1 0 0
81 4 0 0 2 3 1 0 0
-81 2 0 0 1 3 1 1 0
-81 4 0 1 0 3 0 2 0
-243 8 0 0 2 2 0 2 0
81 4 0 0 1 2 0 3 0
81 4 0 0 0 3 1 2 0
-36 1 1 0 1 2 0 0 1
72 1 0 1 0 3 0 0 1
36 1 0 0 2 2 0 0 1
-72 1 0 0 1 2 0 1 1
-72 1 0 0 0 3 1 0 1
36 1 0 0 0 2 0 2 1
-81 16 2 0 2 2 0 0 0
-81 4 0 2 0 4 0 0 0
-81 16 0 0 4 2 0 0 0
-81 4 0 0 0 4 2 0 0
-81 16 0 0 0 2 0 4 0
-48 1 0 0 0 2 0 0 2
-81 1 0 0 0 2 2 3 0
360 1 0 0 0 2 2 1 1
-180 1 0 0 0 1 1 3 1
81 1 0 0 0 3 3 1 0
81 4 0 0 0 1 1 5 0
192 1 0 0 0 1 1 1 2
81 2 1 0 1 0 6 2 0
81 1 1 0 0 1 5 2 0
-81 1 0 0 1 1 5 2 0
-81 2 1 0 0 0 4 4 0
81 2 0 0 1 0 4 4 0
81 1 0 0 0 1 3 4 0
216 1 1 0 0 0 4 2 1
-216 1 0 0 1 0 4 2 1
-432 1 0 0 0 1 3 2 1
216 1 0 0 0 0 2 4 1
-81 4 2 0 0 0 6 2 0
-81 4 0 0 2 0 6 2 0
-81 1 0 0 0 2 4 2 0
-81 4 0 0 0 0 2 6 0
-576 1 0 0 0 0 2 2 2
-96 1 1 0 1 0 0 1 2
96 1 0 0 2 0 0 1 2
-192 1 0 0 1 0 0 2 2
96 1 0 0 0 0 0 3 2
-512 1 0 0 0 0 0 1 3
120 1 1 2 0 0 0 0 3
-240 1 1 1 0 0 1 0 3
-120 1 1 0 1 0 0 0 3
120 1 1 0 0 0 2 0 3
120 1 0 4 0 0 0 0 3
-240 1 0 3 0 0 1 0 3
-360 1 0 2 1 0 0 0 3
120 1 0 2 0 0 2 0 3
240 1 0 2 0 0 0 1 3
480 1 0 1 1 0 1 0 3
240 1 0 1 0 1 0 0 3
-240 1 0 1 0 0 1 1 3
120 1 0 0 2 0 0 0 3
-120 1 0 0 1 0 2 0 3
-240 1 0 0 1 0 0 1 3
-240 1 0 0 0 1 1 0 3
120 1 0 0 0 0 0 2 3
-640 1 0 0 0 0 0 0 4
