23 7 -12 484 13 10 10 8 5 7 10 6 8 3 7 5 2 9 5 6 5 5 5 3 5
23 7 -8 470 13 10 10 8 5 7 10 6 7 5 8 3 3 7 7 5 5 5 5 3 5
23 7 -8 472 11 12 10 9 4 7 11 5 7 5 7 4 3 6 6 7 5 3 4 6 5
23 7 -8 472 13 10 9 10 4 7 9 7 7 5 8 3 3 8 6 5 6 4 6 2 5
23 7 -8 473 11 12 10 7 6 7 10 6 7 5 7 4 3 7 5 7 5 5 2 6 5
23 7 -8 473 11 12 10 7 6 8 8 7 7 7 5 4 3 9 5 5 7 3 4 4 5
23 7 -8 474 10 13 10 9 4 8 9 6 8 4 6 5 4 4 9 5 5 4 4 5 5
23 7 -8 474 10 13 11 7 5 9 7 7 8 4 6 5 3 6 7 6 4 5 3 6 5
23 7 -8 474 13 10 11 8 4 8 9 6 7 5 8 3 2 8 6 6 4 4 6 4 5
23 7 -8 475 11 12 10 9 4 8 9 6 7 7 5 4 3 8 6 5 7 1 6 4 5
23 7 -8 475 11 12 11 7 5 8 10 5 7 7 5 4 3 7 7 5 6 2 5 5 5
23 7 -8 476 14 9 9 9 5 6 11 6 7 5 7 4 4 6 7 5 6 6 3 3 5
23 7 -8 477 12 11 9 10 4 7 9 7 7 4 10 2 3 7 6 6 6 4 2 6 5
23 7 -8 478 11 12 10 7 6 7 11 5 7 7 5 4 4 6 8 4 7 3 4 4 5
23 7 -8 478 13 10 10 8 5 8 7 8 7 5 8 3 2 10 4 6 5 5 5 3 5
23 7 -8 479 11 12 10 10 3 9 6 8 8 3 9 3 3 6 8 5 5 4 3 6 5
23 7 -8 479 11 12 11 8 4 9 7 7 7 6 6 4 2 7 9 4 4 5 2 7 5
23 7 -8 479 12 11 10 9 4 7 10 6 6 6 8 3 2 6 9 5 5 2 4 7 5
23 7 -8 479 13 10 10 7 6 7 10 6 7 6 7 3 3 9 5 5 6 4 6 7 0
23 7 -8 479 14 9 10 7 6 7 9 7 7 5 7 4 3 8 5 6 5 7 2 4 5
23 7 -8 480 10 13 10 10 3 9 7 7 8 4 9 2 3 7 8 4 5 5 3 5 5
23 7 -8 480 11 12 9 9 5 7 9 7 8 2 10 3 4 6 4 8 6 4 3 5 5
23 7 -8 480 11 12 10 8 5 8 8 7 7 6 6 4 3 6 10 3 5 6 1 6 5
23 7 -8 480 11 12 10 11 2 9 7 7 8 4 8 3 3 7 7 5 5 5 2 6 5
23 7 -8 480 13 10 10 10 3 8 8 7 7 5 8 3 2 9 5 6 5 3 7 3 5
23 7 -8 480 13 10 11 6 6 8 8 7 7 5 8 3 2 9 5 6 4 6 4 4 5
23 7 -8 480 14 9 9 8 6 6 10 7 6 7 5 5 3 7 8 4 6 5 4 3 5
23 7 -8 481 10 13 9 9 5 7 10 6 7 6 7 3 4 6 7 5 8 2 1 7 5
23 7 -8 481 10 13 11 8 4 8 10 5 7 5 8 3 2 7 6 7 4 2 6 6 5
23 7 -8 481 11 12 11 5 7 8 9 6 7 7 5 4 3 8 6 5 6 4 3 5 5
23 7 -8 481 12 11 11 7 5 8 9 6 8 3 8 4 3 7 4 8 4 4 7 3 5
23 7 -8 481 12 11 11 8 4 8 9 6 7 5 6 5 2 6 9 5 2 7 4 5 5
23 7 -8 481 14 9 11 7 5 7 11 5 7 5 7 4 3 6 7 6 4 6 3 5 5
23 7 -8 482 10 13 10 9 4 8 9 6 7 6 7 3 3 7 6 6 7 1 2 8 5
23 7 -8 482 11 12 11 7 5 9 7 7 7 7 5 4 2 10 4 6 6 2 5 5 5
23 7 -8 482 12 11 8 10 5 6 10 7 7 4 10 2 4 6 7 5 7 5 1 5 5
23 7 -8 482 12 11 11 7 5 8 8 7 6 6 8 3 1 8 7 6 4 3 3 8 5
23 7 -8 482 12 11 11 7 5 8 9 6 7 6 5 5 2 9 4 7 4 4 7 3 5
23 7 -8 482 12 11 11 8 4 8 10 5 8 4 7 4 3 8 3 8 4 5 6 3 5
23 7 -8 483 11 12 10 8 5 9 5 9 7 6 6 4 2 9 7 4 5 6 1 6 5
23 7 -8 483 11 12 10 9 4 9 6 8 8 4 8 3 3 8 6 5 5 7 0 6 5
23 7 -8 483 11 12 11 9 3 9 8 6 8 4 8 3 3 6 8 5 4 6 1 7 5
23 7 -8 483 13 10 9 8 6 7 8 8 6 8 5 4 3 8 8 3 8 3 2 5 5
23 7 -8 483 13 10 10 10 3 7 11 5 7 5 8 3 3 6 8 5 5 3 7 3 5
23 7 -8 483 13 10 12 6 5 8 10 5 7 5 8 3 2 7 7 6 3 5 5 5 5
23 7 -8 484 10 13 10 10 3 8 9 6 7 5 8 3 2 8 5 7 5 1 7 5 5
23 7 -8 484 11 12 10 10 3 8 9 6 7 6 6 4 3 5 11 3 5 4 3 6 5
23 7 -8 484 11 12 11 7 5 8 10 5 8 4 8 3 3 8 4 7 4 5 7 2 5
23 7 -8 484 12 11 10 8 5 7 10 6 7 4 10 2 3 6 7 6 5 5 1 7 5
23 7 -8 484 12 11 11 8 4 9 7 7 7 7 4 5 2 8 9 3 4 5 6 3 5
23 7 -8 484 15 8 10 9 4 7 9 7 6 6 8 3 2 7 9 4 5 4 4 5 5
23 7 -6 467 9 14 10 9 4 9 7 7 8 5 6 4 4 6 7 5 5 5 4 4 5
23 7 -6 467 13 10 10 8 5 8 7 8 7 5 8 3 3 8 5 6 5 5 5 3 5
23 7 -6 468 11 12 8 9 6 6 10 7 7 5 7 4 5 5 6 6 7 5 2 4 5
23 7 -6 468 13 10 9 10 4 7 9 7 7 5 8 3 4 6 7 5 6 4 6 2 5
23 7 -6 469 13 10 11 8 4 8 9 6 7 5 8 3 3 6 7 6 4 4 6 4 5
23 7 -6 470 11 12 10 7 6 7 10 6 7 5 7 4 4 5 6 7 5 5 2 6 5
23 7 -6 471 12 11 9 9 5 7 9 7 7 6 5 5 4 7 5 6 6 4 7 1 5
23 7 -6 471 12 11 10 7 6 7 10 6 7 6 5 5 4 6 6 6 5 5 6 2 5
23 7 -6 472 11 12 10 9 4 7 11 5 7 5 7 4 4 4 7 7 5 3 4 6 5
23 7 -6 472 13 10 10 10 3 8 8 7 7 5 8 3 3 7 6 6 5 3 7 3 5
23 7 -6 473 11 12 8 11 4 6 11 6 7 5 7 4 5 4 7 6 7 3 4 4 5
23 7 -6 473 12 11 11 7 5 8 9 6 7 6 5 5 3 7 5 7 4 4 7 3 5
23 7 -6 474 10 13 11 8 4 9 8 6 8 5 5 5 4 5 7 6 4 6 2 6 5
23 7 -6 474 11 12 9 10 4 8 7 8 7 6 6 4 4 5 10 3 6 5 2 5 5
23 7 -6 475 11 12 9 7 7 7 8 8 7 5 7 4 4 7 4 7 6 6 1 5 5
23 7 -6 475 12 11 9 10 4 7 9 7 7 4 10 2 4 5 7 6 6 4 2 6 5
23 7 -6 476 9 14 11 9 3 10 6 7 8 5 6 4 3 7 6 6 4 4 5 5 5
23 7 -6 477 10 13 9 9 5 8 7 8 7 6 7 3 4 7 5 6 8 2 1 7 5
23 7 -6 477 11 12 10 8 5 9 5 9 7 6 6 4 3 7 8 4 5 6 1 6 5
23 7 -6 477 12 11 9 10 4 7 9 7 7 5 6 5 4 4 10 4 4 7 4 3 5
23 7 -6 477 12 11 11 8 4 8 9 6 6 7 7 3 2 7 7 6 4 4 2 8 5
23 7 -6 477 13 10 9 10 4 8 6 9 7 5 8 3 3 9 4 6 6 4 6 2 5
23 7 -6 478 10 13 10 8 5 8 9 6 8 5 5 5 5 4 8 5 5 7 1 5 5
23 7 -6 478 10 13 10 10 3 8 9 6 7 5 8 3 3 6 6 7 5 1 7 5 5
23 7 -6 478 11 12 9 9 5 6 12 5 7 5 7 4 5 3 8 6 6 4 3 5 5
23 7 -6 478 11 12 9 10 4 7 10 6 8 3 9 3 5 5 4 8 6 5 2 5 5
23 7 -6 479 11 12 10 9 4 8 9 6 8 4 8 3 4 7 4 7 5 4 8 1 5
23 7 -6 479 11 12 11 8 4 9 7 7 7 6 6 4 3 5 10 4 4 5 2 7 5
23 7 -6 479 12 11 8 10 5 7 7 9 7 4 10 2 4 7 5 6 7 5 1 5 5
23 7 -6 479 12 11 10 7 6 8 7 8 7 6 5 5 3 9 3 7 5 5 6 2 5
23 7 -6 479 13 10 11 8 4 9 6 8 7 5 8 3 2 9 4 7 4 4 6 4 5
23 7 -6 479 14 9 10 9 4 8 7 8 6 7 8 2 2 9 7 4 5 5 4 4 5
23 7 -6 480 9 14 12 7 4 10 7 6 8 5 6 4 3 6 7 6 3 5 4 6 5
23 7 -6 480 10 13 10 9 4 8 9 6 7 6 7 3 4 5 7 6 7 1 2 8 5
23 7 -6 480 11 12 10 10 3 9 6 8 8 3 9 3 3 7 6 6 3 7 5 3 5
23 7 -6 480 12 11 10 9 4 7 11 5 7 6 5 5 4 5 7 6 5 3 8 2 5
23 7 -6 480 12 11 10 9 4 8 8 7 8 3 8 4 4 5 7 6 3 9 2 4 5
23 7 -6 480 13 10 12 6 5 9 7 7 7 5 8 3 2 8 5 7 3 5 5 5 5
23 7 -6 480 14 9 9 8 6 6 10 7 6 7 5 5 4 5 9 4 6 5 4 3 5
23 7 -6 481 9 14 10 11 2 9 8 6 8 5 6 4 4 5 8 5 5 3 6 4 5
23 7 -6 481 9 14 11 7 5 10 5 8 8 5 6 4 3 8 5 6 4 6 3 5 5
23 7 -6 481 9 14 11 9 3 9 9 5 8 5 6 4 4 4 9 5 4 4 5 5 5
23 7 -6 481 10 13 8 9 6 7 8 8 7 6 7 3 5 6 6 5 9 3 0 6 5
23 7 -6 481 10 13 11 8 4 9 7 7 7 5 8 3 2 8 4 8 4 2 6 6 5
23 7 -6 481 11 12 11 9 3 9 8 6 8 4 8 3 3 7 6 6 3 5 7 8 0
23 7 -6 481 12 11 10 8 5 8 7 8 7 4 10 2 3 7 5 7 5 5 1 7 5
23 7 -6 481 13 10 12 6 5 8 10 5 7 5 8 3 3 5 8 6 3 5 5 5 5
23 7 -6 482 9 14 10 8 5 8 9 6 8 4 7 4 4 7 2 9 5 4 5 4 5
23 7 -6 482 10 13 8 11 4 7 9 7 7 6 7 3 5 5 7 5 9 1 2 6 5
23 7 -6 482 10 13 8 11 4 7 9 7 8 3 10 2 5 6 4 7 7 4 4 3 5
23 7 -6 482 10 13 10 7 6 8 8 7 7 6 7 3 4 6 6 6 7 3 0 8 5
23 7 -6 482 10 13 10 10 3 8 10 5 8 5 5 5 5 3 9 5 5 5 3 5 5
23 7 -6 482 10 13 11 9 3 9 8 6 8 4 6 5 3 6 6 7 2 6 7 3 5
23 7 -6 482 12 11 11 8 4 9 7 7 6 9 5 3 2 9 7 4 6 2 4 6 5
23 7 -6 482 12 11 11 8 4 9 7 7 7 7 4 5 3 6 10 3 4 5 6 3 5
23 7 -6 482 13 10 8 12 3 7 8 8 7 5 8 3 4 7 6 5 7 3 7 1 5
23 7 -6 482 13 10 12 7 4 8 11 4 7 6 7 3 3 6 7 6 3 6 4 5 5
23 7 -6 482 13 10 12 7 4 9 8 6 7 6 7 3 2 9 4 7 3 6 4 5 5
23 7 -6 482 13 10 12 8 3 9 8 6 7 5 8 3 2 7 6 7 3 3 7 5 5
23 7 -6 483 10 13 9 9 5 7 10 6 7 6 7 3 5 4 8 5 8 2 1 7 5
23 7 -6 483 10 13 11 7 5 9 7 7 8 4 6 5 3 7 5 7 2 8 5 3 5
23 7 -6 483 12 11 11 5 7 8 8 7 7 6 5 5 3 8 4 7 4 6 5 3 5
23 7 -6 483 12 11 11 8 4 8 9 6 7 5 6 5 3 4 10 5 2 7 4 5 5
23 7 -6 483 12 11 12 6 5 9 8 6 7 6 8 2 2 9 5 6 3 6 5 4 5
23 7 -6 483 14 9 11 7 5 8 8 7 6 7 8 2 2 8 8 4 4 6 3 5 5
23 7 -6 484 8 15 9 9 5 7 10 6 7 5 7 4 4 5 5 8 6 2 3 7 5
23 7 -6 484 9 14 10 9 4 8 9 6 8 3 8 4 4 4 7 7 3 7 2 6 5
23 7 -6 484 9 14 10 9 4 10 4 9 8 5 6 4 3 9 4 6 5 5 4 4 5
23 7 -6 484 12 11 10 6 7 7 10 6 7 7 4 5 4 8 4 6 6 4 7 6 0
23 7 -6 484 12 11 12 5 6 8 10 5 7 6 5 5 3 6 6 7 3 5 6 4 5
23 7 -6 484 12 11 12 8 3 9 9 5 7 6 8 2 2 8 6 6 3 4 7 4 5
23 7 -6 484 15 8 10 9 4 7 9 7 6 6 8 3 3 5 10 4 5 4 4 5 5
23 7 -2 461 10 13 10 9 4 9 6 8 7 6 7 3 4 6 6 6 5 4 4 5 5
23 7 -2 463 11 12 10 9 4 8 8 7 7 5 7 4 4 5 6 7 3 6 6 3 5
23 7 -2 466 11 12 10 8 5 8 8 7 7 6 6 4 5 4 7 6 5 6 1 6 5
23 7 -2 466 13 10 10 7 6 7 9 7 6 7 6 4 4 6 5 7 5 4 6 3 5
23 7 -2 468 10 13 9 11 3 8 8 7 7 6 7 3 5 4 8 5 6 3 5 4 5
23 7 -2 468 11 12 8 10 5 7 8 8 7 6 6 4 6 4 7 5 7 6 1 4 5
23 7 -2 470 14 9 10 9 4 7 10 6 6 7 8 2 4 6 6 6 5 5 4 4 5
23 7 -2 471 9 14 10 8 5 8 9 6 7 7 4 5 5 4 7 6 5 4 5 4 5
23 7 -2 471 9 14 10 9 4 9 7 7 8 5 6 4 5 6 3 8 5 5 4 4 5
23 7 -2 471 10 13 9 10 4 8 8 7 7 7 6 3 5 6 6 5 7 2 6 8 0
23 7 -2 471 10 13 9 11 3 9 5 9 7 6 7 3 4 7 5 6 6 3 5 4 5
23 7 -2 471 10 13 11 9 3 9 8 6 7 6 7 3 4 4 8 6 4 3 5 6 5
23 7 -2 472 14 9 9 10 4 7 8 8 6 6 9 2 4 6 6 6 6 3 6 3 5
23 7 -2 472 14 9 10 8 5 7 9 7 5 9 6 3 3 7 7 5 5 4 5 4 5
23 7 -2 473 9 14 10 8 5 9 6 8 7 7 4 5 4 7 4 7 5 4 5 4 5
23 7 -2 473 12 11 9 9 5 6 11 6 6 6 8 3 5 3 7 7 6 3 3 6 5
23 7 -2 474 9 14 10 9 4 8 10 5 8 5 6 4 6 3 6 7 5 5 4 4 5
23 7 -2 474 10 13 10 11 2 9 7 7 7 6 7 3 4 5 7 6 5 2 6 5 5
23 7 -2 474 13 10 10 9 4 7 10 6 6 7 6 4 4 5 6 7 5 2 8 3 5
23 7 -2 475 9 14 11 7 5 9 8 6 8 5 6 4 5 5 4 8 4 6 3 5 5
23 7 -2 475 9 14 11 8 4 9 8 6 7 7 4 5 4 5 6 7 4 3 6 5 5
23 7 -2 475 10 13 9 8 6 7 9 7 7 5 8 3 5 6 2 9 6 4 4 4 5
23 7 -2 475 10 13 11 9 3 10 5 8 7 6 7 3 3 7 5 7 4 3 5 6 5
23 7 -2 475 13 10 9 9 5 6 11 6 6 7 6 4 5 4 7 6 6 3 7 2 5
23 7 -2 475 13 10 10 9 4 7 9 7 5 7 9 2 2 7 6 7 3 4 6 5 5
23 7 -2 475 13 10 11 8 4 9 6 8 6 8 5 4 3 6 9 4 4 4 6 4 5
23 7 -2 475 14 9 11 8 4 8 8 7 6 6 9 2 3 6 6 7 4 3 6 5 5
23 7 -2 476 10 13 12 7 4 10 6 7 7 6 7 3 3 6 6 7 3 4 4 7 5
23 7 -2 476 11 12 9 10 4 7 10 6 7 6 6 4 6 2 9 5 6 5 2 5 5
23 7 -2 476 11 12 11 7 5 8 9 6 6 7 8 2 3 7 4 8 4 4 3 7 5
23 7 -2 476 11 12 11 7 5 8 10 5 6 9 6 2 4 6 7 5 6 2 5 5 5
23 7 -2 476 11 12 11 7 5 9 6 8 7 5 7 4 3 7 4 8 2 7 5 4 5
23 7 -2 476 13 10 11 8 4 8 9 6 6 7 9 1 3 7 6 6 4 4 6 4 5
23 7 -2 476 14 9 11 9 3 8 9 6 6 7 8 2 3 7 5 7 4 4 5 5 5
23 7 -2 477 9 14 10 7 6 8 9 6 8 5 6 4 6 4 5 7 5 7 2 4 5
23 7 -2 477 9 14 11 6 6 9 7 7 7 7 4 5 4 6 5 7 4 5 4 5 5
23 7 -2 477 9 14 11 9 3 9 9 5 8 5 6 4 5 4 5 8 4 4 5 5 5
23 7 -2 477 11 12 9 11 3 7 10 6 7 5 7 4 5 3 8 6 4 5 7 2 5
23 7 -2 477 14 9 10 7 6 7 9 7 6 7 8 2 4 7 5 6 5 7 2 4 5
23 7 -2 477 14 9 10 8 5 8 6 9 6 6 9 2 3 8 4 7 5 4 5 4 5
23 7 -2 478 10 13 8 10 5 6 11 6 7 5 8 3 6 4 4 8 7 3 5 3 5
23 7 -2 478 10 13 9 10 4 7 10 6 7 5 8 3 5 5 3 9 6 2 6 4 5
23 7 -2 478 11 12 9 8 6 7 9 7 7 6 6 4 6 3 8 5 6 7 0 5 5
23 7 -2 478 11 12 9 9 5 7 9 7 6 8 4 5 5 3 10 4 6 4 3 5 5
23 7 -2 478 11 12 11 8 4 9 7 7 6 8 7 2 3 6 9 4 4 5 2 7 5
23 7 -2 478 13 10 10 8 5 8 7 8 6 7 9 1 3 9 4 6 5 5 5 3 5
23 7 -2 478 13 10 11 7 5 7 11 5 6 7 6 4 4 4 7 7 4 3 7 4 5
23 7 -2 478 14 9 10 9 4 8 7 8 6 7 8 2 3 9 3 7 5 5 4 4 5
23 7 -2 478 14 9 10 9 4 8 7 8 7 5 7 4 4 6 6 6 3 8 6 1 5
23 7 -2 478 14 9 11 7 5 8 8 7 6 7 8 2 3 8 4 7 4 6 3 5 5
23 7 -2 479 11 12 11 7 5 9 7 7 6 9 6 2 3 9 4 6 6 2 5 5 5
23 7 -2 479 11 12 12 7 4 9 8 6 7 5 7 4 3 5 6 8 1 6 6 5 5
23 7 -2 479 11 12 12 7 4 10 6 7 7 7 5 4 3 7 6 6 3 4 8 3 5
23 7 -2 479 14 9 11 8 4 8 8 7 5 9 6 3 2 8 6 6 4 3 6 5 5
23 7 -2 480 9 14 10 10 3 9 7 7 8 4 7 4 5 4 5 8 5 2 7 4 5
23 7 -2 480 11 12 10 10 3 8 9 6 8 3 9 3 5 4 5 8 3 7 5 3 5
23 7 -2 480 11 12 10 11 2 8 9 6 7 5 7 4 4 4 7 7 3 4 8 3 5
23 7 -2 480 12 11 10 9 4 8 8 7 7 5 9 2 4 7 3 8 5 3 8 2 5
23 7 -2 480 13 10 10 8 5 7 9 7 5 8 8 2 3 6 7 6 5 4 1 8 5
23 7 -2 481 8 15 10 10 3 9 8 6 8 5 7 3 5 5 5 7 5 3 7 3 5
23 7 -2 481 9 14 10 11 2 9 8 6 8 5 6 4 5 5 4 8 5 3 6 4 5
23 7 -2 481 10 13 11 7 5 10 4 9 7 6 7 3 3 8 4 7 4 5 3 6 5
23 7 -2 481 11 12 9 10 4 8 7 8 8 3 9 3 5 6 3 8 4 8 4 2 5
23 7 -2 481 11 12 11 6 6 8 8 7 5 9 6 3 2 8 5 7 4 3 4 7 5
23 7 -2 481 11 12 11 9 3 8 10 5 7 5 7 4 4 3 8 7 2 5 7 4 5
23 7 -2 481 11 12 11 9 3 9 8 6 7 7 5 4 4 5 8 5 4 3 9 2 5
23 7 -2 481 12 11 7 11 5 5 11 7 6 6 8 3 6 3 7 6 8 3 3 4 5
23 7 -2 481 13 10 9 9 5 7 8 8 7 4 9 3 5 4 7 6 4 9 1 4 5
23 7 -2 481 13 10 10 10 3 8 8 7 6 7 9 1 3 8 5 6 5 3 7 3 5
23 7 -2 481 13 10 12 5 6 8 9 6 6 7 6 4 3 6 5 8 3 4 6 5 5
23 7 -2 481 14 9 11 7 5 7 11 5 6 7 8 2 4 5 7 6 4 6 3 5 5
23 7 -2 482 8 15 10 8 5 9 7 7 7 8 4 4 5 5 7 5 7 2 3 6 5
23 7 -2 482 10 13 8 10 5 7 8 8 7 5 8 3 5 7 1 9 7 3 5 3 5
23 7 -2 482 10 13 8 13 2 8 7 8 7 6 7 3 5 5 7 5 7 2 6 3 5
23 7 -2 482 10 13 11 8 4 9 8 6 7 7 6 3 4 6 6 6 5 2 6 10 0
23 7 -2 482 11 12 11 8 4 8 9 6 5 9 6 3 2 7 6 7 4 1 6 7 5
23 7 -2 482 11 12 11 8 4 8 10 5 7 6 6 4 5 2 9 6 4 5 2 7 5
23 7 -2 482 12 11 9 12 2 8 7 8 7 4 10 2 4 5 7 6 4 5 6 3 5
23 7 -2 482 12 11 10 7 6 7 10 6 7 6 5 5 5 6 2 9 5 5 6 2 5
23 7 -2 482 12 11 10 9 4 8 7 8 5 8 9 1 2 8 6 6 5 2 4 7 5
23 7 -2 482 12 11 10 10 3 9 5 9 7 4 10 2 3 7 5 7 3 6 5 4 5
23 7 -2 482 12 11 12 8 3 9 8 6 6 7 7 3 2 6 8 6 1 6 5 6 5
23 7 -2 482 13 10 8 11 4 6 10 7 6 7 6 4 5 5 6 6 7 2 8 1 5
23 7 -2 483 10 13 10 8 5 8 8 7 7 5 8 3 4 7 1 10 5 3 5 5 5
23 7 -2 483 10 13 11 7 5 8 9 6 6 7 6 4 3 6 4 9 4 1 7 6 5
23 7 -2 483 10 13 12 7 4 9 9 5 7 6 7 3 4 3 9 6 3 4 4 7 5
23 7 -2 483 11 12 9 8 6 7 9 7 6 9 3 5 5 6 5 6 8 1 6 3 5
23 7 -2 483 11 12 9 10 4 7 10 6 8 3 9 3 6 3 6 7 4 8 4 2 5
23 7 -2 483 11 12 10 7 6 8 8 7 8 4 8 3 5 7 2 8 4 8 4 7 0
23 7 -2 483 11 12 10 8 5 8 8 7 8 3 9 3 5 5 4 8 3 9 3 3 5
23 7 -2 483 12 11 12 5 6 8 10 5 6 8 6 3 3 7 5 7 3 5 6 4 5
23 7 -2 483 13 10 10 8 5 8 7 8 5 10 6 2 3 8 7 4 7 2 3 6 5
23 7 -2 483 13 10 12 6 5 8 10 5 6 8 5 4 3 7 4 8 3 5 5 5 5
23 7 -2 483 14 9 9 9 5 7 8 8 7 5 7 4 5 5 7 5 4 9 5 0 5
23 7 -2 483 14 9 10 6 7 7 8 8 5 9 6 3 3 8 6 5 5 6 3 4 5
23 7 -2 483 14 9 11 6 6 7 10 6 5 9 6 3 3 6 8 5 4 5 4 5 5
23 7 -2 484 8 15 9 8 6 8 7 8 7 6 6 4 5 5 5 7 6 5 0 7 5
23 7 -2 484 9 14 10 8 5 8 9 6 7 6 8 2 5 5 4 8 7 1 3 7 5
23 7 -2 484 10 13 9 11 3 7 10 6 7 4 9 3 5 2 8 7 4 5 3 6 5
23 7 -2 484 11 12 10 7 6 7 11 5 8 4 8 3 6 4 5 7 4 8 4 7 0
23 7 -2 484 11 12 10 10 3 8 8 7 6 6 9 2 3 6 5 8 5 0 7 6 5
23 7 -2 484 11 12 11 7 5 8 10 5 8 4 8 3 5 5 4 8 3 7 5 8 0
23 7 -2 484 11 12 12 5 6 9 8 6 6 9 6 2 3 8 5 6 5 3 4 6 5
23 7 -2 484 11 12 12 6 5 9 8 6 7 6 6 4 4 4 7 7 3 6 1 8 5
23 7 -2 484 11 12 12 7 4 9 9 5 6 9 6 2 3 7 6 6 5 1 6 6 5
23 7 -2 484 12 11 10 10 3 8 8 7 6 7 7 3 4 3 11 4 5 3 3 7 5
23 7 -2 484 13 10 11 5 7 8 7 8 6 7 6 4 3 8 3 8 4 5 5 4 5
23 7 -2 484 13 10 12 7 4 9 8 6 6 9 4 4 3 6 9 4 3 6 4 5 5
23 7 -2 484 14 9 11 7 5 8 8 7 7 5 7 4 4 5 7 6 2 9 5 2 5
23 7 0 463 10 13 10 8 5 8 8 7 6 8 5 4 4 6 5 7 5 3 5 5 5
23 7 0 463 11 12 10 9 4 8 8 7 6 7 8 2 4 5 7 6 5 3 4 6 5
23 7 0 463 13 10 10 8 5 8 7 8 6 8 5 4 4 7 5 6 5 5 5 3 5
23 7 0 464 10 13 10 9 4 8 9 6 7 6 7 3 5 5 4 8 5 4 4 5 5
23 7 0 466 13 10 9 8 6 7 8 8 6 8 5 4 5 6 6 5 6 6 4 2 5
23 7 0 467 12 11 10 9 4 7 10 6 6 6 8 3 4 4 7 7 3 5 6 4 5
23 7 0 467 13 10 9 10 4 7 9 7 6 8 5 4 5 5 7 5 6 4 6 2 5
23 7 0 467 13 10 11 8 4 8 9 6 6 8 5 4 4 5 7 6 4 4 6 4 5
23 7 0 468 11 12 9 11 3 8 7 8 6 7 8 2 4 6 6 6 6 2 5 5 5
23 7 0 468 12 11 9 11 3 7 9 7 6 6 8 3 4 5 6 7 4 4 7 3 5
23 7 0 469 13 10 10 8 5 7 10 6 6 8 5 4 5 4 8 5 5 5 5 3 5
23 7 0 469 13 10 11 6 6 8 8 7 6 8 5 4 4 6 6 6 4 6 4 4 5
23 7 0 470 11 12 11 8 4 9 7 7 7 6 6 4 4 5 7 6 2 8 4 4 5
23 7 0 470 12 11 9 8 6 7 8 8 6 7 7 3 5 5 6 6 6 6 0 6 5
23 7 0 470 12 11 11 7 5 8 8 7 6 6 8 3 3 6 5 8 2 6 5 5 5
23 7 0 471 10 13 10 7 6 8 8 7 7 6 7 3 5 6 3 8 5 6 2 5 5
23 7 0 471 10 13 10 10 3 9 7 7 7 7 6 3 5 4 9 4 5 5 3 5 5
23 7 0 472 10 13 11 6 6 8 9 6 6 8 5 4 4 5 6 7 4 4 4 6 5
23 7 0 473 10 13 10 8 5 9 6 8 7 7 6 3 5 5 8 4 5 7 1 5 5
23 7 0 473 10 13 11 7 5 8 10 5 7 6 7 3 5 4 5 8 4 5 3 6 5
23 7 0 473 10 13 11 8 4 10 5 8 7 7 6 3 4 6 7 5 4 6 2 6 5
23 7 0 473 11 12 11 7 5 8 10 5 7 7 5 4 5 5 5 7 4 5 7 2 5
23 7 0 473 11 12 11 7 5 9 6 8 6 7 8 2 3 7 5 7 4 4 3 7 5
23 7 0 474 10 13 10 10 3 10 4 9 7 7 6 3 4 7 6 5 5 5 3 5 5
23 7 0 474 11 12 10 9 4 9 5 9 6 7 8 2 3 8 4 7 5 3 4 6 5
23 7 0 474 11 12 11 9 3 9 7 7 6 7 8 2 3 6 6 7 4 2 5 7 5
23 7 0 475 11 12 9 10 4 8 7 8 7 5 10 1 5 6 4 7 6 5 2 5 5
23 7 0 475 12 11 8 10 5 6 10 7 6 7 7 3 6 3 8 5 7 5 1 5 5
23 7 0 475 12 11 10 8 5 7 10 6 6 7 7 3 5 3 8 6 5 5 1 7 5
23 7 0 475 12 11 11 9 3 8 9 6 6 6 8 3 3 5 6 8 2 4 7 5 5
23 7 0 475 13 10 12 6 5 9 7 7 6 8 5 4 3 7 5 7 3 5 5 5 5
23 7 0 476 9 14 11 8 4 9 8 6 7 6 8 2 4 6 4 8 4 3 6 5 5
23 7 0 476 10 13 10 8 5 7 11 5 6 8 5 4 5 3 8 6 5 3 5 5 5
23 7 0 476 10 13 10 10 3 8 9 6 6 8 5 4 4 5 6 7 5 1 7 5 5
23 7 0 476 10 13 11 8 4 9 7 7 7 5 8 3 4 5 4 9 4 2 6 6 5
23 7 0 476 10 13 11 9 3 9 8 6 7 6 7 3 4 6 3 9 4 3 5 6 5
23 7 0 476 10 13 11 10 2 10 6 7 7 7 6 3 4 5 8 5 4 4 4 6 5
23 7 0 476 11 12 8 9 6 6 10 7 7 5 7 4 7 2 6 7 7 5 2 4 5
23 7 0 476 11 12 8 11 4 8 5 10 6 7 8 2 4 8 4 6 7 3 4 4 5
23 7 0 476 12 11 9 10 4 7 9 7 7 4 10 2 5 5 4 8 4 7 4 3 5
23 7 0 476 13 10 10 6 7 7 9 7 6 8 5 4 5 5 7 5 5 7 3 3 5
23 7 0 477 10 13 11 8 4 8 10 5 6 8 5 4 4 4 7 7 4 2 6 6 5
23 7 0 477 11 12 10 7 6 7 10 6 7 5 7 4 6 2 6 8 5 5 2 6 5
23 7 0 477 11 12 11 10 2 9 8 6 7 6 6 4 4 4 8 6 2 6 6 4 5
23 7 0 477 12 11 12 7 4 9 8 6 6 8 6 3 3 6 7 6 3 3 8 4 5
23 7 0 477 14 9 9 9 5 6 10 7 5 8 7 3 4 6 5 7 6 2 7 3 5
23 7 0 477 15 8 9 8 6 6 10 7 6 7 7 3 5 6 6 5 5 7 6 5 0
23 7 0 478 10 13 10 7 6 7 11 5 7 6 7 3 6 3 6 7 5 6 2 5 5
23 7 0 478 10 13 11 7 5 9 7 7 7 6 7 3 4 7 2 9 4 5 3 6 5
23 7 0 478 11 12 10 8 5 8 8 7 7 5 10 1 5 5 5 7 5 6 1 6 5
23 7 0 478 11 12 10 10 3 8 9 6 7 5 10 1 5 4 6 7 5 4 3 6 5
23 7 0 478 11 12 10 10 3 9 6 8 8 3 9 3 5 4 6 7 3 7 5 3 5
23 7 0 478 12 11 11 8 4 9 7 7 7 6 8 2 4 6 7 5 3 7 4 9 0
23 7 0 479 11 12 8 10 5 7 8 8 7 5 10 1 6 5 5 6 7 6 1 4 5
23 7 0 479 11 12 10 8 5 7 11 5 7 6 6 4 6 3 5 8 5 6 1 6 5
23 7 0 479 12 11 10 7 6 7 9 7 5 9 5 4 4 4 9 5 5 4 2 7 5
23 7 0 479 12 11 10 10 3 8 9 6 7 6 8 2 5 4 9 4 4 6 5 8 0
23 7 0 479 13 10 10 7 6 7 9 7 5 9 7 2 4 6 6 6 7 1 4 6 5
23 7 0 479 14 9 10 7 6 6 11 6 5 8 7 3 4 5 6 7 5 3 6 4 5
23 7 0 480 10 13 10 9 4 8 8 7 6 7 6 4 4 3 10 5 3 6 2 7 5
23 7 0 480 10 13 10 10 3 8 9 6 7 5 8 3 5 3 6 8 5 1 7 5 5
23 7 0 480 11 12 8 11 4 6 10 7 6 5 10 2 5 3 7 7 5 5 2 6 5
23 7 0 480 11 12 9 11 3 7 10 6 6 7 8 2 5 3 9 5 6 2 5 5 5
23 7 0 480 11 12 10 8 5 8 8 7 6 8 7 2 4 7 5 6 6 2 5 10 0
23 7 0 480 11 12 11 7 5 9 7 7 7 7 5 4 4 8 2 8 4 5 7 2 5
23 7 0 480 11 12 12 7 4 9 8 6 6 7 8 2 3 5 7 7 3 3 4 8 5
23 7 0 480 11 12 12 8 3 10 6 7 7 6 6 4 3 6 6 7 1 7 5 5 5
23 7 0 480 12 11 11 9 3 9 7 7 6 8 6 3 3 7 6 6 4 2 9 3 5
23 7 0 480 13 10 12 6 5 8 10 5 6 8 5 4 4 4 8 6 3 5 5 5 5
23 7 0 480 14 9 9 8 6 6 10 7 6 6 9 2 5 6 3 8 6 5 4 3 5
23 7 0 480 15 8 10 9 4 7 9 7 6 6 8 3 4 5 7 6 3 7 6 2 5
23 7 0 481 10 13 10 11 2 8 10 5 7 6 7 3 5 4 5 8 5 2 6 5 5
23 7 0 481 10 13 11 8 4 9 8 6 7 7 6 3 5 3 10 4 4 6 2 6 5
23 7 0 481 10 13 12 6 5 9 8 6 6 8 5 4 3 6 5 8 3 3 5 7 5
23 7 0 481 11 12 9 10 4 7 10 6 7 5 10 1 6 3 7 6 6 5 2 5 5
23 7 0 481 11 12 11 5 7 8 9 6 7 7 5 4 5 6 4 7 4 7 5 2 5
23 7 0 481 11 12 12 7 4 9 9 5 7 7 5 4 4 6 4 8 3 4 8 3 5
23 7 0 481 12 11 10 8 5 9 5 9 7 6 8 2 4 8 5 5 4 8 3 8 0
23 7 0 481 12 11 10 11 2 9 6 8 7 5 9 2 4 5 8 5 3 7 4 4 5
23 7 0 481 13 10 9 9 5 7 8 8 5 9 7 2 4 7 5 6 8 0 5 5 5
23 7 0 481 13 10 10 6 7 8 6 9 6 8 5 4 4 8 4 6 5 7 3 3 5
23 7 0 481 13 10 12 7 4 9 8 6 6 8 8 1 3 7 7 5 3 6 4 5 5
23 7 0 482 9 14 10 10 3 8 10 5 7 6 8 2 5 4 6 7 5 2 7 4 5
23 7 0 482 10 13 9 11 3 8 8 7 8 4 6 5 6 3 6 7 4 6 7 1 5
23 7 0 482 10 13 10 9 4 7 12 4 7 6 7 3 6 2 7 7 5 4 4 5 5
23 7 0 482 10 13 10 9 4 8 9 6 8 4 6 5 6 2 7 7 3 7 6 2 5
23 7 0 482 10 13 11 6 6 9 6 8 6 8 5 4 3 8 3 8 4 4 4 6 5
23 7 0 482 10 13 11 7 5 9 7 7 8 4 6 5 5 4 5 8 2 8 5 3 5
23 7 0 482 10 13 12 8 3 10 7 6 7 7 6 3 4 4 9 5 3 5 3 7 5
23 7 0 482 11 12 8 12 3 7 9 7 7 5 10 1 6 4 6 6 7 4 3 4 5
23 7 0 482 11 12 11 9 3 9 7 7 6 8 4 5 3 5 9 5 2 5 7 4 5
23 7 0 482 12 11 9 11 3 8 7 8 7 5 9 2 5 4 9 4 4 8 3 3 5
23 7 0 482 12 11 10 9 4 7 11 5 7 5 9 2 5 5 4 8 4 5 6 8 0
23 7 0 482 12 11 10 9 4 9 5 9 6 8 6 3 3 9 4 6 5 3 8 2 5
23 7 0 482 12 11 11 6 6 8 8 7 6 7 7 3 4 5 6 7 4 6 0 8 5
23 7 0 483 9 14 9 8 6 7 9 7 6 7 7 3 5 4 6 7 6 4 0 8 5
23 7 0 483 9 14 10 8 5 9 6 8 6 9 5 3 4 7 5 6 7 1 3 7 5
23 7 0 483 9 14 10 10 3 9 7 7 7 6 8 2 4 7 3 8 5 2 7 4 5
23 7 0 483 11 12 8 10 5 6 10 7 6 6 9 2 5 6 2 9 7 2 5 4 5
23 7 0 483 11 12 9 12 2 8 8 7 7 5 10 1 5 5 5 7 6 3 4 5 5
23 7 0 483 11 12 10 11 2 8 9 6 6 7 8 2 4 4 8 6 5 1 6 6 5
23 7 0 483 11 12 11 8 4 9 7 7 7 5 10 1 4 6 4 8 4 5 2 7 5
23 7 0 483 11 12 11 9 3 9 8 6 8 4 8 3 5 4 6 7 2 9 3 4 5
23 7 0 483 12 11 9 11 3 8 7 8 6 8 6 3 4 7 6 5 6 2 9 1 5
23 7 0 483 12 11 10 9 4 9 5 9 7 5 9 2 4 6 7 5 3 9 2 4 5
23 7 0 483 13 10 10 10 3 8 7 8 6 5 11 1 3 6 6 7 3 5 5 5 5
23 7 0 483 14 9 11 7 5 7 10 6 5 8 7 3 3 6 5 8 4 2 7 5 5
23 7 0 483 15 8 9 9 5 7 7 9 6 6 8 3 4 7 5 6 4 8 5 1 5
23 7 0 484 9 14 9 10 4 7 10 6 6 7 7 3 5 3 7 7 6 2 2 8 5
23 7 0 484 9 14 9 10 4 8 8 7 6 9 5 3 5 5 7 5 8 0 4 6 5
23 7 0 484 10 13 11 9 3 9 8 6 8 4 6 5 5 3 6 8 2 6 7 3 5
23 7 0 484 11 12 9 10 4 7 10 6 6 8 7 2 5 5 7 5 7 1 6 9 0
23 7 0 484 11 12 10 10 3 9 6 8 7 5 10 1 4 7 3 8 5 4 3 6 5
23 7 0 484 11 12 11 6 6 8 9 6 6 8 7 2 4 7 3 8 6 1 6 5 5
23 7 0 484 11 12 12 5 6 9 8 6 7 7 5 4 4 7 3 8 3 6 6 3 5
23 7 0 484 12 11 10 7 6 7 10 6 7 5 9 2 5 6 3 8 4 7 4 8 0
23 7 0 484 13 10 8 9 6 5 11 7 5 7 9 2 5 4 6 7 7 3 2 6 5
23 7 0 484 13 10 9 8 6 6 11 6 6 8 5 4 6 3 9 4 6 6 4 2 5
23 7 0 484 13 10 9 10 4 7 8 8 5 8 8 2 4 4 10 4 6 3 2 7 5
23 7 0 484 14 9 10 8 5 7 9 7 7 4 8 4 5 4 5 8 3 7 7 1 5
23 7 0 484 14 9 11 8 4 8 8 7 5 9 6 3 3 5 10 4 4 3 6 5 5
23 7 4 461 10 13 9 9 5 8 7 8 7 6 7 3 6 5 4 7 6 5 3 4 5
23 7 4 464 10 13 10 9 4 8 9 6 7 6 7 3 6 3 6 7 5 4 4 5 5
23 7 4 465 10 13 9 10 4 8 7 8 6 8 5 4 5 5 6 6 6 2 6 4 5
23 7 4 466 10 13 9 11 3 8 8 7 7 6 7 3 6 4 5 7 6 3 5 4 5
23 7 4 466 10 13 10 9 4 9 6 8 7 6 7 3 5 6 3 8 5 4 4 5 5
23 7 4 467 10 13 10 7 6 8 8 7 7 6 7 3 6 4 5 7 5 6 2 5 5
23 7 4 468 10 13 11 7 5 9 7 7 7 6 7 3 5 5 4 8 4 5 3 6 5
23 7 4 468 11 12 9 9 5 7 9 7 7 5 7 4 6 4 4 8 4 7 5 2 5
23 7 4 468 12 11 9 9 5 7 9 7 7 5 9 2 6 5 4 7 5 6 5 7 0
23 7 4 469 10 13 8 11 4 7 9 7 7 6 7 3 7 3 6 6 7 4 4 3 5
23 7 4 469 11 12 11 8 4 9 7 7 6 8 7 2 4 6 6 6 4 5 2 7 5
23 7 4 470 10 13 8 11 4 8 6 9 7 6 7 3 6 6 3 7 7 4 4 3 5
23 7 4 470 10 13 11 8 4 9 7 7 6 8 5 4 4 5 6 7 4 2 6 6 5
23 7 4 470 10 13 11 9 3 9 8 6 7 6 7 3 5 4 5 8 4 3 5 6 5
23 7 4 470 11 12 10 10 3 9 6 8 7 6 6 4 5 4 8 5 3 7 5 3 5
23 7 4 471 10 13 9 9 5 7 10 6 7 6 7 3 7 2 7 6 6 5 3 4 5
23 7 4 471 14 9 10 8 5 7 9 7 5 9 6 3 4 7 4 7 5 4 5 4 5
23 7 4 472 11 12 11 7 5 9 7 7 7 7 5 4 5 5 7 5 3 7 5 8 0
23 7 4 473 13 10 10 10 3 8 7 8 5 8 8 2 3 6 8 5 3 5 5 5 5
23 7 4 474 9 14 10 8 5 8 9 6 7 7 4 5 6 4 4 8 5 4 5 4 5
23 7 4 474 11 12 10 9 4 8 9 6 7 7 5 4 6 3 9 4 4 6 6 7 0
23 7 4 474 12 11 9 9 5 7 8 8 5 8 9 1 4 7 4 7 6 3 3 6 5
23 7 4 474 12 11 9 10 4 7 9 7 6 7 7 3 6 2 9 5 6 4 2 6 5
23 7 4 474 12 11 12 6 5 9 8 6 6 9 5 3 4 6 7 5 3 6 5 4 5
23 7 4 474 13 10 10 8 5 7 10 6 6 7 9 1 5 6 4 7 5 5 5 3 5
23 7 4 475 11 12 9 10 4 9 4 10 7 6 6 4 5 6 6 5 4 8 4 2 5
23 7 4 475 11 12 11 9 3 9 7 7 6 7 8 2 4 4 8 6 4 2 5 7 5
23 7 4 476 11 12 11 7 5 8 9 6 7 5 7 4 5 4 4 9 2 7 5 4 5
23 7 4 476 11 12 11 10 2 9 8 6 6 8 7 2 4 5 7 6 4 3 4 7 5
23 7 4 476 12 11 9 8 6 7 8 8 6 7 7 3 6 3 8 5 6 6 0 6 5
23 7 4 476 12 11 9 10 4 7 9 7 7 4 10 2 6 3 6 7 4 7 4 3 5
23 7 4 476 12 11 10 10 3 8 8 7 7 4 10 2 5 4 5 8 3 6 5 4 5
23 7 4 477 10 13 11 7 5 8 10 5 7 6 7 3 6 2 7 7 4 5 3 6 5
23 7 4 477 11 12 9 11 3 7 10 6 7 5 7 4 6 3 5 8 4 5 7 2 5
23 7 4 477 11 12 11 8 4 9 7 7 7 6 6 4 5 3 9 5 2 8 4 4 5
23 7 4 477 12 11 11 9 3 8 9 6 6 6 8 3 4 3 8 7 2 4 7 5 5
23 7 4 478 10 13 11 9 3 9 8 6 6 8 8 1 4 5 8 5 4 3 5 6 5
23 7 4 478 11 12 10 7 6 7 10 6 7 5 7 4 6 3 5 8 3 8 4 3 5
23 7 4 478 11 12 11 7 5 9 6 8 5 10 5 3 3 7 7 5 4 4 3 7 5
23 7 4 478 11 12 11 8 4 10 4 9 7 6 6 4 4 6 6 6 2 8 4 4 5
23 7 4 478 12 11 12 7 4 9 7 7 6 6 8 3 3 5 6 8 1 5 6 6 5
23 7 4 478 13 10 9 7 7 6 10 7 6 7 6 4 6 5 3 8 6 5 5 2 5
23 7 4 478 13 10 9 9 5 6 11 6 6 7 6 4 6 4 4 8 6 3 7 2 5
23 7 4 479 10 13 12 6 5 9 8 6 6 8 5 4 4 4 7 7 3 3 5 7 5
23 7 4 479 10 13 12 7 4 9 9 5 7 6 7 3 5 3 6 8 3 4 4 7 5
23 7 4 479 11 12 9 10 4 7 9 7 6 6 9 2 5 5 3 9 6 1 6 5 5
23 7 4 479 11 12 10 9 4 7 11 5 7 5 7 4 6 2 6 8 3 6 6 3 5
23 7 4 479 11 12 12 7 4 9 8 6 6 7 8 2 3 6 6 7 1 6 6 5 5
23 7 4 479 12 11 8 11 4 6 11 6 7 5 9 2 7 3 6 6 6 5 6 6 0
23 7 4 479 12 11 9 10 4 8 6 9 7 4 10 2 5 6 3 8 4 7 4 3 5
23 7 4 479 12 11 10 7 6 7 9 7 5 8 9 1 4 6 5 7 5 4 2 7 5
23 7 4 479 12 11 10 8 5 8 7 8 7 4 10 2 5 5 4 8 3 8 3 4 5
23 7 4 479 12 11 10 9 4 7 10 6 5 8 9 1 4 5 6 7 5 2 4 7 5
23 7 4 479 12 11 12 8 3 9 8 6 6 7 7 3 3 6 5 8 1 6 5 6 5
23 7 4 479 13 10 10 9 4 7 10 6 5 9 7 2 4 6 6 6 5 2 8 3 5
23 7 4 479 13 10 11 7 5 8 8 7 5 9 7 2 3 8 4 7 4 3 7 4 5
23 7 4 479 13 10 11 8 4 8 8 7 5 8 8 2 3 5 9 5 2 6 4 6 5
23 7 4 479 14 9 11 6 6 7 10 6 5 9 6 3 4 6 5 7 4 5 4 5 5
23 7 4 480 10 13 10 7 6 9 5 9 7 6 7 3 5 7 2 8 5 6 2 5 5
23 7 4 480 10 13 10 10 3 8 9 6 6 8 5 4 5 3 8 6 5 1 7 5 5
23 7 4 480 11 12 10 7 6 8 7 8 7 5 7 4 5 6 2 9 3 8 4 3 5
23 7 4 480 11 12 10 11 2 9 6 8 6 7 8 2 4 5 7 6 5 1 6 6 5
23 7 4 480 12 11 8 12 3 7 8 8 7 4 10 2 6 4 5 7 5 6 5 2 5
23 7 4 480 12 11 9 9 5 6 11 6 5 8 9 1 5 4 7 6 6 3 3 6 5
23 7 4 480 12 11 12 8 3 9 9 5 6 9 5 3 4 5 8 5 3 4 7 4 5
23 7 4 480 14 9 10 9 4 8 7 8 5 10 5 3 4 6 9 3 5 5 4 4 5
23 7 4 481 9 14 10 9 4 10 4 9 7 8 3 5 5 6 6 5 5 5 4 4 5
23 7 4 481 10 13 8 9 6 8 5 10 7 6 7 3 6 7 2 7 7 6 2 3 5
23 7 4 481 11 12 10 6 7 7 10 6 7 6 6 4 6 5 3 8 4 7 5 7 0
23 7 4 481 11 12 11 9 3 9 7 7 5 10 5 3 3 6 8 5 4 2 5 7 5
23 7 4 481 11 12 12 8 3 10 6 7 7 6 6 4 4 4 8 6 1 7 5 5 5
23 7 4 481 12 11 11 8 4 8 9 6 6 7 7 3 5 2 9 6 4 4 2 8 5
23 7 4 481 12 11 12 8 3 10 6 7 6 9 5 3 3 8 5 6 3 4 7 4 5
23 7 4 481 13 10 9 8 6 6 10 7 6 6 7 4 6 2 8 6 4 8 2 4 5
23 7 4 481 13 10 10 9 4 8 7 8 6 6 10 1 4 6 6 6 3 8 2 5 5
23 7 4 481 14 9 10 8 5 7 9 7 6 7 5 5 5 4 7 6 3 7 7 1 5
23 7 4 481 14 9 11 7 5 7 10 6 5 8 7 3 4 4 7 7 4 2 7 5 5
23 7 4 481 14 9 11 8 4 7 11 5 5 9 6 3 4 5 6 7 4 3 6 5 5
23 7 4 481 15 8 10 9 4 7 9 7 5 8 9 1 4 6 6 6 5 4 4 5 5
23 7 4 482 9 14 10 9 4 9 7 7 7 8 3 5 6 3 9 4 5 5 4 4 5
23 7 4 482 10 13 12 7 4 10 6 7 7 6 7 3 4 6 3 9 3 4 4 7 5
23 7 4 482 11 12 10 7 6 7 10 6 6 8 4 5 6 2 8 6 5 5 2 6 5
23 7 4 482 11 12 11 8 4 8 10 5 6 8 7 2 5 3 9 5 4 5 2 7 5
23 7 4 482 12 11 9 11 3 7 9 7 5 8 9 1 4 6 5 7 6 1 5 6 5
23 7 4 482 12 11 10 9 4 7 11 5 7 5 9 2 6 3 6 7 4 5 6 8 0
23 7 4 482 13 10 11 7 5 7 11 5 5 9 7 2 4 5 7 6 4 3 7 4 5
23 7 4 482 14 9 10 8 5 6 12 5 5 9 6 3 5 4 7 6 5 4 5 4 5
23 7 4 483 9 14 11 7 5 10 5 8 7 8 3 5 5 5 7 5 4 6 3 5 5
23 7 4 483 9 14 11 9 3 10 6 7 7 8 3 5 5 4 8 5 4 4 5 5 5
23 7 4 483 10 13 8 9 6 6 10 7 6 7 6 4 6 5 2 9 7 2 6 3 5
23 7 4 483 11 12 8 9 6 6 10 7 6 8 4 5 7 2 8 5 7 5 2 4 5
23 7 4 483 11 12 12 7 4 10 5 8 6 7 8 2 3 6 6 7 3 3 4 8 5
23 7 4 483 11 12 12 8 3 10 6 7 6 8 7 2 3 7 5 7 3 4 3 8 5
23 7 4 483 12 11 11 7 5 8 9 6 7 5 9 2 5 5 4 8 3 6 5 9 0
23 7 4 483 13 10 9 8 6 6 10 7 5 8 8 2 5 5 5 7 6 5 0 7 5
23 7 4 483 13 10 10 7 6 6 12 5 6 7 6 4 6 3 5 8 5 4 6 3 5
23 7 4 483 13 10 10 11 2 8 8 7 6 6 10 1 4 5 7 6 3 6 4 5 5
23 7 4 484 9 14 10 6 7 8 8 7 7 7 4 5 6 5 3 8 5 6 3 4 5
23 7 4 484 9 14 10 8 5 8 8 7 6 7 7 3 5 3 7 7 5 3 1 9 5
23 7 4 484 10 13 11 9 3 10 5 8 6 8 8 1 3 8 5 6 4 3 5 6 5
23 7 4 484 10 13 12 7 4 10 6 7 6 8 8 1 3 7 6 6 3 4 4 7 5
23 7 4 484 11 12 11 6 6 7 11 5 5 9 6 3 4 5 5 8 4 3 4 7 5
23 7 4 484 11 12 12 8 3 9 9 5 6 8 7 2 4 4 8 6 3 4 3 8 5
23 7 4 484 12 11 9 8 6 7 8 8 5 10 4 4 5 6 5 6 8 0 6 4 5
23 7 4 484 12 11 9 10 4 7 8 8 4 10 7 2 3 7 6 6 6 0 6 6 5
23 7 4 484 12 11 11 7 5 8 9 6 5 10 7 1 4 6 7 5 6 1 5 6 5
23 7 4 484 12 11 13 6 4 10 7 6 6 9 5 3 3 7 6 6 2 5 6 5 5
23 7 4 484 13 10 11 8 4 8 9 6 7 5 8 3 5 4 6 7 2 7 8 1 5
23 7 4 484 13 10 11 8 4 9 5 9 5 8 8 2 2 8 6 6 2 6 4 6 5
23 7 4 484 14 9 11 9 3 9 6 8 5 10 5 3 3 7 8 4 4 4 5 5 5
23 7 4 484 15 8 11 7 5 8 7 8 6 6 8 3 4 5 7 6 2 8 5 3 5
23 7 6 462 10 13 10 8 5 8 8 7 6 8 5 4 5 5 5 7 5 3 5 5 5
23 7 6 463 11 12 10 9 4 8 8 7 6 7 8 2 5 4 7 6 5 3 4 6 5
23 7 6 465 10 13 10 9 4 8 9 6 7 6 7 3 6 4 4 8 5 4 4 5 5
23 7 6 466 11 12 10 10 3 9 6 8 7 6 6 4 5 5 6 6 3 7 5 3 5
23 7 6 467 11 12 9 11 3 8 7 8 6 7 8 2 5 5 6 6 6 2 5 5 5
23 7 6 468 10 13 9 9 5 7 10 6 7 6 7 3 7 3 5 7 6 5 3 4 5
23 7 6 468 10 13 9 9 5 8 7 8 7 6 7 3 6 6 2 8 6 5 3 4 5
23 7 6 468 12 11 9 11 3 7 9 7 6 6 8 3 5 4 6 7 4 4 7 3 5
23 7 6 468 12 11 10 9 4 7 10 6 6 6 8 3 5 3 7 7 3 5 6 4 5
23 7 6 468 12 11 11 7 5 8 8 7 6 6 8 3 4 5 5 8 2 6 5 5 5
23 7 6 469 10 13 9 8 6 8 6 9 6 8 5 4 5 7 3 7 6 4 4 4 5
23 7 6 470 10 13 9 11 3 8 8 7 7 6 7 3 6 5 3 8 6 3 5 4 5
23 7 6 470 11 12 10 9 4 9 5 9 6 7 8 2 4 7 4 7 5 3 4 6 5
23 7 6 470 11 12 11 7 5 9 6 8 6 7 8 2 4 6 5 7 4 4 3 7 5
23 7 6 470 11 12 11 8 4 9 7 7 7 6 6 4 5 4 7 6 2 8 4 4 5
23 7 6 471 10 13 10 7 6 8 8 7 7 6 7 3 6 5 3 8 5 6 2 5 5
23 7 6 471 12 11 9 8 6 7 8 8 6 7 7 3 6 4 6 6 6 6 0 6 5
23 7 6 472 10 13 11 6 6 8 9 6 6 8 5 4 5 4 6 7 4 4 4 6 5
23 7 6 472 11 12 10 8 5 7 10 6 6 7 5 5 5 4 5 8 3 5 7 3 5
23 7 6 472 11 12 11 9 3 9 7 7 6 7 8 2 4 5 6 7 4 2 5 7 5
23 7 6 473 10 13 9 10 4 7 10 6 6 8 5 4 6 3 7 6 6 2 6 4 5
23 7 6 473 11 12 8 11 4 8 5 10 6 7 8 2 5 7 4 6 7 3 4 4 5
23 7 6 474 11 12 10 8 5 9 5 9 7 6 6 4 5 6 5 6 3 9 3 3 5
23 7 6 474 12 11 11 9 3 8 9 6 6 6 8 3 4 4 6 8 2 4 7 5 5
23 7 6 474 13 10 11 8 4 8 8 7 5 8 8 2 3 6 7 6 2 6 4 6 5
23 7 6 475 9 14 11 8 4 9 8 6 7 6 8 2 5 5 4 8 4 3 6 5 5
23 7 6 475 10 13 11 7 5 8 10 5 7 6 7 3 6 3 5 8 4 5 3 6 5
23 7 6 475 10 13 11 9 3 9 8 6 7 6 7 3 5 5 3 9 4 3 5 6 5
23 7 6 475 11 12 10 8 5 8 8 7 7 6 6 4 6 3 8 5 3 9 3 3 5
23 7 6 475 12 11 12 7 4 9 8 6 6 8 6 3 4 5 7 6 3 3 8 4 5
23 7 6 476 10 13 10 10 3 8 9 6 6 8 5 4 5 4 6 7 5 1 7 5 5
23 7 6 476 10 13 11 7 5 9 7 7 7 6 7 3 5 6 2 9 4 5 3 6 5
23 7 6 476 10 13 11 8 4 9 7 7 7 5 8 3 5 4 4 9 4 2 6 6 5
23 7 6 476 14 9 9 9 5 6 10 7 5 8 7 3 5 5 5 7 6 2 7 3 5
23 7 6 477 12 11 9 10 4 7 9 7 7 4 10 2 6 4 4 8 4 7 4 3 5
23 7 6 477 12 11 10 9 4 9 5 9 6 8 6 3 4 8 4 6 5 3 8 2 5
23 7 6 477 12 11 11 9 3 9 7 7 6 8 6 3 4 6 6 6 4 2 9 3 5
23 7 6 478 10 13 11 6 6 9 6 8 6 8 5 4 4 7 3 8 4 4 4 6 5
23 7 6 478 10 13 11 8 4 8 10 5 6 8 5 4 5 3 7 7 4 2 6 6 5
23 7 6 478 11 12 10 8 5 8 8 7 6 8 7 2 5 6 5 6 6 2 5 10 0
23 7 6 478 11 12 10 10 3 8 9 6 7 6 6 4 6 2 9 5 3 7 5 3 5
23 7 6 478 11 12 11 10 2 9 8 6 7 6 6 4 5 3 8 6 2 6 6 4 5
23 7 6 478 11 12 12 8 3 10 6 7 7 6 6 4 4 5 6 7 1 7 5 5 5
23 7 6 478 12 11 10 8 5 7 10 6 6 7 7 3 6 2 8 6 5 5 1 7 5
23 7 6 479 9 14 11 9 3 10 6 7 7 8 3 5 5 5 6 6 4 4 5 5 5
23 7 6 479 10 13 9 7 7 7 9 7 7 6 7 3 7 4 4 7 6 7 1 4 5
23 7 6 479 10 13 10 8 5 7 11 5 6 8 5 4 6 2 8 6 5 3 5 5 5
23 7 6 479 10 13 12 6 5 9 8 6 6 8 5 4 4 5 5 8 3 3 5 7 5
23 7 6 479 11 12 12 7 4 9 8 6 6 7 8 2 4 4 7 7 3 3 4 8 5
23 7 6 479 12 11 8 10 5 6 10 7 6 7 7 3 7 2 8 5 7 5 1 5 5
23 7 6 479 14 9 10 7 6 6 11 6 5 8 7 3 5 4 6 7 5 3 6 4 5
23 7 6 480 12 11 7 10 6 6 8 9 6 7 7 3 7 4 6 5 8 6 0 4 5
23 7 6 480 12 11 10 7 6 7 9 7 5 9 5 4 5 3 9 5 5 4 2 7 5
23 7 6 480 13 10 11 8 4 9 6 8 5 10 6 2 3 8 7 4 4 4 6 4 5
23 7 6 480 14 9 11 7 5 8 8 7 5 10 5 3 4 6 8 4 4 6 3 5 5
23 7 6 480 15 8 10 9 4 7 9 7 6 6 8 3 5 4 7 6 3 7 6 2 5
23 7 6 481 9 14 10 8 5 9 6 8 6 9 5 3 5 6 5 6 7 1 3 7 5
23 7 6 481 9 14 10 10 3 9 7 7 7 6 8 2 5 6 3 8 5 2 7 4 5
23 7 6 481 10 13 9 8 6 6 11 6 6 6 7 4 6 2 6 8 4 6 2 6 5
23 7 6 481 10 13 9 10 4 8 7 8 7 5 8 3 6 3 7 6 4 8 0 6 5
23 7 6 481 10 13 9 11 3 7 11 5 7 6 7 3 7 2 6 7 6 3 5 4 5
23 7 6 481 11 12 11 9 3 9 7 7 6 8 4 5 4 4 9 5 2 5 7 4 5
23 7 6 481 11 12 12 8 3 9 9 5 6 8 7 2 4 5 6 7 3 4 3 8 5
23 7 6 481 12 11 9 11 3 8 7 8 6 8 6 3 5 6 6 5 6 2 9 1 5
23 7 6 481 12 11 10 8 5 8 7 8 5 9 8 1 4 6 8 4 5 5 1 7 5
23 7 6 481 12 11 10 11 2 9 6 8 7 5 9 2 5 4 8 5 3 7 4 4 5
23 7 6 481 13 10 10 10 3 8 7 8 6 5 11 1 4 5 6 7 3 5 5 5 5
23 7 6 481 14 9 11 7 5 7 10 6 5 8 7 3 4 5 5 8 4 2 7 5 5
23 7 6 481 15 8 9 9 5 7 7 9 6 6 8 3 5 6 5 6 4 8 5 1 5
23 7 6 482 8 15 11 8 4 9 8 6 7 6 6 4 5 3 7 7 2 6 4 6 5
23 7 6 482 9 14 11 7 5 10 5 8 7 8 3 5 5 6 5 6 4 6 3 5 5
23 7 6 482 10 13 10 7 6 7 11 5 7 6 7 3 7 2 6 7 5 6 2 5 5
23 7 6 482 10 13 10 9 4 8 8 7 6 7 6 4 5 2 10 5 3 6 2 7 5
23 7 6 482 10 13 10 10 3 9 7 7 8 4 9 2 6 4 6 6 3 8 5 2 5
23 7 6 482 11 12 7 13 3 7 7 9 6 7 8 2 6 5 6 5 8 2 5 3 5
23 7 6 482 11 12 10 7 6 7 10 6 7 5 7 4 6 4 3 9 3 8 4 3 5
23 7 6 482 11 12 11 7 5 8 10 5 7 7 5 4 6 3 8 5 3 7 5 8 0
23 7 6 482 12 11 10 7 6 7 10 6 5 10 7 1 5 6 6 5 7 2 4 5 5
23 7 6 482 12 11 10 8 5 7 9 7 4 10 7 2 3 7 5 7 5 1 5 7 5
23 7 6 482 12 11 10 9 4 9 5 9 7 5 9 2 5 5 7 5 3 9 2 4 5
23 7 6 482 12 11 11 6 6 8 8 7 6 7 7 3 5 4 6 7 4 6 0 8 5
23 7 6 482 13 10 11 7 5 7 11 5 5 9 7 2 4 6 5 7 4 3 7 4 5
23 7 6 483 10 13 10 10 3 8 9 6 7 5 8 3 6 2 6 8 5 1 7 5 5
23 7 6 483 10 13 10 11 2 8 10 5 7 6 7 3 6 3 5 8 5 2 6 5 5
23 7 6 483 10 13 12 7 4 9 9 5 6 8 8 1 4 5 7 6 3 4 4 7 5
23 7 6 483 11 12 8 10 5 6 10 7 6 6 9 2 6 5 2 9 7 2 5 4 5
23 7 6 483 11 12 8 11 4 6 10 7 6 5 10 2 6 2 7 7 5 5 2 6 5
23 7 6 483 11 12 9 11 3 7 10 6 6 7 8 2 6 2 9 5 6 2 5 5 5
23 7 6 483 12 11 10 9 4 7 11 5 7 5 9 2 6 4 4 8 4 5 6 8 0
23 7 6 483 12 11 10 10 3 8 8 7 5 9 8 1 4 5 9 4 5 3 3 7 5
23 7 6 483 14 9 10 10 3 8 7 8 5 9 6 3 4 5 9 4 5 2 7 4 5
23 7 6 483 14 9 11 8 4 8 8 7 5 9 6 3 4 4 10 4 4 3 6 5 5
23 7 6 484 9 14 10 10 3 8 10 5 7 6 8 2 6 3 6 7 5 2 7 4 5
23 7 6 484 9 14 10 10 3 9 7 7 7 6 8 2 5 5 6 6 4 4 5 10 0
23 7 6 484 9 14 11 7 5 9 8 6 7 8 3 5 6 3 8 5 4 6 3 5 5
23 7 6 484 10 13 9 11 3 9 5 9 6 9 4 4 5 5 9 3 6 3 5 4 5
23 7 6 484 10 13 10 9 4 10 3 10 6 9 4 4 4 7 7 4 5 4 4 5 5
23 7 6 484 10 13 11 7 5 9 7 7 8 4 6 5 6 3 5 8 2 8 5 3 5
23 7 6 484 10 13 11 9 3 10 5 8 6 9 4 4 4 5 9 4 4 3 5 6 5
23 7 6 484 11 12 10 8 5 8 8 7 6 9 3 5 5 6 5 6 5 3 9 1 5
23 7 6 484 11 12 10 11 2 8 9 6 6 7 8 2 5 3 8 6 5 1 6 6 5
23 7 6 484 11 12 12 7 4 9 8 6 5 10 5 3 3 6 7 6 3 3 4 8 5
23 7 6 484 12 11 8 12 3 7 8 8 7 4 10 2 6 5 3 8 5 6 5 2 5
23 7 6 484 12 11 9 9 5 6 12 5 7 5 9 2 7 3 5 7 5 6 5 7 0
23 7 6 484 12 11 9 10 4 6 12 5 6 7 7 3 6 3 7 6 5 3 8 7 0
23 7 6 484 12 11 9 11 3 8 7 8 7 5 9 2 6 3 9 4 4 8 3 3 5
23 7 6 484 12 11 9 11 3 9 4 10 7 5 9 2 5 6 6 5 4 8 3 3 5
23 7 6 484 12 11 10 7 6 7 10 6 7 5 9 2 6 5 3 8 4 7 4 8 0
23 7 6 484 12 11 11 7 5 8 9 6 5 10 7 1 4 7 5 6 6 1 5 6 5
23 7 6 484 13 10 9 9 5 7 8 8 5 10 3 5 5 5 8 4 6 3 7 2 5
23 7 6 484 13 10 11 7 5 8 8 7 5 10 3 5 4 5 8 5 4 3 7 4 5
23 7 6 484 14 9 11 5 7 7 9 7 5 8 7 3 4 6 4 8 4 4 5 5 5
23 7 6 484 14 9 11 8 4 7 11 5 5 9 6 3 4 6 4 8 4 3 6 5 5
23 7 6 484 14 9 11 9 3 8 9 6 5 10 5 3 4 5 9 4 4 4 5 5 5
23 7 6 484 14 9 12 6 5 9 6 8 5 9 6 3 3 6 8 5 3 4 5 6 5
23 7 6 484 14 9 12 7 4 9 7 7 5 10 5 3 3 7 7 5 3 5 4 6 5
23 7 6 484 15 8 9 9 5 6 10 7 5 8 9 1 5 6 5 6 6 5 3 4 5
23 7 6 484 15 8 10 8 5 7 8 8 5 7 10 1 4 6 5 7 5 3 5 5 5
23 7 6 484 15 8 10 9 4 7 9 7 5 8 9 1 4 7 4 7 5 4 4 5 5
23 7 6 484 15 8 11 7 5 8 7 8 6 6 8 3 4 6 5 7 2 8 5 3 5
23 7 10 460 12 11 9 9 5 7 8 8 6 6 8 3 5 6 4 7 4 6 5 3 5
23 7 10 461 11 12 10 9 4 8 8 7 6 7 8 2 5 5 6 6 5 3 4 6 5
23 7 10 463 10 13 10 8 5 8 8 7 6 8 5 4 5 6 4 7 5 3 5 5 5
23 7 10 464 11 12 9 9 5 8 6 9 6 7 8 2 5 7 4 6 6 4 3 5 5
23 7 10 465 11 12 8 11 4 7 8 8 6 7 8 2 6 5 6 5 7 3 4 4 5
23 7 10 465 12 11 10 9 4 7 10 6 6 6 8 3 5 4 6 7 3 5 6 4 5
23 7 10 466 10 13 10 9 4 8 9 6 7 6 7 3 6 5 3 8 5 4 4 5 5
23 7 10 467 11 12 9 11 3 8 7 8 6 7 8 2 5 6 5 6 6 2 5 5 5
23 7 10 467 12 11 9 11 3 7 9 7 6 6 8 3 5 5 5 7 4 4 7 3 5
23 7 10 467 12 11 10 9 4 8 8 7 6 8 6 3 5 6 6 5 5 3 8 2 5
23 7 10 468 11 12 11 8 4 9 7 7 7 6 6 4 5 5 6 6 2 8 4 4 5
23 7 10 469 12 11 11 7 5 8 8 7 6 6 8 3 4 6 4 8 2 6 5 5 5
23 7 10 470 11 12 11 7 5 8 9 6 6 7 8 2 5 4 7 6 4 4 3 7 5
23 7 10 470 12 11 9 8 6 7 8 8 6 7 7 3 6 5 5 6 6 6 0 6 5
23 7 10 471 10 13 9 10 4 8 7 8 7 5 8 3 6 5 3 8 6 2 6 4 5
23 7 10 471 10 13 11 6 6 8 9 6 6 8 5 4 5 5 5 7 4 4 4 6 5
23 7 10 471 12 11 10 10 3 9 5 9 6 7 7 3 4 6 8 4 3 6 5 4 5
23 7 10 471 12 11 11 7 5 9 6 8 6 8 6 3 4 8 4 6 4 4 7 3 5
23 7 10 472 11 12 11 7 5 9 6 8 6 7 8 2 4 7 4 7 4 4 3 7 5
23 7 10 472 11 12 11 9 3 9 7 7 6 7 8 2 4 6 5 7 4 2 5 7 5
23 7 10 472 14 9 10 8 5 8 6 9 5 9 6 3 4 7 7 4 5 4 5 4 5
23 7 10 473 12 11 10 8 5 7 10 6 6 7 7 3 6 3 7 6 5 5 1 7 5
23 7 10 473 12 11 11 9 3 8 9 6 6 6 8 3 4 5 5 8 2 4 7 5 5
23 7 10 474 10 13 10 7 6 8 8 7 7 6 7 3 6 6 2 8 5 6 2 5 5
23 7 10 474 10 13 10 8 5 7 11 5 6 8 5 4 6 3 7 6 5 3 5 5 5
23 7 10 474 10 13 11 7 5 8 10 5 7 6 7 3 6 4 4 8 4 5 3 6 5
23 7 10 474 11 12 10 9 4 9 5 9 6 7 8 2 4 8 3 7 5 3 4 6 5
23 7 10 474 11 12 11 10 2 9 8 6 7 6 6 4 5 4 7 6 2 6 6 4 5
23 7 10 474 12 11 8 10 5 6 10 7 6 7 7 3 7 3 7 5 7 5 1 5 5
23 7 10 474 12 11 12 7 4 9 8 6 6 8 6 3 4 6 6 6 3 3 8 4 5
23 7 10 475 10 13 10 6 7 8 7 8 6 8 5 4 5 7 3 7 5 5 3 5 5
23 7 10 475 10 13 10 9 4 8 8 7 6 7 6 4 5 3 9 5 3 6 2 7 5
23 7 10 475 10 13 10 9 4 9 6 8 6 9 4 4 5 5 9 3 5 4 4 5 5
23 7 10 475 10 13 10 10 3 8 9 6 6 8 5 4 5 5 5 7 5 1 7 5 5
23 7 10 475 10 13 11 8 4 8 10 5 6 8 5 4 5 4 6 7 4 2 6 6 5
23 7 10 475 11 12 11 7 5 9 6 8 6 8 4 5 4 6 7 5 2 7 5 4 5
23 7 10 475 12 11 8 9 6 6 9 8 5 9 5 4 6 4 8 4 7 4 2 5 5
23 7 10 475 12 11 10 7 6 7 9 7 5 9 5 4 5 4 8 5 5 4 2 7 5
23 7 10 477 9 14 10 9 4 8 8 7 6 6 8 3 4 6 3 9 3 3 6 6 5
23 7 10 477 9 14 11 8 4 9 8 6 7 6 8 2 5 6 3 8 4 3 6 5 5
23 7 10 477 9 14 11 8 4 10 5 8 7 7 4 5 5 5 6 6 4 3 6 5 5
23 7 10 477 10 13 11 8 4 9 7 7 7 5 8 3 5 5 3 9 4 2 6 6 5
23 7 10 477 11 12 8 11 4 8 5 10 6 7 8 2 5 8 3 6 7 3 4 4 5
23 7 10 477 11 12 9 11 3 7 10 6 6 7 8 2 6 3 8 5 6 2 5 5 5
23 7 10 477 11 12 11 9 3 9 7 7 6 8 4 5 4 5 8 5 2 5 7 4 5
23 7 10 477 11 12 12 7 4 9 8 6 6 7 8 2 4 5 6 7 3 3 4 8 5
23 7 10 477 14 9 9 9 5 6 10 7 5 8 7 3 5 6 4 7 6 2 7 3 5
23 7 10 478 10 13 11 9 3 9 8 6 7 6 7 3 5 6 2 9 4 3 5 6 5
23 7 10 478 10 13 11 9 3 10 5 8 7 6 7 3 4 7 5 6 2 6 7 3 5
23 7 10 478 11 12 11 8 4 9 6 8 5 9 6 3 3 7 6 6 4 1 6 7 5
23 7 10 478 11 12 12 8 3 10 6 7 7 6 6 4 4 6 5 7 1 7 5 5 5
23 7 10 478 12 11 9 10 4 7 9 7 7 4 10 2 6 5 3 8 4 7 4 3 5
23 7 10 478 12 11 10 11 2 9 6 8 7 5 9 2 5 5 7 5 3 7 4 4 5
23 7 10 478 12 11 11 9 3 9 7 7 6 8 6 3 4 7 5 6 4 2 9 3 5
23 7 10 478 14 9 10 7 6 6 11 6 5 8 7 3 5 5 5 7 5 3 6 4 5
23 7 10 478 14 9 11 8 4 8 8 7 5 9 6 3 4 5 9 4 4 3 6 5 5
23 7 10 478 15 8 10 9 4 7 9 7 6 6 8 3 5 5 6 6 3 7 6 2 5
23 7 10 479 10 13 9 9 5 8 7 8 8 4 6 5 7 4 4 7 4 8 5 1 5
23 7 10 479 10 13 10 7 6 7 11 5 7 6 7 3 7 3 5 7 5 6 2 5 5
23 7 10 479 11 12 8 11 4 6 10 7 6 5 10 2 6 3 6 7 5 5 2 6 5
23 7 10 479 12 11 9 11 3 8 7 8 7 5 9 2 6 4 8 4 4 8 3 3 5
23 7 10 479 12 11 10 7 6 8 6 9 6 6 8 3 4 8 2 8 3 7 4 4 5
23 7 10 479 13 10 9 10 4 7 8 8 5 8 8 2 5 4 9 4 6 3 2 7 5
23 7 10 479 14 9 9 7 7 6 9 8 5 8 7 3 5 7 3 7 6 4 5 3 5
23 7 10 479 14 9 9 10 4 7 8 8 5 9 6 3 5 5 9 3 6 3 6 3 5
23 7 10 480 9 14 9 8 6 8 7 8 6 9 5 3 6 6 5 5 8 2 2 6 5
23 7 10 480 10 13 10 10 3 8 9 6 7 5 8 3 6 3 5 8 5 1 7 5 5
23 7 10 480 10 13 12 6 5 9 8 6 6 8 5 4 4 6 4 8 3 3 5 7 5
23 7 10 480 11 12 10 8 5 8 8 7 6 8 7 2 5 7 4 6 6 2 5 10 0
23 7 10 480 11 12 10 11 2 8 9 6 6 7 8 2 5 4 7 6 5 1 6 6 5
23 7 10 480 14 9 10 10 3 8 7 8 5 9 6 3 4 6 8 4 5 2 7 4 5
23 7 10 480 15 8 10 8 5 7 8 8 5 8 6 4 4 6 7 5 3 6 7 2 5
23 7 10 481 10 13 11 7 5 9 7 7 7 6 7 3 5 7 1 9 4 5 3 6 5
23 7 10 481 10 13 11 9 3 10 5 8 6 9 4 4 4 6 8 4 4 3 5 6 5
23 7 10 481 11 12 10 10 3 8 8 7 5 9 6 3 4 5 8 5 5 0 7 6 5
23 7 10 481 11 12 11 9 3 8 10 5 6 7 8 2 5 3 8 6 4 2 5 7 5
23 7 10 481 12 11 10 9 4 9 5 9 7 5 9 2 5 6 6 5 3 9 2 4 5
23 7 10 481 12 11 11 6 6 8 8 7 6 7 7 3 5 5 5 7 4 6 0 8 5
23 7 10 481 12 11 11 9 3 9 7 7 7 5 9 2 5 4 8 5 2 8 3 5 5
23 7 10 481 13 10 10 10 3 8 7 8 6 5 11 1 4 6 5 7 3 5 5 5 5
23 7 10 482 9 14 10 7 6 8 8 7 7 6 5 5 6 5 2 9 5 3 6 4 5
23 7 10 482 9 14 10 10 3 8 10 5 7 6 8 2 6 4 5 7 5 2 7 4 5
23 7 10 482 9 14 10 11 2 9 7 7 7 5 9 2 5 4 7 6 3 5 4 6 5
23 7 10 482 10 13 10 9 4 7 12 4 7 6 7 3 7 2 6 7 5 4 4 5 5
23 7 10 482 10 13 10 9 4 8 9 6 8 4 6 5 7 2 6 7 3 7 6 2 5
23 7 10 482 10 13 10 11 2 8 10 5 7 6 7 3 6 4 4 8 5 2 6 5 5
23 7 10 482 11 12 10 9 4 7 11 5 6 7 8 2 6 2 9 5 5 3 4 6 5
23 7 10 482 12 11 9 11 3 8 7 8 6 8 6 3 5 7 5 5 6 2 9 1 5
23 7 10 482 12 11 10 9 4 9 5 9 6 8 6 3 4 9 3 6 5 3 8 2 5
23 7 10 482 12 11 10 10 3 7 11 5 6 7 7 3 6 2 8 6 5 3 3 7 5
23 7 10 482 13 10 9 9 5 7 8 8 5 10 3 5 5 6 7 4 6 3 7 2 5
23 7 10 482 13 10 11 7 5 8 8 7 5 10 3 5 4 6 7 5 4 3 7 4 5
23 7 10 482 14 9 8 9 6 5 11 7 5 8 7 3 6 5 5 6 7 3 6 2 5
23 7 10 482 14 9 11 7 5 7 10 6 5 8 7 3 4 6 4 8 4 2 7 5 5
23 7 10 483 9 14 9 8 6 7 9 7 6 7 7 3 6 4 5 7 6 4 0 8 5
23 7 10 483 9 14 9 10 4 7 10 6 6 7 7 3 6 3 6 7 6 2 2 8 5
23 7 10 483 9 14 9 10 4 8 8 7 6 9 5 3 6 5 6 5 8 0 4 6 5
23 7 10 483 9 14 10 8 5 8 9 6 6 9 5 3 6 4 7 5 7 1 3 7 5
23 7 10 483 9 14 10 8 5 9 6 8 6 9 5 3 5 7 4 6 7 1 3 7 5
23 7 10 483 9 14 10 8 5 9 6 8 7 6 8 2 5 8 1 8 5 4 5 4 5
23 7 10 483 9 14 10 10 3 9 7 7 7 7 4 5 6 3 8 5 5 2 7 4 5
23 7 10 483 9 14 10 11 2 10 5 8 7 7 7 2 5 6 7 4 5 3 6 4 5
23 7 10 483 9 14 12 7 4 10 7 6 7 8 3 5 5 5 6 6 3 5 4 6 5
23 7 10 483 10 13 9 11 3 8 8 7 8 4 6 5 7 3 5 7 4 6 7 1 5
23 7 10 483 10 13 11 6 6 9 6 8 6 8 5 4 4 8 2 8 4 4 4 6 5
23 7 10 483 10 13 11 7 5 9 7 7 8 4 6 5 6 4 4 8 2 8 5 3 5
23 7 10 483 10 13 11 7 5 10 4 9 6 9 4 4 4 7 7 4 4 5 3 6 5
23 7 10 483 11 12 9 9 5 6 11 6 5 8 7 3 5 5 4 8 6 0 7 5 5
23 7 10 483 11 12 9 10 4 7 10 6 6 8 7 2 6 5 6 5 7 1 6 9 0
23 7 10 483 11 12 12 7 4 9 9 5 7 7 5 4 5 5 6 6 2 6 6 9 0
23 7 10 483 11 12 12 8 3 9 9 5 7 6 6 4 5 3 8 6 1 7 5 5 5
23 7 10 483 12 11 9 12 2 8 7 8 6 7 7 3 5 4 10 3 4 5 6 3 5
23 7 10 483 12 11 10 9 4 7 10 6 6 6 8 3 6 1 9 6 5 2 4 7 5
23 7 10 483 12 11 11 10 2 9 7 7 6 7 7 3 4 4 10 4 2 5 6 5 5
23 7 10 483 12 11 12 8 3 10 5 8 6 7 7 3 3 6 8 5 1 6 5 6 5
23 7 10 483 13 10 10 7 6 7 9 7 5 10 3 5 5 5 8 4 5 4 6 3 5
23 7 10 483 13 10 10 10 3 8 7 8 6 6 7 4 4 5 8 5 1 8 7 2 5
23 7 10 483 14 9 12 6 5 9 6 8 5 9 6 3 3 7 7 5 3 4 5 6 5
23 7 10 483 15 8 9 9 5 7 7 9 6 6 8 3 5 7 4 6 4 8 5 1 5
23 7 10 484 9 14 9 9 5 7 10 6 7 6 5 5 7 3 4 8 6 2 7 3 5
23 7 10 484 10 13 11 9 3 9 8 6 8 4 6 5 6 3 5 8 2 6 7 3 5
23 7 10 484 11 12 10 7 6 7 9 7 5 8 7 3 4 7 2 9 5 1 6 6 5
23 7 10 484 11 12 11 6 6 7 11 5 6 7 5 5 5 4 5 8 2 6 6 4 5
23 7 10 484 12 11 10 9 4 7 11 5 7 5 9 2 6 5 3 8 4 5 6 8 0
23 7 10 484 12 11 10 10 3 7 10 6 5 8 6 4 4 4 8 6 3 2 9 4 5
23 7 10 484 13 10 8 9 6 5 11 7 5 7 9 2 6 4 5 7 7 3 2 6 5
23 7 10 484 13 10 8 12 3 7 7 9 6 5 11 1 5 6 5 6 5 5 5 3 5
23 7 10 484 13 10 11 8 4 8 9 6 7 5 8 3 5 5 6 6 1 9 6 7 0
23 7 12 461 10 13 10 8 5 8 8 7 6 8 5 4 5 6 5 6 5 3 5 5 5
23 7 12 462 10 13 10 9 4 8 9 6 7 6 7 3 6 5 4 7 5 4 4 5 5
23 7 12 462 11 12 10 9 4 8 8 7 6 7 8 2 5 5 7 5 5 3 4 6 5
23 7 12 463 12 11 10 9 4 8 7 8 6 6 8 3 4 7 4 7 3 5 6 4 5
23 7 12 464 12 11 9 10 4 7 9 7 6 7 7 3 6 4 7 5 6 4 2 6 5
23 7 12 465 12 11 10 9 4 7 10 6 6 6 8 3 5 4 7 6 3 5 6 4 5
23 7 12 466 12 11 9 11 3 7 9 7 6 6 8 3 5 5 6 6 4 4 7 3 5
23 7 12 466 12 11 11 7 5 8 8 7 6 6 8 3 4 6 5 7 2 6 5 5 5
23 7 12 467 11 12 9 11 3 8 7 8 6 7 8 2 5 6 6 5 6 2 5 5 5
23 7 12 469 10 13 10 7 6 8 8 7 7 6 7 3 6 6 3 7 5 6 2 5 5
23 7 12 469 11 12 11 8 4 9 7 7 7 6 6 4 5 5 7 5 2 8 4 4 5
23 7 12 469 12 11 10 8 5 7 10 6 6 7 7 3 5 6 5 6 4 4 7 8 0
23 7 12 470 10 13 11 6 6 8 9 6 6 8 5 4 5 5 6 6 4 4 4 6 5
23 7 12 470 11 12 11 7 5 9 6 8 6 7 8 2 4 7 5 6 4 4 3 7 5
23 7 12 470 12 11 9 8 6 7 8 8 6 7 7 3 6 5 6 5 6 6 0 6 5
23 7 12 471 10 13 11 7 5 8 10 5 7 6 7 3 6 4 5 7 4 5 3 6 5
23 7 12 471 11 12 10 9 4 9 5 9 6 7 8 2 4 8 4 6 5 3 4 6 5
23 7 12 471 11 12 11 9 3 9 7 7 6 7 8 2 4 6 6 6 4 2 5 7 5
23 7 12 471 12 11 11 8 4 8 9 6 6 7 7 3 5 4 7 6 4 4 2 8 5
23 7 12 471 12 11 11 9 3 8 9 6 6 6 8 3 4 5 6 7 2 4 7 5 5
23 7 12 472 10 13 11 8 4 9 7 7 6 8 5 4 4 7 4 7 4 2 6 6 5
23 7 12 472 10 13 11 8 4 9 7 7 7 5 8 3 5 5 4 8 4 2 6 6 5
23 7 12 472 10 13 11 9 3 9 8 6 7 6 7 3 5 6 3 8 4 3 5 6 5
23 7 12 473 9 14 11 8 4 9 8 6 7 6 8 2 5 6 4 7 4 3 6 5 5
23 7 12 473 13 10 9 8 6 6 10 7 6 6 7 4 6 4 6 6 4 8 2 4 5
23 7 12 474 10 13 10 10 3 8 9 6 6 8 5 4 5 5 6 6 5 1 7 5 5
23 7 12 474 10 13 11 7 5 9 7 7 7 6 7 3 5 7 2 8 4 5 3 6 5
23 7 12 474 11 12 10 7 6 7 10 6 6 8 4 5 6 4 6 6 5 5 2 6 5
23 7 12 474 12 11 9 10 4 7 9 7 7 4 10 2 6 5 4 7 4 7 4 3 5
23 7 12 475 10 13 11 8 4 8 10 5 6 8 5 4 5 4 7 6 4 2 6 6 5
23 7 12 475 11 12 8 11 4 8 5 10 6 7 8 2 5 8 4 5 7 3 4 4 5
23 7 12 475 11 12 9 9 5 7 8 8 6 5 10 2 5 5 5 7 4 6 1 7 5
23 7 12 475 12 11 10 8 5 7 10 6 6 7 7 3 6 3 8 5 5 5 1 7 5
23 7 12 475 12 11 12 7 4 9 8 6 6 8 6 3 4 6 7 5 3 3 8 4 5
23 7 12 475 14 9 9 9 5 6 10 7 5 8 7 3 5 6 5 6 6 2 7 3 5
23 7 12 476 10 13 10 8 5 7 11 5 6 8 5 4 6 3 8 5 5 3 5 5 5
23 7 12 476 10 13 10 9 4 9 6 8 7 6 7 3 5 8 1 8 5 4 4 5 5
23 7 12 476 10 13 10 9 4 9 6 8 8 4 6 5 6 5 4 7 3 7 6 2 5
23 7 12 476 11 12 11 10 2 9 8 6 7 6 6 4 5 4 8 5 2 6 6 4 5
23 7 12 477 10 13 12 6 5 9 8 6 6 8 5 4 4 6 5 7 3 3 5 7 5
23 7 12 477 10 13 12 7 4 9 9 5 7 6 7 3 5 5 4 8 3 4 4 7 5
23 7 12 477 11 12 12 7 4 9 8 6 6 7 8 2 4 5 7 6 3 3 4 8 5
23 7 12 477 11 12 12 8 3 10 6 7 7 6 6 4 4 6 6 6 1 7 5 5 5
23 7 12 477 12 11 8 10 5 6 10 7 6 7 7 3 7 3 8 4 7 5 1 5 5
23 7 12 477 14 9 10 7 6 6 11 6 5 8 7 3 5 5 6 6 5 3 6 4 5
23 7 12 477 14 9 10 7 6 7 8 8 5 8 7 3 4 8 3 7 5 3 6 4 5
23 7 12 478 10 13 10 7 6 7 11 5 7 6 7 3 7 3 6 6 5 6 2 5 5
23 7 12 478 10 13 10 10 3 8 9 6 7 5 8 3 6 3 6 7 5 1 7 5 5
23 7 12 478 10 13 11 6 6 9 6 8 6 8 5 4 4 8 3 7 4 4 4 6 5
23 7 12 478 12 11 10 10 3 8 8 7 7 4 10 2 5 6 3 8 3 6 5 4 5
23 7 12 478 12 11 11 9 3 9 7 7 6 8 6 3 4 7 6 5 4 2 9 3 5
23 7 12 479 10 13 10 11 2 8 10 5 7 6 7 3 6 4 5 7 5 2 6 5 5
23 7 12 479 11 12 8 11 4 6 10 7 6 5 10 2 6 3 7 6 5 5 2 6 5
23 7 12 479 11 12 10 8 5 8 8 7 6 8 7 2 5 7 5 5 6 2 5 10 0
23 7 12 479 11 12 11 6 6 8 8 7 6 7 5 5 4 7 3 8 2 6 6 4 5
23 7 12 479 12 11 10 7 6 7 9 7 5 9 5 4 5 4 9 4 5 4 2 7 5
23 7 12 479 14 9 10 8 5 7 9 7 6 7 5 5 5 6 5 6 3 7 7 1 5
23 7 12 479 14 9 11 7 5 7 10 6 5 8 7 3 4 6 5 7 4 2 7 5 5
23 7 12 479 15 8 10 9 4 7 9 7 6 6 8 3 5 5 7 5 3 7 6 2 5
23 7 12 480 9 14 10 8 5 8 8 7 6 7 7 3 5 5 5 7 5 3 1 9 5
23 7 12 480 9 14 10 10 3 9 7 7 7 6 8 2 5 7 3 7 5 2 7 4 5
23 7 12 480 10 13 10 9 4 8 8 7 6 7 6 4 5 3 10 4 3 6 2 7 5
23 7 12 480 10 13 11 7 5 9 7 7 8 4 6 5 6 4 5 7 2 8 5 3 5
23 7 12 480 10 13 11 9 3 8 11 4 7 6 7 3 6 3 6 7 4 3 5 6 5
23 7 12 480 11 12 8 10 5 6 10 7 6 6 9 2 6 6 2 8 7 2 5 4 5
23 7 12 480 11 12 10 11 2 9 6 8 6 7 8 2 4 7 5 6 5 1 6 6 5
23 7 12 480 11 12 11 7 5 8 9 6 7 5 7 4 5 6 2 9 2 7 5 4 5
23 7 12 480 12 11 10 9 4 7 11 5 7 5 9 2 6 5 4 7 4 5 6 8 0
23 7 12 480 12 11 10 9 4 9 5 9 6 8 6 3 4 9 4 5 5 3 8 2 5
23 7 12 480 12 11 11 6 6 8 8 7 6 7 7 3 5 5 6 6 4 6 0 8 5
23 7 12 480 12 11 12 7 4 9 7 7 6 6 8 3 3 7 4 8 1 5 6 6 5
23 7 12 480 13 10 10 10 3 8 7 8 6 5 11 1 4 6 6 6 3 5 5 5 5
23 7 12 481 9 14 10 10 3 8 10 5 7 6 8 2 6 4 6 6 5 2 7 4 5
23 7 12 481 11 12 9 11 3 7 10 6 6 7 8 2 6 3 9 4 6 2 5 5 5
23 7 12 481 11 12 11 9 3 9 7 7 6 8 4 5 4 5 9 4 2 5 7 4 5
23 7 12 481 12 11 10 11 2 9 6 8 7 5 9 2 5 5 8 4 3 7 4 4 5
23 7 12 481 14 9 8 9 6 6 8 9 5 8 7 3 5 8 3 6 7 3 6 2 5
23 7 12 482 9 14 9 8 6 7 9 7 6 7 7 3 6 4 6 6 6 4 0 8 5
23 7 12 482 9 14 10 8 5 9 6 8 6 9 5 3 5 7 5 5 7 1 3 7 5
23 7 12 482 10 13 9 11 3 8 8 7 8 4 6 5 7 3 6 6 4 6 7 1 5
23 7 12 482 10 13 10 9 4 7 12 4 7 6 7 3 7 2 7 6 5 4 4 5 5
23 7 12 482 10 13 10 9 4 8 9 6 8 4 6 5 7 2 7 6 3 7 6 2 5
23 7 12 482 10 13 11 9 3 9 8 6 8 4 6 5 6 3 6 7 2 6 7 3 5
23 7 12 482 11 12 10 11 2 8 9 6 6 7 8 2 5 4 8 5 5 1 6 6 5
23 7 12 482 11 12 11 6 6 7 11 5 6 7 5 5 5 4 6 7 2 6 6 4 5
23 7 12 482 11 12 11 8 4 10 4 9 7 6 6 4 4 8 4 6 2 8 4 4 5
23 7 12 482 12 11 10 7 6 7 10 6 7 5 9 2 6 6 3 7 4 7 4 8 0
23 7 12 482 13 10 9 9 5 6 11 6 6 7 6 4 6 6 2 8 6 3 7 2 5
23 7 12 482 13 10 10 8 5 8 6 9 5 8 8 2 4 6 8 4 5 4 1 8 5
23 7 12 482 13 10 10 9 4 8 7 8 6 7 6 4 5 4 10 3 3 8 2 5 5
23 7 12 482 14 9 9 10 4 6 10 7 5 7 8 3 5 3 10 4 4 5 4 5 5
23 7 12 482 14 9 10 9 4 7 9 7 6 5 10 2 5 4 7 6 3 7 2 6 5
23 7 12 482 15 8 9 9 5 7 7 9 6 6 8 3 5 7 5 5 4 8 5 1 5
23 7 12 482 15 8 11 9 3 8 8 7 6 6 8 3 4 6 6 6 2 6 7 3 5
23 7 12 483 9 14 9 10 4 7 10 6 6 7 7 3 6 3 7 6 6 2 2 8 5
23 7 12 483 12 11 9 11 3 8 7 8 6 8 6 3 5 7 6 4 6 2 9 1 5
23 7 12 483 12 11 10 9 4 9 5 9 7 5 9 2 5 6 7 4 3 9 2 4 5
23 7 12 483 13 10 8 9 6 5 11 7 5 7 9 2 6 4 6 6 7 3 2 6 5
23 7 12 483 13 10 10 7 6 6 12 5 6 7 6 4 6 5 3 8 5 4 6 3 5
23 7 12 483 14 9 8 11 4 6 9 8 6 5 10 2 6 4 7 5 5 7 2 4 5
23 7 12 483 14 9 11 5 7 7 9 7 5 8 7 3 4 7 4 7 4 4 5 5 5
23 7 12 483 14 9 11 8 4 9 5 9 5 9 6 3 3 8 7 4 4 3 6 5 5
23 7 12 483 15 8 9 11 3 7 8 8 6 6 8 3 5 6 6 5 4 6 7 1 5
23 7 12 484 9 14 10 9 4 8 9 6 7 6 5 5 6 4 4 8 5 1 8 4 5
23 7 12 484 9 14 10 11 2 9 7 7 7 5 9 2 5 4 8 5 3 5 4 6 5
23 7 12 484 9 14 12 7 4 10 7 6 7 8 3 5 5 5 7 5 3 5 4 6 5
23 7 12 484 10 13 8 11 4 8 6 9 8 4 6 5 7 5 4 6 5 7 6 0 5
23 7 12 484 11 12 11 9 3 8 10 5 6 7 8 2 5 3 9 5 4 2 5 7 5
23 7 12 484 11 12 12 7 4 9 9 5 7 7 5 4 5 5 7 5 2 6 6 9 0
23 7 12 484 12 11 9 11 3 8 7 8 7 5 9 2 6 4 9 3 4 8 3 3 5
23 7 12 484 12 11 11 7 5 8 9 6 6 9 2 6 5 6 5 6 4 4 7 3 5
23 7 12 484 13 10 9 7 7 6 9 8 5 7 9 2 5 6 4 7 6 4 1 7 5
23 7 12 484 13 10 10 8 5 7 10 6 7 5 8 3 6 5 5 6 3 8 7 0 5
23 7 12 484 13 10 11 6 6 7 10 6 6 6 7 4 5 4 6 7 2 8 2 6 5
23 7 12 484 13 10 11 8 4 8 9 6 7 5 8 3 5 6 4 7 2 7 8 1 5
23 7 12 484 14 9 9 10 4 8 5 10 5 9 6 3 4 8 7 3 6 3 6 3 5
23 7 12 484 14 9 11 8 4 8 8 7 5 9 6 3 4 5 10 3 4 3 6 5 5
23 7 12 484 15 8 10 8 5 7 8 8 5 7 10 1 4 7 5 6 5 3 5 5 5
23 7 12 484 15 8 11 7 5 8 7 8 6 6 8 3 4 7 5 6 2 8 5 3 5
23 7 16 461 11 12 10 9 4 8 8 7 7 5 7 4 5 6 6 5 3 6 6 3 5
23 7 16 462 10 13 10 9 4 9 6 8 7 6 7 3 5 7 6 4 5 4 4 5 5
23 7 16 465 13 10 10 7 6 7 9 7 6 7 6 4 5 7 5 5 5 4 6 3 5
23 7 16 466 12 11 8 9 6 6 9 8 6 6 8 3 6 6 5 5 7 4 2 5 5
23 7 16 467 12 11 10 7 6 7 9 7 6 6 8 3 5 6 5 6 5 4 2 7 5
23 7 16 467 12 11 10 9 4 7 10 6 6 6 8 3 5 5 6 6 5 2 4 7 5
23 7 16 468 13 10 9 10 4 7 8 8 6 6 7 4 5 5 9 3 4 6 4 4 5
23 7 16 469 12 11 8 11 4 6 10 7 6 6 8 3 6 5 6 5 7 2 4 5 5
23 7 16 469 13 10 9 9 5 7 8 8 6 7 6 4 5 8 4 5 6 3 7 2 5
23 7 16 470 10 13 9 11 3 8 8 7 7 6 7 3 6 5 8 3 6 3 5 4 5
23 7 16 470 10 13 11 9 3 9 8 6 7 6 7 3 5 5 8 4 4 3 5 6 5
23 7 16 470 11 12 9 8 6 6 11 6 6 7 5 5 6 5 5 6 6 3 4 5 5
23 7 16 470 11 12 11 9 3 9 7 7 7 5 7 4 4 7 5 6 2 5 7 4 5
23 7 16 470 12 11 9 9 5 6 11 6 6 6 8 3 6 4 7 5 6 3 3 6 5
23 7 16 470 13 10 11 7 5 8 8 7 6 7 6 4 4 8 4 6 4 3 7 4 5
23 7 16 471 10 13 9 8 6 7 9 7 7 5 8 3 6 7 2 7 6 4 4 4 5
23 7 16 472 10 13 10 8 5 7 11 5 7 5 8 3 6 5 4 7 5 3 5 5 5
23 7 16 472 10 13 10 9 4 8 8 7 7 4 9 3 5 5 6 6 3 6 2 7 5
23 7 16 472 13 10 8 9 6 5 11 7 6 5 8 4 6 5 5 6 5 6 4 3 5
23 7 16 472 13 10 10 9 4 7 10 6 6 7 6 4 5 6 6 5 5 2 8 3 5
23 7 16 473 9 14 11 8 4 9 8 6 7 7 4 5 5 6 6 5 4 3 6 5 5
23 7 16 473 10 13 9 10 4 7 10 6 7 5 8 3 6 6 3 7 6 2 6 4 5
23 7 16 473 10 13 9 11 3 9 5 9 7 6 7 3 5 8 5 4 6 3 5 4 5
23 7 16 473 11 12 10 9 4 8 8 7 6 8 4 5 5 5 9 3 5 3 4 6 5
23 7 16 473 11 12 11 7 5 9 6 8 7 5 7 4 4 8 4 6 2 7 5 4 5
23 7 16 473 12 11 10 8 5 7 10 6 7 5 6 5 6 4 7 5 3 8 3 4 5
23 7 16 473 13 10 11 8 4 8 8 7 6 6 7 4 4 5 9 4 2 6 4 6 5
23 7 16 474 10 13 10 11 2 9 7 7 7 6 7 3 5 6 7 4 5 2 6 5 5
23 7 16 474 10 13 11 9 3 10 5 8 7 6 7 3 4 8 5 5 4 3 5 6 5
23 7 16 474 10 13 12 7 4 10 6 7 7 6 7 3 4 7 6 5 3 4 4 7 5
23 7 16 474 11 12 12 7 4 9 8 6 7 5 7 4 4 6 6 6 1 6 6 5 5
23 7 16 474 13 10 10 7 6 6 11 6 6 5 8 4 5 5 5 7 3 6 4 5 5
23 7 16 474 13 10 10 9 4 8 7 8 7 4 9 3 5 6 6 5 3 8 2 5 5
23 7 16 475 11 12 10 7 6 8 7 8 6 8 4 5 5 6 8 3 5 5 2 6 5
23 7 16 475 12 11 9 10 4 8 6 9 6 7 7 3 5 6 9 2 6 4 2 6 5
23 7 16 475 13 10 9 9 5 6 11 6 6 7 6 4 6 5 7 4 6 3 7 2 5
23 7 16 475 13 10 11 7 5 7 11 5 6 7 6 4 5 5 7 5 4 3 7 4 5
23 7 16 476 9 14 11 6 6 9 7 7 7 7 4 5 5 7 5 5 4 5 4 5 5
23 7 16 476 11 12 9 9 5 6 12 5 7 5 7 4 7 4 4 7 6 4 3 5 5
23 7 16 476 11 12 10 9 4 9 5 9 7 5 7 4 4 9 3 6 3 6 6 3 5
23 7 16 476 11 12 10 10 3 8 9 6 8 3 9 3 6 5 5 6 3 7 5 3 5
23 7 16 476 12 11 9 11 3 8 7 8 7 5 9 2 5 8 5 4 5 4 7 7 0
23 7 16 477 10 13 9 9 5 8 6 9 7 4 9 3 5 7 4 6 4 7 1 6 5
23 7 16 477 10 13 10 8 5 8 8 7 7 5 8 3 5 8 1 8 5 3 5 5 5
23 7 16 477 10 13 11 7 5 8 9 6 6 7 6 4 4 7 4 7 4 1 7 6 5
23 7 16 477 11 12 10 7 6 7 10 6 7 5 7 4 6 6 2 8 5 5 2 6 5
23 7 16 477 11 12 10 11 2 8 9 6 7 5 7 4 5 5 7 5 3 4 8 3 5
23 7 16 477 11 12 11 8 4 8 10 5 7 6 6 4 5 6 6 5 3 4 8 8 0
23 7 16 477 11 12 11 9 3 8 10 5 7 5 7 4 5 4 8 5 2 5 7 4 5
23 7 16 477 12 11 10 7 6 7 9 7 6 7 4 6 5 5 8 4 3 7 4 4 5
23 7 16 477 13 10 11 8 4 8 9 6 6 7 9 1 4 8 6 4 4 4 6 4 5
23 7 16 477 13 10 12 5 6 8 9 6 6 7 6 4 4 7 5 6 3 4 6 5 5
23 7 16 478 12 11 9 7 7 7 7 9 6 6 8 3 5 8 3 6 6 5 1 6 5
23 7 16 478 13 10 8 11 4 7 7 9 7 4 9 3 6 6 6 4 5 8 2 3 5
23 7 16 478 13 10 9 11 3 7 9 7 7 4 9 3 6 4 8 4 4 7 3 4 5
23 7 16 479 9 14 9 9 5 7 9 7 6 6 8 3 5 6 4 7 6 1 3 8 5
23 7 16 479 12 11 10 10 3 7 11 5 7 5 6 5 6 3 8 5 3 6 5 4 5
23 7 16 479 12 11 11 7 5 7 11 5 6 6 8 3 5 4 7 6 4 3 3 8 5
23 7 16 479 12 11 11 8 4 9 6 8 6 7 7 3 4 6 9 3 4 4 2 8 5
23 7 16 480 10 13 9 8 6 7 9 7 6 8 5 4 6 6 5 5 8 1 2 7 5
23 7 16 480 10 13 9 11 3 7 10 6 7 4 9 3 6 3 8 5 4 5 3 6 5
23 7 16 480 10 13 11 6 6 8 9 6 7 5 8 3 5 7 2 8 4 4 4 6 5
23 7 16 480 11 12 10 8 5 8 8 7 8 3 9 3 6 6 4 6 3 9 3 3 5
23 7 16 480 11 12 10 10 3 8 8 7 6 6 9 2 4 7 5 6 5 0 7 6 5
23 7 16 480 11 12 11 6 6 7 11 5 6 7 5 5 5 5 5 7 4 3 4 7 5
23 7 16 480 13 10 10 8 5 7 9 7 5 8 8 2 4 7 7 4 5 4 1 8 5
23 7 16 480 14 9 11 8 4 8 8 7 5 9 6 3 3 9 6 4 4 3 6 5 5
23 7 16 480 15 8 9 8 6 6 9 8 5 8 6 4 5 6 8 3 6 4 4 4 5
23 7 16 481 9 14 11 8 4 8 10 5 7 5 6 5 5 4 6 7 2 5 4 7 5
23 7 16 481 10 13 10 11 2 8 9 6 7 4 9 3 5 4 7 6 3 4 4 7 5
23 7 16 481 10 13 11 7 5 10 4 9 7 6 7 3 4 9 4 5 4 5 3 6 5
23 7 16 481 10 13 12 7 4 9 9 5 7 6 7 3 5 4 9 4 3 4 4 7 5
23 7 16 481 11 12 9 9 5 7 9 7 6 8 4 5 6 4 10 2 6 4 3 5 5
23 7 16 481 12 11 7 11 5 5 11 7 6 6 8 3 7 4 7 4 8 3 3 4 5
23 7 16 481 12 11 10 10 3 9 5 9 7 4 10 2 4 8 5 5 3 6 5 4 5
23 7 16 481 13 10 9 9 5 7 8 8 7 4 9 3 6 5 7 4 4 9 1 4 5
23 7 16 481 13 10 12 7 4 8 10 5 6 7 6 4 4 6 6 6 3 2 8 5 5
23 7 16 481 14 9 9 10 4 6 10 7 6 4 11 2 5 5 6 6 4 5 4 5 5
23 7 16 482 10 13 10 9 4 8 8 7 6 7 6 4 4 8 3 7 5 0 8 5 5
23 7 16 482 11 12 9 6 8 6 10 7 6 7 5 5 6 6 4 6 6 5 2 5 5
23 7 16 482 11 12 10 9 4 8 8 7 7 4 11 1 5 7 3 7 5 3 4 6 5
23 7 16 482 12 11 9 12 2 8 7 8 7 4 10 2 5 6 7 4 4 5 6 3 5
23 7 16 482 12 11 11 6 6 8 8 7 7 5 6 5 5 6 5 6 2 9 2 5 5
23 7 16 482 13 10 10 7 6 8 6 9 6 7 6 4 4 10 2 6 5 4 6 3 5
23 7 16 482 13 10 11 5 7 8 7 8 6 7 6 4 4 9 3 6 4 5 5 4 5
23 7 16 482 13 10 11 9 3 8 9 6 6 7 6 4 4 7 5 6 4 1 9 4 5
23 7 16 482 13 10 11 9 3 8 9 6 7 4 9 3 5 4 8 5 2 7 3 6 5
23 7 16 483 8 15 11 8 4 10 6 7 8 5 7 3 5 8 3 6 4 4 6 4 5
23 7 16 483 9 14 12 6 5 9 9 5 7 7 4 5 5 5 7 5 3 4 5 6 5
23 7 16 483 10 13 10 9 4 7 11 5 6 7 6 4 5 5 6 6 5 0 8 5 5
23 7 16 483 10 13 11 7 5 8 10 5 7 7 3 6 6 4 7 5 4 5 3 6 5
23 7 16 483 10 13 12 9 2 10 7 6 7 6 7 3 4 6 7 5 3 2 6 7 5
23 7 16 483 11 12 10 8 5 7 11 5 7 6 6 4 6 6 4 6 5 3 9 1 5
23 7 16 483 11 12 10 9 4 7 10 6 7 3 9 4 5 4 6 7 1 8 4 5 5
23 7 16 483 11 12 11 8 4 9 7 7 8 3 9 3 5 7 3 7 2 8 4 4 5
23 7 16 483 12 11 10 8 5 9 4 10 6 7 7 3 4 8 7 3 5 5 1 7 5
23 7 16 483 12 11 10 9 4 8 7 8 5 8 9 1 3 9 6 4 5 2 4 7 5
23 7 16 483 12 11 10 10 3 7 10 6 6 5 9 3 4 6 5 7 3 2 9 4 5
23 7 16 483 12 11 11 10 2 9 7 7 7 4 10 2 4 6 7 5 2 5 6 5 5
23 7 16 483 13 10 8 11 4 6 10 7 6 7 6 4 6 6 6 4 7 2 8 1 5
23 7 16 483 13 10 9 10 4 7 8 8 6 5 11 1 5 6 6 5 6 3 2 7 5
23 7 16 484 8 15 10 8 5 8 9 6 7 6 6 4 6 4 7 5 5 4 1 8 5
23 7 16 484 8 15 10 8 5 9 6 8 7 6 6 4 5 7 4 6 5 4 1 8 5
23 7 16 484 10 13 10 10 3 8 9 6 7 5 8 3 5 7 2 8 5 1 7 5 5
23 7 16 484 11 12 9 7 7 6 11 6 7 5 7 4 7 5 3 7 6 6 1 5 5
23 7 16 484 11 12 11 6 6 8 9 6 7 6 6 4 5 8 2 7 4 4 8 2 5
23 7 16 484 11 12 11 8 4 8 10 5 8 3 9 3 6 4 6 6 2 8 4 4 5
23 7 16 484 11 12 11 10 2 9 8 6 8 3 9 3 5 6 4 7 2 6 6 4 5
23 7 16 484 12 11 11 8 4 8 8 7 6 5 9 3 3 8 3 8 2 3 8 5 5
23 7 16 484 13 10 9 9 5 5 13 5 6 5 8 4 6 3 7 6 4 5 5 4 5
23 7 16 484 13 10 9 11 3 7 9 7 6 7 6 4 5 7 5 5 6 1 9 2 5
23 7 16 484 15 8 11 6 6 7 9 7 5 8 6 4 4 6 8 4 4 4 4 6 5
23 7 18 459 11 12 9 9 5 7 9 7 7 5 7 4 6 6 5 5 6 4 3 5 5
23 7 18 466 11 12 11 7 5 8 9 6 7 5 7 4 5 6 5 6 4 4 3 7 5
23 7 18 467 12 11 10 9 4 8 7 8 6 6 8 3 4 7 7 4 5 2 4 7 5
23 7 18 468 11 12 10 7 6 7 10 6 7 5 7 4 6 5 6 5 5 5 2 6 5
23 7 18 469 11 12 9 11 3 7 10 6 7 5 7 4 6 5 6 5 6 2 5 5 5
23 7 18 470 11 12 8 9 6 6 10 7 7 5 7 4 7 5 6 4 7 5 2 4 5
23 7 18 470 11 12 10 7 6 8 7 8 7 5 7 4 5 8 3 6 5 5 2 6 5
23 7 18 470 11 12 10 9 4 7 11 5 7 5 7 4 6 4 7 5 5 3 4 6 5
23 7 18 470 12 11 9 9 5 6 11 6 7 4 7 5 6 5 5 6 4 6 5 3 5
23 7 18 471 11 12 8 9 6 7 7 9 7 5 7 4 6 8 3 5 7 5 2 4 5
23 7 18 471 11 12 10 8 5 7 10 6 6 7 5 5 5 5 8 4 5 2 5 6 5
23 7 18 472 11 12 11 6 6 8 8 7 6 7 5 5 4 7 6 5 4 3 4 7 5
23 7 18 473 10 13 11 8 4 9 7 7 7 5 8 3 4 8 4 6 4 2 6 6 5
23 7 18 473 11 12 9 7 7 7 8 8 7 5 7 4 6 7 4 5 6 6 1 5 5
23 7 18 473 11 12 11 9 3 8 10 5 7 5 7 4 5 5 6 6 4 2 5 7 5
23 7 18 473 12 11 10 8 5 8 7 8 7 5 6 5 5 6 8 3 3 8 3 4 5
23 7 18 473 12 11 10 10 3 8 8 7 7 5 6 5 5 5 9 3 3 6 5 4 5
23 7 18 473 12 11 11 8 4 8 9 6 6 7 7 3 4 7 7 4 4 4 2 8 5
23 7 18 474 10 13 9 10 4 7 9 7 7 3 10 3 5 6 4 7 4 4 4 6 5
23 7 18 474 10 13 10 10 3 8 9 6 7 5 8 3 5 6 6 5 5 1 7 5 5
23 7 18 475 11 12 8 11 4 6 11 6 7 5 7 4 7 4 7 4 7 3 4 4 5
23 7 18 475 12 11 9 8 6 6 10 7 6 5 9 3 5 7 3 7 6 2 4 6 5
23 7 18 476 9 14 10 8 5 8 9 6 8 4 7 4 6 7 2 7 5 4 5 4 5
23 7 18 476 9 14 11 8 4 9 7 7 7 5 6 5 4 6 7 5 2 5 4 7 5
23 7 18 476 13 10 10 8 5 7 9 7 7 3 10 3 5 6 5 6 3 7 3 5 5
23 7 18 477 10 13 10 8 5 7 11 5 7 6 4 6 6 5 5 6 5 3 5 5 5
23 7 18 477 11 12 11 8 4 8 9 6 7 4 8 4 4 7 4 7 2 4 8 4 5
23 7 18 477 13 10 8 10 5 6 9 8 7 3 10 3 6 6 5 5 5 7 3 3 5
23 7 18 478 10 13 11 9 3 9 8 6 8 4 6 5 5 6 6 5 2 6 7 3 5
23 7 18 478 11 12 10 10 3 9 6 8 8 3 9 3 5 7 6 4 3 7 5 3 5
23 7 18 478 12 11 11 7 5 7 11 5 7 4 7 5 5 5 5 7 2 6 5 5 5
23 7 18 478 13 10 10 10 3 7 10 6 7 3 10 3 5 5 6 6 3 5 5 5 5
23 7 18 479 10 13 11 7 5 9 7 7 8 4 6 5 5 7 5 5 2 8 5 3 5
23 7 18 479 12 11 9 11 3 7 9 7 6 6 8 3 5 5 9 3 6 1 5 6 5
23 7 18 479 13 10 9 9 5 6 10 7 5 7 9 2 4 8 5 5 6 2 3 7 5
23 7 18 480 8 15 9 9 5 7 10 6 7 5 7 4 6 5 5 6 6 2 3 7 5
23 7 18 480 9 14 10 10 3 8 9 6 7 5 6 5 5 4 9 4 3 4 5 6 5
23 7 18 480 9 14 11 7 5 8 10 5 7 6 5 5 5 6 5 6 4 2 7 5 5
23 7 18 480 11 12 9 9 5 6 12 5 7 5 7 4 7 3 8 4 6 4 3 5 5
23 7 18 480 11 12 11 9 3 9 7 7 6 7 8 2 3 9 6 4 4 2 5 7 5
23 7 18 480 12 11 9 7 7 6 10 7 7 4 7 5 6 6 4 6 4 8 3 3 5
23 7 18 480 14 9 10 8 5 7 8 8 5 7 8 3 3 8 8 3 3 6 3 6 5
23 7 18 481 9 14 10 9 4 8 9 6 7 6 5 5 5 7 4 6 5 1 8 4 5
23 7 18 481 12 11 9 10 4 7 9 7 7 5 6 5 6 4 10 2 4 7 4 3 5
23 7 18 481 13 10 9 10 4 6 11 6 7 3 10 3 6 4 7 5 4 6 4 4 5
23 7 18 481 14 9 10 8 5 7 9 7 7 4 8 4 5 7 5 5 3 7 7 1 5
23 7 18 482 9 14 10 7 6 7 10 6 7 4 7 5 5 6 3 8 3 5 4 6 5
23 7 18 482 9 14 10 9 4 8 9 6 8 3 8 4 6 4 7 5 3 7 2 6 5
23 7 18 482 9 14 10 9 4 9 6 8 8 3 8 4 5 7 4 6 3 7 2 6 5
23 7 18 482 10 13 10 6 7 7 10 6 7 6 4 6 6 6 4 6 5 5 3 5 5
23 7 18 482 10 13 11 7 5 9 7 7 7 7 3 6 5 6 8 3 4 5 3 6 5
23 7 18 482 11 12 11 7 5 9 6 8 6 7 8 2 3 10 5 4 4 4 3 7 5
23 7 18 482 12 11 12 7 4 8 10 5 6 6 8 3 3 7 7 5 1 5 6 6 5
23 7 18 482 13 10 8 12 3 6 10 7 7 3 10 3 6 5 6 5 5 5 5 3 5
23 7 18 482 14 9 10 7 6 6 11 6 5 8 7 3 4 8 6 4 5 3 6 4 5
23 7 18 482 14 9 10 8 5 6 12 5 6 6 9 2 5 7 5 5 5 4 5 4 5
23 7 18 483 9 14 11 6 6 8 10 5 8 4 7 4 6 6 3 7 4 5 4 5 5
23 7 18 483 11 12 11 5 7 8 8 7 7 5 7 4 5 7 4 6 4 6 1 7 5
23 7 18 483 11 12 12 7 4 9 8 6 6 7 8 2 3 8 7 4 3 3 4 8 5
23 7 18 483 12 11 8 10 5 5 12 6 6 5 9 3 6 5 5 6 7 1 5 5 5
23 7 18 483 12 11 10 7 6 6 12 5 7 4 7 5 6 4 6 6 3 7 4 4 5
23 7 18 483 12 11 11 8 4 8 9 6 7 5 6 5 5 4 10 3 2 7 4 5 5
23 7 18 483 12 11 11 9 3 8 9 6 6 6 8 3 4 5 9 4 4 1 5 8 5
23 7 18 483 12 11 12 7 4 9 7 7 6 6 8 3 3 7 7 5 3 2 4 9 5
23 7 18 483 13 10 12 6 5 8 10 5 6 8 5 4 4 7 8 3 3 5 5 5 5
23 7 18 483 13 10 12 7 4 9 7 7 6 7 6 4 3 8 7 4 3 2 8 5 5
23 7 18 483 14 9 10 10 3 7 9 7 5 7 8 3 3 7 9 3 3 4 5 6 5
23 7 18 484 9 14 10 8 5 7 12 4 8 4 7 4 7 4 5 6 5 4 5 4 5
23 7 18 484 9 14 11 8 4 8 11 4 8 4 7 4 6 5 4 7 4 3 6 5 5
23 7 18 484 9 14 11 9 3 9 8 6 8 3 8 4 5 5 6 6 2 6 3 7 5
23 7 18 484 10 13 10 10 3 9 6 8 7 5 8 3 4 9 3 6 5 1 7 5 5
23 7 18 484 10 13 10 11 2 9 6 8 7 4 9 3 4 6 8 4 3 4 4 7 5
23 7 18 484 11 12 10 10 3 8 8 7 7 4 8 4 4 8 3 7 3 3 9 3 5
23 7 18 484 11 12 11 8 4 8 8 7 5 7 8 3 2 8 7 5 2 3 4 9 5
23 7 18 484 12 11 11 7 5 8 8 7 5 9 5 4 3 8 8 3 4 3 3 8 5
23 7 18 484 12 11 12 8 3 9 8 6 6 7 7 3 3 8 6 5 3 3 3 9 5
23 7 18 484 12 11 12 8 3 9 8 6 7 5 6 5 4 5 9 4 1 6 5 6 5
23 7 18 484 13 10 9 11 3 6 11 6 6 5 8 4 5 4 9 4 4 3 7 4 5
23 7 18 484 13 10 12 6 5 9 7 7 6 8 5 4 3 10 5 4 3 5 5 5 5
23 7 18 484 13 10 12 8 3 9 8 6 6 8 5 4 3 9 6 4 3 3 7 5 5
23 7 18 484 14 9 10 9 4 7 9 7 6 5 10 2 4 7 7 4 3 7 2 6 5
23 7 22 469 11 12 10 9 4 8 8 7 7 5 7 4 4 9 6 3 5 3 4 6 5
23 7 22 472 10 13 10 8 5 8 8 7 8 3 7 5 5 8 4 5 5 3 5 5 5
23 7 22 474 11 12 11 7 5 8 9 6 7 5 7 4 4 8 7 3 4 4 3 7 5
23 7 22 477 10 13 9 10 4 7 10 6 8 3 7 5 6 6 6 4 6 2 6 4 5
23 7 22 477 12 11 10 8 5 7 10 6 7 5 6 5 5 7 7 3 5 5 1 7 5
23 7 22 478 11 12 10 7 6 8 7 8 7 5 7 4 4 10 5 3 5 5 2 6 5
23 7 22 480 10 13 11 8 4 8 10 5 8 3 7 5 5 6 6 5 4 2 6 6 5
23 7 22 480 11 12 10 9 4 7 11 5 7 5 7 4 5 6 9 2 5 3 4 6 5
23 7 22 481 11 12 11 9 3 8 10 5 7 5 7 4 4 7 8 3 4 2 5 7 5
23 7 22 481 12 11 11 7 5 7 11 5 7 4 7 5 4 7 7 4 2 6 5 5 5
23 7 22 481 13 10 9 10 4 7 8 8 7 3 10 3 4 9 6 3 4 6 4 4 5
23 7 22 482 10 13 10 10 3 8 9 6 8 3 7 5 5 7 5 5 5 1 7 5 5
23 7 22 482 11 12 11 9 3 9 7 7 7 5 7 4 3 10 5 4 4 2 5 7 5
23 7 22 482 12 11 11 7 5 8 8 7 7 4 7 5 3 10 4 5 2 6 5 5 5
23 7 22 482 12 11 11 7 5 8 9 6 7 6 5 5 4 9 7 2 4 4 7 3 5
23 7 22 483 11 12 12 7 4 9 8 6 7 5 7 4 3 9 6 4 3 3 4 8 5
23 7 22 484 11 12 10 8 5 7 10 6 8 2 7 6 5 7 4 6 3 5 7 3 5
23 7 22 484 11 12 10 11 2 8 9 6 7 5 7 4 4 8 7 3 5 1 6 6 5
23 7 22 484 12 11 10 8 5 7 9 7 6 5 9 3 3 10 4 5 5 1 5 7 5
23 7 24 481 10 13 10 8 5 7 11 5 8 3 7 5 5 8 5 4 5 3 5 5 5
23 7 24 481 12 11 10 7 6 7 9 7 7 4 7 5 4 9 6 3 5 4 2 7 5
23 7 24 482 12 11 8 9 6 6 9 8 7 4 7 5 5 9 6 2 7 4 2 5 5
23 7 24 482 12 11 9 9 5 6 11 6 7 4 7 5 5 7 8 2 6 3 3 6 5
