17 8 -24 249 9 8 7 6 4 6 5 6 4 8 3 2 6 2 4 5 2 4 4 2 4
17 8 -24 253 9 8 6 8 3 6 4 7 4 8 3 2 6 3 3 5 3 3 5 1 4
17 8 -24 253 9 8 8 6 3 7 4 6 4 8 3 2 5 3 3 6 1 3 5 3 4
17 8 -21 250 8 9 8 6 3 7 4 6 4 7 5 1 4 4 3 6 0 4 4 5 3
17 8 -21 254 10 7 7 6 4 5 7 5 3 9 4 1 5 3 4 5 3 1 5 4 3
17 8 -21 254 11 6 7 8 2 6 5 6 4 7 5 1 5 3 5 4 1 5 5 2 3
17 8 -21 255 8 9 8 6 3 6 7 4 4 7 5 1 5 1 6 5 0 4 4 5 3
17 8 -21 255 10 7 6 6 5 5 5 7 3 9 4 1 5 5 2 5 4 2 4 3 3
17 8 -21 256 11 6 7 6 4 6 4 7 4 7 5 1 5 4 4 4 1 7 3 2 3
17 8 -20 255 9 8 7 7 3 6 5 6 4 7 4 2 5 3 3 6 2 2 6 1 5
17 8 -20 255 9 8 8 5 4 6 6 5 4 7 4 2 5 2 4 6 1 3 5 2 5
17 8 -20 256 7 10 8 6 3 7 5 5 5 6 4 2 5 3 3 6 0 4 6 6 0
17 8 -20 256 8 9 6 7 4 5 6 6 4 6 6 1 6 1 4 6 3 3 1 4 5
17 8 -17 245 7 10 8 6 3 7 5 5 5 6 4 2 5 3 3 6 1 4 3 5 3
17 8 -17 247 8 9 6 7 4 5 6 6 4 6 6 1 5 4 1 7 3 2 4 4 3
17 8 -17 249 8 9 7 8 2 7 3 7 4 7 5 1 4 4 5 4 2 2 4 5 3
17 8 -17 249 11 6 7 7 3 5 7 5 4 6 6 1 5 3 3 6 2 3 5 3 3
17 8 -17 250 10 7 7 7 3 6 5 6 4 8 2 3 5 3 6 3 2 4 5 2 3
17 8 -17 252 7 10 8 5 4 7 4 6 4 8 2 3 4 4 4 5 1 3 4 5 3
17 8 -17 252 8 9 6 9 2 6 5 6 5 5 7 0 6 2 5 4 3 4 2 4 3
17 8 -17 252 11 6 6 7 4 4 8 5 4 6 6 1 6 2 4 5 3 4 4 2 3
17 8 -17 252 11 6 7 5 5 5 6 6 4 6 6 1 5 4 2 6 2 5 3 3 3
17 8 -17 253 9 8 7 7 3 6 5 6 5 4 7 1 5 3 3 6 0 7 3 3 3
17 8 -17 254 8 9 7 7 3 5 8 4 4 6 6 1 5 2 3 7 2 1 5 5 3
17 8 -17 254 8 9 7 7 3 7 3 7 5 5 7 0 5 4 3 5 2 5 1 5 3
17 8 -17 255 9 8 6 7 4 5 6 6 4 7 4 2 6 1 7 3 3 5 0 5 3
17 8 -17 255 10 7 7 5 5 6 4 7 4 8 2 3 5 4 5 3 2 6 3 2 3
17 8 -17 256 6 11 6 7 4 6 5 6 6 4 4 3 7 2 1 7 3 4 4 2 3
17 8 -17 256 7 10 8 8 1 7 6 4 5 6 4 2 5 2 4 6 1 2 5 5 3
17 8 -17 256 8 9 7 7 3 6 6 5 5 5 7 0 6 1 6 4 2 5 1 5 3
17 8 -17 256 8 9 7 9 1 7 4 6 5 5 7 0 5 3 4 5 2 3 3 5 3
17 8 -17 256 8 9 8 7 2 7 5 5 5 5 7 0 5 2 5 5 1 4 2 6 3
17 8 -17 256 11 6 5 7 5 4 6 7 4 6 6 1 6 4 2 5 4 5 3 1 3
17 8 -17 256 11 6 5 9 3 4 7 6 4 6 6 1 6 3 3 5 4 3 5 1 3
17 8 -17 256 11 6 8 5 4 5 8 4 4 6 6 1 5 2 4 6 1 4 4 4 3
17 8 -12 239 7 10 7 7 3 6 6 5 5 5 5 2 5 3 3 6 2 3 4 4 3
17 8 -12 247 7 10 8 5 4 6 7 4 5 5 5 2 5 2 4 6 1 4 3 5 3
17 8 -12 247 9 8 7 5 5 5 7 5 4 7 4 2 5 4 2 6 4 1 4 4 3
17 8 -12 248 10 7 8 6 3 6 6 5 4 7 3 3 4 3 6 4 1 3 6 3 3
17 8 -12 249 10 7 6 8 3 5 6 6 4 7 3 3 5 3 6 3 3 3 6 1 3
17 8 -12 251 9 8 7 6 4 5 7 5 4 6 5 2 5 1 7 4 2 4 1 6 3
17 8 -12 252 6 11 7 7 3 7 4 6 5 6 5 1 5 4 3 5 4 1 2 6 3
17 8 -12 252 7 10 8 5 4 7 4 6 5 5 5 2 4 5 1 7 1 4 3 5 3
17 8 -12 252 9 8 5 7 5 4 7 6 4 7 4 2 6 4 2 5 6 1 4 2 3
17 8 -12 253 8 9 7 8 2 6 6 5 5 4 8 0 5 2 5 5 2 3 3 5 3
17 8 -12 255 7 10 9 5 3 7 6 4 5 5 5 2 4 3 3 7 0 3 4 6 3
17 8 -12 256 6 11 8 5 4 7 5 5 5 6 5 1 5 3 4 5 3 2 1 7 3
17 8 -12 256 9 8 6 7 4 4 9 4 4 7 4 2 6 2 4 5 5 0 5 3 3
17 8 -12 256 9 8 8 4 5 6 6 5 5 6 2 4 5 4 2 6 1 6 4 2 3
17 8 -12 256 9 8 9 6 2 7 6 4 5 5 6 1 4 3 5 5 0 3 7 3 3
17 8 -9 242 7 10 7 7 3 6 6 5 5 5 5 2 5 3 3 6 3 2 3 4 4
17 8 -9 244 7 10 6 7 4 5 7 5 5 5 5 2 6 2 4 5 4 3 2 3 4
17 8 -9 248 7 10 6 7 4 6 4 7 5 5 5 2 5 5 1 6 4 3 2 3 4
17 8 -9 248 7 10 7 5 5 6 5 6 5 5 5 2 5 4 2 6 3 4 1 4 4
17 8 -9 248 10 7 8 6 3 6 6 5 4 7 3 3 4 3 6 4 2 2 5 3 4
17 8 -9 249 7 10 8 5 4 6 7 4 5 5 5 2 5 2 4 6 2 3 2 5 4
17 8 -9 249 10 7 8 4 5 6 5 6 4 7 3 3 4 4 5 4 2 4 3 3 4
17 8 -9 250 8 9 8 5 4 6 7 4 5 6 3 3 5 3 4 5 2 3 6 1 4
17 8 -9 250 8 9 8 6 3 7 4 6 5 5 4 3 4 3 6 4 0 6 3 3 4
17 8 -9 251 10 7 6 8 3 5 6 6 4 7 3 3 5 3 6 3 4 2 5 1 4
17 8 -9 251 10 7 7 6 4 5 7 5 4 7 3 3 5 2 7 3 3 3 4 2 4
17 8 -9 252 8 9 7 7 3 6 6 5 5 6 3 3 5 4 3 5 3 2 7 0 4
17 8 -9 252 9 8 6 8 3 5 6 6 5 3 8 1 5 3 3 6 2 5 3 2 4
17 8 -9 254 7 10 8 5 4 7 4 6 5 5 5 2 4 5 1 7 2 3 2 5 4
17 8 -9 254 8 9 7 5 5 5 7 5 5 4 5 3 5 3 2 7 1 6 3 2 4
17 8 -9 255 8 9 6 8 3 6 4 7 5 4 8 0 5 4 3 5 4 3 1 4 4
17 8 -9 256 8 9 8 7 2 7 4 6 4 6 6 1 3 4 5 5 2 0 4 6 4
17 8 -9 256 9 8 7 6 4 5 7 5 4 6 5 2 5 1 7 4 3 3 0 6 4
17 8 -9 256 11 6 6 6 5 4 7 6 4 5 7 1 5 4 2 6 4 3 3 2 4
17 8 -8 249 7 10 7 6 4 6 5 6 4 7 3 3 4 4 4 5 3 2 2 4 5
17 8 -8 249 7 10 7 7 3 6 6 5 5 5 5 2 5 3 3 6 3 3 1 4 5
17 8 -8 251 10 7 8 6 3 6 6 5 4 7 3 3 4 3 6 4 2 3 3 3 5
17 8 -8 252 8 9 7 7 3 6 5 6 4 6 6 1 4 3 6 4 3 2 1 5 5
17 8 -8 252 8 9 8 5 4 6 7 4 5 6 3 3 5 3 4 5 2 4 4 1 5
17 8 -8 254 10 7 6 8 3 5 6 6 4 7 3 3 5 3 6 3 4 3 3 1 5
17 8 -8 255 10 7 8 5 4 6 6 5 5 5 5 2 4 6 1 6 1 5 6 4 0
17 8 -8 256 8 9 6 9 2 6 4 7 4 6 6 1 4 4 5 4 4 1 2 4 5
17 8 -8 256 8 9 9 5 3 7 6 4 5 6 3 3 4 4 3 6 1 3 5 2 5
17 8 -8 256 9 8 9 5 3 7 5 5 4 7 4 2 3 4 6 4 1 2 5 3 5
17 8 -5 246 7 10 7 6 4 6 6 5 5 6 4 2 5 4 4 4 4 2 3 7 0
17 8 -5 248 7 10 7 7 3 6 6 5 5 5 5 2 5 2 6 4 3 3 2 3 5
17 8 -5 250 7 10 7 7 3 7 3 7 5 5 5 2 4 5 3 5 3 3 2 3 5
17 8 -5 250 7 10 8 7 2 7 5 5 5 5 5 2 4 3 5 5 2 2 3 4 5
17 8 -5 250 8 9 7 7 3 6 5 6 5 4 5 3 4 4 3 6 1 5 4 1 5
17 8 -5 250 9 8 6 9 2 5 7 5 5 4 7 1 5 3 5 4 3 3 5 5 0
17 8 -5 251 7 10 6 9 2 6 5 6 5 5 5 2 5 3 5 4 4 2 3 2 5
17 8 -5 251 7 10 8 5 4 7 4 6 5 5 5 2 4 4 4 5 2 4 1 4 5
17 8 -5 254 10 7 7 5 5 5 6 6 4 6 4 3 4 5 2 6 3 3 4 1 5
17 8 0 248 8 9 8 6 3 6 7 4 5 5 4 3 4 3 6 4 1 4 5 6 0
17 8 0 249 10 7 8 5 4 6 5 6 4 6 4 3 3 5 4 5 2 3 4 2 5
17 8 0 251 10 7 6 7 4 5 5 7 4 6 4 3 4 5 4 4 4 3 4 0 5
17 8 0 252 10 7 7 7 3 5 7 5 4 6 4 3 4 3 6 4 3 2 5 1 5
17 8 0 254 7 10 8 6 3 7 5 5 5 6 4 2 4 4 6 3 3 2 3 8 0
17 8 0 256 7 10 7 5 5 5 8 4 5 5 5 2 5 4 2 6 4 2 3 7 0
17 8 0 256 11 6 8 6 3 6 5 6 4 5 7 1 3 4 6 4 2 3 3 3 5
17 8 3 242 9 8 8 6 3 6 6 5 4 6 5 2 3 4 6 4 2 3 2 6 3
17 8 3 244 9 8 7 6 4 5 7 5 4 6 5 2 4 3 7 3 3 4 1 5 3
17 8 3 245 8 9 7 7 3 5 8 4 5 4 5 3 5 1 6 5 3 2 4 4 3
17 8 3 247 9 8 7 7 3 6 5 6 5 4 7 1 4 5 3 5 3 5 0 5 3
17 8 3 248 7 10 9 5 3 7 6 4 5 5 5 2 3 5 3 6 1 3 4 5 3
17 8 3 248 8 9 7 8 2 6 6 5 5 4 8 0 4 4 5 4 3 3 3 4 3
17 8 3 248 9 8 7 5 5 5 7 5 4 7 4 2 4 6 2 5 5 1 4 3 3
17 8 3 248 10 7 8 6 3 6 6 5 4 7 3 3 3 5 6 3 2 3 6 2 3
17 8 3 251 9 8 8 7 2 6 7 4 5 4 7 1 4 3 5 5 2 4 1 6 3
17 8 3 252 6 11 8 5 4 7 5 5 5 6 5 1 4 5 4 4 4 2 1 6 3
17 8 3 252 9 8 8 4 5 6 5 6 4 6 5 2 3 5 5 4 2 5 0 6 3
17 8 3 253 9 8 7 8 2 5 8 4 4 6 5 2 4 2 8 3 3 2 3 5 3
17 8 3 254 8 9 8 6 3 7 4 6 5 4 8 0 3 6 3 5 2 4 2 5 3
17 8 3 254 9 8 7 7 3 5 8 4 5 4 7 1 5 2 6 4 3 5 0 5 3
17 8 3 254 9 8 8 5 4 5 9 3 4 7 4 2 4 4 4 5 4 0 5 4 3
17 8 3 254 9 8 9 6 2 7 6 4 5 5 6 1 3 5 5 4 1 3 7 2 3
17 8 3 254 11 6 7 6 4 4 9 4 4 5 7 1 4 4 4 5 3 3 5 2 3
17 8 3 255 9 8 8 3 6 5 8 4 4 7 4 2 4 5 3 5 4 2 3 4 3
17 8 3 255 9 8 8 6 3 6 6 5 5 3 8 1 3 5 3 6 0 6 4 3 3
17 8 3 256 6 11 8 7 2 7 6 4 5 6 5 1 4 4 5 4 4 0 3 6 3
17 8 3 256 9 8 8 5 4 6 6 5 4 7 4 2 3 7 1 6 4 0 5 4 3
17 8 3 256 10 7 8 4 5 5 7 5 4 5 5 3 3 4 5 5 0 7 2 4 3
17 8 3 256 10 7 9 4 4 6 7 4 4 7 3 3 3 4 7 3 1 4 5 3 3
17 8 3 256 11 6 7 7 3 5 6 6 4 4 8 1 3 4 6 4 1 6 2 4 3
17 8 4 242 9 8 8 5 4 6 6 5 4 7 4 2 3 6 4 4 3 2 5 3 3
17 8 4 246 9 8 8 5 4 5 8 4 4 5 6 2 3 4 4 6 1 4 3 5 3
17 8 4 247 8 9 7 7 3 6 5 6 4 6 6 1 3 6 3 5 4 1 2 6 3
17 8 4 248 7 10 6 8 3 5 7 5 5 4 6 2 5 3 3 6 5 0 4 4 3
17 8 4 248 8 9 7 8 2 6 6 5 6 2 7 2 5 2 5 5 2 5 3 3 3
17 8 4 249 8 9 6 8 3 6 4 7 6 2 7 2 5 4 3 5 3 6 2 2 3
17 8 4 250 8 9 7 7 3 5 8 4 4 6 6 1 4 3 6 4 4 1 2 6 3
17 8 4 250 8 9 8 5 4 6 6 5 4 6 6 1 3 5 4 5 3 2 1 7 3
17 8 4 250 10 7 8 4 5 5 8 4 4 7 3 3 4 4 5 4 3 4 2 4 3
17 8 4 250 10 7 9 4 4 6 7 4 4 7 3 3 3 5 4 5 2 3 3 5 3
17 8 4 252 8 9 8 6 3 7 4 6 6 2 7 2 4 4 3 6 1 6 2 4 3
17 8 4 252 9 8 8 6 3 7 3 7 4 6 5 2 2 6 6 3 1 5 2 5 3
17 8 4 252 10 7 8 6 3 5 9 3 4 7 3 3 4 3 6 4 3 2 4 4 3
17 8 4 253 6 11 8 6 3 7 5 5 5 6 2 4 4 3 6 4 3 1 4 5 3
17 8 4 253 7 10 8 5 4 6 7 4 6 3 4 4 5 2 4 6 1 6 3 3 3
17 8 4 253 7 10 8 6 3 6 7 4 5 4 6 2 4 3 3 7 3 0 4 6 3
17 8 4 254 9 8 8 7 2 6 7 4 4 7 4 2 3 5 5 4 3 0 7 3 3
17 8 4 254 9 8 8 7 2 7 4 6 5 4 7 1 3 5 5 4 1 6 1 5 3
17 8 4 254 11 6 7 6 4 5 6 6 3 8 4 2 3 5 7 2 4 2 3 4 3
17 8 4 255 7 10 7 5 5 6 5 6 6 3 4 4 5 4 2 6 2 7 2 2 3
17 8 4 255 8 9 8 6 3 6 7 4 5 5 4 3 4 4 3 6 3 0 8 2 3
17 8 4 255 8 9 8 7 2 6 7 4 4 6 6 1 3 4 5 5 3 0 3 7 3
17 8 4 255 9 8 9 5 3 6 8 3 4 7 4 2 3 4 6 4 2 1 6 4 3
17 8 4 255 9 8 9 5 3 7 5 5 4 7 4 2 2 7 3 5 2 1 6 4 3
17 8 4 255 10 7 7 8 2 6 5 6 4 6 7 0 3 6 5 3 4 1 5 3 3
17 8 4 256 7 10 9 6 2 8 4 5 5 6 4 2 3 5 5 4 2 3 1 7 3
17 8 4 256 10 7 9 5 3 7 5 5 5 5 5 2 3 5 6 3 0 7 4 2 3
17 8 4 256 12 5 8 5 4 5 7 5 4 5 6 2 3 5 4 5 1 6 3 3 3
17 8 7 246 8 9 8 6 3 6 7 4 5 5 4 3 4 3 6 4 2 3 5 6 0
17 8 7 249 10 7 8 5 4 6 5 6 4 6 4 3 3 5 4 5 3 2 4 2 5
17 8 7 251 8 9 8 7 2 7 4 6 5 4 5 3 3 4 5 5 1 4 4 2 5
17 8 7 253 10 7 6 7 4 5 5 7 4 6 4 3 4 5 4 4 5 2 4 0 5
17 8 7 254 8 9 6 9 2 6 4 7 5 4 5 3 4 4 5 4 3 4 4 0 5
17 8 7 254 10 7 7 7 3 5 7 5 4 6 4 3 4 3 6 4 4 1 5 1 5
17 8 7 256 8 9 9 5 3 7 5 5 5 4 5 3 3 3 6 5 0 5 3 3 5
17 8 12 245 8 9 8 6 3 6 7 4 5 5 4 3 4 3 6 4 2 4 4 6 0
17 8 12 248 10 7 8 5 4 6 5 6 4 6 4 3 3 5 4 5 3 3 3 2 5
17 8 12 251 7 10 8 5 4 6 6 5 4 6 4 3 3 4 4 6 3 1 3 4 5
17 8 12 251 8 9 7 7 3 6 5 6 5 4 5 3 4 3 6 4 2 6 2 1 5
17 8 12 251 10 7 7 5 5 5 6 6 4 6 4 3 4 4 5 4 4 4 2 1 5
17 8 12 251 10 7 7 7 3 5 7 5 4 6 4 3 4 3 6 4 4 2 4 1 5
17 8 12 252 8 9 8 7 2 7 4 6 5 4 5 3 3 4 5 5 1 5 3 2 5
17 8 12 252 10 7 6 7 4 5 5 7 4 6 4 3 4 5 4 4 5 3 3 0 5
17 8 12 255 10 7 7 6 4 5 7 5 5 4 6 2 4 6 1 6 3 4 7 2 0
17 8 12 256 8 9 7 8 2 6 5 6 4 5 7 1 3 4 5 5 4 0 3 4 5
17 8 15 244 8 9 8 6 3 6 7 4 5 5 4 3 4 3 6 4 2 4 5 5 0
17 8 15 250 10 7 8 5 4 6 5 6 4 6 4 3 3 5 4 5 3 3 4 1 5
17 8 15 251 8 9 9 4 4 7 5 5 5 5 4 3 3 5 4 5 1 5 4 6 0
17 8 15 251 9 8 8 7 2 7 4 6 5 4 7 1 3 5 5 4 2 4 4 6 0
17 8 15 254 7 10 7 5 5 5 8 4 5 5 5 2 5 4 2 6 5 2 3 6 0
17 8 15 254 8 9 8 7 2 7 4 6 5 4 5 3 3 4 5 5 1 5 4 1 5
17 8 15 255 7 10 7 7 3 6 5 6 4 6 4 3 3 5 3 6 4 0 5 2 5
17 8 15 256 9 8 7 6 4 5 7 5 5 3 8 1 4 5 1 7 3 4 4 5 0
17 8 16 243 10 7 8 5 4 6 5 6 4 6 4 3 3 5 4 5 3 3 4 2 4
17 8 16 247 7 10 6 8 3 5 7 5 5 4 6 2 5 3 3 6 5 2 3 2 4
17 8 16 247 8 9 8 7 2 7 4 6 5 4 5 3 3 4 5 5 1 5 4 2 4
17 8 16 247 10 7 6 7 4 5 5 7 4 6 4 3 4 5 4 4 5 3 4 0 4
17 8 16 247 10 7 7 7 3 5 7 5 4 6 4 3 4 3 6 4 4 2 5 1 4
17 8 16 249 7 10 7 6 4 6 5 6 5 4 6 2 4 5 1 7 4 3 2 3 4
17 8 16 251 7 10 7 8 2 6 6 5 5 4 6 2 4 4 2 7 4 1 4 3 4
17 8 16 251 10 7 9 5 3 6 7 4 4 6 4 3 3 3 6 5 2 2 5 3 4
17 8 16 252 6 11 8 6 3 7 5 5 5 6 2 4 4 3 6 4 3 3 3 3 4
17 8 16 252 10 7 8 5 4 5 8 4 4 6 4 3 4 2 7 4 3 3 4 2 4
17 8 16 252 10 7 9 3 5 6 6 5 4 6 4 3 3 4 5 5 2 4 3 3 4
17 8 16 253 7 10 8 7 2 7 5 5 5 5 5 2 4 2 8 3 3 3 2 4 4
17 8 16 253 7 10 8 7 2 8 2 7 5 5 5 2 3 5 5 4 3 3 2 4 4
17 8 16 253 8 9 9 5 3 7 5 5 5 4 5 3 3 3 6 5 0 6 3 3 4
17 8 16 253 10 7 8 6 3 6 6 5 4 6 7 0 3 5 6 3 3 4 3 2 4
17 8 16 254 8 9 8 6 3 6 7 4 5 5 4 3 4 4 3 6 3 2 7 0 4
17 8 16 255 7 10 7 9 1 7 4 6 5 5 5 2 4 3 7 3 4 2 3 3 4
17 8 16 255 7 10 9 5 3 8 3 6 5 5 5 2 3 4 6 4 2 4 1 5 4
17 8 16 256 8 9 7 9 1 6 6 5 5 4 5 3 4 2 7 4 2 4 5 1 4
17 8 16 256 11 6 8 6 3 6 5 6 3 8 4 2 2 6 6 3 3 3 3 3 4
17 8 19 239 8 9 8 5 4 6 6 5 5 4 5 3 4 3 4 6 2 5 3 3 3
17 8 19 244 8 9 8 7 2 6 7 4 5 4 5 3 4 2 5 6 2 3 5 3 3
17 8 19 245 8 9 7 7 3 5 8 4 5 4 5 3 5 1 6 5 3 4 4 2 3
17 8 19 246 8 9 6 9 2 5 7 5 5 4 5 3 5 2 5 5 4 3 5 1 3
17 8 19 246 9 8 7 8 2 6 5 6 5 3 8 1 4 3 5 5 3 4 3 3 3
17 8 19 247 9 8 9 6 2 7 5 5 4 6 5 2 2 5 5 5 1 4 3 5 3
17 8 19 248 6 11 7 6 4 6 6 5 5 6 2 4 5 3 4 5 5 2 3 3 3
17 8 19 250 11 6 7 6 4 5 6 6 3 8 4 2 3 6 4 4 5 2 3 3 3
17 8 19 251 10 7 8 5 4 5 7 5 3 6 7 1 2 5 4 6 2 3 3 5 3
17 8 19 253 8 9 8 6 3 7 4 6 4 7 5 1 3 5 6 3 4 3 0 6 3
17 8 19 254 8 9 9 5 3 6 8 3 5 4 5 3 4 1 6 6 1 4 4 4 3
17 8 19 254 9 8 8 6 3 7 3 7 5 3 8 1 3 5 3 6 2 5 2 4 3
17 8 19 254 10 7 7 7 3 4 9 4 3 6 7 1 3 3 6 5 3 2 4 4 3
17 8 19 255 9 8 9 3 5 6 7 4 4 7 4 2 3 6 2 6 3 3 4 3 3
17 8 19 255 9 8 9 5 3 6 8 3 4 7 4 2 3 5 3 6 3 1 6 3 3
17 8 19 255 9 8 9 6 2 7 5 5 5 3 8 1 3 3 5 6 1 4 3 5 3
17 8 19 255 11 6 8 4 5 5 7 5 3 8 4 2 3 5 5 4 4 3 2 4 3
17 8 19 256 9 8 9 4 4 7 4 6 4 6 5 2 2 6 4 5 1 6 1 5 3
17 8 19 256 11 6 8 6 3 5 8 4 3 8 4 2 3 4 6 4 4 1 4 4 3
17 8 24 239 9 8 7 7 3 5 7 5 4 5 6 2 4 2 6 5 3 4 3 3 3
17 8 24 241 9 8 8 5 4 6 5 6 4 5 6 2 3 4 4 6 2 5 2 4 3
17 8 24 242 7 10 7 6 4 6 5 6 4 7 3 3 4 4 4 5 5 2 2 4 3
17 8 24 245 8 9 7 7 3 6 5 6 4 6 6 1 4 3 6 4 5 2 1 5 3
17 8 24 247 6 11 8 6 3 7 5 5 5 5 6 1 4 4 3 6 4 2 3 4 3
17 8 24 247 7 10 8 6 3 6 7 4 5 4 6 2 4 3 3 7 2 4 5 2 3
17 8 24 248 8 9 8 6 3 7 4 6 5 5 4 3 4 3 6 4 2 7 1 3 3
17 8 24 250 7 10 8 4 5 6 6 5 4 7 3 3 4 3 5 5 4 3 1 5 3
17 8 24 250 7 10 8 6 3 6 7 4 4 7 3 3 4 2 6 5 4 1 3 5 3
17 8 24 250 8 9 8 7 2 7 4 6 4 6 6 1 3 4 5 5 4 1 2 6 3
17 8 24 250 8 9 8 8 1 7 5 5 5 5 4 3 4 2 7 4 2 5 3 3 3
17 8 24 250 9 8 9 5 3 6 7 4 4 5 6 2 3 2 6 6 1 4 3 5 3
17 8 24 251 8 9 6 9 2 6 4 7 4 6 6 1 4 4 5 4 6 1 2 4 3
17 8 24 253 7 10 9 4 4 7 5 5 4 7 3 3 3 4 4 6 3 2 2 6 3
17 8 24 253 8 9 8 4 5 5 8 4 4 6 3 4 4 2 5 6 2 5 3 3 3
17 8 24 253 9 8 6 8 3 5 6 6 5 3 8 1 5 3 3 6 4 6 1 2 3
17 8 24 253 9 8 8 4 5 5 8 4 4 6 5 2 4 4 2 7 4 2 5 2 3
17 8 24 253 11 6 7 5 5 4 8 5 3 7 5 2 4 3 5 5 5 2 3 3 3
17 8 24 254 6 11 7 8 2 6 7 4 5 5 6 1 5 2 5 5 5 1 4 3 3
17 8 24 254 8 9 8 5 4 7 3 7 4 6 6 1 3 5 4 5 4 3 0 6 3
17 8 24 254 9 8 7 6 4 5 7 5 4 6 5 2 4 5 1 7 5 1 6 1 3
17 8 24 255 6 11 7 8 2 7 4 6 5 5 6 1 4 5 2 6 5 1 4 3 3
17 8 24 255 7 10 7 6 4 5 8 4 4 7 3 3 5 1 7 4 5 2 2 4 3
17 8 24 255 8 9 9 5 3 7 5 5 4 6 6 1 3 3 6 5 3 2 1 7 3
17 8 27 254 8 9 7 7 3 6 5 6 4 6 6 1 4 4 3 6 5 3 0 3 5
17 8 27 255 8 9 8 7 2 7 4 6 5 4 5 3 4 2 5 6 2 5 3 1 5
17 8 27 255 9 8 9 5 3 7 5 5 4 7 4 2 3 4 6 4 2 5 2 7 0
17 8 27 256 8 9 7 6 4 6 4 7 3 8 4 2 3 5 4 5 5 2 1 3 5
17 8 27 256 8 9 8 6 3 6 6 5 3 8 4 2 3 3 6 5 4 1 2 4 5
17 8 28 243 8 9 8 7 2 7 4 6 4 6 6 1 3 4 5 5 3 3 3 4 3
17 8 28 246 9 8 8 7 2 6 6 5 4 5 6 2 3 3 5 6 1 5 5 2 3
17 8 28 247 9 8 8 6 3 6 6 5 4 6 5 2 4 2 6 5 3 5 0 5 3
17 8 28 248 8 9 9 5 3 7 5 5 4 6 6 1 3 3 6 5 2 4 2 5 3
17 8 28 249 7 10 9 4 4 7 5 5 4 7 3 3 3 4 4 6 2 4 3 4 3
17 8 28 249 7 10 9 5 3 7 6 4 5 5 5 2 4 3 3 7 2 5 2 4 3
17 8 28 250 11 6 8 5 4 5 7 5 3 7 5 2 3 4 4 6 3 3 5 2 3
17 8 28 251 8 9 7 7 3 7 2 8 4 6 6 1 3 6 3 5 4 4 2 3 3
17 8 28 252 7 10 9 6 2 7 6 4 4 7 3 3 3 3 5 6 2 2 5 4 3
17 8 28 252 8 9 7 7 3 5 7 5 3 7 5 2 3 4 3 7 4 0 6 3 3
17 8 28 253 8 9 7 9 1 6 6 5 4 6 6 1 4 2 7 4 4 2 4 3 3
17 8 28 253 8 9 7 9 1 7 3 7 4 6 6 1 3 5 4 5 4 2 4 3 3
17 8 28 253 11 6 6 7 4 4 7 6 3 7 5 2 4 4 4 5 5 3 5 0 3
17 8 28 254 8 9 8 7 2 6 7 4 4 6 6 1 4 1 8 4 3 3 3 4 3
17 8 28 254 9 8 8 7 2 7 4 6 4 7 4 2 3 5 5 4 3 3 7 0 3
17 8 28 255 7 10 9 6 2 7 6 4 5 4 6 2 4 1 5 7 2 2 5 4 3
17 8 28 255 9 8 9 5 3 6 7 4 4 5 6 2 3 2 6 6 0 6 4 3 3
17 8 28 256 6 11 7 7 3 6 6 5 5 5 3 4 5 2 3 7 4 2 6 1 3
17 8 28 256 6 11 8 6 3 7 5 5 4 8 3 2 4 3 6 4 5 1 2 5 3
17 8 28 256 7 10 9 7 1 7 7 3 5 5 5 2 4 2 4 7 2 3 4 4 3
17 8 28 256 9 8 9 5 3 7 4 6 4 5 6 2 2 5 3 7 0 6 4 3 3
17 8 28 256 11 6 7 5 5 5 5 7 3 7 5 2 3 6 2 6 4 4 4 1 3
17 8 31 250 7 10 8 6 3 7 4 6 4 7 3 3 4 2 6 5 4 2 3 3 4
17 8 31 252 8 9 7 7 3 6 5 6 5 4 5 3 5 2 3 7 3 6 3 0 4
17 8 31 252 8 9 8 6 3 6 6 5 3 8 4 2 3 4 3 7 4 1 3 4 4
17 8 31 253 9 8 9 6 2 7 5 5 4 6 5 2 3 3 5 6 1 6 2 3 4
17 8 31 253 10 7 8 5 4 6 5 6 3 8 5 1 3 5 4 5 4 3 4 1 4
17 8 31 254 8 9 8 6 3 6 6 5 4 6 3 4 4 1 6 6 2 4 5 1 4
17 8 31 256 8 9 6 8 3 5 6 6 4 5 7 1 5 2 3 7 6 1 3 2 4
17 8 36 251 8 9 7 6 4 6 4 7 3 8 4 2 4 3 4 6 5 3 1 3 4
17 8 36 254 8 9 8 6 3 6 6 5 3 8 4 2 4 1 6 6 4 2 2 4 4
17 8 36 256 10 7 7 7 3 5 6 6 3 6 7 1 4 1 6 6 3 5 2 2 4
17 8 39 248 8 9 7 7 3 6 5 6 4 6 6 1 5 2 3 7 4 5 3 1 3
17 8 39 253 8 9 8 5 4 6 6 5 4 6 6 1 5 1 4 7 3 6 2 2 3
17 8 39 253 8 9 8 6 3 7 3 7 3 8 4 2 3 4 3 7 3 3 5 2 3
17 8 39 253 8 9 8 7 2 7 4 6 4 6 6 1 4 3 2 8 3 4 4 2 3
17 8 39 254 8 9 7 8 2 6 5 6 3 8 4 2 4 2 5 6 4 2 6 1 3
17 8 39 254 8 9 9 5 3 7 5 5 4 6 6 1 4 2 3 8 2 5 3 3 3
17 8 39 255 10 7 8 6 3 6 5 6 3 7 6 1 4 1 6 6 3 5 1 4 3
17 8 39 256 8 9 8 7 2 6 7 4 4 6 6 1 5 0 5 7 3 4 4 2 3
