18 7 -8 285 9 9 7 6 5 5 8 5 6 3 6 3 3 5 4 5 6 3 1 3 5
18 7 -8 287 9 9 6 8 4 5 7 6 6 3 6 3 3 6 3 5 7 2 2 2 5
18 7 -8 288 9 9 7 7 4 5 8 5 5 5 4 4 2 5 6 4 6 0 4 3 5
18 7 -8 289 10 8 7 7 4 6 5 7 6 3 5 4 2 6 6 3 4 6 2 1 5
18 7 -8 289 10 8 8 7 3 6 7 5 5 5 6 2 1 7 5 4 5 2 1 5 5
18 7 -8 289 10 8 8 7 3 6 7 5 6 3 5 4 2 4 8 3 3 5 3 2 5
18 7 -6 284 10 8 8 7 3 6 7 5 5 5 6 2 2 5 6 4 5 2 1 5 5
18 7 -6 288 10 8 7 7 4 6 5 7 5 5 6 2 2 7 4 4 6 3 0 4 5
18 7 -6 289 8 10 8 7 3 6 8 4 5 6 4 3 2 5 6 4 5 0 5 3 5
18 7 -6 289 8 10 9 5 4 7 6 5 5 6 4 3 1 7 4 5 4 1 4 4 5
18 7 -6 289 10 8 6 9 3 5 7 6 5 5 6 2 3 5 6 3 7 2 1 3 5
18 7 -6 289 10 8 7 7 4 5 8 5 5 5 6 2 3 4 7 3 6 3 0 4 5
18 7 -2 275 10 8 8 6 4 6 7 5 5 6 5 2 3 5 6 3 4 4 4 6 0
18 7 -2 282 8 10 8 6 4 7 5 6 5 7 3 3 3 5 6 3 5 3 2 3 5
18 7 -2 282 10 8 8 7 3 7 4 7 5 5 6 2 2 6 5 4 3 5 3 2 5
18 7 -2 282 10 8 9 6 3 7 6 5 5 6 5 2 2 6 5 4 3 3 5 7 0
18 7 -2 284 8 10 8 6 4 6 7 5 5 5 5 3 3 3 6 5 3 5 0 5 5
18 7 -2 284 9 9 9 6 3 7 6 5 5 6 3 4 2 5 5 5 2 4 5 2 5
18 7 -2 285 10 8 7 9 2 6 6 6 5 5 6 2 3 4 7 3 4 4 4 1 5
18 7 -2 285 10 8 8 7 3 6 7 5 5 5 6 2 3 3 8 3 3 5 3 2 5
18 7 -2 285 10 8 9 7 2 7 6 5 5 5 6 2 2 4 7 4 2 4 4 3 5
18 7 -2 286 9 9 8 8 2 7 5 6 6 3 6 3 3 4 4 6 3 3 6 1 5
18 7 -2 286 10 8 7 7 4 5 7 6 4 6 5 3 2 6 3 6 4 2 6 1 5
18 7 -2 286 10 8 9 5 4 7 5 6 5 5 6 2 2 5 6 4 2 6 2 3 5
18 7 -2 287 8 10 9 6 3 8 4 6 5 7 3 3 2 6 5 4 4 2 3 4 5
18 7 -2 287 9 9 6 8 4 5 7 6 5 5 7 1 4 5 3 5 7 2 2 2 5
18 7 -2 287 10 8 8 8 2 6 8 4 5 6 5 2 3 4 7 3 4 2 6 6 0
18 7 -2 288 8 10 8 8 2 6 8 4 5 5 5 3 3 2 7 5 3 3 2 5 5
18 7 -2 288 9 9 7 8 3 6 6 6 5 5 7 1 3 6 2 6 6 1 3 3 5
18 7 -2 288 9 9 9 5 4 7 6 5 6 4 5 3 3 5 3 6 2 7 2 2 5
18 7 -2 289 8 10 8 8 2 7 6 5 5 7 3 3 3 4 7 3 5 1 4 3 5
18 7 -2 289 10 8 8 9 1 7 5 6 5 5 6 2 2 5 6 4 3 3 5 2 5
18 7 -2 289 10 8 9 4 5 7 5 6 5 6 5 2 2 7 4 4 3 5 3 7 0
18 7 -2 289 11 7 8 6 4 6 6 6 5 5 5 3 3 4 6 4 3 7 0 3 5
18 7 0 279 8 10 7 7 4 6 6 6 5 6 4 3 4 4 4 5 6 1 4 2 5
18 7 0 282 8 10 9 5 4 7 6 5 5 6 4 3 3 4 4 6 4 1 4 4 5
18 7 0 283 10 8 7 8 3 6 5 7 5 4 7 2 3 5 3 6 4 3 5 1 5
18 7 0 285 8 10 8 7 3 7 5 6 5 6 4 3 3 5 3 6 5 0 5 3 5
18 7 0 285 11 7 8 7 3 6 6 6 4 6 7 1 2 5 6 4 3 4 3 3 5
18 7 0 286 9 9 7 7 4 5 8 5 5 5 4 4 4 3 4 6 4 3 6 0 5
18 7 0 286 9 9 8 6 4 6 7 5 4 8 4 2 3 4 7 3 5 2 2 4 5
18 7 0 287 8 10 8 5 5 7 4 7 5 6 4 3 3 6 2 6 5 2 3 3 5
18 7 0 287 9 9 8 5 5 6 6 6 5 5 4 4 3 5 2 7 3 4 5 1 5
18 7 0 287 10 8 9 5 4 6 8 4 5 5 6 2 3 4 4 6 3 2 6 7 0
18 7 0 287 10 8 9 6 3 6 8 4 4 7 4 3 2 4 6 5 2 3 5 3 5
18 7 0 288 6 12 7 9 2 7 5 6 6 4 5 3 4 3 5 5 4 3 4 2 5
18 7 0 288 9 9 9 6 3 7 6 5 4 8 4 2 2 5 6 4 4 1 3 5 5
18 7 0 288 10 8 9 4 5 6 7 5 4 7 4 3 2 5 5 5 2 5 3 3 5
18 7 0 288 11 7 8 6 4 6 6 6 4 7 6 1 2 7 4 4 4 3 4 7 0
18 7 0 289 8 10 8 7 3 6 8 4 5 6 4 3 4 2 6 5 5 0 5 3 5
18 7 0 289 9 9 8 6 4 7 4 7 4 8 4 2 2 7 4 4 5 2 2 4 5
18 7 4 277 10 8 8 7 3 6 7 5 5 5 6 2 4 3 5 5 3 5 3 2 5
18 7 4 278 10 8 8 6 4 6 6 6 4 7 4 3 3 4 6 4 3 4 4 2 5
18 7 4 280 10 8 7 9 2 6 6 6 5 5 6 2 4 4 4 5 4 4 4 1 5
18 7 4 281 10 8 7 7 4 6 5 7 5 5 6 2 4 5 3 5 4 6 2 1 5
18 7 4 281 10 8 7 8 3 6 5 7 4 7 4 3 3 5 5 4 4 3 5 1 5
18 7 4 283 9 9 6 8 4 5 6 7 4 6 6 2 4 3 6 4 5 4 0 4 5
18 7 4 283 10 8 9 6 3 7 5 6 4 7 4 3 2 5 5 5 2 3 5 3 5
18 7 4 284 7 11 8 7 3 7 5 6 5 5 6 2 3 5 2 7 3 3 3 4 5
18 7 4 284 10 8 8 7 3 7 4 7 5 5 6 2 3 6 2 6 3 5 3 2 5
18 7 4 285 7 11 8 7 3 7 6 5 5 7 4 2 4 4 5 4 5 1 5 2 5
18 7 4 285 9 9 8 6 4 6 6 6 4 6 6 2 3 3 6 5 3 4 0 6 5
18 7 4 285 10 8 9 5 4 7 5 6 5 5 6 2 3 5 3 6 2 6 2 3 5
18 7 4 286 9 9 8 6 4 7 4 7 4 8 4 2 3 5 6 3 5 2 2 4 5
18 7 4 286 9 9 8 7 3 7 5 6 5 6 6 1 3 7 2 5 4 2 7 5 0
18 7 4 286 10 8 7 7 4 5 8 5 5 5 6 2 5 2 6 4 4 6 2 1 5
18 7 4 286 10 8 8 5 5 6 6 6 5 5 6 2 4 4 4 5 3 7 1 2 5
18 7 4 287 8 10 9 5 4 7 6 5 5 6 4 3 3 5 3 6 2 4 6 1 5
18 7 4 287 9 9 7 7 4 5 8 5 4 7 5 2 4 4 3 6 6 0 4 3 5
18 7 4 287 9 9 8 8 2 7 5 6 5 5 7 1 3 5 4 5 3 3 6 1 5
18 7 4 288 9 9 8 7 3 6 7 5 5 5 4 4 4 2 5 6 3 2 7 1 5
18 7 4 289 7 11 9 5 4 8 4 6 5 7 4 2 3 6 3 5 4 2 4 3 5
18 7 4 289 10 8 8 8 2 6 7 5 4 7 4 3 3 3 7 4 3 2 6 2 5
18 7 6 277 10 8 8 6 4 6 6 6 4 7 4 3 3 5 4 5 3 4 4 2 5
18 7 6 282 10 8 7 8 3 6 5 7 5 4 7 2 4 4 3 6 4 3 5 1 5
18 7 6 283 11 7 8 7 3 6 6 6 4 6 7 1 3 4 6 4 3 4 3 3 5
18 7 6 284 9 9 7 8 3 5 8 5 4 6 6 2 4 2 6 5 4 3 1 5 5
18 7 6 284 11 7 8 6 4 6 6 6 4 7 6 1 3 6 4 4 4 3 4 7 0
18 7 6 285 7 11 9 5 4 7 7 4 5 7 4 2 4 4 4 5 4 2 4 3 5
18 7 6 285 9 9 7 8 3 6 6 6 4 8 4 2 4 4 6 3 6 1 3 3 5
18 7 6 285 9 9 8 6 4 7 4 7 4 8 4 2 3 6 4 4 5 2 2 4 5
18 7 6 285 10 8 8 8 2 6 7 5 4 7 4 3 3 4 5 5 3 2 6 2 5
18 7 6 286 8 10 7 9 2 6 6 6 4 6 7 1 3 4 5 5 4 1 4 4 5
18 7 6 286 9 9 7 6 5 6 5 7 4 8 4 2 4 5 5 3 6 3 1 3 5
18 7 6 286 9 9 8 5 5 6 6 6 5 5 4 4 4 4 2 7 3 4 5 1 5
18 7 6 286 9 9 8 6 4 6 7 5 4 8 4 2 4 3 7 3 5 2 2 4 5
18 7 6 286 9 9 9 6 3 7 6 5 4 8 4 2 3 4 6 4 4 1 3 5 5
18 7 6 286 10 8 9 4 5 6 7 5 4 7 4 3 3 4 5 5 2 5 3 3 5
18 7 6 286 10 8 9 6 3 6 8 4 4 7 4 3 3 3 6 5 2 3 5 3 5
18 7 6 287 11 7 7 8 3 5 8 5 4 7 6 1 4 4 6 3 5 2 5 6 0
18 7 6 288 9 9 7 7 4 5 8 5 5 5 4 4 5 2 4 6 4 3 6 0 5
18 7 6 288 9 9 9 5 4 6 9 3 5 6 6 1 4 4 4 5 3 3 6 6 0
18 7 6 288 11 7 7 9 2 6 5 7 4 6 7 1 3 5 5 4 4 3 4 2 5
18 7 6 289 8 10 8 7 3 7 4 7 4 6 7 1 2 6 3 6 3 2 3 5 5
18 7 6 289 9 9 8 8 2 7 5 6 4 8 4 2 3 5 5 4 5 0 4 4 5
18 7 6 289 9 9 9 6 3 8 3 7 5 6 3 4 3 4 6 4 2 4 5 2 5
18 7 6 289 10 8 8 6 4 5 9 4 4 7 4 3 4 2 7 4 3 4 4 2 5
18 7 6 289 11 7 7 7 4 6 4 8 4 6 7 1 3 6 4 4 4 5 2 2 5
18 7 10 282 8 10 7 9 2 6 7 5 6 3 7 2 5 3 4 5 3 4 6 5 0
18 7 10 282 11 7 8 7 3 6 6 6 4 6 7 1 3 5 5 4 3 4 3 3 5
18 7 10 283 9 9 8 6 4 6 7 5 4 8 4 2 4 4 6 3 5 2 2 4 5
18 7 10 284 6 12 8 6 4 7 6 5 6 5 4 3 5 4 3 5 4 3 4 7 0
18 7 10 284 10 8 7 8 3 6 5 7 5 4 7 2 4 5 2 6 4 3 5 1 5
18 7 10 284 10 8 9 6 3 6 8 4 4 7 4 3 3 4 5 5 2 3 5 3 5
18 7 10 285 6 12 8 7 3 7 6 5 6 4 5 3 5 2 5 5 3 4 3 3 5
18 7 10 285 8 10 8 6 4 7 4 7 5 5 5 3 4 3 6 4 3 5 0 5 5
18 7 10 285 9 9 9 6 3 7 6 5 4 8 4 2 3 5 5 4 4 1 3 5 5
18 7 10 286 10 8 9 4 5 6 7 5 4 7 4 3 3 5 4 5 2 5 3 3 5
18 7 10 286 11 7 7 7 4 5 7 6 4 6 7 1 4 4 6 3 4 5 2 2 5
18 7 10 287 9 9 7 7 4 5 8 5 5 5 4 4 5 3 3 6 4 3 6 0 5
18 7 10 287 11 7 8 6 4 6 6 6 4 7 6 1 3 7 3 4 4 3 4 7 0
18 7 10 288 6 12 7 9 2 7 5 6 6 4 5 3 5 3 4 5 4 3 4 2 5
18 7 10 288 8 10 7 8 3 6 6 6 5 5 5 3 5 1 8 3 4 4 1 4 5
18 7 10 288 9 9 8 6 4 7 4 7 4 8 4 2 3 7 3 4 5 2 2 4 5
18 7 10 288 9 9 9 6 3 8 3 7 5 6 3 4 3 5 5 4 2 4 5 2 5
18 7 10 289 9 9 8 5 5 6 6 6 5 5 4 4 4 5 1 7 3 4 5 1 5
18 7 10 289 11 7 7 9 2 6 5 7 4 6 7 1 3 6 4 4 4 3 4 2 5
18 7 12 281 10 8 7 8 3 6 5 7 5 4 7 2 4 5 3 5 4 3 5 1 5
18 7 12 283 9 9 8 6 4 6 6 6 4 6 6 2 3 5 4 5 3 4 0 6 5
18 7 12 284 9 9 8 5 5 6 6 6 5 5 4 4 4 5 2 6 3 4 5 1 5
18 7 12 284 11 7 8 7 3 6 6 6 4 6 7 1 3 5 6 3 3 4 3 3 5
18 7 12 285 9 9 7 7 4 5 8 5 5 5 4 4 5 3 4 5 4 3 6 0 5
18 7 12 285 10 8 9 6 3 6 8 4 4 7 4 3 3 4 6 4 2 3 5 3 5
18 7 12 286 9 9 8 7 3 6 7 5 5 5 4 4 4 4 3 6 3 2 7 1 5
18 7 12 286 10 8 9 4 5 6 7 5 4 7 4 3 3 5 5 4 2 5 3 3 5
18 7 12 287 9 9 8 6 4 6 7 5 4 8 4 2 4 4 7 2 5 2 2 4 5
18 7 12 287 9 9 9 6 3 7 6 5 4 8 4 2 3 5 6 3 4 1 3 5 5
18 7 12 287 10 8 9 6 3 7 5 6 4 7 4 3 2 7 3 5 2 3 5 3 5
18 7 12 287 11 7 8 6 4 6 6 6 4 7 6 1 3 7 4 3 4 3 4 7 0
18 7 12 288 6 12 7 9 2 7 5 6 6 4 5 3 5 3 5 4 4 3 4 2 5
18 7 12 288 8 10 8 8 2 7 5 6 5 5 5 3 4 2 8 3 3 3 2 5 5
18 7 12 288 9 9 8 6 4 7 4 7 4 8 4 2 3 7 4 3 5 2 2 4 5
18 7 12 289 6 12 8 7 3 8 3 7 6 4 5 3 4 5 3 5 3 4 3 3 5
18 7 12 289 7 11 8 6 4 7 5 6 6 4 4 4 5 3 4 5 3 6 0 4 5
18 7 12 289 8 10 5 9 4 4 8 6 5 4 6 3 6 2 4 5 6 3 2 2 5
18 7 12 289 12 6 7 8 3 5 7 6 4 6 6 2 4 4 6 3 4 5 1 3 5
18 7 16 280 7 11 7 7 4 6 6 6 6 3 5 4 5 4 3 5 4 4 2 3 5
18 7 16 280 9 9 7 7 4 5 7 6 4 5 7 2 3 6 3 5 4 2 2 5 5
18 7 16 283 8 10 9 6 3 7 6 5 5 5 5 3 3 5 5 4 2 4 1 6 5
18 7 16 285 10 8 8 7 3 7 4 7 5 5 6 2 3 7 5 2 3 5 3 2 5
18 7 16 286 7 11 8 7 3 6 8 4 6 3 5 4 5 2 5 5 3 3 3 4 5
18 7 16 286 8 10 7 8 3 6 6 6 6 2 8 2 5 3 5 4 4 4 1 4 5
18 7 16 286 10 8 7 6 5 5 7 6 4 7 4 3 4 6 4 3 6 2 1 4 5
18 7 16 286 10 8 9 7 2 7 6 5 5 5 6 2 3 5 7 2 2 4 4 3 5
18 7 16 288 7 11 8 5 5 6 7 5 6 3 5 4 5 3 4 5 3 5 1 4 5
18 7 16 288 7 11 9 5 4 7 6 5 6 3 5 4 4 4 3 6 2 4 2 5 5
18 7 16 288 8 10 8 8 2 7 5 6 6 2 8 2 4 4 4 5 3 3 2 5 5
18 7 16 288 10 8 7 8 3 5 8 5 4 7 4 3 4 5 5 3 6 0 3 4 5
18 7 16 288 10 8 8 7 3 6 7 5 5 5 6 2 4 4 8 1 3 5 3 2 5
18 7 16 288 10 8 9 5 4 7 5 6 5 5 6 2 3 6 6 2 2 6 2 3 5
18 7 16 289 10 8 9 5 4 6 7 5 4 6 5 3 2 7 3 5 2 2 6 3 5
18 7 18 279 8 10 8 7 3 6 7 5 5 4 6 3 3 6 3 5 3 2 3 5 5
18 7 18 281 11 7 7 7 4 5 7 6 5 4 6 3 4 6 4 3 4 5 2 2 5
18 7 18 285 8 10 9 5 4 7 6 5 5 6 4 3 3 7 4 3 4 1 4 4 5
18 7 18 285 11 7 7 9 2 5 8 5 5 4 6 3 4 5 5 3 4 3 4 2 5
18 7 18 285 11 7 8 7 3 5 9 4 5 4 6 3 4 4 6 3 3 4 3 3 5
18 7 18 285 11 7 9 5 4 6 7 5 5 4 6 3 3 6 4 4 2 5 2 4 5
18 7 18 287 8 10 8 5 5 6 6 6 5 4 6 3 3 7 2 5 3 4 1 5 5
18 7 18 287 9 9 9 5 4 6 8 4 5 5 4 4 3 6 4 4 2 3 6 2 5
18 7 18 287 10 8 8 8 2 6 7 5 5 4 7 2 3 6 5 3 3 2 6 2 5
18 7 18 288 11 7 7 6 5 5 6 7 4 6 4 4 3 7 5 2 4 4 3 2 5
18 7 18 288 11 7 8 6 4 5 8 5 4 6 4 4 3 5 7 2 3 3 4 3 5
18 7 18 289 8 10 8 7 3 6 8 4 5 6 4 3 4 5 6 2 5 0 5 3 5
18 7 18 289 10 8 7 8 3 6 5 7 5 4 7 2 3 8 3 3 4 3 5 1 5
18 7 18 289 11 7 8 5 5 5 8 5 5 4 6 3 4 5 5 3 3 6 1 3 5
18 7 22 289 10 8 8 6 4 6 6 6 6 2 6 4 3 8 3 3 3 4 4 2 5
