20 8 -29 361 9 11 7 9 4 7 5 8 5 8 6 1 8 1 4 7 4 3 3 5 4
20 8 -24 351 10 10 9 7 4 8 5 7 5 9 4 2 6 4 4 6 2 4 6 3 4
20 8 -24 352 9 11 7 9 4 7 5 8 5 8 6 1 7 3 4 6 4 4 2 5 4
20 8 -24 357 9 11 8 7 5 7 6 7 5 8 6 1 7 2 5 6 3 5 1 6 4
20 8 -24 357 10 10 9 7 4 7 7 6 5 7 6 2 6 2 4 8 0 6 4 5 4
20 8 -24 358 9 11 8 9 3 7 7 6 5 8 6 1 7 1 6 6 3 3 3 6 4
20 8 -24 358 9 11 9 7 4 8 5 7 5 8 6 1 6 3 4 7 2 4 2 7 4
20 8 -24 358 10 10 8 9 3 7 7 6 5 9 4 2 7 2 6 5 3 3 7 2 4
20 8 -24 358 10 10 10 5 5 8 6 6 5 9 4 2 6 3 5 6 1 5 5 4 4
20 8 -24 358 12 8 8 8 4 7 5 8 4 10 4 2 6 3 7 4 3 4 4 4 4
20 8 -24 359 10 10 8 7 5 6 8 6 5 7 6 2 7 1 5 7 1 7 3 4 4
20 8 -24 359 10 10 8 9 3 8 4 8 5 9 4 2 6 5 3 6 3 3 7 2 4
20 8 -24 360 12 8 7 7 6 5 8 7 4 9 5 2 7 3 3 7 4 4 4 3 4
20 8 -24 361 9 11 7 11 2 7 6 7 5 8 6 1 7 2 5 6 4 2 4 5 4
20 8 -24 361 10 10 9 7 4 7 8 5 5 9 4 2 7 1 7 5 2 4 6 3 4
20 8 -21 351 9 11 7 9 4 6 8 6 6 6 5 3 8 1 4 7 3 5 5 3 3
20 8 -21 352 10 10 8 8 4 7 6 7 6 5 8 1 7 2 4 7 2 6 3 5 3
20 8 -21 356 9 11 9 7 4 7 8 5 6 6 5 3 7 1 4 8 1 5 5 5 3
20 8 -21 357 12 8 8 6 6 6 7 7 4 10 4 2 6 5 3 6 4 4 3 5 3
20 8 -21 358 10 10 10 6 4 8 6 6 5 8 5 2 5 4 4 7 0 6 3 7 3
20 8 -21 358 11 9 8 9 3 7 6 7 5 7 8 0 6 3 6 5 2 6 2 6 3
20 8 -21 358 12 8 9 7 4 7 7 6 5 8 6 1 6 3 7 4 1 7 5 3 3
20 8 -21 359 9 11 9 8 3 8 6 6 5 9 5 1 6 3 6 5 3 3 2 8 3
20 8 -21 359 11 9 9 7 4 7 7 6 4 10 5 1 5 5 4 6 3 1 7 5 3
20 8 -21 359 12 8 9 7 4 8 4 8 5 8 6 1 5 6 4 5 1 7 5 3 3
20 8 -21 360 9 11 8 7 5 6 9 5 6 6 5 3 8 0 5 7 2 6 4 4 3
20 8 -21 360 9 11 10 7 3 8 7 5 5 8 6 1 5 3 6 6 0 4 6 6 3
20 8 -21 360 10 10 8 10 2 7 7 6 6 5 8 1 7 1 5 7 2 4 5 5 3
20 8 -21 360 12 8 9 9 2 8 5 7 5 8 6 1 5 5 5 5 1 5 7 3 3
20 8 -21 360 12 8 10 7 3 8 6 6 5 8 6 1 5 4 6 5 0 6 6 4 3
20 8 -21 361 9 11 8 10 2 8 5 7 6 7 4 3 7 1 8 4 2 5 5 4 3
20 8 -21 361 10 10 7 9 4 6 7 7 4 9 7 0 6 4 4 6 5 1 3 7 3
20 8 -21 361 11 9 8 7 5 5 10 5 4 8 7 1 6 2 5 7 2 4 4 6 3
20 8 -21 361 11 9 8 7 5 7 5 8 4 10 5 1 5 7 2 6 4 2 6 4 3
20 8 -21 361 12 8 9 6 5 6 9 5 4 10 4 2 6 3 5 6 3 3 4 6 3
20 8 -20 352 9 11 8 8 4 7 6 7 5 7 7 1 6 3 4 7 3 3 3 5 5
20 8 -20 352 11 9 9 7 4 7 7 6 5 8 4 3 6 3 4 7 2 4 5 3 5
20 8 -20 354 11 9 7 9 4 6 7 7 5 8 4 3 7 3 4 6 4 4 5 1 5
20 8 -20 355 11 9 8 7 5 6 8 6 5 8 4 3 7 2 5 6 3 5 4 2 5
20 8 -20 358 8 12 8 7 5 7 6 7 5 8 4 3 6 4 2 8 3 3 4 4 5
20 8 -20 358 8 12 8 9 3 8 5 7 6 7 5 2 7 2 6 5 3 5 2 4 5
20 8 -20 358 9 11 7 10 3 7 5 8 5 7 7 1 6 4 3 7 4 2 4 4 5
20 8 -20 358 10 10 8 9 3 7 7 6 6 6 7 1 7 2 6 5 2 6 4 7 0
20 8 -20 358 12 8 9 7 4 7 6 7 4 9 5 2 5 3 7 5 2 3 5 4 5
20 8 -20 360 10 10 10 6 4 8 6 6 5 8 5 2 5 4 4 7 1 3 7 3 5
20 8 -20 360 11 9 7 7 6 6 6 8 5 8 4 3 7 4 3 6 4 6 3 1 5
20 8 -20 361 11 9 9 5 6 7 6 7 5 8 4 3 6 4 3 7 2 6 3 3 5
20 8 -17 345 10 10 8 8 4 7 6 7 5 8 5 2 6 3 7 4 3 5 2 6 3
20 8 -17 347 12 8 8 8 4 6 8 6 5 7 7 1 6 4 4 6 3 4 6 3 3
20 8 -17 352 12 8 7 8 5 6 6 8 5 7 7 1 6 6 2 6 4 5 5 2 3
20 8 -17 353 11 9 9 8 3 8 5 7 5 9 3 3 5 5 6 4 2 4 7 3 3
20 8 -17 354 12 8 9 6 5 6 9 5 5 7 7 1 6 3 5 6 2 5 5 4 3
20 8 -17 354 12 8 9 6 5 7 6 7 5 7 7 1 5 6 2 7 2 5 5 4 3
20 8 -17 354 12 8 9 8 3 7 7 6 5 7 7 1 5 5 3 7 2 3 7 4 3
20 8 -17 355 9 11 8 10 2 8 5 7 6 6 8 0 6 4 5 5 3 4 4 5 3
20 8 -17 355 9 11 9 8 3 8 6 6 6 6 8 0 6 3 6 5 2 5 3 6 3
20 8 -17 355 10 10 8 10 2 7 7 6 5 8 5 2 6 2 8 4 3 3 4 6 3
20 8 -17 355 11 9 9 6 5 8 4 8 5 9 3 3 5 6 5 4 2 6 5 3 3
20 8 -17 355 12 8 7 10 3 6 7 7 5 7 7 1 6 5 3 6 4 3 7 2 3
20 8 -17 356 8 12 10 7 3 9 5 6 6 7 5 2 5 5 3 7 1 4 5 6 3
20 8 -17 356 9 11 8 8 4 7 6 7 5 7 7 1 5 6 1 8 3 2 6 5 3
20 8 -17 356 9 11 9 7 4 7 8 5 6 6 5 3 7 0 7 6 2 4 4 6 3
20 8 -17 356 10 10 9 6 5 8 4 8 5 8 5 2 5 5 5 5 2 6 1 7 3
20 8 -17 356 11 9 10 6 4 8 6 6 5 9 3 3 5 4 7 4 1 5 6 4 3
20 8 -17 357 9 11 10 5 5 8 6 6 6 6 5 3 6 2 5 7 1 5 3 7 3
20 8 -17 357 12 8 10 6 4 7 8 5 5 7 7 1 5 4 4 7 1 4 6 5 3
20 8 -17 358 8 12 10 5 5 8 7 5 6 7 5 2 6 3 5 6 1 6 3 6 3
20 8 -17 358 9 11 10 6 4 8 7 5 6 7 4 3 6 3 4 7 1 6 2 7 3
20 8 -17 358 10 10 9 9 2 8 5 7 5 7 6 2 4 5 5 6 0 4 8 4 3
20 8 -17 358 11 9 9 5 6 6 9 5 5 8 4 3 6 4 3 7 2 5 6 3 3
20 8 -17 358 12 8 8 8 4 7 5 8 5 7 7 1 5 7 1 7 3 4 6 3 3
20 8 -17 358 12 8 9 7 4 7 6 7 4 9 5 2 4 6 4 6 2 2 8 4 3
20 8 -17 359 8 12 10 7 3 8 8 4 6 7 5 2 6 2 6 6 1 4 5 6 3
20 8 -17 359 9 11 7 9 4 6 8 6 5 8 6 1 7 3 4 6 6 1 2 7 3
20 8 -17 359 10 10 9 8 3 8 5 7 6 5 8 1 5 5 3 7 0 7 5 4 3
20 8 -17 359 10 10 10 6 4 8 6 6 5 8 5 2 5 3 7 5 1 5 2 8 3
20 8 -17 360 10 10 9 7 4 6 10 4 5 7 6 2 6 2 4 8 2 3 4 7 3
20 8 -17 360 11 9 8 8 4 6 8 6 5 6 9 0 6 3 4 7 3 4 2 7 3
20 8 -17 361 7 13 8 8 4 8 5 7 7 5 5 3 7 4 1 8 3 4 6 3 3
20 8 -17 361 10 10 9 6 5 7 7 6 5 8 5 2 6 2 8 4 2 6 1 7 3
20 8 -17 361 10 10 9 8 3 7 8 5 6 5 8 1 6 2 6 6 0 7 5 4 3
20 8 -17 361 11 9 6 10 4 5 8 7 5 6 9 0 7 3 4 6 5 4 2 5 3
20 8 -17 361 13 7 8 6 6 5 9 6 4 9 4 3 6 3 6 5 3 5 4 4 3
20 8 -12 345 9 11 9 7 4 7 8 5 6 6 5 3 6 3 4 7 2 5 3 6 3
20 8 -12 345 10 10 9 7 4 7 7 6 5 7 6 2 5 3 7 5 2 4 3 7 3
20 8 -12 348 8 12 9 8 3 8 6 6 6 6 6 2 5 5 3 7 2 3 6 5 3
20 8 -12 349 10 10 8 8 4 7 6 7 6 5 8 1 6 4 4 6 3 6 1 6 3
20 8 -12 350 11 9 8 9 3 7 6 7 5 8 4 3 5 5 6 4 3 3 8 2 3
20 8 -12 351 10 10 7 8 5 6 7 7 5 8 5 2 6 6 2 6 6 1 6 3 3
20 8 -12 351 10 10 8 10 2 7 7 6 6 5 8 1 6 3 5 6 3 4 3 6 3
20 8 -12 352 8 12 10 6 4 8 7 5 6 6 6 2 5 4 4 7 1 4 5 6 3
20 8 -12 352 10 10 9 6 5 7 7 6 5 8 5 2 5 6 2 7 4 1 6 5 3
20 8 -12 352 11 9 9 7 4 8 4 8 5 8 4 3 4 7 4 5 2 4 7 3 3
20 8 -12 353 10 10 7 10 3 6 8 6 6 5 8 1 7 2 6 5 4 5 2 5 3
20 8 -12 354 10 10 8 8 4 6 9 5 5 8 5 2 6 4 4 6 5 0 7 4 3
20 8 -12 355 8 12 9 8 3 7 9 4 6 6 6 2 6 2 6 6 2 3 6 5 3
20 8 -12 355 11 9 9 7 4 6 9 5 5 6 6 3 5 2 7 6 0 6 5 5 3
20 8 -12 355 11 9 10 7 3 8 6 6 5 8 4 3 4 5 6 5 1 3 8 4 3
20 8 -12 355 12 8 8 6 6 6 7 7 5 8 3 4 6 4 6 4 3 7 3 3 3
20 8 -12 356 10 10 7 8 5 6 7 7 6 5 8 1 7 3 5 5 4 7 0 5 3
20 8 -12 356 11 9 8 8 4 6 8 6 6 4 8 2 6 3 4 7 1 8 3 4 3
20 8 -12 357 10 10 7 11 2 6 8 6 5 7 6 2 6 2 8 4 4 2 5 5 3
20 8 -12 357 10 10 9 6 5 6 10 4 5 8 5 2 6 3 5 6 4 1 6 5 3
20 8 -12 357 10 10 9 8 3 7 8 5 6 5 8 1 6 2 6 6 2 5 2 7 3
20 8 -12 357 12 8 9 7 4 6 9 5 5 6 8 1 5 4 4 7 2 3 7 4 3
20 8 -12 358 9 11 9 5 6 7 7 6 6 6 5 3 6 4 3 7 2 7 1 6 3
20 8 -12 358 10 10 8 6 6 5 10 5 5 6 7 2 6 3 3 8 3 4 3 6 3
20 8 -12 358 10 10 10 5 5 8 5 7 5 7 6 2 4 5 5 6 1 5 2 8 3
20 8 -12 359 8 12 8 8 4 7 7 6 5 9 3 3 6 3 7 4 5 1 3 7 3
20 8 -12 359 9 11 7 8 5 6 7 7 5 7 7 1 6 5 2 7 6 1 2 7 3
20 8 -12 359 10 10 8 9 3 6 9 5 5 7 6 2 6 1 9 4 3 3 4 6 3
20 8 -12 359 10 10 9 9 2 7 8 5 5 7 6 2 5 2 8 5 2 2 5 7 3
20 8 -12 359 10 10 10 4 6 7 8 5 5 8 5 2 5 5 3 7 3 2 5 6 3
20 8 -12 359 10 10 10 7 3 8 7 5 6 7 3 4 5 5 3 7 1 4 8 3 3
20 8 -12 359 13 7 8 6 6 5 9 6 5 6 7 2 6 4 3 7 3 6 3 4 3
20 8 -12 360 9 11 9 8 3 8 6 6 6 7 4 3 6 2 9 3 2 6 2 6 3
20 8 -12 360 9 11 9 9 2 8 6 6 6 5 9 0 5 4 5 6 2 3 5 6 3
20 8 -12 360 10 10 8 8 4 7 6 7 5 8 5 2 5 7 1 7 5 0 7 4 3
20 8 -12 360 10 10 10 5 5 8 6 6 6 7 3 4 5 6 2 7 1 6 6 3 3
20 8 -12 360 11 9 9 6 5 6 9 5 5 7 5 3 5 5 2 8 2 3 8 3 3
20 8 -12 360 12 8 8 9 3 6 8 6 5 6 8 1 5 5 3 7 3 2 8 3 3
20 8 -12 360 12 8 9 5 6 6 8 6 4 9 5 2 5 4 6 5 4 2 3 7 3
20 8 -12 361 7 13 9 8 3 8 7 5 6 7 6 1 6 3 6 5 4 1 4 7 3
20 8 -12 361 8 12 9 6 5 8 5 7 5 9 3 3 5 5 5 5 4 2 2 8 3
20 8 -12 361 10 10 10 5 5 7 9 4 6 7 3 4 6 3 5 6 1 6 6 3 3
20 8 -9 341 8 12 8 8 4 7 7 6 6 6 6 2 6 4 4 6 4 3 4 4 4
20 8 -9 345 10 10 7 9 4 6 7 7 5 7 6 2 6 3 7 4 5 3 2 5 4
20 8 -9 345 10 10 8 7 5 7 5 8 5 7 6 2 5 5 5 5 4 4 1 6 4
20 8 -9 346 11 9 9 7 4 7 7 6 5 8 4 3 5 4 7 4 3 3 6 3 4
20 8 -9 347 9 11 9 7 4 7 8 5 6 6 5 3 6 3 4 7 3 4 2 6 4
20 8 -9 348 10 10 9 7 4 7 7 6 5 7 6 2 5 3 7 5 3 3 2 7 4
20 8 -9 348 11 9 7 9 4 5 9 6 5 6 6 3 6 2 7 5 3 5 4 3 4
20 8 -9 349 8 12 9 8 3 8 6 6 6 6 6 2 5 5 3 7 3 2 5 5 4
20 8 -9 350 11 9 8 9 3 7 6 7 5 8 4 3 5 5 6 4 4 2 7 2 4
20 8 -9 351 11 9 9 7 4 8 4 8 5 8 4 3 4 7 4 5 3 3 6 3 4
20 8 -9 351 11 9 10 5 5 8 5 7 5 8 4 3 4 6 5 5 2 4 5 4 4
20 8 -9 352 8 12 9 6 5 8 5 7 6 6 6 2 5 6 2 7 3 4 3 5 4
20 8 -9 352 8 12 10 6 4 8 7 5 6 6 6 2 5 4 4 7 2 3 4 6 4
20 8 -9 352 9 11 8 7 5 6 9 5 6 6 5 3 7 2 5 6 4 5 1 5 4
20 8 -9 352 11 9 9 7 4 6 9 5 5 6 6 3 5 2 7 6 1 5 4 5 4
20 8 -9 353 9 11 8 6 6 6 8 6 5 8 3 4 6 3 6 5 4 4 2 5 4
20 8 -9 353 11 9 10 7 3 8 6 6 5 8 4 3 4 5 6 5 2 2 7 4 4
20 8 -9 354 9 11 9 6 5 7 7 6 6 5 6 3 5 5 2 8 1 6 5 3 4
20 8 -9 354 10 10 8 9 3 7 6 7 6 4 9 1 5 5 3 7 2 5 5 3 4
20 8 -9 354 11 9 8 8 4 6 8 6 6 4 8 2 6 3 4 7 2 7 2 4 4
20 8 -9 354 12 8 8 7 5 6 7 7 5 6 8 1 5 6 2 7 4 3 5 3 4
20 8 -9 355 9 11 8 8 4 6 9 5 5 8 3 4 6 2 7 5 4 2 4 5 4
20 8 -9 355 9 11 9 8 3 7 8 5 6 5 6 3 5 4 3 8 1 4 7 3 4
20 8 -9 356 8 12 8 8 4 8 4 8 6 6 6 2 5 7 1 7 4 3 4 4 4
20 8 -9 356 8 12 9 8 3 7 9 4 6 6 6 2 6 2 6 6 3 2 5 5 4
20 8 -9 356 9 11 9 9 2 8 6 6 6 6 5 3 5 3 8 4 1 5 6 3 4
20 8 -9 356 9 11 10 6 4 8 7 5 6 7 4 3 5 5 4 6 2 3 8 2 4
20 8 -9 356 9 11 10 7 3 9 4 7 6 6 5 3 4 5 6 5 0 6 5 4 4
20 8 -9 356 11 9 7 9 4 7 4 9 5 8 4 3 5 7 4 4 5 3 6 1 4
20 8 -9 357 8 12 8 10 2 7 8 5 6 6 6 2 6 3 5 6 4 1 6 4 4
20 8 -9 357 12 8 8 8 4 6 8 6 6 5 6 3 6 4 4 6 2 7 6 0 4
20 8 -9 358 8 12 8 9 3 8 4 8 6 5 7 2 5 4 6 5 2 6 1 6 4
20 8 -9 358 9 11 8 9 3 6 10 4 6 6 5 3 7 1 6 6 4 3 3 5 4
20 8 -9 358 9 11 9 8 3 8 6 6 7 4 7 2 6 3 6 5 1 8 3 3 4
20 8 -9 358 11 9 8 6 6 5 10 5 5 7 5 3 6 4 3 7 4 3 6 2 4
20 8 -9 358 12 8 7 9 4 5 9 6 5 6 8 1 6 4 4 6 5 2 6 2 4
20 8 -9 359 9 11 9 9 2 9 3 8 6 6 5 3 4 6 5 5 1 5 6 3 4
20 8 -9 359 11 9 7 8 5 5 9 6 5 7 5 3 6 5 2 7 5 2 7 1 4
20 8 -9 359 11 9 9 6 5 6 9 5 5 7 5 3 5 5 2 8 3 2 7 3 4
20 8 -9 359 12 8 9 8 3 7 7 6 6 5 6 3 5 5 3 7 1 6 7 1 4
20 8 -9 359 13 7 9 8 3 7 6 7 5 6 7 2 4 5 6 5 1 5 7 2 4
20 8 -9 360 8 12 9 9 2 9 4 7 6 7 5 2 5 4 8 3 3 3 4 5 4
20 8 -9 360 9 11 9 5 6 7 7 6 6 6 5 3 6 4 3 7 3 6 0 6 4
20 8 -9 360 10 10 10 5 5 8 5 7 5 7 6 2 4 5 5 6 2 4 1 8 4
20 8 -9 360 11 9 11 5 4 8 7 5 5 8 4 3 4 4 7 5 1 3 6 5 4
20 8 -9 361 8 12 8 10 2 8 5 7 6 6 6 2 5 6 2 7 4 1 6 4 4
20 8 -9 361 9 11 8 9 3 8 4 8 6 5 9 0 5 6 3 6 4 3 3 5 4
20 8 -9 361 12 8 8 9 3 6 8 6 5 6 8 1 5 5 3 7 4 1 7 3 4
20 8 -8 348 11 9 9 7 4 7 7 6 5 8 4 3 5 4 7 4 3 4 4 3 5
20 8 -8 349 10 10 9 8 3 7 7 6 5 6 7 2 4 4 6 6 1 4 5 4 5
20 8 -8 349 11 9 8 9 3 7 6 7 5 8 4 3 5 5 6 4 4 3 5 2 5
20 8 -8 350 11 9 8 7 5 7 5 8 5 8 4 3 5 6 5 4 4 5 3 2 5
20 8 -8 352 8 12 9 8 3 8 6 6 6 6 6 2 5 5 3 7 3 3 3 5 5
20 8 -8 352 9 11 7 8 5 6 7 7 6 5 6 3 7 2 5 6 5 4 1 4 5
20 8 -8 352 11 9 10 7 3 8 6 6 5 8 4 3 4 5 6 5 2 3 5 4 5
20 8 -8 352 13 7 8 7 5 6 7 7 5 7 6 2 5 6 5 4 3 6 5 5 0
20 8 -8 353 10 10 8 10 2 7 6 7 5 6 7 2 4 5 5 6 2 3 6 3 5
20 8 -8 353 11 9 9 7 4 8 4 8 5 8 4 3 4 7 4 5 3 4 4 3 5
20 8 -8 354 8 12 9 7 4 8 5 7 5 8 4 3 4 6 4 6 3 2 4 5 5
20 8 -8 354 9 11 10 6 4 8 7 5 6 7 4 3 5 5 4 6 2 4 6 2 5
20 8 -8 355 9 11 9 8 3 8 5 7 5 7 7 1 4 5 6 5 3 2 3 6 5
20 8 -8 355 10 10 7 9 4 6 7 7 5 7 6 2 6 3 7 4 5 4 0 5 5
20 8 -8 355 12 8 9 6 5 6 8 6 4 8 6 2 4 5 5 6 3 2 5 4 5
20 8 -8 356 8 12 9 7 4 7 8 5 5 8 4 3 5 3 7 5 3 2 4 5 5
20 8 -8 356 9 11 9 6 5 7 7 6 6 5 6 3 6 2 5 7 3 4 1 6 5
20 8 -8 356 11 9 10 5 5 8 5 7 5 8 4 3 4 6 5 5 2 5 3 4 5
20 8 -8 356 12 8 8 8 4 6 7 7 4 8 6 2 4 6 4 6 4 1 6 3 5
20 8 -8 357 8 12 9 6 5 7 8 5 6 6 6 2 6 3 5 6 3 5 1 5 5
20 8 -8 357 11 9 8 7 5 6 8 6 5 8 4 3 6 3 8 3 4 5 3 2 5
20 8 -8 357 11 9 9 5 6 7 6 7 5 8 4 3 5 5 6 4 3 6 2 3 5
20 8 -8 358 8 12 10 6 4 8 7 5 6 6 6 2 5 4 4 7 2 4 2 6 5
20 8 -8 358 9 11 9 7 4 7 8 5 6 6 5 3 6 3 4 7 3 5 0 6 5
20 8 -8 358 10 10 9 7 4 7 7 6 5 7 6 2 5 3 7 5 3 4 0 7 5
20 8 -8 358 12 8 8 7 5 6 7 7 5 6 8 1 5 6 2 7 4 4 3 3 5
20 8 -8 359 8 12 8 9 3 7 8 5 7 5 4 4 7 2 6 5 3 4 7 5 0
20 8 -8 359 8 12 9 8 3 7 9 4 6 6 6 2 6 2 6 6 3 3 3 5 5
20 8 -8 359 12 8 7 9 4 5 9 6 5 6 8 1 6 4 4 6 5 3 4 2 5
20 8 -8 360 8 12 10 5 5 8 6 6 5 8 4 3 4 5 5 6 2 3 3 6 5
20 8 -8 360 10 10 8 9 3 7 6 7 6 4 9 1 5 5 3 7 2 6 3 3 5
20 8 -8 360 10 10 10 6 4 8 5 7 5 6 7 2 3 6 4 7 0 5 4 5 5
20 8 -8 360 11 9 8 6 6 5 10 5 5 7 5 3 6 4 3 7 4 4 4 2 5
20 8 -8 360 11 9 9 7 4 6 9 5 5 6 6 3 5 2 7 6 1 6 2 5 5
20 8 -8 361 8 12 9 6 5 8 5 7 6 6 6 2 5 6 2 7 3 5 1 5 5
20 8 -8 361 10 10 9 8 3 7 8 5 6 5 8 1 5 5 3 7 2 4 5 8 0
20 8 -8 361 11 9 7 8 5 5 8 7 4 7 8 1 5 4 5 6 5 2 1 6 5
20 8 -8 361 12 8 9 7 4 7 6 7 6 4 7 3 5 4 4 7 1 6 6 1 5
20 8 -8 361 13 7 9 7 4 6 9 5 5 7 6 2 5 4 7 4 2 5 6 6 0
20 8 -8 361 13 7 9 8 3 7 6 7 5 6 7 2 4 5 6 5 1 6 5 2 5
20 8 -5 346 9 11 8 9 3 7 7 6 6 6 5 3 6 3 6 5 4 4 2 4 5
20 8 -5 347 10 10 8 8 4 6 8 6 5 6 7 2 5 4 4 7 4 2 3 5 5
20 8 -5 348 8 12 9 8 3 8 6 6 6 6 6 2 5 4 6 5 3 3 4 4 5
20 8 -5 349 9 11 9 7 4 8 5 7 6 6 5 3 5 5 4 6 3 5 1 5 5
20 8 -5 350 9 11 8 8 4 7 6 7 5 8 3 4 5 4 7 4 4 3 3 4 5
20 8 -5 350 11 9 9 7 4 7 6 7 5 6 6 3 4 4 7 5 1 6 3 4 5
20 8 -5 351 9 11 8 7 5 7 6 7 6 6 5 3 6 4 5 5 4 6 0 4 5
20 8 -5 351 10 10 7 8 5 5 9 6 5 6 7 2 6 3 5 6 5 3 2 4 5
20 8 -5 353 10 10 6 10 4 5 8 7 5 6 7 2 6 4 4 6 6 2 3 3 5
20 8 -5 353 11 9 8 7 5 6 8 6 6 5 7 2 6 4 5 5 3 7 2 7 0
20 8 -5 353 11 9 8 8 4 6 8 6 5 7 5 3 5 5 4 6 4 2 7 1 5
20 8 -5 353 11 9 9 6 5 6 9 5 5 7 5 3 5 4 5 6 3 3 6 2 5
20 8 -5 354 9 11 10 7 3 8 7 5 6 6 5 3 5 3 6 6 2 4 2 6 5
20 8 -5 354 10 10 8 6 6 6 7 7 5 6 7 2 5 5 3 7 4 4 1 5 5
20 8 -5 354 12 8 9 7 4 7 6 7 5 6 8 1 4 6 4 6 3 3 5 3 5
20 8 -5 355 8 12 8 10 2 8 5 7 6 6 6 2 5 5 5 5 4 2 5 3 5
20 8 -5 355 8 12 9 7 4 8 6 6 6 7 5 2 5 6 4 5 4 2 5 8 0
20 8 -5 355 9 11 9 7 4 7 8 5 6 6 5 3 6 2 7 5 3 5 1 5 5
20 8 -5 355 9 11 9 8 3 7 8 5 6 5 6 3 5 3 6 6 1 5 6 2 5
20 8 -5 356 10 10 9 7 4 8 4 8 5 7 6 2 4 5 7 4 3 4 1 6 5
20 8 -5 357 9 11 9 8 3 8 5 7 6 5 6 3 4 6 3 7 1 5 6 2 5
20 8 -5 357 10 10 8 9 3 7 6 7 5 7 6 2 5 3 9 3 4 3 2 5 5
20 8 -5 357 10 10 8 10 2 7 7 6 6 5 8 1 5 5 5 5 3 3 7 6 0
20 8 -5 357 11 9 9 6 5 7 6 7 5 7 5 3 4 7 2 7 3 3 6 2 5
20 8 -5 358 8 12 10 6 4 9 4 7 6 6 6 2 4 6 4 6 2 4 3 5 5
20 8 -5 358 9 11 10 6 4 8 6 6 6 5 6 3 4 5 4 7 0 6 5 3 5
20 8 -5 358 11 9 8 9 3 6 8 6 5 6 6 3 5 2 9 4 2 5 4 3 5
20 8 -5 358 11 9 10 6 4 7 8 5 5 7 5 3 4 5 4 7 2 2 7 3 5
20 8 -5 359 8 12 8 8 4 7 6 7 6 4 8 2 5 4 4 7 2 6 1 5 5
20 8 -5 359 9 11 9 6 5 7 7 6 5 8 3 4 5 3 8 4 3 4 2 5 5
20 8 -5 359 9 11 10 6 4 8 6 6 5 8 3 4 4 4 7 5 2 3 3 6 5
20 8 -5 359 10 10 9 9 2 8 5 7 5 7 6 2 4 4 8 4 3 2 3 6 5
20 8 -5 359 12 8 8 7 5 5 10 5 5 7 4 4 6 3 5 6 4 4 4 2 5
20 8 -5 359 12 8 8 9 3 6 8 6 5 6 8 1 5 4 6 5 4 2 6 2 5
20 8 -5 360 8 12 10 8 2 9 5 6 6 6 6 2 4 5 5 6 2 2 5 5 5
20 8 -5 360 10 10 9 8 3 8 5 7 6 5 8 1 4 7 3 6 2 4 6 7 0
20 8 -5 360 11 9 7 8 5 6 6 8 5 7 5 3 5 7 2 6 5 3 6 0 5
20 8 -5 360 11 9 7 10 3 6 7 7 6 4 8 2 6 3 6 5 3 7 2 2 5
20 8 -5 360 11 9 9 8 3 7 7 6 6 4 8 2 5 3 6 6 1 7 2 4 5
20 8 -5 361 8 12 8 10 2 7 7 6 6 4 8 2 5 3 5 7 2 4 3 5 5
20 8 -5 361 8 12 9 8 3 9 3 8 6 6 6 2 4 7 3 6 3 3 4 4 5
20 8 -5 361 11 9 10 4 6 7 7 6 5 7 5 3 4 6 3 7 2 4 5 3 5
20 8 -5 361 13 7 9 5 6 6 7 7 4 8 5 3 4 5 6 5 3 4 3 4 5
20 8 0 346 9 11 8 7 5 6 8 6 5 7 4 4 5 4 5 6 4 3 3 4 5
20 8 0 348 10 10 7 10 3 6 7 7 5 6 7 2 5 4 6 5 5 2 3 4 5
20 8 0 348 10 10 8 8 4 6 8 6 5 6 7 2 5 3 7 5 4 3 2 5 5
20 8 0 349 10 10 9 8 3 7 7 6 5 6 7 2 4 4 6 6 3 2 3 6 5
20 8 0 350 9 11 8 8 4 6 9 5 6 5 6 3 6 3 4 7 4 4 2 4 5
20 8 0 351 10 10 9 6 5 7 6 7 5 6 7 2 4 5 5 6 3 4 1 6 5
20 8 0 352 9 11 8 9 3 8 4 8 6 6 5 3 5 5 6 4 4 5 1 4 5
20 8 0 352 11 9 8 8 4 7 5 8 5 7 5 3 4 7 4 5 4 3 6 1 5
20 8 0 352 11 9 9 8 3 7 7 6 5 7 5 3 4 5 6 5 3 2 7 2 5
20 8 0 353 8 12 8 9 3 7 7 6 6 5 7 2 5 5 3 7 4 2 5 3 5
20 8 0 354 11 9 10 6 4 7 8 5 5 7 5 3 4 4 7 5 2 3 6 3 5
20 8 0 355 12 8 9 7 4 6 9 5 5 7 4 4 5 3 7 5 3 4 4 3 5
20 8 0 356 9 11 9 7 4 8 5 7 6 6 5 3 5 4 7 4 3 6 0 5 5
20 8 0 356 9 11 9 9 2 8 6 6 6 6 5 3 5 3 8 4 3 4 2 5 5
20 8 0 356 10 10 9 6 5 7 7 6 6 6 4 4 5 6 2 7 3 5 5 1 5
20 8 0 356 11 9 10 6 4 8 5 7 5 7 5 3 3 7 4 6 2 3 6 3 5
20 8 0 357 9 11 9 6 5 7 7 6 6 5 6 3 5 5 2 8 3 5 1 5 5
20 8 0 357 9 11 10 7 3 8 7 5 6 6 5 3 4 5 6 5 1 4 7 7 0
20 8 0 358 10 10 9 8 3 7 8 5 6 6 4 4 5 5 3 7 3 3 7 1 5
20 8 0 359 9 11 10 5 5 7 8 5 5 7 4 4 4 4 5 7 2 3 3 6 5
20 8 0 359 9 11 10 7 3 9 4 7 6 6 5 3 4 5 6 5 2 5 1 6 5
20 8 0 359 10 10 9 7 4 7 7 6 6 5 5 4 5 3 7 5 1 8 2 3 5
20 8 0 359 10 10 10 6 4 7 9 4 6 6 4 4 5 4 4 7 2 4 6 2 5
20 8 0 359 11 9 9 7 4 7 7 6 6 5 7 2 5 4 7 4 2 7 2 8 0
20 8 0 360 8 12 8 7 5 7 6 7 5 8 4 3 5 5 5 5 6 1 1 6 5
20 8 0 360 9 11 8 6 6 6 8 6 6 5 6 3 6 4 3 7 4 6 0 4 5
20 8 0 360 9 11 9 5 6 6 9 5 5 7 4 4 5 3 6 6 3 4 2 5 5
20 8 0 360 10 10 8 7 5 6 8 6 5 7 6 2 5 6 2 7 6 0 5 3 5
20 8 0 360 10 10 8 9 3 7 6 7 6 4 9 1 5 5 3 7 4 4 1 5 5
20 8 0 360 11 9 7 10 3 6 7 7 5 7 5 3 5 5 6 4 5 2 7 0 5
20 8 0 360 12 8 7 9 4 5 9 6 5 7 4 4 6 3 7 4 5 4 4 1 5
20 8 0 360 12 8 9 5 6 6 8 6 5 7 4 4 5 4 6 5 3 6 2 3 5
20 8 0 361 9 11 8 9 3 7 7 6 6 6 5 3 6 2 9 3 4 5 1 4 5
20 8 0 361 9 11 10 6 4 8 7 5 7 4 7 2 5 5 4 6 1 7 4 7 0
20 8 0 361 10 10 7 9 4 6 7 7 6 4 9 1 6 4 4 6 5 5 0 4 5
20 8 0 361 10 10 9 6 5 6 10 4 6 6 4 4 6 3 5 6 3 5 5 1 5
20 8 0 361 12 8 10 7 3 8 5 7 5 6 8 1 3 6 6 5 2 3 5 4 5
20 8 3 340 10 10 9 7 4 7 7 6 5 7 6 2 4 5 7 4 3 4 3 6 3
20 8 3 344 9 11 9 8 3 7 8 5 6 5 6 3 5 3 6 6 3 2 6 5 3
20 8 3 345 9 11 10 6 4 8 6 6 6 5 6 3 4 5 4 7 2 3 5 6 3
20 8 3 348 10 10 9 8 3 7 8 5 6 5 8 1 5 4 6 5 3 5 2 6 3
20 8 3 348 10 10 10 7 3 8 6 6 5 7 6 2 3 6 6 5 2 3 4 7 3
20 8 3 349 10 10 9 7 4 8 4 8 5 7 6 2 3 8 4 5 3 4 3 6 3
20 8 3 352 10 10 9 8 3 8 5 7 6 5 8 1 4 7 3 6 3 5 2 6 3
20 8 3 352 10 10 9 9 2 7 8 5 5 7 6 2 4 4 8 4 3 2 5 6 3
20 8 3 352 11 9 10 7 3 7 8 5 5 6 6 3 3 5 6 6 0 5 6 5 3
20 8 3 352 13 7 8 8 4 5 10 5 5 6 7 2 5 5 4 6 4 4 5 3 3
20 8 3 353 10 10 9 6 5 6 9 5 5 6 7 2 4 6 2 8 3 3 4 6 3
20 8 3 353 13 7 8 7 5 5 9 6 4 8 5 3 4 6 5 5 4 3 6 3 3
20 8 3 354 8 12 9 6 5 7 8 5 7 4 5 4 6 4 2 8 3 5 4 4 3
20 8 3 354 10 10 7 7 6 5 9 6 6 5 5 4 7 2 6 5 5 6 1 4 3
20 8 3 354 10 10 9 6 5 6 10 4 5 8 5 2 5 5 5 5 5 1 6 4 3
20 8 3 354 10 10 9 8 3 8 5 7 7 3 7 3 5 4 6 5 1 8 4 3 3
20 8 3 354 12 8 8 7 5 6 7 7 4 9 5 2 4 7 5 4 6 1 4 5 3
20 8 3 354 12 8 10 6 4 7 8 5 5 8 3 4 4 5 7 4 2 5 5 4 3
20 8 3 355 10 10 9 6 5 7 7 6 5 8 5 2 4 8 2 6 5 1 6 4 3
20 8 3 355 10 10 10 5 5 8 5 7 5 7 6 2 3 7 5 5 2 5 2 7 3
20 8 3 355 10 10 10 8 2 8 7 5 6 5 8 1 4 5 5 6 2 4 3 7 3
20 8 3 355 11 9 10 5 5 7 7 6 5 6 6 3 3 6 5 6 0 7 4 5 3
20 8 3 355 12 8 9 7 4 6 9 5 5 6 8 1 4 6 4 6 3 3 7 3 3
20 8 3 356 10 10 9 6 5 7 7 6 6 5 8 1 5 5 5 5 3 7 0 6 3
20 8 3 356 10 10 9 9 2 8 5 7 6 4 9 1 4 5 5 6 3 2 5 6 3
20 8 3 356 13 7 9 6 5 6 8 6 5 6 7 2 4 7 2 7 3 5 4 4 3
20 8 3 357 8 12 8 8 4 6 10 4 7 4 5 4 7 2 4 7 4 4 5 3 3
20 8 3 357 9 11 9 9 2 8 6 6 6 5 9 0 4 6 5 5 3 3 5 5 3
20 8 3 357 10 10 9 10 1 8 6 6 6 5 8 1 4 6 4 6 3 3 4 6 3
20 8 3 357 11 9 10 7 3 8 6 6 5 8 4 3 3 7 6 4 2 3 8 3 3
20 8 3 357 12 8 9 8 3 7 6 7 5 5 9 1 3 6 6 5 1 6 4 5 3
20 8 3 357 13 7 8 6 6 5 9 6 5 6 7 2 5 6 3 6 4 6 3 3 3
20 8 3 358 8 12 8 6 6 6 9 5 7 4 5 4 7 3 3 7 4 6 3 3 3
20 8 3 358 8 12 9 8 3 7 9 4 7 4 5 4 6 3 3 8 3 3 6 4 3
20 8 3 358 9 11 8 8 4 6 9 5 5 7 7 1 5 5 4 6 6 0 3 7 3
20 8 3 358 10 10 10 4 6 7 8 5 5 8 5 2 4 7 3 6 4 2 5 5 3
20 8 3 358 10 10 10 6 4 8 6 6 6 5 8 1 4 6 4 6 2 6 1 7 3
20 8 3 359 7 13 9 7 4 8 6 6 6 7 3 4 5 5 4 6 5 0 5 6 3
20 8 3 359 9 11 11 5 4 8 8 4 6 6 5 3 4 5 4 7 1 5 3 7 3
20 8 3 359 10 10 9 5 6 6 9 5 6 5 5 4 6 2 6 6 3 6 1 6 3
20 8 3 359 11 9 7 9 4 5 9 6 5 5 10 0 5 5 4 6 5 3 3 5 3
20 8 3 359 12 8 9 5 6 6 8 6 4 9 5 2 4 6 6 4 5 2 3 6 3
20 8 3 360 7 13 7 9 4 7 6 7 6 7 3 4 6 5 4 5 7 0 5 4 3
20 8 3 360 9 11 8 6 6 6 8 6 5 7 7 1 5 6 3 6 6 2 1 7 3
20 8 3 360 10 10 9 8 3 6 10 4 5 6 7 2 4 5 3 8 3 1 6 6 3
20 8 3 360 10 10 10 6 4 7 9 4 5 8 5 2 4 6 4 6 4 0 7 5 3
20 8 3 360 12 8 7 7 6 4 10 6 4 7 7 2 5 4 6 5 5 4 1 6 3
20 8 3 361 10 10 10 7 3 7 9 4 5 7 6 2 4 3 9 4 2 3 4 7 3
20 8 3 361 10 10 11 5 4 8 7 5 5 7 6 2 3 5 7 5 1 4 3 8 3
20 8 3 361 11 9 11 5 4 8 7 5 5 8 4 3 3 6 7 4 1 4 7 4 3
20 8 3 361 13 7 9 6 5 5 11 4 5 6 7 2 5 4 5 6 3 5 4 4 3
20 8 3 361 13 7 10 6 4 6 10 4 5 6 7 2 4 5 4 7 2 4 5 5 3
20 8 4 347 11 9 10 5 5 7 8 5 5 8 4 3 4 6 5 5 3 4 4 5 3
20 8 4 350 8 12 9 8 3 8 6 6 7 4 5 4 5 5 3 7 2 5 6 3 3
20 8 4 350 9 11 8 6 6 6 8 6 6 5 6 3 6 4 3 7 5 4 1 6 3
20 8 4 351 9 11 9 9 2 8 6 6 7 3 8 2 5 4 5 6 2 5 5 4 3
20 8 4 351 10 10 10 6 4 7 8 5 5 6 7 2 3 6 4 7 1 4 5 6 3
20 8 4 352 9 11 9 8 3 7 8 5 5 7 7 1 4 5 6 5 4 1 4 7 3
20 8 4 352 11 9 9 8 3 7 7 6 5 7 5 3 4 5 6 5 4 0 8 4 3
20 8 4 352 11 9 10 7 3 7 9 4 5 8 4 3 4 5 6 5 3 2 6 5 3
20 8 4 353 9 11 6 8 6 5 8 7 6 5 6 3 7 4 3 6 7 4 1 4 3
20 8 4 353 9 11 7 8 5 5 10 5 6 5 6 3 7 2 5 6 6 3 2 5 3
20 8 4 353 9 11 8 9 3 8 4 8 7 3 8 2 5 6 3 6 3 6 4 3 3
20 8 4 354 8 12 8 9 3 7 7 6 6 5 7 2 5 5 3 7 5 0 6 5 3
20 8 4 354 8 12 10 6 4 8 7 5 7 4 5 4 5 4 4 7 1 6 5 4 3
20 8 4 354 9 11 7 11 2 7 6 7 7 3 8 2 6 4 5 5 4 5 5 2 3
20 8 4 354 10 10 10 6 4 8 6 6 5 8 5 2 3 8 4 5 3 2 7 4 3
20 8 4 354 12 8 8 7 5 6 7 7 6 4 7 3 5 6 2 7 3 6 6 1 3
20 8 4 354 12 8 9 7 4 6 9 5 6 4 7 3 5 4 4 7 2 5 7 2 3
20 8 4 354 13 7 9 6 5 6 8 6 5 6 7 2 4 6 5 5 2 7 4 3 3
20 8 4 354 13 7 9 8 3 6 9 5 5 6 7 2 4 5 6 5 2 5 6 3 3
20 8 4 355 12 8 9 7 4 7 6 7 4 9 5 2 3 7 7 3 4 2 5 5 3
20 8 4 356 9 11 10 7 3 8 7 5 7 3 8 2 5 3 6 6 1 6 4 5 3
20 8 4 356 10 10 8 9 3 6 9 5 6 5 5 4 6 1 9 4 3 5 4 4 3
20 8 4 356 11 9 9 7 4 7 7 6 6 6 3 5 5 4 7 4 2 6 7 1 3
20 8 4 357 8 12 9 6 5 8 5 7 7 4 5 4 5 6 2 7 2 7 4 3 3
20 8 4 357 8 12 9 8 3 7 9 4 7 4 5 4 6 2 6 6 2 5 6 3 3
20 8 4 357 11 9 11 5 4 8 7 5 5 8 4 3 3 7 4 6 2 3 5 6 3
20 8 4 357 12 8 7 9 4 5 9 6 6 4 7 3 6 4 4 6 4 5 7 0 3
20 8 4 357 12 8 8 6 6 5 9 6 4 8 6 2 4 7 3 6 5 2 5 4 3
20 8 4 358 9 11 8 9 3 6 9 5 6 4 7 3 5 4 3 8 3 2 8 3 3
20 8 4 358 9 11 9 6 5 6 10 4 6 5 6 3 6 2 5 7 4 3 2 7 3
20 8 4 358 13 7 9 7 4 6 8 6 4 8 5 3 3 6 7 4 2 4 7 3 3
20 8 4 358 13 7 10 6 4 7 7 6 5 6 7 2 3 7 4 6 1 6 5 4 3
20 8 4 359 7 13 8 8 4 7 7 6 7 3 7 3 6 3 4 7 3 6 1 6 3
20 8 4 359 8 12 8 6 6 7 6 7 6 7 2 5 6 4 6 4 5 5 1 5 3
20 8 4 359 9 11 10 6 4 8 6 6 5 7 7 1 3 7 4 6 3 2 3 8 3
20 8 4 359 12 8 8 7 5 5 10 5 5 6 8 1 5 6 2 7 5 3 4 4 3
20 8 4 360 9 11 9 7 4 7 8 5 6 5 9 0 5 5 4 6 4 4 1 7 3
20 8 4 360 9 11 9 8 3 8 5 7 5 7 7 1 3 8 3 6 4 1 4 7 3
20 8 4 360 10 10 9 7 4 6 10 4 5 7 6 2 5 3 7 5 4 3 1 8 3
20 8 4 360 11 9 9 8 3 7 7 6 6 4 8 2 5 2 9 4 2 6 2 6 3
20 8 4 361 9 11 8 11 1 8 5 7 7 3 8 2 5 5 4 6 3 4 6 3 3
20 8 4 361 9 11 9 10 1 8 6 6 6 5 6 3 4 4 7 5 2 2 8 4 3
20 8 4 361 11 9 7 9 4 6 6 8 4 8 7 1 4 6 7 3 6 2 1 7 3
20 8 4 361 11 9 10 5 5 8 5 7 5 8 4 3 3 9 2 6 3 4 4 5 3
20 8 7 348 9 11 8 7 5 6 8 6 5 7 4 4 5 4 5 6 5 2 3 4 5
20 8 7 350 10 10 8 8 4 6 8 6 5 6 7 2 5 3 7 5 5 2 2 5 5
20 8 7 351 9 11 8 8 4 6 9 5 6 5 6 3 6 3 4 7 5 3 2 4 5
20 8 7 351 10 10 9 6 5 7 6 7 5 6 7 2 4 5 5 6 4 3 1 6 5
20 8 7 351 10 10 9 8 3 7 7 6 5 6 7 2 4 4 6 6 4 1 3 6 5
20 8 7 352 10 10 7 10 3 6 7 7 5 6 7 2 5 4 6 5 6 1 3 4 5
20 8 7 353 10 10 9 7 4 7 7 6 6 5 5 4 5 3 7 5 2 7 2 3 5
20 8 7 354 9 11 7 8 5 6 7 7 6 5 6 3 6 5 2 7 6 4 1 3 5
20 8 7 354 11 9 8 8 4 7 5 8 5 7 5 3 4 7 4 5 5 2 6 1 5
20 8 7 354 11 9 9 8 3 7 7 6 5 7 5 3 4 5 6 5 4 1 7 2 5
20 8 7 354 11 9 10 6 4 7 8 5 5 7 5 3 4 4 7 5 3 2 6 3 5
20 8 7 355 9 11 10 7 3 8 7 5 6 6 5 3 4 5 6 5 2 3 7 7 0
20 8 7 356 8 12 8 9 3 7 7 6 6 5 7 2 5 5 3 7 5 1 5 3 5
20 8 7 356 9 11 9 6 5 7 7 6 6 5 6 3 5 5 2 8 4 4 1 5 5
20 8 7 356 11 9 10 6 4 8 5 7 5 7 5 3 3 7 4 6 3 2 6 3 5
20 8 7 357 10 10 8 7 5 7 5 8 6 5 5 4 5 5 5 5 3 8 1 2 5
20 8 7 357 12 8 9 7 4 6 8 6 4 7 7 2 3 5 7 5 2 5 2 5 5
20 8 7 359 9 11 8 6 6 6 8 6 6 5 6 3 6 4 3 7 5 5 0 4 5
20 8 7 359 9 11 8 10 2 8 4 8 6 5 6 3 4 6 5 5 3 4 6 1 5
20 8 7 359 9 11 10 5 5 7 8 5 5 7 4 4 4 4 5 7 3 2 3 6 5
20 8 7 359 10 10 9 9 2 7 8 5 6 5 5 4 5 2 8 5 2 5 4 3 5
20 8 7 360 9 11 9 5 6 6 9 5 5 7 4 4 5 3 6 6 4 3 2 5 5
20 8 7 360 9 11 10 6 4 8 6 6 5 7 7 1 3 7 4 6 3 3 2 6 5
20 8 7 360 11 9 11 4 5 8 6 6 5 7 5 3 3 6 5 6 2 3 5 4 5
20 8 7 360 12 8 9 7 4 7 6 7 4 9 5 2 3 7 7 3 4 3 4 3 5
20 8 7 361 9 11 9 9 2 8 6 6 7 3 8 2 5 4 5 6 2 6 4 2 5
20 8 7 361 11 9 11 5 4 8 7 5 5 8 4 3 3 7 4 6 2 4 4 4 5
20 8 12 346 11 9 9 6 5 7 6 7 5 7 5 3 4 6 5 5 4 4 4 2 5
20 8 12 348 9 11 8 7 5 6 8 6 5 7 4 4 5 4 5 6 5 3 2 4 5
20 8 12 349 11 9 9 8 3 7 7 6 5 7 5 3 4 5 6 5 4 2 6 2 5
20 8 12 350 9 11 9 8 3 8 5 7 6 5 6 3 4 5 6 5 2 6 4 2 5
20 8 12 350 10 10 9 8 3 7 7 6 5 6 7 2 4 4 6 6 4 2 2 6 5
20 8 12 350 11 9 7 8 5 5 8 7 5 5 7 3 5 4 5 6 4 6 2 2 5
20 8 12 350 11 9 8 8 4 6 8 6 5 7 5 3 5 4 7 4 5 3 5 1 5
20 8 12 351 10 10 7 10 3 6 7 7 5 6 7 2 5 4 6 5 6 2 2 4 5
20 8 12 351 10 10 8 8 4 6 8 6 5 6 7 2 5 3 7 5 5 3 1 5 5
20 8 12 351 11 9 8 8 4 7 5 8 5 7 5 3 4 7 4 5 5 3 5 1 5
20 8 12 351 11 9 10 6 4 7 8 5 5 7 5 3 4 4 7 5 3 3 5 3 5
20 8 12 352 9 11 10 7 3 8 7 5 6 6 5 3 4 5 6 5 2 4 6 7 0
20 8 12 353 8 12 8 9 3 7 7 6 6 5 7 2 5 5 3 7 5 2 4 3 5
20 8 12 353 9 11 8 8 4 6 9 5 6 5 6 3 6 3 4 7 5 4 1 4 5
20 8 12 353 11 9 10 6 4 8 5 7 5 7 5 3 3 7 4 6 3 3 5 3 5
20 8 12 355 8 12 8 7 5 7 6 7 6 5 7 2 5 6 2 7 5 4 2 3 5
20 8 12 356 9 11 9 7 4 7 8 5 6 6 5 3 5 5 4 6 4 3 7 0 5
20 8 12 359 8 12 9 8 3 7 8 5 5 7 5 3 4 4 6 6 4 0 6 4 5
20 8 12 359 8 12 9 8 3 9 3 8 6 6 6 2 4 6 6 4 4 4 2 4 5
20 8 12 359 8 12 10 6 4 8 6 6 5 7 5 3 3 6 4 7 3 1 5 5 5
20 8 12 359 9 11 10 5 5 7 8 5 5 7 4 4 4 4 5 7 3 3 2 6 5
20 8 12 359 10 10 9 7 4 7 7 6 6 5 5 4 5 3 7 5 2 8 1 3 5
20 8 12 359 11 9 7 10 3 6 7 7 5 7 5 3 5 5 6 4 6 2 6 0 5
20 8 12 359 11 9 8 9 3 7 5 8 5 6 6 3 4 4 9 3 3 6 2 3 5
20 8 12 359 11 9 11 4 5 8 6 6 5 7 5 3 3 6 5 6 2 4 4 4 5
20 8 12 359 11 9 11 6 3 8 7 5 5 7 5 3 3 5 6 6 2 2 6 4 5
20 8 12 360 10 10 8 10 2 8 4 8 6 5 8 1 4 7 5 4 4 4 5 6 0
20 8 12 361 8 12 8 10 2 8 5 7 6 6 6 2 5 4 8 3 5 3 3 3 5
20 8 12 361 9 11 10 8 2 8 7 5 6 5 6 3 4 3 8 5 1 5 5 3 5
20 8 12 361 9 11 10 8 2 9 4 7 6 5 6 3 3 6 5 6 1 5 5 3 5
20 8 12 361 10 10 6 10 4 5 8 7 5 6 7 2 6 3 7 4 7 3 1 3 5
20 8 12 361 10 10 8 9 3 6 9 5 6 4 9 1 5 5 3 7 4 3 6 6 0
20 8 12 361 10 10 9 9 2 7 8 5 6 5 5 4 5 2 8 5 2 6 3 3 5
20 8 12 361 11 9 10 8 2 8 6 6 5 7 5 3 3 6 5 6 3 1 7 3 5
20 8 15 347 9 11 8 7 5 6 8 6 5 7 4 4 5 4 5 6 5 3 3 3 5
20 8 15 347 10 10 8 8 4 7 5 8 5 6 7 2 4 6 4 6 5 3 2 4 5
20 8 15 347 10 10 9 8 3 7 7 6 5 6 7 2 4 4 6 6 4 2 3 5 5
20 8 15 348 10 10 8 8 4 6 8 6 5 6 7 2 5 3 7 5 5 3 2 4 5
20 8 15 349 10 10 9 6 5 7 6 7 5 6 7 2 4 5 5 6 4 4 1 5 5
20 8 15 350 10 10 7 10 3 6 7 7 5 6 7 2 5 4 6 5 6 2 3 3 5
20 8 15 351 9 11 8 8 4 6 9 5 6 5 6 3 6 3 4 7 5 4 2 3 5
20 8 15 352 9 11 10 7 3 8 7 5 6 6 5 3 4 5 6 5 2 4 7 6 0
20 8 15 352 10 10 8 7 5 6 8 6 5 7 6 2 5 5 5 5 6 2 3 8 0
20 8 15 354 11 9 9 8 3 7 7 6 5 7 5 3 4 5 6 5 4 2 7 1 5
20 8 15 354 11 9 10 6 4 7 8 5 5 7 5 3 4 4 7 5 3 3 6 2 5
20 8 15 355 8 12 8 9 3 7 7 6 6 5 7 2 5 5 3 7 5 2 5 2 5
20 8 15 356 9 11 9 6 5 7 7 6 6 5 6 3 5 5 2 8 4 5 1 4 5
20 8 15 356 9 11 10 5 5 7 8 5 5 7 4 4 4 4 5 7 3 3 3 5 5
20 8 15 356 10 10 10 6 4 8 5 7 5 6 7 2 3 6 4 7 3 3 2 6 5
20 8 15 356 10 10 10 7 3 8 6 6 6 5 5 4 4 4 6 6 1 7 3 3 5
20 8 15 356 11 9 7 10 3 5 9 6 5 5 7 3 5 3 6 6 4 4 5 1 5
20 8 15 356 11 9 10 6 4 8 5 7 5 7 5 3 3 7 4 6 3 3 6 2 5
20 8 15 357 9 11 8 9 3 6 9 5 5 7 4 4 5 3 6 6 5 1 5 3 5
20 8 15 357 9 11 9 5 6 7 6 7 5 7 4 4 4 6 3 7 4 4 2 4 5
20 8 15 358 10 10 6 10 4 6 5 9 5 6 7 2 5 6 4 5 7 3 2 2 5
20 8 15 358 10 10 9 7 4 7 7 6 6 5 5 4 5 3 7 5 2 8 2 2 5
20 8 15 359 9 11 9 5 6 6 9 5 5 7 4 4 5 3 6 6 4 4 2 4 5
20 8 15 360 8 12 9 6 5 7 8 5 6 6 6 2 5 6 2 7 5 2 5 7 0
20 8 15 360 10 10 10 6 4 7 9 4 6 6 4 4 5 3 7 5 2 6 4 7 0
20 8 15 360 11 9 11 4 5 8 6 6 5 7 5 3 3 6 5 6 2 4 5 3 5
20 8 15 361 8 12 8 7 5 7 6 7 5 8 4 3 5 5 5 5 7 1 1 5 5
20 8 15 361 8 12 10 8 2 9 5 6 6 6 6 2 4 4 8 4 3 3 4 4 5
20 8 15 361 9 11 8 6 6 6 8 6 6 5 6 3 6 4 3 7 5 6 0 3 5
20 8 15 361 9 11 9 7 4 6 10 4 5 7 4 4 5 2 7 6 4 2 4 4 5
20 8 16 342 9 11 8 7 5 6 8 6 5 7 4 4 5 4 5 6 5 3 3 4 4
20 8 16 344 10 10 8 8 4 6 8 6 5 6 7 2 5 3 7 5 5 3 2 5 4
20 8 16 344 10 10 9 8 3 7 7 6 5 6 7 2 4 4 6 6 4 2 3 6 4
20 8 16 345 10 10 7 10 3 6 7 7 5 6 7 2 5 4 6 5 6 2 3 4 4
20 8 16 346 8 12 9 7 4 7 8 5 6 5 7 2 5 4 4 7 4 3 4 4 4
20 8 16 346 9 11 8 8 4 6 9 5 6 5 6 3 6 3 4 7 5 4 2 4 4
20 8 16 346 10 10 9 6 5 7 6 7 5 6 7 2 4 5 5 6 4 4 1 6 4
20 8 16 347 11 9 9 6 5 6 8 6 5 5 7 3 4 4 5 7 2 6 3 4 4
20 8 16 347 11 9 9 8 3 7 7 6 5 7 5 3 4 5 6 5 4 2 7 2 4
20 8 16 348 11 9 8 8 4 7 5 8 5 7 5 3 4 7 4 5 5 3 6 1 4
20 8 16 348 11 9 10 6 4 7 8 5 5 7 5 3 4 4 7 5 3 3 6 3 4
20 8 16 349 8 12 8 9 3 7 7 6 6 5 7 2 5 5 3 7 5 2 5 3 4
20 8 16 350 11 9 10 6 4 8 5 7 5 7 5 3 3 7 4 6 3 3 6 3 4
20 8 16 352 9 11 9 6 5 7 7 6 6 5 6 3 5 5 2 8 4 5 1 5 4
20 8 16 352 10 10 9 7 4 7 7 6 6 5 5 4 5 3 7 5 2 8 2 3 4
20 8 16 352 11 9 8 8 4 5 10 5 5 5 7 3 5 2 7 6 3 5 4 3 4
20 8 16 353 9 11 10 5 5 7 8 5 5 7 4 4 4 4 5 7 3 3 3 6 4
20 8 16 354 10 10 10 6 4 7 8 5 5 6 7 2 4 3 7 6 3 3 2 7 4
20 8 16 355 9 11 9 5 6 6 9 5 5 7 4 4 5 3 6 6 4 4 2 5 4
20 8 16 355 11 9 11 4 5 8 6 6 5 7 5 3 3 6 5 6 2 4 5 4 4
20 8 16 356 8 12 10 7 3 8 7 5 6 5 7 2 4 5 3 8 3 2 5 5 4
20 8 16 356 9 11 8 6 6 6 8 6 6 5 6 3 6 4 3 7 5 6 0 4 4
20 8 16 356 10 10 9 9 2 7 8 5 6 5 5 4 5 2 8 5 2 6 4 3 4
20 8 16 357 8 12 10 8 2 9 5 6 6 6 6 2 4 4 8 4 3 3 4 5 4
20 8 16 357 9 11 9 7 4 6 10 4 5 7 4 4 5 2 7 6 4 2 4 5 4
20 8 16 357 11 9 7 10 3 6 7 7 5 7 5 3 5 5 6 4 6 2 7 0 4
20 8 16 357 11 9 11 6 3 8 7 5 5 7 5 3 3 5 6 6 2 2 7 4 4
20 8 16 358 7 13 10 7 3 9 5 6 6 7 3 4 4 5 6 5 3 3 5 4 4
20 8 16 358 8 12 8 7 5 7 6 7 5 8 4 3 5 5 5 5 7 1 1 6 4
20 8 16 358 8 12 9 7 4 8 5 7 6 5 7 2 4 7 1 8 4 3 4 4 4
20 8 16 358 9 11 9 8 3 8 5 7 5 8 3 4 4 4 9 3 4 3 3 5 4
20 8 16 358 9 11 10 8 2 8 7 5 6 5 6 3 4 3 8 5 1 5 6 3 4
20 8 16 358 9 11 10 8 2 9 4 7 6 5 6 3 3 6 5 6 1 5 6 3 4
20 8 16 358 12 8 8 9 3 6 7 7 5 4 10 1 4 4 6 6 3 5 3 4 4
20 8 16 359 8 12 9 8 3 8 5 7 6 4 8 2 4 4 6 6 2 6 1 6 4
20 8 16 359 8 12 10 5 5 8 6 6 6 5 7 2 4 6 2 8 3 4 3 5 4
20 8 16 359 9 11 8 9 3 6 9 5 6 4 7 3 6 1 6 7 5 1 5 4 4
20 8 16 359 9 11 9 6 5 6 10 4 6 5 6 3 6 2 5 7 4 5 1 5 4
20 8 16 359 9 11 9 9 2 8 6 6 7 3 8 2 5 4 5 6 2 7 4 2 4
20 8 16 359 11 9 10 7 3 8 5 7 5 6 6 3 3 4 9 4 1 6 3 5 4
20 8 16 359 11 9 10 7 3 8 6 6 5 7 8 0 3 7 6 4 3 4 5 3 4
20 8 16 360 8 12 8 9 3 6 10 4 6 5 7 2 6 2 6 6 5 2 5 3 4
20 8 16 360 9 11 8 10 2 6 10 4 6 5 6 3 6 2 5 7 5 2 4 4 4
20 8 16 360 9 11 9 10 1 8 6 6 6 5 6 3 4 4 7 5 2 4 7 2 4
20 8 16 360 9 11 11 6 3 9 5 6 6 5 6 3 3 5 6 6 0 6 5 4 4
20 8 16 360 11 9 10 8 2 8 6 6 5 7 5 3 3 6 5 6 3 1 8 3 4
20 8 16 361 9 11 9 7 4 7 7 6 6 4 7 3 4 6 1 9 2 5 6 2 4
20 8 16 361 10 10 8 10 2 6 9 5 5 6 7 2 5 2 8 5 5 1 4 5 4
20 8 16 361 11 9 8 10 2 7 6 7 5 7 5 3 4 6 5 5 5 1 8 1 4
20 8 16 361 11 9 8 10 2 7 6 7 6 4 8 2 5 3 8 4 3 7 2 3 4
20 8 16 361 11 9 9 6 5 6 9 5 4 9 6 1 4 6 5 5 6 1 3 5 4
20 8 19 342 9 11 9 8 3 7 8 5 6 5 6 3 5 3 6 6 3 4 6 3 3
20 8 19 343 9 11 10 6 4 8 6 6 6 5 6 3 4 5 4 7 2 5 5 4 3
20 8 19 344 9 11 9 8 3 8 5 7 6 5 6 3 4 6 3 7 3 4 6 3 3
20 8 19 344 10 10 8 7 5 6 8 6 6 5 5 4 6 3 5 6 4 7 2 3 3
20 8 19 347 9 11 8 10 2 7 7 6 6 5 6 3 5 4 5 6 4 3 7 2 3
20 8 19 348 11 9 8 9 3 6 8 6 5 6 6 3 5 2 9 4 4 4 4 4 3
20 8 19 350 8 12 8 8 4 7 6 7 6 4 8 2 5 4 4 7 4 5 1 6 3
20 8 19 350 10 10 7 8 5 5 9 6 5 6 7 2 6 3 5 6 7 2 2 5 3
20 8 19 351 7 13 9 7 4 8 6 6 6 7 3 4 5 5 4 6 5 2 5 4 3
20 8 19 351 9 11 10 8 2 8 7 5 6 5 6 3 4 4 5 7 2 3 7 4 3
20 8 19 351 10 10 8 6 6 6 7 7 5 6 7 2 5 5 3 7 6 3 1 6 3
20 8 19 352 10 10 9 9 2 8 5 7 6 4 9 1 4 5 5 6 3 4 5 4 3
20 8 19 353 10 10 9 6 5 6 9 5 5 6 7 2 5 3 5 7 5 2 2 7 3
20 8 19 354 8 12 7 10 3 6 8 6 6 4 8 2 6 2 6 6 5 4 2 5 3
20 8 19 354 9 11 9 6 5 7 7 6 5 8 3 4 5 3 8 4 5 3 2 6 3
20 8 19 354 10 10 10 5 5 7 8 5 6 5 5 4 5 3 5 7 2 7 2 5 3
20 8 19 354 12 8 9 7 4 6 9 5 4 9 5 2 4 5 7 4 5 2 5 4 3
20 8 19 354 12 8 9 7 4 7 6 7 4 9 5 2 3 8 4 5 5 2 5 4 3
20 8 19 355 11 9 9 8 3 6 9 5 4 7 8 1 3 5 6 6 3 2 6 5 3
20 8 19 355 11 9 10 7 3 7 8 5 5 6 6 3 4 2 9 5 2 4 4 6 3
20 8 19 355 12 8 9 5 6 6 8 6 4 9 5 2 4 6 6 4 5 4 3 4 3
20 8 19 355 12 8 10 5 5 7 7 6 4 9 5 2 3 7 5 5 4 3 4 5 3
20 8 19 356 7 13 10 5 5 8 7 5 6 7 3 4 5 4 5 6 4 3 4 5 3
20 8 19 356 8 12 8 7 5 6 9 5 6 5 7 2 6 4 2 8 6 2 4 4 3
20 8 19 356 10 10 9 6 5 6 9 5 5 7 3 5 5 2 8 5 3 5 4 4 3
20 8 19 356 10 10 9 7 4 6 10 4 6 5 5 4 6 1 7 6 3 6 3 4 3
20 8 19 356 11 9 7 8 5 4 11 5 5 5 7 3 6 2 5 7 5 4 4 3 3
20 8 19 356 13 7 9 7 4 6 8 6 5 5 8 2 4 5 4 7 3 4 7 2 3
20 8 19 357 9 11 11 6 3 8 8 4 6 5 6 3 4 3 6 7 1 4 6 5 3
20 8 19 357 10 10 11 5 4 8 7 5 5 7 6 2 3 5 7 5 1 6 3 6 3
20 8 19 358 8 12 9 8 3 7 8 5 6 4 8 2 5 2 6 7 3 4 2 7 3
20 8 19 358 9 11 10 6 4 7 9 4 5 7 7 1 4 5 4 7 4 2 3 7 3
20 8 19 358 11 9 8 7 5 6 7 7 4 8 7 1 4 6 5 5 6 3 0 7 3
20 8 19 358 11 9 8 9 3 6 8 6 4 8 7 1 4 5 6 5 6 1 2 7 3
20 8 19 359 11 9 10 6 4 7 7 6 4 7 8 1 2 7 4 7 2 3 5 6 3
20 8 19 359 12 8 9 8 3 7 6 7 4 8 6 2 3 5 9 3 3 5 2 6 3
20 8 19 359 12 8 10 7 3 7 8 5 4 9 5 2 3 6 6 5 4 1 6 5 3
20 8 19 360 9 11 11 6 3 9 5 6 6 5 6 3 3 6 3 8 1 4 6 5 3
20 8 19 361 9 11 10 5 5 7 8 5 4 9 5 2 3 6 5 6 4 1 4 7 3
20 8 19 361 9 11 10 7 3 9 4 7 5 8 6 1 3 7 6 4 4 3 2 7 3
20 8 19 361 10 10 11 7 2 9 5 6 5 7 6 2 2 7 5 6 1 4 5 6 3
20 8 19 361 11 9 9 8 3 7 6 7 4 7 8 1 2 8 3 7 3 2 6 5 3
20 8 24 338 10 10 9 8 3 7 7 6 5 6 7 2 4 4 6 6 3 4 5 4 3
20 8 24 344 10 10 8 10 2 7 6 7 5 6 7 2 4 5 5 6 4 3 6 3 3
20 8 24 347 8 12 9 7 4 8 5 7 5 8 4 3 4 6 4 6 5 2 4 5 3
20 8 24 347 10 10 10 6 4 8 5 7 5 6 7 2 3 6 4 7 2 5 4 5 3
20 8 24 348 9 11 9 8 3 8 5 7 5 7 7 1 4 5 6 5 5 2 3 6 3
20 8 24 348 12 8 9 6 5 6 8 6 4 8 6 2 4 5 5 6 5 2 5 4 3
20 8 24 349 8 12 9 7 4 7 8 5 5 8 4 3 5 3 7 5 5 2 4 5 3
20 8 24 349 11 9 9 7 4 6 9 5 5 6 6 3 5 2 7 6 3 6 2 5 3
20 8 24 350 9 11 10 5 5 7 8 5 5 7 4 4 4 4 5 7 2 5 5 4 3
20 8 24 350 9 11 10 7 3 9 4 7 6 6 5 3 4 5 6 5 2 7 3 4 3
20 8 24 350 10 10 10 8 2 8 6 6 5 6 7 2 3 5 5 7 2 3 6 5 3
20 8 24 351 8 12 10 5 5 8 6 6 5 8 4 3 4 5 5 6 4 3 3 6 3
20 8 24 351 10 10 8 9 3 7 6 7 6 4 9 1 5 5 3 7 4 6 3 3 3
20 8 24 351 12 8 8 8 4 6 7 7 4 8 6 2 4 6 4 6 6 1 6 3 3
20 8 24 353 9 11 10 6 4 7 9 4 6 5 6 3 5 3 4 8 2 6 4 4 3
20 8 24 353 10 10 9 7 4 7 7 6 6 4 9 1 5 4 4 7 3 7 2 4 3
20 8 24 354 8 12 10 7 3 8 7 5 5 8 4 3 4 4 6 6 4 1 5 6 3
20 8 24 355 9 11 8 7 5 6 8 6 5 6 8 1 5 5 2 8 6 2 3 5 3
20 8 24 355 9 11 10 9 1 9 5 6 6 6 5 3 4 4 7 5 2 5 5 4 3
20 8 24 355 10 10 9 9 2 7 8 5 6 4 9 1 5 3 5 7 3 5 4 4 3
20 8 24 355 10 10 11 6 3 8 7 5 5 6 7 2 3 4 6 7 1 4 5 6 3
20 8 24 355 12 8 10 5 5 7 7 6 5 7 4 4 4 5 5 6 2 7 5 2 3
20 8 24 355 12 8 10 7 3 7 8 5 5 7 4 4 4 4 6 6 2 5 7 2 3
20 8 24 356 9 11 7 10 3 6 7 7 5 5 9 1 5 3 6 6 5 4 1 6 3
20 8 24 356 10 10 8 10 2 6 9 5 5 6 7 2 5 2 8 5 4 3 6 3 3
20 8 24 356 12 8 9 7 4 6 9 5 5 7 4 4 5 3 7 5 3 6 6 1 3
20 8 24 356 12 8 10 6 4 7 7 6 4 8 6 2 3 6 4 7 4 1 6 5 3
20 8 24 357 8 12 10 7 3 8 7 5 6 5 7 2 4 5 3 8 2 4 7 3 3
20 8 24 357 9 11 10 7 3 7 9 4 5 7 4 4 4 3 6 7 2 3 7 4 3
20 8 24 357 10 10 8 9 3 6 9 5 6 4 9 1 6 2 6 6 4 6 3 3 3
20 8 24 357 11 9 9 8 3 6 9 5 5 5 7 3 4 3 6 7 1 6 7 2 3
20 8 24 358 8 12 9 9 2 8 6 6 5 8 4 3 4 5 5 6 5 0 6 5 3
20 8 24 358 9 11 8 10 2 8 4 8 5 7 7 1 4 6 5 5 6 1 4 5 3
20 8 24 358 9 11 10 6 4 8 6 6 6 5 6 3 4 6 1 9 2 6 4 4 3
20 8 24 358 9 11 10 7 3 8 7 5 6 6 5 3 5 2 9 4 2 7 3 4 3
20 8 24 358 10 10 9 6 5 7 6 7 4 9 4 3 4 4 8 4 5 3 1 7 3
20 8 24 358 11 9 7 8 5 5 8 7 4 7 8 1 5 4 5 6 7 2 1 6 3
20 8 24 359 9 11 8 10 2 7 7 6 5 7 7 1 5 3 8 4 6 1 4 5 3
20 8 24 359 10 10 10 5 5 7 8 5 5 7 6 2 4 6 2 8 4 2 7 3 3
20 8 24 359 10 10 10 7 3 8 6 6 6 4 9 1 4 5 3 8 2 6 3 5 3
20 8 24 359 11 9 10 6 4 7 7 6 5 5 7 3 3 5 4 8 0 7 6 3 3
20 8 24 360 9 11 11 5 4 8 7 5 5 7 4 4 3 5 4 8 1 4 6 5 3
20 8 24 360 9 11 11 7 2 9 6 5 6 6 5 3 4 3 8 5 1 6 4 5 3
20 8 24 360 10 10 9 10 1 7 8 5 5 6 7 2 4 3 7 6 3 2 7 4 3
20 8 24 361 7 13 9 9 2 8 7 5 6 6 7 1 5 4 5 6 5 1 6 4 3
20 8 24 361 7 13 10 7 3 9 5 6 6 6 7 1 4 6 3 7 4 2 5 5 3
20 8 24 361 8 12 9 8 3 8 5 7 5 7 5 3 4 3 9 4 3 5 1 7 3
20 8 24 361 10 10 8 11 1 7 7 6 6 4 9 1 5 4 4 7 4 4 5 3 3
20 8 24 361 10 10 9 7 4 6 10 4 5 7 6 2 5 4 4 7 5 1 8 2 3
20 8 24 361 10 10 9 9 2 8 5 7 6 4 9 1 4 6 2 8 3 5 4 4 3
20 8 24 361 10 10 10 8 2 7 9 4 5 6 7 2 4 2 8 6 2 3 6 5 3
20 8 24 361 11 9 9 5 6 6 8 6 5 6 6 3 5 3 6 6 3 8 0 5 3
20 8 24 361 12 8 8 8 4 5 10 5 4 8 6 2 5 3 7 5 6 1 6 3 3
20 8 24 361 12 8 9 5 6 6 8 6 5 7 4 4 5 4 6 5 3 8 4 1 3
20 8 24 361 12 8 9 8 3 6 9 5 4 8 6 2 4 4 6 6 5 0 7 4 3
20 8 27 353 9 11 9 8 3 8 5 7 6 5 6 3 5 3 6 6 3 6 4 1 5
20 8 27 354 9 11 9 7 4 7 7 6 4 9 5 2 4 4 7 5 5 2 3 4 5
20 8 27 354 11 9 9 8 3 7 6 7 4 7 8 1 3 5 6 6 3 4 4 3 5
20 8 27 355 9 11 9 8 3 7 8 5 5 7 7 1 5 3 6 6 5 3 2 4 5
20 8 27 356 9 11 8 7 5 6 8 6 5 7 4 4 6 2 5 7 6 3 2 3 5
20 8 27 356 10 10 10 5 5 7 7 6 4 8 5 3 3 5 5 7 2 5 4 3 5
20 8 27 357 9 11 9 8 3 8 5 7 5 7 7 1 4 6 3 7 5 3 2 4 5
20 8 27 357 11 9 9 7 4 7 6 7 4 8 7 1 3 7 4 6 4 3 5 7 0
20 8 27 358 9 11 9 6 5 7 7 6 5 7 7 1 5 4 5 6 5 5 0 4 5
20 8 27 358 9 11 10 6 4 8 6 6 5 7 7 1 4 5 4 7 4 4 1 5 5
20 8 27 358 10 10 10 7 3 7 8 5 4 8 5 3 3 4 6 7 2 3 6 3 5
20 8 27 359 8 12 10 6 4 8 6 6 5 7 5 3 4 4 4 8 4 1 5 4 5
20 8 27 359 10 10 9 6 5 7 6 7 4 9 4 3 4 5 5 6 5 4 0 5 5
20 8 27 359 11 9 7 8 5 5 8 7 5 5 7 3 6 2 5 7 5 6 2 1 5
20 8 27 360 9 11 10 7 3 8 6 6 4 9 5 2 3 5 6 6 4 1 4 5 5
20 8 27 360 9 11 10 8 2 9 4 7 6 5 6 3 4 4 5 7 2 5 5 2 5
20 8 27 360 12 8 9 7 4 6 8 6 4 7 7 2 4 3 7 6 3 6 1 4 5
20 8 27 361 9 11 8 10 2 8 4 8 6 5 6 3 5 4 5 6 4 5 5 0 5
20 8 27 361 9 11 9 7 4 8 4 8 4 9 5 2 3 7 4 6 5 2 3 4 5
20 8 28 345 10 10 9 7 4 7 7 6 5 7 6 2 5 3 7 5 4 6 1 5 3
20 8 28 345 10 10 10 7 3 8 6 6 5 7 6 2 4 4 6 6 3 5 2 6 3
20 8 28 346 11 9 8 8 4 6 7 7 4 7 8 1 4 5 4 7 5 3 3 5 3
20 8 28 348 10 10 9 7 4 8 4 8 5 7 6 2 4 6 4 6 4 6 1 5 3
20 8 28 351 10 10 9 9 2 7 8 5 5 7 6 2 5 2 8 5 4 4 3 5 3
20 8 28 352 10 10 9 5 6 6 8 6 4 8 5 3 4 5 3 8 4 4 3 5 3
20 8 28 352 10 10 10 6 4 8 5 7 4 9 4 3 3 5 7 5 3 4 3 6 3
20 8 28 352 11 9 9 6 5 6 8 6 4 7 8 1 4 4 5 7 4 4 2 6 3
20 8 28 352 11 9 10 7 3 7 8 5 5 6 6 3 4 3 6 7 1 7 4 4 3
20 8 28 352 12 8 8 8 4 6 7 7 4 8 6 2 4 6 4 6 5 3 7 1 3
20 8 28 353 10 10 9 8 3 7 7 6 4 9 4 3 4 3 9 4 4 3 4 5 3
20 8 28 353 13 7 8 7 5 5 9 6 4 8 5 3 5 4 5 6 5 5 4 2 3
20 8 28 355 10 10 10 8 2 8 6 6 5 6 7 2 3 5 5 7 1 5 7 3 3
20 8 28 355 12 8 10 6 4 7 7 6 4 8 6 2 3 6 4 7 3 3 7 3 3
20 8 28 356 9 11 8 7 5 6 8 6 4 9 5 2 5 4 5 6 7 1 2 6 3
20 8 28 356 9 11 10 8 2 8 7 5 5 7 7 1 4 3 8 5 3 3 5 5 3
20 8 28 356 9 11 10 8 2 9 4 7 5 7 7 1 3 6 5 6 3 3 5 5 3
20 8 28 356 10 10 9 6 5 6 9 5 5 6 7 2 5 4 2 9 4 5 2 5 3
20 8 28 356 10 10 10 8 2 8 6 6 5 6 7 2 4 2 8 6 3 2 5 6 3
20 8 28 356 10 10 10 9 1 8 7 5 5 7 6 2 4 3 7 6 3 3 4 6 3
20 8 28 356 11 9 7 10 3 5 9 6 4 7 8 1 5 3 6 6 6 2 4 4 3
20 8 28 356 11 9 9 8 3 6 9 5 4 7 8 1 4 3 6 7 4 2 4 6 3
20 8 28 357 9 11 9 8 3 7 7 6 5 5 9 1 4 3 6 7 2 6 2 6 3
20 8 28 357 9 11 11 6 3 9 5 6 5 7 7 1 3 5 6 6 2 4 4 6 3
20 8 28 358 8 12 11 6 3 9 6 5 6 6 6 2 4 5 3 8 2 5 4 5 3
20 8 28 358 9 11 9 7 4 7 7 6 5 6 8 1 4 6 1 9 4 3 5 4 3
20 8 28 358 10 10 10 5 5 8 5 7 5 7 6 2 4 5 5 6 3 7 0 6 3
20 8 28 358 11 9 8 8 4 5 10 5 4 7 8 1 5 2 7 6 5 3 3 5 3
20 8 28 358 11 9 10 6 4 7 7 6 4 7 8 1 3 5 4 8 3 3 3 7 3
20 8 28 359 9 11 9 7 4 7 7 6 4 9 5 2 4 5 4 7 6 0 3 7 3
20 8 28 359 9 11 9 10 1 8 6 6 5 7 7 1 4 4 7 5 4 2 6 4 3
20 8 28 359 13 7 10 5 5 6 9 5 4 8 5 3 4 4 5 7 3 5 4 4 3
20 8 28 360 8 12 11 5 4 9 5 6 5 8 4 3 3 6 4 7 2 4 5 5 3
20 8 28 360 9 11 11 5 4 8 7 5 5 7 4 4 4 2 7 7 2 3 5 6 3
20 8 28 360 10 10 11 6 3 8 7 5 5 6 7 2 3 4 6 7 0 6 6 4 3
20 8 28 360 12 8 9 8 3 6 9 5 4 8 6 2 4 4 6 6 4 2 8 2 3
20 8 28 361 8 12 11 5 4 8 8 4 5 8 4 3 4 3 7 6 2 4 5 5 3
20 8 28 361 9 11 11 6 3 8 8 4 5 8 3 4 4 3 6 7 2 4 4 6 3
20 8 28 361 10 10 10 5 5 6 10 4 4 8 5 3 4 3 5 8 3 3 4 6 3
20 8 28 361 11 9 9 7 4 7 6 7 6 3 9 2 5 3 4 8 2 8 3 3 3
20 8 28 361 11 9 10 5 5 7 7 6 5 6 6 3 4 4 5 7 1 9 2 4 3
20 8 28 361 12 8 9 8 3 7 6 7 5 5 9 1 4 4 6 6 2 8 2 4 3
20 8 31 350 11 9 9 7 4 7 6 7 5 6 6 3 5 2 7 6 3 7 2 3 4
20 8 31 352 9 11 8 8 4 7 6 7 6 5 6 3 6 3 4 7 4 7 4 0 4
20 8 31 353 9 11 9 8 3 8 5 7 6 5 6 3 5 4 3 8 3 6 5 1 4
20 8 31 355 9 11 10 6 4 8 6 6 6 5 6 3 5 3 4 8 2 7 4 2 4
20 8 31 355 11 9 7 9 4 6 6 8 5 6 6 3 6 2 7 5 5 7 2 1 4
20 8 31 356 8 12 10 7 3 9 4 7 5 8 4 3 4 4 6 6 4 2 5 4 4
20 8 31 356 9 11 10 5 5 7 8 5 4 9 5 2 4 4 5 7 4 3 3 5 4
20 8 31 356 9 11 10 7 3 8 6 6 5 7 4 4 4 3 6 7 2 4 7 2 4
20 8 31 356 11 9 9 8 3 7 6 7 4 7 8 1 3 6 3 8 3 4 5 3 4
20 8 31 357 9 11 9 8 3 7 8 5 6 5 6 3 6 1 6 7 3 6 5 1 4
20 8 31 357 10 10 9 8 3 7 7 6 4 8 8 0 4 4 6 6 5 2 3 5 4
20 8 31 357 11 9 8 9 3 6 8 6 4 8 7 1 5 3 6 6 6 3 1 5 4
20 8 31 358 8 12 9 6 5 7 7 6 5 7 5 3 5 4 2 9 5 2 5 3 4
20 8 31 358 9 11 8 9 3 7 6 7 5 6 8 1 5 4 3 8 6 1 5 3 4
20 8 31 358 10 10 8 8 4 7 5 8 4 8 8 0 4 6 4 6 6 3 2 4 4
20 8 31 358 11 9 8 8 4 6 7 7 3 10 5 2 4 4 7 5 6 2 2 5 4
20 8 31 358 11 9 9 7 4 7 6 7 4 8 7 1 4 5 4 7 5 4 0 6 4
20 8 31 359 9 11 8 10 2 7 7 6 6 5 6 3 6 2 5 7 4 5 6 0 4
20 8 31 359 9 11 10 8 2 8 7 5 6 5 6 3 5 2 5 8 2 5 6 2 4
20 8 31 360 10 10 9 7 4 6 9 5 4 8 5 3 5 1 7 7 5 1 4 5 4
20 8 31 360 10 10 11 7 2 9 5 6 5 7 6 2 3 5 5 7 1 6 4 4 4
20 8 31 360 11 9 9 8 3 7 7 6 4 9 6 1 4 5 6 5 5 2 7 1 4
20 8 31 361 10 10 10 8 2 9 3 8 5 6 7 2 3 5 5 7 2 4 6 3 4
20 8 31 361 11 9 10 6 4 8 5 7 4 9 6 1 3 7 4 6 4 3 6 2 4
20 8 36 348 10 10 9 7 4 7 6 7 4 8 5 3 4 4 4 8 3 5 5 2 4
20 8 36 352 9 11 8 9 3 7 6 7 4 9 5 2 5 3 6 6 6 2 4 3 4
20 8 36 352 9 11 9 7 4 7 7 6 4 9 5 2 5 2 7 6 5 3 3 4 4
20 8 36 352 11 9 9 8 3 7 6 7 4 7 8 1 4 3 6 7 3 5 4 3 4
20 8 36 353 9 11 9 7 4 8 4 8 4 9 5 2 4 5 4 7 5 3 3 4 4
20 8 36 354 10 10 9 8 3 7 7 6 5 6 7 2 5 3 3 9 3 6 4 2 4
20 8 36 355 9 11 10 7 3 8 6 6 4 9 5 2 4 3 6 7 4 2 4 5 4
20 8 36 356 10 10 10 5 5 7 7 6 4 8 5 3 4 3 5 8 2 6 4 3 4
20 8 36 357 9 11 10 5 5 8 5 7 4 9 5 2 4 4 5 7 4 4 2 5 4
20 8 36 358 10 10 9 7 4 6 9 5 4 8 5 3 5 1 7 7 3 5 5 2 4
20 8 36 358 10 10 10 7 3 7 8 5 4 8 5 3 4 2 6 8 2 4 6 3 4
20 8 36 358 11 9 8 10 2 7 5 8 4 7 8 1 4 4 5 7 4 4 5 2 4
20 8 36 359 8 12 10 6 4 8 6 6 5 7 5 3 5 2 4 9 4 2 5 4 4
20 8 36 359 9 11 8 7 5 6 7 7 4 7 7 2 5 2 5 8 4 6 0 5 4
20 8 36 359 9 11 9 9 2 8 5 7 4 9 5 2 4 4 5 7 5 1 5 4 4
20 8 36 360 8 12 10 7 3 8 7 5 5 8 4 3 5 3 3 9 4 3 4 4 4
20 8 36 360 10 10 8 8 4 6 8 6 4 9 4 3 6 1 7 6 6 4 1 4 4
20 8 36 360 10 10 9 9 2 8 5 7 5 7 6 2 5 2 8 5 3 7 3 2 4
20 8 36 361 7 13 10 6 4 8 7 5 5 8 5 2 5 3 4 8 4 3 5 3 4
20 8 39 349 10 10 9 6 5 7 6 7 4 9 4 3 5 3 5 7 4 6 3 3 3
20 8 39 349 10 10 9 8 3 7 7 6 4 9 4 3 5 2 6 7 4 4 5 3 3
20 8 39 350 11 9 8 9 3 7 5 8 4 8 7 1 5 3 6 6 5 5 3 3 3
20 8 39 352 9 11 9 8 3 8 5 7 5 7 7 1 5 4 3 8 4 5 5 2 3
20 8 39 353 9 11 10 6 4 8 6 6 5 7 7 1 5 3 4 8 3 6 4 3 3
20 8 39 353 11 9 9 7 4 7 6 7 4 8 7 1 5 2 7 6 4 6 2 4 3
20 8 39 354 11 9 10 7 3 8 5 7 4 8 7 1 4 3 6 7 3 5 3 5 3
20 8 39 356 9 11 9 8 3 7 8 5 5 7 7 1 6 1 6 7 4 5 5 2 3
20 8 39 358 10 10 10 6 4 7 8 5 4 9 4 3 5 1 7 7 3 5 4 4 3
20 8 39 358 12 8 8 9 3 6 7 7 4 7 7 2 5 2 6 7 3 7 5 1 3
20 8 39 359 9 11 10 8 2 8 7 5 5 7 7 1 5 2 5 8 3 4 6 3 3
20 8 39 359 11 9 9 7 4 8 3 9 4 8 7 1 4 5 4 7 4 6 2 4 3
20 8 39 360 11 9 9 9 2 7 7 6 4 8 7 1 5 1 8 6 4 4 4 4 3
