23 6 -7 476 10 13 9 9 5 8 7 8 4 9 6 3 8 2 5 8 6 5 3 4 5
23 6 -7 482 10 13 11 7 5 9 7 7 4 9 6 3 7 2 5 9 4 5 3 6 5
23 6 -7 482 10 13 11 9 3 10 6 7 5 8 7 2 7 3 6 7 3 6 7 7 0
23 6 -7 484 11 12 9 9 5 7 9 7 4 8 6 4 8 1 5 9 4 7 5 2 5
23 6 -7 484 11 12 11 7 5 9 7 7 4 10 4 4 7 3 5 8 4 5 7 2 5
23 6 -7 484 12 11 10 8 5 8 7 8 4 7 9 2 7 2 5 9 3 8 3 4 5
23 6 -6 473 11 12 10 9 4 9 6 8 5 7 8 2 7 4 4 8 4 7 5 2 5
23 6 -6 473 12 11 10 9 4 8 8 7 4 9 5 4 7 2 7 7 4 6 5 3 5
23 6 -6 476 10 13 10 10 3 9 6 8 4 8 8 2 6 3 6 8 4 4 4 6 5
23 6 -6 476 13 10 9 10 4 8 6 9 4 8 8 2 7 3 7 6 5 7 3 3 5
23 6 -6 477 11 12 10 10 3 9 6 8 4 9 6 3 6 4 6 7 4 4 8 2 5
23 6 -6 478 11 12 11 7 5 9 7 7 5 7 8 2 7 3 5 8 3 8 4 3 5
23 6 -6 478 12 11 10 7 6 8 7 8 4 9 5 4 7 3 6 7 4 8 3 3 5
23 6 -6 478 12 11 10 8 5 8 7 8 3 10 7 2 6 4 5 8 6 2 4 6 5
23 6 -6 478 13 10 11 8 4 9 6 8 4 8 8 2 6 3 7 7 3 7 3 5 5
23 6 -6 479 10 13 8 12 3 8 6 9 4 8 8 2 7 3 6 7 6 4 4 4 5
23 6 -6 479 11 12 11 9 3 9 8 6 5 7 8 2 7 2 6 8 3 6 6 3 5
23 6 -6 481 11 12 9 11 3 8 8 7 5 7 8 2 8 2 6 7 5 6 6 1 5
23 6 -6 482 10 13 11 8 4 9 7 7 4 8 8 2 6 2 7 8 3 5 3 7 5
23 6 -6 482 11 12 9 8 6 7 9 7 4 9 6 3 8 3 3 9 7 4 3 4 5
23 6 -6 482 11 12 10 9 4 8 9 6 5 7 8 2 8 1 7 7 4 7 5 2 5
23 6 -6 482 11 12 10 11 2 9 7 7 5 7 8 2 7 3 5 8 4 5 7 2 5
23 6 -6 482 11 12 11 8 4 10 4 9 4 9 6 3 5 6 4 8 3 5 7 3 5
23 6 -6 482 11 12 11 9 3 10 5 8 5 7 8 2 6 5 3 9 3 6 6 3 5
23 6 -6 482 12 11 8 10 5 7 7 9 3 10 7 2 7 4 5 7 8 2 4 4 5
23 6 -6 482 12 11 11 9 3 10 5 8 5 8 6 3 6 5 6 6 2 8 8 5 0
23 6 -6 483 9 14 11 7 5 9 7 7 4 9 5 4 6 3 5 9 3 5 4 6 5
23 6 -6 483 10 13 11 8 4 9 8 6 5 8 5 4 7 3 4 9 3 6 7 2 5
23 6 -6 483 11 12 9 11 3 9 5 9 5 7 8 2 7 5 3 8 5 6 6 1 5
23 6 -6 483 11 12 12 7 4 10 6 7 5 7 8 2 6 4 4 9 2 7 5 4 5
23 6 -6 483 13 10 10 8 5 8 7 8 4 8 8 2 7 2 8 6 4 8 2 4 5
23 6 -6 484 11 12 10 9 4 9 6 8 5 7 8 2 7 3 7 6 3 9 3 8 0
23 6 -6 484 12 11 9 9 5 7 9 7 4 9 5 4 8 1 8 6 5 7 4 2 5
23 6 -6 484 12 11 12 7 4 9 8 6 4 9 5 4 6 2 7 8 2 6 5 5 5
23 6 -6 484 13 10 10 8 5 9 4 10 4 8 8 2 6 5 5 7 4 8 2 4 5
23 6 -4 467 10 13 10 9 4 9 6 8 5 7 8 2 6 5 4 8 5 4 4 5 5
23 6 -4 469 11 12 10 9 4 8 8 7 5 6 8 3 6 4 4 9 3 6 6 3 5
23 6 -4 469 13 10 11 8 4 9 6 8 4 9 6 3 5 5 7 6 4 4 6 4 5
23 6 -4 471 10 13 11 7 5 9 7 7 5 7 8 2 6 4 5 8 4 5 3 6 5
23 6 -4 471 11 12 10 8 5 8 8 7 5 7 7 3 7 3 5 8 5 6 1 6 5
23 6 -4 471 13 10 9 10 4 8 6 9 4 9 6 3 6 5 7 5 6 4 6 2 5
23 6 -4 472 10 13 8 11 4 8 6 9 5 7 8 2 7 5 4 7 7 4 4 3 5
23 6 -4 472 10 13 9 11 3 8 8 7 5 7 8 2 7 3 6 7 6 3 5 4 5
23 6 -4 472 10 13 10 9 4 8 9 6 5 7 8 2 7 2 7 7 5 4 4 5 5
23 6 -4 473 9 14 10 8 5 8 9 6 5 8 5 4 7 3 5 8 5 4 5 4 5
23 6 -4 473 11 12 8 10 5 7 8 8 5 7 7 3 8 3 5 7 7 6 1 4 5
23 6 -4 473 11 12 10 9 4 9 6 8 5 8 6 3 6 6 4 7 5 4 8 1 5
23 6 -4 474 11 12 9 9 5 7 9 7 4 9 5 4 7 2 8 6 6 4 3 5 5
23 6 -4 475 10 13 11 9 3 9 8 6 5 7 8 2 6 3 6 8 4 3 5 6 5
23 6 -4 475 13 10 10 8 5 9 4 10 4 9 6 3 5 7 5 6 5 5 5 3 5
23 6 -4 476 11 12 9 9 5 8 6 9 5 6 8 3 6 6 2 9 4 7 5 2 5
23 6 -4 476 13 10 10 7 6 7 9 7 4 8 7 3 6 5 3 9 5 4 6 3 5
23 6 -4 477 10 13 9 10 4 8 8 7 5 8 7 2 7 5 4 7 7 2 6 8 0
23 6 -4 477 12 11 10 8 5 8 7 8 4 8 8 2 6 3 8 6 5 5 1 7 5
23 6 -4 477 13 10 10 8 5 7 9 7 4 7 8 3 6 2 8 7 3 7 3 5 5
23 6 -4 477 13 10 12 6 5 9 7 7 4 9 6 3 5 4 8 6 3 5 5 5 5
23 6 -4 477 14 9 10 8 5 7 9 7 3 10 7 2 5 6 5 7 5 4 5 4 5
23 6 -4 478 9 14 10 8 5 9 6 8 5 8 5 4 6 6 2 9 5 4 5 4 5
23 6 -4 478 9 14 11 8 4 9 8 6 5 8 5 4 6 4 4 9 4 3 6 5 5
23 6 -4 478 10 13 9 11 3 9 5 9 5 7 8 2 6 6 3 8 6 3 5 4 5
23 6 -4 478 10 13 10 8 5 8 9 6 5 8 7 2 7 4 5 7 6 3 5 9 0
23 6 -4 478 10 13 10 10 3 9 6 8 4 9 6 3 5 5 6 7 5 1 7 5 5
23 6 -4 478 11 12 10 8 5 7 11 5 5 7 7 3 7 3 5 8 4 5 7 7 0
23 6 -4 478 11 12 11 8 4 9 7 7 4 9 8 1 5 5 7 6 4 5 2 7 5
23 6 -4 478 13 10 12 7 4 9 8 6 4 10 5 3 5 5 7 6 3 6 4 5 5
23 6 -4 479 9 14 10 9 4 10 4 9 5 9 4 4 6 5 7 5 5 5 4 4 5
23 6 -4 479 10 13 10 11 2 9 7 7 5 7 8 2 6 4 5 8 5 2 6 5 5
23 6 -4 479 11 12 9 10 4 7 10 6 5 7 7 3 8 1 7 7 6 5 2 5 5
23 6 -4 479 11 12 11 9 3 9 8 6 5 8 6 3 6 4 6 7 4 3 9 2 5
23 6 -4 479 11 12 12 7 4 10 6 7 5 8 6 3 5 6 4 8 3 4 8 3 5
23 6 -4 479 12 11 10 7 6 8 7 8 4 10 3 5 6 5 6 6 5 5 6 2 5
23 6 -4 479 12 11 10 9 4 8 8 7 5 6 10 1 6 5 4 8 4 5 6 8 0
23 6 -4 480 11 12 10 10 3 10 3 10 5 7 7 3 5 6 6 6 3 7 5 3 5
23 6 -4 480 11 12 11 10 2 10 5 8 5 7 7 3 5 4 8 6 2 6 6 4 5
23 6 -4 480 13 10 10 10 3 8 8 7 4 9 6 3 6 3 9 5 5 3 7 3 5
23 6 -4 481 9 14 11 6 6 9 7 7 5 8 5 4 6 5 3 9 4 5 4 5 5
23 6 -4 481 11 12 9 11 3 7 10 6 5 6 8 3 7 2 6 8 4 5 7 2 5
23 6 -4 481 11 12 9 12 2 9 5 9 5 7 7 3 6 4 8 5 4 6 6 2 5
23 6 -4 481 11 12 11 7 5 8 9 6 4 9 5 4 6 2 8 7 4 4 3 7 5
23 6 -4 481 11 12 12 7 4 9 9 5 5 8 6 3 6 3 7 7 3 4 8 3 5
23 6 -4 481 12 11 12 6 5 9 8 6 4 10 6 2 5 5 8 5 3 6 5 4 5
23 6 -4 481 13 10 8 9 6 6 9 8 4 8 7 3 7 5 3 8 7 4 6 1 5
23 6 -4 481 14 9 10 9 4 8 7 8 5 6 8 3 6 5 4 8 3 8 6 1 5
23 6 -4 482 10 13 9 9 5 9 4 10 5 7 8 2 6 7 2 8 6 5 3 4 5
23 6 -4 482 10 13 11 9 3 10 5 8 5 7 8 2 5 6 3 9 4 3 5 6 5
23 6 -4 482 10 13 11 10 2 10 6 7 6 6 6 4 6 4 5 8 2 7 6 3 5
23 6 -4 482 10 13 12 7 4 10 6 7 5 7 8 2 5 5 4 9 3 4 4 7 5
23 6 -4 482 11 12 9 8 6 7 9 7 5 7 7 3 8 2 6 7 6 7 0 5 5
23 6 -4 482 11 12 11 9 3 9 8 6 5 8 6 3 6 3 9 5 3 5 7 8 0
23 6 -4 482 12 11 10 10 3 8 8 7 4 8 8 2 6 2 9 6 5 3 3 7 5
23 6 -4 483 9 14 10 9 4 8 10 5 6 6 7 3 8 2 4 9 5 5 4 4 5
23 6 -4 483 9 14 10 9 4 9 7 7 6 6 7 3 7 5 1 10 5 5 4 4 5
23 6 -4 483 10 13 11 8 4 10 5 8 6 6 6 4 6 5 4 8 2 9 4 3 5
23 6 -4 483 11 12 11 6 6 8 9 6 5 7 7 3 6 5 3 9 3 6 6 8 0
23 6 -4 483 11 12 12 7 4 10 6 7 5 8 6 3 5 5 7 6 2 6 6 9 0
23 6 -4 483 12 11 12 8 3 9 8 6 4 8 8 2 4 5 6 8 1 6 5 6 5
23 6 -4 483 12 11 12 8 3 10 6 7 4 10 6 2 4 7 6 6 3 4 7 4 5
23 6 -4 483 13 10 9 9 5 6 11 6 4 8 7 3 7 3 5 8 6 3 7 2 5
23 6 -4 483 13 10 10 9 4 7 10 6 4 8 7 3 6 4 4 9 5 2 8 3 5
23 6 -4 483 14 9 11 8 4 8 8 7 4 8 6 4 5 4 7 7 2 6 8 2 5
23 6 -4 484 8 15 10 8 5 9 7 7 5 9 5 3 7 4 5 7 7 2 3 6 5
23 6 -4 484 10 13 11 8 4 9 8 6 6 6 6 4 7 2 7 7 2 9 4 3 5
23 6 -4 484 11 12 11 7 5 8 10 5 4 10 7 1 6 5 5 7 6 2 5 5 5
23 6 -4 484 11 12 11 7 5 9 6 8 5 6 8 3 5 6 2 10 2 7 5 4 5
23 6 -4 484 12 11 10 9 4 8 8 7 4 10 3 5 6 4 7 6 5 3 8 2 5
23 6 -4 484 13 10 11 8 4 8 9 6 4 9 6 3 6 2 10 5 4 4 6 4 5
23 6 -4 484 14 9 9 10 4 7 8 8 4 7 10 1 6 5 4 8 6 3 6 3 5
23 6 -4 484 14 9 9 10 4 7 8 8 4 8 6 4 6 4 7 6 4 6 8 0 5
23 6 -3 464 10 13 10 9 4 9 6 8 5 8 5 4 6 4 7 6 5 4 4 5 5
23 6 -3 467 13 10 10 8 5 8 7 8 4 9 7 2 5 7 5 6 5 5 5 3 5
23 6 -3 469 12 11 11 7 5 8 9 6 5 7 7 3 6 4 5 8 4 4 7 3 5
23 6 -3 470 11 12 9 9 5 7 9 7 5 6 9 2 7 3 5 8 6 4 3 5 5
23 6 -3 470 12 11 10 9 4 8 8 7 5 7 7 3 6 5 4 8 5 3 8 2 5
23 6 -3 470 12 11 11 8 4 9 6 8 5 6 8 3 5 4 7 7 2 7 4 5 5
23 6 -3 471 10 13 8 11 4 8 6 9 5 8 5 4 7 4 7 5 7 4 4 3 5
23 6 -3 471 11 12 10 9 4 8 8 7 5 6 9 2 6 4 4 9 5 3 4 6 5
23 6 -3 471 13 10 11 8 4 8 9 6 4 9 7 2 5 5 7 6 4 4 6 4 5
23 6 -3 472 10 13 9 8 6 7 9 7 5 7 6 4 7 4 3 9 6 4 4 4 5
23 6 -3 472 10 13 11 7 5 9 7 7 5 8 5 4 6 3 8 6 4 5 3 6 5
23 6 -3 472 14 9 10 8 5 7 9 7 4 8 7 3 6 3 8 6 5 4 5 4 5
23 6 -3 473 11 12 8 11 4 7 8 8 5 6 9 2 7 4 4 8 7 3 4 4 5
23 6 -3 473 11 12 11 7 5 8 9 6 4 9 6 3 5 5 5 8 4 4 3 7 5
23 6 -3 473 13 10 10 10 3 8 8 7 4 9 7 2 5 6 6 6 5 3 7 3 5
23 6 -3 473 13 10 11 6 6 8 8 7 4 9 7 2 5 6 6 6 4 6 4 4 5
23 6 -3 473 14 9 10 9 4 7 10 6 4 9 6 3 6 4 7 6 5 5 4 4 5
23 6 -3 473 14 9 11 6 6 8 7 8 4 8 7 3 5 5 6 7 4 5 4 5 5
23 6 -3 473 14 9 11 7 5 8 8 7 4 9 6 3 5 6 5 7 4 6 3 5 5
23 6 -3 474 9 14 11 9 3 10 6 7 6 6 8 2 6 4 6 7 4 4 5 5 5
23 6 -3 474 12 11 10 10 3 8 8 7 5 6 8 3 6 2 9 6 3 6 5 4 5
23 6 -3 474 13 10 10 8 5 7 9 7 4 7 9 2 5 5 5 8 3 7 3 5 5
23 6 -3 474 13 10 10 8 5 7 10 6 4 9 7 2 6 4 8 5 5 5 5 3 5
23 6 -3 475 10 13 11 8 4 9 8 6 6 6 7 3 6 5 4 8 3 5 8 7 0
23 6 -3 475 11 12 10 10 3 9 6 8 5 7 8 2 6 3 9 5 5 4 3 6 5
23 6 -3 476 11 12 10 8 5 8 8 7 6 5 7 4 7 3 5 8 3 9 3 3 5
23 6 -3 476 11 12 10 10 3 8 9 6 6 5 7 4 7 2 6 8 3 7 5 3 5
23 6 -3 476 12 11 9 10 4 7 9 7 4 8 9 1 6 4 7 6 6 4 2 6 5
23 6 -3 476 13 10 11 8 4 9 6 8 4 9 7 2 4 8 4 7 4 4 6 4 5
23 6 -3 477 10 13 12 7 4 10 6 7 5 8 5 4 5 4 7 7 3 4 4 7 5
23 6 -3 477 11 12 10 7 6 8 7 8 5 6 9 2 6 5 3 9 5 5 2 6 5
23 6 -3 477 12 11 9 9 5 8 6 9 5 7 7 3 6 7 2 8 6 4 7 1 5
23 6 -3 477 12 11 10 9 4 8 7 8 3 10 7 2 4 6 7 6 5 2 4 7 5
23 6 -3 477 12 11 10 10 3 8 8 7 4 8 9 1 5 5 6 7 5 3 3 7 5
23 6 -3 477 14 9 10 7 6 7 9 7 4 9 6 3 6 5 6 6 5 7 2 4 5
23 6 -3 478 11 12 11 8 4 10 4 9 5 7 8 2 5 5 7 6 4 5 2 7 5
23 6 -3 478 12 11 9 10 4 8 6 9 4 8 9 1 5 7 4 7 6 4 2 6 5
23 6 -3 478 12 11 10 8 5 8 7 8 4 8 9 1 5 6 5 7 5 5 1 7 5
23 6 -3 478 12 11 11 7 5 9 6 8 5 7 7 3 5 7 2 9 4 4 7 3 5
23 6 -3 478 13 10 12 6 5 9 7 7 4 9 7 2 4 7 5 7 3 5 5 5 5
23 6 -3 479 8 15 11 8 4 10 6 7 6 7 5 4 6 5 4 8 4 4 6 4 5
23 6 -3 479 10 13 9 11 3 8 8 7 5 8 5 4 7 2 9 5 6 3 5 4 5
23 6 -3 479 10 13 11 8 4 9 7 7 4 9 7 2 4 7 4 8 4 2 6 6 5
23 6 -3 479 10 13 11 9 3 9 8 6 6 5 8 3 6 3 6 8 2 6 7 3 5
23 6 -3 479 11 12 11 9 3 10 5 8 5 8 7 2 5 6 6 6 4 6 1 7 5
23 6 -3 479 12 11 12 7 4 9 8 6 5 7 7 3 5 5 4 9 3 3 8 4 5
23 6 -3 480 9 14 11 7 5 9 8 6 6 7 4 5 7 3 5 8 4 6 3 5 5
23 6 -3 480 10 13 11 8 4 10 5 8 5 8 8 1 5 6 7 5 4 6 2 6 5
23 6 -3 480 10 13 11 9 3 9 8 6 5 8 5 4 6 2 9 6 4 3 5 6 5
23 6 -3 480 11 12 11 7 5 8 9 6 5 7 5 5 6 2 8 7 2 7 5 4 5
23 6 -3 480 11 12 11 7 5 9 7 7 4 11 4 3 5 7 5 6 6 2 5 5 5
23 6 -3 480 11 12 11 8 4 8 9 6 4 8 7 3 5 3 7 8 4 1 6 7 5
23 6 -3 481 10 13 10 8 5 7 11 5 5 7 6 4 7 2 5 9 5 3 5 5 5
23 6 -3 481 10 13 11 8 4 8 10 5 4 9 7 2 5 4 7 7 4 2 6 6 5
23 6 -3 481 11 12 9 12 2 9 5 9 5 7 8 2 6 4 8 5 6 3 4 5 5
23 6 -3 481 11 12 11 9 3 8 10 5 4 9 6 3 5 4 6 8 4 2 5 7 5
23 6 -3 481 11 12 12 8 3 10 6 7 5 7 8 2 4 6 6 7 1 7 5 5 5
23 6 -3 481 12 11 8 11 4 7 8 8 5 7 7 3 7 5 4 7 7 3 8 0 5
23 6 -3 481 12 11 12 5 6 9 7 7 5 7 7 3 5 6 3 9 3 5 6 4 5
23 6 -3 481 13 10 12 8 3 9 8 6 4 9 7 2 4 6 6 7 3 3 7 5 5
23 6 -3 482 9 14 10 11 2 10 5 8 6 6 8 2 6 5 5 7 5 3 6 4 5
23 6 -3 482 10 13 10 10 3 8 10 5 6 6 7 3 7 3 6 7 4 4 9 6 0
23 6 -3 482 10 13 11 6 6 8 9 6 5 7 6 4 6 4 3 10 4 4 4 6 5
23 6 -3 482 11 12 10 9 4 9 6 8 5 9 3 5 6 5 7 5 5 4 8 1 5
23 6 -3 482 11 12 11 10 2 10 5 8 5 7 8 2 5 4 8 6 4 3 4 7 5
23 6 -3 482 11 12 12 7 4 9 9 5 5 8 7 2 5 6 4 8 3 4 8 3 5
23 6 -3 482 12 11 9 8 6 7 8 8 4 8 9 1 6 5 6 6 6 6 0 6 5
23 6 -3 482 12 11 11 8 4 9 7 7 5 7 10 0 5 7 4 7 4 5 6 3 5
23 6 -3 482 12 11 12 6 5 9 8 6 5 8 6 3 5 7 2 9 3 6 5 4 5
23 6 -3 482 12 11 12 8 3 9 9 5 5 8 6 3 5 6 3 9 3 4 7 4 5
23 6 -3 483 8 15 10 10 3 9 8 6 6 7 5 4 7 3 6 7 5 3 7 3 5
23 6 -3 483 10 13 8 10 5 6 11 6 5 7 6 4 8 2 5 8 7 3 5 3 5
23 6 -3 483 10 13 10 6 7 7 10 6 5 7 6 4 7 3 4 9 5 5 3 5 5
23 6 -3 483 10 13 10 9 4 8 9 6 5 8 5 4 7 1 10 5 5 4 4 5 5
23 6 -3 483 10 13 10 11 2 9 7 7 6 5 8 3 6 4 5 8 3 5 8 2 5
23 6 -3 483 10 13 11 10 2 10 6 7 5 8 8 1 5 5 8 5 4 4 4 6 5
23 6 -3 483 11 12 9 11 3 7 10 6 5 6 9 2 7 2 6 8 6 2 5 5 5
23 6 -3 483 12 11 9 11 3 8 7 8 6 4 10 2 7 3 6 7 4 8 3 3 5
23 6 -3 483 13 10 11 7 5 7 10 6 3 9 7 3 4 4 8 7 2 5 5 6 5
23 6 -3 484 9 14 9 8 6 8 7 8 5 8 6 3 7 5 3 8 8 2 2 6 5
23 6 -3 484 9 14 10 7 6 9 6 8 6 7 4 5 7 5 3 8 5 7 2 4 5
23 6 -3 484 10 13 9 11 3 9 5 9 6 5 8 3 6 6 3 8 4 6 7 1 5
23 6 -3 484 10 13 12 6 5 9 8 6 4 9 7 2 4 6 5 8 3 3 5 7 5
23 6 -3 484 11 12 9 10 4 7 10 6 6 5 7 4 8 1 7 7 4 8 4 2 5
23 6 -3 484 11 12 11 9 3 9 8 6 5 8 7 2 6 3 9 5 4 6 1 7 5
23 6 -3 484 11 12 12 8 3 10 7 6 5 9 6 2 5 5 9 4 3 5 7 3 5
23 6 -3 484 12 11 10 9 4 7 11 5 5 7 7 3 7 2 7 7 5 3 8 2 5
23 6 -3 484 12 11 11 7 5 8 8 7 3 10 7 2 4 5 8 6 4 3 3 8 5
23 6 -3 484 12 11 11 8 4 8 9 6 4 8 9 1 5 4 7 7 4 4 2 8 5
23 6 -3 484 12 11 11 9 3 9 7 7 5 7 7 3 5 6 3 9 4 2 9 3 5
23 6 -3 484 13 10 11 7 5 8 9 6 4 10 6 2 5 7 5 6 5 3 7 8 0
23 6 -3 484 13 10 12 6 5 8 10 5 4 9 7 2 5 4 8 6 3 5 5 5 5
23 6 -3 484 14 9 10 8 5 7 9 7 3 11 4 4 5 5 8 5 5 4 5 4 5
23 6 -3 484 14 9 10 9 4 8 7 8 4 8 10 0 5 6 7 5 5 5 4 4 5
23 6 -3 484 14 9 12 6 5 8 9 6 4 8 7 3 5 3 8 7 3 4 5 6 5
23 6 -3 484 14 9 12 7 4 8 10 5 4 9 6 3 5 4 7 7 3 5 4 6 5
23 6 -1 459 12 11 10 8 5 8 7 8 5 7 6 4 5 6 5 7 4 5 6 3 5
23 6 -1 463 12 11 10 9 4 8 8 7 6 5 8 3 6 5 4 8 4 6 5 3 5
23 6 -1 464 11 12 9 10 4 8 7 8 5 8 6 3 6 5 7 5 7 2 5 4 5
23 6 -1 465 11 12 10 8 5 9 5 9 5 8 6 3 5 7 5 6 6 3 4 5 5
23 6 -1 465 11 12 11 8 4 9 7 7 5 8 6 3 5 5 7 6 5 2 5 6 5
23 6 -1 465 12 11 9 10 4 7 9 7 5 7 6 4 6 4 7 6 5 4 7 2 5
23 6 -1 466 12 11 9 9 5 7 9 7 6 5 8 3 7 4 5 7 5 7 4 2 5
23 6 -1 467 12 11 11 8 4 8 9 6 5 7 6 4 5 4 7 7 3 4 7 4 5
23 6 -1 469 11 12 10 9 4 9 6 8 6 7 4 5 6 5 7 5 4 7 5 2 5
23 6 -1 470 11 12 10 10 3 9 6 8 5 8 6 3 5 6 6 6 6 1 6 5 5
23 6 -1 470 12 11 8 11 4 7 8 8 6 5 8 3 7 5 4 7 6 6 5 1 5
23 6 -1 470 12 11 11 7 5 8 9 6 6 5 8 3 6 4 5 8 3 7 4 4 5
23 6 -1 471 13 10 9 11 3 8 6 9 5 6 9 2 5 6 6 6 5 4 6 3 5
23 6 -1 471 13 10 11 8 4 8 9 6 5 7 8 2 5 5 7 6 3 7 3 5 5
23 6 -1 472 9 14 10 9 4 9 7 7 6 7 6 3 6 6 4 7 6 2 7 3 5
23 6 -1 472 10 13 10 10 3 9 6 8 6 5 7 4 5 5 6 7 2 7 6 3 5
23 6 -1 472 13 10 11 7 5 8 8 7 4 9 6 3 4 6 8 5 3 6 4 5 5
23 6 -1 473 9 14 10 9 4 8 9 6 6 5 8 3 6 4 4 9 4 4 5 5 5
23 6 -1 473 12 11 10 8 5 7 10 6 4 9 7 2 5 6 5 7 6 2 4 6 5
23 6 -1 473 12 11 12 6 5 9 7 7 5 7 6 4 4 6 5 8 2 5 6 5 5
23 6 -1 473 13 10 11 9 3 9 6 8 5 6 9 2 4 6 6 7 3 4 6 5 5
23 6 -1 474 9 14 9 9 5 8 7 8 6 5 8 3 6 6 2 9 5 5 4 4 5
23 6 -1 474 9 14 10 10 3 10 4 9 6 6 7 3 5 6 6 6 4 5 4 5 5
23 6 -1 474 10 13 10 7 6 8 8 7 5 9 3 5 6 5 6 6 6 3 5 4 5
23 6 -1 474 12 11 9 9 5 8 6 9 6 5 8 3 6 7 2 8 5 7 4 2 5
23 6 -1 474 12 11 9 11 3 7 10 6 6 5 8 3 7 3 6 7 5 5 6 2 5
23 6 -1 474 12 11 10 7 6 8 7 8 6 5 8 3 6 6 3 8 4 8 3 3 5
23 6 -1 474 12 11 11 9 3 9 7 7 5 7 9 1 4 7 6 6 3 5 6 4 5
23 6 -1 475 11 12 12 6 5 9 8 6 5 8 6 3 5 4 8 6 4 3 4 7 5
23 6 -1 475 13 10 11 10 2 9 7 7 5 7 8 2 4 7 5 7 3 5 5 5 5
23 6 -1 476 10 13 9 9 5 8 7 8 5 9 3 5 6 6 5 6 7 2 6 3 5
23 6 -1 476 11 12 10 7 6 7 10 6 5 7 7 3 6 5 3 9 6 2 5 5 5
23 6 -1 476 11 12 11 7 5 9 7 7 6 7 4 5 6 4 8 5 3 8 4 3 5
23 6 -1 476 11 12 12 7 4 9 9 5 5 9 5 3 5 5 7 6 4 4 3 7 5
23 6 -1 476 12 11 10 11 2 8 9 6 6 5 8 3 6 4 5 8 4 4 7 3 5
23 6 -1 476 13 10 11 8 4 9 6 8 5 7 8 2 4 8 4 7 3 7 3 5 5
23 6 -1 476 14 9 10 8 5 7 9 7 5 6 8 3 6 3 8 6 4 7 2 5 5
23 6 -1 477 11 12 10 8 5 7 10 6 5 6 8 3 6 2 8 7 4 5 2 7 5
23 6 -1 477 11 12 12 7 4 10 6 7 6 7 4 5 5 5 7 6 2 7 5 4 5
23 6 -1 477 12 11 10 7 6 7 10 6 6 5 8 3 7 3 6 7 4 8 3 3 5
23 6 -1 477 12 11 10 9 4 7 11 5 6 5 8 3 7 2 7 7 4 6 5 3 5
23 6 -1 477 13 10 12 7 4 9 7 7 5 6 9 2 4 5 7 7 2 5 5 6 5
23 6 -1 477 13 10 12 8 3 9 8 6 5 7 8 2 4 6 6 7 2 6 4 6 5
23 6 -1 478 9 14 9 11 3 8 8 7 6 5 8 3 6 5 3 9 5 3 6 4 5
23 6 -1 478 9 14 9 12 2 9 6 8 6 6 7 3 6 4 8 5 5 4 5 4 5
23 6 -1 478 10 13 9 11 3 8 8 7 6 6 6 4 7 2 9 5 5 6 2 5 5
23 6 -1 478 10 13 11 7 5 9 7 7 5 9 3 5 5 6 5 7 5 2 6 5 5
23 6 -1 478 11 12 8 9 6 6 10 7 5 7 7 3 7 5 3 8 8 2 5 3 5
23 6 -1 478 11 12 9 9 5 7 9 7 5 7 7 3 6 6 2 9 7 1 6 4 5
23 6 -1 478 11 12 12 6 5 10 5 8 5 8 6 3 4 7 5 7 4 3 4 7 5
23 6 -1 478 12 11 8 9 6 7 7 9 6 5 8 3 7 6 3 7 6 8 3 1 5
23 6 -1 478 13 10 11 9 3 8 9 6 4 9 6 3 4 5 9 5 3 4 6 5 5
23 6 -1 479 10 13 9 9 5 8 7 8 6 6 6 4 7 3 8 5 5 8 0 5 5
23 6 -1 479 10 13 10 9 4 8 9 6 6 6 6 4 6 5 4 8 4 4 9 1 5
23 6 -1 479 11 12 10 8 5 7 11 5 6 6 5 5 7 3 5 8 4 6 6 2 5
23 6 -1 479 11 12 10 10 3 8 9 6 5 8 6 3 6 3 9 5 6 1 6 5 5
23 6 -1 479 11 12 11 8 4 8 10 5 6 6 5 5 6 4 4 9 3 5 7 3 5
23 6 -1 479 11 12 11 9 3 9 8 6 6 7 4 5 6 3 9 5 3 6 6 3 5
23 6 -1 479 12 11 11 7 5 9 6 8 6 5 8 3 5 7 2 9 3 7 4 4 5
23 6 -1 479 12 11 12 7 4 9 8 6 5 7 9 1 4 6 7 6 2 6 5 5 5
23 6 -1 479 13 10 12 7 4 9 7 7 4 9 6 3 3 7 7 6 2 5 5 6 5
23 6 -1 480 9 14 11 10 2 10 6 7 6 6 7 3 5 4 8 6 3 4 5 6 5
23 6 -1 480 10 13 12 6 5 9 9 5 5 9 6 2 5 5 8 5 4 4 4 6 5
23 6 -1 480 10 13 12 6 5 10 6 7 5 9 6 2 4 8 5 6 4 4 4 6 5
23 6 -1 480 11 12 8 12 3 8 6 9 5 8 6 3 6 6 6 5 8 1 6 3 5
23 6 -1 480 11 12 10 11 2 9 7 7 6 7 4 5 6 4 8 5 4 5 7 2 5
23 6 -1 480 11 12 12 7 4 10 6 7 5 9 5 3 4 8 4 7 4 4 3 7 5
23 6 -1 480 11 12 12 8 3 10 6 7 5 8 6 3 4 6 6 7 4 1 6 7 5
23 6 -1 480 13 10 10 11 2 8 8 7 5 6 9 2 5 4 8 6 4 3 7 4 5
23 6 -1 480 13 10 11 8 4 8 9 6 5 7 8 2 5 5 7 6 4 3 7 9 0
23 6 -1 480 13 10 11 9 3 8 9 6 5 6 9 2 5 3 9 6 3 4 6 5 5
23 6 -1 480 14 9 8 10 5 6 9 8 5 6 8 3 7 3 8 5 6 7 2 3 5
23 6 -1 480 14 9 9 9 5 6 10 7 4 7 10 1 5 6 5 7 5 5 4 4 5
23 6 -1 481 9 14 8 9 6 7 8 8 5 8 5 4 7 4 6 6 8 3 1 6 5
23 6 -1 481 9 14 12 7 4 10 7 6 6 7 6 3 5 6 4 8 4 2 7 5 5
23 6 -1 481 10 13 9 10 4 8 7 8 5 7 8 2 6 4 7 6 7 2 1 8 5
23 6 -1 481 10 13 12 8 3 10 7 6 5 9 6 2 4 7 6 6 4 2 6 6 5
23 6 -1 481 11 12 11 6 6 8 9 6 6 6 5 5 6 5 3 9 3 7 5 3 5
23 6 -1 481 12 11 10 6 7 7 9 7 4 9 7 2 5 7 4 7 6 4 2 6 5
23 6 -1 481 12 11 10 9 4 9 5 9 4 10 6 2 4 8 7 4 6 3 3 6 5
23 6 -1 481 12 11 12 6 5 8 10 5 5 7 6 4 5 3 8 7 2 5 6 5 5
23 6 -1 481 13 10 11 7 5 8 9 6 6 6 6 4 6 4 8 5 2 9 6 6 0
23 6 -1 481 13 10 11 10 2 8 10 5 5 7 8 2 5 4 8 6 3 5 5 5 5
23 6 -1 482 11 12 10 7 6 9 5 9 6 7 4 5 6 6 6 5 4 9 3 2 5
23 6 -1 482 11 12 10 10 3 9 6 8 6 5 9 2 5 7 3 8 4 4 8 2 5
23 6 -1 482 11 12 11 6 6 8 8 7 5 6 8 3 5 4 6 8 3 6 1 8 5
23 6 -1 482 11 12 11 7 5 10 4 9 6 7 4 5 5 7 5 6 3 8 4 3 5
23 6 -1 482 12 11 9 10 4 7 9 7 5 6 10 1 6 5 4 8 7 1 5 5 5
23 6 -1 482 12 11 11 8 4 8 9 6 4 9 7 2 4 7 4 8 5 1 5 7 5
23 6 -1 482 12 11 11 9 3 10 4 9 5 8 5 4 4 6 9 4 3 5 6 4 5
23 6 -1 482 13 10 11 7 5 9 5 9 4 9 6 3 3 9 5 6 3 6 4 5 5
23 6 -1 482 14 9 10 8 5 7 8 8 3 9 8 2 3 8 5 7 4 3 6 5 5
23 6 -1 483 8 15 10 9 4 9 7 7 6 6 8 2 6 5 4 8 6 2 3 7 5
23 6 -1 483 8 15 11 8 4 10 6 7 7 5 6 4 6 5 4 8 3 7 3 5 5
23 6 -1 483 8 15 11 9 3 10 6 7 6 7 4 5 5 5 6 7 3 4 6 5 5
23 6 -1 483 9 14 9 11 3 9 6 8 7 4 9 2 7 4 6 6 5 7 2 4 5
23 6 -1 483 9 14 10 7 6 8 8 7 5 8 5 4 6 4 6 7 6 3 1 8 5
23 6 -1 483 9 14 10 10 3 8 9 6 5 7 6 4 5 4 6 8 4 1 8 5 5
23 6 -1 483 10 13 10 9 4 8 9 6 5 9 3 5 6 4 7 6 6 1 7 4 5
23 6 -1 483 10 13 11 9 3 9 8 6 6 6 6 4 6 2 9 6 3 6 2 7 5
23 6 -1 483 11 12 9 7 7 7 8 8 5 7 7 3 6 7 1 9 7 3 4 4 5
23 6 -1 483 12 11 10 9 4 8 8 7 4 10 6 2 5 5 10 3 6 3 3 6 5
23 6 -1 483 12 11 11 7 5 9 6 8 4 10 6 2 4 7 8 4 5 4 2 7 5
23 6 -1 483 14 9 11 7 5 8 8 7 4 9 8 1 4 8 5 6 5 3 6 4 5
23 6 -1 484 8 15 11 7 5 10 5 8 6 7 4 5 5 6 5 7 3 6 4 5 5
23 6 -1 484 9 14 11 7 5 10 5 8 6 7 6 3 5 8 2 8 5 3 6 4 5
23 6 -1 484 9 14 11 9 3 9 9 5 6 7 6 3 6 4 6 7 5 1 8 4 5
23 6 -1 484 10 13 11 7 5 9 7 7 6 6 6 4 5 7 2 9 3 5 8 2 5
23 6 -1 484 10 13 11 8 4 9 8 6 7 4 8 3 6 5 4 8 2 8 5 8 0
23 6 -1 484 11 12 10 7 6 7 10 6 5 8 3 6 6 4 6 7 4 5 7 2 5
23 6 -1 484 11 12 12 9 2 10 7 6 5 9 5 3 4 7 5 7 4 2 5 7 5
23 6 -1 484 12 11 10 8 5 8 7 8 4 9 7 2 4 9 2 8 6 2 4 6 5
23 6 -1 484 12 11 11 9 3 8 10 5 5 7 9 1 5 4 9 5 3 5 6 4 5
23 6 -1 484 14 9 9 9 5 7 8 8 4 9 8 1 5 8 5 5 7 3 6 2 5
23 6 -1 484 14 9 10 6 7 7 8 8 4 9 5 4 5 7 4 7 6 3 6 3 5
23 6 0 462 10 13 10 8 5 8 8 7 5 8 5 4 5 6 5 7 5 3 5 5 5
23 6 0 462 11 12 10 9 4 8 8 7 5 7 8 2 5 5 7 6 5 3 4 6 5
23 6 0 462 13 10 10 8 5 8 7 8 5 8 5 4 5 7 5 6 5 5 5 3 5
23 6 0 463 10 13 10 9 4 8 9 6 6 6 7 3 6 5 4 8 5 4 4 5 5
23 6 0 466 12 11 10 9 4 7 10 6 5 6 8 3 5 4 7 7 3 5 6 4 5
23 6 0 466 13 10 9 8 6 7 8 8 5 8 5 4 6 6 6 5 6 6 4 2 5
23 6 0 466 13 10 11 8 4 8 9 6 5 8 5 4 5 5 7 6 4 4 6 4 5
23 6 0 467 11 12 9 11 3 8 7 8 5 7 8 2 5 6 6 6 6 2 5 5 5
23 6 0 467 12 11 9 11 3 7 9 7 5 6 8 3 5 5 6 7 4 4 7 3 5
23 6 0 467 13 10 9 10 4 7 9 7 5 8 5 4 6 5 7 5 6 4 6 2 5
23 6 0 468 11 12 11 8 4 9 7 7 6 6 6 4 5 5 7 6 2 8 4 4 5
23 6 0 468 12 11 11 7 5 8 8 7 5 6 8 3 4 6 5 8 2 6 5 5 5
23 6 0 468 13 10 11 6 6 8 8 7 5 8 5 4 5 6 6 6 4 6 4 4 5
23 6 0 469 13 10 10 8 5 7 10 6 5 8 5 4 6 4 8 5 5 5 5 3 5
23 6 0 470 10 13 10 7 6 8 8 7 6 6 7 3 6 6 3 8 5 6 2 5 5
23 6 0 470 10 13 10 10 3 9 7 7 6 7 6 3 6 4 9 4 5 5 3 5 5
23 6 0 470 12 11 9 8 6 7 8 8 5 7 7 3 6 5 6 6 6 6 0 6 5
23 6 0 471 10 13 11 6 6 8 9 6 5 8 5 4 5 5 6 7 4 4 4 6 5
23 6 0 471 10 13 11 8 4 10 5 8 6 7 6 3 5 6 7 5 4 6 2 6 5
23 6 0 471 11 12 11 7 5 9 6 8 5 7 8 2 4 7 5 7 4 4 3 7 5
23 6 0 472 10 13 10 8 5 9 6 8 6 7 6 3 6 5 8 4 5 7 1 5 5
23 6 0 472 10 13 10 10 3 10 4 9 6 7 6 3 5 7 6 5 5 5 3 5 5
23 6 0 472 10 13 11 7 5 8 10 5 6 6 7 3 6 4 5 8 4 5 3 6 5
23 6 0 472 11 12 10 9 4 9 5 9 5 7 8 2 4 8 4 7 5 3 4 6 5
23 6 0 472 11 12 11 7 5 8 10 5 6 7 5 4 6 5 5 7 4 5 7 2 5
23 6 0 472 11 12 11 9 3 9 7 7 5 7 8 2 4 6 6 7 4 2 5 7 5
23 6 0 473 12 11 11 9 3 8 9 6 5 6 8 3 4 5 6 8 2 4 7 5 5
23 6 0 473 13 10 12 6 5 9 7 7 5 8 5 4 4 7 5 7 3 5 5 5 5
23 6 0 474 9 14 11 8 4 9 8 6 6 6 8 2 5 6 4 8 4 3 6 5 5
23 6 0 474 10 13 11 8 4 9 7 7 6 5 8 3 5 5 4 9 4 2 6 6 5
23 6 0 474 10 13 11 9 3 9 8 6 6 6 7 3 5 6 3 9 4 3 5 6 5
23 6 0 474 10 13 11 10 2 10 6 7 6 7 6 3 5 5 8 5 4 4 4 6 5
23 6 0 474 11 12 9 10 4 8 7 8 6 5 10 1 6 6 4 7 6 5 2 5 5
23 6 0 475 10 13 10 10 3 8 9 6 5 8 5 4 5 5 6 7 5 1 7 5 5
23 6 0 475 11 12 8 11 4 8 5 10 5 7 8 2 5 8 4 6 7 3 4 4 5
23 6 0 475 11 12 11 10 2 9 8 6 6 6 6 4 5 4 8 6 2 6 6 4 5
23 6 0 475 12 11 9 10 4 7 9 7 6 4 10 2 6 5 4 8 4 7 4 3 5
23 6 0 475 12 11 10 8 5 7 10 6 5 7 7 3 6 3 8 6 5 5 1 7 5
23 6 0 475 12 11 12 7 4 9 8 6 5 8 6 3 4 6 7 6 3 3 8 4 5
23 6 0 476 10 13 10 8 5 7 11 5 5 8 5 4 6 3 8 6 5 3 5 5 5
23 6 0 476 10 13 11 7 5 9 7 7 6 6 7 3 5 7 2 9 4 5 3 6 5
23 6 0 476 10 13 11 8 4 8 10 5 5 8 5 4 5 4 7 7 4 2 6 6 5
23 6 0 476 11 12 10 10 3 9 6 8 7 3 9 3 6 4 6 7 3 7 5 3 5
23 6 0 476 12 11 8 10 5 6 10 7 5 7 7 3 7 3 8 5 7 5 1 5 5
23 6 0 476 12 11 11 8 4 9 7 7 6 6 8 2 5 6 7 5 3 7 4 9 0
23 6 0 476 13 10 10 6 7 7 9 7 5 8 5 4 6 5 7 5 5 7 3 3 5
23 6 0 477 11 12 8 9 6 6 10 7 6 5 7 4 8 2 6 7 7 5 2 4 5
23 6 0 477 11 12 10 7 6 7 10 6 6 5 7 4 7 2 6 8 5 5 2 6 5
23 6 0 477 11 12 10 8 5 8 8 7 6 5 10 1 6 5 5 7 5 6 1 6 5
23 6 0 477 11 12 10 10 3 8 9 6 6 5 10 1 6 4 6 7 5 4 3 6 5
23 6 0 477 11 12 12 8 3 10 6 7 6 6 6 4 4 6 6 7 1 7 5 5 5
23 6 0 477 14 9 9 9 5 6 10 7 4 8 7 3 5 6 5 7 6 2 7 3 5
23 6 0 477 15 8 9 8 6 6 10 7 5 7 7 3 6 6 6 5 5 7 6 5 0
23 6 0 478 10 13 10 7 6 7 11 5 6 6 7 3 7 3 6 7 5 6 2 5 5
23 6 0 478 11 12 11 7 5 9 7 7 6 7 5 4 5 8 2 8 4 5 7 2 5
23 6 0 478 11 12 12 7 4 9 8 6 5 7 8 2 4 5 7 7 3 3 4 8 5
23 6 0 478 12 11 10 10 3 8 9 6 6 6 8 2 6 4 9 4 4 6 5 8 0
23 6 0 478 12 11 11 9 3 9 7 7 5 8 6 3 4 7 6 6 4 2 9 3 5
23 6 0 479 10 13 10 9 4 8 8 7 5 7 6 4 5 3 10 5 3 6 2 7 5
23 6 0 479 10 13 10 10 3 8 9 6 6 5 8 3 6 3 6 8 5 1 7 5 5
23 6 0 479 10 13 12 6 5 9 8 6 5 8 5 4 4 6 5 8 3 3 5 7 5
23 6 0 479 11 12 8 10 5 7 8 8 6 5 10 1 7 5 5 6 7 6 1 4 5
23 6 0 479 11 12 10 8 5 7 11 5 6 6 6 4 7 3 5 8 5 6 1 6 5
23 6 0 479 11 12 10 8 5 8 8 7 5 8 7 2 5 7 5 6 6 2 5 10 0
23 6 0 479 11 12 12 7 4 9 9 5 6 7 5 4 5 6 4 8 3 4 8 3 5
23 6 0 479 12 11 10 7 6 7 9 7 4 9 5 4 5 4 9 5 5 4 2 7 5
23 6 0 479 12 11 10 8 5 9 5 9 6 6 8 2 5 8 5 5 4 8 3 8 0
23 6 0 479 12 11 10 11 2 9 6 8 6 5 9 2 5 5 8 5 3 7 4 4 5
23 6 0 479 13 10 10 7 6 7 9 7 4 9 7 2 5 6 6 6 7 1 4 6 5
23 6 0 479 13 10 12 6 5 8 10 5 5 8 5 4 5 4 8 6 3 5 5 5 5
23 6 0 479 13 10 12 7 4 9 8 6 5 8 8 1 4 7 7 5 3 6 4 5 5
23 6 0 479 14 9 10 7 6 6 11 6 4 8 7 3 5 5 6 7 5 3 6 4 5
23 6 0 479 15 8 10 9 4 7 9 7 5 6 8 3 5 5 7 6 3 7 6 2 5
23 6 0 480 10 13 10 11 2 8 10 5 6 6 7 3 6 4 5 8 5 2 6 5 5
23 6 0 480 10 13 11 6 6 9 6 8 5 8 5 4 4 8 3 8 4 4 4 6 5
23 6 0 480 10 13 11 7 5 9 7 7 7 4 6 5 6 4 5 8 2 8 5 3 5
23 6 0 480 10 13 11 8 4 9 8 6 6 7 6 3 6 3 10 4 4 6 2 6 5
23 6 0 480 10 13 12 8 3 10 7 6 6 7 6 3 5 4 9 5 3 5 3 7 5
23 6 0 480 11 12 8 11 4 6 10 7 5 5 10 2 6 3 7 7 5 5 2 6 5
23 6 0 480 11 12 9 11 3 7 10 6 5 7 8 2 6 3 9 5 6 2 5 5 5
23 6 0 480 11 12 11 5 7 8 9 6 6 7 5 4 6 6 4 7 4 7 5 2 5
23 6 0 480 11 12 11 9 3 9 7 7 5 8 4 5 4 5 9 5 2 5 7 4 5
23 6 0 480 12 11 10 9 4 9 5 9 5 8 6 3 4 9 4 6 5 3 8 2 5
23 6 0 480 13 10 10 6 7 8 6 9 5 8 5 4 5 8 4 6 5 7 3 3 5
23 6 0 480 14 9 9 8 6 6 10 7 5 6 9 2 6 6 3 8 6 5 4 3 5
23 6 0 481 9 14 10 10 3 8 10 5 6 6 8 2 6 4 6 7 5 2 7 4 5
23 6 0 481 9 14 10 10 3 9 7 7 6 6 8 2 5 7 3 8 5 2 7 4 5
23 6 0 481 10 13 9 11 3 8 8 7 7 4 6 5 7 3 6 7 4 6 7 1 5
23 6 0 481 10 13 10 9 4 8 9 6 7 4 6 5 7 2 7 7 3 7 6 2 5
23 6 0 481 11 12 9 10 4 7 10 6 6 5 10 1 7 3 7 6 6 5 2 5 5
23 6 0 481 11 12 11 8 4 9 7 7 6 5 10 1 5 6 4 8 4 5 2 7 5
23 6 0 481 11 12 11 9 3 9 8 6 7 4 8 3 6 4 6 7 2 9 3 4 5
23 6 0 481 12 11 9 11 3 8 7 8 6 5 9 2 6 4 9 4 4 8 3 3 5
23 6 0 481 12 11 10 9 4 7 11 5 6 5 9 2 6 5 4 8 4 5 6 8 0
23 6 0 481 12 11 10 9 4 9 5 9 6 5 9 2 5 6 7 5 3 9 2 4 5
23 6 0 481 12 11 11 6 6 8 8 7 5 7 7 3 5 5 6 7 4 6 0 8 5
23 6 0 481 13 10 9 9 5 7 8 8 4 9 7 2 5 7 5 6 8 0 5 5 5
23 6 0 481 13 10 10 10 3 8 7 8 5 5 11 1 4 6 6 7 3 5 5 5 5
23 6 0 482 9 14 10 8 5 9 6 8 5 9 5 3 5 7 5 6 7 1 3 7 5
23 6 0 482 10 13 10 9 4 7 12 4 6 6 7 3 7 2 7 7 5 4 4 5 5
23 6 0 482 10 13 11 9 3 9 8 6 7 4 6 5 6 3 6 8 2 6 7 3 5
23 6 0 482 11 12 8 12 3 7 9 7 6 5 10 1 7 4 6 6 7 4 3 4 5
23 6 0 482 11 12 9 12 2 8 8 7 6 5 10 1 6 5 5 7 6 3 4 5 5
23 6 0 482 11 12 10 10 3 9 6 8 6 5 10 1 5 7 3 8 5 4 3 6 5
23 6 0 482 11 12 10 11 2 8 9 6 5 7 8 2 5 4 8 6 5 1 6 6 5
23 6 0 482 11 12 12 5 6 9 8 6 6 7 5 4 5 7 3 8 3 6 6 3 5
23 6 0 482 12 11 9 11 3 8 7 8 5 8 6 3 5 7 6 5 6 2 9 1 5
23 6 0 482 14 9 11 7 5 7 10 6 4 8 7 3 4 6 5 8 4 2 7 5 5
23 6 0 482 15 8 9 9 5 7 7 9 5 6 8 3 5 7 5 6 4 8 5 1 5
23 6 0 483 8 15 12 7 4 10 8 5 7 6 6 3 6 4 7 6 3 6 4 5 5
23 6 0 483 9 14 9 8 6 7 9 7 5 7 7 3 6 4 6 7 6 4 0 8 5
23 6 0 483 9 14 10 11 2 9 7 7 6 5 9 2 5 4 8 6 3 5 4 6 5
23 6 0 483 9 14 12 7 4 10 7 6 6 8 3 5 5 5 7 6 3 5 4 6 5
23 6 0 483 10 13 10 12 1 10 5 8 6 7 6 3 5 6 7 5 5 3 5 5 5
23 6 0 483 10 13 12 8 3 11 4 8 6 7 6 3 4 7 6 6 3 5 3 7 5
23 6 0 483 11 12 8 10 5 6 10 7 5 6 9 2 6 6 2 9 7 2 5 4 5
23 6 0 483 11 12 11 6 6 8 9 6 5 8 7 2 5 7 3 8 6 1 6 5 5
23 6 0 483 11 12 11 9 3 9 8 6 6 7 5 4 5 7 3 8 4 3 9 2 5
23 6 0 483 11 12 12 7 4 9 9 5 6 7 5 4 5 5 7 6 2 6 6 9 0
23 6 0 483 12 11 10 7 6 7 10 6 6 5 9 2 6 6 3 8 4 7 4 8 0
23 6 0 483 12 11 11 9 3 9 7 7 6 5 9 2 5 4 9 5 2 8 3 5 5
23 6 0 483 14 9 10 8 5 7 9 7 6 4 8 4 6 4 5 8 3 7 7 1 5
23 6 0 483 14 9 11 8 4 8 8 7 4 9 6 3 4 5 10 4 4 3 6 5 5
23 6 0 484 8 15 10 8 5 9 7 7 7 6 3 6 7 4 5 7 5 5 5 3 5
23 6 0 484 9 14 9 10 4 7 10 6 5 7 7 3 6 3 7 7 6 2 2 8 5
23 6 0 484 9 14 9 10 4 8 8 7 5 9 5 3 6 5 7 5 8 0 4 6 5
23 6 0 484 9 14 10 8 5 8 9 6 7 4 7 4 7 4 2 10 5 4 5 4 5
23 6 0 484 10 13 11 9 3 10 5 8 5 9 4 4 4 6 9 4 4 3 5 6 5
23 6 0 484 11 12 9 10 4 7 10 6 5 8 7 2 6 5 7 5 7 1 6 9 0
23 6 0 484 11 12 11 6 6 7 11 5 5 7 5 5 5 4 6 8 2 6 6 4 5
23 6 0 484 11 12 11 9 3 8 10 5 5 7 8 2 5 3 9 6 4 2 5 7 5
23 6 0 484 12 11 9 11 3 9 4 10 6 5 9 2 5 7 6 5 4 8 3 3 5
23 6 0 484 12 11 11 10 2 9 8 6 6 6 8 2 5 5 8 5 3 5 6 9 0
23 6 0 484 13 10 9 10 4 7 8 8 4 8 8 2 5 4 10 4 6 3 2 7 5
23 6 0 484 13 10 10 8 5 7 10 6 6 5 8 3 6 5 5 7 3 8 7 0 5
23 6 0 484 13 10 11 8 4 8 9 6 6 5 8 3 5 5 7 6 1 9 6 7 0
23 6 0 484 14 9 10 9 4 7 10 6 6 5 7 4 6 5 4 8 3 8 6 1 5
23 6 0 484 14 9 10 10 3 8 7 8 4 9 6 3 4 6 9 4 5 2 7 4 5
23 6 2 464 13 10 10 9 4 8 7 8 5 7 8 2 4 7 7 5 4 5 5 4 5
23 6 2 465 12 11 11 7 5 8 9 6 6 6 7 3 5 6 5 7 3 7 4 4 5
23 6 2 466 11 12 10 8 5 8 8 7 5 9 5 3 5 6 8 4 6 3 4 5 5
23 6 2 467 10 13 11 7 5 9 7 7 6 7 5 4 5 6 5 7 5 2 6 5 5
23 6 2 468 12 11 11 8 4 8 9 6 5 8 5 4 4 6 7 6 3 4 7 4 5
23 6 2 468 12 11 11 9 3 8 10 5 6 6 7 3 5 5 6 7 3 5 6 4 5
23 6 2 468 13 10 10 7 6 7 9 7 6 5 7 4 6 4 6 7 4 7 3 4 5
23 6 2 469 12 11 10 10 3 8 8 7 6 5 8 3 5 5 6 7 4 3 8 3 5
23 6 2 469 12 11 11 6 6 8 8 7 5 8 5 4 4 7 6 6 3 6 5 4 5
23 6 2 470 11 12 10 8 5 7 10 6 5 7 7 3 5 4 8 6 4 5 2 7 5
23 6 2 470 11 12 11 8 4 9 7 7 5 9 5 3 4 7 7 5 5 2 5 6 5
23 6 2 471 11 12 11 8 4 8 9 6 5 7 7 3 4 5 7 7 3 4 3 8 5
23 6 2 471 12 11 11 8 4 9 6 8 6 5 8 3 4 7 4 8 3 4 7 4 5
23 6 2 471 13 10 8 9 6 6 9 8 6 5 7 4 7 4 6 6 6 7 3 2 5
23 6 2 472 9 14 9 10 4 8 8 7 7 5 5 5 7 3 7 6 5 6 3 4 5
23 6 2 472 10 13 10 9 4 8 9 6 6 7 5 4 6 4 7 6 6 1 7 4 5
23 6 2 472 11 12 11 8 4 9 7 7 6 6 8 2 4 8 4 7 3 5 7 3 5
23 6 2 472 12 11 11 9 3 9 7 7 6 6 7 3 4 8 3 8 3 5 6 4 5
23 6 2 472 14 9 10 8 5 7 9 7 5 7 7 3 5 5 8 5 4 7 2 5 5
23 6 2 473 9 14 9 9 5 8 7 8 6 6 7 3 6 5 5 7 7 2 2 7 5
23 6 2 473 10 13 10 9 4 9 6 8 6 7 5 4 5 7 4 7 6 1 7 4 5
23 6 2 473 12 11 12 7 4 9 8 6 6 6 7 3 4 7 4 8 2 6 5 5 5
23 6 2 473 13 10 9 11 3 8 6 9 5 7 8 2 4 8 6 5 5 4 6 3 5
23 6 2 474 10 13 10 10 3 9 7 7 6 7 8 1 5 7 6 5 6 2 6 4 5
23 6 2 474 11 12 10 8 5 9 5 9 5 9 5 3 4 9 5 5 6 3 4 5 5
23 6 2 474 11 12 11 7 5 8 9 6 6 6 5 5 5 5 5 8 3 4 8 3 5
23 6 2 474 12 11 10 7 6 8 7 8 5 9 4 4 5 7 6 5 6 5 1 6 5
23 6 2 474 13 10 10 10 3 8 8 7 6 5 10 1 5 6 6 6 4 6 4 4 5
23 6 2 475 10 13 10 9 4 9 6 8 7 4 8 3 6 4 7 6 4 7 1 6 5
23 6 2 475 11 12 10 7 6 7 10 6 5 8 6 3 5 7 3 8 6 2 5 5 5
23 6 2 475 11 12 10 8 5 8 8 7 7 4 7 4 6 6 2 9 4 6 6 2 5
23 6 2 475 11 12 10 9 4 8 8 7 6 5 9 2 5 6 4 8 4 6 1 7 5
23 6 2 475 11 12 11 6 6 9 6 8 5 9 5 3 4 8 6 5 5 4 3 6 5
23 6 2 475 12 11 10 8 5 7 10 6 5 7 9 1 5 6 5 7 6 2 4 6 5
23 6 2 475 13 10 9 11 3 7 9 7 5 7 8 2 5 5 9 4 5 4 6 3 5
23 6 2 475 13 10 10 8 5 8 7 8 5 8 7 2 4 9 5 5 5 4 6 8 0
23 6 2 475 13 10 11 9 3 9 6 8 5 7 8 2 3 8 6 6 3 4 6 5 5
23 6 2 476 10 13 12 6 5 9 9 5 6 8 4 4 5 6 5 7 4 4 4 6 5
23 6 2 476 11 12 9 8 6 7 9 7 7 4 7 4 7 5 3 8 5 7 5 1 5
23 6 2 476 12 11 11 7 5 8 9 6 5 9 4 4 5 5 8 5 5 4 2 7 5
23 6 2 476 13 10 9 8 6 6 10 7 4 9 6 3 5 6 6 6 7 2 3 6 5
23 6 2 476 13 10 9 8 6 6 10 7 5 6 9 2 5 7 3 8 5 5 5 3 5
23 6 2 476 13 10 11 9 3 8 9 6 5 7 8 2 4 5 9 5 3 4 6 5 5
23 6 2 476 14 9 10 10 3 7 10 6 5 7 7 3 5 4 9 5 4 5 4 5 5
23 6 2 477 10 13 10 10 3 8 9 6 6 5 10 1 5 5 6 7 4 4 4 6 5
23 6 2 477 11 12 9 10 4 7 10 6 7 4 7 4 7 4 4 8 5 5 7 1 5
23 6 2 477 11 12 10 10 3 9 6 8 5 9 5 3 4 8 6 5 6 1 6 5 5
23 6 2 477 13 10 9 9 5 6 11 6 5 7 8 2 6 5 5 7 7 3 2 6 5
23 6 2 477 13 10 9 9 5 6 11 6 6 5 7 4 7 2 8 6 5 6 4 3 5
23 6 2 477 13 10 9 10 4 7 9 7 6 5 10 1 6 5 7 5 5 7 3 3 5
23 6 2 477 13 10 12 7 4 9 7 7 5 7 8 2 3 7 7 6 2 5 5 6 5
23 6 2 477 14 9 9 8 6 7 7 9 5 7 7 3 5 7 6 5 5 8 1 4 5
23 6 2 478 9 14 11 8 4 9 8 6 7 5 5 5 6 3 7 7 3 6 3 6 5
23 6 2 478 10 13 8 11 4 8 6 9 7 4 8 3 7 4 7 5 6 7 1 4 5
23 6 2 478 11 12 12 6 5 9 8 6 5 9 5 3 4 6 8 5 4 3 4 7 5
23 6 2 478 12 11 8 10 5 6 10 7 5 7 9 1 6 6 5 6 8 2 4 4 5
23 6 2 478 12 11 9 8 6 7 8 8 5 7 9 1 5 8 3 7 7 3 3 5 5
23 6 2 478 12 11 9 10 4 7 9 7 5 7 9 1 5 7 4 7 7 1 5 5 5
23 6 2 478 12 11 11 10 2 10 5 8 6 7 6 3 4 7 8 4 3 6 5 4 5
23 6 2 478 12 11 12 6 5 9 7 7 5 8 5 4 3 8 5 7 2 5 6 5 5
23 6 2 478 13 10 10 11 2 8 8 7 5 7 8 2 4 6 8 5 4 3 7 4 5
23 6 2 478 14 9 10 9 4 7 9 7 5 6 8 3 4 6 7 6 2 7 7 2 5
23 6 2 479 8 15 11 9 3 10 6 7 7 5 6 4 5 5 6 7 3 4 6 5 5
23 6 2 479 10 13 8 11 4 6 11 6 6 5 7 4 7 2 7 7 6 3 5 4 5
23 6 2 479 10 13 10 9 4 7 11 5 6 5 7 4 6 2 7 8 4 3 5 6 5
23 6 2 479 10 13 10 11 2 9 7 7 7 4 8 3 6 3 8 6 4 5 3 6 5
23 6 2 479 10 13 11 9 3 9 7 7 5 7 8 2 3 7 6 7 3 2 6 7 5
23 6 2 479 11 12 10 8 5 7 11 5 7 4 7 4 7 3 5 8 4 6 6 2 5
23 6 2 479 11 12 11 6 6 8 8 7 5 7 7 3 4 6 6 7 3 6 1 8 5
23 6 2 479 12 11 10 9 4 9 5 9 5 8 8 1 4 8 7 4 6 3 3 6 5
23 6 2 479 12 11 11 8 4 9 7 7 6 7 6 3 5 5 10 3 3 8 3 4 5
23 6 2 479 13 10 10 8 5 7 10 6 5 8 7 2 5 7 5 6 6 2 8 2 5
23 6 2 479 13 10 10 9 4 7 9 7 5 5 10 2 4 5 7 7 2 7 3 6 5
23 6 2 480 9 14 9 8 6 8 7 8 7 5 5 5 7 4 6 6 5 8 1 4 5
23 6 2 480 10 13 9 10 4 8 7 8 5 8 7 2 5 6 7 5 7 2 1 8 5
23 6 2 480 11 12 10 10 3 8 9 6 5 9 5 3 5 5 9 4 6 1 6 5 5
23 6 2 480 12 11 8 11 4 7 7 9 5 6 10 1 5 6 7 5 6 5 1 6 5
23 6 2 480 12 11 11 7 5 9 6 8 6 6 7 3 4 9 2 8 3 7 4 4 5
23 6 2 480 12 11 12 6 5 8 10 5 5 8 5 4 4 5 8 6 2 5 6 5 5
23 6 2 480 12 11 12 8 3 9 8 6 6 5 8 3 4 5 6 8 2 3 8 5 5
23 6 2 480 12 11 12 8 3 10 6 7 6 7 6 3 4 6 9 4 2 7 4 5 5
23 6 2 480 13 10 10 8 5 8 7 8 6 5 10 1 5 7 5 6 4 8 2 4 5
23 6 2 480 13 10 11 7 5 9 5 9 5 7 8 2 3 9 5 6 3 6 4 5 5
23 6 2 480 13 10 11 8 4 8 9 6 6 5 10 1 5 5 7 6 3 7 3 5 5
23 6 2 481 10 13 10 8 5 9 6 8 7 6 3 6 6 6 5 6 4 7 6 1 5
23 6 2 481 10 13 11 8 4 10 5 8 6 7 8 1 4 9 4 6 5 3 5 5 5
23 6 2 481 10 13 11 9 3 9 8 6 6 7 5 4 5 5 6 7 5 0 8 5 5
23 6 2 481 11 12 8 10 5 7 8 8 7 4 7 4 7 6 2 8 6 6 6 0 5
23 6 2 481 11 12 10 9 4 8 8 7 7 3 8 4 6 3 7 7 2 9 3 4 5
23 6 2 481 11 12 10 10 3 7 11 5 5 7 7 3 5 3 9 6 4 3 4 7 5
23 6 2 481 11 12 10 10 3 8 9 6 7 4 7 4 6 5 3 9 4 4 8 2 5
23 6 2 481 11 12 11 6 6 8 9 6 7 4 7 4 6 5 3 9 3 7 5 3 5
23 6 2 481 11 12 11 9 3 8 9 6 5 6 8 3 3 6 6 8 1 4 8 5 5
23 6 2 481 11 12 12 8 3 9 9 5 6 6 8 2 4 6 6 7 2 4 8 4 5
23 6 2 481 12 11 11 8 4 10 4 9 6 7 6 3 4 8 7 4 3 8 3 4 5
23 6 2 481 12 11 12 9 2 9 9 5 6 6 7 3 4 6 5 8 2 4 7 5 5
23 6 2 481 13 10 8 9 6 6 9 8 5 7 8 2 6 7 3 7 8 4 1 5 5
23 6 2 481 13 10 9 10 4 8 6 9 6 5 10 1 5 8 4 6 5 7 3 3 5
23 6 2 481 14 9 10 7 6 7 8 8 4 9 5 4 4 6 9 4 4 6 3 5 5
23 6 2 482 9 14 10 9 4 8 9 6 6 6 7 3 6 3 7 7 6 1 3 8 5
23 6 2 482 10 13 8 11 4 8 6 9 6 7 5 4 6 7 4 6 8 1 7 2 5
23 6 2 482 10 13 9 11 3 8 8 7 6 7 5 4 6 5 6 6 7 0 8 3 5
23 6 2 482 10 13 9 11 3 8 8 7 7 4 8 3 7 2 9 5 5 6 2 5 5
23 6 2 482 10 13 12 7 4 9 9 5 6 7 5 4 5 4 7 7 4 1 7 6 5
23 6 2 482 10 13 12 8 3 10 7 6 6 7 8 1 4 7 6 6 4 2 6 6 5
23 6 2 482 12 11 9 10 4 7 9 7 5 8 5 4 6 3 10 4 7 1 5 5 5
23 6 2 482 12 11 10 9 4 8 7 8 5 6 10 1 4 6 7 6 4 5 1 8 5
23 6 2 482 12 11 12 8 3 9 8 6 5 8 5 4 3 7 6 7 2 3 8 5 5
23 6 2 482 13 10 10 7 6 7 9 7 5 7 8 2 5 7 3 8 6 4 1 7 5
23 6 2 482 13 10 11 7 5 7 11 5 5 8 4 5 5 4 8 6 3 6 4 5 5
23 6 2 482 13 10 11 7 5 7 11 5 6 5 7 4 6 2 8 7 3 6 4 5 5
23 6 2 482 13 10 11 8 4 8 9 6 5 8 7 2 4 7 7 5 4 3 7 9 0
23 6 2 483 9 14 8 11 4 7 9 7 6 6 7 3 7 3 7 6 8 1 3 6 5
23 6 2 483 9 14 10 8 5 8 9 6 7 5 5 5 7 2 8 6 4 7 2 5 5
23 6 2 483 10 13 11 8 4 9 8 6 7 6 3 6 6 4 7 6 3 6 7 2 5
23 6 2 483 11 12 8 11 4 7 8 8 7 3 8 4 7 3 7 6 4 9 3 2 5
23 6 2 483 11 12 9 9 5 7 9 7 6 5 9 2 6 6 2 9 7 1 6 4 5
23 6 2 483 12 11 9 11 3 8 7 8 5 8 8 1 5 6 9 3 7 2 4 5 5
23 6 2 483 12 11 11 9 3 9 7 7 5 8 8 1 4 6 9 4 5 2 4 7 5
23 6 2 483 13 10 9 12 2 8 7 8 6 5 10 1 5 7 5 6 5 5 5 3 5
23 6 2 483 15 8 11 8 4 8 8 7 5 8 5 4 4 7 7 5 3 6 7 2 5
23 6 2 484 9 14 11 7 5 9 7 7 6 6 7 3 5 5 5 8 5 2 2 9 5
23 6 2 484 10 13 11 8 4 9 7 7 6 5 10 1 4 7 4 8 3 5 3 7 5
23 6 2 484 10 13 12 7 4 10 6 7 6 7 5 4 4 7 4 8 4 1 7 6 5
23 6 2 484 10 13 12 8 3 9 10 4 6 8 4 4 5 5 6 7 4 2 6 6 5
23 6 2 484 11 12 10 9 4 7 10 6 4 9 5 4 4 4 10 5 4 2 5 7 5
23 6 2 484 11 12 10 9 4 7 11 5 5 8 6 3 5 6 4 8 6 0 7 5 5
23 6 2 484 11 12 11 8 4 8 10 5 5 9 5 3 5 4 10 4 5 2 5 6 5
23 6 2 484 12 11 11 7 5 7 12 4 6 6 7 3 6 3 8 6 3 7 4 4 5
23 6 2 484 12 11 11 8 4 8 9 6 5 8 5 4 5 3 10 5 5 1 5 7 5
23 6 2 484 13 10 11 6 6 8 8 7 5 8 7 2 4 9 3 7 5 3 7 3 5
23 6 2 484 13 10 11 10 2 9 7 7 6 5 10 1 4 7 5 7 3 5 5 5 5
23 6 2 484 15 8 8 9 6 5 10 8 4 7 9 2 5 6 6 6 6 5 3 4 5
23 6 2 484 15 8 10 7 6 7 8 8 4 9 7 2 4 8 6 5 6 3 5 4 5
23 6 3 460 13 10 10 9 4 8 7 8 6 5 8 3 5 5 7 6 4 5 5 4 5
23 6 3 461 12 11 10 9 4 8 8 7 6 6 8 2 5 6 7 5 4 6 5 3 5
23 6 3 461 13 10 10 10 3 8 8 7 6 6 7 3 5 6 6 6 4 6 4 4 5
23 6 3 465 10 13 11 8 4 9 8 6 6 8 5 3 5 6 7 5 5 3 5 5 5
23 6 3 467 12 11 10 8 5 7 10 6 5 8 6 3 5 6 5 7 6 2 4 6 5
23 6 3 467 12 11 11 9 3 9 7 7 6 6 8 2 4 7 6 6 3 5 6 4 5
23 6 3 467 13 10 10 8 5 8 7 8 6 6 7 3 5 7 5 6 4 8 2 4 5
23 6 3 467 13 10 11 8 4 8 9 6 6 6 7 3 5 5 7 6 3 7 3 5 5
23 6 3 468 12 11 11 6 6 8 8 7 6 6 5 5 5 5 6 7 3 6 5 4 5
23 6 3 469 10 13 11 6 6 9 7 7 6 8 5 3 5 7 6 5 5 5 3 5 5
23 6 3 469 13 10 11 7 5 8 8 7 5 8 5 4 4 6 8 5 3 6 4 5 5
23 6 3 470 12 11 9 8 6 7 8 8 5 8 6 3 5 8 3 7 7 3 3 5 5
23 6 3 470 12 11 10 8 5 7 10 6 6 6 5 5 6 3 8 6 4 5 6 3 5
23 6 3 471 10 13 11 8 4 9 7 7 6 6 7 3 4 7 4 8 3 5 3 7 5
23 6 3 471 11 12 11 8 4 9 7 7 7 4 8 3 5 6 4 8 3 5 7 3 5
23 6 3 471 12 11 9 8 6 6 11 6 5 8 6 3 6 5 6 6 7 3 3 5 5
23 6 3 471 12 11 11 7 5 9 6 8 6 6 8 2 4 8 5 6 3 7 4 4 5
23 6 3 471 14 9 9 9 5 6 10 7 5 6 9 2 5 6 5 7 5 5 4 4 5
23 6 3 472 12 11 11 8 4 8 8 7 5 6 8 3 3 6 7 7 1 6 5 6 5
23 6 3 472 12 11 12 7 4 9 8 6 6 6 8 2 4 6 7 6 2 6 5 5 5
23 6 3 473 10 13 11 7 5 8 9 6 5 8 5 4 4 5 8 6 3 4 4 7 5
23 6 3 473 10 13 11 8 4 8 10 5 6 6 7 3 5 4 7 7 3 5 3 7 5
23 6 3 473 11 12 10 10 3 8 8 7 5 7 8 2 4 5 9 5 4 3 4 7 5
23 6 3 473 12 11 10 9 4 9 5 9 6 6 8 2 4 9 4 6 4 6 5 3 5
23 6 3 473 13 10 10 7 6 8 6 9 5 8 5 4 4 8 6 5 4 7 3 4 5
23 6 3 473 13 10 12 7 4 9 7 7 6 5 8 3 4 5 7 7 2 5 5 6 5
23 6 3 473 13 10 12 8 3 9 8 6 6 6 7 3 4 6 6 7 2 6 4 6 5
23 6 3 474 9 14 9 9 5 7 10 6 7 4 7 4 7 3 5 8 5 5 4 4 5
23 6 3 474 9 14 10 9 4 8 9 6 7 4 7 4 6 4 4 9 4 4 5 5 5
23 6 3 474 11 12 12 6 5 9 8 6 6 7 5 4 4 7 5 7 2 6 6 4 5
23 6 3 474 12 11 9 9 5 8 6 9 5 9 5 3 5 7 8 3 7 4 2 5 5
23 6 3 474 13 10 10 8 5 7 10 6 6 6 7 3 6 4 8 5 4 8 2 4 5
23 6 3 475 9 14 8 11 4 7 9 7 7 4 7 4 7 4 4 8 6 4 5 3 5
23 6 3 475 9 14 10 10 3 9 7 7 7 5 6 4 6 3 9 5 4 5 4 5 5
23 6 3 475 9 14 11 8 4 10 5 8 7 5 6 4 5 5 7 6 3 6 3 6 5
23 6 3 475 11 12 9 8 6 7 9 7 6 6 9 1 6 7 3 7 7 4 3 4 5
23 6 3 475 11 12 10 7 6 7 10 6 6 6 6 4 6 5 3 9 6 2 5 5 5
23 6 3 475 11 12 10 10 3 8 9 6 7 4 8 3 6 4 6 7 4 4 8 2 5
23 6 3 475 11 12 11 7 5 8 9 6 5 8 7 2 4 7 5 7 5 1 6 6 5
23 6 3 475 12 11 10 6 7 7 9 7 5 8 6 3 5 7 4 7 6 4 2 6 5
23 6 3 475 12 11 10 9 4 9 5 9 5 9 5 3 4 8 7 4 6 3 3 6 5
23 6 3 475 12 11 11 8 4 8 10 5 6 7 7 2 5 6 7 5 4 4 7 8 0
23 6 3 475 13 10 9 9 5 7 8 8 5 7 9 1 5 7 5 6 7 3 2 6 5
23 6 3 475 13 10 9 11 3 7 9 7 6 5 8 3 6 3 9 5 5 4 6 3 5
23 6 3 475 13 10 10 7 6 7 9 7 5 8 5 4 5 5 9 4 4 7 3 4 5
23 6 3 475 13 10 11 9 3 8 9 6 5 8 5 4 4 5 9 5 3 4 6 5 5
23 6 3 476 9 14 11 9 3 9 8 6 6 6 8 2 4 6 6 7 3 3 6 6 5
23 6 3 476 10 13 9 10 4 8 7 8 7 3 10 2 6 5 4 8 5 5 3 5 5
23 6 3 476 10 13 11 8 4 10 5 8 6 8 5 3 4 9 4 6 5 3 5 5 5
23 6 3 476 10 13 12 6 5 9 9 5 6 8 5 3 5 5 8 5 4 4 4 6 5
23 6 3 476 10 13 12 6 5 10 6 7 6 8 5 3 4 8 5 6 4 4 4 6 5
23 6 3 476 11 12 9 10 4 7 10 6 6 6 9 1 6 6 4 7 7 2 5 4 5
23 6 3 476 11 12 9 11 3 8 7 8 6 5 10 1 5 6 6 6 5 5 2 6 5
23 6 3 476 11 12 11 8 4 9 6 8 5 7 8 2 3 7 7 6 3 4 3 8 5
23 6 3 476 12 11 10 10 3 7 10 6 5 6 8 3 4 4 9 6 2 5 6 5 5
23 6 3 476 12 11 10 11 2 8 9 6 6 6 8 2 5 5 8 5 4 4 7 3 5
23 6 3 476 13 10 10 8 5 6 12 5 5 7 6 4 5 5 5 8 4 4 6 4 5
23 6 3 476 13 10 10 9 4 7 10 6 5 8 5 4 5 4 10 4 4 5 5 4 5
23 6 3 476 13 10 11 9 3 8 9 6 6 5 8 3 5 3 9 6 3 4 6 5 5
23 6 3 476 14 9 10 10 3 8 7 8 5 7 8 2 4 6 9 4 4 5 4 5 5
23 6 3 477 10 13 12 8 3 10 7 6 6 8 5 3 4 7 6 6 4 2 6 6 5
23 6 3 477 11 12 8 9 6 6 10 7 6 6 6 4 7 5 3 8 8 2 5 3 5
23 6 3 477 11 12 12 7 4 9 9 5 7 5 7 3 5 6 4 8 2 7 5 4 5
23 6 3 477 12 11 10 9 4 8 8 7 5 9 5 3 5 5 10 3 6 3 3 6 5
23 6 3 477 12 11 10 11 2 9 6 8 6 6 8 2 4 8 5 6 4 4 7 3 5
23 6 3 477 12 11 11 7 5 9 6 8 5 9 5 3 4 7 8 4 5 4 2 7 5
23 6 3 477 12 11 11 8 4 9 7 7 6 7 7 2 4 9 4 6 4 4 7 8 0
23 6 3 477 12 11 11 9 3 8 10 5 6 6 8 2 5 4 9 5 3 5 6 4 5
23 6 3 477 13 10 11 10 2 8 10 5 6 6 7 3 5 4 8 6 3 5 5 5 5
23 6 3 478 8 15 9 9 5 8 8 7 7 5 7 3 7 4 5 7 7 3 2 6 5
23 6 3 478 9 14 10 7 6 8 8 7 7 4 7 4 6 5 3 9 4 6 3 5 5
23 6 3 478 11 12 9 12 2 8 7 8 5 7 8 2 4 6 8 5 5 2 5 6 5
23 6 3 478 11 12 10 8 5 8 8 7 6 6 9 1 5 8 2 8 6 3 4 5 5
23 6 3 478 14 9 9 9 5 7 8 8 5 8 7 2 5 7 8 3 6 5 4 8 0
23 6 3 479 9 14 9 12 2 9 6 8 7 5 6 4 6 4 8 5 5 4 5 4 5
23 6 3 479 10 13 10 7 6 8 8 7 6 8 2 6 6 5 6 6 6 3 5 4 5
23 6 3 479 11 12 9 7 7 6 11 6 6 6 6 4 7 4 4 8 7 3 4 4 5
23 6 3 479 11 12 10 9 4 8 8 7 5 8 7 2 4 8 4 7 6 0 7 5 5
23 6 3 479 11 12 10 9 4 8 8 7 6 5 10 1 5 5 7 6 4 6 1 7 5
23 6 3 479 11 12 12 8 3 9 9 5 6 7 5 4 4 6 6 7 2 4 8 4 5
23 6 3 479 12 11 9 11 3 8 7 8 5 9 5 3 5 6 9 3 7 2 4 5 5
23 6 3 479 12 11 11 6 6 7 11 5 5 8 6 3 5 5 6 7 5 3 3 7 5
23 6 3 479 12 11 11 6 6 8 8 7 5 8 6 3 4 8 3 8 5 3 3 7 5
23 6 3 479 12 11 11 9 3 9 7 7 5 9 5 3 4 6 9 4 5 2 4 7 5
23 6 3 479 13 10 10 10 3 7 11 5 6 6 7 3 6 3 9 5 4 6 4 4 5
23 6 3 479 14 9 9 10 4 8 5 10 5 7 8 2 4 8 7 4 5 6 3 4 5
23 6 3 479 14 9 10 8 5 6 11 6 4 8 7 3 4 5 8 6 4 3 6 5 5
23 6 3 479 14 9 10 8 5 8 6 9 5 7 8 2 4 7 8 4 4 7 2 5 5
23 6 3 480 9 14 10 10 3 9 7 7 6 7 7 2 5 6 6 6 6 2 2 8 5
23 6 3 480 10 13 11 6 6 8 9 6 6 6 7 3 5 5 6 7 3 7 1 7 5
23 6 3 480 10 13 11 8 4 9 7 7 7 4 6 5 5 4 7 7 1 8 5 4 5
23 6 3 480 11 12 10 10 3 9 6 8 7 4 8 3 5 7 3 8 4 4 8 2 5
23 6 3 480 12 11 10 7 6 8 7 8 5 9 5 3 5 6 9 3 6 5 1 6 5
23 6 3 480 12 11 10 9 4 7 10 6 5 7 7 3 4 7 4 8 4 2 9 3 5
23 6 3 480 13 10 10 6 7 6 11 6 5 7 6 4 5 6 4 8 4 6 4 4 5
23 6 3 480 13 10 10 8 5 7 9 7 4 9 7 2 4 6 8 5 6 1 4 7 5
23 6 3 480 13 10 10 9 4 7 10 6 5 7 9 1 5 5 7 6 6 2 3 7 5
23 6 3 480 14 9 9 10 4 7 8 8 5 7 8 2 5 5 10 3 5 6 3 4 5
23 6 3 480 14 9 11 6 6 7 9 7 4 8 7 3 3 7 6 7 3 4 5 6 5
23 6 3 481 8 15 10 9 4 9 7 7 7 5 7 3 6 5 4 8 6 2 3 7 5
23 6 3 481 9 14 11 10 2 10 6 7 7 5 6 4 5 4 8 6 3 4 5 6 5
23 6 3 481 12 11 10 7 6 7 9 7 4 10 4 4 4 7 6 6 6 1 5 6 5
23 6 3 481 13 10 10 7 6 7 9 7 5 7 9 1 5 6 6 6 6 4 1 7 5
23 6 3 481 13 10 10 9 4 8 7 8 5 7 9 1 4 8 4 7 6 2 3 7 5
23 6 3 481 13 10 11 6 6 8 8 7 6 6 7 3 5 6 6 6 3 9 1 5 5
23 6 3 481 14 9 8 9 6 5 11 7 5 6 9 2 6 5 6 6 6 6 3 3 5
23 6 3 481 14 9 8 9 6 6 8 9 5 6 9 2 5 8 3 7 6 6 3 3 5
23 6 3 482 8 15 10 9 4 9 7 7 7 6 3 6 6 4 7 6 4 5 5 4 5
23 6 3 482 10 13 12 8 3 9 9 5 6 6 7 3 4 5 6 8 2 4 4 8 5
23 6 3 482 12 11 9 10 4 6 12 5 5 8 6 3 6 4 7 6 7 1 5 5 5
23 6 3 482 12 11 10 9 4 8 7 8 6 4 10 2 4 7 4 8 2 8 3 5 5
23 6 3 482 12 11 10 10 3 9 5 9 5 8 6 3 3 9 6 5 4 3 8 3 5
23 6 3 482 13 10 8 9 6 6 9 8 5 7 9 1 6 6 6 5 8 4 1 5 5
23 6 3 482 13 10 9 10 4 7 8 8 4 9 7 2 4 7 7 5 7 0 5 6 5
23 6 3 482 13 10 9 11 3 7 9 7 5 7 9 1 5 6 6 6 7 1 4 6 5
23 6 3 482 13 10 10 8 5 7 10 6 5 9 4 4 5 7 5 6 6 2 8 2 5
23 6 3 482 13 10 12 6 5 9 7 7 6 6 7 3 4 7 5 7 2 8 2 6 5
23 6 3 482 14 9 9 11 3 6 11 6 5 6 9 2 5 5 6 7 5 3 6 4 5
23 6 3 482 14 9 10 7 6 7 8 8 5 6 9 2 4 8 3 8 4 6 3 5 5
23 6 3 483 8 15 8 11 4 8 7 8 7 5 7 3 7 5 4 7 8 2 3 5 5
23 6 3 483 9 14 10 8 5 9 6 8 6 7 7 2 5 7 5 6 6 4 0 8 5
23 6 3 483 10 13 10 8 5 8 9 6 8 3 7 4 7 4 5 7 3 9 4 7 0
23 6 3 483 10 13 10 9 4 8 9 6 7 5 5 5 6 5 4 8 4 4 9 1 5
23 6 3 483 10 13 11 7 5 8 10 5 6 7 6 3 5 7 2 9 5 2 6 5 5
23 6 3 483 10 13 11 9 3 10 5 8 6 7 6 3 4 6 9 4 3 6 2 7 5
23 6 3 483 10 13 12 7 4 9 8 6 5 8 5 4 3 6 7 7 2 3 5 8 5
23 6 3 483 11 12 10 9 4 7 11 5 5 8 7 2 5 5 7 6 6 0 7 5 5
23 6 3 483 12 11 10 10 3 7 11 5 5 8 6 3 5 5 6 7 6 0 6 6 5
23 6 3 483 12 11 12 6 5 8 10 5 6 6 5 5 5 3 8 7 2 5 6 5 5
23 6 3 483 12 11 12 6 5 9 8 6 6 7 7 2 4 8 5 6 3 5 6 9 0
23 6 3 483 13 10 10 6 7 7 9 7 5 9 4 4 5 8 4 6 6 4 6 2 5
23 6 3 483 13 10 11 7 5 8 8 7 5 7 9 1 4 7 5 7 5 3 2 8 5
23 6 3 483 14 9 11 8 4 8 8 7 5 7 8 2 4 5 10 4 3 6 3 6 5
23 6 3 483 14 9 11 8 4 9 5 9 5 7 8 2 3 8 7 5 3 6 3 6 5
23 6 3 484 10 13 8 10 5 7 8 8 6 6 7 3 7 3 8 5 8 3 0 7 5
23 6 3 484 10 13 11 7 5 8 10 5 7 5 5 5 6 4 5 8 3 5 8 2 5
23 6 3 484 10 13 12 6 5 9 8 6 6 6 7 3 4 6 5 8 2 6 2 8 5
23 6 3 484 10 13 13 6 4 10 8 5 6 8 5 3 4 6 7 6 3 3 5 7 5
23 6 3 484 11 12 9 9 5 8 6 9 6 5 10 1 5 7 5 6 5 7 0 6 5
23 6 3 484 11 12 10 10 3 8 9 6 6 6 9 1 5 7 3 8 6 1 6 5 5
23 6 3 484 12 11 9 6 8 6 10 7 5 8 6 3 6 6 5 6 7 5 1 5 5
23 6 3 484 12 11 12 6 5 8 10 5 5 8 6 3 4 6 5 8 4 2 4 8 5
23 6 3 484 12 11 12 9 2 9 9 5 6 6 8 2 4 5 8 6 2 4 7 5 5
23 6 3 484 13 10 8 11 4 6 10 7 5 7 9 1 6 5 7 5 8 2 3 5 5
23 6 3 484 13 10 8 11 4 7 7 9 5 7 9 1 5 8 4 6 8 2 3 5 5
23 6 3 484 14 9 8 12 3 7 7 9 5 7 8 2 5 6 9 3 6 5 4 3 5
23 6 3 484 14 9 9 7 7 6 9 8 5 6 9 2 5 7 4 7 5 7 2 4 5
23 6 5 460 10 13 10 8 5 8 8 7 6 7 5 4 5 6 5 7 5 3 5 5 5
23 6 5 461 11 12 10 9 4 8 8 7 6 6 8 2 5 5 7 6 5 3 4 6 5
23 6 5 464 10 13 10 9 4 8 9 6 7 5 7 3 6 5 4 8 5 4 4 5 5
23 6 5 466 10 13 9 9 5 7 10 6 7 5 7 3 7 4 5 7 6 5 3 4 5
23 6 5 466 11 12 9 11 3 8 7 8 6 6 8 2 5 6 6 6 6 2 5 5 5
23 6 5 466 11 12 10 10 3 9 6 8 7 5 6 4 5 6 6 6 3 7 5 3 5
23 6 5 466 12 11 10 9 4 7 10 6 6 5 8 3 5 4 7 7 3 5 6 4 5
23 6 5 467 12 11 9 11 3 7 9 7 6 5 8 3 5 5 6 7 4 4 7 3 5
23 6 5 468 12 11 11 7 5 8 8 7 6 5 8 3 4 6 5 8 2 6 5 5 5
23 6 5 469 10 13 9 8 6 8 6 9 6 7 5 4 5 8 3 7 6 4 4 4 5
23 6 5 469 10 13 9 9 5 8 7 8 7 5 7 3 6 7 2 8 6 5 3 4 5
23 6 5 469 10 13 9 10 4 7 10 6 6 7 5 4 6 4 7 6 6 2 6 4 5
23 6 5 469 10 13 11 6 6 8 9 6 6 7 5 4 5 5 6 7 4 4 4 6 5
23 6 5 469 11 12 11 8 4 9 7 7 7 5 6 4 5 5 7 6 2 8 4 4 5
23 6 5 469 12 11 9 8 6 7 8 8 6 6 7 3 6 5 6 6 6 6 0 6 5
23 6 5 470 10 13 9 11 3 8 8 7 7 5 7 3 6 6 3 8 6 3 5 4 5
23 6 5 470 11 12 10 8 5 7 10 6 6 6 5 5 5 5 5 8 3 5 7 3 5
23 6 5 470 11 12 11 7 5 9 6 8 6 6 8 2 4 7 5 7 4 4 3 7 5
23 6 5 471 10 13 10 7 6 8 8 7 7 5 7 3 6 6 3 8 5 6 2 5 5
23 6 5 471 11 12 10 9 4 9 5 9 6 6 8 2 4 8 4 7 5 3 4 6 5
23 6 5 471 11 12 11 9 3 9 7 7 6 6 8 2 4 6 6 7 4 2 5 7 5
23 6 5 473 10 13 10 10 3 8 9 6 6 7 5 4 5 5 6 7 5 1 7 5 5
23 6 5 473 10 13 11 7 5 8 10 5 7 5 7 3 6 4 5 8 4 5 3 6 5
23 6 5 473 11 12 10 8 5 8 8 7 7 5 6 4 6 4 8 5 3 9 3 3 5
23 6 5 473 12 11 11 9 3 8 9 6 6 5 8 3 4 5 6 8 2 4 7 5 5
23 6 5 473 12 11 12 7 4 9 8 6 6 7 6 3 4 6 7 6 3 3 8 4 5
23 6 5 473 13 10 11 8 4 8 8 7 5 7 8 2 3 7 7 6 2 6 4 6 5
23 6 5 474 10 13 10 8 5 7 11 5 6 7 5 4 6 3 8 6 5 3 5 5 5
23 6 5 474 10 13 11 8 4 8 10 5 6 7 5 4 5 4 7 7 4 2 6 6 5
23 6 5 474 11 12 8 11 4 8 5 10 6 6 8 2 5 8 4 6 7 3 4 4 5
23 6 5 474 12 11 10 8 5 7 10 6 6 6 7 3 6 3 8 6 5 5 1 7 5
23 6 5 474 14 9 9 9 5 6 10 7 5 7 7 3 5 6 5 7 6 2 7 3 5
23 6 5 475 9 14 11 8 4 9 8 6 7 5 8 2 5 6 4 8 4 3 6 5 5
23 6 5 475 10 13 11 9 3 9 8 6 7 5 7 3 5 6 3 9 4 3 5 6 5
23 6 5 475 11 12 10 8 5 9 5 9 7 5 6 4 5 7 5 6 3 9 3 3 5
23 6 5 475 11 12 10 10 3 8 9 6 7 5 6 4 6 3 9 5 3 7 5 3 5
23 6 5 475 12 11 8 10 5 6 10 7 6 6 7 3 7 3 8 5 7 5 1 5 5
23 6 5 475 12 11 10 7 6 7 9 7 5 8 5 4 5 4 9 5 5 4 2 7 5
23 6 5 476 10 13 11 8 4 9 7 7 7 4 8 3 5 5 4 9 4 2 6 6 5
23 6 5 476 11 12 11 10 2 9 8 6 7 5 6 4 5 4 8 6 2 6 6 4 5
23 6 5 476 12 11 11 9 3 9 7 7 6 7 6 3 4 7 6 6 4 2 9 3 5
23 6 5 476 14 9 10 7 6 6 11 6 5 7 7 3 5 5 6 7 5 3 6 4 5
23 6 5 477 9 14 11 9 3 10 6 7 7 7 3 5 5 6 6 6 4 4 5 5 5
23 6 5 477 10 13 11 7 5 9 7 7 7 5 7 3 5 7 2 9 4 5 3 6 5
23 6 5 477 10 13 12 6 5 9 8 6 6 7 5 4 4 6 5 8 3 3 5 7 5
23 6 5 477 11 12 10 8 5 8 8 7 6 7 7 2 5 7 5 6 6 2 5 10 0
23 6 5 477 11 12 12 7 4 9 8 6 6 6 8 2 4 5 7 7 3 3 4 8 5
23 6 5 477 14 9 11 7 5 8 8 7 5 9 5 3 4 7 8 4 4 6 3 5 5
23 6 5 478 10 13 9 7 7 7 9 7 7 5 7 3 7 5 4 7 6 7 1 4 5
23 6 5 478 10 13 9 8 6 6 11 6 6 5 7 4 6 3 6 8 4 6 2 6 5
23 6 5 478 10 13 9 11 3 7 11 5 7 5 7 3 7 3 6 7 6 3 5 4 5
23 6 5 478 10 13 10 9 4 8 8 7 6 6 6 4 5 3 10 5 3 6 2 7 5
23 6 5 478 10 13 11 6 6 9 6 8 6 7 5 4 4 8 3 8 4 4 4 6 5
23 6 5 478 11 12 11 9 3 9 7 7 6 7 4 5 4 5 9 5 2 5 7 4 5
23 6 5 478 11 12 12 8 3 10 6 7 7 5 6 4 4 6 6 7 1 7 5 5 5
23 6 5 478 12 11 7 10 6 6 8 9 6 6 7 3 7 5 6 5 8 6 0 4 5
23 6 5 478 12 11 9 10 4 7 9 7 7 3 10 2 6 5 4 8 4 7 4 3 5
23 6 5 478 12 11 10 9 4 9 5 9 6 7 6 3 4 9 4 6 5 3 8 2 5
23 6 5 479 9 14 10 8 5 9 6 8 6 8 5 3 5 7 5 6 7 1 3 7 5
23 6 5 479 10 13 10 7 6 7 11 5 7 5 7 3 7 3 6 7 5 6 2 5 5
23 6 5 479 11 12 9 11 3 7 10 6 6 6 8 2 6 3 9 5 6 2 5 5 5
23 6 5 479 11 12 11 7 5 8 10 5 7 6 5 4 6 4 8 5 3 7 5 8 0
23 6 5 479 11 12 12 8 3 9 9 5 6 7 7 2 4 6 6 7 3 4 3 8 5
23 6 5 479 12 11 10 7 6 7 10 6 5 9 7 1 5 7 6 5 7 2 4 5 5
23 6 5 479 12 11 10 8 5 8 7 8 5 8 8 1 4 7 8 4 5 5 1 7 5
23 6 5 479 13 10 11 8 4 9 6 8 5 9 6 2 3 9 7 4 4 4 6 4 5
23 6 5 479 14 9 11 7 5 7 10 6 5 7 7 3 4 6 5 8 4 2 7 5 5
23 6 5 479 14 9 11 8 4 8 8 7 5 8 6 3 4 5 10 4 4 3 6 5 5
23 6 5 479 15 8 10 9 4 7 9 7 6 5 8 3 5 5 7 6 3 7 6 2 5
23 6 5 480 8 15 11 8 4 9 8 6 7 5 6 4 5 4 7 7 2 6 4 6 5
23 6 5 480 9 14 11 7 5 9 8 6 7 7 3 5 6 4 8 5 4 6 3 5 5
23 6 5 480 10 13 9 10 4 8 7 8 7 4 8 3 6 4 7 6 4 8 0 6 5
23 6 5 480 12 11 9 11 3 8 7 8 6 7 6 3 5 7 6 5 6 2 9 1 5
23 6 5 480 12 11 10 8 5 7 9 7 4 9 7 2 3 8 5 7 5 1 5 7 5
23 6 5 480 12 11 10 10 3 8 8 7 5 8 8 1 4 6 9 4 5 3 3 7 5
23 6 5 480 12 11 11 6 6 8 8 7 6 6 7 3 5 5 6 7 4 6 0 8 5
23 6 5 480 13 10 9 9 5 7 8 8 5 9 3 5 5 6 8 4 6 3 7 2 5
23 6 5 480 13 10 11 7 5 7 11 5 5 8 7 2 4 7 5 7 4 3 7 4 5
23 6 5 480 13 10 11 7 5 8 8 7 5 9 3 5 4 6 8 5 4 3 7 4 5
23 6 5 480 14 9 10 10 3 8 7 8 5 8 6 3 4 6 9 4 5 2 7 4 5
23 6 5 480 14 9 11 9 3 8 9 6 5 9 5 3 4 6 9 4 4 4 5 5 5
23 6 5 481 9 14 9 10 4 8 8 7 6 8 5 3 6 5 7 5 8 0 4 6 5
23 6 5 481 9 14 11 7 5 10 5 8 7 7 3 5 5 7 5 6 4 6 3 5 5
23 6 5 481 10 13 9 11 3 9 5 9 6 8 4 4 5 6 9 3 6 3 5 4 5
23 6 5 481 10 13 10 10 3 8 9 6 7 4 8 3 6 3 6 8 5 1 7 5 5
23 6 5 481 10 13 10 11 2 8 10 5 7 5 7 3 6 4 5 8 5 2 6 5 5
23 6 5 481 10 13 11 9 3 10 5 8 6 8 4 4 4 6 9 4 4 3 5 6 5
23 6 5 481 10 13 12 7 4 9 9 5 6 7 8 1 4 6 7 6 3 4 4 7 5
23 6 5 481 11 12 7 13 3 7 7 9 6 6 8 2 6 6 6 5 8 2 5 3 5
23 6 5 481 11 12 8 11 4 6 10 7 6 4 10 2 6 3 7 7 5 5 2 6 5
23 6 5 481 11 12 10 11 2 8 9 6 6 6 8 2 5 4 8 6 5 1 6 6 5
23 6 5 481 11 12 12 7 4 9 8 6 5 9 5 3 3 7 7 6 3 3 4 8 5
23 6 5 481 12 11 9 10 4 6 12 5 6 6 7 3 6 4 7 6 5 3 8 7 0
23 6 5 481 12 11 10 11 2 9 6 8 7 4 9 2 5 5 8 5 3 7 4 4 5
23 6 5 481 13 10 9 10 4 7 8 8 5 7 8 2 5 4 10 4 6 3 2 7 5
23 6 5 482 9 14 9 8 6 7 9 7 6 6 7 3 6 4 6 7 6 4 0 8 5
23 6 5 482 9 14 10 8 5 8 9 6 6 8 5 3 6 4 8 5 7 1 3 7 5
23 6 5 482 9 14 10 10 3 8 10 5 7 5 8 2 6 4 6 7 5 2 7 4 5
23 6 5 482 9 14 10 10 3 9 7 7 7 5 8 2 5 7 3 8 5 2 7 4 5
23 6 5 482 9 14 12 7 4 10 7 6 7 7 3 5 5 5 7 6 3 5 4 6 5
23 6 5 482 11 12 9 10 4 7 10 6 6 7 7 2 6 5 7 5 7 1 6 9 0
23 6 5 482 11 12 10 7 6 7 10 6 7 4 7 4 6 5 3 9 3 8 4 3 5
23 6 5 482 11 12 10 8 5 8 8 7 6 8 3 5 5 7 5 6 5 3 9 1 5
23 6 5 482 12 11 11 7 5 8 9 6 5 9 7 1 4 8 5 6 6 1 5 6 5
23 6 5 482 13 10 10 10 3 8 7 8 6 4 11 1 4 6 6 7 3 5 5 5 5
23 6 5 482 13 10 11 8 4 8 9 6 5 9 6 2 4 6 10 3 4 4 6 4 5
23 6 5 482 14 9 11 8 4 7 11 5 5 8 6 3 4 7 4 8 4 3 6 5 5
23 6 5 482 14 9 12 6 5 9 6 8 5 8 6 3 3 7 8 5 3 4 5 6 5
23 6 5 482 14 9 12 7 4 9 7 7 5 9 5 3 3 8 7 5 3 5 4 6 5
23 6 5 482 15 8 9 9 5 7 7 9 6 5 8 3 5 7 5 6 4 8 5 1 5
23 6 5 483 9 14 8 10 5 8 6 9 6 8 5 3 6 7 5 5 9 1 3 5 5
23 6 5 483 9 14 9 10 4 7 10 6 6 6 7 3 6 3 7 7 6 2 2 8 5
23 6 5 483 10 13 10 9 4 7 12 4 7 5 7 3 7 2 7 7 5 4 4 5 5
23 6 5 483 10 13 10 9 4 10 3 10 6 8 4 4 4 8 7 4 5 4 4 5 5
23 6 5 483 10 13 10 10 3 9 7 7 8 3 9 2 6 5 6 6 3 8 5 2 5
23 6 5 483 11 12 8 10 5 6 10 7 6 5 9 2 6 6 2 9 7 2 5 4 5
23 6 5 483 11 12 11 6 6 7 11 5 6 6 5 5 5 4 6 8 2 6 6 4 5
23 6 5 483 11 12 11 9 3 8 10 5 6 6 8 2 5 3 9 6 4 2 5 7 5
23 6 5 483 11 12 12 7 4 9 9 5 7 6 5 4 5 5 7 6 2 6 6 9 0
23 6 5 483 12 11 9 9 5 6 12 5 7 4 9 2 7 4 5 7 5 6 5 7 0
23 6 5 483 12 11 9 11 3 8 7 8 7 4 9 2 6 4 9 4 4 8 3 3 5
23 6 5 483 12 11 10 7 6 7 10 6 6 8 2 6 6 5 6 6 5 5 6 2 5
23 6 5 483 12 11 10 9 4 7 11 5 7 4 9 2 6 5 4 8 4 5 6 8 0
23 6 5 483 12 11 10 9 4 9 5 9 7 4 9 2 5 6 7 5 3 9 2 4 5
23 6 5 483 13 10 8 9 6 5 11 7 5 6 9 2 6 4 6 7 7 3 2 6 5
23 6 5 483 13 10 11 10 2 8 9 6 5 7 8 2 3 6 8 6 2 4 6 6 5
23 6 5 483 13 10 12 6 5 9 7 7 5 9 6 2 3 8 8 4 3 5 5 5 5
23 6 5 483 14 9 11 5 7 7 9 7 5 7 7 3 4 7 4 8 4 4 5 5 5
23 6 5 483 15 8 9 8 6 6 9 8 4 9 7 2 4 8 6 5 6 4 4 4 5
23 6 5 483 15 8 9 9 5 6 10 7 5 7 9 1 5 7 5 6 6 5 3 4 5
23 6 5 484 9 14 10 10 3 9 7 7 7 5 8 2 5 6 6 6 4 4 5 10 0
23 6 5 484 9 14 11 6 6 9 7 7 6 8 5 3 5 6 6 6 6 2 2 8 5
23 6 5 484 10 13 11 7 5 9 7 7 8 3 6 5 6 4 5 8 2 8 5 3 5
23 6 5 484 11 12 12 6 5 9 8 6 6 7 7 2 4 7 5 7 3 6 1 8 5
23 6 5 484 12 11 10 6 7 7 9 7 5 9 4 4 5 7 4 7 7 1 5 5 5
23 6 5 484 12 11 10 10 3 7 11 5 6 6 7 3 6 2 9 6 5 3 3 7 5
23 6 5 484 12 11 11 8 4 9 6 8 5 8 8 1 3 8 7 5 4 4 2 8 5
23 6 5 484 14 9 11 6 6 7 10 6 5 8 6 3 4 8 3 8 4 5 4 5 5
23 6 5 484 15 8 10 8 5 7 8 8 5 6 10 1 4 7 5 7 5 3 5 5 5
23 6 5 484 15 8 10 9 4 7 9 7 5 7 9 1 4 8 4 7 5 4 4 5 5
23 6 6 464 13 10 10 8 5 7 9 7 6 5 8 3 5 5 5 8 4 4 6 4 5
23 6 6 465 11 12 10 8 5 8 8 7 6 7 8 1 5 7 5 6 6 3 4 5 5
23 6 6 465 12 11 10 8 5 7 10 6 6 6 8 2 5 6 5 7 4 5 6 3 5
23 6 6 465 13 10 10 9 4 7 10 6 6 6 7 3 5 6 4 8 4 5 5 4 5
23 6 6 467 10 13 11 8 4 9 7 7 6 7 6 3 4 6 7 6 3 5 3 7 5
23 6 6 467 11 12 9 9 5 7 9 7 6 7 5 4 6 5 5 7 7 1 6 4 5
23 6 6 467 12 11 9 8 6 7 8 8 5 9 5 3 5 7 6 5 7 3 3 5 5
23 6 6 468 13 10 10 10 3 8 8 7 6 7 6 3 5 5 9 4 4 6 4 4 5
23 6 6 468 14 9 10 9 4 7 9 7 5 7 8 2 4 6 7 6 4 4 5 5 5
23 6 6 469 9 14 10 9 4 8 9 6 7 5 6 4 6 3 7 7 4 4 5 5 5
23 6 6 469 11 12 10 7 6 7 10 6 6 7 5 4 6 4 6 7 6 2 5 5 5
23 6 6 469 12 11 10 8 5 8 7 8 5 9 5 3 4 8 5 6 6 2 4 6 5
23 6 6 469 13 10 11 8 4 9 6 8 6 7 6 3 4 7 7 5 3 7 3 5 5
23 6 6 469 14 9 9 9 5 7 7 9 5 7 8 2 4 8 5 6 5 5 4 4 5
23 6 6 470 9 14 9 11 3 8 8 7 7 5 6 4 6 4 6 7 5 3 6 4 5
23 6 6 470 13 10 10 8 5 8 7 8 6 7 6 3 5 6 8 4 4 8 2 4 5
23 6 6 471 9 14 11 7 5 9 7 7 7 5 6 4 5 5 5 8 3 5 4 6 5
23 6 6 471 12 11 9 10 4 7 9 7 5 9 5 3 5 6 7 5 7 1 5 5 5
23 6 6 471 14 9 9 9 5 6 10 7 5 7 8 2 5 5 8 5 5 5 4 4 5
23 6 6 472 10 13 10 10 3 9 6 8 7 4 9 2 5 5 6 7 4 4 4 6 5
23 6 6 472 11 12 9 10 4 8 7 8 6 7 8 1 5 8 4 6 7 2 5 4 5
23 6 6 472 11 12 10 9 4 7 10 6 5 7 8 2 4 5 7 7 4 2 5 7 5
23 6 6 472 11 12 11 7 5 8 9 6 6 7 5 4 5 5 5 8 5 1 6 6 5
23 6 6 472 12 11 10 8 5 7 10 6 5 9 5 3 5 5 8 5 6 2 4 6 5
23 6 6 472 12 11 11 8 4 8 9 6 6 6 8 2 4 7 4 8 3 4 7 4 5
23 6 6 472 12 11 11 9 3 9 7 7 6 7 7 2 4 6 9 4 3 5 6 4 5
23 6 6 472 13 10 10 7 6 7 9 7 6 6 7 3 5 7 3 8 4 7 3 4 5
23 6 6 472 13 10 11 9 3 9 6 8 6 6 7 3 4 5 9 5 3 4 6 5 5
23 6 6 472 13 10 11 10 2 9 7 7 6 7 6 3 4 6 8 5 3 5 5 5 5
23 6 6 472 14 9 8 11 4 6 9 8 5 7 8 2 5 6 7 5 6 4 5 3 5
23 6 6 472 14 9 10 7 6 7 8 8 5 7 8 2 4 7 6 6 4 6 3 5 5
23 6 6 473 10 13 11 7 5 8 10 5 6 8 5 3 5 6 5 7 5 2 6 5 5
23 6 6 473 11 12 9 10 4 7 10 6 6 7 8 1 6 5 7 5 7 2 5 4 5
23 6 6 473 11 12 12 7 4 9 9 5 7 6 6 3 5 5 7 6 2 7 5 4 5
23 6 6 473 12 11 10 9 4 8 7 8 6 5 9 2 4 6 7 6 2 8 3 5 5
23 6 6 474 11 12 9 11 3 7 9 7 5 7 8 2 4 6 6 7 5 1 6 6 5
23 6 6 474 12 11 11 6 6 8 8 7 5 9 5 3 4 7 6 6 5 3 3 7 5
23 6 6 474 13 10 11 6 6 7 10 6 5 8 5 4 4 6 6 7 3 5 5 5 5
23 6 6 475 11 12 9 10 4 7 9 7 6 5 10 1 5 6 4 8 5 4 3 6 5
23 6 6 475 11 12 10 10 3 8 9 6 6 7 8 1 5 6 6 6 6 1 6 5 5
23 6 6 475 11 12 11 8 4 8 10 5 6 7 8 1 5 5 7 6 5 2 5 6 5
23 6 6 475 11 12 11 8 4 8 10 5 6 8 4 4 5 6 4 8 5 2 5 6 5
23 6 6 475 11 12 11 8 4 9 7 7 6 7 8 1 4 8 4 7 5 2 5 6 5
23 6 6 475 12 11 11 8 4 8 9 6 5 9 5 3 4 6 7 6 5 1 5 7 5
23 6 6 476 9 14 11 9 3 9 8 6 7 5 6 4 5 4 6 8 3 3 6 6 5
23 6 6 476 10 13 11 9 3 9 8 6 7 5 8 2 5 5 6 7 3 6 2 7 5
23 6 6 476 11 12 10 10 3 8 8 7 7 3 9 3 5 4 6 8 2 6 6 4 5
23 6 6 476 11 12 11 5 7 8 8 7 6 7 5 4 5 6 4 8 5 3 4 6 5
23 6 6 476 12 11 10 6 7 7 9 7 5 9 5 3 5 6 7 5 6 4 2 6 5
23 6 6 476 12 11 10 8 5 8 7 8 6 6 8 2 4 9 2 8 4 5 6 3 5
23 6 6 476 12 11 11 8 4 9 7 7 6 8 6 2 4 8 7 4 4 4 7 8 0
23 6 6 476 13 10 10 6 7 7 8 8 5 8 5 4 4 8 4 7 4 6 4 4 5
23 6 6 477 9 14 9 10 4 8 8 7 8 3 8 3 7 4 4 8 5 6 3 4 5
23 6 6 477 10 13 11 10 2 9 8 6 6 7 6 3 4 5 8 6 3 3 5 7 5
23 6 6 477 11 12 11 6 6 8 9 6 6 8 4 4 5 7 3 8 5 4 3 6 5
23 6 6 477 11 12 11 7 5 8 8 7 5 7 8 2 3 7 5 8 3 3 4 8 5
23 6 6 477 11 12 12 7 4 10 6 7 7 6 6 3 4 8 4 7 2 7 5 4 5
23 6 6 477 12 11 11 6 6 8 8 7 6 6 8 2 4 8 3 8 3 6 5 4 5
23 6 6 477 12 11 12 6 5 9 7 7 6 7 4 5 4 5 8 6 2 5 6 5 5
23 6 6 477 13 10 9 9 5 7 8 8 5 8 8 1 5 6 8 4 7 3 2 6 5
23 6 6 477 13 10 9 10 4 6 11 6 6 5 8 3 6 3 7 7 5 3 7 3 5
23 6 6 477 13 10 10 9 4 8 7 8 5 8 8 1 4 7 7 5 6 2 3 7 5
23 6 6 477 14 9 11 7 5 8 7 8 5 7 8 2 3 8 5 7 3 5 4 6 5
23 6 6 478 8 15 10 9 4 9 7 7 7 6 6 3 6 4 7 6 6 2 3 7 5
23 6 6 478 10 13 11 5 7 8 9 6 6 8 5 3 5 7 4 7 5 4 4 5 5
23 6 6 478 10 13 11 8 4 10 5 8 6 9 4 3 4 8 7 4 5 3 5 5 5
23 6 6 478 11 12 12 6 5 9 8 6 6 8 4 4 4 6 8 5 2 6 6 4 5
23 6 6 478 11 12 12 8 3 10 6 7 7 5 7 3 4 6 6 7 2 4 8 4 5
23 6 6 478 12 11 10 11 2 8 8 7 6 5 9 2 4 5 8 6 2 6 5 5 5
23 6 6 478 12 11 10 11 2 9 6 8 6 7 7 2 4 7 8 4 4 4 7 3 5
23 6 6 478 12 11 12 7 4 9 8 6 6 8 3 5 4 6 7 6 2 6 5 5 5
23 6 6 478 13 10 10 9 4 8 7 8 5 9 4 4 4 6 10 3 4 5 5 4 5
23 6 6 478 13 10 11 8 4 8 9 6 6 7 6 3 5 4 10 4 3 7 3 5 5
23 6 6 478 13 10 12 8 3 9 8 6 6 7 6 3 4 5 9 5 2 6 4 6 5
23 6 6 478 14 9 9 8 6 6 10 7 5 8 7 2 5 7 6 5 6 4 5 8 0
23 6 6 478 14 9 11 7 5 7 10 6 5 7 8 2 4 5 8 6 3 5 4 6 5
23 6 6 479 11 12 9 11 3 8 7 8 6 6 9 1 5 5 9 4 5 5 2 6 5
23 6 6 479 11 12 12 6 5 9 8 6 6 7 8 1 4 7 5 7 4 3 4 7 5
23 6 6 479 11 12 12 9 2 10 7 6 7 6 6 3 4 7 5 7 2 5 7 4 5
23 6 6 479 12 11 10 10 3 7 11 5 6 6 8 2 5 5 6 7 4 3 8 3 5
23 6 6 479 12 11 10 10 3 8 8 7 6 6 8 2 4 8 3 8 4 3 8 3 5
23 6 6 479 13 10 10 6 7 6 11 6 5 8 5 4 5 5 7 6 4 6 4 4 5
23 6 6 479 13 10 10 8 5 6 12 5 5 8 5 4 5 4 8 6 4 4 6 4 5
23 6 6 479 13 10 11 8 4 7 11 5 5 8 5 4 4 5 7 7 3 3 7 5 5
23 6 6 479 14 9 9 10 4 7 8 8 6 5 10 1 5 7 4 7 5 6 3 4 5
23 6 6 480 11 12 9 8 6 7 9 7 7 6 3 6 7 4 6 6 5 7 5 1 5
23 6 6 480 12 11 12 7 4 10 5 8 6 7 7 2 3 8 7 5 2 6 5 5 5
23 6 6 480 13 10 10 7 6 6 12 5 6 6 7 3 6 4 6 7 4 7 3 4 5
23 6 6 481 10 13 11 6 6 9 6 8 6 7 6 3 4 7 6 6 3 7 1 7 5
23 6 6 481 10 13 11 8 4 9 8 6 6 9 4 3 5 5 10 3 5 3 5 5 5
23 6 6 481 12 11 11 8 4 8 9 6 6 7 4 5 5 3 10 5 3 4 7 4 5
23 6 6 482 9 14 10 10 3 9 7 7 8 3 8 3 6 5 3 9 4 5 4 5 5
23 6 6 482 10 13 11 8 4 9 8 6 8 4 6 4 6 4 7 6 2 8 5 8 0
23 6 6 482 10 13 12 6 5 10 6 7 6 9 4 3 4 7 8 4 4 4 4 6 5
23 6 6 482 10 13 12 8 3 10 6 7 6 7 6 3 3 7 6 7 2 4 4 8 5
23 6 6 482 10 13 12 8 3 10 7 6 7 6 7 2 4 7 6 6 2 5 8 3 5
23 6 6 482 11 12 7 11 5 6 9 8 6 7 5 4 7 5 5 6 9 1 6 2 5
23 6 6 482 11 12 10 9 4 9 5 9 6 6 9 1 4 7 7 5 4 6 1 7 5
23 6 6 482 12 11 9 8 6 6 11 6 5 9 5 3 6 4 9 4 7 3 3 5 5
23 6 6 482 12 11 9 8 6 6 11 6 7 4 7 4 7 4 3 9 5 6 5 2 5
23 6 6 482 12 11 10 9 4 8 7 8 5 8 6 3 3 9 4 7 4 2 9 3 5
23 6 6 482 12 11 11 9 3 9 6 8 6 5 9 2 3 7 6 7 1 7 4 6 5
23 6 6 482 12 11 11 9 3 10 4 9 6 7 7 2 3 9 6 5 3 5 6 4 5
23 6 6 482 13 10 8 11 4 7 7 9 5 8 8 1 5 7 7 4 8 2 3 5 5
23 6 6 482 14 9 10 8 5 7 9 7 6 5 10 1 5 6 5 7 4 7 2 5 5
23 6 6 482 14 9 11 8 4 8 8 7 6 6 6 4 4 6 7 6 1 9 5 3 5
23 6 6 483 8 15 9 11 3 9 6 8 7 6 6 3 6 5 6 6 7 1 4 6 5
23 6 6 483 9 14 10 9 4 8 9 6 6 7 7 2 5 6 4 8 6 1 3 8 5
23 6 6 483 10 13 9 12 2 8 8 7 7 4 9 2 6 3 8 6 5 3 5 5 5
23 6 6 483 10 13 10 9 4 9 6 8 7 6 4 5 5 7 4 7 4 4 9 1 5
23 6 6 483 10 13 11 7 5 9 7 7 6 8 5 3 4 9 2 8 5 2 6 5 5
23 6 6 483 10 13 11 8 4 8 10 5 6 7 6 3 5 3 10 5 3 5 3 7 5
23 6 6 483 11 12 9 9 5 7 9 7 7 4 8 3 7 2 8 6 5 7 0 6 5
23 6 6 483 11 12 10 11 2 9 6 8 6 6 9 1 4 6 8 5 4 4 3 7 5
23 6 6 483 11 12 11 6 6 8 9 6 7 6 3 6 6 4 6 7 3 7 5 3 5
23 6 6 483 11 12 13 7 3 10 8 5 7 6 6 3 4 6 6 7 1 6 6 5 5
23 6 6 483 12 11 11 8 4 8 9 6 6 6 8 2 4 6 7 6 2 6 5 10 0
23 6 6 483 13 10 10 8 5 9 4 10 6 7 6 3 4 9 5 5 4 8 2 4 5
23 6 6 483 13 10 11 7 5 8 8 7 5 8 8 1 4 6 8 5 5 3 2 8 5
23 6 6 483 13 10 12 6 5 9 7 7 6 7 6 3 4 6 8 5 2 8 2 6 5
23 6 6 484 8 15 10 10 3 10 5 8 8 5 4 5 6 5 6 6 4 6 4 4 5
23 6 6 484 9 14 10 8 5 8 9 6 8 3 8 3 7 3 5 8 4 7 2 5 5
23 6 6 484 10 13 11 7 5 8 9 6 7 4 6 5 5 4 5 9 1 7 6 4 5
23 6 6 484 10 13 12 6 5 9 8 6 6 7 6 3 4 5 8 6 2 6 2 8 5
23 6 6 484 11 12 9 8 6 7 8 8 6 5 10 1 5 7 3 8 5 6 1 6 5
23 6 6 484 11 12 10 9 4 7 11 5 6 7 5 4 6 3 7 7 6 0 7 5 5
23 6 6 484 11 12 11 6 6 9 6 8 6 7 8 1 4 9 3 7 5 4 3 6 5
23 6 6 484 11 12 11 10 2 9 8 6 7 5 7 3 5 4 8 6 3 3 9 3 5
23 6 6 484 11 12 12 5 6 9 8 6 7 6 6 3 5 6 6 6 2 9 3 4 5
23 6 6 484 12 11 10 6 7 8 6 9 5 9 5 3 4 9 4 6 6 4 2 6 5
23 6 6 484 13 10 11 7 5 9 5 9 5 9 4 4 3 8 8 4 3 6 4 5 5
23 6 6 484 14 9 8 10 5 6 9 8 6 5 10 1 6 6 5 6 6 7 2 3 5
23 6 6 484 14 9 12 7 4 8 9 6 5 7 8 2 3 6 7 7 2 4 5 7 5
23 6 8 457 12 11 9 9 5 7 8 8 6 6 7 3 5 6 5 7 4 6 5 3 5
23 6 8 460 11 12 10 9 4 8 8 7 6 7 7 2 5 5 7 6 5 3 4 6 5
23 6 8 461 11 12 9 9 5 8 6 9 6 7 7 2 5 7 5 6 6 4 3 5 5
23 6 8 463 10 13 10 8 5 8 8 7 6 8 4 4 5 6 5 7 5 3 5 5 5
23 6 8 463 10 13 10 9 4 8 9 6 7 6 6 3 6 5 4 8 5 4 4 5 5
23 6 8 464 11 12 8 11 4 7 8 8 6 7 7 2 6 5 7 5 7 3 4 4 5
23 6 8 464 12 11 10 9 4 7 10 6 6 6 7 3 5 4 7 7 3 5 6 4 5
23 6 8 465 11 12 9 11 3 8 7 8 6 7 7 2 5 6 6 6 6 2 5 5 5
23 6 8 465 12 11 9 11 3 7 9 7 6 6 7 3 5 5 6 7 4 4 7 3 5
23 6 8 466 12 11 11 7 5 8 8 7 6 6 7 3 4 6 5 8 2 6 5 5 5
23 6 8 467 10 13 9 10 4 8 7 8 7 5 7 3 6 5 4 8 6 2 6 4 5
23 6 8 468 12 11 10 9 4 8 8 7 6 8 5 3 5 6 7 5 5 3 8 2 5
23 6 8 469 11 12 11 7 5 9 6 8 6 7 7 2 4 7 5 7 4 4 3 7 5
23 6 8 469 11 12 11 8 4 9 7 7 7 6 5 4 5 5 7 6 2 8 4 4 5
23 6 8 469 12 11 9 8 6 7 8 8 6 7 6 3 6 5 6 6 6 6 0 6 5
23 6 8 470 10 13 10 7 6 8 8 7 7 6 6 3 6 6 3 8 5 6 2 5 5
23 6 8 470 11 12 10 9 4 9 5 9 6 7 7 2 4 8 4 7 5 3 4 6 5
23 6 8 470 11 12 11 7 5 8 9 6 6 7 7 2 5 4 8 6 4 4 3 7 5
23 6 8 470 11 12 11 9 3 9 7 7 6 7 7 2 4 6 6 7 4 2 5 7 5
23 6 8 470 12 11 11 7 5 9 6 8 6 8 5 3 4 8 5 6 4 4 7 3 5
23 6 8 471 12 11 11 9 3 8 9 6 6 6 7 3 4 5 6 8 2 4 7 5 5
23 6 8 472 10 13 11 6 6 8 9 6 6 8 4 4 5 5 6 7 4 4 4 6 5
23 6 8 472 10 13 11 7 5 8 10 5 7 6 6 3 6 4 5 8 4 5 3 6 5
23 6 8 472 12 11 9 10 4 7 9 7 7 4 9 2 6 5 4 8 4 7 4 3 5
23 6 8 473 9 14 10 9 4 8 8 7 6 6 7 3 4 6 4 9 3 3 6 6 5
23 6 8 473 9 14 11 8 4 9 8 6 7 6 7 2 5 6 4 8 4 3 6 5 5
23 6 8 473 10 13 11 8 4 9 7 7 7 5 7 3 5 5 4 9 4 2 6 6 5
23 6 8 473 11 12 8 11 4 8 5 10 6 7 7 2 5 8 4 6 7 3 4 4 5
23 6 8 473 12 11 10 10 3 9 5 9 6 7 6 3 4 6 9 4 3 6 5 4 5
23 6 8 474 10 13 10 6 7 8 7 8 6 8 4 4 5 7 4 7 5 5 3 5 5
23 6 8 474 10 13 11 9 3 9 8 6 7 6 6 3 5 6 3 9 4 3 5 6 5
23 6 8 474 12 11 10 7 6 8 6 9 6 6 7 3 4 8 3 8 3 7 4 4 5
23 6 8 474 12 11 10 8 5 7 10 6 6 7 6 3 6 3 8 6 5 5 1 7 5
23 6 8 474 14 9 10 8 5 8 6 9 5 9 5 3 4 7 8 4 5 4 5 4 5
23 6 8 475 12 11 8 10 5 6 10 7 6 7 6 3 7 3 8 5 7 5 1 5 5
23 6 8 475 12 11 12 7 4 9 8 6 6 8 5 3 4 6 7 6 3 3 8 4 5
23 6 8 475 14 9 9 9 5 6 10 7 5 8 6 3 5 6 5 7 6 2 7 3 5
23 6 8 476 10 13 10 10 3 8 9 6 6 8 4 4 5 5 6 7 5 1 7 5 5
23 6 8 476 10 13 11 7 5 9 7 7 7 6 6 3 5 7 2 9 4 5 3 6 5
23 6 8 476 11 12 8 11 4 6 10 7 6 5 9 2 6 3 7 7 5 5 2 6 5
23 6 8 476 11 12 11 10 2 9 8 6 7 6 5 4 5 4 8 6 2 6 6 4 5
23 6 8 476 11 12 12 7 4 9 8 6 6 7 7 2 4 5 7 7 3 3 4 8 5
23 6 8 476 13 10 10 10 3 8 7 8 6 5 10 1 4 6 6 7 3 5 5 5 5
23 6 8 476 14 9 9 7 7 6 9 8 5 8 6 3 5 7 4 7 6 4 5 3 5
23 6 8 477 9 14 10 8 5 9 6 8 7 6 7 2 5 8 2 8 5 4 5 4 5
23 6 8 477 10 13 10 8 5 7 11 5 6 8 4 4 6 3 8 6 5 3 5 5 5
23 6 8 477 10 13 11 8 4 8 10 5 6 8 4 4 5 4 7 7 4 2 6 6 5
23 6 8 477 10 13 11 9 3 10 5 8 7 6 6 3 4 7 6 6 2 6 7 3 5
23 6 8 477 12 11 10 10 3 8 8 7 7 4 9 2 5 6 3 9 3 6 5 4 5
23 6 8 477 12 11 10 11 2 9 6 8 7 5 8 2 5 5 8 5 3 7 4 4 5
23 6 8 477 14 9 10 7 6 6 11 6 5 8 6 3 5 5 6 7 5 3 6 4 5
23 6 8 477 15 8 10 9 4 7 9 7 6 6 7 3 5 5 7 6 3 7 6 2 5
23 6 8 478 10 13 9 9 5 8 7 8 8 4 5 5 7 4 5 7 4 8 5 1 5
23 6 8 478 10 13 10 7 6 7 11 5 7 6 6 3 7 3 6 7 5 6 2 5 5
23 6 8 478 10 13 10 10 3 8 9 6 7 5 7 3 6 3 6 8 5 1 7 5 5
23 6 8 478 11 12 9 11 3 7 10 6 6 7 7 2 6 3 9 5 6 2 5 5 5
23 6 8 478 11 12 10 8 5 8 8 7 6 8 6 2 5 7 5 6 6 2 5 10 0
23 6 8 478 11 12 12 8 3 10 6 7 7 6 5 4 4 6 6 7 1 7 5 5 5
23 6 8 478 12 11 11 7 5 7 11 5 6 6 7 3 5 3 8 7 2 6 5 5 5
23 6 8 478 12 11 11 9 3 9 7 7 6 8 5 3 4 7 6 6 4 2 9 3 5
23 6 8 479 10 13 10 9 4 8 8 7 6 7 5 4 5 3 10 5 3 6 2 7 5
23 6 8 479 10 13 12 7 4 9 9 5 7 6 6 3 5 5 4 9 3 4 4 7 5
23 6 8 479 11 12 11 7 5 9 6 8 6 8 3 5 4 6 8 5 2 7 5 4 5
23 6 8 479 11 12 11 8 4 9 6 8 5 9 5 3 3 7 7 6 4 1 6 7 5
23 6 8 479 12 11 8 9 6 6 9 8 5 9 4 4 6 4 9 4 7 4 2 5 5
23 6 8 479 12 11 9 11 3 8 7 8 7 5 8 2 6 4 9 4 4 8 3 3 5
23 6 8 479 12 11 10 7 6 7 9 7 5 9 4 4 5 4 9 5 5 4 2 7 5
23 6 8 479 12 11 10 9 4 7 11 5 7 5 8 2 6 5 4 8 4 5 6 8 0
23 6 8 479 12 11 10 9 4 9 5 9 7 5 8 2 5 6 7 5 3 9 2 4 5
23 6 8 479 13 10 8 12 3 7 7 9 6 5 10 1 5 6 6 6 5 5 5 3 5
23 6 8 480 9 14 10 7 6 8 8 7 7 6 4 5 6 5 3 9 5 3 6 4 5
23 6 8 480 9 14 10 10 3 8 10 5 7 6 7 2 6 4 6 7 5 2 7 4 5
23 6 8 480 9 14 10 10 3 9 7 7 7 6 7 2 5 7 3 8 5 2 7 4 5
23 6 8 480 9 14 11 8 4 10 5 8 7 7 3 5 5 5 7 6 4 3 6 5 5
23 6 8 480 10 13 10 11 2 8 10 5 7 6 6 3 6 4 5 8 5 2 6 5 5
23 6 8 480 10 13 12 6 5 9 8 6 6 8 4 4 4 6 5 8 3 3 5 7 5
23 6 8 480 10 13 12 6 5 9 8 6 7 5 7 3 5 4 5 9 3 3 5 7 5
23 6 8 480 11 12 8 10 5 6 10 7 6 6 8 2 6 6 2 9 7 2 5 4 5
23 6 8 480 11 12 10 7 6 7 9 7 5 8 6 3 4 7 3 9 5 1 6 6 5
23 6 8 480 11 12 10 11 2 8 9 6 6 7 7 2 5 4 8 6 5 1 6 6 5
23 6 8 480 12 11 10 9 4 9 5 9 6 8 5 3 4 9 4 6 5 3 8 2 5
23 6 8 480 12 11 11 6 6 8 8 7 6 7 6 3 5 5 6 7 4 6 0 8 5
23 6 8 480 13 10 11 8 4 8 8 7 6 5 10 1 4 5 7 7 2 6 4 6 5
23 6 8 480 14 9 11 7 5 7 10 6 5 8 6 3 4 6 5 8 4 2 7 5 5
23 6 8 480 15 8 9 9 5 7 7 9 6 6 7 3 5 7 5 6 4 8 5 1 5
23 6 8 481 9 14 9 8 6 8 7 8 6 9 4 3 6 6 6 5 8 2 2 6 5
23 6 8 481 9 14 10 11 2 9 7 7 7 5 8 2 5 4 8 6 3 5 4 6 5
23 6 8 481 9 14 12 6 5 9 9 5 7 6 7 2 5 5 5 8 3 4 5 6 5
23 6 8 481 10 13 10 9 4 9 6 8 6 9 3 4 5 5 10 3 5 4 4 5 5
23 6 8 481 10 13 11 6 6 9 6 8 6 8 4 4 4 8 3 8 4 4 4 6 5
23 6 8 481 10 13 11 8 4 8 10 5 7 5 7 3 6 2 7 8 4 2 6 6 5
23 6 8 481 10 13 11 9 3 8 11 4 7 6 6 3 6 3 6 8 4 3 5 6 5
23 6 8 481 11 12 9 9 5 6 11 6 5 8 6 3 5 5 5 8 6 0 7 5 5
23 6 8 481 12 11 10 7 6 7 10 6 7 5 8 2 6 6 3 8 4 7 4 8 0
23 6 8 481 12 11 11 9 3 9 7 7 7 5 8 2 5 4 9 5 2 8 3 5 5
23 6 8 481 13 10 8 9 6 5 11 7 5 7 8 2 6 4 6 7 7 3 2 6 5
23 6 8 481 13 10 9 10 4 7 8 8 5 8 7 2 5 4 10 4 6 3 2 7 5
23 6 8 481 14 9 8 9 6 5 11 7 5 8 6 3 6 5 6 6 7 3 6 2 5
23 6 8 481 15 8 10 8 5 7 8 8 5 7 9 1 4 7 5 7 5 3 5 5 5
23 6 8 482 9 14 9 8 6 7 9 7 6 7 6 3 6 4 6 7 6 4 0 8 5
23 6 8 482 10 13 10 9 4 7 12 4 7 6 6 3 7 2 7 7 5 4 4 5 5
23 6 8 482 10 13 11 7 5 9 7 7 8 4 5 5 6 4 5 8 2 8 5 3 5
23 6 8 482 11 12 11 9 3 8 10 5 6 7 7 2 5 3 9 6 4 2 5 7 5
23 6 8 482 11 12 11 9 3 9 7 7 6 8 3 5 4 5 9 5 2 5 7 4 5
23 6 8 482 12 11 9 11 3 8 7 8 6 8 5 3 5 7 6 5 6 2 9 1 5
23 6 8 482 12 11 9 11 3 9 4 10 7 5 8 2 5 7 6 5 4 8 3 3 5
23 6 8 482 13 10 10 9 4 7 10 6 6 6 9 1 5 5 7 6 4 4 6 9 0
23 6 8 482 14 9 11 8 4 8 8 7 5 9 5 3 4 5 10 4 4 3 6 5 5
23 6 8 482 15 8 10 8 5 7 8 8 5 8 5 4 4 6 8 5 3 6 7 2 5
23 6 8 483 9 14 9 10 4 7 10 6 6 7 6 3 6 3 7 7 6 2 2 8 5
23 6 8 483 9 14 10 8 5 9 6 8 6 9 4 3 5 7 5 6 7 1 3 7 5
23 6 8 483 10 13 9 11 3 8 8 7 8 4 5 5 7 3 6 7 4 6 7 1 5
23 6 8 483 10 13 10 9 4 8 9 6 8 4 5 5 7 2 7 7 3 7 6 2 5
23 6 8 483 11 12 9 10 4 7 10 6 6 8 6 2 6 5 7 5 7 1 6 9 0
23 6 8 483 11 12 11 7 5 8 9 6 7 5 6 4 5 6 2 10 2 7 5 4 5
23 6 8 483 11 12 12 5 6 9 7 7 6 7 7 2 4 6 6 7 3 5 2 8 5
23 6 8 483 13 10 9 10 4 8 5 10 6 5 10 1 4 8 4 7 4 6 4 4 5
23 6 8 483 13 10 10 8 5 7 10 6 7 5 7 3 6 5 5 7 3 8 7 0 5
23 6 8 483 13 10 11 8 4 8 9 6 7 5 7 3 5 5 7 6 1 9 6 7 0
23 6 8 483 14 9 9 10 4 7 8 8 5 9 5 3 5 5 10 3 6 3 6 3 5
23 6 8 483 14 9 10 8 5 7 9 7 5 8 9 0 4 8 5 6 5 4 5 4 5
23 6 8 483 14 9 10 10 3 8 7 8 5 9 5 3 4 6 9 4 5 2 7 4 5
23 6 8 483 15 8 10 9 4 7 9 7 5 8 8 1 4 8 4 7 5 4 4 5 5
23 6 8 483 15 8 11 7 5 8 7 8 6 6 7 3 4 7 5 7 2 8 5 3 5
23 6 8 484 9 14 9 9 5 7 10 6 7 6 4 5 7 3 5 8 6 2 7 3 5
23 6 8 484 9 14 10 11 2 10 5 8 7 7 6 2 5 6 8 4 5 3 6 4 5
23 6 8 484 9 14 11 8 4 8 11 4 7 6 7 2 6 3 7 7 4 3 6 5 5
23 6 8 484 10 13 8 12 3 7 9 7 7 5 7 3 7 3 6 7 7 1 7 3 5
23 6 8 484 10 13 11 8 4 9 8 6 8 4 8 2 6 4 7 6 2 9 4 3 5
23 6 8 484 10 13 11 9 3 9 8 6 8 4 5 5 6 3 6 8 2 6 7 3 5
23 6 8 484 11 12 10 9 4 7 11 5 6 7 7 2 6 2 10 5 5 3 4 6 5
23 6 8 484 11 12 10 10 3 8 8 7 5 9 5 3 4 5 9 5 5 0 7 6 5
23 6 8 484 12 11 9 8 6 6 11 6 6 7 6 3 6 6 3 8 6 3 8 1 5
23 6 8 484 12 11 9 8 6 7 8 8 7 4 9 2 6 6 3 8 4 9 2 3 5
23 6 8 484 12 11 9 10 4 7 8 8 5 7 9 1 4 7 4 8 6 0 6 6 5
23 6 8 484 12 11 9 12 2 7 10 6 7 4 9 2 6 4 5 8 4 5 6 3 5
23 6 8 484 12 11 10 8 5 8 7 8 7 4 9 2 5 7 2 9 3 8 3 4 5
23 6 8 484 12 11 10 10 3 7 11 5 6 7 6 3 6 2 9 6 5 3 3 7 5
23 6 8 484 12 11 11 6 6 7 11 5 6 7 6 3 5 5 6 7 3 5 6 9 0
23 6 8 484 12 11 12 5 6 8 9 6 6 6 7 3 4 5 6 8 1 7 4 6 5
23 6 8 484 13 10 11 7 5 8 8 7 6 7 5 4 4 7 5 7 2 6 9 1 5
23 6 8 484 13 10 11 8 4 8 9 6 7 5 7 3 5 6 4 8 2 7 8 1 5
23 6 8 484 14 9 11 5 7 7 9 7 5 8 6 3 4 7 4 8 4 4 5 5 5
23 6 8 484 15 8 10 7 6 7 8 8 6 6 7 3 5 6 6 6 3 9 4 2 5
23 6 9 461 10 13 10 8 5 8 8 7 6 8 5 3 5 6 5 7 5 3 5 5 5
23 6 9 465 10 13 10 9 4 8 9 6 7 6 7 2 6 5 4 8 5 4 4 5 5
23 6 9 465 11 12 10 9 4 8 8 7 6 7 8 1 5 5 7 6 5 3 4 6 5
23 6 9 465 12 11 9 10 4 7 9 7 6 7 7 2 6 4 7 6 6 4 2 6 5
23 6 9 466 12 11 9 9 5 7 8 8 5 9 5 3 5 5 8 5 6 3 3 6 5
23 6 9 466 12 11 10 9 4 8 7 8 6 6 8 2 4 7 4 8 3 5 6 4 5
23 6 9 467 12 11 8 10 5 7 7 9 6 7 7 2 6 6 5 6 7 5 1 5 5
23 6 9 467 12 11 10 8 5 8 7 8 6 7 7 2 5 6 5 7 5 5 1 7 5
23 6 9 467 12 11 10 9 4 7 10 6 6 6 8 2 5 4 7 7 3 5 6 4 5
23 6 9 468 11 12 11 8 4 9 7 7 7 6 6 3 5 5 7 6 2 8 4 4 5
23 6 9 468 12 11 9 11 3 7 9 7 6 6 8 2 5 5 6 7 4 4 7 3 5
23 6 9 469 12 11 11 7 5 8 8 7 6 6 8 2 4 6 5 8 2 6 5 5 5
23 6 9 470 10 13 11 6 6 8 9 6 6 8 5 3 5 5 6 7 4 4 4 6 5
23 6 9 470 11 12 9 11 3 8 7 8 6 7 8 1 5 6 6 6 6 2 5 5 5
23 6 9 470 12 11 10 8 5 8 7 8 7 5 6 4 6 3 8 6 3 8 3 4 5
23 6 9 471 12 11 9 8 6 7 8 8 6 7 7 2 6 5 6 6 6 6 0 6 5
23 6 9 471 12 11 10 8 5 7 10 6 6 7 7 2 5 6 5 7 4 4 7 8 0
23 6 9 471 13 10 9 10 4 6 11 6 6 6 7 3 6 3 7 7 4 6 4 4 5
23 6 9 472 10 13 10 7 6 8 8 7 7 6 7 2 6 6 3 8 5 6 2 5 5
23 6 9 472 11 12 10 7 6 7 10 6 6 8 4 4 6 4 6 7 5 5 2 6 5
23 6 9 473 10 13 10 8 5 7 10 6 6 6 7 3 5 4 5 9 3 5 3 7 5
23 6 9 473 10 13 11 8 4 9 7 7 6 8 5 3 4 7 4 8 4 2 6 6 5
23 6 9 473 12 11 11 8 4 8 9 6 6 7 7 2 5 4 7 7 4 4 2 8 5
23 6 9 473 13 10 9 8 6 6 10 7 6 6 7 3 6 4 6 7 4 8 2 4 5
23 6 9 473 14 9 10 8 5 7 8 8 5 7 8 2 4 5 8 6 3 6 3 6 5
23 6 9 474 10 13 10 10 3 8 9 6 6 8 5 3 5 5 6 7 5 1 7 5 5
23 6 9 474 10 13 11 7 5 8 10 5 7 6 7 2 6 4 5 8 4 5 3 6 5
23 6 9 474 11 12 10 8 5 7 10 6 6 7 5 4 6 2 8 7 5 2 5 6 5
23 6 9 474 11 12 11 7 5 9 6 8 6 7 8 1 4 7 5 7 4 4 3 7 5
23 6 9 474 12 11 11 9 3 8 9 6 6 6 8 2 4 5 6 8 2 4 7 5 5
23 6 9 475 10 13 10 8 5 7 11 5 6 8 5 3 6 3 8 6 5 3 5 5 5
23 6 9 475 10 13 10 9 4 9 6 8 8 4 6 4 6 5 4 8 3 7 6 2 5
23 6 9 475 10 13 11 8 4 8 10 5 6 8 5 3 5 4 7 7 4 2 6 6 5
23 6 9 475 11 12 10 9 4 7 11 5 6 8 4 4 6 3 7 7 5 3 4 6 5
23 6 9 475 11 12 10 9 4 9 5 9 6 7 8 1 4 8 4 7 5 3 4 6 5
23 6 9 475 11 12 11 9 3 9 7 7 6 7 8 1 4 6 6 7 4 2 5 7 5
23 6 9 475 11 12 11 10 2 9 8 6 7 6 6 3 5 4 8 6 2 6 6 4 5
23 6 9 475 12 11 11 7 5 8 8 7 5 9 5 3 4 5 8 6 4 3 3 8 5
23 6 9 476 10 13 11 8 4 9 7 7 7 5 8 2 5 5 4 9 4 2 6 6 5
23 6 9 476 10 13 11 9 3 9 8 6 7 6 7 2 5 6 3 9 4 3 5 6 5
23 6 9 476 12 11 10 8 5 7 10 6 6 7 7 2 6 3 8 6 5 5 1 7 5
23 6 9 476 12 11 12 7 4 9 8 6 6 8 6 2 4 6 7 6 3 3 8 4 5
23 6 9 477 11 12 11 8 4 8 9 6 6 7 5 4 4 6 4 9 2 4 8 4 5
23 6 9 477 11 12 11 9 3 9 7 7 6 8 4 4 4 5 9 5 2 5 7 4 5
23 6 9 477 11 12 12 8 3 10 6 7 7 6 6 3 4 6 6 7 1 7 5 5 5
23 6 9 477 12 11 8 10 5 6 10 7 6 7 7 2 7 3 8 5 7 5 1 5 5
23 6 9 477 12 11 10 7 6 7 9 7 5 9 5 3 5 4 9 5 5 4 2 7 5
23 6 9 477 14 9 9 9 5 6 10 7 5 8 7 2 5 6 5 7 6 2 7 3 5
23 6 9 477 14 9 10 8 5 7 9 7 6 7 5 4 5 6 5 7 3 7 7 1 5
23 6 9 478 9 14 11 8 4 9 8 6 7 6 8 1 5 6 4 8 4 3 6 5 5
23 6 9 478 10 13 10 9 4 8 8 7 6 7 6 3 5 3 10 5 3 6 2 7 5
23 6 9 478 10 13 11 7 5 9 7 7 7 6 7 2 5 7 2 9 4 5 3 6 5
23 6 9 478 10 13 12 6 5 9 8 6 6 8 5 3 4 6 5 8 3 3 5 7 5
23 6 9 478 11 12 8 11 4 8 5 10 6 7 8 1 5 8 4 6 7 3 4 4 5
23 6 9 478 11 12 11 10 2 10 5 8 7 6 6 3 4 7 5 7 2 6 6 4 5
23 6 9 479 10 13 11 6 6 9 6 8 6 8 5 3 4 8 3 8 4 4 4 6 5
23 6 9 479 10 13 11 7 5 9 7 7 8 4 6 4 6 4 5 8 2 8 5 3 5
23 6 9 479 11 12 11 6 6 8 8 7 6 7 5 4 4 7 3 9 2 6 6 4 5
23 6 9 479 12 11 9 10 4 7 9 7 7 4 10 1 6 5 4 8 4 7 4 3 5
23 6 9 479 12 11 10 11 2 8 8 7 6 6 8 2 4 6 5 8 3 3 8 4 5
23 6 9 479 12 11 11 9 3 9 7 7 6 8 6 2 4 7 6 6 4 2 9 3 5
23 6 9 479 13 10 10 9 4 8 7 8 6 7 6 3 5 4 10 4 3 8 2 5 5
23 6 9 479 14 9 10 7 6 6 11 6 5 8 7 2 5 5 6 7 5 3 6 4 5
23 6 9 480 10 13 9 11 3 8 8 7 8 4 6 4 7 3 6 7 4 6 7 1 5
23 6 9 480 10 13 10 7 6 7 11 5 7 6 7 2 7 3 6 7 5 6 2 5 5
23 6 9 480 10 13 10 9 4 8 9 6 8 4 6 4 7 2 7 7 3 7 6 2 5
23 6 9 480 10 13 10 9 4 9 6 8 7 6 7 2 5 8 1 9 5 4 4 5 5
23 6 9 480 10 13 10 10 3 9 6 8 7 5 8 2 5 5 6 7 3 7 1 7 5
23 6 9 480 10 13 11 9 3 9 7 7 6 7 6 3 4 4 9 6 2 5 3 8 5
23 6 9 480 11 12 9 9 5 7 8 8 6 5 10 1 5 5 5 8 4 6 1 7 5
23 6 9 480 12 11 8 8 7 5 11 7 5 8 6 3 6 5 4 8 7 3 3 5 5
23 6 9 480 12 11 11 7 5 8 9 6 6 9 2 5 5 6 5 7 4 4 7 3 5
23 6 9 480 14 9 10 7 6 7 8 8 5 8 7 2 4 8 3 8 5 3 6 4 5
23 6 9 480 15 8 10 9 4 7 9 7 6 6 8 2 5 5 7 6 3 7 6 2 5
23 6 9 481 9 14 9 9 5 8 7 8 7 6 5 4 6 6 2 9 6 2 7 3 5
23 6 9 481 9 14 12 7 4 10 7 6 7 8 3 4 5 5 7 6 3 5 4 6 5
23 6 9 481 10 13 10 8 5 9 5 9 6 8 5 3 4 9 2 8 5 3 5 5 5
23 6 9 481 10 13 10 10 3 8 9 6 7 5 8 2 6 3 6 8 5 1 7 5 5
23 6 9 481 10 13 11 9 3 9 8 6 8 4 6 4 6 3 6 8 2 6 7 3 5
23 6 9 481 11 12 9 11 3 7 9 7 6 5 10 1 5 4 6 8 4 4 3 7 5
23 6 9 481 11 12 10 8 5 9 5 9 6 9 3 4 5 6 8 4 5 6 1 6 5
23 6 9 481 11 12 11 6 6 7 11 5 6 7 5 4 5 4 6 8 2 6 6 4 5
23 6 9 481 11 12 12 7 4 9 8 6 6 7 8 1 4 5 7 7 3 3 4 8 5
23 6 9 481 12 11 9 9 5 8 5 10 6 6 8 2 4 9 2 8 4 6 5 3 5
23 6 9 481 12 11 10 9 4 9 5 9 6 8 6 2 4 9 4 6 5 3 8 2 5
23 6 9 481 13 10 9 9 5 6 10 7 5 7 9 1 5 5 5 8 6 2 3 7 5
23 6 9 481 13 10 9 9 5 7 8 8 5 10 3 4 5 6 8 4 6 3 7 2 5
23 6 9 481 13 10 10 7 6 8 6 9 5 10 3 4 4 8 6 5 5 4 6 3 5
23 6 9 481 13 10 11 7 5 8 8 7 5 10 3 4 4 6 8 5 4 3 7 4 5
23 6 9 482 10 13 8 11 4 8 6 9 8 4 6 4 7 5 4 7 5 7 6 0 5
23 6 9 482 10 13 10 11 2 8 10 5 7 6 7 2 6 4 5 8 5 2 6 5 5
23 6 9 482 11 12 10 8 5 8 8 7 6 8 7 1 5 7 5 6 6 2 5 10 0
23 6 9 482 11 12 11 8 4 10 4 9 7 6 6 3 4 8 4 7 2 8 4 4 5
23 6 9 482 12 11 9 10 4 7 9 7 7 5 6 4 7 1 10 5 4 7 4 3 5
23 6 9 482 12 11 11 6 6 8 8 7 6 7 7 2 5 5 6 7 4 6 0 8 5
23 6 9 482 13 10 9 9 5 8 5 10 6 7 6 3 5 6 8 4 4 9 1 4 5
23 6 9 482 13 10 10 7 6 6 11 6 5 8 5 4 5 3 9 6 3 6 4 5 5
23 6 9 482 14 9 9 10 4 6 10 7 5 7 8 2 5 3 10 5 4 5 4 5 5
23 6 9 482 14 9 11 7 5 7 10 6 5 8 7 2 4 6 5 8 4 2 7 5 5
23 6 9 483 9 14 10 8 5 8 8 7 6 7 7 2 5 5 5 8 5 3 1 9 5
23 6 9 483 9 14 10 8 5 9 6 8 6 9 5 2 5 7 5 6 7 1 3 7 5
23 6 9 483 9 14 10 10 3 10 4 9 7 7 4 4 5 6 6 6 5 2 7 4 5
23 6 9 483 10 13 11 9 3 10 5 8 6 9 4 3 4 6 9 4 4 3 5 6 5
23 6 9 483 11 12 8 11 4 6 10 7 6 5 10 1 6 3 7 7 5 5 2 6 5
23 6 9 483 11 12 9 11 3 7 10 6 6 7 8 1 6 3 9 5 6 2 5 5 5
23 6 9 483 11 12 12 7 4 9 9 5 7 7 5 3 5 5 7 6 2 6 6 9 0
23 6 9 483 12 11 9 11 3 7 9 7 6 6 8 2 6 2 9 6 6 1 5 6 5
23 6 9 483 12 11 9 11 3 8 7 8 6 8 6 2 5 7 6 5 6 2 9 1 5
23 6 9 483 12 11 9 12 2 7 10 6 6 7 7 2 6 3 8 6 6 2 4 6 5
23 6 9 483 12 11 10 9 4 7 10 6 5 9 5 3 5 3 10 5 5 2 4 7 5
23 6 9 483 12 11 10 11 2 9 6 8 7 5 9 1 5 5 8 5 3 7 4 4 5
23 6 9 483 13 10 10 9 4 8 7 8 5 10 3 4 4 7 7 5 5 2 8 3 5
23 6 9 483 14 9 8 9 6 6 8 9 5 8 7 2 5 8 3 7 7 3 6 2 5
23 6 9 483 14 9 9 10 4 8 5 10 5 9 6 2 4 8 7 4 6 3 6 3 5
23 6 9 483 14 9 11 8 4 8 8 7 5 9 6 2 4 5 10 4 4 3 6 5 5
23 6 9 483 14 9 11 8 4 9 5 9 5 9 6 2 3 8 7 5 4 3 6 5 5
23 6 9 483 15 8 9 9 5 7 7 9 6 6 8 2 5 7 5 6 4 8 5 1 5
23 6 9 484 9 14 9 8 6 7 9 7 6 7 7 2 6 4 6 7 6 4 0 8 5
23 6 9 484 9 14 10 9 4 8 9 6 7 6 5 4 6 4 4 9 5 1 8 4 5
23 6 9 484 10 13 10 9 4 7 12 4 7 6 7 2 7 2 7 7 5 4 4 5 5
23 6 9 484 10 13 10 10 3 9 6 8 7 5 8 2 5 6 3 9 5 1 7 5 5
23 6 9 484 10 13 11 7 5 9 6 8 6 7 6 3 4 5 8 6 2 7 1 8 5
23 6 9 484 11 12 10 11 2 9 6 8 6 7 8 1 4 7 5 7 5 1 6 6 5
23 6 9 484 11 12 12 7 4 10 5 8 6 8 4 4 3 7 7 6 1 6 6 5 5
23 6 9 484 12 11 12 7 4 9 7 7 6 6 8 2 3 7 4 9 1 5 6 6 5
23 6 9 484 13 10 9 9 5 6 11 6 6 7 6 3 6 6 2 9 6 3 7 2 5
23 6 9 484 13 10 10 8 5 8 6 9 5 8 8 1 4 6 8 5 5 4 1 8 5
23 6 9 484 14 9 10 9 4 7 9 7 5 8 7 2 4 7 4 8 5 1 8 4 5
23 6 9 484 14 9 10 10 3 8 7 8 5 9 6 2 4 6 9 4 5 2 7 4 5
23 6 9 484 15 8 9 11 3 7 8 8 6 6 8 2 5 6 6 6 4 6 7 1 5
23 6 9 484 15 8 11 9 3 8 8 7 6 6 8 2 4 6 6 7 2 6 7 3 5
23 6 11 460 12 11 10 8 5 8 7 8 6 8 5 3 5 6 5 7 4 5 6 3 5
23 6 11 463 11 12 8 10 5 7 7 9 6 7 7 2 6 5 5 7 6 5 2 5 5
23 6 11 465 11 12 9 10 4 7 9 7 6 7 7 2 6 3 7 7 5 4 3 6 5
23 6 11 465 13 10 10 9 4 8 7 8 6 7 8 1 5 5 7 6 4 5 5 4 5
23 6 11 466 11 12 10 8 5 8 7 8 6 7 7 2 5 5 5 8 4 5 2 7 5
23 6 11 466 12 11 9 10 4 7 9 7 6 8 5 3 6 4 7 6 5 4 7 2 5
23 6 11 467 12 11 11 6 6 8 8 7 6 8 5 3 5 5 6 7 3 6 5 4 5
23 6 11 468 11 12 9 8 6 7 8 8 6 7 7 2 6 4 6 7 5 6 1 6 5
23 6 11 468 12 11 9 10 4 8 6 9 6 8 5 3 5 7 4 7 5 4 7 2 5
23 6 11 468 12 11 11 8 4 8 9 6 6 8 5 3 5 4 7 7 3 4 7 4 5
23 6 11 469 12 11 10 8 5 7 10 6 6 8 5 3 6 3 8 6 4 5 6 3 5
23 6 11 469 12 11 10 10 3 8 8 7 6 8 5 3 5 5 6 7 4 3 8 3 5
23 6 11 471 10 13 9 9 5 7 9 7 7 5 7 3 7 2 5 9 5 4 4 5 5
23 6 11 471 12 11 11 8 4 9 6 8 6 8 5 3 4 7 4 8 3 4 7 4 5
23 6 11 471 13 10 10 7 6 7 9 7 6 8 4 4 6 4 6 7 4 7 3 4 5
23 6 11 472 10 13 10 9 4 9 6 8 7 7 5 3 6 4 7 6 4 7 1 6 5
23 6 11 472 13 10 9 11 3 8 6 9 6 7 8 1 5 6 6 6 5 4 6 3 5
23 6 11 473 9 14 10 9 4 8 9 6 7 6 7 2 6 4 4 9 4 4 5 5 5
23 6 11 474 11 12 11 8 4 9 7 7 7 6 8 1 5 6 4 8 3 5 7 3 5
23 6 11 474 12 11 9 8 6 6 10 7 6 6 7 3 6 3 6 8 3 8 3 4 5
23 6 11 474 12 11 10 7 6 7 10 6 6 9 4 3 6 5 6 6 5 4 7 7 0
23 6 11 474 12 11 12 6 5 9 7 7 6 8 5 3 4 6 5 8 2 5 6 5 5
23 6 11 474 13 10 11 9 3 9 6 8 6 7 8 1 4 6 6 7 3 4 6 5 5
23 6 11 474 14 9 10 8 5 7 9 7 6 7 7 2 5 6 5 7 3 6 8 6 0
23 6 11 475 10 13 10 10 3 9 6 8 7 6 6 3 6 2 9 6 4 4 4 6 5
23 6 11 475 10 13 11 8 4 9 7 7 7 6 6 3 5 4 7 7 1 8 5 4 5
23 6 11 475 11 12 8 10 5 6 10 7 6 7 7 2 7 2 8 6 6 5 2 5 5
23 6 11 475 12 11 9 8 6 8 5 10 6 8 5 3 5 8 3 7 5 6 5 2 5
23 6 11 475 12 11 9 10 4 6 11 6 6 6 7 3 6 2 7 8 3 6 5 4 5
23 6 11 476 9 14 10 10 3 9 7 7 7 7 6 2 6 3 9 5 4 5 4 5 5
23 6 11 476 9 14 10 10 3 10 4 9 7 7 6 2 5 6 6 6 4 5 4 5 5
23 6 11 476 9 14 11 8 4 10 5 8 7 7 6 2 5 5 7 6 3 6 3 6 5
23 6 11 476 10 13 10 7 6 7 10 6 6 8 4 4 6 3 6 8 4 5 3 6 5
23 6 11 476 10 13 10 11 2 9 7 7 7 7 5 3 6 3 8 6 4 5 3 6 5
23 6 11 476 11 12 10 10 3 9 6 8 7 6 8 1 5 6 6 6 3 6 6 8 0
23 6 11 476 11 12 11 8 4 8 9 6 6 7 7 2 5 3 7 8 3 4 3 8 5
23 6 11 477 9 14 10 7 6 8 8 7 7 6 7 2 6 5 3 9 4 6 3 5 5
23 6 11 477 11 12 10 8 5 7 10 6 6 7 7 2 6 2 8 7 4 5 2 7 5
23 6 11 477 11 12 11 7 5 8 8 7 5 9 5 3 4 4 8 7 3 3 4 8 5
23 6 11 477 13 10 11 7 5 9 5 9 6 7 8 1 4 7 5 7 3 6 4 5 5
23 6 11 478 10 13 10 7 6 8 8 7 6 10 2 4 6 5 6 6 6 3 5 4 5
23 6 11 478 11 12 10 7 6 7 10 6 6 8 6 2 6 5 3 9 6 2 5 5 5
23 6 11 478 11 12 10 9 4 8 8 7 7 6 5 4 6 4 4 9 4 3 9 2 5
23 6 11 478 11 12 10 10 3 8 9 6 7 6 8 1 6 4 6 7 4 4 8 2 5
23 6 11 478 11 12 11 7 5 8 9 6 7 6 5 4 6 3 5 9 3 4 8 3 5
23 6 11 478 12 11 10 9 4 8 7 8 6 7 6 3 5 3 10 5 2 8 3 5 5
23 6 11 478 13 10 9 8 6 6 10 7 5 9 6 2 6 4 6 7 7 2 3 6 5
23 6 11 478 13 10 12 7 4 9 7 7 6 7 8 1 4 5 7 7 2 5 5 6 5
23 6 11 478 14 9 10 7 6 7 8 8 5 9 5 3 5 4 9 5 4 6 3 5 5
23 6 11 479 9 14 9 9 5 8 7 8 6 9 4 3 6 5 5 7 7 2 2 7 5
23 6 11 479 10 13 10 8 5 9 5 9 6 9 3 4 5 5 8 5 4 6 2 6 5
23 6 11 479 11 12 11 8 4 8 10 5 7 7 4 4 6 4 4 9 3 5 7 3 5
23 6 11 480 11 12 8 9 6 6 10 7 6 8 6 2 7 5 3 8 8 2 5 3 5
23 6 11 480 11 12 9 9 5 7 9 7 6 8 6 2 6 6 2 9 7 1 6 4 5
23 6 11 480 12 11 11 7 5 8 9 6 6 9 4 3 5 6 5 7 4 3 8 8 0
23 6 11 480 12 11 12 8 3 9 8 6 6 8 5 3 4 5 6 8 2 3 8 5 5
23 6 11 480 13 10 9 9 5 6 11 6 6 8 4 4 7 2 8 6 5 6 4 3 5
23 6 11 480 13 10 9 11 3 7 9 7 6 7 8 1 6 3 9 5 5 4 6 3 5
23 6 11 480 13 10 10 8 5 7 9 7 6 7 5 4 5 5 5 8 2 7 8 1 5
23 6 11 480 13 10 10 9 4 9 4 10 6 7 8 1 4 8 4 7 4 5 5 4 5
23 6 11 480 13 10 12 8 3 9 8 6 6 8 7 1 4 6 6 7 2 6 4 6 5
23 6 11 480 14 9 10 9 4 7 9 7 5 9 5 3 5 3 10 5 4 4 5 5 5
23 6 11 480 14 9 10 9 4 7 9 7 6 6 8 2 5 4 7 7 2 7 7 2 5
23 6 11 481 10 13 9 10 4 8 7 8 7 5 10 0 6 5 4 8 5 5 3 5 5
23 6 11 481 10 13 11 7 5 8 10 5 7 7 5 3 6 4 5 8 3 5 8 2 5
23 6 11 481 10 13 11 9 3 9 7 7 6 7 8 1 4 5 6 8 3 2 6 7 5
23 6 11 481 11 12 8 11 4 7 8 8 7 5 9 1 7 4 4 8 6 6 1 5 5
23 6 11 481 11 12 11 6 6 8 9 6 7 7 4 4 6 5 3 9 3 7 5 3 5
23 6 11 481 12 11 11 6 6 9 5 9 6 8 5 3 4 8 3 8 3 6 5 4 5
23 6 11 481 13 10 10 11 2 8 8 7 6 7 8 1 5 4 8 6 4 3 7 4 5
23 6 11 481 13 10 11 9 3 8 9 6 6 7 8 1 5 3 9 6 3 4 6 5 5
23 6 11 482 9 14 11 8 4 9 7 7 6 8 5 3 4 6 4 9 3 2 7 6 5
23 6 11 482 9 14 11 10 2 10 6 7 7 7 6 2 5 4 8 6 3 4 5 6 5
23 6 11 482 10 13 10 9 4 7 11 5 6 8 4 4 6 2 7 8 4 3 5 6 5
23 6 11 482 10 13 11 7 5 9 7 7 6 10 2 4 5 6 5 7 5 2 6 5 5
23 6 11 482 11 12 9 7 7 6 11 6 6 8 6 2 7 4 4 8 7 3 4 4 5
23 6 11 482 11 12 11 6 6 8 8 7 6 7 7 2 5 4 6 8 3 6 1 8 5
23 6 11 482 12 11 12 6 5 8 10 5 6 8 5 3 5 3 8 7 2 5 6 5 5
23 6 11 482 13 10 8 8 7 6 8 9 5 9 6 2 6 6 4 7 8 3 2 5 5
23 6 11 483 8 15 9 9 5 8 8 7 7 7 7 1 7 4 5 7 7 3 2 6 5
23 6 11 483 11 12 9 11 3 9 4 10 6 8 6 2 5 5 9 4 5 5 2 6 5
23 6 11 483 11 12 10 9 4 8 8 7 7 5 9 1 6 4 4 9 4 6 1 7 5
23 6 11 483 11 12 10 10 3 9 6 8 7 6 8 1 5 7 3 8 4 4 8 2 5
23 6 11 483 12 11 12 7 4 9 8 6 6 8 8 0 4 6 7 6 2 6 5 5 5
23 6 11 483 13 10 8 11 4 6 9 8 6 5 10 1 6 3 7 7 4 7 3 4 5
23 6 11 483 13 10 9 9 5 7 7 9 6 5 10 1 5 5 5 8 3 8 2 5 5
23 6 11 483 13 10 12 7 4 9 7 7 5 10 5 2 3 7 7 6 2 5 5 6 5
23 6 11 483 14 9 9 10 4 6 11 6 6 7 7 2 6 4 7 6 4 5 9 5 0
23 6 11 483 14 9 9 11 3 7 8 8 6 6 8 2 5 5 6 7 3 6 8 1 5
23 6 11 484 9 14 10 10 3 8 9 6 6 8 5 3 5 4 6 8 4 1 8 5 5
23 6 11 484 10 13 9 10 4 8 7 8 6 8 7 1 6 4 7 6 7 2 1 8 5
23 6 11 484 10 13 10 8 5 7 11 5 7 6 6 3 7 2 5 9 4 6 2 6 5
23 6 11 484 10 13 11 9 3 9 8 6 7 7 5 3 6 2 9 6 3 6 2 7 5
23 6 11 484 12 11 9 12 2 8 7 8 7 5 8 2 6 3 8 6 3 8 3 4 5
23 6 11 484 12 11 10 9 4 8 7 8 5 10 3 4 4 6 7 6 4 2 9 3 5
23 6 11 484 12 11 10 10 3 8 7 8 5 8 8 1 4 4 9 6 4 2 4 8 5
23 6 11 484 13 10 10 6 7 7 8 8 5 9 6 2 5 6 4 8 6 3 2 7 5
23 6 11 484 14 9 9 8 6 5 12 6 5 8 6 3 6 3 6 8 5 4 5 4 5
23 6 11 484 14 9 10 9 4 8 6 9 6 6 8 2 4 7 4 8 2 7 7 2 5
23 6 12 467 11 12 10 8 5 8 7 8 6 8 4 4 5 5 5 8 3 5 7 3 5
23 6 12 467 11 12 10 9 4 8 8 7 7 6 6 3 6 4 4 9 3 6 6 3 5
23 6 12 468 11 12 9 9 5 7 9 7 7 6 6 3 7 3 5 8 4 7 5 2 5
23 6 12 468 12 11 9 11 3 8 6 9 6 7 7 2 5 5 6 7 4 4 7 3 5
23 6 12 470 10 13 9 10 4 8 7 8 6 9 4 3 6 4 7 6 6 2 6 4 5
23 6 12 470 10 13 10 8 5 9 5 9 6 9 4 3 5 6 5 7 5 3 5 5 5
23 6 12 473 12 11 11 9 3 9 6 8 6 7 7 2 4 5 6 8 2 4 7 5 5
23 6 12 473 13 10 10 8 5 7 9 7 6 7 6 3 6 2 8 7 3 7 3 5 5
23 6 12 473 14 9 10 8 5 7 9 7 5 10 5 2 5 6 5 7 5 4 5 4 5
23 6 12 474 10 13 11 8 4 9 7 7 6 9 4 3 5 4 7 7 4 2 6 6 5
23 6 12 474 11 12 9 9 5 8 6 9 7 6 6 3 6 6 2 9 4 7 5 2 5
23 6 12 474 11 12 9 10 4 7 9 7 6 8 4 4 6 3 7 7 4 4 8 2 5
23 6 12 474 11 12 11 8 4 9 7 7 6 9 6 1 5 5 7 6 4 5 2 7 5
23 6 12 474 13 10 8 10 5 6 9 8 6 7 6 3 7 2 8 6 5 7 3 3 5
23 6 12 475 11 12 10 7 6 8 7 8 7 6 6 3 6 5 3 9 3 8 4 3 5
23 6 12 475 11 12 10 10 3 9 6 8 7 7 5 3 6 3 9 5 3 7 5 3 5
23 6 12 475 11 12 11 7 5 8 9 6 7 6 6 3 6 3 5 9 2 7 5 4 5
23 6 12 475 12 11 9 10 4 8 6 9 7 5 9 1 6 5 4 8 4 7 4 3 5
23 6 12 476 11 12 9 9 5 7 9 7 6 9 3 4 7 2 8 6 6 4 3 5 5
23 6 12 476 11 12 9 10 4 9 4 10 7 7 5 3 6 5 7 5 4 8 4 2 5
23 6 12 476 12 11 9 9 5 7 8 8 5 9 8 0 5 6 5 7 6 3 3 6 5
23 6 12 476 12 11 10 10 3 8 8 7 7 5 9 1 6 3 6 8 3 6 5 4 5
23 6 12 476 14 9 9 9 5 7 7 9 5 9 6 2 5 6 5 7 6 2 7 3 5
23 6 12 477 9 14 10 8 5 8 9 6 7 8 3 4 7 3 5 8 5 4 5 4 5
23 6 12 477 12 11 10 8 5 8 7 8 7 5 9 1 6 4 5 8 3 8 3 4 5
23 6 12 477 13 10 10 9 4 7 9 7 5 8 8 1 4 6 4 9 3 4 6 5 5
23 6 12 478 10 13 10 10 3 9 6 8 6 9 4 3 5 5 6 7 5 1 7 5 5
23 6 12 478 11 12 10 8 5 7 11 5 7 7 5 3 7 3 5 8 4 5 7 7 0
23 6 12 478 11 12 11 8 4 10 4 9 7 7 5 3 5 5 7 6 2 8 4 4 5
23 6 12 478 12 11 12 7 4 9 7 7 6 7 7 2 4 4 7 8 1 5 6 6 5
23 6 12 478 13 10 10 10 3 8 7 8 5 9 7 1 4 5 9 5 3 5 5 5 5
23 6 12 479 11 12 9 10 4 7 9 7 6 7 8 1 6 4 4 9 6 1 6 5 5
23 6 12 479 11 12 9 11 3 7 10 6 7 6 6 3 7 2 6 8 4 5 7 2 5
23 6 12 479 11 12 11 8 4 8 9 6 6 8 4 4 5 3 7 8 2 4 8 4 5
23 6 12 479 12 11 9 10 4 7 9 7 7 5 9 1 7 2 7 7 4 7 4 3 5
23 6 12 479 12 11 12 8 3 9 8 6 6 8 6 2 4 5 6 8 1 6 5 6 5
23 6 12 480 11 12 9 11 3 9 4 10 6 8 7 1 5 6 6 6 6 2 5 5 5
23 6 12 480 11 12 10 7 6 7 10 6 7 6 6 3 7 2 6 8 3 8 4 3 5
23 6 12 480 11 12 10 10 3 10 3 10 7 7 5 3 5 6 6 6 3 7 5 3 5
23 6 12 480 11 12 11 10 2 10 5 8 7 7 5 3 5 4 8 6 2 6 6 4 5
23 6 12 480 13 10 10 8 5 7 8 8 4 10 6 2 3 7 5 8 3 3 7 5 5
23 6 12 480 13 10 11 7 5 8 8 7 5 10 6 1 4 7 5 7 4 3 7 4 5
23 6 12 480 14 9 11 7 5 8 7 8 5 9 6 2 4 6 5 8 4 2 7 5 5
23 6 12 481 11 12 8 10 5 7 7 9 6 7 8 1 6 6 2 9 7 2 5 4 5
23 6 12 481 11 12 9 12 2 9 5 9 7 7 5 3 6 4 8 5 4 6 6 2 5
23 6 12 481 11 12 10 6 7 7 10 6 7 7 5 3 7 4 4 8 4 7 5 7 0
23 6 12 481 11 12 10 9 4 8 7 8 6 6 9 1 5 3 7 8 3 5 2 8 5
23 6 12 481 11 12 12 7 4 9 8 6 6 8 7 1 4 5 7 7 1 6 6 5 5
23 6 12 481 12 11 8 12 3 7 8 8 7 5 9 1 7 3 6 7 5 6 5 2 5
23 6 12 481 12 11 9 9 5 6 11 6 6 7 7 2 7 2 5 9 6 3 3 6 5
23 6 12 481 12 11 10 11 2 8 8 7 6 7 7 2 5 3 8 7 3 3 8 4 5
23 6 12 481 14 9 11 8 4 8 8 7 5 10 5 2 4 7 4 8 4 3 6 5 5
23 6 12 482 9 14 9 10 4 8 7 8 6 8 6 2 6 3 7 7 6 2 2 8 5
23 6 12 482 9 14 10 8 5 9 6 8 7 8 3 4 6 6 2 9 5 4 5 4 5
23 6 12 482 9 14 11 8 4 9 8 6 7 8 3 4 6 4 4 9 4 3 6 5 5
23 6 12 482 10 13 10 8 5 7 10 6 6 7 6 3 6 1 8 8 3 5 3 7 5
23 6 12 482 11 12 10 8 5 8 7 8 6 7 8 1 5 6 2 10 5 2 5 6 5
23 6 12 482 11 12 11 7 5 9 6 8 7 6 6 3 5 6 2 10 2 7 5 4 5
23 6 12 482 11 12 11 9 3 9 7 7 6 8 7 1 5 3 9 6 4 2 5 7 5
23 6 12 482 12 11 8 10 5 6 9 8 6 6 8 2 6 5 2 10 5 4 7 2 5
23 6 12 482 12 11 9 12 2 8 7 8 7 5 9 1 6 4 5 8 4 5 6 3 5
23 6 12 482 12 11 11 8 4 9 6 8 7 5 9 1 5 5 4 9 2 7 4 5 5
23 6 12 482 12 11 11 9 3 8 9 6 6 7 7 2 5 2 9 7 2 4 7 5 5
23 6 12 482 13 10 10 7 6 7 8 8 5 8 8 1 4 7 3 9 3 6 4 5 5
23 6 12 483 8 15 10 10 3 10 4 9 7 7 5 3 5 5 6 7 3 5 5 5 5
23 6 12 483 10 13 8 9 6 6 10 7 6 8 5 3 7 4 3 9 7 2 6 3 5
23 6 12 483 11 12 9 7 7 7 8 8 6 9 3 4 7 3 7 6 6 6 1 5 5
23 6 12 483 11 12 10 9 4 7 11 5 7 6 6 3 7 1 7 8 3 6 6 3 5
23 6 12 483 11 12 10 11 2 8 9 6 7 6 6 3 6 3 5 9 3 4 8 3 5
23 6 12 483 11 12 11 6 6 8 9 6 7 7 5 3 6 5 3 9 3 6 6 8 0
23 6 12 483 11 12 11 7 5 8 9 6 6 9 3 4 6 2 8 7 4 4 3 7 5
23 6 12 483 11 12 11 9 3 8 10 5 7 6 6 3 6 2 6 9 2 5 7 4 5
23 6 12 483 11 12 11 10 2 9 8 6 6 9 6 1 5 4 8 6 4 3 4 7 5
23 6 12 483 11 12 12 7 4 9 8 6 7 6 6 3 5 4 4 10 1 6 6 5 5
23 6 12 483 12 11 10 7 6 7 9 7 5 9 8 0 5 5 6 7 5 4 2 7 5
23 6 12 483 12 11 11 8 4 8 9 6 6 8 6 2 5 4 7 7 3 3 8 9 0
23 6 12 483 13 10 10 7 6 7 8 8 5 8 8 1 5 4 6 8 5 3 2 8 5
23 6 12 483 13 10 10 8 5 7 9 7 5 9 7 1 5 5 5 8 5 4 1 8 5
23 6 12 483 13 10 10 9 4 8 7 8 6 7 9 0 5 5 7 6 3 8 2 5 5
23 6 12 483 14 9 10 9 4 7 9 7 5 9 6 2 5 4 7 7 5 1 8 4 5
23 6 12 483 14 9 11 6 6 7 10 6 5 10 5 2 5 5 6 7 4 5 4 5 5
23 6 12 483 14 9 11 8 4 8 8 7 6 8 4 4 5 4 7 7 2 6 8 2 5
23 6 12 484 10 13 9 9 5 7 9 7 7 5 8 2 7 2 5 9 4 7 1 6 5
23 6 12 484 10 13 10 7 6 7 10 6 6 8 5 3 6 4 3 10 5 2 6 5 5
23 6 12 484 11 12 11 7 5 9 6 8 5 11 4 2 4 6 8 5 4 4 3 7 5
23 6 12 484 11 12 11 8 4 9 7 7 7 7 5 3 6 2 10 5 2 8 4 4 5
23 6 12 484 11 12 11 9 3 10 4 9 6 8 7 1 4 6 6 7 4 2 5 7 5
23 6 12 484 11 12 12 6 5 9 7 7 6 8 4 4 4 5 5 9 1 5 7 5 5
23 6 12 484 12 11 10 9 4 8 7 8 5 9 8 0 4 7 4 8 5 2 4 7 5
23 6 12 484 12 11 10 10 3 9 5 9 7 5 9 1 5 6 3 9 3 6 5 4 5
23 6 12 484 13 10 10 10 3 8 8 7 7 6 7 2 6 3 9 5 2 8 7 6 0
23 6 12 484 13 10 11 8 4 9 5 9 5 9 7 1 3 7 7 6 2 6 4 6 5
23 6 12 484 13 10 11 8 4 9 6 8 7 6 7 2 5 5 7 6 1 9 6 7 0
23 6 12 484 14 9 9 8 6 7 7 9 6 8 4 4 6 5 6 6 4 8 6 0 5
23 6 12 484 14 9 9 10 4 7 8 8 6 8 4 4 6 4 7 6 4 6 8 0 5
23 6 14 467 12 11 10 8 5 8 7 8 6 9 4 3 6 4 5 8 4 5 6 3 5
23 6 14 471 12 11 9 8 6 7 8 8 6 9 4 3 7 3 6 7 5 6 5 2 5
23 6 14 473 12 11 8 10 5 7 7 9 6 9 4 3 7 4 5 7 6 5 6 1 5
23 6 14 475 11 12 10 9 4 8 7 8 6 7 7 2 5 4 4 10 2 5 7 4 5
23 6 14 476 11 12 9 10 4 7 9 7 6 8 6 2 7 1 7 8 5 4 3 6 5
23 6 14 476 12 11 11 6 6 8 8 7 6 9 4 3 6 3 6 8 3 6 5 4 5
23 6 14 477 9 14 9 10 4 9 5 9 7 8 5 2 7 3 7 6 5 6 3 4 5
23 6 14 477 10 13 10 10 3 9 6 8 7 7 5 3 6 3 6 8 2 7 6 3 5
23 6 14 477 11 12 9 8 6 7 8 8 6 8 6 2 7 2 6 8 5 6 1 6 5
23 6 14 477 11 12 10 10 3 9 6 8 7 7 7 1 6 4 6 7 3 6 6 8 0
23 6 14 477 12 11 9 10 4 7 9 7 6 9 4 3 7 2 7 7 5 4 7 2 5
23 6 14 478 9 14 10 8 5 8 8 7 6 9 4 3 6 3 5 9 4 3 6 5 5
23 6 14 478 10 13 9 11 3 8 7 8 6 8 7 1 6 3 6 8 5 2 6 5 5
23 6 14 478 10 13 10 9 4 9 5 9 6 8 7 1 5 5 4 9 4 3 5 6 5
23 6 14 478 12 11 9 8 6 8 5 10 6 9 4 3 6 6 3 8 5 6 5 2 5
23 6 14 478 12 11 10 10 3 8 8 7 6 9 4 3 6 3 6 8 4 3 8 3 5
23 6 14 478 12 11 11 9 3 9 7 7 6 9 7 0 5 5 6 7 3 5 6 4 5
23 6 14 479 12 11 11 8 4 8 9 6 6 9 4 3 6 2 7 8 3 4 7 4 5
23 6 14 480 9 14 9 9 5 8 7 8 7 7 6 2 7 4 2 10 5 5 4 4 5
23 6 14 480 9 14 10 10 3 10 4 9 7 8 5 2 6 4 6 7 4 5 4 5 5
23 6 14 480 12 11 10 6 7 8 6 9 6 9 4 3 6 5 4 8 4 7 4 3 5
23 6 14 480 12 11 11 7 5 9 6 8 6 9 7 0 5 6 5 7 3 7 4 4 5
23 6 14 481 9 14 9 10 4 8 7 8 6 9 4 3 6 4 4 9 5 2 7 4 5
23 6 14 481 10 13 10 8 5 9 5 9 7 7 5 3 6 4 5 8 2 9 4 3 5
23 6 14 481 12 11 11 8 4 8 8 7 5 9 7 1 4 4 7 8 1 6 5 6 5
23 6 14 481 12 11 12 6 5 9 7 7 6 9 4 3 5 4 5 9 2 5 6 5 5
23 6 14 481 14 9 9 9 5 7 7 9 6 7 7 2 6 4 5 8 3 8 6 1 5
23 6 14 482 9 14 11 8 4 10 5 8 7 8 5 2 6 3 7 7 3 6 3 6 5
23 6 14 482 10 13 11 7 5 9 7 7 7 8 4 3 6 4 5 8 2 7 6 8 0
23 6 14 482 11 12 9 11 3 7 9 7 6 7 7 2 6 2 6 9 3 4 8 3 5
23 6 14 482 12 11 10 8 5 7 10 6 6 9 4 3 7 1 8 7 4 5 6 3 5
23 6 14 482 13 10 11 7 5 8 8 7 5 11 4 2 5 4 8 6 3 6 4 5 5
23 6 14 482 13 10 11 8 4 9 5 9 5 10 5 2 4 5 7 7 3 3 7 5 5
23 6 14 483 9 14 10 9 4 8 9 6 7 7 6 2 7 2 4 10 4 4 5 5 5
23 6 14 483 10 13 11 8 4 9 7 7 7 7 5 3 6 2 7 8 1 8 5 4 5
23 6 14 483 11 12 7 10 6 6 8 9 6 8 6 2 8 2 6 7 7 6 1 4 5
23 6 14 483 12 11 10 9 4 8 7 8 5 10 6 1 5 4 7 7 4 5 1 8 5
23 6 14 483 12 11 11 8 4 9 6 8 5 11 5 1 4 6 7 6 3 4 7 4 5
23 6 14 483 13 10 10 7 6 7 8 8 5 9 6 2 5 5 3 10 4 3 7 4 5
23 6 14 483 13 10 11 9 3 9 6 8 5 11 4 2 4 6 6 7 3 4 6 5 5
23 6 14 484 10 13 9 10 4 8 7 8 7 6 9 0 7 3 4 9 5 5 3 5 5
23 6 14 484 12 11 11 6 6 9 5 9 6 9 4 3 5 6 3 9 3 6 5 4 5
23 6 14 484 14 9 9 8 6 6 9 8 4 11 6 1 5 5 6 7 5 4 5 4 5
23 6 15 476 13 10 10 8 5 8 6 9 5 10 6 1 5 5 5 8 4 4 6 4 5
23 6 15 477 12 11 9 8 6 7 8 8 6 9 5 2 7 4 3 9 5 6 5 2 5
23 6 15 478 12 11 10 9 4 8 7 8 6 8 6 2 6 2 7 8 2 8 3 5 5
23 6 15 479 9 14 10 9 4 9 6 8 6 10 4 2 6 3 7 7 4 4 5 5 5
23 6 15 479 11 12 10 10 3 9 5 9 6 8 7 1 5 4 6 8 2 6 6 4 5
23 6 15 479 12 11 9 10 4 7 9 7 6 9 5 2 7 3 4 9 5 4 7 2 5
23 6 15 479 12 11 10 8 5 8 7 8 6 9 5 2 6 5 2 10 4 5 6 3 5
23 6 15 480 11 12 8 9 6 6 9 8 5 10 5 2 7 2 6 8 6 4 3 5 5
23 6 15 480 12 11 10 8 5 7 10 6 6 9 5 2 7 2 5 9 4 5 6 3 5
23 6 15 480 13 10 9 10 4 7 8 8 5 10 6 1 6 3 7 7 5 3 7 3 5
23 6 15 482 9 14 10 10 3 9 7 7 7 8 6 1 7 2 6 8 4 5 4 5 5
23 6 15 482 14 9 10 7 6 7 8 8 5 10 5 2 6 3 6 8 4 6 3 5 5
23 6 15 483 9 14 10 8 5 9 6 8 7 8 6 1 7 3 5 8 4 7 2 5 5
23 6 15 483 11 12 9 10 4 7 9 7 6 8 7 1 7 2 4 10 5 4 3 6 5
23 6 15 483 12 11 11 8 4 8 9 6 6 9 5 2 6 3 4 10 3 4 7 4 5
23 6 15 483 14 9 8 9 6 6 8 9 5 10 5 2 7 3 6 7 6 6 3 3 5
23 6 15 484 11 12 9 7 7 7 7 9 5 10 5 2 6 4 4 9 5 5 2 6 5
23 6 15 484 11 12 10 9 4 9 5 9 6 9 6 1 6 3 7 7 4 6 1 7 5
23 6 15 484 12 11 11 6 6 8 8 7 6 9 5 2 6 4 3 10 3 6 5 4 5
23 6 15 484 13 10 11 8 4 8 8 7 5 10 6 1 5 3 7 8 3 3 7 5 5
23 6 17 484 12 11 9 9 5 8 5 10 5 11 5 1 6 4 5 8 4 6 5 3 5
