19 6 -7 323 10 9 7 7 5 6 6 7 3 7 7 1 7 3 2 7 5 6 3 5 0
19 6 -6 320 10 9 8 7 4 7 5 7 3 8 4 3 6 3 4 6 4 6 3 1 5
19 6 -6 323 9 10 8 8 3 7 5 7 3 6 7 2 5 3 3 8 2 6 4 2 5
19 6 -6 324 8 11 8 7 4 7 6 6 3 8 6 1 6 3 4 6 5 3 3 8 0
19 6 -6 324 10 9 8 9 2 7 6 6 3 8 4 3 6 2 5 6 4 4 5 1 5
19 6 -6 324 10 9 9 7 3 7 7 5 3 8 4 3 6 1 6 6 3 5 4 2 5
19 6 -4 311 9 10 9 7 3 8 5 6 4 7 5 2 5 4 6 4 3 5 5 6 0
19 6 -4 316 8 11 8 7 4 7 6 6 4 6 7 1 6 3 4 6 5 4 2 3 5
19 6 -4 317 11 8 8 8 3 6 7 6 3 6 7 2 5 2 6 6 3 5 3 3 5
19 6 -4 319 8 11 9 7 3 8 5 6 4 6 7 1 5 4 3 7 4 3 3 4 5
19 6 -4 319 9 10 7 7 5 6 6 7 3 8 4 3 6 3 5 5 6 4 1 3 5
19 6 -4 320 9 10 9 7 3 7 7 5 3 8 4 3 5 2 6 6 4 2 3 5 5
19 6 -4 321 8 11 7 9 3 7 5 7 4 6 7 1 6 4 3 6 6 3 3 2 5
19 6 -4 321 9 10 7 9 3 6 7 6 3 8 4 3 6 2 6 5 6 2 3 3 5
19 6 -4 321 9 10 9 5 5 7 6 6 3 8 4 3 5 3 5 6 4 4 1 5 5
19 6 -4 321 9 10 9 6 4 7 7 5 4 6 6 2 5 5 1 8 3 4 6 6 0
19 6 -4 321 10 9 8 8 3 7 5 7 3 7 7 1 5 3 6 5 5 3 1 5 5
19 6 -4 322 9 10 8 8 3 7 5 7 3 7 5 3 4 5 3 7 3 3 7 1 5
19 6 -4 322 10 9 7 9 3 6 7 6 4 5 9 0 6 4 3 6 5 4 5 5 0
19 6 -4 323 11 8 8 6 5 6 6 7 3 6 7 2 5 3 5 6 3 7 1 3 5
19 6 -4 324 8 11 8 9 2 7 7 5 4 6 7 1 6 2 5 6 5 2 4 3 5
19 6 -4 324 9 10 8 7 4 6 8 5 3 8 4 3 6 1 7 5 5 3 2 4 5
19 6 -4 324 9 10 10 7 2 9 4 6 4 7 5 2 4 5 5 5 2 4 6 7 0
19 6 -3 308 10 9 7 9 3 6 7 6 4 6 6 2 6 3 6 4 5 4 5 5 0
19 6 -3 312 10 9 9 7 3 7 7 5 4 6 6 2 5 3 6 5 3 4 5 7 0
19 6 -3 314 8 11 9 7 3 8 5 6 4 7 4 3 5 3 6 5 4 3 3 4 5
19 6 -3 314 9 10 8 7 4 7 5 7 4 6 4 4 5 4 4 6 3 6 4 1 5
19 6 -3 314 10 9 8 8 3 7 5 7 4 5 7 2 5 3 6 5 3 6 3 2 5
19 6 -3 317 8 11 8 7 4 7 6 6 4 7 4 3 6 2 7 4 5 4 2 3 5
19 6 -3 317 9 10 9 6 4 7 6 6 3 7 6 2 4 4 4 7 4 1 4 5 5
19 6 -3 318 8 11 7 9 3 7 5 7 4 7 4 3 6 3 6 4 6 3 3 2 5
19 6 -3 318 8 11 8 7 4 8 3 8 4 7 4 3 5 5 4 5 5 4 2 3 5
19 6 -3 318 9 10 9 7 3 7 7 5 4 6 4 4 5 2 6 6 2 5 5 2 5
19 6 -3 318 10 9 9 8 2 8 4 7 4 5 7 2 4 4 5 6 2 5 4 3 5
19 6 -3 319 8 11 8 9 2 8 4 7 4 7 4 3 5 4 5 5 5 2 4 3 5
19 6 -3 319 11 8 9 6 4 7 6 6 3 8 6 1 4 6 4 5 4 4 4 2 5
19 6 -3 320 8 11 9 6 4 8 5 6 5 5 6 2 5 6 1 7 3 5 6 5 0
19 6 -3 320 9 10 8 8 3 7 6 6 5 4 6 3 6 3 3 7 3 7 3 1 5
19 6 -3 321 8 11 9 5 5 8 4 7 4 7 4 3 5 4 5 5 4 5 1 4 5
19 6 -3 321 9 10 9 5 5 7 6 6 4 6 4 4 5 3 5 6 2 7 3 2 5
19 6 -3 321 10 9 7 10 2 7 4 8 4 5 7 2 5 4 5 5 4 5 4 1 5
19 6 -3 322 10 9 10 6 3 8 5 6 4 5 7 2 4 3 6 6 1 6 3 4 5
19 6 -3 323 9 10 10 5 4 8 5 6 4 6 4 4 4 4 4 7 1 6 4 3 5
19 6 -3 324 6 13 9 6 4 8 6 5 5 6 4 3 6 3 4 6 4 4 4 2 5
19 6 -3 324 8 11 7 8 4 6 7 6 4 6 5 3 6 4 1 8 6 2 4 2 5
19 6 -3 324 8 11 9 7 3 8 5 6 5 4 7 2 5 4 3 7 2 6 5 1 5
19 6 -3 324 8 11 10 5 4 8 6 5 4 7 4 3 5 2 7 5 3 4 2 5 5
19 6 -3 324 8 11 10 6 3 8 7 4 5 5 6 2 5 4 3 7 2 4 7 6 0
19 6 -3 324 8 11 10 7 2 9 4 6 4 7 4 3 4 4 5 6 3 2 4 5 5
19 6 -3 324 9 10 8 7 4 6 8 5 4 6 4 4 6 1 7 5 3 6 4 1 5
19 6 -3 324 9 10 8 8 3 6 8 5 3 7 6 2 5 2 6 6 5 0 5 4 5
19 6 -3 324 11 8 9 5 5 6 7 6 2 8 6 2 3 5 5 6 2 5 3 4 5
19 6 -1 309 10 9 9 6 4 7 6 6 4 6 5 3 4 5 4 6 3 4 5 2 5
19 6 -1 311 9 10 7 8 4 6 6 7 4 5 7 2 5 4 4 6 5 4 1 4 5
19 6 -1 312 10 9 7 8 4 6 6 7 4 6 5 3 5 5 4 5 5 4 5 0 5
19 6 -1 312 10 9 8 7 4 6 8 5 4 7 4 3 5 5 4 5 5 2 7 5 0
19 6 -1 315 10 9 8 8 3 6 8 5 4 6 5 3 5 3 6 5 4 3 6 1 5
19 6 -1 315 10 9 8 8 3 7 5 7 4 6 5 3 4 6 3 6 4 3 6 1 5
19 6 -1 316 11 8 9 7 3 7 6 6 4 5 8 1 4 4 6 5 3 4 4 3 5
19 6 -1 318 9 10 8 6 5 6 7 6 4 5 7 2 5 3 5 6 4 5 0 5 5
19 6 -1 318 10 9 9 5 5 6 9 4 4 7 4 3 5 4 5 5 4 3 6 6 0
19 6 -1 318 10 9 10 4 5 7 7 5 4 6 5 3 4 4 5 6 2 5 4 3 5
19 6 -1 319 10 9 9 8 2 7 7 5 4 6 5 3 4 4 5 6 3 2 7 2 5
19 6 -1 320 7 12 9 7 3 8 6 5 5 6 5 2 5 4 6 4 4 3 4 8 0
19 6 -1 320 10 9 9 6 4 6 9 4 4 6 5 3 5 2 7 5 3 4 5 2 5
19 6 -1 321 7 12 8 8 3 7 6 6 4 6 5 3 4 5 3 7 4 1 6 3 5
19 6 -1 321 8 11 9 7 3 8 5 6 5 5 5 3 5 3 6 5 3 6 0 5 5
19 6 -1 321 10 9 8 6 5 7 4 8 4 6 5 3 4 7 2 6 4 5 4 1 5
19 6 -1 321 10 9 10 6 3 8 5 6 4 6 5 3 3 6 3 7 2 3 6 3 5
19 6 -1 321 11 8 7 7 5 5 8 6 4 6 4 4 6 3 5 5 5 6 2 1 5
19 6 -1 321 11 8 8 9 2 7 5 7 4 5 8 1 4 5 5 5 4 3 5 2 5
19 6 -1 321 11 8 9 5 5 6 8 5 4 6 4 4 5 3 5 6 3 6 2 3 5
19 6 -1 321 12 7 9 6 4 6 8 5 4 5 7 2 4 5 4 6 2 5 7 5 0
19 6 -1 322 8 11 9 8 2 8 5 6 5 4 6 3 4 4 5 6 1 6 5 2 5
19 6 -1 322 8 11 10 5 4 8 6 5 5 5 5 3 4 5 4 6 1 6 5 7 0
19 6 -1 322 9 10 6 10 3 5 8 6 4 5 7 2 6 2 6 5 6 3 2 3 5
19 6 -1 322 9 10 7 7 5 5 9 5 4 6 6 2 6 3 5 5 6 3 2 8 0
19 6 -1 322 9 10 9 8 2 8 5 6 5 4 8 1 4 5 5 5 2 5 5 7 0
19 6 -1 323 8 11 8 5 6 6 7 6 4 6 4 4 5 4 3 7 4 5 1 4 5
19 6 -1 324 7 12 9 8 2 9 3 7 5 5 6 2 4 5 5 5 3 4 3 4 5
19 6 -1 324 8 11 8 7 4 7 6 6 4 8 2 4 5 5 4 5 6 1 5 2 5
19 6 -1 324 8 11 9 5 5 7 7 5 4 8 2 4 5 4 5 5 5 2 4 3 5
19 6 0 309 10 9 8 7 4 6 7 6 4 5 7 2 4 5 4 6 3 5 4 2 5
19 6 0 313 8 11 9 6 4 7 7 5 4 7 4 3 4 5 4 6 4 2 4 4 5
19 6 0 313 9 10 8 7 4 7 5 7 4 6 7 1 4 6 4 5 5 3 2 4 5
19 6 0 314 10 9 7 8 4 6 6 7 4 6 6 2 5 5 4 5 6 4 0 4 5
19 6 0 315 9 10 9 7 3 7 7 5 4 6 7 1 4 4 6 5 4 2 3 5 5
19 6 0 315 10 9 8 8 3 6 8 5 4 6 6 2 5 3 6 5 5 3 1 5 5
19 6 0 316 9 10 7 9 3 6 7 6 4 6 7 1 5 4 6 4 6 2 3 3 5
19 6 0 317 10 9 8 7 4 6 7 6 3 8 4 3 4 4 7 4 5 2 2 5 5
19 6 0 317 10 9 9 6 4 7 6 6 4 6 6 2 4 5 4 6 4 4 0 6 5
19 6 0 318 8 11 8 8 3 7 6 6 5 4 7 2 5 4 3 7 5 1 5 3 5
19 6 0 318 9 10 8 9 2 7 6 6 4 6 7 1 4 5 5 5 5 1 4 4 5
19 6 0 318 10 9 9 6 4 6 9 4 4 6 6 2 4 5 4 6 3 3 6 7 0
19 6 0 320 9 10 10 6 3 8 6 5 5 5 5 3 4 4 6 5 1 7 3 3 5
19 6 0 320 10 9 9 7 3 7 7 5 4 7 5 2 4 5 6 4 4 2 7 1 5
19 6 0 320 10 9 9 7 3 8 4 7 4 7 5 2 3 7 6 3 3 4 5 7 0
19 6 0 320 12 7 7 8 4 5 7 7 3 6 7 2 4 4 7 4 4 5 2 3 5
19 6 0 321 10 9 9 6 4 7 6 6 5 4 5 4 5 2 7 5 2 7 2 3 5
19 6 0 322 10 9 7 8 4 6 6 7 5 4 5 4 6 2 7 4 4 7 2 1 5
19 6 0 322 10 9 10 5 4 8 5 6 4 7 5 2 3 7 4 5 3 3 6 2 5
19 6 0 323 8 11 9 4 6 7 6 6 4 7 4 3 4 6 3 6 4 4 2 4 5
19 6 0 323 9 10 7 9 3 7 4 8 4 6 7 1 4 7 3 5 6 2 3 3 5
19 6 0 323 9 10 9 7 3 8 4 7 4 6 7 1 3 7 3 6 4 2 3 5 5
19 6 0 324 8 11 8 7 4 7 6 6 6 3 5 4 6 3 4 6 3 7 4 0 5
19 6 0 324 8 11 10 4 5 7 8 4 4 7 4 3 4 4 5 6 3 3 3 5 5
19 6 0 324 9 10 10 5 4 8 5 6 4 6 7 1 3 6 4 6 3 3 2 6 5
19 6 0 324 10 9 9 8 2 8 4 7 4 6 6 2 3 5 8 3 2 5 4 3 5
19 6 0 324 12 7 9 6 4 6 7 6 3 6 7 2 3 4 7 5 2 5 2 5 5
19 6 2 315 8 11 7 7 5 6 6 7 5 4 6 3 5 5 2 7 5 4 2 3 5
19 6 2 315 12 7 8 8 3 6 7 6 4 6 6 2 4 5 6 4 4 5 2 3 5
19 6 2 316 8 11 8 8 3 8 3 8 5 5 5 3 4 5 6 4 4 4 2 4 5
19 6 2 316 9 10 9 6 4 7 6 6 4 6 6 2 3 6 4 6 3 4 1 6 5
19 6 2 316 11 8 9 7 3 7 6 6 4 6 7 1 3 6 6 4 3 4 4 3 5
19 6 2 317 8 11 6 9 4 5 8 6 5 4 6 3 6 3 4 6 6 3 3 2 5
19 6 2 317 9 10 9 8 2 7 7 5 4 6 6 2 3 5 5 6 3 2 3 6 5
19 6 2 317 10 9 8 8 3 7 5 7 5 4 7 2 4 6 3 6 4 3 6 1 5
19 6 2 317 11 8 9 6 4 6 8 5 4 6 4 4 4 3 7 5 3 3 5 3 5
19 6 2 318 9 10 9 6 4 7 7 5 4 8 4 2 4 5 7 3 5 2 3 4 5
19 6 2 319 9 10 8 8 3 6 9 4 6 3 6 3 6 2 6 5 3 6 4 6 0
19 6 2 319 11 8 7 8 4 5 8 6 4 6 4 4 5 3 7 4 5 3 5 1 5
19 6 2 320 8 11 9 8 2 8 5 6 5 5 5 3 4 3 8 4 3 3 3 5 5
19 6 2 320 9 10 8 7 4 6 8 5 5 5 4 4 5 4 4 6 4 3 7 0 5
19 6 2 321 7 12 8 8 3 7 7 5 6 4 4 4 6 2 6 5 4 5 2 3 5
19 6 2 321 7 12 9 8 2 8 6 5 6 4 4 4 5 3 5 6 3 4 3 4 5
19 6 2 321 9 10 8 6 5 6 8 5 6 3 6 3 6 3 5 5 3 8 2 6 0
19 6 2 321 10 9 10 4 5 7 7 5 4 7 4 3 3 6 5 5 2 5 4 3 5
19 6 2 321 10 9 10 6 3 7 8 4 4 7 4 3 3 5 6 5 2 3 6 3 5
19 6 2 322 8 11 7 10 2 7 5 7 5 5 5 3 5 3 8 3 5 3 3 3 5
19 6 2 322 11 8 9 6 4 7 6 6 4 7 6 1 3 8 4 4 4 3 5 7 0
19 6 2 322 12 7 8 7 4 6 6 7 3 8 4 3 3 6 7 3 4 4 3 3 5
19 6 2 323 7 12 8 7 4 7 6 6 5 5 6 2 5 4 4 6 6 1 1 6 5
19 6 2 323 7 12 8 7 4 7 6 6 5 6 2 5 5 3 7 4 4 4 3 3 5
19 6 2 323 7 12 9 6 4 8 5 6 6 4 4 4 5 4 4 6 3 6 1 4 5
19 6 2 323 9 10 8 6 5 6 8 5 5 6 3 4 5 6 2 6 5 2 8 4 0
19 6 2 323 9 10 9 5 5 7 6 6 5 5 4 4 4 6 2 7 3 4 6 1 5
19 6 2 323 9 10 10 6 3 8 6 5 4 8 4 2 3 6 6 4 4 1 4 5 5
19 6 2 323 11 8 8 9 2 7 5 7 4 6 7 1 3 7 5 4 4 3 5 2 5
19 6 2 323 12 7 10 6 3 7 7 5 4 6 6 2 3 5 6 5 2 5 2 5 5
19 6 2 324 9 10 9 6 4 8 4 7 4 8 4 2 3 8 4 4 5 2 3 4 5
19 6 2 324 11 8 8 7 4 7 4 8 4 6 7 1 3 8 4 4 4 5 3 2 5
19 6 2 324 11 8 10 5 4 7 7 5 4 6 7 1 3 5 7 4 2 5 3 4 5
19 6 2 324 12 7 9 6 4 6 8 5 4 6 6 2 4 4 7 4 3 6 1 4 5
19 6 2 324 12 7 9 6 4 7 5 7 4 6 6 2 3 7 4 5 3 6 1 4 5
19 6 2 324 12 7 10 5 4 7 6 6 4 5 7 2 3 4 7 5 2 4 3 5 5
19 6 3 310 10 9 9 6 4 7 6 6 5 5 4 4 4 5 4 6 3 4 5 2 5
19 6 3 311 10 9 8 6 5 6 7 6 5 5 4 4 5 4 5 5 4 5 4 1 5
19 6 3 313 10 9 7 8 4 6 6 7 5 5 4 4 5 5 4 5 5 4 5 0 5
19 6 3 313 11 8 9 7 3 7 6 6 4 7 4 3 3 6 6 4 3 4 4 3 5
19 6 3 314 10 9 9 7 3 7 7 5 5 5 7 1 4 5 6 4 3 5 4 2 5
19 6 3 316 9 10 8 6 5 6 7 6 5 4 6 3 5 3 5 6 4 5 0 5 5
19 6 3 316 9 10 8 8 3 7 5 7 4 6 7 1 3 6 6 4 4 3 2 5 5
19 6 3 316 10 9 8 8 3 6 8 5 5 5 4 4 5 3 6 5 4 3 6 1 5
19 6 3 318 7 12 8 8 3 8 4 7 6 4 5 3 5 4 6 4 4 5 2 3 5
19 6 3 318 8 11 8 9 2 7 6 6 5 4 7 2 4 4 5 6 4 1 5 4 5
19 6 3 319 7 12 9 6 4 7 7 5 5 5 4 4 4 4 4 7 3 2 5 4 5
19 6 3 319 8 11 9 7 3 7 8 4 6 4 4 4 5 3 6 5 2 5 6 6 0
19 6 3 319 9 10 6 8 5 5 7 7 5 4 6 3 6 3 5 5 6 5 0 3 5
19 6 3 319 10 9 10 4 5 7 7 5 5 5 4 4 4 4 5 6 2 5 4 3 5
19 6 3 320 10 9 8 6 5 6 7 6 4 7 5 2 4 7 2 6 6 2 2 4 5
19 6 3 320 10 9 9 8 2 7 6 6 4 5 7 2 2 6 5 6 1 4 5 4 5
19 6 3 320 12 7 8 6 5 5 8 6 3 7 6 2 3 6 5 5 4 3 4 3 5
19 6 3 321 10 9 8 8 3 6 8 5 4 7 5 2 4 6 3 6 6 0 4 4 5
19 6 3 321 10 9 9 6 4 6 9 4 5 5 4 4 5 2 7 5 3 4 5 2 5
19 6 3 321 10 9 10 6 3 7 8 4 5 5 4 4 4 3 6 6 2 3 6 3 5
19 6 3 321 10 9 10 7 2 8 6 5 5 5 7 1 3 6 5 5 2 4 5 3 5
19 6 3 321 11 8 10 5 4 7 7 5 4 7 4 3 3 5 7 4 2 5 3 4 5
19 6 3 322 8 11 8 8 3 7 6 6 6 3 5 4 5 3 6 5 2 7 4 1 5
19 6 3 322 8 11 9 7 3 8 4 7 5 4 7 2 3 6 3 7 3 2 4 5 5
19 6 3 322 9 10 8 7 4 6 8 5 4 7 6 1 4 6 4 5 6 0 5 3 5
19 6 3 322 10 9 9 6 4 7 5 7 4 5 7 2 2 7 4 6 1 6 3 4 5
19 6 3 322 11 8 9 5 5 7 5 7 4 7 4 3 3 7 5 4 3 6 2 3 5
19 6 3 323 9 10 7 8 4 5 9 5 5 4 6 3 6 1 7 5 5 4 1 4 5
19 6 3 323 10 9 8 6 5 5 10 4 4 7 5 2 5 4 5 5 6 2 2 4 5
19 6 3 323 12 7 7 8 4 5 7 7 3 7 6 2 3 7 4 5 5 2 5 2 5
19 6 3 324 7 12 7 7 5 6 7 6 6 3 6 3 6 4 2 7 5 5 2 2 5
19 6 3 324 7 12 7 9 3 6 8 5 6 3 6 3 6 3 3 7 5 3 4 2 5
19 6 3 324 7 12 8 7 4 7 6 6 6 3 6 3 5 5 1 8 4 4 3 3 5
19 6 3 324 7 12 9 8 2 9 3 7 6 4 5 3 4 5 5 5 3 4 3 4 5
19 6 3 324 10 9 9 4 6 7 5 7 5 5 4 4 4 6 3 6 3 6 3 2 5
19 6 3 324 10 9 9 7 3 8 4 7 5 5 7 1 3 8 3 5 3 5 4 2 5
19 6 3 324 10 9 10 5 4 8 5 6 5 5 7 1 3 7 4 5 2 6 3 3 5
19 6 3 324 10 9 10 6 3 8 5 6 4 7 5 2 2 7 6 4 2 3 6 3 5
19 6 5 309 10 9 8 7 4 6 7 6 5 4 7 2 4 5 4 6 3 5 4 2 5
19 6 5 311 8 11 8 6 5 6 8 5 5 6 4 3 5 4 5 5 5 3 3 3 5
19 6 5 311 8 11 9 6 4 7 7 5 5 6 4 3 4 5 4 6 4 2 4 4 5
19 6 5 312 9 10 8 7 4 7 5 7 5 5 7 1 4 6 4 5 5 3 2 4 5
19 6 5 312 10 9 8 6 5 6 7 6 5 5 6 2 4 7 2 6 4 4 5 6 0
19 6 5 313 10 9 8 7 4 6 7 6 4 7 4 3 4 4 7 4 5 2 2 5 5
19 6 5 314 9 10 9 7 3 7 7 5 5 5 7 1 4 4 6 5 4 2 3 5 5
19 6 5 315 8 11 8 8 3 7 6 6 5 6 4 3 4 6 3 6 5 1 5 3 5
19 6 5 315 9 10 7 9 3 6 7 6 5 5 7 1 5 4 6 4 6 2 3 3 5
19 6 5 315 10 9 7 9 3 6 6 7 5 4 7 2 4 6 3 6 4 4 5 1 5
19 6 5 316 9 10 9 8 2 8 5 6 6 4 5 3 4 5 5 5 2 6 4 2 5
19 6 5 317 8 11 8 6 5 7 5 7 5 6 4 3 4 7 2 6 5 3 3 3 5
19 6 5 317 9 10 8 9 2 7 6 6 5 5 7 1 4 5 5 5 5 1 4 4 5
19 6 5 317 10 9 9 6 4 6 9 4 5 5 6 2 4 5 4 6 3 3 6 7 0
19 6 5 318 10 9 9 7 3 8 4 7 5 6 5 2 3 7 6 3 3 4 5 7 0
19 6 5 318 12 7 7 8 4 5 7 7 4 5 7 2 4 4 7 4 4 5 2 3 5
19 6 5 319 8 11 8 7 4 7 5 7 5 5 5 3 4 4 7 4 3 6 0 5 5
19 6 5 319 8 11 8 9 2 7 6 6 5 5 5 3 4 3 8 4 3 4 2 5 5
19 6 5 319 10 9 7 9 3 5 9 5 5 4 7 2 5 3 6 5 4 4 5 1 5
19 6 5 319 10 9 8 9 2 7 6 6 5 6 5 2 4 5 8 2 4 3 6 6 0
19 6 5 320 8 11 8 8 3 6 9 4 5 6 4 3 5 3 6 5 5 1 5 3 5
19 6 5 320 9 10 9 7 3 8 4 7 5 6 3 4 3 6 6 4 2 5 5 2 5
19 6 5 321 8 11 9 4 6 7 6 6 5 6 4 3 4 6 3 6 4 4 2 4 5
19 6 5 321 9 10 10 6 3 8 6 5 6 4 5 3 4 4 6 5 1 7 3 3 5
19 6 5 321 10 9 6 9 4 5 7 7 4 7 4 3 5 4 7 3 7 2 2 3 5
19 6 5 322 8 11 10 4 5 7 8 4 5 6 4 3 4 4 5 6 3 3 3 5 5
19 6 5 322 9 10 7 9 3 7 4 8 5 5 7 1 4 7 3 5 6 2 3 3 5
19 6 5 322 9 10 9 7 3 8 4 7 5 5 7 1 3 7 3 6 4 2 3 5 5
19 6 5 322 10 9 8 5 6 6 6 7 4 7 4 3 4 5 6 4 5 4 0 5 5
19 6 5 322 11 8 8 5 6 5 8 6 4 6 4 4 4 4 6 5 3 6 2 3 5
19 6 5 322 12 7 9 6 4 6 7 6 4 5 7 2 3 4 7 5 2 5 2 5 5
19 6 5 323 7 12 8 8 3 7 7 5 6 4 7 1 5 5 3 6 5 2 5 2 5
19 6 5 323 9 10 10 5 4 8 5 6 5 5 7 1 3 6 4 6 3 3 2 6 5
19 6 5 323 10 9 7 7 5 5 8 6 4 7 4 3 5 3 8 3 6 3 1 4 5
19 6 5 323 10 9 9 8 2 8 4 7 5 5 6 2 3 5 8 3 2 5 4 3 5
19 6 5 324 7 12 7 8 4 6 7 6 5 5 6 2 5 4 4 6 6 2 0 6 5
19 6 5 324 8 11 10 6 3 8 6 5 5 6 4 3 3 6 3 7 3 1 5 5 5
19 6 5 324 9 10 8 5 6 6 7 6 5 6 3 4 5 5 3 6 5 5 0 4 5
19 6 5 324 9 10 9 5 5 6 9 4 5 6 3 4 5 3 5 6 4 4 1 5 5
19 6 5 324 9 10 9 6 4 7 7 5 6 4 5 3 5 3 7 4 2 8 2 2 5
19 6 5 324 9 10 9 6 4 8 4 7 6 4 5 3 4 6 4 5 2 8 2 2 5
19 6 5 324 11 8 9 8 2 7 7 5 6 3 7 2 4 5 5 5 1 7 6 5 0
19 6 6 311 7 12 8 7 4 7 6 6 6 4 5 3 5 4 4 6 4 4 3 3 5
19 6 6 311 9 10 7 8 4 6 6 7 5 5 5 3 5 3 7 4 5 4 1 4 5
19 6 6 314 9 10 8 7 4 6 7 6 4 6 7 1 3 6 4 6 4 2 3 5 5
19 6 6 314 10 9 9 6 4 7 6 6 5 6 3 4 4 4 7 4 3 4 5 2 5
19 6 6 315 9 10 9 6 4 7 6 6 5 5 5 3 4 3 7 5 3 4 1 6 5
19 6 6 316 10 9 8 8 3 7 5 7 5 6 3 4 4 5 6 4 4 3 6 1 5
19 6 6 316 11 8 7 8 4 5 8 6 5 4 7 2 5 4 4 6 5 3 5 1 5
19 6 6 316 11 8 9 6 4 6 8 5 4 7 4 3 3 6 4 6 3 3 5 3 5
19 6 6 317 7 12 7 9 3 7 5 7 6 4 5 3 5 5 3 6 5 3 4 2 5
19 6 6 317 10 9 8 6 5 6 7 6 4 8 4 2 4 6 5 4 6 2 2 4 5
19 6 6 318 7 12 9 7 3 8 5 6 6 4 5 3 4 5 3 7 3 3 4 4 5
19 6 6 318 11 8 8 6 5 6 6 7 5 4 7 2 4 6 2 7 4 4 4 2 5
19 6 6 319 7 12 8 6 5 7 6 6 6 5 4 3 5 6 2 6 5 3 4 7 0
19 6 6 319 12 7 8 7 4 6 6 7 4 6 7 1 3 7 4 5 4 4 3 3 5
19 6 6 320 7 12 8 9 2 7 7 5 6 4 5 3 5 3 5 6 4 2 5 3 5
19 6 6 320 8 11 10 6 3 8 6 5 5 6 5 2 3 5 6 5 2 4 2 6 5
19 6 6 320 10 9 9 6 4 7 6 6 4 8 4 2 3 7 4 5 5 1 3 5 5
19 6 6 320 10 9 10 6 3 8 5 6 5 6 3 4 3 5 6 5 2 3 6 3 5
19 6 6 321 7 12 7 9 3 6 8 5 6 4 5 3 6 2 6 5 5 3 4 2 5
19 6 6 321 7 12 9 7 3 7 8 4 6 4 5 3 5 2 6 6 3 3 4 4 5
19 6 6 321 10 9 9 7 3 8 4 7 5 6 6 1 3 7 6 3 3 5 4 2 5
19 6 6 322 10 9 8 8 3 6 8 5 4 8 4 2 4 5 6 4 6 0 4 4 5
19 6 6 322 12 7 7 7 5 5 7 7 4 6 7 1 4 6 5 4 5 5 2 2 5
19 6 6 322 12 7 7 9 3 5 8 6 4 6 7 1 4 5 6 4 5 3 4 2 5
19 6 6 323 7 12 10 5 4 8 6 5 6 4 5 3 4 4 4 7 2 4 3 5 5
19 6 6 323 8 11 8 7 4 6 8 5 6 3 5 4 5 3 4 7 2 6 5 1 5
19 6 6 323 10 9 9 8 2 7 6 6 4 6 6 2 2 5 8 4 1 4 5 4 5
19 6 6 323 12 7 8 7 4 5 9 5 4 6 7 1 4 4 7 4 4 4 3 3 5
19 6 6 324 7 12 9 6 4 7 8 4 6 5 4 3 5 4 4 6 4 2 5 8 0
19 6 6 324 8 11 7 10 2 7 5 7 6 3 8 1 5 4 5 5 5 3 3 3 5
19 6 6 324 8 11 9 8 2 8 5 6 6 3 8 1 4 4 5 6 3 3 3 5 5
19 6 6 324 9 10 8 8 3 6 8 5 5 5 5 3 5 1 9 4 4 3 2 5 5
19 6 6 324 9 10 8 8 3 7 5 7 6 2 8 2 4 5 3 7 2 6 4 2 5
19 6 6 324 10 9 7 7 5 5 8 6 5 5 4 4 5 5 2 7 5 3 6 0 5
19 6 6 324 12 7 8 9 2 6 7 6 4 6 7 1 3 6 5 5 4 2 5 3 5
19 6 6 324 12 7 9 5 5 6 7 6 4 6 7 1 3 6 5 5 3 5 2 4 5
19 6 8 307 10 9 8 7 4 6 7 6 5 5 6 2 4 5 4 6 3 5 4 2 5
19 6 8 311 9 10 8 7 4 7 5 7 5 6 6 1 4 6 4 5 5 3 2 4 5
19 6 8 313 9 10 9 7 3 7 7 5 5 6 6 1 4 4 6 5 4 2 3 5 5
19 6 8 314 8 11 9 6 4 7 7 5 5 7 3 3 4 5 4 6 4 2 4 4 5
19 6 8 314 9 10 7 9 3 6 7 6 5 6 6 1 5 4 6 4 6 2 3 3 5
19 6 8 314 10 9 9 7 3 7 6 6 5 5 6 2 3 6 3 7 2 4 5 3 5
19 6 8 315 9 10 8 7 4 6 8 5 5 6 6 1 5 3 7 4 5 3 2 4 5
19 6 8 316 9 10 8 9 2 7 6 6 5 6 6 1 4 5 5 5 5 1 4 4 5
19 6 8 316 9 10 9 5 5 7 6 6 5 6 6 1 4 5 5 5 4 4 1 5 5
19 6 8 316 10 9 8 9 2 6 8 5 5 5 6 2 4 4 5 6 3 3 6 2 5
19 6 8 317 10 9 8 7 4 6 7 6 4 8 3 3 4 4 7 4 5 2 2 5 5
19 6 8 317 10 9 8 8 3 6 7 6 4 7 4 3 3 5 6 5 3 2 7 2 5
19 6 8 317 10 9 9 6 4 6 9 4 5 6 5 2 4 5 4 6 3 3 6 7 0
19 6 8 317 12 7 7 8 4 5 7 7 4 6 6 2 4 4 7 4 4 5 2 3 5
19 6 8 319 11 8 8 7 4 6 7 6 5 5 8 0 4 6 4 5 4 4 4 7 0
19 6 8 320 10 9 9 6 4 7 5 7 4 7 4 3 2 7 4 6 2 3 6 3 5
19 6 8 320 10 9 9 7 3 8 4 7 5 7 4 2 3 7 6 3 3 4 5 7 0
19 6 8 321 9 10 7 9 3 7 4 8 5 6 6 1 4 7 3 5 6 2 3 3 5
19 6 8 321 9 10 9 7 3 8 4 7 5 6 6 1 3 7 3 6 4 2 3 5 5
19 6 8 321 9 10 10 6 3 8 6 5 6 5 4 3 4 4 6 5 1 7 3 3 5
19 6 8 321 12 7 9 6 4 6 7 6 4 6 6 2 3 4 7 5 2 5 2 5 5
19 6 8 322 9 10 8 8 3 7 5 7 4 8 4 2 3 6 6 4 5 0 5 4 5
19 6 8 322 9 10 10 5 4 8 5 6 5 6 6 1 3 6 4 6 3 3 2 6 5
19 6 8 322 10 9 9 4 6 6 8 5 5 6 5 2 4 6 3 6 3 5 4 7 0
19 6 8 323 9 10 8 9 2 8 3 8 6 4 5 3 4 5 5 5 3 4 6 1 5
19 6 8 323 10 9 9 8 2 8 4 7 5 6 5 2 3 5 8 3 2 5 4 3 5
19 6 8 323 11 8 7 9 3 6 6 7 5 5 8 0 4 7 3 5 5 3 5 6 0
19 6 8 323 11 8 8 6 5 5 9 5 5 5 5 3 5 3 5 6 3 7 1 3 5
19 6 8 324 8 11 9 4 6 7 6 6 5 7 3 3 4 6 3 6 4 4 2 4 5
19 6 8 324 9 10 10 7 2 8 6 5 5 6 6 1 3 5 5 6 3 1 4 6 5
19 6 8 324 10 9 9 5 5 7 5 7 5 5 6 2 3 7 2 7 2 6 3 3 5
19 6 8 324 10 9 9 7 3 7 7 5 5 7 4 2 4 4 9 2 3 4 5 7 0
19 6 9 310 9 10 8 6 5 6 7 6 5 6 4 3 5 3 5 6 5 2 3 4 5
19 6 9 311 10 9 8 7 4 6 7 6 5 5 7 1 4 5 4 6 3 5 4 2 5
19 6 9 313 8 11 9 6 4 7 7 5 5 7 4 2 4 5 4 6 4 2 4 4 5
19 6 9 316 7 12 8 8 3 7 6 6 6 4 5 3 5 2 6 6 3 4 3 4 5
19 6 9 316 10 9 8 7 4 6 7 6 4 8 4 2 4 4 7 4 5 2 2 5 5
19 6 9 317 9 10 8 8 3 6 7 6 4 6 7 1 3 4 6 6 3 2 3 6 5
19 6 9 317 11 8 8 7 4 5 9 5 4 7 4 3 4 3 7 5 3 4 4 3 5
19 6 9 317 11 8 9 5 5 6 7 6 4 7 4 3 3 5 5 6 2 5 3 4 5
19 6 9 318 10 9 7 9 3 6 6 7 4 8 4 2 4 5 6 4 6 1 3 4 5
19 6 9 318 12 7 8 8 3 6 6 7 4 6 7 1 3 5 6 5 3 4 3 4 5
19 6 9 319 10 9 7 7 5 6 5 8 4 8 4 2 4 6 5 4 6 3 1 4 5
19 6 9 319 10 9 9 7 3 7 6 6 4 8 4 2 3 5 6 5 4 1 3 6 5
19 6 9 319 11 8 7 9 3 5 8 6 5 4 7 2 5 2 6 6 4 3 5 2 5
19 6 9 320 9 10 8 8 3 6 8 5 5 6 4 3 5 2 6 6 5 0 5 4 5
19 6 9 320 10 9 8 6 5 5 9 5 5 5 4 4 5 2 5 7 3 4 5 2 5
19 6 9 320 10 9 9 6 4 6 9 4 5 6 6 1 4 5 4 6 3 3 6 7 0
19 6 9 321 9 10 10 6 3 8 6 5 6 5 5 2 4 4 6 5 1 7 3 3 5
19 6 9 321 12 7 7 8 4 5 7 7 4 6 7 1 4 4 7 4 4 5 2 3 5
19 6 9 322 8 11 9 7 3 8 4 7 5 6 5 2 3 5 6 5 2 5 1 6 5
19 6 9 322 9 10 9 4 6 7 5 7 5 6 4 3 4 5 3 7 4 3 2 5 5
19 6 9 322 10 9 9 7 3 8 4 7 5 7 5 1 3 7 6 3 3 4 5 7 0
19 6 9 322 11 8 8 5 6 5 8 6 4 7 4 3 4 4 6 5 3 6 2 3 5
19 6 9 323 7 12 9 6 4 8 4 7 6 4 5 3 4 4 4 7 2 5 2 5 5
19 6 9 323 8 11 9 4 6 7 6 6 5 7 4 2 4 6 3 6 4 4 2 4 5
19 6 9 323 8 11 9 5 5 6 8 5 4 7 4 3 3 4 5 7 2 3 3 6 5
19 6 9 323 9 10 9 5 5 7 6 6 5 7 3 3 4 6 2 7 4 4 1 5 5
19 6 9 323 9 10 10 4 5 7 7 5 5 6 4 3 4 3 5 7 3 2 3 6 5
19 6 9 323 10 9 9 5 5 7 5 7 4 8 4 2 3 6 5 5 4 3 1 6 5
19 6 9 323 11 8 8 9 2 7 5 7 5 6 5 2 4 4 8 3 3 6 2 3 5
19 6 9 324 8 11 10 4 5 7 8 4 5 7 4 2 4 4 5 6 3 3 3 5 5
19 6 9 324 9 10 9 5 5 6 9 4 5 7 3 3 5 3 5 6 4 4 1 5 5
19 6 9 324 9 10 10 5 4 7 8 4 5 7 3 3 4 4 4 7 3 3 2 6 5
19 6 9 324 10 9 9 7 3 7 6 6 5 6 3 4 4 2 9 4 2 4 5 3 5
19 6 9 324 11 8 8 6 5 6 6 7 5 5 6 2 4 6 2 7 3 7 1 3 5
19 6 11 311 10 9 9 6 4 7 6 6 5 7 4 2 4 5 4 6 3 4 5 2 5
19 6 11 312 9 10 7 8 4 6 6 7 5 6 6 1 5 4 4 6 5 4 1 4 5
19 6 11 312 10 9 8 6 5 6 7 6 5 7 4 2 5 4 5 5 4 5 4 1 5
19 6 11 315 9 10 8 7 4 6 7 6 4 8 4 2 4 3 7 5 4 2 3 5 5
19 6 11 315 9 10 8 8 3 7 5 7 5 6 6 1 4 5 3 7 4 3 2 5 5
19 6 11 316 9 10 7 9 3 6 6 7 4 8 4 2 4 4 6 5 5 1 4 4 5
19 6 11 316 9 10 8 8 3 7 5 7 6 4 5 3 5 2 6 6 2 6 4 2 5
19 6 11 316 11 8 8 8 3 6 6 7 4 6 7 1 3 4 6 6 2 4 4 4 5
19 6 11 317 9 10 8 8 3 6 8 5 5 6 6 1 5 2 6 6 4 3 2 5 5
19 6 11 317 10 9 8 8 3 6 8 5 5 7 4 2 5 3 6 5 4 3 6 1 5
19 6 11 317 10 9 8 8 3 7 5 7 5 7 4 2 4 6 3 6 4 3 6 1 5
19 6 11 318 9 10 7 10 2 6 7 6 5 6 6 1 5 3 5 6 5 2 3 4 5
19 6 11 318 9 10 9 6 4 7 6 6 5 6 6 1 4 4 4 7 3 4 1 6 5
19 6 11 318 12 7 8 7 4 6 6 7 4 8 4 2 4 4 7 4 4 4 3 3 5
19 6 11 319 9 10 8 6 5 6 7 6 5 6 6 1 5 3 5 6 4 5 0 5 5
19 6 11 319 10 9 9 5 5 6 7 6 4 7 4 3 3 4 5 7 1 5 4 4 5
19 6 11 320 7 12 9 6 4 7 7 5 5 7 4 2 4 4 4 7 3 2 5 4 5
19 6 11 320 9 10 9 7 3 7 6 6 4 8 4 2 3 4 6 6 3 1 4 6 5
19 6 11 320 10 9 8 7 4 5 9 5 4 7 4 3 4 2 7 6 2 4 5 3 5
19 6 11 320 10 9 9 6 4 7 6 6 5 7 4 2 4 4 7 4 2 6 3 8 0
19 6 11 320 10 9 10 4 5 7 7 5 5 7 4 2 4 4 5 6 2 5 4 3 5
19 6 11 321 8 11 7 7 5 6 6 7 6 4 6 2 6 3 2 8 5 4 2 3 5
19 6 11 321 9 10 9 5 5 7 5 7 4 8 4 2 3 5 5 6 3 3 2 6 5
19 6 11 321 10 9 8 9 2 7 5 7 5 6 5 2 4 3 8 4 2 6 3 3 5
19 6 11 321 10 9 9 8 2 7 7 5 5 7 4 2 4 4 5 6 3 2 7 2 5
19 6 11 322 8 11 7 9 3 6 7 6 6 4 6 2 6 2 3 8 5 2 4 3 5
19 6 11 322 10 9 9 6 4 6 9 4 5 7 4 2 5 2 7 5 3 4 5 2 5
19 6 11 322 10 9 10 6 3 7 8 4 5 7 4 2 4 3 6 6 2 3 6 3 5
19 6 11 322 11 8 7 8 4 5 8 6 5 5 8 0 5 4 4 6 4 5 3 7 0
19 6 11 322 12 7 8 8 3 6 7 6 5 6 6 1 4 6 3 6 3 4 8 4 0
19 6 11 322 12 7 9 6 4 6 8 5 5 6 6 1 4 5 4 6 2 5 7 5 0
19 6 11 323 9 10 8 7 4 6 8 5 5 7 5 1 5 4 4 6 5 2 3 9 0
19 6 11 323 10 9 8 6 5 6 6 7 5 5 6 2 4 5 2 8 2 7 2 3 5
19 6 11 323 10 9 8 6 5 7 4 8 5 7 4 2 4 7 2 6 4 5 4 1 5
19 6 11 323 10 9 10 6 3 8 5 6 5 7 4 2 3 6 3 7 2 3 6 3 5
19 6 11 323 12 7 8 6 5 6 6 7 5 6 6 1 4 7 2 6 3 6 6 4 0
19 6 11 324 9 10 9 8 2 8 5 6 6 5 7 0 4 5 5 5 2 5 5 7 0
19 6 12 311 8 11 7 8 4 6 6 7 5 6 5 2 5 3 4 7 4 4 2 4 5
19 6 12 313 11 8 8 8 3 6 7 6 5 6 5 2 5 2 6 6 3 5 3 3 5
19 6 12 314 10 9 9 7 3 7 6 6 5 6 6 1 4 3 6 6 2 4 5 3 5
19 6 12 315 10 9 9 6 4 7 6 6 5 7 5 1 4 5 4 6 3 3 6 7 0
19 6 12 317 9 10 9 6 4 7 6 6 5 7 3 3 4 4 4 7 2 4 6 2 5
19 6 12 318 10 9 8 8 3 6 8 5 5 7 5 1 5 3 6 5 4 2 7 6 0
19 6 12 318 10 9 8 9 2 7 5 7 5 6 6 1 4 4 5 6 3 3 6 2 5
19 6 12 319 8 11 8 6 5 6 7 6 5 6 5 2 5 2 5 7 3 5 1 5 5
19 6 12 319 9 10 8 7 4 6 8 5 6 5 5 2 6 2 4 7 3 6 4 1 5
19 6 12 319 11 8 8 6 5 6 6 7 5 6 5 2 5 3 5 6 3 7 1 3 5
19 6 12 320 8 11 8 8 3 6 8 5 5 6 5 2 5 1 6 7 3 3 3 5 5
19 6 12 320 8 11 8 8 3 7 6 6 5 8 3 2 5 3 6 5 5 1 5 3 5
19 6 12 320 8 11 9 6 4 7 6 6 5 6 5 2 4 3 4 8 2 4 2 6 5
19 6 12 320 8 11 9 6 4 8 4 7 5 8 3 2 4 5 4 6 4 2 4 4 5
19 6 12 321 8 11 7 8 4 7 4 8 5 8 3 2 5 5 4 5 6 2 4 2 5
19 6 12 322 8 11 9 6 4 7 7 5 5 8 3 2 5 2 7 5 4 2 4 4 5
19 6 12 322 9 10 8 8 3 7 5 7 5 7 3 3 4 5 3 7 3 3 7 1 5
19 6 12 322 11 8 6 10 3 5 7 7 5 6 5 2 6 2 6 5 5 5 3 1 5
19 6 12 323 9 10 8 7 4 7 5 7 6 5 5 2 5 5 1 8 3 6 4 1 5
19 6 12 323 11 8 7 8 4 5 8 6 5 6 5 2 6 1 7 5 4 6 2 2 5
19 6 12 323 11 8 9 6 4 6 8 5 5 6 5 2 4 4 4 7 1 5 8 5 0
19 6 12 324 9 10 8 8 3 6 8 5 5 7 3 3 5 2 6 6 3 3 7 1 5
19 6 12 324 9 10 8 9 2 7 6 6 6 5 5 2 5 4 2 8 3 4 6 1 5
19 6 12 324 10 9 7 6 6 5 7 7 4 8 4 2 5 4 3 7 6 2 2 4 5
19 6 14 319 9 10 7 8 4 6 6 7 5 7 5 1 6 2 4 7 5 4 1 4 5
19 6 14 321 9 10 7 7 5 6 5 8 4 9 3 2 5 3 5 6 5 3 2 4 5
19 6 14 323 9 10 7 9 3 6 6 7 5 6 6 1 5 3 3 8 3 4 6 1 5
19 6 14 323 10 9 7 8 4 5 8 6 5 6 5 2 6 1 4 8 3 6 3 2 5
19 6 15 324 10 9 8 9 2 7 5 7 5 7 5 1 5 2 5 7 2 6 3 3 5
