21 7 -8 387 10 11 9 7 5 7 8 6 7 4 7 3 3 7 4 6 6 3 3 4 5
21 7 -8 392 10 11 8 9 4 6 10 5 7 4 7 3 4 5 6 5 7 2 4 3 5
21 7 -8 393 10 11 7 9 5 6 8 7 7 4 7 3 4 7 4 5 8 3 3 2 5
21 7 -8 393 10 11 8 9 4 7 7 7 7 4 7 3 3 8 3 6 7 2 4 3 5
21 7 -8 393 10 11 9 9 3 7 9 5 7 4 7 3 3 6 5 6 6 1 5 4 5
21 7 -8 393 11 10 10 8 3 8 7 6 7 4 6 4 2 6 8 4 3 5 5 3 5
21 7 -8 393 12 9 8 8 5 6 8 7 6 5 7 3 3 6 7 4 7 3 1 5 5
21 7 -8 394 11 10 9 8 4 8 5 8 7 4 6 4 2 8 6 4 4 6 4 2 5
21 7 -8 395 9 12 9 7 5 7 8 6 7 4 5 5 3 5 7 5 4 6 1 5 5
21 7 -8 395 10 11 9 8 4 7 8 6 6 6 5 4 2 7 6 5 6 0 6 4 5
21 7 -8 395 11 10 8 10 3 7 7 7 7 4 6 4 3 6 8 3 5 5 5 1 5
21 7 -8 396 10 11 10 5 6 7 9 5 7 4 7 3 3 6 5 6 5 4 2 5 5
21 7 -8 396 10 11 10 7 4 8 7 6 7 4 7 3 2 8 3 7 5 2 4 5 5
21 7 -8 396 11 10 9 9 3 7 9 5 7 5 5 4 3 6 8 3 5 3 7 6 0
21 7 -8 397 9 12 9 7 5 8 6 7 7 6 3 5 3 7 7 3 6 4 3 3 5
21 7 -8 397 10 11 8 10 3 7 7 7 7 3 8 3 3 5 8 4 5 5 1 5 5
21 7 -8 397 10 11 9 7 5 6 11 4 7 4 7 3 4 4 7 5 6 3 3 4 5
21 7 -8 398 10 11 10 8 3 8 8 5 8 3 5 5 3 6 5 6 3 6 5 2 5
21 7 -8 398 11 10 8 9 4 6 9 6 7 3 7 4 3 7 3 7 5 4 6 1 5
21 7 -8 398 11 10 9 10 2 8 6 7 7 4 6 4 2 7 7 4 4 4 6 2 5
21 7 -8 399 8 13 9 9 3 8 7 6 8 2 8 3 3 6 5 6 4 5 3 4 5
21 7 -8 399 12 9 10 6 5 7 8 6 6 5 7 3 2 6 7 5 5 3 1 7 5
21 7 -8 400 11 10 10 6 5 7 9 5 6 6 7 2 2 7 7 4 5 4 1 6 5
21 7 -6 387 11 10 9 8 4 7 8 6 6 6 7 2 3 6 7 4 6 3 2 5 5
21 7 -6 388 12 9 9 8 4 7 7 7 6 5 7 3 2 8 4 6 4 5 4 3 5
21 7 -6 389 12 9 9 8 4 6 10 5 6 5 7 3 3 5 7 5 4 5 4 3 5
21 7 -6 390 9 12 10 7 4 8 8 5 7 5 7 2 3 7 4 6 5 3 4 4 5
21 7 -6 391 11 10 8 10 3 7 7 7 6 6 7 2 3 7 6 4 7 2 3 4 5
21 7 -6 391 12 9 10 8 3 7 9 5 6 5 7 3 2 6 6 6 3 4 5 4 5
21 7 -6 392 11 10 10 8 3 8 7 6 6 6 7 2 2 7 6 5 5 2 3 6 5
21 7 -6 392 12 9 10 6 5 7 8 6 6 5 7 3 2 7 5 6 3 6 3 4 5
21 7 -6 393 10 11 10 7 4 8 7 6 6 7 4 4 2 8 4 6 5 2 4 5 5
21 7 -6 393 11 10 8 8 5 7 6 8 6 6 7 2 3 8 5 4 7 4 1 4 5
21 7 -6 393 11 10 8 9 4 6 9 6 7 3 7 4 4 5 4 7 5 4 6 1 5
21 7 -6 394 11 10 10 8 3 8 7 6 7 4 6 4 3 4 9 4 3 5 5 3 5
21 7 -6 395 10 11 10 7 4 7 10 4 6 7 4 4 3 5 7 5 5 2 4 5 5
21 7 -6 395 11 10 8 8 5 6 9 6 6 6 7 2 4 5 8 3 7 4 1 4 5
21 7 -6 395 12 9 9 6 6 6 9 6 6 5 7 3 3 6 6 5 4 7 2 3 5
21 7 -6 396 8 13 9 8 4 8 7 6 8 3 7 3 4 6 4 6 5 4 4 8 0
21 7 -6 396 9 12 9 6 6 7 8 6 7 5 4 5 4 6 3 7 6 3 4 3 5
21 7 -6 396 10 11 10 5 6 7 9 5 6 7 4 4 3 6 6 5 5 4 2 5 5
21 7 -6 396 11 10 9 10 2 8 6 7 7 4 6 4 3 5 8 4 4 4 6 2 5
21 7 -6 396 12 9 10 7 4 7 8 6 5 7 5 4 1 7 7 5 3 3 6 4 5
21 7 -6 397 11 10 9 6 6 7 7 7 6 6 7 2 3 7 6 4 6 5 0 5 5
21 7 -6 397 11 10 9 7 5 6 9 6 5 6 7 3 2 5 8 5 4 4 1 7 5
21 7 -6 397 11 10 9 8 4 8 5 8 6 6 7 2 2 9 4 5 6 3 2 5 5
21 7 -6 397 11 10 10 6 5 8 6 7 6 6 7 2 2 8 5 5 5 4 1 6 5
21 7 -6 398 8 13 9 9 3 8 7 6 8 2 8 3 4 4 6 6 4 5 3 4 5
21 7 -6 398 9 12 9 7 5 7 8 6 7 4 5 5 4 3 8 5 4 6 1 5 5
21 7 -6 398 9 12 9 8 4 7 9 5 7 5 4 5 4 5 4 7 6 1 6 3 5
21 7 -6 398 11 10 10 6 5 7 9 5 6 6 7 2 3 5 8 4 5 4 1 6 5
21 7 -6 398 11 10 11 6 4 9 5 7 7 4 6 4 2 6 7 5 2 6 4 4 5
21 7 -6 399 9 12 8 8 5 6 10 5 7 5 4 5 5 4 5 6 7 2 5 2 5
21 7 -6 399 10 11 10 7 4 8 7 6 7 5 3 6 3 5 7 5 3 5 6 2 5
21 7 -6 399 10 11 11 5 5 8 8 5 6 7 4 4 2 7 5 6 4 3 3 6 5
21 7 -6 399 11 10 11 6 4 8 8 5 6 6 7 2 2 6 7 5 4 3 2 7 5
21 7 -6 399 11 10 11 7 3 9 6 6 7 5 5 4 2 7 6 5 2 7 3 4 5
21 7 -6 400 8 13 8 10 3 7 9 5 8 3 7 3 5 4 6 5 6 3 5 7 0
21 7 -6 400 10 11 11 6 4 9 6 6 7 5 6 3 2 7 7 4 2 7 4 3 5
21 7 -6 400 11 10 8 9 4 7 6 8 5 8 5 3 2 8 7 3 7 1 4 4 5
21 7 -6 400 11 10 9 10 2 8 6 7 6 6 7 2 2 8 5 5 6 1 4 5 5
21 7 -2 387 9 12 10 7 4 8 7 6 6 6 6 3 3 5 6 6 3 5 2 6 5
21 7 -2 388 10 11 9 7 5 7 8 6 6 6 8 1 4 6 4 6 6 3 3 4 5
21 7 -2 388 11 10 9 7 5 7 7 7 5 8 5 3 3 7 4 6 6 2 3 5 5
21 7 -2 388 11 10 10 7 4 8 7 6 6 7 6 2 3 7 6 4 4 4 6 7 0
21 7 -2 388 12 9 9 9 3 7 8 6 6 6 6 3 4 4 8 4 4 6 3 3 5
21 7 -2 389 11 10 8 7 6 6 8 7 5 8 5 3 4 6 5 5 7 3 2 4 5
21 7 -2 389 11 10 10 8 3 8 7 6 6 6 7 2 3 5 8 4 3 5 5 3 5
21 7 -2 389 12 9 10 7 4 8 6 7 6 6 6 3 3 6 6 5 3 7 2 4 5
21 7 -2 389 12 9 10 8 3 8 6 7 6 5 7 3 3 4 8 5 3 4 5 4 5
21 7 -2 389 12 9 10 9 2 8 7 6 6 6 6 3 3 5 7 5 3 5 4 4 5
21 7 -2 390 11 10 8 9 4 6 9 6 5 8 5 3 4 5 6 5 7 1 4 4 5
21 7 -2 390 13 8 9 8 4 6 9 6 5 6 8 2 3 5 6 6 4 4 4 4 5
21 7 -2 391 10 11 8 8 5 6 9 6 6 6 5 4 5 4 4 7 7 1 5 3 5
21 7 -2 392 9 12 10 7 4 9 5 7 6 8 4 3 3 7 6 4 5 3 4 4 5
21 7 -2 392 13 8 8 8 5 6 7 8 5 6 8 2 3 7 4 6 5 5 3 3 5
21 7 -2 393 8 13 8 10 3 7 8 6 7 4 6 4 5 3 5 7 5 3 5 3 5
21 7 -2 393 10 11 8 9 4 7 7 7 6 6 8 1 4 7 3 6 7 2 4 3 5
21 7 -2 393 11 10 9 7 5 6 10 5 5 8 5 3 4 4 7 5 6 2 3 5 5
21 7 -2 393 11 10 9 10 2 8 6 7 6 6 7 2 3 6 7 4 4 4 6 2 5
21 7 -2 393 11 10 10 7 4 7 9 5 5 8 5 3 3 5 6 6 5 1 4 6 5
21 7 -2 393 12 9 9 7 5 7 7 7 6 6 6 3 4 5 7 4 4 8 1 3 5
21 7 -2 394 8 13 9 8 4 7 9 5 7 4 6 4 5 2 6 7 4 4 4 4 5
21 7 -2 394 9 12 9 9 3 8 6 7 7 3 9 2 4 4 5 7 4 4 3 5 5
21 7 -2 394 9 12 10 9 2 8 8 5 6 6 6 3 3 4 7 6 3 3 4 6 5
21 7 -2 394 10 11 8 10 3 6 9 6 5 6 8 2 3 5 5 7 5 1 5 5 5
21 7 -2 394 12 9 9 8 4 7 7 7 5 8 4 4 3 5 9 3 4 5 4 3 5
21 7 -2 395 10 11 9 6 6 6 10 5 6 6 5 4 5 3 5 7 6 2 4 4 5
21 7 -2 395 10 11 9 9 3 7 9 5 6 6 8 1 4 5 5 6 6 1 5 4 5
21 7 -2 395 10 11 10 6 5 7 9 5 6 6 5 4 4 4 4 8 5 1 5 5 5
21 7 -2 395 10 11 10 7 4 8 7 6 6 6 8 1 3 7 3 7 5 2 4 5 5
21 7 -2 395 11 10 10 5 6 7 8 6 5 8 5 3 3 6 5 6 5 3 2 6 5
21 7 -2 395 12 9 9 8 4 7 7 7 5 7 8 1 3 6 6 5 6 2 2 6 5
21 7 -2 395 13 8 7 10 4 5 9 7 5 6 8 2 4 5 6 5 6 4 4 2 5
21 7 -2 396 8 13 10 6 5 8 7 6 7 4 6 4 4 4 4 8 3 5 3 5 5
21 7 -2 396 9 12 10 6 5 7 10 4 6 7 5 3 4 5 4 7 5 2 5 4 5
21 7 -2 396 10 11 8 9 4 6 10 5 6 6 8 1 5 4 6 5 7 2 4 3 5
21 7 -2 396 13 8 8 8 5 5 10 6 5 6 8 2 4 4 7 5 5 5 3 3 5
21 7 -2 397 9 12 10 7 4 8 8 5 6 8 4 3 4 4 9 3 5 3 4 4 5
21 7 -2 397 10 11 11 6 4 8 9 4 7 5 6 3 4 4 6 6 2 7 4 3 5
21 7 -2 397 10 11 11 7 3 9 6 6 7 4 7 3 3 5 5 7 2 4 7 3 5
21 7 -2 397 11 10 9 8 4 7 7 7 6 4 9 2 3 5 6 6 2 8 2 4 5
21 7 -2 397 11 10 10 8 3 9 4 8 6 6 7 2 2 8 5 5 3 5 5 3 5
21 7 -2 397 11 10 11 5 5 8 7 6 6 6 4 5 3 4 7 6 2 5 5 4 5
21 7 -2 397 11 10 11 6 4 9 5 7 6 6 7 2 2 7 6 5 2 6 4 4 5
21 7 -2 397 12 9 11 7 3 8 8 5 6 6 6 3 3 4 8 5 2 6 3 5 5
21 7 -2 397 13 8 9 6 6 6 8 7 5 6 8 2 3 6 5 6 4 6 2 4 5
21 7 -2 398 8 13 10 8 3 8 8 5 7 4 6 4 4 3 5 8 3 3 5 5 5
21 7 -2 398 9 12 11 5 5 9 6 6 6 8 4 3 3 6 7 4 4 4 3 5 5
21 7 -2 398 10 11 10 7 4 7 10 4 6 7 4 4 4 5 3 8 5 2 4 5 5
21 7 -2 398 10 11 11 5 5 8 8 5 6 7 4 4 3 5 7 5 2 6 5 3 5
21 7 -2 398 10 11 11 8 2 9 7 5 7 5 6 3 3 6 4 7 2 5 6 3 5
21 7 -2 398 11 10 11 6 4 8 8 5 6 7 3 5 3 5 6 6 2 6 4 4 5
21 7 -2 398 12 9 8 8 5 6 8 7 5 7 8 1 4 5 7 4 7 3 1 5 5
21 7 -2 398 13 8 8 7 6 5 10 6 5 7 7 2 4 6 5 5 6 4 4 7 0
21 7 -2 399 7 14 9 8 4 8 7 6 7 5 6 3 5 3 6 6 6 2 2 6 5
21 7 -2 399 9 12 10 8 3 8 7 6 5 8 4 4 2 5 8 5 3 2 5 6 5
21 7 -2 399 9 12 11 7 3 9 6 6 6 6 6 3 2 6 5 7 2 4 3 7 5
21 7 -2 399 10 11 8 10 3 7 7 7 6 5 9 1 4 4 8 4 5 5 1 5 5
21 7 -2 399 10 11 11 6 4 9 6 6 7 5 6 3 3 7 3 7 2 7 4 3 5
21 7 -2 399 11 10 9 10 2 7 8 6 6 4 9 2 3 4 7 6 2 6 4 4 5
21 7 -2 399 11 10 11 8 2 9 6 6 6 6 7 2 2 6 7 5 2 4 6 4 5
21 7 -2 399 12 9 10 5 6 6 10 5 5 7 5 4 3 5 5 7 3 5 4 4 5
21 7 -2 399 13 8 10 6 5 7 7 7 5 6 8 2 2 7 4 7 3 5 3 5 5
21 7 -2 400 9 12 11 7 3 9 7 5 6 8 4 3 3 5 8 4 4 2 5 5 5
21 7 -2 400 10 11 9 10 2 8 6 7 6 5 9 1 3 5 7 5 4 4 2 6 5
21 7 -2 400 10 11 11 7 3 9 6 6 6 7 4 4 2 7 5 6 2 4 7 3 5
21 7 -2 400 11 10 9 5 7 6 9 6 5 8 5 3 4 5 6 5 6 4 1 5 5
21 7 -2 400 11 10 9 8 4 7 7 7 5 7 6 3 2 8 3 7 4 2 8 2 5
21 7 -2 400 12 9 10 6 5 8 5 8 5 8 4 4 2 7 7 4 3 6 3 4 5
21 7 -2 400 12 9 10 7 4 7 9 5 6 6 6 3 4 3 9 4 3 7 2 4 5
21 7 0 384 12 9 8 8 5 6 8 7 6 5 7 3 5 4 5 6 5 6 3 2 5
21 7 0 385 9 12 9 8 4 7 8 6 6 5 7 3 4 4 4 8 4 3 4 5 5
21 7 0 386 9 12 7 10 4 6 8 7 6 5 7 3 5 4 4 7 6 3 4 3 5
21 7 0 388 12 9 10 6 5 7 8 6 6 5 7 3 4 4 5 7 3 6 3 4 5
21 7 0 389 8 13 9 9 3 8 7 6 7 5 5 4 5 3 6 6 4 5 3 4 5
21 7 0 389 9 12 9 8 4 8 6 7 6 7 5 3 4 6 4 6 6 1 6 3 5
21 7 0 389 12 9 8 10 3 6 9 6 6 5 7 3 5 3 6 6 5 4 5 2 5
21 7 0 389 13 8 9 9 3 7 7 7 5 7 7 2 3 6 6 5 4 5 3 4 5
21 7 0 390 11 10 8 9 4 7 6 8 5 8 5 3 4 5 7 4 7 1 4 4 5
21 7 0 391 10 11 9 7 5 7 8 6 7 4 7 3 5 4 5 6 3 8 3 7 0
21 7 0 391 11 10 10 7 4 8 6 7 5 8 5 3 3 5 7 5 5 1 4 6 5
21 7 0 392 8 13 9 8 4 8 6 7 6 7 3 5 4 4 7 5 4 4 4 4 5
21 7 0 392 10 11 9 8 4 7 8 6 6 6 5 4 4 5 4 7 4 3 8 1 5
21 7 0 392 10 11 10 7 4 8 7 6 5 9 5 2 3 6 7 4 5 2 4 5 5
21 7 0 392 12 9 9 8 4 6 10 5 6 5 7 3 5 2 7 6 4 5 4 3 5
21 7 0 393 11 10 10 7 4 8 7 6 7 5 5 4 4 6 4 6 2 7 8 4 0
21 7 0 393 11 10 10 8 3 8 7 6 5 9 4 3 3 6 6 5 5 2 3 6 5
21 7 0 394 8 13 9 7 5 8 6 7 7 5 5 4 5 4 5 6 4 7 1 4 5
21 7 0 394 11 10 9 7 5 6 10 5 6 6 4 5 5 3 5 7 4 5 5 2 5
21 7 0 395 9 12 8 11 2 8 5 8 6 6 6 3 4 4 8 4 5 3 4 4 5
21 7 0 395 10 11 9 7 5 7 8 6 7 4 7 3 5 5 2 8 4 6 5 1 5
21 7 0 395 10 11 10 7 4 7 9 5 5 7 7 2 3 4 7 6 3 4 2 7 5
21 7 0 395 12 9 9 6 6 6 9 6 6 5 7 3 5 3 6 6 4 7 2 3 5
21 7 0 395 12 9 9 6 6 7 6 8 6 5 7 3 4 6 3 7 4 7 2 3 5
21 7 0 395 13 8 10 7 4 7 8 6 5 7 7 2 3 5 7 5 3 6 2 5 5
21 7 0 396 8 13 10 7 4 9 5 7 7 5 5 4 4 5 4 7 3 6 2 5 5
21 7 0 396 9 12 8 10 3 8 5 8 7 4 8 2 5 4 6 5 5 6 1 4 5
21 7 0 396 10 11 10 7 4 8 6 7 5 7 7 2 2 7 4 7 3 4 2 7 5
21 7 0 396 12 9 10 8 3 8 6 7 5 7 8 1 2 7 6 5 3 4 5 4 5
21 7 0 397 9 12 8 10 3 6 10 5 6 5 7 3 5 2 6 7 5 2 5 4 5
21 7 0 397 9 12 10 9 2 9 5 7 6 6 6 3 3 4 8 5 3 3 4 6 5
21 7 0 397 11 10 9 6 6 6 9 6 5 7 6 3 4 5 3 8 6 1 4 5 5
21 7 0 397 11 10 10 6 5 8 6 7 5 9 4 3 3 7 5 5 5 4 1 6 5
21 7 0 397 11 10 11 5 5 8 7 6 5 8 5 3 2 7 5 6 2 5 5 4 5
21 7 0 398 9 12 10 8 3 8 8 5 6 7 5 3 4 4 6 6 5 0 7 4 5
21 7 0 398 9 12 11 6 4 9 6 6 6 7 5 3 3 6 4 7 4 1 6 5 5
21 7 0 398 10 11 8 10 3 7 7 7 7 3 8 3 5 3 6 6 3 8 3 2 5
21 7 0 398 11 10 9 9 3 8 5 8 6 5 8 2 3 7 3 7 4 3 7 2 5
21 7 0 398 13 8 9 7 5 7 6 8 5 7 7 2 3 7 5 5 4 7 1 4 5
21 7 0 399 8 13 9 8 4 8 6 7 6 6 7 2 4 5 4 7 6 1 2 7 5
21 7 0 399 8 13 10 7 4 8 8 5 7 5 5 4 5 2 7 6 3 6 2 5 5
21 7 0 399 11 10 7 8 6 5 9 7 5 7 6 3 5 5 3 7 8 1 4 3 5
21 7 0 399 11 10 10 6 5 8 6 7 6 7 3 5 4 4 8 4 3 7 3 3 5
21 7 0 399 11 10 10 8 3 8 7 6 6 7 3 5 4 3 9 4 3 5 5 3 5
21 7 0 399 11 10 11 7 3 8 8 5 5 8 5 3 2 6 6 6 2 3 7 4 5
21 7 0 399 12 9 7 8 6 6 6 9 6 5 7 3 5 6 3 6 6 7 2 1 5
21 7 0 400 9 12 9 8 4 8 6 7 7 4 8 2 5 3 7 5 4 7 0 5 5
21 7 0 400 9 12 9 10 2 9 4 8 7 4 8 2 4 5 5 6 4 5 2 5 5
21 7 0 400 9 12 10 8 3 9 5 7 7 4 8 2 4 4 6 6 3 6 1 6 5
21 7 0 400 10 11 8 9 4 6 10 5 7 4 7 3 6 3 4 7 5 5 6 0 5
21 7 0 400 10 11 9 6 6 7 7 7 5 9 2 5 4 5 6 5 6 2 4 4 5
21 7 0 400 10 11 10 6 5 8 6 7 6 6 5 4 3 7 2 8 3 4 7 2 5
21 7 0 400 11 10 8 8 5 7 6 8 6 7 3 5 5 4 8 3 5 7 3 1 5
21 7 0 400 12 9 6 10 5 5 8 8 6 5 7 3 6 4 5 5 7 6 3 0 5
21 7 0 400 12 9 7 10 4 5 10 6 6 5 7 3 6 2 7 5 6 5 4 1 5
21 7 0 400 12 9 9 7 5 6 9 6 4 9 6 2 3 6 5 6 6 1 3 6 5
21 7 4 382 10 11 8 9 4 7 6 8 5 7 7 2 4 5 6 5 5 4 2 5 5
21 7 4 382 11 10 9 8 4 7 8 6 6 6 7 2 5 4 6 5 4 6 4 2 5
21 7 4 383 11 10 10 8 3 8 7 6 6 6 7 2 4 5 5 6 3 5 5 3 5
21 7 4 386 11 10 10 7 4 8 6 7 5 8 5 3 3 6 6 5 3 4 6 3 5
21 7 4 388 11 10 9 8 4 8 5 8 6 6 7 2 4 7 3 6 4 6 4 2 5
21 7 4 389 11 10 10 6 5 8 6 7 6 6 7 2 4 6 4 6 3 7 3 3 5
21 7 4 390 10 11 9 9 3 7 8 6 5 7 7 2 4 3 8 5 4 3 3 6 5
21 7 4 390 10 11 10 7 4 8 6 7 5 7 7 2 3 5 6 6 3 4 2 7 5
21 7 4 390 11 10 9 10 2 8 6 7 6 6 7 2 4 6 4 6 4 4 6 2 5
21 7 4 390 11 10 10 7 4 7 8 6 5 6 7 3 3 4 6 7 1 6 4 5 5
21 7 4 391 9 12 10 7 4 8 7 6 6 6 6 3 4 5 3 8 3 5 2 6 5
21 7 4 391 11 10 11 6 4 8 8 5 6 6 7 2 4 4 6 6 2 6 4 4 5
21 7 4 392 10 11 8 8 5 6 9 6 5 8 6 2 5 5 4 6 7 1 5 3 5
21 7 4 392 10 11 8 11 2 7 7 7 5 7 7 2 4 4 7 5 5 2 4 5 5
21 7 4 392 12 9 10 6 5 7 8 6 5 8 4 4 4 4 7 5 3 6 3 4 5
21 7 4 392 13 8 9 9 3 7 7 7 5 7 7 2 4 4 8 4 4 5 3 4 5
21 7 4 393 8 13 8 9 4 8 5 8 7 5 5 4 6 3 6 5 5 6 2 3 5
21 7 4 393 8 13 10 8 3 8 8 5 6 6 7 2 4 4 5 7 3 3 5 5 5
21 7 4 393 11 10 8 7 6 6 8 7 6 6 4 5 6 3 5 6 5 6 4 1 5
21 7 4 393 11 10 9 7 5 6 10 5 5 8 5 3 5 4 4 7 6 2 3 5 5
21 7 4 393 11 10 9 9 3 7 8 6 5 8 5 3 4 4 8 4 4 3 7 2 5
21 7 4 393 11 10 9 9 3 8 5 8 5 8 5 3 3 7 5 5 4 3 7 2 5
21 7 4 393 13 8 8 7 6 5 9 7 4 8 6 3 4 5 5 6 5 4 4 3 5
21 7 4 394 10 11 8 10 3 7 7 7 6 5 9 1 5 4 5 6 5 5 1 5 5
21 7 4 394 11 10 10 6 5 7 9 5 6 6 7 2 5 3 7 5 3 7 3 3 5
21 7 4 394 13 8 8 9 4 7 5 9 5 7 7 2 4 6 6 4 5 6 2 3 5
21 7 4 395 10 11 10 6 5 7 9 5 5 8 6 2 4 5 4 7 5 1 5 5 5
21 7 4 395 11 10 8 7 6 6 8 7 5 8 5 3 5 6 2 7 7 3 2 4 5
21 7 4 395 11 10 9 10 2 7 9 5 6 6 7 2 5 3 7 5 4 4 6 2 5
21 7 4 395 12 9 9 6 6 7 6 8 5 8 4 4 4 6 5 5 4 7 2 3 5
21 7 4 396 8 13 10 7 4 9 5 7 7 5 5 4 5 3 6 6 3 6 2 5 5
21 7 4 396 10 11 9 6 6 7 7 7 5 8 6 2 4 7 2 7 6 2 4 4 5
21 7 4 396 10 11 9 8 4 7 8 6 5 8 6 2 4 6 3 7 6 0 6 4 5
21 7 4 396 11 10 10 5 6 7 8 6 6 6 4 5 5 3 5 7 3 6 4 3 5
21 7 4 396 12 9 10 8 3 7 9 5 5 8 4 4 4 3 8 5 3 4 5 4 5
21 7 4 396 13 8 10 7 4 8 5 8 5 7 7 2 3 6 6 5 3 6 2 5 5
21 7 4 397 9 12 10 6 5 7 9 5 5 8 4 4 4 3 7 6 3 4 3 6 5
21 7 4 397 10 11 9 7 5 8 4 9 5 7 7 2 3 7 4 6 4 5 1 6 5
21 7 4 397 10 11 10 9 2 8 7 6 5 7 7 2 3 4 7 6 3 2 4 7 5
21 7 4 397 10 11 11 5 5 8 8 5 6 7 4 4 4 5 4 7 2 6 5 3 5
21 7 4 397 11 10 9 6 6 6 9 6 5 7 6 3 4 6 2 8 4 4 6 2 5
21 7 4 397 11 10 9 9 3 6 10 5 5 6 7 3 4 2 8 6 2 5 5 4 5
21 7 4 397 11 10 11 8 2 9 6 6 6 6 7 2 3 6 4 7 2 4 6 4 5
21 7 4 397 12 9 8 9 4 6 8 7 5 6 9 1 4 6 3 7 5 3 6 2 5
21 7 4 397 13 8 9 7 5 7 6 8 5 7 7 2 4 5 7 4 4 7 1 4 5
21 7 4 398 10 11 9 9 3 8 6 7 5 9 5 2 4 5 8 3 6 1 5 4 5
21 7 4 398 10 11 10 7 4 9 4 8 5 9 5 2 3 7 6 4 5 2 4 5 5
21 7 4 398 11 10 11 6 4 9 5 7 6 6 7 2 3 7 3 7 2 6 4 4 5
21 7 4 398 12 9 8 7 6 6 7 8 4 9 6 2 4 6 5 5 7 2 2 5 5
21 7 4 399 8 13 9 9 3 8 7 6 6 7 6 2 5 4 5 6 6 2 1 7 5
21 7 4 399 8 13 9 9 3 8 7 6 7 5 5 4 6 1 8 5 4 5 3 4 5
21 7 4 399 9 12 8 9 4 7 7 7 7 3 9 2 6 3 3 8 5 5 2 4 5
21 7 4 399 9 12 10 8 3 9 5 7 6 7 5 3 4 4 8 4 3 6 1 6 5
21 7 4 399 10 11 9 10 2 8 6 7 6 5 9 1 4 5 4 7 4 4 2 6 5
21 7 4 399 10 11 10 8 3 8 7 6 6 6 5 4 4 4 5 7 3 2 9 2 5
21 7 4 399 11 10 10 8 3 7 10 4 6 6 7 2 5 2 8 5 3 5 5 3 5
21 7 4 399 12 9 8 9 4 6 8 7 4 9 6 2 4 5 6 5 7 0 4 5 5
21 7 4 400 8 13 8 11 2 8 6 7 7 5 5 4 6 2 7 5 5 4 4 3 5
21 7 4 400 8 13 10 9 2 9 6 6 7 5 5 4 5 2 7 6 3 4 4 5 5
21 7 4 400 10 11 9 8 4 7 8 6 6 5 9 1 5 3 6 6 4 6 0 6 5
21 7 4 400 10 11 11 7 3 8 9 4 6 7 4 4 4 4 5 7 2 4 7 3 5
21 7 4 400 11 10 10 6 5 8 6 7 5 9 4 3 3 8 4 5 4 3 7 7 0
21 7 4 400 11 10 10 9 2 8 7 6 5 8 5 3 3 5 7 5 3 2 8 3 5
21 7 4 400 11 10 11 7 3 8 8 5 5 8 5 3 3 4 8 5 2 3 7 4 5
21 7 4 400 12 9 9 7 5 6 9 6 4 9 6 2 4 4 7 5 6 1 3 6 5
21 7 4 400 13 8 9 8 4 7 6 8 4 9 5 3 3 5 9 3 4 4 4 4 5
21 7 4 400 13 8 9 8 4 7 7 7 6 5 9 1 4 7 3 6 3 7 6 5 0
21 7 6 385 10 11 9 9 3 7 8 6 5 7 7 2 4 4 6 6 4 3 3 6 5
21 7 6 386 9 12 9 8 4 7 8 6 6 5 7 3 5 3 4 8 4 3 4 5 5
21 7 6 386 10 11 9 7 5 7 7 7 5 7 7 2 4 5 5 6 4 5 1 6 5
21 7 6 387 11 10 10 8 3 8 7 6 6 6 7 2 4 6 3 7 3 5 5 3 5
21 7 6 387 13 8 9 9 3 7 7 7 5 7 7 2 4 5 6 5 4 5 3 4 5
21 7 6 388 9 12 7 10 4 6 8 7 6 5 7 3 6 3 4 7 6 3 4 3 5
21 7 6 388 11 10 10 7 4 8 6 7 5 8 5 3 3 7 4 6 3 4 6 3 5
21 7 6 389 10 11 9 8 4 7 7 7 4 9 5 3 3 5 7 5 4 2 4 6 5
21 7 6 389 11 10 10 7 4 7 9 5 5 8 5 3 4 4 7 5 3 4 6 3 5
21 7 6 390 10 11 10 7 4 8 7 6 5 9 5 2 4 5 7 4 5 2 4 5 5
21 7 6 390 12 9 10 6 5 7 8 6 5 8 4 4 4 5 5 6 3 6 3 4 5
21 7 6 391 10 11 9 7 5 8 5 8 5 9 5 2 4 7 5 4 6 3 3 4 5
21 7 6 391 11 10 10 6 5 7 9 5 6 6 7 2 5 4 5 6 3 7 3 3 5
21 7 6 392 8 13 8 9 4 8 5 8 7 5 5 4 6 4 4 6 5 6 2 3 5
21 7 6 392 8 13 9 9 3 8 7 6 7 5 5 4 6 2 6 6 4 5 3 4 5
21 7 6 392 10 11 9 8 4 7 8 6 6 6 5 4 5 4 4 7 4 3 8 1 5
21 7 6 392 10 11 10 7 4 8 6 7 5 7 7 2 3 6 4 7 3 4 2 7 5
21 7 6 392 12 9 10 8 3 8 6 7 5 7 8 1 3 6 6 5 3 4 5 4 5
21 7 6 392 13 8 8 9 4 6 8 7 5 7 7 2 5 4 7 4 5 6 2 3 5
21 7 6 393 8 13 9 8 4 8 6 7 6 7 3 5 5 3 7 5 4 4 4 4 5
21 7 6 393 10 11 9 7 5 7 8 6 7 4 7 3 6 3 5 6 3 8 3 7 0
21 7 6 393 10 11 9 9 3 8 6 7 5 9 5 2 4 6 6 4 6 1 5 4 5
21 7 6 393 11 10 11 5 5 8 7 6 5 8 5 3 3 6 5 6 2 5 5 4 5
21 7 6 393 12 9 8 10 3 7 6 8 5 7 8 1 4 6 6 4 5 4 5 2 5
21 7 6 394 13 8 10 7 4 7 8 6 5 7 7 2 4 4 7 5 3 6 2 5 5
21 7 6 395 10 11 10 7 4 7 9 5 5 7 7 2 4 3 7 6 3 4 2 7 5
21 7 6 395 11 10 9 9 3 8 5 8 6 5 8 2 4 6 3 7 4 3 7 2 5
21 7 6 395 13 8 9 7 5 7 6 8 5 7 7 2 4 6 5 5 4 7 1 4 5
21 7 6 396 8 13 9 7 5 8 6 7 7 5 5 4 6 3 5 6 4 7 1 4 5
21 7 6 396 8 13 10 7 4 9 5 7 7 5 5 4 5 4 4 7 3 6 2 5 5
21 7 6 396 9 12 8 11 2 8 5 8 6 6 6 3 5 3 8 4 5 3 4 4 5
21 7 6 396 11 10 10 6 5 8 6 7 6 6 7 2 4 7 2 7 3 7 3 3 5
21 7 6 396 11 10 11 7 3 8 8 5 5 8 5 3 3 5 6 6 2 3 7 4 5
21 7 6 397 9 12 10 9 2 9 5 7 6 6 6 3 4 3 8 5 3 3 4 6 5
21 7 6 397 10 11 10 6 5 8 6 7 6 6 5 4 4 6 2 8 3 4 7 2 5
21 7 6 397 11 10 9 6 6 6 9 6 5 7 6 3 5 4 3 8 6 1 4 5 5
21 7 6 397 11 10 9 7 5 6 10 5 6 6 4 5 6 2 5 7 4 5 5 2 5
21 7 6 397 13 8 8 8 5 6 7 8 4 9 5 3 4 5 8 3 5 5 3 3 5
21 7 6 398 10 11 9 6 6 6 10 5 5 8 6 2 5 5 3 7 6 2 4 4 5
21 7 6 398 12 9 9 7 5 6 9 6 4 9 6 2 4 5 5 6 6 1 3 6 5
21 7 6 398 12 9 9 9 3 7 8 6 5 8 7 1 4 6 6 4 5 2 7 7 0
21 7 6 398 12 9 11 6 4 8 7 6 5 7 8 1 3 5 7 5 2 5 4 5 5
21 7 6 398 13 8 11 7 3 8 7 6 5 7 7 2 3 5 6 6 2 5 3 6 5
21 7 6 399 8 13 9 8 4 8 6 7 6 6 7 2 5 4 4 7 6 1 2 7 5
21 7 6 399 11 10 9 7 5 6 10 5 5 8 5 3 5 5 2 8 6 2 3 5 5
21 7 6 399 11 10 10 9 2 8 7 6 5 8 5 3 3 6 5 6 3 2 8 3 5
21 7 6 399 12 9 8 10 3 6 8 7 5 5 10 1 4 4 6 6 3 6 3 4 5
21 7 6 399 12 9 9 8 4 8 4 9 5 7 8 1 3 8 4 5 4 5 4 3 5
21 7 6 400 8 13 8 9 4 7 8 6 7 5 5 4 7 1 7 5 5 6 2 3 5
21 7 6 400 8 13 11 6 4 9 7 5 6 8 5 2 4 6 4 6 4 2 6 4 5
21 7 6 400 10 11 8 9 4 6 10 5 7 4 7 3 7 1 7 5 4 7 4 6 0
21 7 6 400 10 11 9 6 6 7 7 7 5 9 2 5 5 4 6 5 6 2 4 4 5
21 7 6 400 10 11 10 7 4 9 4 8 5 9 5 2 3 8 4 5 5 2 4 5 5
21 7 6 400 10 11 11 7 3 9 6 6 5 9 5 2 3 6 6 5 4 1 5 6 5
21 7 6 400 11 10 7 8 6 5 9 7 5 7 6 3 6 4 3 7 8 1 4 3 5
21 7 6 400 11 10 10 8 3 8 6 7 5 7 6 3 3 4 9 4 1 7 3 5 5
21 7 6 400 11 10 10 9 2 8 7 6 6 5 8 2 4 4 5 7 3 2 8 3 5
21 7 6 400 13 8 10 6 5 7 7 7 4 9 5 3 3 5 8 4 3 5 3 5 5
21 7 6 400 13 8 11 6 4 8 6 7 5 6 8 2 3 4 7 6 2 4 4 6 5
21 7 10 386 9 12 8 8 5 6 9 6 6 5 7 3 6 3 4 7 5 4 3 4 5
21 7 10 386 9 12 9 8 4 7 8 6 6 5 7 3 5 4 3 8 4 3 4 5 5
21 7 10 386 13 8 9 8 4 7 6 8 5 6 8 2 4 5 6 5 4 4 4 4 5
21 7 10 387 9 12 9 9 3 8 6 7 6 6 6 3 5 3 8 4 4 4 3 5 5
21 7 10 387 12 9 9 7 5 6 9 6 5 7 5 4 5 3 7 5 4 4 5 3 5
21 7 10 387 12 9 9 8 4 7 7 7 5 7 8 1 4 6 6 4 4 5 4 3 5
21 7 10 387 13 8 9 9 3 7 7 7 5 7 7 2 4 6 5 5 4 5 3 4 5
21 7 10 388 9 12 7 10 4 6 8 7 6 5 7 3 6 4 3 7 6 3 4 3 5
21 7 10 389 8 13 9 9 3 8 7 6 7 5 5 4 6 3 5 6 4 5 3 4 5
21 7 10 389 10 11 10 7 4 8 6 7 6 5 6 4 4 4 6 6 1 7 4 4 5
21 7 10 389 10 11 10 7 4 8 7 6 5 9 5 2 4 6 6 4 5 2 4 5 5
21 7 10 389 11 10 9 9 3 7 8 6 6 5 8 2 5 4 5 6 4 3 7 2 5
21 7 10 389 11 10 10 7 4 8 6 7 6 5 8 2 4 6 3 7 3 4 6 3 5
21 7 10 389 12 9 10 5 6 7 7 7 5 7 5 4 4 5 5 6 3 5 4 4 5
21 7 10 390 8 13 9 8 4 8 6 7 6 7 3 5 5 4 6 5 4 4 4 4 5
21 7 10 391 9 12 10 7 4 9 4 8 6 6 6 3 4 5 6 5 3 5 2 6 5
21 7 10 392 9 12 8 11 2 8 5 8 6 6 6 3 5 4 7 4 5 3 4 4 5
21 7 10 392 10 11 9 7 5 7 8 6 7 4 7 3 6 4 4 6 3 8 3 7 0
21 7 10 392 10 11 9 9 3 7 8 6 6 5 6 4 5 2 8 5 2 6 5 3 5
21 7 10 392 10 11 10 7 4 7 9 5 5 7 7 2 4 4 6 6 3 4 2 7 5
21 7 10 392 13 8 10 7 4 7 8 6 5 7 7 2 4 5 6 5 3 6 2 5 5
21 7 10 393 9 12 10 9 2 9 5 7 6 6 6 3 4 4 7 5 3 3 4 6 5
21 7 10 393 10 11 9 8 4 7 8 6 6 6 5 4 5 5 3 7 4 3 8 1 5
21 7 10 393 10 11 10 6 5 7 9 5 6 6 5 4 5 4 4 7 3 4 7 2 5
21 7 10 393 12 9 10 8 3 8 6 7 5 7 8 1 3 7 5 5 3 4 5 4 5
21 7 10 394 9 12 9 6 6 7 7 7 6 5 7 3 5 5 2 8 4 5 2 5 5
21 7 10 395 7 14 10 8 3 9 6 6 7 5 6 3 5 4 5 6 3 4 5 4 5
21 7 10 395 8 13 9 7 5 8 6 7 7 5 5 4 6 4 4 6 4 7 1 4 5
21 7 10 395 10 11 10 7 4 8 6 7 5 7 7 2 3 7 3 7 3 4 2 7 5
21 7 10 395 11 10 9 7 5 6 10 5 6 6 4 5 6 3 4 7 4 5 5 2 5
21 7 10 395 11 10 11 5 5 8 7 6 5 8 5 3 3 7 4 6 2 5 5 4 5
21 7 10 396 9 12 10 8 3 8 7 6 5 7 8 1 3 6 5 6 3 2 5 6 5
21 7 10 396 10 11 10 6 5 7 8 6 4 9 5 3 3 5 7 5 3 3 3 7 5
21 7 10 396 11 10 11 7 3 8 8 5 5 8 5 3 3 6 5 6 2 3 7 4 5
21 7 10 397 8 13 8 8 5 7 7 7 6 6 7 2 6 4 4 6 7 2 1 6 5
21 7 10 397 8 13 10 7 4 9 5 7 7 5 5 4 5 5 3 7 3 6 2 5 5
21 7 10 397 9 12 8 10 3 6 10 5 6 5 7 3 6 2 5 7 5 2 5 4 5
21 7 10 397 10 11 8 9 4 7 6 8 6 4 10 1 5 5 3 7 5 4 2 5 5
21 7 10 397 10 11 10 5 6 8 6 7 5 9 5 2 4 7 5 4 5 4 2 5 5
21 7 10 397 12 9 9 9 3 6 9 6 4 7 8 2 3 4 8 5 2 4 5 5 5
21 7 10 397 12 9 10 7 4 7 7 7 4 7 8 2 2 6 6 6 1 5 4 6 5
21 7 10 397 12 9 11 6 4 8 7 6 5 7 8 1 3 6 6 5 2 5 4 5 5
21 7 10 397 13 8 8 10 3 6 8 7 5 6 8 2 5 3 8 4 5 3 5 3 5
21 7 10 397 13 8 9 7 5 7 6 8 5 7 7 2 4 7 4 5 4 7 1 4 5
21 7 10 397 13 8 10 8 3 7 8 6 5 6 8 2 4 3 8 5 3 3 5 5 5
21 7 10 398 8 13 10 7 4 8 8 5 7 5 5 4 6 2 6 6 3 6 2 5 5
21 7 10 398 9 12 10 7 4 7 9 5 5 7 5 4 4 3 6 7 3 1 6 6 5
21 7 10 398 10 11 8 10 3 7 7 7 7 3 8 3 6 3 5 6 3 8 3 2 5
21 7 10 398 12 9 9 10 2 7 8 6 5 7 8 1 4 5 7 4 4 3 6 3 5
21 7 10 398 12 9 10 8 3 7 9 5 5 7 8 1 4 4 8 4 3 4 5 4 5
21 7 10 398 13 8 10 6 5 7 7 7 4 9 5 3 3 6 7 4 3 5 3 5 5
21 7 10 398 13 8 10 9 2 7 9 5 5 7 7 2 4 4 7 5 3 4 4 5 5
21 7 10 398 13 8 11 6 4 8 6 7 5 6 8 2 3 5 6 6 2 4 4 6 5
21 7 10 398 13 8 11 7 3 8 7 6 5 7 7 2 3 6 5 6 2 5 3 6 5
21 7 10 399 8 13 10 6 5 8 7 6 6 7 3 5 5 3 7 5 3 5 3 5 5
21 7 10 399 9 12 9 10 2 8 7 6 7 4 8 2 5 5 4 6 3 4 8 6 0
21 7 10 399 9 12 11 7 3 9 6 6 6 6 6 3 4 3 8 5 2 4 3 7 5
21 7 10 399 10 11 9 6 6 7 7 7 5 9 2 5 5 5 5 5 6 2 4 4 5
21 7 10 399 10 11 11 5 5 8 8 5 5 9 5 2 4 5 7 4 4 3 3 6 5
21 7 10 399 10 11 11 7 3 9 6 6 6 7 4 4 4 4 8 4 2 4 7 3 5
21 7 10 399 11 10 9 6 6 6 9 6 5 7 6 3 5 5 2 8 6 1 4 5 5
21 7 10 399 11 10 9 9 3 8 5 8 6 5 8 2 4 7 2 7 4 3 7 2 5
21 7 10 399 11 10 9 10 2 8 5 8 6 4 9 2 4 4 7 5 2 6 4 4 5
21 7 10 399 12 9 9 7 5 6 9 6 4 9 6 2 4 6 4 6 6 1 3 6 5
21 7 10 399 12 9 11 5 5 7 9 5 5 7 5 4 4 3 7 6 2 4 5 5 5
21 7 10 399 13 8 9 7 5 6 9 6 5 7 7 2 5 4 7 4 4 7 1 4 5
21 7 10 400 8 13 9 8 4 8 6 7 6 6 7 2 5 5 3 7 6 1 2 7 5
21 7 10 400 9 12 8 10 3 7 8 6 6 7 5 3 6 3 8 3 6 2 5 8 0
21 7 10 400 11 10 10 9 2 8 7 6 6 5 8 2 4 5 4 7 3 2 8 3 5
21 7 10 400 12 9 10 7 4 7 9 5 5 8 7 1 4 6 6 4 4 3 6 8 0
21 7 10 400 13 8 9 9 3 6 10 5 5 7 7 2 5 3 8 4 4 5 3 4 5
21 7 10 400 13 8 10 8 3 7 8 6 4 9 5 3 3 5 8 4 3 3 5 5 5
21 7 12 382 9 12 9 8 4 7 8 6 6 5 7 3 5 4 4 7 4 3 4 5 5
21 7 12 385 9 12 7 10 4 6 8 7 6 5 7 3 6 4 4 6 6 3 4 3 5
21 7 12 386 9 12 8 8 5 7 6 8 6 5 7 3 5 6 2 7 5 4 3 4 5
21 7 12 387 12 9 8 9 4 6 8 7 5 7 5 4 5 4 7 4 5 3 6 2 5
21 7 12 387 12 9 10 7 4 7 8 6 5 7 5 4 4 4 7 5 3 3 6 4 5
21 7 12 388 13 8 9 9 3 7 7 7 5 7 7 2 4 6 6 4 4 5 3 4 5
21 7 12 389 8 13 9 9 3 8 7 6 7 5 5 4 6 3 6 5 4 5 3 4 5
21 7 12 390 10 11 9 8 4 7 8 6 6 6 5 4 5 5 4 6 4 3 8 1 5
21 7 12 391 10 11 9 7 5 7 8 6 7 4 7 3 6 4 5 5 3 8 3 7 0
21 7 12 391 10 11 9 9 3 7 9 5 7 4 7 3 6 3 6 5 3 6 5 7 0
21 7 12 391 11 10 11 6 4 8 8 5 6 6 7 2 4 6 4 6 2 6 4 4 5
21 7 12 392 8 13 9 8 4 8 6 7 6 7 3 5 5 4 7 4 4 4 4 4 5
21 7 12 392 10 11 10 7 4 8 6 7 5 7 7 2 3 7 4 6 3 4 2 7 5
21 7 12 392 10 11 10 7 4 8 7 6 5 9 5 2 4 6 7 3 5 2 4 5 5
21 7 12 393 9 12 9 9 3 9 3 9 6 6 6 3 4 6 6 4 4 4 3 5 5
21 7 12 393 10 11 10 7 4 7 9 5 5 7 7 2 4 4 7 5 3 4 2 7 5
21 7 12 393 11 10 8 7 6 6 8 7 6 6 4 5 6 5 3 6 5 6 4 1 5
21 7 12 393 11 10 9 7 5 6 10 5 6 6 4 5 6 3 5 6 4 5 5 2 5
21 7 12 394 8 13 9 7 5 8 6 7 7 5 5 4 6 4 5 5 4 7 1 4 5
21 7 12 394 8 13 10 7 4 9 5 7 7 5 5 4 5 5 4 6 3 6 2 5 5
21 7 12 394 8 13 10 9 2 9 6 6 7 5 5 4 5 4 5 6 3 4 4 5 5
21 7 12 394 11 10 9 6 6 6 9 6 5 7 6 3 5 5 3 7 6 1 4 5 5
21 7 12 394 11 10 11 5 5 8 7 6 5 8 5 3 3 7 5 5 2 5 5 4 5
21 7 12 394 12 9 10 8 3 8 6 7 5 7 8 1 3 7 6 4 3 4 5 4 5
21 7 12 394 13 8 10 7 4 7 8 6 5 7 7 2 4 5 7 4 3 6 2 5 5
21 7 12 395 9 12 10 6 5 8 6 7 6 5 7 3 4 6 2 8 3 4 3 6 5
21 7 12 395 10 11 10 9 2 8 7 6 5 7 7 2 3 6 5 6 3 2 4 7 5
21 7 12 395 11 10 9 9 3 8 5 8 6 5 8 2 4 7 3 6 4 3 7 2 5
21 7 12 396 9 12 8 10 3 6 10 5 6 5 7 3 6 2 6 6 5 2 5 4 5
21 7 12 396 9 12 8 11 2 8 5 8 6 6 6 3 5 4 8 3 5 3 4 4 5
21 7 12 396 9 12 10 9 2 9 5 7 6 6 6 3 4 4 8 4 3 3 4 6 5
21 7 12 396 10 11 8 11 2 7 7 7 6 5 6 4 5 3 8 4 3 5 6 2 5
21 7 12 396 10 11 10 6 5 8 6 7 6 6 5 4 4 7 2 7 3 4 7 2 5
21 7 12 396 11 10 10 5 6 7 8 6 6 6 4 5 5 5 3 7 3 6 4 3 5
21 7 12 396 11 10 11 7 3 8 8 5 5 8 5 3 3 6 6 5 2 3 7 4 5
21 7 12 396 13 8 9 8 4 7 6 8 4 9 5 3 3 7 7 3 4 4 4 4 5
21 7 12 397 8 13 9 8 4 8 6 7 6 6 7 2 5 5 4 6 6 1 2 7 5
21 7 12 397 10 11 9 10 2 8 6 7 7 3 8 3 5 4 5 6 2 7 4 3 5
21 7 12 397 10 11 10 9 2 8 7 6 6 5 6 4 4 3 8 5 1 5 6 4 5
21 7 12 397 11 10 9 7 5 6 9 6 5 6 7 3 5 2 8 5 4 4 1 7 5
21 7 12 397 13 8 9 7 5 7 6 8 5 7 7 2 4 7 5 4 4 7 1 4 5
21 7 12 398 10 11 8 10 3 7 7 7 7 3 8 3 6 3 6 5 3 8 3 2 5
21 7 12 398 10 11 11 6 4 8 8 5 6 6 5 4 4 5 4 7 2 3 8 3 5
21 7 12 398 11 10 7 8 6 5 9 7 5 7 6 3 6 5 3 6 8 1 4 3 5
21 7 12 398 11 10 10 9 2 8 7 6 6 5 8 2 4 5 5 6 3 2 8 3 5
21 7 12 398 12 9 9 7 5 6 9 6 4 9 6 2 4 6 5 5 6 1 3 6 5
21 7 12 398 13 8 11 7 3 8 7 6 5 7 7 2 3 6 6 5 2 5 3 6 5
21 7 12 399 8 13 10 7 4 8 8 5 7 5 5 4 6 2 7 5 3 6 2 5 5
21 7 12 399 9 12 9 10 2 7 9 5 6 5 7 3 5 3 5 7 4 1 6 5 5
21 7 12 399 10 11 9 7 5 7 8 6 6 7 4 4 5 7 2 6 5 2 9 5 0
21 7 12 399 12 9 11 6 4 8 7 6 5 7 8 1 3 6 7 4 2 5 4 5 5
21 7 12 399 13 8 9 7 5 5 11 5 4 8 6 3 4 5 5 6 4 3 5 4 5
21 7 12 399 13 8 11 6 4 8 6 7 5 6 8 2 3 5 7 5 2 4 4 6 5
21 7 12 400 8 13 11 7 3 9 7 5 7 5 5 4 5 3 6 6 2 5 3 6 5
21 7 12 400 10 11 9 6 6 7 7 7 5 9 2 5 5 5 6 4 6 2 4 4 5
21 7 12 400 10 11 11 7 3 8 8 5 5 7 7 2 3 5 6 6 2 3 3 8 5
21 7 12 400 13 8 10 7 4 8 5 8 5 7 7 2 3 8 4 5 3 6 2 5 5
21 7 16 386 10 11 9 7 5 7 7 7 6 5 6 4 5 4 7 4 4 5 1 6 5
21 7 16 386 12 9 9 7 5 6 9 6 6 4 8 3 5 5 4 6 4 4 5 3 5
21 7 16 387 8 13 9 8 4 8 6 7 7 4 6 4 5 6 3 6 4 4 4 4 5
21 7 16 387 11 10 10 7 4 8 6 7 6 6 4 5 4 6 6 4 3 4 6 3 5
21 7 16 389 11 10 9 7 5 7 7 7 5 8 5 3 4 8 4 4 6 2 3 5 5
21 7 16 389 12 9 8 9 4 6 8 7 6 4 8 3 5 6 3 6 5 3 6 2 5
21 7 16 389 13 8 9 8 4 6 9 6 5 6 8 2 4 6 6 4 4 4 4 4 5
21 7 16 390 8 13 8 10 3 7 8 6 7 4 6 4 6 4 5 5 5 3 5 3 5
21 7 16 390 8 13 9 8 4 7 9 5 7 4 6 4 6 3 6 5 4 4 4 4 5
21 7 16 390 10 11 9 8 4 6 10 5 5 6 8 2 4 5 6 5 4 2 4 6 5
21 7 16 390 11 10 8 9 4 7 6 8 6 6 4 5 5 6 6 3 5 4 6 1 5
21 7 16 391 8 13 10 6 5 8 7 6 7 4 6 4 5 5 4 6 3 5 3 5 5
21 7 16 391 9 12 9 9 3 8 6 7 7 3 9 2 5 5 5 5 4 4 3 5 5
21 7 16 391 10 11 9 8 4 7 7 7 5 6 8 2 3 8 3 6 4 2 4 6 5
21 7 16 392 8 13 10 8 3 8 8 5 7 4 6 4 5 4 5 6 3 3 5 5 5
21 7 16 392 11 10 10 7 4 7 9 5 5 8 5 3 4 6 6 4 5 1 4 6 5
21 7 16 392 11 10 10 8 3 8 7 6 6 6 7 2 4 6 8 2 3 5 5 3 5
21 7 16 393 13 8 8 8 5 6 7 8 5 6 8 2 4 8 4 4 5 5 3 3 5
21 7 16 393 13 8 8 10 3 6 8 7 5 6 8 2 4 7 5 4 5 3 5 3 5
21 7 16 394 10 11 10 6 5 7 8 6 5 6 8 2 3 7 4 6 3 3 3 7 5
21 7 16 394 11 10 9 7 5 6 10 5 5 8 5 3 5 5 7 3 6 2 3 5 5
21 7 16 394 11 10 9 9 3 7 8 6 5 8 5 3 4 7 5 4 6 0 5 5 5
21 7 16 394 13 8 10 8 3 7 8 6 5 6 8 2 3 7 5 5 3 3 5 5 5
21 7 16 395 8 13 9 7 5 7 9 5 7 5 5 4 6 5 4 5 5 3 5 8 0
21 7 16 395 11 10 10 5 6 7 8 6 5 8 5 3 4 7 5 4 5 3 2 6 5
21 7 16 395 11 10 11 5 5 8 7 6 6 6 4 5 4 5 7 4 2 5 5 4 5
21 7 16 396 8 13 9 10 2 8 7 6 7 4 6 4 5 5 4 6 4 2 6 4 5
21 7 16 396 9 12 11 7 3 9 6 6 6 6 6 3 3 7 5 5 2 4 3 7 5
21 7 16 396 10 11 8 9 4 6 9 6 6 5 6 4 6 2 9 3 5 4 2 5 5
21 7 16 396 10 11 8 10 3 6 10 5 7 3 8 3 6 4 5 5 4 4 7 6 0
21 7 16 396 10 11 9 9 3 7 8 6 7 2 9 3 5 4 5 6 2 6 5 3 5
21 7 16 396 11 10 9 9 3 7 8 6 6 6 4 5 5 4 8 3 4 3 7 2 5
21 7 16 396 12 9 10 5 6 6 10 5 5 7 5 4 4 6 5 5 3 5 4 4 5
21 7 16 397 9 12 9 8 4 7 8 6 7 3 6 5 5 5 3 7 2 6 6 2 5
21 7 16 397 11 10 9 6 6 6 9 6 6 5 5 5 5 6 2 7 4 4 6 2 5
21 7 16 397 12 9 10 7 4 6 11 4 5 7 5 4 4 5 6 5 3 3 6 4 5
21 7 16 397 13 8 8 8 5 5 10 6 5 6 8 2 5 5 7 3 5 5 3 3 5
21 7 16 397 13 8 9 6 6 6 8 7 5 6 8 2 4 7 5 4 4 6 2 4 5
21 7 16 397 13 8 9 8 4 7 6 8 5 6 8 2 3 9 3 5 4 4 4 4 5
21 7 16 397 13 8 10 6 5 7 7 7 5 6 8 2 3 8 4 5 3 5 3 5 5
21 7 16 399 9 12 8 9 4 6 10 5 7 4 5 5 7 2 6 5 5 5 2 4 5
21 7 16 399 11 10 10 7 4 8 6 7 5 8 5 3 3 9 3 5 5 1 4 6 5
21 7 16 399 11 10 10 9 2 8 6 7 5 6 7 3 2 7 7 4 1 4 6 5 5
21 7 16 399 11 10 11 6 4 9 5 7 6 6 7 2 3 8 6 3 2 6 4 4 5
21 7 16 399 12 9 10 5 6 7 7 7 6 4 8 3 4 7 2 7 3 5 4 4 5
21 7 16 399 12 9 10 8 3 8 6 7 5 8 4 4 3 7 8 2 3 4 5 4 5
21 7 16 399 12 9 11 5 5 7 9 5 5 7 5 4 3 7 4 6 2 4 5 5 5
21 7 16 399 13 8 8 9 4 6 7 8 4 8 6 3 3 8 6 3 5 2 6 3 5
21 7 16 400 9 12 8 8 5 6 9 6 6 5 7 3 6 4 4 6 7 1 1 7 5
21 7 16 400 11 10 8 10 3 7 6 8 6 4 9 2 5 4 8 3 5 4 1 6 5
21 7 16 400 11 10 10 7 4 7 9 5 6 6 4 5 5 3 9 3 3 4 6 3 5
21 7 16 400 11 10 10 8 3 8 6 7 6 4 9 2 3 7 5 5 1 7 3 5 5
21 7 16 400 11 10 10 8 3 9 4 8 6 6 7 2 3 9 5 3 3 5 5 3 5
21 7 16 400 11 10 11 8 2 9 6 6 6 6 7 2 3 7 7 3 2 4 6 4 5
21 7 16 400 12 9 8 9 4 5 11 5 6 4 8 3 6 3 6 5 5 3 6 2 5
21 7 16 400 12 9 10 6 5 7 8 6 6 5 7 3 4 8 1 7 3 6 3 4 5
21 7 16 400 13 8 9 7 5 6 9 6 5 7 7 2 4 8 4 4 5 3 5 8 0
21 7 16 400 13 8 10 6 5 6 10 5 5 6 8 2 4 5 7 4 3 5 3 5 5
21 7 18 384 12 9 9 8 4 7 7 7 6 5 7 3 4 8 4 4 4 5 4 3 5
21 7 18 386 11 10 8 9 4 6 8 7 5 6 7 3 4 6 7 3 5 3 2 6 5
21 7 18 387 12 9 10 8 3 7 9 5 6 5 7 3 4 6 6 4 3 4 5 4 5
21 7 18 388 12 9 10 6 5 7 8 6 6 5 7 3 4 7 5 4 3 6 3 4 5
21 7 18 389 9 12 10 6 5 7 9 5 6 5 7 3 4 6 5 5 3 4 3 6 5
21 7 18 389 12 9 9 8 4 6 10 5 6 5 7 3 5 5 7 3 4 5 4 3 5
21 7 18 390 9 12 8 9 4 7 7 7 7 4 5 5 6 4 7 3 5 5 2 4 5
21 7 18 391 12 9 9 10 2 7 8 6 6 5 7 3 4 7 5 4 4 3 6 3 5
21 7 18 392 10 11 9 8 4 6 10 5 6 4 7 4 5 3 7 5 4 2 4 6 5
21 7 18 392 12 9 10 7 4 7 8 6 5 7 5 4 3 7 7 3 3 3 6 4 5
21 7 18 393 9 12 10 7 4 8 7 6 7 4 5 5 5 4 7 4 3 5 2 6 5
21 7 18 393 12 9 9 7 5 7 6 8 5 7 5 4 3 9 5 3 4 4 5 3 5
21 7 18 394 11 10 10 7 4 7 8 6 5 6 7 3 3 6 7 4 3 3 2 8 5
21 7 18 394 12 9 10 8 3 8 6 7 6 5 7 3 3 9 3 5 3 4 5 4 5
21 7 18 394 12 9 11 6 4 8 7 6 6 5 7 3 3 8 4 5 2 5 4 5 5
21 7 18 395 9 12 10 8 3 7 10 4 6 5 7 3 4 5 6 5 3 2 5 6 5
21 7 18 395 9 12 10 8 3 8 7 6 6 5 7 3 3 8 3 6 3 2 5 6 5
21 7 18 395 10 11 8 9 4 6 9 6 7 2 9 3 6 4 4 6 5 4 2 5 5
21 7 18 395 11 10 9 7 5 6 9 6 5 6 7 3 4 5 8 3 4 4 1 7 5
21 7 18 395 12 9 9 6 6 6 9 6 6 5 7 3 5 6 6 3 4 7 2 3 5
21 7 18 396 9 12 9 8 4 7 9 5 8 2 7 4 6 5 4 5 3 6 6 6 0
21 7 18 396 11 10 8 10 3 6 9 6 6 4 9 2 5 5 6 4 5 4 1 6 5
21 7 18 396 12 9 9 9 3 7 7 7 5 7 5 4 3 8 6 3 4 2 7 3 5
21 7 18 397 10 11 9 9 3 7 8 6 6 4 10 1 4 6 6 4 4 3 3 6 5
21 7 18 397 11 10 9 6 6 6 9 6 5 7 6 3 4 8 3 5 6 1 4 5 5
21 7 18 398 9 12 11 6 4 8 8 5 6 5 7 3 3 7 4 6 2 3 4 7 5
21 7 18 398 11 10 9 8 4 7 7 7 6 4 9 2 4 7 4 5 4 5 0 7 5
21 7 18 398 12 9 11 6 4 7 10 4 6 5 7 3 4 5 7 4 2 5 4 5 5
21 7 18 398 12 9 11 8 2 8 8 5 6 5 7 3 3 7 5 5 2 3 6 5 5
21 7 18 399 7 14 9 8 4 8 7 6 8 3 5 5 6 5 4 5 4 5 4 3 5
21 7 18 399 11 10 11 7 3 8 8 5 6 5 8 2 3 7 6 4 2 3 7 4 5
21 7 18 399 12 9 11 7 3 8 7 6 6 4 8 3 3 6 6 5 2 2 7 5 5
21 7 18 400 9 12 9 7 5 7 8 6 7 4 5 5 6 3 8 3 4 6 1 5 5
21 7 18 400 9 12 10 6 5 8 6 7 6 5 7 3 3 9 2 6 3 4 3 6 5
21 7 18 400 11 10 9 8 4 7 7 7 7 2 8 4 5 4 7 4 2 8 2 4 5
21 7 18 400 11 10 10 7 4 8 6 7 5 8 5 3 3 8 7 2 5 1 4 6 5
21 7 22 394 11 10 10 7 4 7 9 5 7 3 7 4 4 7 6 3 3 4 6 3 5
21 7 22 396 10 11 8 9 4 6 9 6 7 2 9 3 5 6 6 3 5 4 2 5 5
21 7 22 396 10 11 9 9 3 7 8 6 7 2 9 3 4 7 5 4 4 3 3 6 5
21 7 22 397 11 10 9 9 3 7 8 6 7 3 7 4 4 8 5 3 4 3 7 2 5
21 7 22 398 9 12 10 6 5 7 9 5 7 3 6 5 4 7 4 5 3 4 3 6 5
21 7 22 399 9 12 9 8 4 6 11 4 7 3 6 5 5 5 6 4 4 3 4 5 5
21 7 22 400 9 12 9 6 6 6 10 5 7 3 6 5 5 6 5 4 4 5 2 5 5
21 7 22 400 12 9 9 7 5 6 9 6 6 5 4 6 4 7 7 2 4 4 5 3 5
21 7 24 400 12 9 9 7 5 6 9 6 7 2 7 5 4 8 5 3 4 4 5 3 5
