21 8 -29 397 10 11 9 8 4 8 6 7 5 10 4 2 7 3 4 7 2 4 7 3 4
21 8 -24 385 11 10 8 8 5 7 6 8 5 9 4 3 7 3 5 6 3 5 5 3 4
21 8 -24 392 12 9 9 9 3 8 5 8 5 8 7 1 6 3 6 6 2 4 5 5 4
21 8 -24 393 11 10 10 6 5 8 6 7 5 9 4 3 6 3 5 7 1 5 5 5 4
21 8 -24 395 11 10 9 8 4 7 8 6 5 9 4 3 7 1 7 6 2 4 6 4 4
21 8 -24 396 10 11 8 10 3 8 5 8 6 7 7 1 7 4 3 7 3 4 7 2 4
21 8 -24 396 12 9 7 11 3 7 5 9 5 8 7 1 7 3 6 5 4 4 5 3 4
21 8 -24 398 8 13 8 9 4 7 8 6 6 7 6 2 8 1 4 8 3 4 4 5 4
21 8 -24 398 12 9 10 7 4 8 6 7 5 8 7 1 6 2 7 6 1 5 4 6 4
21 8 -24 399 9 12 9 7 5 8 6 7 6 8 4 3 7 4 2 8 2 5 7 2 4
21 8 -24 399 11 10 7 10 4 6 8 7 5 9 4 3 8 1 7 5 4 4 6 2 4
21 8 -24 399 12 9 8 8 5 6 8 7 5 7 8 1 7 3 2 9 3 4 5 4 4
21 8 -24 399 12 9 10 8 3 8 7 6 5 9 6 1 6 3 6 6 1 6 3 6 4
21 8 -24 400 10 11 10 8 3 9 5 7 6 7 7 1 6 4 3 8 1 4 7 4 4
21 8 -21 387 11 10 9 7 5 8 5 8 5 10 3 3 6 5 5 5 3 5 4 5 3
21 8 -21 389 12 9 7 9 5 6 7 8 5 8 7 1 7 5 2 7 5 4 4 4 3
21 8 -21 389 12 9 8 8 5 6 8 7 4 10 5 2 6 4 5 6 4 2 6 5 3
21 8 -21 389 12 9 8 9 4 6 9 6 5 8 7 1 7 3 4 7 4 3 5 5 3
21 8 -21 390 12 9 8 7 6 6 8 7 5 8 7 1 7 4 3 7 4 5 3 5 3
21 8 -21 391 12 9 9 7 5 7 7 7 5 8 7 1 6 5 2 8 3 4 4 6 3
21 8 -21 392 13 8 9 8 4 7 7 7 5 8 6 2 6 3 7 5 1 7 5 4 3
21 8 -21 393 11 10 10 7 4 8 7 6 5 10 3 3 6 3 7 5 2 4 5 6 3
21 8 -21 393 13 8 8 8 5 7 5 9 5 8 6 2 6 5 5 5 2 8 4 3 3
21 8 -21 394 9 12 8 10 3 8 5 8 5 9 6 1 6 4 6 5 4 2 4 7 3
21 8 -21 394 10 11 9 9 3 8 6 7 6 6 8 1 6 4 3 8 1 6 4 6 3
21 8 -21 394 11 10 10 7 4 8 7 6 6 7 6 2 6 4 4 7 0 7 7 3 3
21 8 -21 395 10 11 10 8 3 8 7 6 5 8 6 2 5 3 6 7 0 4 6 7 3
21 8 -21 396 11 10 9 7 5 7 8 6 5 10 3 3 7 2 8 4 3 5 4 5 3
21 8 -21 396 12 9 7 9 5 5 10 6 5 8 7 1 8 2 5 6 5 4 4 4 3
21 8 -21 397 10 11 9 7 5 7 8 6 5 9 5 2 6 5 2 8 3 2 8 4 3
21 8 -21 397 12 9 9 7 5 6 10 5 5 8 7 1 7 2 5 7 3 4 4 6 3
21 8 -21 399 9 12 8 9 4 8 5 8 6 7 8 0 7 4 4 6 4 5 1 7 3
21 8 -21 399 11 10 9 6 6 6 10 5 5 9 4 3 7 3 3 8 3 4 5 5 3
21 8 -21 399 11 10 10 5 6 8 6 7 5 10 3 3 6 4 6 5 2 6 3 6 3
21 8 -21 399 12 9 10 7 4 7 9 5 5 8 7 1 6 3 4 8 2 3 5 7 3
21 8 -21 400 10 11 10 8 3 9 5 7 5 10 4 2 5 5 6 5 2 2 8 5 3
21 8 -21 400 12 9 10 6 5 7 8 6 4 10 5 2 5 4 5 7 2 2 6 7 3
21 8 -20 393 11 10 9 8 4 7 8 6 6 6 7 2 7 2 4 8 2 5 5 3 5
21 8 -20 394 11 10 8 8 5 7 6 8 6 6 7 2 7 4 2 8 3 6 4 2 5
21 8 -20 394 12 9 9 8 4 7 7 7 4 10 5 2 5 4 7 5 2 4 5 4 5
21 8 -20 394 12 9 9 9 3 7 8 6 5 8 7 1 6 3 6 6 2 5 4 4 5
21 8 -20 395 11 10 8 10 3 7 7 7 6 6 7 2 7 3 3 8 3 4 6 2 5
21 8 -20 396 10 11 8 9 4 8 4 9 5 9 5 2 6 5 4 6 5 1 5 4 5
21 8 -20 396 12 9 9 7 5 7 7 7 5 8 7 1 6 4 5 6 2 7 2 4 5
21 8 -20 397 11 10 7 10 4 6 8 7 6 6 7 2 8 2 4 7 4 5 5 1 5
21 8 -20 397 12 9 9 9 3 8 5 8 5 8 7 1 5 6 3 7 2 5 4 4 5
21 8 -20 398 10 11 9 8 4 8 6 7 6 8 3 4 7 2 7 5 2 6 5 2 5
21 8 -20 398 10 11 10 6 5 8 7 6 5 10 4 2 6 4 5 6 3 4 2 6 5
21 8 -20 398 12 9 10 7 4 8 6 7 5 8 7 1 5 5 4 7 1 6 3 5 5
21 8 -20 399 10 11 9 9 3 8 6 7 5 9 5 2 6 3 6 6 4 0 6 5 5
21 8 -20 399 11 10 8 8 5 6 9 6 6 6 7 2 8 1 5 7 3 6 4 2 5
21 8 -20 399 12 9 9 8 4 7 8 6 6 7 5 3 7 2 7 5 1 7 7 5 0
21 8 -20 400 10 11 8 10 3 8 5 8 6 8 3 4 7 3 6 5 3 5 6 1 5
21 8 -20 400 10 11 10 7 4 8 7 6 5 9 5 2 6 2 7 6 3 1 5 6 5
21 8 -20 400 10 11 10 8 3 9 5 7 6 8 3 4 6 3 6 6 1 5 6 3 5
21 8 -20 400 11 10 9 6 6 7 7 7 6 6 7 2 7 3 3 8 2 7 3 3 5
21 8 -17 382 11 10 9 9 3 8 6 7 6 7 6 2 6 4 6 5 2 5 7 3 3
21 8 -17 386 11 10 8 8 5 6 9 6 5 9 4 3 7 3 5 6 5 2 5 5 3
21 8 -17 388 10 11 7 11 3 7 6 8 6 6 8 1 7 3 6 5 4 5 3 5 3
21 8 -17 388 13 8 7 9 5 5 9 7 5 7 7 2 7 3 5 6 4 5 5 3 3
21 8 -17 389 10 11 9 9 3 8 6 7 6 6 8 1 6 3 6 6 2 5 3 7 3
21 8 -17 389 11 10 10 7 4 9 4 8 6 7 6 2 5 6 4 6 1 6 6 4 3
21 8 -17 389 13 8 9 7 5 6 9 6 5 7 7 2 6 3 5 7 2 5 5 5 3
21 8 -17 390 10 11 8 9 4 8 4 9 6 6 8 1 6 5 4 6 3 6 2 6 3
21 8 -17 390 11 10 8 6 7 6 8 7 5 9 4 3 7 4 4 6 5 4 3 5 3
21 8 -17 392 9 12 9 8 4 7 9 5 6 7 5 3 7 1 7 6 2 5 4 6 3
21 8 -17 392 9 12 10 6 5 8 7 6 6 7 5 3 6 3 5 7 1 6 3 7 3
21 8 -17 392 11 10 8 8 5 6 9 6 6 6 7 2 7 4 2 8 3 5 7 2 3
21 8 -17 393 8 13 8 8 5 8 5 8 6 8 5 2 7 4 5 5 5 4 1 7 3
21 8 -17 393 9 12 9 9 3 8 7 6 7 5 7 2 7 3 3 8 2 6 3 6 3
21 8 -17 393 10 11 10 6 5 8 7 6 6 8 3 4 6 4 5 6 1 6 7 3 3
21 8 -17 393 11 10 8 11 2 8 5 8 6 7 6 2 6 5 5 5 3 4 8 2 3
21 8 -17 393 12 9 9 7 5 7 7 7 5 9 3 4 6 3 8 4 2 6 5 4 3
21 8 -17 394 8 13 8 10 3 8 6 7 6 8 5 2 7 3 6 5 5 2 3 7 3
21 8 -17 394 9 12 9 6 6 8 5 8 6 7 5 3 6 5 3 7 2 7 2 6 3
21 8 -17 394 9 12 10 8 3 8 8 5 6 7 5 3 6 2 6 7 1 4 5 7 3
21 8 -17 394 11 10 10 7 4 8 7 6 5 9 7 0 5 6 4 6 3 3 4 7 3
21 8 -17 394 11 10 10 9 2 9 5 7 6 7 6 2 5 5 5 6 1 4 8 4 3
21 8 -17 394 11 10 11 7 3 9 6 6 6 7 6 2 5 4 6 6 0 5 7 5 3
21 8 -17 395 11 10 10 6 5 7 9 5 5 9 4 3 6 3 5 7 3 2 5 7 3
21 8 -17 396 11 10 9 9 3 7 8 6 6 5 8 2 6 2 6 7 0 7 5 5 3
21 8 -17 396 11 10 9 9 3 9 3 9 6 7 6 2 5 7 3 6 2 5 7 3 3
21 8 -17 396 13 8 8 10 3 7 6 8 5 8 6 2 6 3 9 3 3 5 5 4 3
21 8 -17 397 8 13 9 8 4 9 4 8 6 8 5 2 6 5 4 6 4 3 2 8 3
21 8 -17 397 9 12 9 7 5 7 9 5 6 8 4 3 7 4 2 8 4 2 7 4 3
21 8 -17 397 11 10 7 8 6 5 10 6 5 9 4 3 8 2 6 5 6 3 4 4 3
21 8 -17 397 11 10 9 6 6 6 10 5 5 9 4 3 7 2 6 6 4 3 4 6 3
21 8 -17 398 8 13 9 8 4 8 7 6 6 8 5 2 7 2 7 5 4 3 2 8 3
21 8 -17 398 9 12 8 9 4 7 7 7 5 8 7 1 6 4 4 7 5 0 4 8 3
21 8 -17 398 11 10 9 8 4 7 8 6 6 6 7 2 6 5 1 9 2 4 8 3 3
21 8 -17 399 10 11 10 7 4 8 7 6 5 9 5 2 5 5 4 7 3 0 8 6 3
21 8 -17 400 13 8 10 8 3 8 6 7 5 8 6 2 5 3 9 4 1 5 5 6 3
21 8 -12 379 12 9 9 7 5 7 7 7 6 6 6 3 6 4 5 6 2 7 4 4 3
21 8 -12 381 12 9 7 9 5 6 7 8 6 6 6 3 7 4 5 5 4 7 4 2 3
21 8 -12 385 12 9 8 9 4 6 9 6 6 6 6 3 7 2 7 5 3 6 5 3 3
21 8 -12 388 8 13 8 9 4 8 5 8 6 7 6 2 6 5 4 6 5 2 3 7 3
21 8 -12 389 9 12 10 7 4 9 5 7 6 8 4 3 5 6 4 6 3 2 7 5 3
21 8 -12 390 9 12 9 9 3 7 9 5 6 6 6 3 6 2 6 7 2 3 6 6 3
21 8 -12 390 10 11 9 8 4 7 9 5 7 5 6 3 7 3 4 7 2 6 7 2 3
21 8 -12 390 11 10 9 8 4 7 8 6 5 8 8 0 5 6 4 6 4 2 5 6 3
21 8 -12 391 9 12 9 9 3 8 7 6 6 8 4 3 6 4 6 5 4 1 8 4 3
21 8 -12 391 12 9 10 7 4 7 9 5 6 6 6 3 6 2 7 6 1 6 5 5 3
21 8 -12 392 9 12 8 10 3 7 8 6 7 4 8 2 7 3 3 8 3 5 4 5 3
21 8 -12 392 11 10 7 9 5 5 10 6 5 8 5 3 7 3 5 6 6 1 6 4 3
21 8 -12 392 11 10 9 7 5 6 10 5 5 8 5 3 6 3 5 7 4 1 6 6 3
21 8 -12 394 9 12 9 9 3 9 4 8 7 5 7 2 6 4 6 5 2 7 2 6 3
21 8 -12 394 10 11 9 8 4 8 6 7 7 5 6 3 6 6 1 8 2 6 7 2 3
21 8 -12 394 10 11 10 7 4 8 7 6 6 7 4 4 5 5 4 7 1 4 9 3 3
21 8 -12 394 11 10 9 10 2 8 6 7 6 6 7 2 5 5 5 6 2 3 9 3 3
21 8 -12 394 12 9 9 7 5 6 10 5 5 8 7 1 6 4 5 6 4 4 2 7 3
21 8 -12 394 12 9 9 7 5 7 7 7 5 8 7 1 5 7 2 7 4 4 2 7 3
21 8 -12 395 8 13 7 11 3 7 7 7 6 7 6 2 7 3 6 5 6 1 4 6 3
21 8 -12 395 8 13 9 9 3 8 7 6 6 7 6 2 6 3 6 6 4 1 4 8 3
21 8 -12 395 8 13 10 8 3 9 6 6 7 6 4 4 6 3 6 6 1 6 4 6 3
21 8 -12 395 9 12 8 8 5 7 7 7 7 4 8 2 7 4 2 8 3 7 2 5 3
21 8 -12 395 10 11 10 6 5 8 7 6 7 5 6 3 6 5 2 8 1 7 6 3 3
21 8 -12 396 10 11 10 8 3 8 8 5 7 5 6 3 6 4 3 8 1 5 8 3 3
21 8 -12 396 12 9 9 6 6 6 9 6 4 10 5 2 5 5 6 5 4 3 3 7 3
21 8 -12 396 12 9 10 6 5 7 8 6 5 7 8 1 5 4 5 7 3 2 4 8 3
21 8 -12 396 12 9 10 7 4 7 9 5 5 8 7 1 5 5 4 7 3 3 3 8 3
21 8 -12 397 11 10 10 6 5 7 9 5 5 8 8 0 5 5 5 6 3 3 4 7 3
21 8 -12 397 12 9 10 5 6 7 8 6 6 6 6 3 6 3 6 6 1 8 3 5 3
21 8 -12 397 12 9 11 5 5 8 7 6 6 6 6 3 5 4 5 7 0 7 4 6 3
21 8 -12 398 9 12 8 11 2 8 6 7 7 5 7 2 7 2 8 4 3 6 3 5 3
21 8 -12 398 9 12 9 8 4 7 9 5 7 4 8 2 7 2 4 8 2 6 3 6 3
21 8 -12 398 10 11 8 9 4 7 7 7 6 6 8 1 6 6 1 8 5 1 7 4 3
21 8 -12 398 10 11 9 9 3 8 6 7 7 4 7 3 6 3 6 6 0 9 4 4 3
21 8 -12 398 11 10 8 10 3 7 7 7 5 9 4 3 6 3 9 3 5 1 6 5 3
21 8 -12 399 10 11 10 8 3 8 7 6 6 5 9 1 5 3 6 7 1 4 4 8 3
21 8 -12 399 11 10 10 8 3 9 4 8 6 6 7 2 4 7 3 7 1 4 8 4 3
21 8 -12 399 12 9 9 7 5 6 10 5 6 6 6 3 7 1 8 5 2 7 4 4 3
21 8 -12 399 12 9 10 6 5 7 8 6 4 10 5 2 4 6 5 6 3 2 4 8 3
21 8 -12 399 12 9 10 8 3 8 7 6 6 6 9 0 5 5 6 5 1 7 4 5 3
21 8 -12 399 14 7 9 7 5 6 8 7 4 8 8 1 4 6 5 6 2 5 4 6 3
21 8 -12 400 8 13 10 7 4 9 5 7 6 7 6 2 5 5 4 7 3 2 3 9 3
21 8 -12 400 9 12 9 9 3 9 4 8 6 8 4 3 5 7 3 6 4 1 8 4 3
21 8 -12 400 10 11 11 6 4 9 6 6 5 10 4 2 4 6 7 4 2 3 5 7 3
21 8 -12 400 12 9 8 10 3 6 9 6 5 7 8 1 6 3 6 6 5 0 6 6 3
21 8 -9 382 9 12 9 7 5 7 8 6 6 6 6 3 6 3 5 7 3 4 3 6 4
21 8 -9 385 11 10 10 8 3 8 7 6 6 6 7 2 5 4 6 6 2 3 7 4 4
21 8 -9 388 10 11 8 9 4 7 7 7 6 7 4 4 6 5 4 6 4 3 8 1 4
21 8 -9 388 13 8 9 8 4 7 7 7 5 8 6 2 5 5 7 4 3 6 2 5 4
21 8 -9 390 10 11 8 10 3 7 7 7 6 5 9 1 6 3 6 6 4 3 3 6 4
21 8 -9 390 10 11 10 7 4 8 7 6 6 7 4 4 5 5 4 7 2 3 8 3 4
21 8 -9 390 12 9 9 9 3 8 5 8 5 8 7 1 4 7 6 4 3 4 5 4 4
21 8 -9 390 12 9 10 7 4 8 6 7 5 8 7 1 4 6 7 4 2 5 4 5 4
21 8 -9 391 9 12 9 9 3 7 9 5 6 6 6 3 6 2 6 7 3 2 5 6 4
21 8 -9 391 10 11 10 8 3 8 7 6 5 8 6 2 4 5 6 6 2 3 3 8 4
21 8 -9 392 9 12 7 11 3 6 9 6 6 6 6 3 7 2 6 6 5 2 5 4 4
21 8 -9 392 11 10 9 10 2 8 6 7 6 6 7 2 5 5 5 6 3 2 8 3 4
21 8 -9 392 12 9 10 6 5 7 8 6 5 8 4 4 5 3 8 5 2 4 5 5 4
21 8 -9 393 9 12 8 9 4 6 10 5 6 6 6 3 7 1 7 6 4 3 4 5 4
21 8 -9 393 10 11 9 7 5 8 5 8 6 7 4 4 5 7 2 7 3 4 7 2 4
21 8 -9 393 10 11 9 8 4 8 5 8 6 5 9 1 5 5 4 7 3 4 2 7 4
21 8 -9 393 10 11 9 9 3 8 6 7 7 4 7 3 6 3 6 6 1 8 3 4 4
21 8 -9 393 11 10 11 6 4 9 5 7 6 6 7 2 4 6 4 7 1 4 6 5 4
21 8 -9 393 11 10 11 7 3 8 9 4 6 7 6 2 5 4 6 6 1 5 5 5 4
21 8 -9 393 12 9 9 8 4 6 10 5 5 7 8 1 5 5 4 7 3 3 6 4 4
21 8 -9 393 13 8 8 8 5 5 10 6 5 6 8 2 6 3 5 7 4 3 5 4 4
21 8 -9 394 8 13 9 8 4 8 7 6 7 6 4 4 7 2 7 5 3 6 2 5 4
21 8 -9 394 8 13 10 8 3 9 6 6 7 6 4 4 6 3 6 6 2 5 3 6 4
21 8 -9 394 9 12 8 10 3 7 8 6 7 4 8 2 7 3 3 8 4 4 3 5 4
21 8 -9 394 11 10 8 8 5 6 9 6 5 8 8 0 6 5 5 5 6 2 3 5 4
21 8 -9 394 11 10 8 10 3 8 4 9 6 6 7 2 5 7 3 6 4 3 7 2 4
21 8 -9 394 11 10 11 7 3 9 6 6 6 7 6 2 4 7 3 7 1 5 5 5 4
21 8 -9 394 12 9 9 6 6 6 9 6 5 7 8 1 5 6 3 7 3 5 4 4 4
21 8 -9 394 13 8 9 9 3 7 7 7 5 7 7 2 5 3 9 4 3 3 5 5 4
21 8 -9 395 11 10 8 10 3 6 9 6 6 4 9 2 6 2 6 7 2 5 5 4 4
21 8 -9 395 11 10 9 8 4 7 8 6 5 8 8 0 5 6 4 6 5 1 4 6 4
21 8 -9 395 11 10 11 5 5 8 8 5 6 7 6 2 5 5 5 6 1 7 3 5 4
21 8 -9 395 12 9 8 8 5 6 8 7 4 10 5 2 5 6 5 5 6 1 3 6 4
21 8 -9 395 12 9 9 9 3 7 7 7 5 6 9 1 4 5 6 6 1 6 3 6 4
21 8 -9 395 12 9 9 9 3 7 8 6 5 8 7 1 5 4 9 3 3 4 5 4 4
21 8 -9 395 13 8 9 10 2 7 8 6 5 8 6 2 5 4 8 4 3 4 4 5 4
21 8 -9 396 8 13 8 9 4 8 5 8 6 7 6 2 6 5 4 6 6 1 2 7 4
21 8 -9 396 10 11 9 7 5 6 10 5 6 5 6 4 6 2 5 8 1 6 5 4 4
21 8 -9 396 10 11 10 6 5 8 6 7 5 8 6 2 4 6 5 6 2 5 1 8 4
21 8 -9 396 10 11 11 6 4 9 6 6 6 7 7 1 4 7 4 6 1 5 6 4 4
21 8 -9 396 11 10 10 8 3 9 4 8 6 6 7 2 4 7 3 7 2 3 7 4 4
21 8 -9 396 11 10 11 6 4 8 8 5 5 9 4 3 4 5 7 5 1 4 6 5 4
21 8 -9 397 8 13 9 7 5 8 6 7 6 7 6 2 6 4 5 6 5 2 1 8 4
21 8 -9 397 9 12 8 8 5 7 7 7 7 4 8 2 7 4 2 8 4 6 1 5 4
21 8 -9 397 10 11 10 6 5 8 7 6 5 10 4 2 5 5 8 3 4 3 3 6 4
21 8 -9 397 10 11 11 5 5 8 8 5 6 7 4 4 5 4 5 7 1 4 7 4 4
21 8 -9 397 11 10 9 5 7 6 9 6 5 8 5 3 6 4 4 7 5 2 3 6 4
21 8 -9 397 11 10 9 7 5 6 10 5 5 8 5 3 6 3 5 7 5 0 5 6 4
21 8 -9 398 9 12 7 10 4 6 9 6 7 4 8 2 8 2 4 7 5 5 2 4 4
21 8 -9 398 9 12 10 5 6 8 6 7 6 6 6 3 5 5 3 8 2 5 2 7 4
21 8 -9 398 9 12 10 8 3 9 5 7 6 7 5 3 5 3 9 4 2 4 3 7 4
21 8 -9 399 9 12 9 8 4 7 9 5 7 4 8 2 7 2 4 8 3 5 2 6 4
21 8 -9 399 10 11 8 9 4 7 7 7 7 4 7 3 7 2 7 5 2 9 2 3 4
21 8 -9 399 10 11 10 5 6 7 9 5 5 9 5 2 5 6 3 7 4 2 4 6 4
21 8 -9 399 10 11 10 8 3 8 7 6 6 6 5 4 5 2 9 5 0 6 5 5 4
21 8 -9 399 11 10 7 9 5 5 10 6 5 8 5 3 7 3 5 6 7 0 5 4 4
21 8 -9 399 11 10 8 6 7 6 8 7 6 7 3 5 7 4 4 6 4 7 3 2 4
21 8 -9 399 11 10 9 7 5 6 9 6 4 8 8 1 4 5 5 7 3 2 3 8 4
21 8 -9 399 12 9 10 9 2 8 7 6 5 8 7 1 4 5 8 4 2 3 6 5 4
21 8 -9 399 14 7 7 9 5 5 8 8 4 8 8 1 5 6 5 5 5 4 3 4 4
21 8 -9 400 10 11 9 9 3 7 9 5 6 7 4 4 6 3 6 6 3 2 9 2 4
21 8 -9 400 10 11 10 8 3 8 7 6 6 5 9 1 5 3 6 7 2 3 3 8 4
21 8 -9 400 10 11 10 8 3 9 5 7 5 10 4 2 4 7 6 4 4 1 5 6 4
21 8 -9 400 11 10 9 6 6 7 7 7 5 8 8 0 5 7 3 6 5 3 2 6 4
21 8 -9 400 12 9 10 6 5 7 8 6 5 7 8 1 4 7 2 8 2 4 5 5 4
21 8 -9 400 13 8 9 7 5 7 6 8 4 10 4 3 4 6 8 3 3 5 3 5 4
21 8 -9 400 13 8 10 7 4 7 8 6 5 7 7 2 4 5 7 5 0 7 6 3 4
21 8 -9 400 14 7 9 7 5 6 8 7 4 8 8 1 4 6 5 6 3 4 3 6 4
21 8 -8 383 11 10 9 8 4 8 5 8 6 6 7 2 5 6 4 6 3 5 4 3 5
21 8 -8 384 11 10 8 10 3 7 7 7 6 6 7 2 6 4 6 5 4 4 5 2 5
21 8 -8 384 11 10 9 8 4 7 8 6 6 6 7 2 6 3 7 5 3 5 4 3 5
21 8 -8 385 10 11 9 7 5 7 8 6 6 7 4 4 6 4 5 6 3 5 5 2 5
21 8 -8 385 11 10 10 8 3 8 7 6 6 6 7 2 5 4 6 6 2 4 5 4 5
21 8 -8 387 11 10 10 6 5 8 6 7 6 6 7 2 5 5 5 6 2 6 3 4 5
21 8 -8 388 10 11 10 7 4 8 7 6 6 7 4 4 5 5 4 7 2 4 6 3 5
21 8 -8 389 11 10 9 10 2 8 6 7 6 6 7 2 5 5 5 6 3 3 6 3 5
21 8 -8 390 11 10 7 10 4 7 5 9 6 6 7 2 6 6 4 5 5 5 4 1 5
21 8 -8 391 9 12 9 7 5 7 8 6 6 6 6 3 6 3 5 7 3 5 1 6 5
21 8 -8 392 11 10 9 9 3 8 5 8 5 8 5 3 4 6 6 5 3 2 7 3 5
21 8 -8 392 12 9 8 8 5 6 8 7 5 8 4 4 6 3 8 4 4 5 3 3 5
21 8 -8 393 12 9 9 7 5 6 10 5 6 6 6 3 6 4 5 6 2 6 7 5 0
21 8 -8 394 9 12 9 9 3 7 9 5 6 6 6 3 6 2 6 7 3 3 3 6 5
21 8 -8 394 10 11 9 7 5 8 5 8 6 7 4 4 5 7 2 7 3 5 5 2 5
21 8 -8 394 11 10 8 10 3 8 4 9 6 6 7 2 5 7 3 6 4 4 5 2 5
21 8 -8 395 9 12 10 7 4 8 8 5 7 5 7 2 6 4 4 7 2 5 6 2 5
21 8 -8 395 10 11 9 9 3 7 9 5 6 7 4 4 6 3 6 6 3 3 7 2 5
21 8 -8 395 11 10 8 8 5 6 8 7 5 7 6 3 5 6 2 8 4 2 7 2 5
21 8 -8 396 8 13 8 10 3 8 5 8 6 6 7 2 5 6 3 7 4 2 5 4 5
21 8 -8 396 9 12 8 7 6 7 6 8 6 6 6 3 6 5 3 7 4 6 0 5 5
21 8 -8 396 11 10 10 8 3 9 4 8 6 6 7 2 4 7 3 7 2 4 5 4 5
21 8 -8 396 11 10 11 6 4 8 8 5 6 6 7 2 5 3 7 6 1 5 4 5 5
21 8 -8 396 11 10 11 6 4 9 5 7 6 6 7 2 4 6 4 7 1 5 4 5 5
21 8 -8 396 12 9 9 8 4 7 7 7 6 5 7 3 5 5 4 7 1 7 6 1 5
21 8 -8 397 9 12 9 9 3 8 7 6 7 5 7 2 6 5 3 7 3 4 7 1 5
21 8 -8 397 10 11 10 5 6 8 6 7 6 7 4 4 5 6 3 7 2 6 4 3 5
21 8 -8 397 10 11 10 7 4 8 6 7 5 7 7 2 4 4 7 6 2 3 2 8 5
21 8 -8 397 12 9 10 6 5 7 8 6 5 8 4 4 5 3 8 5 2 5 3 5 5
21 8 -8 398 10 11 8 10 3 7 7 7 6 5 9 1 6 3 6 6 4 4 1 6 5
21 8 -8 398 10 11 11 5 5 8 8 5 6 7 4 4 5 4 5 7 1 5 5 4 5
21 8 -8 398 11 10 9 7 5 6 10 5 5 8 5 3 6 3 5 7 5 1 3 6 5
21 8 -8 398 12 9 10 7 4 8 6 7 5 8 7 1 4 6 7 4 2 6 2 5 5
21 8 -8 398 13 8 9 8 4 7 7 7 6 5 9 1 5 6 4 6 2 6 6 6 0
21 8 -8 398 13 8 9 9 3 7 7 7 5 7 7 2 5 3 9 4 3 4 3 5 5
21 8 -8 399 9 12 8 9 4 6 10 5 6 6 6 3 7 1 7 6 4 4 2 5 5
21 8 -8 399 10 11 8 8 5 7 6 8 5 8 6 2 5 7 2 7 6 0 5 4 5
21 8 -8 399 10 11 10 5 6 7 9 5 6 7 4 4 6 3 6 6 2 6 4 3 5
21 8 -8 399 11 10 7 12 2 7 6 8 6 6 7 2 6 5 5 5 5 3 6 1 5
21 8 -8 399 11 10 9 8 4 7 8 6 5 8 8 0 5 6 4 6 5 2 2 6 5
21 8 -8 399 11 10 11 8 2 9 6 6 6 6 7 2 4 5 5 7 1 3 6 5 5
21 8 -8 399 13 8 9 7 5 7 6 8 5 7 7 2 5 4 8 4 3 6 1 5 5
21 8 -8 400 8 13 10 8 3 8 8 5 6 6 7 2 5 3 6 7 2 2 5 6 5
21 8 -8 400 10 11 10 6 5 7 9 5 5 8 6 2 5 4 5 7 4 0 5 6 5
21 8 -8 400 11 10 7 9 5 5 10 6 5 8 5 3 7 3 5 6 7 1 3 4 5
21 8 -5 383 9 12 9 9 3 8 6 7 6 6 6 3 5 4 6 6 3 3 4 5 5
21 8 -5 385 11 10 9 7 5 7 7 7 5 8 5 3 5 5 5 6 5 1 4 5 5
21 8 -5 387 9 12 7 11 3 7 6 8 6 6 6 3 6 4 6 5 5 3 4 3 5
21 8 -5 389 9 12 10 7 4 8 7 6 6 6 6 3 5 3 7 6 2 4 3 6 5
21 8 -5 390 11 10 7 9 5 6 7 8 5 8 5 3 6 5 5 5 7 1 4 3 5
21 8 -5 390 12 9 9 8 4 7 7 7 5 7 8 1 4 7 4 6 3 4 5 3 5
21 8 -5 392 11 10 9 8 4 7 8 6 6 7 3 5 6 3 7 5 3 5 5 2 5
21 8 -5 393 10 11 9 8 4 8 6 7 7 5 6 3 6 4 7 4 2 8 3 7 0
21 8 -5 393 13 8 9 7 5 6 9 6 5 7 7 2 5 5 5 6 3 6 2 4 5
21 8 -5 394 10 11 10 7 4 8 7 6 5 9 5 2 4 7 4 6 4 1 5 5 5
21 8 -5 394 11 10 10 5 6 7 8 6 5 8 5 3 5 4 6 6 4 2 3 6 5
21 8 -5 394 11 10 11 7 3 9 6 6 6 7 6 2 4 6 6 5 1 6 4 4 5
21 8 -5 394 12 9 10 6 5 7 8 6 5 7 8 1 4 6 5 6 2 5 4 4 5
21 8 -5 394 13 8 9 8 4 6 9 6 5 6 8 2 5 3 7 6 3 3 5 4 5
21 8 -5 394 13 8 10 6 5 7 7 7 5 6 8 2 4 5 5 7 2 4 4 5 5
21 8 -5 394 13 8 10 7 4 7 8 6 5 7 7 2 4 6 4 7 2 5 3 5 5
21 8 -5 395 9 12 9 8 4 8 6 7 7 4 8 2 6 4 4 7 3 6 1 5 5
21 8 -5 395 10 11 9 9 3 8 6 7 6 7 4 4 5 5 6 5 3 3 8 1 5
21 8 -5 395 11 10 10 6 5 7 9 5 5 9 4 3 5 5 5 6 4 3 2 6 5
21 8 -5 395 13 8 9 8 4 6 9 6 4 9 5 3 4 5 7 5 3 3 5 4 5
21 8 -5 395 13 8 9 9 3 6 10 5 5 7 7 2 5 4 6 6 3 4 4 4 5
21 8 -5 396 9 12 8 8 5 7 7 7 6 7 5 3 6 6 2 7 6 1 6 2 5
21 8 -5 396 9 12 8 10 3 8 5 8 7 4 8 2 6 5 3 7 4 5 2 4 5
21 8 -5 396 11 10 8 9 4 6 9 6 5 8 5 3 6 3 7 5 6 0 5 4 5
21 8 -5 396 12 9 9 8 4 6 10 5 5 7 8 1 5 4 7 5 3 4 5 3 5
21 8 -5 397 9 12 7 10 4 7 6 8 7 4 8 2 7 4 4 6 5 6 1 3 5
21 8 -5 397 9 12 8 10 3 7 8 6 7 4 8 2 7 2 6 6 4 5 2 4 5
21 8 -5 397 9 12 9 10 2 8 7 6 7 4 8 2 6 3 5 7 3 4 3 5 5
21 8 -5 397 10 11 10 5 6 7 9 5 5 9 5 2 5 5 6 5 4 3 3 5 5
21 8 -5 397 11 10 9 6 6 7 7 7 6 7 3 5 6 4 6 5 3 7 3 2 5
21 8 -5 397 11 10 9 8 4 7 8 6 5 8 8 0 5 5 7 4 5 2 3 5 5
21 8 -5 397 13 8 9 6 6 6 8 7 4 9 5 3 4 6 6 5 3 5 3 4 5
21 8 -5 399 8 13 9 7 5 8 6 7 7 5 5 4 6 5 2 8 3 6 2 4 5
21 8 -5 399 8 13 10 6 5 8 7 6 6 7 3 5 5 4 5 7 2 4 4 5 5
21 8 -5 399 8 13 10 7 4 8 8 5 7 5 5 4 6 3 4 8 2 5 3 5 5
21 8 -5 399 9 12 8 11 2 7 8 6 6 6 6 3 6 2 8 5 4 2 5 4 5
21 8 -5 399 9 12 9 8 4 7 9 5 6 7 5 3 6 3 7 5 4 2 5 9 0
21 8 -5 399 9 12 9 8 4 7 9 5 6 7 5 3 6 4 4 7 5 0 7 3 5
21 8 -5 399 9 12 10 6 5 8 7 6 6 7 5 3 5 6 2 8 4 1 6 4 5
21 8 -5 399 9 12 10 7 4 8 8 5 6 7 8 0 5 6 4 6 4 2 5 4 5
21 8 -5 399 9 12 11 7 3 9 6 6 6 6 6 3 4 4 6 7 1 3 4 7 5
21 8 -5 399 10 11 10 7 4 9 4 8 6 7 4 4 4 7 4 6 2 4 7 2 5
21 8 -5 399 11 10 10 7 4 7 9 5 5 8 5 3 5 3 7 6 4 0 5 6 5
21 8 -5 399 12 9 7 8 6 5 9 7 6 5 7 3 7 4 3 7 5 6 3 1 5
21 8 -5 399 12 9 7 10 4 5 10 6 6 5 7 3 7 3 4 7 5 4 5 1 5
21 8 -5 400 9 12 8 8 5 7 7 7 7 4 8 2 7 3 5 6 4 7 0 4 5
21 8 -5 400 10 11 10 6 5 7 8 6 4 9 5 3 3 6 5 7 2 2 4 7 5
21 8 -5 400 10 11 11 5 5 8 8 5 5 9 5 2 4 6 5 6 3 2 4 6 5
21 8 -5 400 11 10 11 5 5 8 7 6 5 8 5 3 4 5 5 7 3 1 4 7 5
21 8 -5 400 12 9 9 8 4 7 7 7 4 10 5 2 4 6 7 4 5 1 3 6 5
21 8 0 385 12 9 8 8 5 6 8 7 6 5 7 3 6 4 5 6 4 6 3 2 5
21 8 0 386 9 12 7 10 4 6 8 7 6 5 7 3 6 4 4 7 5 3 4 3 5
21 8 0 386 9 12 9 8 4 7 8 6 6 5 7 3 5 4 4 8 3 3 4 5 5
21 8 0 388 9 12 9 8 4 8 6 7 6 7 5 3 5 6 4 6 5 1 6 3 5
21 8 0 388 11 10 8 9 4 7 6 8 5 8 5 3 5 5 7 4 6 1 4 4 5
21 8 0 389 13 8 9 9 3 7 7 7 5 7 7 2 4 6 6 5 3 5 3 4 5
21 8 0 390 11 10 10 7 4 8 6 7 5 8 5 3 4 5 7 5 4 1 4 6 5
21 8 0 390 12 9 8 10 3 6 9 6 6 5 7 3 6 3 6 6 4 4 5 2 5
21 8 0 390 12 9 10 6 5 7 8 6 6 5 7 3 5 4 5 7 2 6 3 4 5
21 8 0 391 8 13 9 9 3 8 7 6 7 5 5 4 6 3 6 6 3 5 3 4 5
21 8 0 391 10 11 10 7 4 8 7 6 5 9 5 2 4 6 7 4 4 2 4 5 5
21 8 0 392 11 10 10 8 3 8 7 6 5 9 4 3 4 6 6 5 4 2 3 6 5
21 8 0 393 8 13 9 8 4 8 6 7 6 7 3 5 5 4 7 5 3 4 4 4 5
21 8 0 393 10 11 9 8 4 7 8 6 6 6 5 4 5 5 4 7 3 3 8 1 5
21 8 0 394 10 11 9 7 5 7 8 6 7 4 7 3 6 4 5 6 2 8 3 7 0
21 8 0 394 12 9 9 8 4 6 10 5 6 5 7 3 6 2 7 6 3 5 4 3 5
21 8 0 395 9 12 8 11 2 8 5 8 6 6 6 3 5 4 8 4 4 3 4 4 5
21 8 0 396 8 13 9 7 5 8 6 7 7 5 5 4 6 4 5 6 3 7 1 4 5
21 8 0 396 10 11 10 7 4 7 9 5 5 7 7 2 4 4 7 6 2 4 2 7 5
21 8 0 396 10 11 10 7 4 8 6 7 5 7 7 2 3 7 4 7 2 4 2 7 5
21 8 0 396 11 10 9 6 6 6 9 6 5 7 6 3 5 5 3 8 5 1 4 5 5
21 8 0 396 11 10 9 7 5 6 10 5 6 6 4 5 6 3 5 7 3 5 5 2 5
21 8 0 396 11 10 10 6 5 8 6 7 5 9 4 3 4 7 5 5 4 4 1 6 5
21 8 0 396 11 10 10 7 4 8 7 6 7 5 5 4 5 6 4 6 1 7 8 4 0
21 8 0 396 12 9 9 6 6 7 6 8 6 5 7 3 5 6 3 7 3 7 2 3 5
21 8 0 396 12 9 10 8 3 8 6 7 5 7 8 1 3 7 6 5 2 4 5 4 5
21 8 0 396 13 8 10 7 4 7 8 6 5 7 7 2 4 5 7 5 2 6 2 5 5
21 8 0 397 9 12 8 10 3 8 5 8 7 4 8 2 6 4 6 5 4 6 1 4 5
21 8 0 397 10 11 9 7 5 7 8 6 7 4 7 3 6 5 2 8 3 6 5 1 5
21 8 0 397 11 10 7 8 6 5 9 7 5 7 6 3 6 5 3 7 7 1 4 3 5
21 8 0 397 12 9 9 6 6 6 9 6 6 5 7 3 6 3 6 6 3 7 2 3 5
21 8 0 398 8 13 9 8 4 8 6 7 6 6 7 2 5 5 4 7 5 1 2 7 5
21 8 0 398 8 13 10 7 4 9 5 7 7 5 5 4 5 5 4 7 2 6 2 5 5
21 8 0 398 9 12 8 10 3 6 10 5 6 5 7 3 6 2 6 7 4 2 5 4 5
21 8 0 398 9 12 10 8 3 8 8 5 6 7 5 3 5 4 6 6 4 0 7 4 5
21 8 0 398 9 12 10 9 2 9 5 7 6 6 6 3 4 4 8 5 2 3 4 6 5
21 8 0 398 9 12 11 6 4 9 6 6 6 7 5 3 4 6 4 7 3 1 6 5 5
21 8 0 398 11 10 9 9 3 8 5 8 6 5 8 2 4 7 3 7 3 3 7 2 5
21 8 0 398 11 10 11 5 5 8 7 6 5 8 5 3 3 7 5 6 1 5 5 4 5
21 8 0 398 12 9 9 7 5 6 9 6 4 9 6 2 4 6 5 6 5 1 3 6 5
21 8 0 398 13 8 9 7 5 7 6 8 5 7 7 2 4 7 5 5 3 7 1 4 5
21 8 0 399 8 13 7 10 4 7 6 8 6 6 7 2 6 5 4 6 7 1 2 5 5
21 8 0 399 10 11 9 6 6 7 7 7 5 9 2 5 5 5 6 5 5 2 4 4 5
21 8 0 399 12 9 7 8 6 6 6 9 6 5 7 3 6 6 3 6 5 7 2 1 5
21 8 0 400 9 12 8 10 3 7 8 6 6 7 5 3 6 4 6 5 6 0 7 2 5
21 8 0 400 11 10 11 7 3 8 8 5 5 8 5 3 3 6 6 6 1 3 7 4 5
21 8 0 400 12 9 6 10 5 5 8 8 6 5 7 3 7 4 5 5 6 6 3 0 5
21 8 3 377 12 9 9 7 5 7 7 7 6 6 6 3 5 6 5 5 3 7 4 3 3
21 8 3 377 12 9 9 9 3 7 8 6 6 6 6 3 5 5 6 5 3 5 6 3 3
21 8 3 381 9 12 10 7 4 8 7 6 6 6 6 3 4 6 4 7 2 4 5 6 3
21 8 3 381 12 9 10 7 4 8 6 7 6 6 6 3 4 7 4 6 2 6 5 4 3
21 8 3 383 12 9 10 7 4 7 9 5 6 6 6 3 5 4 7 5 2 6 5 4 3
21 8 3 384 11 10 8 7 6 6 8 7 5 8 5 3 5 7 3 6 6 2 5 4 3
21 8 3 384 12 9 9 8 4 7 7 7 5 8 4 4 4 6 7 4 3 4 7 3 3
21 8 3 387 11 10 9 7 5 6 10 5 5 8 5 3 5 5 5 6 5 1 6 5 3
21 8 3 388 11 10 8 9 4 6 9 6 6 5 8 2 6 3 7 5 4 6 1 6 3
21 8 3 388 11 10 9 8 4 8 5 8 5 9 4 3 4 7 7 3 5 2 5 5 3
21 8 3 388 12 9 11 7 3 8 8 5 6 6 6 3 4 5 6 6 1 5 6 5 3
21 8 3 389 8 13 9 9 3 8 7 6 6 7 6 2 5 5 6 5 5 1 4 7 3
21 8 3 389 12 9 9 8 4 7 7 7 5 7 8 1 4 7 4 6 5 1 5 6 3
21 8 3 390 9 12 10 7 4 7 10 4 6 6 6 3 5 3 7 6 2 4 5 6 3
21 8 3 390 10 11 10 8 3 8 7 6 6 5 9 1 4 5 6 6 2 4 4 7 3
21 8 3 390 11 10 8 9 4 6 9 6 5 8 5 3 5 6 4 6 6 0 7 4 3
21 8 3 390 13 8 9 8 4 6 9 6 5 6 8 2 4 6 4 7 3 3 7 4 3
21 8 3 391 10 11 8 8 5 6 9 6 7 3 8 3 7 2 5 7 4 6 2 5 3
21 8 3 391 10 11 9 10 2 8 6 7 6 5 9 1 4 6 5 6 3 3 5 6 3
21 8 3 391 11 10 9 7 5 7 7 7 6 5 8 2 5 5 5 6 3 7 0 7 3
21 8 3 391 12 9 9 7 5 6 10 5 6 6 6 3 6 3 8 4 3 7 4 3 3
21 8 3 391 12 9 10 5 6 7 8 6 6 6 6 3 5 5 6 5 2 8 3 4 3
21 8 3 391 12 9 10 6 5 7 8 6 5 7 8 1 4 6 5 6 4 2 4 7 3
21 8 3 391 12 9 11 5 5 8 7 6 6 6 6 3 4 6 5 6 1 7 4 5 3
21 8 3 392 9 12 10 7 4 9 5 7 6 8 4 3 4 8 4 5 4 2 7 4 3
21 8 3 392 11 10 10 5 6 7 8 6 5 8 5 3 4 7 3 7 4 2 5 6 3
21 8 3 392 11 10 10 6 5 7 8 6 5 7 6 3 4 4 8 5 2 5 2 8 3
21 8 3 393 9 12 9 8 4 7 9 5 6 7 5 3 6 3 7 5 5 3 1 8 3
21 8 3 393 9 12 10 8 3 8 8 5 7 4 8 2 5 5 3 8 2 5 4 6 3
21 8 3 393 9 12 10 9 2 8 8 5 6 6 6 3 4 5 5 7 2 2 7 6 3
21 8 3 393 12 9 7 10 4 6 7 8 5 7 8 1 5 7 4 5 7 1 5 4 3
21 8 3 393 13 8 7 10 4 5 9 7 5 6 8 2 5 6 4 6 5 3 7 2 3
21 8 3 394 8 13 10 7 4 8 8 5 6 7 6 2 5 4 7 5 4 2 3 8 3
21 8 3 394 9 12 11 5 5 8 8 5 6 6 6 3 4 5 5 7 1 5 4 7 3
21 8 3 395 9 12 10 9 2 9 6 6 7 5 7 2 5 4 8 4 2 6 3 6 3
21 8 3 395 11 10 10 7 4 7 9 5 5 8 5 3 4 6 4 7 4 0 7 6 3
21 8 3 395 12 9 9 8 4 6 10 5 5 7 8 1 5 4 7 5 5 1 5 6 3
21 8 3 396 8 13 10 7 4 9 5 7 6 7 6 2 4 7 4 6 4 2 3 8 3
21 8 3 396 10 11 7 9 5 5 10 6 5 7 7 2 6 4 5 6 7 1 2 7 3
21 8 3 396 10 11 8 10 3 8 4 9 6 5 9 1 4 8 3 6 4 4 4 5 3
21 8 3 396 10 11 11 6 4 8 9 4 7 5 6 3 5 5 4 7 1 6 7 3 3
21 8 3 396 11 10 9 10 2 7 8 6 6 4 9 2 4 5 5 7 1 5 7 4 3
21 8 3 396 11 10 9 10 2 8 6 7 6 6 7 2 4 7 5 5 3 3 9 2 3
21 8 3 396 12 9 11 6 4 8 7 6 5 8 4 4 3 6 7 5 1 4 7 5 3
21 8 3 396 13 8 10 6 5 6 10 5 5 6 8 2 4 5 5 7 2 4 6 5 3
21 8 3 397 9 12 10 6 5 8 7 6 6 7 5 3 5 5 5 6 4 4 0 9 3
21 8 3 397 12 9 8 10 3 6 9 6 5 7 8 1 5 5 6 5 6 0 6 5 3
21 8 3 398 9 12 10 7 4 9 5 7 7 5 7 2 5 5 7 4 2 8 1 6 3
21 8 3 398 9 12 11 7 3 8 9 4 6 6 6 3 4 4 6 7 1 3 6 7 3
21 8 3 398 10 11 10 7 4 7 10 4 6 6 8 1 5 5 4 7 4 1 7 5 3
21 8 3 398 11 10 10 8 3 8 7 6 5 9 4 3 4 5 9 3 4 1 6 6 3
21 8 3 399 9 12 11 7 3 9 7 5 6 8 4 3 4 6 6 5 3 1 8 5 3
21 8 3 399 10 11 9 10 2 7 9 5 6 5 9 1 5 3 8 5 3 3 5 6 3
21 8 3 399 11 10 8 10 3 7 7 7 5 9 4 3 5 5 9 2 6 1 6 4 3
21 8 3 399 11 10 9 8 4 6 10 5 5 7 6 3 5 2 10 4 3 4 3 7 3
21 8 3 399 11 10 10 5 6 6 11 4 5 8 5 3 5 4 6 6 4 2 5 6 3
21 8 3 399 11 10 10 7 4 7 9 5 6 5 8 2 5 3 7 6 2 6 1 8 3
21 8 3 399 11 10 10 8 3 7 9 5 6 4 9 2 4 4 6 7 0 6 6 5 3
21 8 3 399 11 10 11 6 4 9 5 7 5 9 4 3 3 7 7 4 3 2 5 7 3
21 8 3 399 12 9 10 9 2 7 10 4 6 6 6 3 5 3 8 5 2 4 7 4 3
21 8 3 400 9 12 9 7 5 7 8 6 5 9 3 4 5 4 8 4 5 2 2 8 3
21 8 3 400 11 10 8 11 2 6 10 5 6 5 8 2 6 2 8 5 4 4 3 6 3
21 8 3 400 12 9 8 8 5 5 10 6 5 5 10 1 5 4 5 7 4 4 2 7 3
21 8 3 400 12 9 8 8 5 7 5 9 5 7 8 1 4 9 2 6 6 2 4 5 3
21 8 3 400 12 9 10 5 6 8 5 8 6 6 6 3 4 8 3 6 2 8 3 4 3
21 8 3 400 13 8 8 11 2 7 6 8 5 7 7 2 4 6 8 3 4 3 7 3 3
21 8 3 400 13 8 10 9 2 8 6 7 5 7 7 2 3 6 8 4 2 3 7 5 3
21 8 4 373 11 10 9 8 4 7 8 6 6 6 7 2 5 6 4 6 4 4 5 4 3
21 8 4 380 11 10 10 6 5 7 9 5 6 6 7 2 5 5 5 6 3 5 4 5 3
21 8 4 382 11 10 9 6 6 7 7 7 6 6 7 2 5 7 3 6 4 6 3 4 3
21 8 4 382 13 8 8 9 4 6 8 7 5 7 7 2 5 5 7 4 5 4 3 5 3
21 8 4 384 8 13 9 7 5 8 6 7 7 5 5 4 6 4 5 6 4 5 2 6 3
21 8 4 384 10 11 8 9 4 6 9 6 5 7 7 2 5 4 7 5 5 2 3 7 3
21 8 4 384 10 11 9 7 5 7 7 7 5 7 7 2 4 6 5 6 4 3 2 8 3
21 8 4 384 11 10 10 8 3 8 7 6 6 6 7 2 4 7 3 7 3 3 6 5 3
21 8 4 385 12 9 9 6 6 6 9 6 5 8 4 4 5 5 6 5 4 5 3 5 3
21 8 4 387 8 13 8 9 4 7 8 6 7 5 5 4 7 2 7 5 5 4 3 5 3
21 8 4 387 11 10 10 7 4 7 9 5 5 8 5 3 4 5 7 5 3 2 7 5 3
21 8 4 387 11 10 10 8 3 7 10 4 6 6 7 2 5 4 6 6 3 3 6 5 3
21 8 4 387 11 10 11 6 4 8 8 5 6 6 7 2 4 6 4 7 2 4 5 6 3
21 8 4 388 11 10 9 8 4 6 11 4 6 6 7 2 6 3 7 5 4 4 5 4 3
21 8 4 388 11 10 9 9 3 7 8 6 5 8 5 3 4 6 6 5 4 1 8 4 3
21 8 4 388 11 10 9 10 2 7 9 5 6 6 7 2 5 5 5 6 4 2 7 4 3
21 8 4 388 11 10 10 6 5 8 6 7 6 6 7 2 4 8 2 7 3 5 4 5 3
21 8 4 388 13 8 10 7 4 7 8 6 5 7 7 2 4 5 7 5 3 4 3 7 3
21 8 4 389 11 10 10 7 4 8 6 7 5 8 5 3 3 8 4 6 3 2 7 5 3
21 8 4 390 12 9 10 7 4 8 6 7 6 6 6 3 4 6 7 4 1 8 5 3 3
21 8 4 390 13 8 8 7 6 6 7 8 5 7 7 2 5 6 6 4 5 6 1 5 3
21 8 4 391 10 11 11 6 4 9 6 6 6 8 3 4 4 6 7 4 2 5 5 5 3
21 8 4 391 13 8 9 7 5 6 9 6 5 7 7 2 5 4 8 4 4 5 2 6 3
21 8 4 392 11 10 9 8 4 8 5 8 6 6 7 2 4 9 1 7 4 4 5 4 3
21 8 4 392 11 10 11 5 5 8 7 6 5 8 5 3 3 7 5 6 2 3 6 6 3
21 8 4 393 11 10 10 8 3 8 7 6 7 4 6 4 5 4 6 6 1 6 8 2 3
21 8 4 393 12 9 10 8 3 8 6 7 5 7 8 1 3 7 6 5 3 2 6 6 3
21 8 4 394 8 13 10 7 4 8 8 5 7 5 5 4 6 2 7 6 3 4 3 7 3
21 8 4 394 10 11 9 8 4 7 8 6 6 5 9 1 5 5 4 7 4 4 1 8 3
21 8 4 394 13 8 7 9 5 5 9 7 5 7 7 2 6 4 8 3 6 5 2 4 3
21 8 4 395 9 12 11 7 3 9 6 6 6 6 6 3 3 6 6 6 0 5 6 6 3
21 8 4 395 10 11 10 7 4 8 7 6 5 9 5 2 4 6 7 4 5 0 5 7 3
21 8 4 395 11 10 9 8 4 6 10 5 6 4 9 2 5 4 4 8 2 6 3 6 3
21 8 4 395 12 9 10 9 2 8 7 6 6 6 6 3 4 5 8 4 1 6 7 3 3
21 8 4 396 8 13 10 8 3 9 6 6 7 5 8 1 5 5 6 5 3 5 2 7 3
21 8 4 396 9 12 10 7 4 7 10 4 6 6 6 3 5 4 4 8 3 3 3 8 3
21 8 4 396 10 11 8 8 5 6 9 6 6 5 9 1 6 4 5 6 5 5 0 7 3
21 8 4 396 10 11 10 7 4 7 9 5 5 7 7 2 4 4 7 6 3 2 3 9 3
21 8 4 396 11 10 9 9 3 7 8 6 6 5 8 2 5 3 9 4 2 7 2 6 3
21 8 4 397 11 10 8 7 6 5 11 5 6 6 4 5 7 2 6 6 5 4 5 3 3
21 8 4 397 11 10 10 9 2 8 7 6 6 5 8 2 4 4 8 5 1 6 3 7 3
21 8 4 398 8 13 10 6 5 8 7 6 6 6 7 2 4 7 2 8 3 3 4 7 3
21 8 4 398 9 12 10 8 3 8 8 5 6 7 5 3 5 3 9 4 3 4 2 8 3
21 8 4 398 10 11 9 9 3 7 8 6 6 4 10 1 4 6 3 8 2 4 6 5 3
21 8 4 398 13 8 10 8 3 7 8 6 5 6 8 2 3 6 6 6 1 4 8 4 3
21 8 4 398 14 7 8 7 6 5 9 7 5 6 7 3 5 5 6 5 3 8 3 3 3
21 8 4 399 8 13 10 9 2 9 6 6 6 7 6 2 4 5 8 4 3 2 5 7 3
21 8 4 399 9 12 7 9 5 6 8 7 7 3 9 2 7 4 2 8 6 4 2 5 3
21 8 4 399 9 12 8 9 4 6 10 5 7 4 5 5 7 1 7 6 3 6 5 3 3
21 8 4 399 10 11 8 10 3 6 10 5 6 5 9 1 6 3 6 6 5 3 2 7 3
21 8 4 399 10 11 11 5 5 8 8 5 6 7 4 4 4 7 2 8 2 4 6 5 3
21 8 4 399 10 11 11 6 4 8 8 5 6 6 5 4 4 4 7 6 0 7 3 7 3
21 8 4 399 11 10 10 7 4 8 6 7 6 5 8 2 4 5 7 5 1 8 1 7 3
21 8 4 399 11 10 11 4 6 8 7 6 6 6 7 2 4 7 3 7 2 6 3 6 3
21 8 4 399 11 10 11 8 2 8 9 4 6 6 7 2 4 5 5 7 2 2 7 6 3
21 8 4 399 12 9 10 6 5 7 8 6 6 5 7 3 4 7 2 8 1 7 6 3 3
21 8 4 399 12 9 10 8 3 7 9 5 6 5 7 3 4 6 3 8 1 5 8 3 3
21 8 4 399 12 9 11 7 3 9 5 7 6 6 6 3 3 7 6 5 0 7 6 4 3
21 8 4 399 13 8 8 9 4 6 8 7 6 4 10 1 5 6 4 6 3 7 5 2 3
21 8 4 399 13 8 9 9 3 6 10 5 5 7 7 2 5 3 9 4 4 3 4 6 3
21 8 4 399 13 8 10 5 6 7 7 7 5 7 7 2 4 6 6 5 3 6 1 7 3
21 8 4 400 9 12 10 6 5 8 7 6 6 7 5 3 5 4 8 4 3 6 0 8 3
21 8 4 400 11 10 10 7 4 6 11 4 5 6 7 3 4 3 7 7 1 4 5 7 3
21 8 4 400 11 10 11 7 3 8 8 5 5 8 5 3 3 6 6 6 2 1 8 6 3
21 8 4 400 12 9 9 7 5 6 9 6 5 6 9 1 4 7 2 8 4 2 6 5 3
21 8 7 387 9 12 9 8 4 7 8 6 6 5 7 3 5 4 4 8 4 2 4 5 5
21 8 7 387 10 11 9 7 5 7 7 7 5 7 7 2 4 6 5 6 4 4 1 6 5
21 8 7 387 10 11 9 9 3 7 8 6 5 7 7 2 4 5 6 6 4 2 3 6 5
21 8 7 388 13 8 9 9 3 7 7 7 5 7 7 2 4 6 6 5 4 4 3 4 5
21 8 7 389 9 12 7 10 4 6 8 7 6 5 7 3 6 4 4 7 6 2 4 3 5
21 8 7 389 10 11 9 7 5 7 8 6 7 4 7 3 6 4 5 6 3 7 3 7 0
21 8 7 389 11 10 10 6 5 7 9 5 6 6 7 2 5 5 5 6 3 6 3 3 5
21 8 7 389 11 10 10 8 3 8 7 6 6 6 7 2 4 7 3 7 3 4 5 3 5
21 8 7 390 8 13 9 9 3 8 7 6 7 5 5 4 6 3 6 6 4 4 3 4 5
21 8 7 390 11 10 10 7 4 7 9 5 5 8 5 3 4 5 7 5 3 3 6 3 5
21 8 7 390 12 9 10 6 5 7 8 6 5 8 4 4 4 6 5 6 3 5 3 4 5
21 8 7 391 8 13 8 9 4 8 5 8 7 5 5 4 6 5 4 6 5 5 2 3 5
21 8 7 391 13 8 8 9 4 6 8 7 5 7 7 2 5 5 7 4 5 5 2 3 5
21 8 7 392 11 10 10 7 4 8 6 7 5 8 5 3 3 8 4 6 3 3 6 3 5
21 8 7 393 8 13 9 7 5 8 6 7 7 5 5 4 6 4 5 6 4 6 1 4 5
21 8 7 393 8 13 9 8 4 8 6 7 6 7 3 5 5 4 7 5 4 3 4 4 5
21 8 7 393 10 11 9 8 4 7 7 7 4 9 5 3 3 6 7 5 4 1 4 6 5
21 8 7 393 13 8 10 7 4 7 8 6 5 7 7 2 4 5 7 5 3 5 2 5 5
21 8 7 394 10 11 9 8 4 7 8 6 6 6 5 4 5 5 4 7 4 2 8 1 5
21 8 7 394 10 11 10 7 4 8 7 6 5 9 5 2 4 6 7 4 5 1 4 5 5
21 8 7 395 8 13 10 7 4 9 5 7 7 5 5 4 5 5 4 7 3 5 2 5 5
21 8 7 395 10 11 8 9 4 6 10 5 7 4 7 3 7 2 7 5 4 6 4 6 0
21 8 7 395 10 11 10 7 4 7 9 5 5 7 7 2 4 4 7 6 3 3 2 7 5
21 8 7 395 10 11 10 7 4 8 6 7 5 7 7 2 3 7 4 7 3 3 2 7 5
21 8 7 395 11 10 9 7 5 6 10 5 6 6 4 5 6 3 5 7 4 4 5 2 5
21 8 7 395 11 10 11 5 5 8 7 6 5 8 5 3 3 7 5 6 2 4 5 4 5
21 8 7 395 12 9 10 8 3 8 6 7 5 7 8 1 3 7 6 5 3 3 5 4 5
21 8 7 395 13 8 9 7 5 7 6 8 5 7 7 2 4 7 5 5 4 6 1 4 5
21 8 7 396 8 13 8 9 4 7 8 6 7 5 5 4 7 2 7 5 5 5 2 3 5
21 8 7 396 10 11 8 10 3 7 7 7 7 3 8 3 6 3 6 6 3 7 3 2 5
21 8 7 396 10 11 9 7 5 8 5 8 5 9 5 2 4 8 5 4 6 2 3 4 5
21 8 7 396 12 9 8 10 3 7 6 8 5 7 8 1 4 7 6 4 5 3 5 2 5
21 8 7 397 9 12 8 11 2 8 5 8 6 6 6 3 5 4 8 4 5 2 4 4 5
21 8 7 397 11 10 10 6 5 8 6 7 6 6 7 2 4 8 2 7 3 6 3 3 5
21 8 7 398 9 12 10 9 2 9 5 7 6 6 6 3 4 4 8 5 3 2 4 6 5
21 8 7 398 11 10 10 8 3 8 6 7 5 7 6 3 3 5 9 4 1 6 3 5 5
21 8 7 398 12 9 8 10 3 6 8 7 5 5 10 1 4 5 6 6 3 5 3 4 5
21 8 7 398 13 8 8 8 5 6 7 8 4 9 5 3 4 6 8 3 5 4 3 3 5
21 8 7 399 8 13 10 7 4 8 8 5 7 5 5 4 6 2 7 6 3 5 2 5 5
21 8 7 399 10 11 9 7 5 6 10 5 5 7 7 2 5 3 8 5 4 4 1 6 5
21 8 7 399 11 10 9 9 3 8 5 8 6 5 8 2 4 7 3 7 4 2 7 2 5
21 8 7 399 11 10 11 7 3 8 8 5 5 8 5 3 3 6 6 6 2 2 7 4 5
21 8 7 399 12 9 11 6 4 8 7 6 5 7 8 1 3 6 7 5 2 4 4 5 5
21 8 7 399 13 8 11 7 3 8 7 6 5 7 7 2 3 6 6 6 2 4 3 6 5
21 8 7 400 10 11 9 8 4 8 5 8 7 3 8 3 5 5 4 7 2 8 2 3 5
21 8 7 400 10 11 10 6 5 8 6 7 6 6 5 4 4 7 2 8 3 3 7 2 5
21 8 7 400 10 11 10 8 3 8 7 6 7 3 8 3 5 3 6 7 1 7 3 4 5
21 8 7 400 13 8 9 7 5 6 9 6 5 7 7 2 5 4 8 4 4 6 1 4 5
21 8 12 386 9 12 9 8 4 7 8 6 6 5 7 3 5 4 4 8 4 3 3 5 5
21 8 12 387 11 10 10 7 4 8 6 7 6 5 8 2 4 6 4 7 3 4 5 3 5
21 8 12 388 9 12 7 10 4 6 8 7 6 5 7 3 6 4 4 7 6 3 3 3 5
21 8 12 388 9 12 8 8 5 6 9 6 6 5 7 3 6 3 5 7 5 4 2 4 5
21 8 12 388 11 10 9 9 3 7 8 6 6 5 8 2 5 4 6 6 4 3 6 2 5
21 8 12 389 10 11 9 8 4 7 8 6 6 6 5 4 5 5 4 7 4 3 7 1 5
21 8 12 389 13 8 9 8 4 7 6 8 5 6 8 2 4 5 7 5 4 4 3 4 5
21 8 12 390 12 9 9 7 5 6 9 6 5 7 5 4 5 3 8 5 4 4 4 3 5
21 8 12 390 12 9 9 8 4 7 7 7 5 7 8 1 4 6 7 4 4 5 3 3 5
21 8 12 390 13 8 9 9 3 7 7 7 5 7 7 2 4 6 6 5 4 5 2 4 5
21 8 12 391 10 11 10 6 5 7 9 5 6 6 5 4 5 4 5 7 3 4 6 2 5
21 8 12 391 12 9 10 5 6 7 7 7 5 7 5 4 4 5 6 6 3 5 3 4 5
21 8 12 392 8 13 9 9 3 8 7 6 7 5 5 4 6 3 6 6 4 5 2 4 5
21 8 12 392 10 11 10 7 4 8 6 7 6 5 6 4 4 4 7 6 1 7 3 4 5
21 8 12 392 10 11 10 7 4 8 7 6 5 9 5 2 4 6 7 4 5 2 3 5 5
21 8 12 393 8 13 9 8 4 8 6 7 6 7 3 5 5 4 7 5 4 4 3 4 5
21 8 12 393 9 12 9 9 3 8 6 7 6 6 6 3 5 3 9 4 4 4 2 5 5
21 8 12 394 10 11 9 7 5 7 8 6 7 4 7 3 6 4 5 6 3 8 2 7 0
21 8 12 394 12 9 10 8 3 8 6 7 5 7 8 1 3 7 6 5 3 4 4 4 5
21 8 12 395 9 12 9 6 6 7 7 7 6 5 7 3 5 5 3 8 4 5 1 5 5
21 8 12 395 11 10 9 7 5 6 10 5 6 6 4 5 6 3 5 7 4 5 4 2 5
21 8 12 395 11 10 9 9 3 8 5 8 6 5 8 2 4 7 3 7 4 3 6 2 5
21 8 12 395 11 10 11 5 5 8 7 6 5 8 5 3 3 7 5 6 2 5 4 4 5
21 8 12 395 11 10 11 7 3 8 8 5 5 8 5 3 3 6 6 6 2 3 6 4 5
21 8 12 396 7 14 10 8 3 9 6 6 7 5 6 3 5 4 6 6 3 4 4 4 5
21 8 12 396 9 12 8 11 2 8 5 8 6 6 6 3 5 4 8 4 5 3 3 4 5
21 8 12 396 9 12 9 10 2 8 7 6 7 4 8 2 5 5 5 6 3 4 7 6 0
21 8 12 396 9 12 10 7 4 9 4 8 6 6 6 3 4 5 7 5 3 5 1 6 5
21 8 12 396 10 11 8 8 5 7 6 8 6 6 5 4 5 7 2 7 5 4 6 0 5
21 8 12 396 10 11 9 9 3 7 8 6 6 5 6 4 5 2 9 5 2 6 4 3 5
21 8 12 397 9 12 10 8 3 8 7 6 5 7 8 1 3 6 6 6 3 2 4 6 5
21 8 12 397 9 12 10 9 2 9 5 7 6 6 6 3 4 4 8 5 3 3 3 6 5
21 8 12 397 10 11 10 6 5 8 6 7 6 6 5 4 4 7 2 8 3 4 6 2 5
21 8 12 397 10 11 10 7 4 7 9 5 5 7 7 2 4 4 7 6 3 4 1 7 5
21 8 12 397 10 11 10 7 4 8 6 7 5 7 7 2 3 7 4 7 3 4 1 7 5
21 8 12 397 11 10 10 9 2 8 7 6 6 5 8 2 4 5 5 7 3 2 7 3 5
21 8 12 397 13 8 10 7 4 7 8 6 5 7 7 2 4 5 7 5 3 6 1 5 5
21 8 12 398 9 12 8 10 3 6 10 5 6 5 7 3 6 2 6 7 5 2 4 4 5
21 8 12 398 10 11 11 6 4 8 8 5 6 6 5 4 4 5 4 8 2 3 7 3 5
21 8 12 398 11 10 9 6 6 6 9 6 5 7 6 3 5 5 3 8 6 1 3 5 5
21 8 12 398 12 9 9 8 4 6 10 5 6 5 7 3 5 5 4 7 3 4 9 4 0
21 8 12 399 8 13 10 7 4 9 5 7 7 5 5 4 5 5 4 7 3 6 1 5 5
21 8 12 399 9 12 10 7 4 7 9 5 5 7 5 4 4 3 7 7 3 1 5 6 5
21 8 12 399 10 11 8 9 4 7 6 8 6 4 10 1 5 5 4 7 5 4 1 5 5
21 8 12 400 10 11 10 5 6 7 9 5 6 7 4 4 5 6 3 7 4 3 7 6 0
21 8 12 400 10 11 10 8 3 8 7 6 6 6 5 4 4 6 3 8 3 2 8 2 5
21 8 12 400 11 10 8 11 2 7 7 7 6 5 8 2 5 5 5 6 5 2 7 1 5
21 8 12 400 12 9 9 10 2 7 8 6 5 7 8 1 4 5 8 4 4 3 5 3 5
21 8 12 400 12 9 10 7 4 7 7 7 4 7 8 2 2 6 7 6 1 5 3 6 5
21 8 12 400 12 9 11 6 4 8 7 6 5 7 8 1 3 6 7 5 2 5 3 5 5
21 8 15 385 9 12 9 8 4 7 8 6 6 5 7 3 5 4 4 8 4 3 4 4 5
21 8 15 389 9 12 7 10 4 6 8 7 6 5 7 3 6 4 4 7 6 3 4 2 5
21 8 15 389 12 9 10 7 4 7 8 6 5 7 5 4 4 4 7 6 3 3 6 3 5
21 8 15 389 13 8 9 9 3 7 7 7 5 7 7 2 4 6 6 5 4 5 3 3 5
21 8 15 390 9 12 8 8 5 7 6 8 6 5 7 3 5 6 2 8 5 4 3 3 5
21 8 15 390 10 11 9 7 5 7 8 6 7 4 7 3 6 4 5 6 3 8 3 6 0
21 8 15 390 10 11 9 9 3 7 9 5 7 4 7 3 6 3 6 6 3 6 5 6 0
21 8 15 390 12 9 8 9 4 6 8 7 5 7 5 4 5 4 7 5 5 3 6 1 5
21 8 15 391 8 13 9 9 3 8 7 6 7 5 5 4 6 3 6 6 4 5 3 3 5
21 8 15 391 10 11 10 7 4 8 7 6 5 9 5 2 4 6 7 4 5 2 4 4 5
21 8 15 392 10 11 10 7 4 7 9 5 5 7 7 2 4 4 7 6 3 4 2 6 5
21 8 15 392 10 11 10 7 4 8 6 7 5 7 7 2 3 7 4 7 3 4 2 6 5
21 8 15 393 8 13 9 8 4 8 6 7 6 7 3 5 5 4 7 5 4 4 4 3 5
21 8 15 393 9 12 9 9 3 9 3 9 6 6 6 3 4 6 6 5 4 4 3 4 5
21 8 15 394 13 8 10 7 4 7 8 6 5 7 7 2 4 5 7 5 3 6 2 4 5
21 8 15 395 9 12 10 9 2 9 5 7 6 6 6 3 4 4 8 5 3 3 4 5 5
21 8 15 395 10 11 10 9 2 8 7 6 5 7 7 2 3 6 5 7 3 2 4 6 5
21 8 15 395 12 9 10 8 3 8 6 7 5 7 8 1 3 7 6 5 3 4 5 3 5
21 8 15 396 8 13 9 7 5 8 6 7 7 5 5 4 6 4 5 6 4 7 1 3 5
21 8 15 396 8 13 10 7 4 9 5 7 7 5 5 4 5 5 4 7 3 6 2 4 5
21 8 15 396 8 13 10 9 2 9 6 6 7 5 5 4 5 4 5 7 3 4 4 4 5
21 8 15 396 9 12 8 11 2 8 5 8 6 6 6 3 5 4 8 4 5 3 4 3 5
21 8 15 396 11 10 9 7 5 6 9 6 5 6 7 3 5 2 8 6 4 4 1 6 5
21 8 15 396 11 10 11 5 5 8 7 6 5 8 5 3 3 7 5 6 2 5 5 3 5
21 8 15 396 13 8 9 8 4 7 6 8 4 9 5 3 3 7 7 4 4 4 4 3 5
21 8 15 397 8 13 9 8 4 8 6 7 6 6 7 2 5 5 4 7 6 1 2 6 5
21 8 15 397 11 10 9 6 6 6 9 6 5 7 6 3 5 5 3 8 6 1 4 4 5
21 8 15 398 9 12 10 6 5 8 6 7 6 5 7 3 4 6 2 9 3 4 3 5 5
21 8 15 398 11 10 9 7 5 6 10 5 6 6 4 5 6 3 5 7 4 5 5 1 5
21 8 15 398 11 10 11 7 3 8 8 5 5 8 5 3 3 6 6 6 2 3 7 3 5
21 8 15 398 12 9 9 7 5 6 9 6 4 9 6 2 4 6 5 6 6 1 3 5 5
21 8 15 398 13 8 9 7 5 7 6 8 5 7 7 2 4 7 5 5 4 7 1 3 5
21 8 15 398 13 8 11 7 3 8 7 6 5 7 7 2 3 6 6 6 2 5 3 5 5
21 8 15 399 9 12 8 10 3 6 10 5 6 5 7 3 6 2 6 7 5 2 5 3 5
21 8 15 399 10 11 8 11 2 7 7 7 6 5 6 4 5 3 8 5 3 5 6 1 5
21 8 15 399 10 11 10 9 2 8 7 6 6 5 6 4 4 3 8 6 1 5 6 3 5
21 8 15 399 12 9 10 7 4 7 9 5 5 8 7 1 4 6 7 4 4 3 6 7 0
21 8 15 399 12 9 11 6 4 8 7 6 5 7 8 1 3 6 7 5 2 5 4 4 5
21 8 15 399 13 8 11 6 4 8 6 7 5 6 8 2 3 5 7 6 2 4 4 5 5
21 8 15 400 8 13 10 7 4 8 8 5 7 5 5 4 6 2 7 6 3 6 2 4 5
21 8 15 400 11 10 9 9 3 8 5 8 6 5 8 2 4 7 3 7 4 3 7 1 5
21 8 16 381 9 12 9 8 4 7 8 6 6 5 7 3 5 4 4 8 4 3 4 5 4
21 8 16 383 9 12 7 10 4 6 8 7 6 5 7 3 6 4 4 7 6 3 4 3 4
21 8 16 384 13 8 9 9 3 7 7 7 5 7 7 2 4 6 6 5 4 5 3 4 4
21 8 16 386 8 13 9 9 3 8 7 6 7 5 5 4 6 3 6 6 4 5 3 4 4
21 8 16 387 10 11 10 7 4 8 7 6 5 9 5 2 4 6 7 4 5 2 4 5 4
21 8 16 388 8 13 9 8 4 8 6 7 6 7 3 5 5 4 7 5 4 4 4 4 4
21 8 16 388 10 11 9 8 4 7 8 6 6 6 5 4 5 5 4 7 4 3 8 1 4
21 8 16 389 11 10 11 6 4 8 8 5 6 6 7 2 4 6 4 7 2 6 4 4 4
21 8 16 390 10 11 10 7 4 7 9 5 5 7 7 2 4 4 7 6 3 4 2 7 4
21 8 16 390 10 11 10 7 4 8 6 7 5 7 7 2 3 7 4 7 3 4 2 7 4
21 8 16 390 12 9 10 8 3 8 6 7 5 7 8 1 3 7 6 5 3 4 5 4 4
21 8 16 390 13 8 10 7 4 7 8 6 5 7 7 2 4 5 7 5 3 6 2 5 4
21 8 16 391 8 13 9 7 5 8 6 7 7 5 5 4 6 4 5 6 4 7 1 4 4
21 8 16 391 9 12 8 11 2 8 5 8 6 6 6 3 5 4 8 4 5 3 4 4 4
21 8 16 391 9 12 10 6 5 7 9 5 6 5 7 3 5 3 5 8 3 4 3 6 4
21 8 16 391 11 10 9 7 5 6 10 5 6 6 4 5 6 3 5 7 4 5 5 2 4
21 8 16 391 11 10 11 5 5 8 7 6 5 8 5 3 3 7 5 6 2 5 5 4 4
21 8 16 392 8 13 10 7 4 9 5 7 7 5 5 4 5 5 4 7 3 6 2 5 4
21 8 16 392 9 12 10 9 2 9 5 7 6 6 6 3 4 4 8 5 3 3 4 6 4
21 8 16 393 11 10 9 6 6 6 9 6 5 7 6 3 5 5 3 8 6 1 4 5 4
21 8 16 393 11 10 9 9 3 8 5 8 6 5 8 2 4 7 3 7 4 3 7 2 4
21 8 16 393 11 10 11 7 3 8 8 5 5 8 5 3 3 6 6 6 2 3 7 4 4
21 8 16 393 13 8 9 7 5 7 6 8 5 7 7 2 4 7 5 5 4 7 1 4 4
21 8 16 394 9 12 8 10 3 6 10 5 6 5 7 3 6 2 6 7 5 2 5 4 4
21 8 16 394 11 10 11 7 3 8 8 5 6 5 8 2 4 4 6 7 2 3 7 4 4
21 8 16 395 8 13 9 8 4 8 6 7 6 6 7 2 5 5 4 7 6 1 2 7 4
21 8 16 395 10 11 8 10 3 7 7 7 7 3 8 3 6 3 6 6 3 8 3 2 4
21 8 16 395 10 11 10 6 5 8 6 7 6 6 5 4 4 7 2 8 3 4 7 2 4
21 8 16 395 11 10 11 8 2 8 9 4 6 6 7 2 4 5 5 7 2 4 6 4 4
21 8 16 395 12 9 9 7 5 6 9 6 4 9 6 2 4 6 5 6 6 1 3 6 4
21 8 16 395 12 9 11 6 4 8 7 6 5 7 8 1 3 6 7 5 2 5 4 5 4
21 8 16 395 13 8 11 7 3 8 7 6 5 7 7 2 3 6 6 6 2 5 3 6 4
21 8 16 396 8 13 10 7 4 8 8 5 7 5 5 4 6 2 7 6 3 6 2 5 4
21 8 16 396 10 11 9 6 6 7 7 7 5 9 2 5 5 5 6 5 6 2 4 4 4
21 8 16 396 10 11 9 9 3 7 8 6 6 4 10 1 5 3 6 7 4 3 3 6 4
21 8 16 396 11 10 7 8 6 5 9 7 5 7 6 3 6 5 3 7 8 1 4 3 4
21 8 16 396 11 10 10 9 2 8 7 6 6 5 8 2 4 5 5 7 3 2 8 3 4
21 8 16 396 13 8 11 6 4 8 6 7 5 6 8 2 3 5 7 6 2 4 4 6 4
21 8 16 397 10 11 11 6 4 8 8 5 6 6 5 4 4 5 4 8 2 3 8 3 4
21 8 16 397 12 9 9 10 2 7 8 6 5 7 8 1 4 5 8 4 4 3 6 3 4
21 8 16 397 13 8 9 7 5 5 11 5 4 8 6 3 4 5 5 7 4 3 5 4 4
21 8 16 397 13 8 10 6 5 7 7 7 4 9 5 3 3 6 8 4 3 5 3 5 4
21 8 16 397 13 8 10 8 3 7 8 6 5 6 8 2 4 3 9 5 3 3 5 5 4
21 8 16 397 13 8 10 9 2 7 9 5 5 7 7 2 4 4 8 5 3 4 4 5 4
21 8 16 398 7 14 9 10 2 9 5 7 7 5 6 3 5 5 5 6 4 3 6 3 4
21 8 16 398 8 13 7 10 4 7 6 8 6 6 7 2 6 5 4 6 8 1 2 5 4
21 8 16 398 8 13 11 7 3 9 7 5 7 5 5 4 5 3 6 7 2 5 3 6 4
21 8 16 398 10 11 11 5 5 8 8 5 5 9 5 2 4 5 8 4 4 3 3 6 4
21 8 16 398 10 11 11 7 3 8 8 5 5 7 7 2 3 5 6 7 2 3 3 8 4
21 8 16 398 10 11 11 7 3 9 6 6 5 9 5 2 3 7 6 5 4 1 5 6 4
21 8 16 398 12 9 10 8 3 7 9 5 5 7 8 1 4 4 9 4 3 4 5 4 4
21 8 16 398 12 9 11 5 5 7 9 5 5 7 5 4 4 3 8 6 2 4 5 5 4
21 8 16 398 13 8 9 7 5 6 9 6 5 7 7 2 5 4 8 4 4 7 1 4 4
21 8 16 399 9 12 11 7 3 9 6 6 6 6 6 3 4 3 9 5 2 4 3 7 4
21 8 16 399 10 11 10 8 3 8 7 6 7 3 8 3 5 3 6 7 1 8 3 4 4
21 8 16 399 10 11 11 7 3 8 9 4 6 6 8 1 4 5 6 6 2 4 7 3 4
21 8 16 399 11 10 8 11 2 7 7 7 6 5 8 2 5 5 5 6 5 2 8 1 4
21 8 16 399 12 9 9 8 4 8 4 9 5 7 8 1 3 9 4 5 4 5 4 3 4
21 8 16 399 12 9 11 6 4 7 10 4 5 8 4 4 4 4 7 6 2 5 4 5 4
21 8 16 400 9 12 9 8 4 6 11 4 6 5 7 3 6 1 7 7 4 3 4 5 4
21 8 16 400 10 11 8 11 2 7 7 7 6 4 10 1 5 4 5 7 5 2 4 5 4
21 8 16 400 10 11 9 8 4 8 5 8 7 3 8 3 5 5 4 7 2 9 2 3 4
21 8 16 400 10 11 10 5 6 7 8 6 5 7 7 2 4 5 6 6 3 6 0 7 4
21 8 16 400 10 11 10 6 5 7 9 5 5 8 6 2 4 7 2 8 5 1 5 5 4
21 8 16 400 10 11 10 7 4 9 4 8 5 9 5 2 3 9 4 5 5 2 4 5 4
21 8 16 400 10 11 10 8 3 8 7 6 6 6 5 4 4 6 3 8 3 2 9 2 4
21 8 16 400 10 11 11 5 5 9 5 7 5 9 5 2 3 8 5 5 4 3 3 6 4
21 8 16 400 11 10 8 9 4 6 9 6 5 7 9 0 5 6 4 6 7 1 4 4 4
21 8 16 400 11 10 9 7 5 6 10 5 5 7 9 0 5 5 5 6 6 2 3 5 4
21 8 16 400 11 10 11 5 5 7 10 4 5 8 5 3 4 4 8 5 2 5 5 4 4
21 8 16 400 12 9 8 7 6 5 10 6 4 9 6 2 5 5 6 5 7 2 2 5 4
21 8 16 400 12 9 9 10 2 8 5 8 5 7 8 1 3 8 5 5 4 3 6 3 4
21 8 16 400 13 8 9 9 3 6 10 5 5 7 7 2 5 3 9 4 4 5 3 4 4
21 8 16 400 13 8 10 8 3 7 8 6 4 9 5 3 3 5 9 4 3 3 5 5 4
21 8 19 383 9 12 10 7 4 8 7 6 6 6 6 3 5 3 7 6 4 3 3 7 3
21 8 19 383 12 9 9 8 4 7 7 7 5 7 8 1 4 7 4 6 5 3 5 4 3
21 8 19 385 12 9 10 6 5 7 8 6 5 7 8 1 4 6 5 6 4 4 4 5 3
21 8 19 387 10 11 10 7 4 7 9 5 6 5 6 4 5 2 7 7 2 5 5 5 3
21 8 19 387 11 10 10 7 4 7 9 5 5 8 5 3 4 6 4 7 4 2 7 4 3
21 8 19 388 10 11 9 8 4 8 5 8 5 8 6 2 4 6 7 4 5 4 1 7 3
21 8 19 388 10 11 10 8 3 8 7 6 6 5 9 1 4 5 6 6 2 6 4 5 3
21 8 19 388 11 10 10 5 6 7 8 6 5 8 5 3 4 7 3 7 4 4 5 4 3
21 8 19 389 10 11 9 7 5 6 10 5 5 7 7 2 5 4 5 7 5 3 2 7 3
21 8 19 389 10 11 9 8 4 7 8 6 7 3 8 3 6 3 4 8 3 7 3 4 3
21 8 19 389 12 9 9 8 4 6 10 5 5 7 8 1 5 4 7 5 5 3 5 4 3
21 8 19 390 11 10 10 6 5 7 8 6 5 7 6 3 4 4 8 5 2 7 2 6 3
21 8 19 390 13 8 9 6 6 6 8 7 4 9 5 3 4 6 6 5 5 4 3 5 3
21 8 19 391 9 12 9 8 4 8 6 7 7 5 4 5 6 3 7 5 3 8 3 3 3
21 8 19 391 11 10 10 8 3 7 9 5 5 7 6 3 4 3 9 5 2 5 4 6 3
21 8 19 391 12 9 8 10 3 6 9 6 5 7 8 1 5 5 6 5 6 2 6 3 3
21 8 19 391 12 9 10 8 3 7 9 5 5 7 8 1 4 5 6 6 4 2 6 5 3
21 8 19 392 10 11 7 10 4 6 8 7 7 3 8 3 7 3 4 7 5 7 3 2 3
21 8 19 392 11 10 10 8 3 8 7 6 5 9 4 3 4 5 9 3 4 3 6 4 3
21 8 19 392 11 10 11 6 4 8 7 6 5 7 6 3 3 5 7 6 1 6 3 7 3
21 8 19 392 12 9 11 7 3 8 8 5 6 6 6 3 4 5 6 6 1 7 6 3 3
21 8 19 392 13 8 9 8 4 6 9 6 5 6 8 2 4 6 4 7 3 5 7 2 3
21 8 19 393 8 13 11 7 3 9 7 5 6 7 6 2 4 5 6 6 3 3 4 7 3
21 8 19 393 10 11 9 10 2 8 6 7 5 8 6 2 4 5 8 4 5 2 3 7 3
21 8 19 393 10 11 10 7 4 7 9 5 5 7 7 2 4 5 4 8 4 2 3 8 3
21 8 19 393 11 10 11 6 4 9 5 7 5 9 4 3 3 7 7 4 3 4 5 5 3
21 8 19 394 10 11 10 7 4 7 10 4 6 6 8 1 5 5 4 7 4 3 7 3 3
21 8 19 394 12 9 10 5 6 6 10 5 5 7 5 4 5 3 6 7 4 3 5 5 3
21 8 19 395 11 10 9 10 2 7 8 6 6 4 9 2 5 2 8 6 3 4 5 5 3
21 8 19 395 11 10 10 5 6 6 11 4 5 8 5 3 5 4 6 6 4 4 5 4 3
21 8 19 395 11 10 10 7 4 8 6 7 6 5 8 2 4 6 4 7 2 8 1 6 3
21 8 19 395 11 10 10 8 3 9 4 8 5 9 4 3 3 8 6 4 4 3 6 4 3
21 8 19 395 11 10 11 5 5 7 10 4 5 8 5 3 4 5 5 7 3 3 6 5 3
21 8 19 395 12 9 10 6 5 6 11 4 5 8 4 4 5 4 5 7 4 4 4 5 3
21 8 19 395 12 9 11 6 4 8 7 6 5 7 8 1 3 7 4 7 3 3 5 6 3
21 8 19 396 7 14 8 10 3 8 6 7 7 5 6 3 6 5 3 7 6 2 6 3 3
21 8 19 396 9 12 11 5 5 9 5 7 6 6 6 3 4 5 5 7 3 4 2 8 3
21 8 19 396 10 11 10 8 3 8 7 6 5 8 6 2 4 4 9 4 4 3 2 8 3
21 8 19 396 12 9 8 10 3 7 6 8 5 7 8 1 4 8 3 6 6 2 6 3 3
21 8 19 396 12 9 9 8 4 6 9 6 5 5 10 1 4 5 4 8 3 5 3 6 3
21 8 19 396 13 8 8 8 5 5 10 6 4 9 5 3 5 4 8 4 6 3 4 4 3
21 8 19 397 8 13 9 8 4 7 9 5 6 7 3 5 6 2 7 6 5 2 5 5 3
21 8 19 397 8 13 11 5 5 9 6 6 6 7 6 2 4 6 5 6 3 5 2 7 3
21 8 19 397 9 12 8 11 2 7 8 6 6 6 6 3 6 2 8 5 6 1 5 5 3
21 8 19 397 9 12 9 9 3 7 9 5 6 6 6 3 6 1 9 5 5 2 4 6 3
21 8 19 397 9 12 11 6 4 9 6 6 6 7 5 3 4 6 4 7 3 5 1 8 3
21 8 19 397 10 11 8 8 5 6 9 6 7 3 8 3 7 2 5 7 4 8 2 3 3
21 8 19 397 12 9 8 11 2 7 6 8 5 6 9 1 4 5 8 4 4 5 3 5 3
21 8 19 397 12 9 9 10 2 7 8 6 5 7 8 1 4 6 5 6 5 1 7 4 3
21 8 19 397 12 9 10 8 3 8 6 7 5 7 8 1 3 8 3 7 4 2 6 5 3
21 8 19 398 7 14 10 8 3 9 6 6 7 5 6 3 5 5 3 8 4 2 6 5 3
21 8 19 398 10 11 8 8 5 6 9 6 6 6 5 4 6 5 2 8 6 2 8 1 3
21 8 19 398 12 9 8 8 5 5 10 6 5 5 10 1 5 4 5 7 4 6 2 5 3
21 8 19 398 12 9 8 8 5 7 5 9 5 7 8 1 4 9 2 6 6 4 4 3 3
21 8 19 398 12 9 9 9 3 7 7 7 5 6 9 1 4 4 9 4 3 6 2 6 3
21 8 19 398 12 9 11 6 4 8 7 6 5 8 4 4 3 6 7 5 1 6 7 3 3
21 8 19 398 13 8 10 6 5 6 10 5 5 6 8 2 4 5 5 7 2 6 6 3 3
21 8 19 399 9 12 9 6 6 6 10 5 6 5 7 3 6 3 3 9 5 3 3 6 3
21 8 19 399 9 12 10 9 2 8 8 5 6 6 6 3 5 2 8 6 4 1 5 7 3
21 8 19 399 10 11 9 8 4 6 10 5 4 9 5 3 4 4 7 6 5 0 5 7 3
21 8 19 399 10 11 9 8 4 7 8 6 5 8 6 2 5 3 10 3 5 4 1 7 3
21 8 19 399 10 11 10 6 5 8 6 7 5 8 6 2 4 5 8 4 4 5 0 8 3
21 8 19 399 11 10 10 7 4 7 9 5 6 5 8 2 5 3 7 6 2 8 1 6 3
21 8 19 399 12 9 10 7 4 6 10 5 4 7 8 2 3 4 7 7 2 3 5 7 3
21 8 19 399 12 9 11 5 5 8 7 6 6 6 6 3 4 6 5 6 1 9 4 3 3
21 8 19 399 14 7 8 9 4 6 7 8 4 8 8 1 4 6 7 4 6 3 3 5 3
21 8 19 400 7 14 11 6 4 9 7 5 7 5 6 3 5 4 4 8 3 3 5 6 3
21 8 19 400 9 12 10 8 3 9 5 7 6 6 9 0 4 6 6 5 4 4 2 7 3
21 8 19 400 10 11 8 9 4 6 9 6 6 4 10 1 6 3 4 8 6 2 3 6 3
21 8 19 400 10 11 8 10 3 6 10 5 7 3 8 3 7 1 6 7 4 6 4 3 3
21 8 19 400 10 11 9 9 3 6 11 4 5 7 7 2 5 3 6 7 5 1 4 7 3
21 8 19 400 10 11 10 6 5 7 9 5 6 6 5 4 5 5 2 9 4 2 8 3 3
21 8 19 400 11 10 11 5 5 8 7 6 5 8 5 3 3 8 2 8 3 3 6 5 3
21 8 19 400 11 10 11 7 3 8 8 5 6 5 8 2 4 4 6 7 1 7 2 7 3
21 8 19 400 12 9 11 6 4 7 10 4 5 7 8 1 4 4 7 6 3 3 5 6 3
21 8 19 400 13 8 9 9 3 8 4 9 5 7 7 2 3 8 6 4 3 6 6 2 3
21 8 19 400 13 8 10 6 5 6 10 5 4 9 5 3 4 4 8 5 4 3 4 6 3
21 8 19 400 13 8 10 9 2 8 6 7 5 7 7 2 3 6 8 4 2 5 7 3 3
21 8 24 384 9 12 9 7 5 7 8 6 6 6 6 3 6 3 5 7 5 5 1 6 3
21 8 24 385 11 10 9 9 3 8 5 8 5 8 5 3 4 6 6 5 5 2 7 3 3
21 8 24 385 12 9 9 8 4 7 7 7 6 5 7 3 5 5 4 7 3 7 6 1 3
21 8 24 387 9 12 9 9 3 7 9 5 6 6 6 3 6 2 6 7 5 3 3 6 3
21 8 24 388 10 11 10 7 4 8 6 7 5 7 7 2 4 4 7 6 4 3 2 8 3
21 8 24 390 11 10 8 8 5 6 8 7 5 7 6 3 5 6 2 8 6 2 7 2 3
21 8 24 391 8 13 8 10 3 8 5 8 6 6 7 2 5 6 3 7 6 2 5 4 3
21 8 24 391 8 13 10 8 3 8 8 5 6 6 7 2 5 3 6 7 4 2 5 6 3
21 8 24 391 9 12 8 7 6 7 6 8 6 6 6 3 6 5 3 7 6 6 0 5 3
21 8 24 391 12 9 10 6 5 7 8 6 6 5 7 3 5 4 5 7 2 8 5 2 3
21 8 24 392 9 12 10 8 3 8 7 6 6 5 7 3 4 5 3 9 2 4 7 4 3
21 8 24 392 10 11 9 7 5 6 10 5 6 5 6 4 6 2 5 8 3 7 3 4 3
21 8 24 392 11 10 8 10 3 6 9 6 6 4 9 2 6 2 6 7 4 6 3 4 3
21 8 24 392 11 10 11 7 3 9 5 7 5 8 5 3 3 6 6 6 3 2 7 5 3
21 8 24 392 12 9 10 7 4 7 8 6 4 9 6 2 3 7 4 7 4 2 6 5 3
21 8 24 393 10 11 10 8 3 8 7 6 6 6 5 4 5 2 9 5 2 7 3 5 3
21 8 24 393 12 9 10 7 4 7 8 6 5 6 9 1 4 5 4 8 4 2 6 5 3
21 8 24 393 12 9 10 8 3 7 9 5 6 5 7 3 5 3 6 7 2 6 7 2 3
21 8 24 394 8 13 9 10 2 8 7 6 6 6 7 2 5 4 5 7 5 1 6 5 3
21 8 24 394 9 12 8 9 4 6 10 5 6 6 6 3 7 1 7 6 6 4 2 5 3
21 8 24 394 10 11 9 9 3 7 8 6 5 7 7 2 5 2 9 5 5 2 3 7 3
21 8 24 394 11 10 8 8 5 6 8 7 6 4 9 2 6 3 5 7 4 8 1 4 3
21 8 24 394 11 10 10 6 5 7 8 6 5 7 6 3 4 6 2 9 4 2 7 4 3
21 8 24 394 12 9 10 8 3 7 9 5 5 7 8 1 4 6 3 8 4 3 5 5 3
21 8 24 395 8 13 10 8 3 9 5 7 6 6 7 2 4 6 3 8 4 2 5 6 3
21 8 24 395 9 12 10 8 3 9 5 7 7 4 8 2 5 4 6 6 2 8 3 4 3
21 8 24 395 11 10 9 8 4 6 10 5 5 7 6 3 5 4 4 8 5 1 8 3 3
21 8 24 395 12 9 8 10 3 6 9 6 6 5 7 3 6 3 6 6 4 6 7 0 3
21 8 24 395 12 9 9 10 2 7 8 6 6 5 7 3 5 4 5 7 3 5 8 1 3
21 8 24 395 12 9 11 6 4 8 7 6 6 5 7 3 4 5 4 8 1 7 6 3 3
21 8 24 396 8 13 11 6 4 9 6 6 6 6 7 2 4 5 4 8 3 3 4 7 3
21 8 24 396 9 12 8 7 6 6 9 6 6 6 6 3 7 2 6 6 6 6 0 5 3
21 8 24 396 9 12 9 10 2 9 4 8 7 4 8 2 5 5 5 6 3 7 4 3 3
21 8 24 396 10 11 10 6 5 8 6 7 5 9 2 5 4 6 5 6 4 3 7 3 3
21 8 24 396 11 10 9 9 3 6 10 5 5 6 7 3 5 1 9 6 3 4 5 5 3
21 8 24 396 11 10 10 7 4 7 9 5 5 7 9 0 4 6 4 7 4 3 6 4 3
21 8 24 396 12 9 10 5 6 6 10 5 4 9 6 2 4 5 6 6 4 4 4 5 3
21 8 24 396 12 9 10 6 5 7 8 6 5 7 8 1 4 7 2 8 4 5 3 5 3
21 8 24 397 9 12 11 6 4 8 8 5 6 5 7 3 4 4 4 9 1 5 6 5 3
21 8 24 397 11 10 10 9 2 8 7 6 5 8 5 3 4 4 8 5 4 1 8 4 3
21 8 24 397 11 10 12 5 4 9 6 6 5 8 5 3 3 5 7 6 2 3 6 6 3
21 8 24 397 12 9 9 8 4 6 10 5 6 5 7 3 6 2 7 6 3 7 6 1 3
21 8 24 397 13 8 11 7 3 8 7 6 5 7 7 2 3 6 6 6 1 7 5 4 3
21 8 24 398 7 14 10 7 4 8 8 5 6 7 4 4 5 4 4 8 4 2 6 5 3
21 8 24 398 9 12 9 10 2 7 9 5 6 5 7 3 5 3 5 8 3 3 8 3 3
21 8 24 398 9 12 10 6 5 7 9 5 5 8 4 4 5 2 8 6 4 3 3 7 3
21 8 24 398 10 11 9 6 6 6 9 6 5 6 8 2 5 4 3 9 5 3 2 7 3
21 8 24 398 11 10 9 7 5 7 7 7 4 10 6 1 4 7 5 5 7 1 3 6 3
21 8 24 398 11 10 11 7 3 8 8 5 5 8 5 3 4 3 9 5 3 2 7 5 3
21 8 24 398 11 10 12 6 3 9 7 5 5 9 4 3 3 6 6 6 2 4 5 6 3
21 8 24 398 12 9 10 5 6 7 7 7 4 9 6 2 3 8 3 7 4 4 4 5 3
21 8 24 398 12 9 10 8 3 7 8 6 4 8 7 2 3 4 9 5 2 5 3 7 3
21 8 24 399 9 12 9 10 2 8 7 6 7 4 8 2 6 2 8 5 3 7 4 3 3
21 8 24 399 9 12 10 8 3 7 10 4 6 5 7 3 5 2 6 8 2 4 7 4 3
21 8 24 399 11 10 9 7 5 6 9 6 4 8 8 1 4 5 5 7 5 3 1 8 3
21 8 24 399 11 10 10 6 5 6 11 4 5 7 6 3 5 3 5 8 4 2 7 4 3
21 8 24 399 11 10 10 8 3 7 9 5 6 4 9 2 5 2 6 8 2 6 3 6 3
21 8 24 399 12 9 9 9 3 7 7 7 5 6 9 1 4 6 3 8 5 1 7 4 3
21 8 24 399 12 9 10 6 5 6 11 4 5 7 8 1 5 4 5 7 4 5 3 5 3
21 8 24 399 12 9 11 5 5 7 9 5 4 9 6 2 3 6 5 7 3 3 5 6 3
21 8 24 399 14 7 9 7 5 6 8 7 5 6 7 3 5 3 8 5 3 8 3 3 3
21 8 24 400 8 13 11 7 3 9 7 5 7 5 5 4 5 3 6 7 1 7 5 4 3
21 8 24 400 9 12 9 11 1 9 4 8 6 6 6 3 4 5 7 5 3 4 7 3 3
21 8 24 400 9 12 10 7 4 7 10 4 6 6 6 3 6 1 7 7 4 4 2 7 3
21 8 24 400 9 12 11 7 3 9 6 6 5 8 7 1 3 6 6 6 3 3 3 8 3
21 8 24 400 10 11 8 8 5 5 11 5 5 6 8 2 6 2 5 8 6 2 3 6 3
21 8 24 400 10 11 9 8 4 7 8 6 5 9 2 5 5 4 7 5 5 2 8 2 3
21 8 24 400 10 11 10 6 5 8 6 7 6 6 5 4 5 3 8 5 2 9 1 5 3
21 8 24 400 10 11 12 5 4 9 7 5 5 9 5 2 3 6 7 5 2 4 6 5 3
21 8 24 400 12 9 8 8 5 7 5 9 6 5 7 3 5 7 2 7 4 8 5 0 3
21 8 24 400 12 9 10 8 3 8 6 7 4 10 5 2 3 6 9 3 4 3 5 5 3
21 8 24 400 13 8 9 8 4 6 9 6 4 8 9 0 4 5 7 5 5 3 4 5 3
21 8 27 385 11 10 9 7 5 7 7 7 5 8 5 3 5 5 5 6 5 5 4 1 5
21 8 27 387 11 10 10 7 4 8 6 7 5 8 5 3 4 6 4 7 4 4 5 2 5
21 8 27 388 10 11 8 9 4 7 6 8 5 7 7 2 5 5 4 7 6 4 1 4 5
21 8 27 389 10 11 9 8 4 7 7 7 4 9 5 3 4 4 7 6 5 2 3 5 5
21 8 27 389 10 11 9 9 3 7 8 6 5 7 7 2 5 3 6 7 5 3 2 5 5
21 8 27 390 11 10 9 9 3 7 8 6 5 8 5 3 5 4 6 6 5 3 6 1 5
21 8 27 390 13 8 9 7 5 6 9 6 5 7 7 2 5 5 5 6 4 6 6 4 0
21 8 27 391 10 11 9 7 5 7 7 7 5 7 7 2 5 4 5 7 5 5 0 5 5
21 8 27 391 11 10 10 7 4 7 9 5 5 8 5 3 5 3 7 6 4 4 5 2 5
21 8 27 392 11 10 11 5 5 8 7 6 5 8 5 3 4 5 5 7 3 5 4 3 5
21 8 27 393 10 11 10 7 4 8 6 7 5 7 7 2 4 5 4 8 4 4 1 6 5
21 8 27 394 11 10 10 5 6 7 8 6 5 8 5 3 5 4 6 6 4 6 3 2 5
21 8 27 394 11 10 11 7 3 8 8 5 5 8 5 3 4 4 6 7 3 3 6 3 5
21 8 27 394 13 8 10 7 4 7 8 6 5 7 7 2 4 6 4 7 3 5 7 5 0
21 8 27 395 8 13 10 7 4 8 7 6 5 8 5 3 4 5 4 8 4 2 5 4 5
21 8 27 395 9 12 10 8 3 8 7 6 5 7 8 1 4 4 6 7 4 2 4 5 5
21 8 27 395 10 11 8 9 4 6 9 6 5 7 7 2 6 2 7 6 6 4 1 4 5
21 8 27 395 10 11 10 7 4 8 6 7 6 5 6 4 5 2 7 7 2 7 3 3 5
21 8 27 395 12 9 10 7 4 7 7 7 4 7 8 2 3 4 7 7 2 5 3 5 5
21 8 27 397 10 11 10 7 4 7 9 5 5 7 7 2 4 5 4 8 3 3 7 7 0
21 8 27 397 11 10 9 9 3 8 5 8 5 8 5 3 4 7 3 7 5 3 6 1 5
21 8 27 397 11 10 10 9 2 8 7 6 5 8 5 3 4 5 5 7 4 2 7 2 5
21 8 27 398 8 13 10 7 4 9 5 7 6 7 6 2 5 4 7 5 4 6 1 4 5
21 8 27 398 10 11 10 9 2 9 5 7 6 6 8 1 4 6 5 6 3 5 5 7 0
21 8 27 399 8 13 9 8 4 8 6 7 6 7 3 5 6 2 7 6 5 4 3 3 5
21 8 27 399 8 13 10 7 4 8 8 5 7 5 5 4 6 3 4 8 3 5 7 5 0
21 8 27 399 9 12 10 6 5 7 9 5 5 8 4 4 5 3 5 8 4 4 2 5 5
21 8 27 399 9 12 11 7 3 9 6 6 6 6 6 3 4 4 6 7 1 7 4 3 5
21 8 27 399 10 11 10 6 5 7 8 6 4 9 5 3 4 3 8 6 4 3 2 6 5
21 8 27 399 11 10 9 8 4 8 4 9 5 7 6 3 4 5 7 5 3 8 1 3 5
21 8 27 399 11 10 10 8 3 8 6 7 5 7 6 3 4 3 9 5 2 7 2 4 5
21 8 27 400 8 13 10 9 2 9 6 6 6 7 6 2 5 3 8 5 4 4 3 4 5
21 8 27 400 9 12 7 10 4 6 8 7 6 5 7 3 7 2 4 8 7 3 3 2 5
21 8 27 400 9 12 8 8 5 6 9 6 6 5 7 3 7 1 5 8 6 4 2 3 5
21 8 27 400 13 8 9 9 3 6 10 5 5 7 7 2 5 4 6 6 4 4 8 4 0
21 8 27 400 13 8 10 6 5 7 7 7 4 9 5 3 4 4 8 5 4 5 2 4 5
21 8 28 378 10 11 9 9 3 8 5 8 5 7 7 2 4 5 6 6 4 4 4 5 3
21 8 28 382 9 12 10 7 4 8 7 6 6 6 6 3 5 4 4 8 3 6 3 5 3
21 8 28 382 12 9 9 8 4 7 7 7 5 8 4 4 5 4 7 5 4 6 5 2 3
21 8 28 384 9 12 10 6 5 8 6 7 5 8 4 4 4 5 5 7 3 5 4 5 3
21 8 28 386 10 11 8 8 5 6 8 7 5 6 8 2 5 5 2 9 5 4 4 4 3
21 8 28 386 12 9 9 7 5 7 6 8 4 9 6 2 4 6 5 6 6 2 4 5 3
21 8 28 387 10 11 9 8 4 7 8 6 5 8 6 2 5 5 4 7 6 1 7 3 3
21 8 28 388 9 12 10 9 2 8 8 5 6 6 6 3 5 3 5 8 3 4 5 5 3
21 8 28 388 10 11 8 11 2 7 7 7 5 7 7 2 5 3 8 5 5 3 5 4 3
21 8 28 388 13 8 9 8 4 6 9 6 5 6 8 2 5 4 4 8 4 5 5 3 3
21 8 28 389 10 11 8 10 3 7 7 7 6 5 9 1 6 3 6 6 5 6 2 4 3
21 8 28 390 10 11 9 10 2 8 6 7 6 5 9 1 5 4 5 7 4 5 3 5 3
21 8 28 390 10 11 10 9 2 8 7 6 5 7 7 2 4 3 8 6 3 3 5 6 3
21 8 28 390 12 9 11 6 4 8 7 6 5 8 4 4 4 4 7 6 2 6 5 4 3
21 8 28 391 8 13 9 8 4 8 6 7 5 9 4 3 5 4 7 5 6 2 3 6 3
21 8 28 391 10 11 9 8 4 6 10 5 5 6 8 2 5 3 4 9 4 3 5 5 3
21 8 28 391 12 9 8 9 4 6 8 7 4 9 6 2 5 4 7 5 7 1 5 4 3
21 8 28 392 10 11 11 7 3 9 5 7 5 7 7 2 3 5 6 7 2 4 4 7 3
21 8 28 392 12 9 9 6 6 7 6 8 5 8 4 4 5 5 6 5 4 8 3 2 3
21 8 28 392 12 9 10 6 5 7 8 6 5 8 4 4 5 3 8 5 3 7 4 3 3
21 8 28 392 12 9 10 7 4 7 8 6 4 9 6 2 4 4 7 6 5 1 5 6 3
21 8 28 393 8 13 10 8 3 9 5 7 6 6 7 2 4 6 3 8 3 4 6 4 3
21 8 28 393 10 11 9 8 4 8 5 8 6 5 9 1 5 5 4 7 4 7 1 5 3
21 8 28 393 10 11 10 6 5 8 6 7 5 8 6 2 4 7 2 8 5 2 6 4 3
21 8 28 393 10 11 10 8 3 8 7 6 6 5 9 1 5 3 6 7 3 6 2 6 3
21 8 28 393 11 10 8 8 5 6 8 7 5 7 6 3 6 2 8 5 5 7 0 5 3
21 8 28 394 13 8 8 8 5 5 10 6 5 6 8 2 6 3 5 7 5 6 4 2 3
21 8 28 395 9 12 11 6 4 8 8 5 5 8 4 4 4 3 7 7 2 4 5 6 3
21 8 28 395 11 10 11 7 3 9 5 7 5 8 5 3 3 6 6 6 2 4 8 3 3
21 8 28 395 13 8 7 10 4 5 9 7 5 6 8 2 6 4 4 7 6 5 5 1 3
21 8 28 396 9 12 9 8 4 7 8 6 5 7 8 1 5 4 4 8 6 1 3 7 3
21 8 28 396 9 12 10 8 3 9 5 7 6 7 5 3 5 3 9 4 3 7 2 5 3
21 8 28 396 10 11 9 8 4 7 8 6 6 5 9 1 6 2 7 6 4 7 1 5 3
21 8 28 396 10 11 11 5 5 8 8 5 6 7 4 4 5 4 5 7 2 7 6 2 3
21 8 28 396 10 11 11 6 4 8 8 5 5 8 6 2 4 5 4 8 4 1 7 5 3
21 8 28 396 13 8 9 6 6 6 8 7 5 6 8 2 5 5 3 8 4 7 3 3 3
21 8 28 397 9 12 10 7 4 7 10 4 6 6 6 3 6 1 7 7 3 6 3 5 3
21 8 28 397 9 12 11 7 3 8 9 4 6 6 6 3 5 2 6 8 2 5 4 6 3
21 8 28 397 10 11 8 10 3 8 4 9 6 5 9 1 5 6 3 7 5 6 2 4 3
21 8 28 397 10 11 10 6 5 7 8 6 5 6 8 2 4 5 2 10 3 4 4 6 3
21 8 28 397 11 10 9 6 6 6 9 6 4 10 3 4 5 4 6 6 6 2 5 4 3
21 8 28 397 11 10 9 8 4 7 7 7 6 4 9 2 5 4 4 8 2 9 3 3 3
21 8 28 397 13 8 8 9 4 5 10 6 4 8 6 3 5 3 7 6 5 3 7 2 3
21 8 28 398 8 13 8 8 5 7 7 7 7 4 6 4 7 3 2 9 5 6 4 2 3
21 8 28 398 9 12 7 10 4 6 8 7 5 7 8 1 6 4 4 7 8 1 3 5 3
21 8 28 398 11 10 9 10 2 7 8 6 6 4 9 2 5 3 5 8 2 7 5 3 3
21 8 28 398 11 10 10 6 5 7 8 6 5 7 6 3 4 6 2 9 3 4 8 2 3
21 8 28 398 12 9 10 8 3 7 9 5 5 8 4 4 5 2 9 5 3 5 6 3 3
21 8 28 398 13 8 10 6 5 6 10 5 5 6 8 2 5 3 5 8 3 6 4 4 3
21 8 28 399 8 13 10 8 3 9 5 7 5 9 4 3 4 5 6 6 5 1 4 7 3
21 8 28 399 9 12 8 8 5 7 6 8 5 7 8 1 5 6 2 8 7 2 2 6 3
21 8 28 399 9 12 11 5 5 8 8 5 6 6 6 3 5 3 5 8 2 7 2 6 3
21 8 28 399 11 10 9 8 4 6 10 5 5 7 6 3 5 4 4 8 4 3 9 1 3
21 8 28 399 12 9 11 5 5 8 6 7 4 9 6 2 3 6 5 7 4 2 4 7 3
21 8 28 399 13 8 10 7 4 6 10 5 4 8 6 3 4 3 7 7 3 3 7 4 3
21 8 28 400 8 13 9 7 5 7 8 6 5 8 5 3 5 5 2 9 6 1 4 6 3
21 8 28 400 9 12 10 5 6 8 6 7 6 6 6 3 5 5 3 8 3 8 1 5 3
21 8 28 400 10 11 10 8 3 8 7 6 5 8 6 2 4 6 3 8 5 0 8 4 3
21 8 28 400 10 11 11 7 3 8 8 5 5 7 7 2 4 2 9 6 2 4 4 7 3
21 8 28 400 10 11 11 7 3 9 6 6 6 7 4 4 4 6 3 8 2 5 8 2 3
21 8 28 400 11 10 10 9 2 8 7 6 5 8 5 3 4 4 8 5 3 3 9 2 3
21 8 28 400 11 10 11 5 5 8 7 6 4 10 6 1 3 7 5 6 4 3 4 6 3
21 8 28 400 12 9 9 9 3 7 7 7 5 6 9 1 4 6 3 8 4 3 8 2 3
21 8 28 400 13 8 7 8 6 5 8 8 5 6 8 2 6 5 3 7 6 7 3 1 3
21 8 31 388 9 12 9 8 4 7 8 6 5 7 8 1 5 4 4 8 5 3 4 4 4
21 8 31 389 11 10 10 7 4 7 9 5 5 8 5 3 5 4 4 8 4 4 6 2 4
21 8 31 389 12 9 9 7 5 6 8 7 4 7 8 2 4 4 5 8 3 6 3 4 4
21 8 31 390 12 9 10 7 4 7 8 6 4 9 6 2 4 4 7 6 4 3 6 3 4
21 8 31 391 10 11 9 8 4 8 5 8 5 8 6 2 5 4 7 5 5 6 0 5 4
21 8 31 391 10 11 10 6 5 7 8 6 4 9 5 3 4 4 5 8 4 3 3 6 4
21 8 31 392 10 11 9 10 2 8 6 7 5 8 6 2 5 3 8 5 5 4 2 5 4
21 8 31 392 11 10 8 9 4 6 8 7 4 8 8 1 5 3 7 6 6 3 2 5 4
21 8 31 392 11 10 9 9 3 7 7 7 4 8 8 1 4 4 6 7 5 2 3 6 4
21 8 31 392 13 8 9 8 4 6 9 6 4 9 5 3 5 3 7 6 5 4 4 3 4
21 8 31 393 10 11 9 6 6 6 9 6 4 9 5 3 5 3 6 7 5 4 2 5 4
21 8 31 393 10 11 9 7 5 7 7 7 5 7 7 2 5 5 2 9 5 5 1 5 4
21 8 31 393 10 11 9 7 5 7 7 7 6 5 6 4 6 2 5 8 3 8 3 2 4
21 8 31 393 10 11 10 8 3 9 4 8 5 8 6 2 4 5 6 6 4 5 1 6 4
21 8 31 393 11 10 9 7 5 7 6 8 4 8 8 1 4 5 5 7 5 4 1 6 4
21 8 31 393 12 9 9 9 3 7 7 7 4 9 6 2 4 5 6 6 5 2 7 2 4
21 8 31 394 10 11 10 9 2 8 7 6 5 7 7 2 4 3 8 6 2 5 6 3 4
21 8 31 394 11 10 10 5 6 7 8 6 5 8 5 3 5 5 3 8 4 6 4 2 4
21 8 31 395 8 13 11 7 3 9 7 5 6 7 6 2 5 3 6 7 3 5 3 5 4
21 8 31 395 10 11 11 7 3 9 5 7 5 7 7 2 3 5 6 7 1 6 5 4 4
21 8 31 395 12 9 8 9 4 5 10 6 4 7 8 2 5 2 7 7 4 5 4 3 4
21 8 31 395 12 9 10 7 4 8 5 8 4 9 6 2 3 7 4 7 4 3 6 3 4
21 8 31 396 10 11 9 8 4 6 10 5 4 9 5 3 5 2 7 7 5 2 4 5 4
21 8 31 396 12 9 11 5 5 8 6 7 4 9 6 2 3 6 5 7 3 4 5 4 4
21 8 31 396 13 8 9 6 6 6 8 7 4 9 5 3 5 4 6 6 5 6 2 3 4
21 8 31 397 8 13 11 6 4 9 6 6 5 9 4 3 4 4 7 6 3 4 4 5 4
21 8 31 397 10 11 9 7 5 6 10 5 5 7 7 2 6 2 5 8 5 5 1 5 4
21 8 31 397 10 11 10 9 2 9 4 8 5 7 7 2 3 6 5 7 2 5 6 3 4
21 8 31 397 11 10 7 11 3 6 7 8 4 8 8 1 5 4 6 6 7 2 3 4 4
21 8 31 397 11 10 8 10 3 7 6 8 6 4 9 2 6 2 6 7 4 7 3 2 4
21 8 31 397 12 9 8 9 4 7 5 9 4 9 6 2 4 7 4 6 6 3 6 1 4
21 8 31 398 8 13 8 8 5 7 7 7 6 7 3 5 7 2 5 7 6 5 3 2 4
21 8 31 398 9 12 10 8 3 8 7 6 5 7 8 1 4 5 3 9 4 2 5 5 4
21 8 31 398 9 12 10 9 2 9 5 7 5 8 7 1 4 4 8 5 4 3 4 5 4
21 8 31 398 10 11 10 8 3 8 7 6 5 8 6 2 5 2 9 5 4 5 1 6 4
21 8 31 398 11 10 10 7 4 7 8 6 4 8 8 1 4 3 7 7 4 3 2 7 4
21 8 31 399 10 11 9 9 3 8 5 8 4 10 4 3 4 4 9 4 5 3 3 5 4
21 8 31 399 11 10 10 7 4 8 6 7 5 8 5 3 4 7 1 9 4 4 6 2 4
21 8 31 399 11 10 10 8 3 8 6 7 6 4 9 2 5 2 6 8 2 7 3 4 4
21 8 31 399 11 10 11 5 5 8 7 6 5 8 5 3 4 6 2 9 3 5 5 3 4
21 8 31 399 11 10 11 6 4 8 7 6 5 7 6 3 4 4 4 9 3 2 8 3 4
21 8 31 399 11 10 11 7 3 8 8 5 5 8 5 3 4 5 3 9 3 3 7 3 4
21 8 31 399 12 9 11 7 3 8 7 6 4 9 6 2 3 5 6 7 3 2 7 4 4
21 8 31 400 8 13 10 6 5 8 7 6 6 7 3 5 6 2 5 8 4 5 3 4 4
21 8 31 400 9 12 9 9 3 8 5 8 5 6 9 1 4 4 6 7 3 6 1 6 4
21 8 31 400 9 12 10 6 5 8 6 7 5 7 8 1 4 6 2 9 4 4 3 5 4
21 8 31 400 10 11 10 8 3 8 7 6 6 5 9 1 5 3 6 7 2 8 3 3 4
21 8 31 400 10 11 11 6 4 8 8 5 5 8 6 2 4 5 4 8 3 3 8 2 4
21 8 31 400 11 10 10 6 5 7 8 6 4 10 3 4 4 5 5 7 4 3 7 2 4
21 8 31 400 11 10 10 6 5 8 5 8 5 7 6 3 4 5 5 7 2 9 1 4 4
21 8 31 400 11 10 11 5 5 7 10 4 5 8 5 3 5 3 5 8 3 5 5 3 4
21 8 31 400 11 10 11 6 4 8 7 6 5 7 6 3 4 3 7 7 1 8 2 5 4
21 8 31 400 12 9 10 8 3 8 5 8 4 8 7 2 3 4 9 5 2 6 3 5 4
21 8 36 393 10 11 9 9 3 7 8 6 5 7 7 2 6 1 6 8 5 4 2 5 4
21 8 36 394 8 13 10 7 4 8 7 6 5 8 5 3 5 3 4 9 4 3 5 4 4
21 8 36 395 9 12 10 8 3 8 7 6 5 7 8 1 5 2 6 8 4 3 4 5 4
21 8 36 395 10 11 9 7 5 7 7 7 5 7 7 2 6 2 5 8 5 6 0 5 4
21 8 36 396 10 11 8 10 3 7 6 8 5 6 8 2 5 4 3 9 4 5 6 1 4
21 8 36 396 12 9 9 9 3 8 4 9 4 9 6 2 4 5 6 6 5 3 6 2 4
21 8 36 397 8 13 9 7 5 8 5 8 5 8 5 3 5 5 2 9 5 4 4 3 4
21 8 36 398 8 13 9 9 3 8 6 7 5 8 5 3 5 4 3 9 5 2 6 3 4
21 8 36 398 9 12 9 10 2 8 6 7 5 7 8 1 5 3 5 8 5 2 5 4 4
21 8 36 398 12 9 11 6 4 8 7 6 4 10 5 2 4 4 7 6 3 6 3 4 4
21 8 36 399 9 12 10 8 3 9 4 8 5 8 4 4 4 4 6 7 2 6 6 2 4
21 8 36 399 9 12 10 9 2 9 5 7 6 6 6 3 5 3 5 8 2 7 5 2 4
21 8 36 399 10 11 7 9 5 6 7 8 5 7 7 2 7 2 5 7 7 6 0 3 4
21 8 36 399 10 11 10 8 3 8 6 7 5 6 8 2 4 4 3 10 2 5 6 3 4
21 8 36 399 11 10 10 6 5 8 5 8 4 10 3 4 4 5 5 7 4 4 6 2 4
21 8 36 400 9 12 8 10 3 8 4 9 5 7 8 1 5 5 3 8 6 3 4 3 4
21 8 36 400 10 11 7 11 3 6 8 7 5 7 7 2 7 1 6 7 7 4 2 3 4
21 8 36 400 11 10 9 8 4 7 7 7 4 10 3 4 5 3 7 6 5 3 7 1 4
21 8 36 400 13 8 9 7 5 6 8 7 3 10 7 1 4 5 5 7 5 4 4 3 4
21 8 39 384 10 11 8 9 4 7 6 8 5 7 7 2 6 3 4 8 5 6 4 2 3
21 8 39 387 10 11 10 7 4 8 6 7 5 7 7 2 5 3 4 9 3 6 4 4 3
21 8 39 389 10 11 9 9 3 7 8 6 5 7 7 2 6 1 6 8 4 5 5 3 3
21 8 39 392 8 13 9 8 4 8 6 7 5 9 4 3 6 3 4 8 6 3 4 4 3
21 8 39 394 10 11 8 11 2 7 7 7 5 7 7 2 6 2 5 8 5 4 6 2 3
21 8 39 394 10 11 10 9 2 8 7 6 5 7 7 2 5 2 5 9 3 4 6 4 3
21 8 39 395 13 8 9 8 4 7 6 8 4 9 5 3 5 3 7 6 4 6 6 1 3
21 8 39 397 8 13 10 6 5 8 7 6 5 9 4 3 6 2 5 8 5 4 3 5 3
21 8 39 397 10 11 9 7 5 8 4 9 5 7 7 2 5 5 2 9 4 7 3 3 3
21 8 39 398 11 10 10 7 4 8 6 7 5 8 5 3 5 4 4 8 3 6 8 0 3
21 8 39 399 9 12 10 7 4 9 4 8 5 9 3 4 5 3 7 6 3 7 4 3 3
21 8 39 399 10 11 10 7 4 7 9 5 5 7 7 2 6 0 7 8 3 6 4 4 3
21 8 39 400 10 11 9 10 2 9 3 9 5 8 6 2 5 3 8 5 4 6 4 3 3
21 8 39 400 10 11 11 7 3 8 8 5 5 7 7 2 5 1 6 9 2 5 5 5 3
21 8 40 398 11 10 10 8 3 8 6 7 4 9 7 1 4 4 6 7 3 5 5 7 0
21 8 43 396 11 10 8 10 3 7 6 8 4 9 7 1 6 2 6 7 6 5 2 4 3
21 8 43 397 9 12 10 7 4 8 7 6 5 8 7 1 6 2 4 9 4 6 3 4 3
21 8 43 398 9 12 10 8 3 8 7 6 4 10 5 2 5 2 6 8 4 3 6 4 3
21 8 43 398 11 10 10 8 3 8 6 7 4 9 7 1 5 2 6 8 4 5 2 6 3
21 8 43 400 11 10 9 8 4 7 7 7 4 9 7 1 6 1 7 7 5 6 1 5 3
21 8 48 400 9 12 9 8 4 8 5 8 4 10 5 2 6 2 4 9 5 5 4 3 3
