24242 300100 300200 300101 300300 300201 300102 300400 300301 300202 300103 300500 300401 300302 300203 300104 300600 300501 300402 300303 300204 300105 300700 300601 300502 300403 300304 300205 300106 310100 310200 310101 310300 310201 310102 310400 310301 310202 310103 310500 310401 310302 310203 310104 310600 310501 310402 310303 310204 310105 310700 310601 310502 310403 310304 310205 310106 400100 400200 400101 400300 400201 400102 400400 400301 400202 400103 400500 400401 400302 400203 400104 400600 400501 400402 400303 400204 400105 410100 410200 410101 410300 410201 410102 410400 410301 410202 410103 410500 410401 410302 410203 410104 420100 420200 420300 420101 420400 420201 420500 420301 420102 500100 500200 500101 500300 500201 500102 500400 500301 500202 500103 500500 500401 500302 500203 500104 510100 510200 510101 510300 510201 510102 510400 510301 510202 510103 520100 520200 520101 520300 520201 520102 520400 520301 520202 520103 600100 600200 600101 600300 600201 600102 600400 600301 600202 600103 600500 600401 600302 600203 600104 610100 620100 620200 620101 620300 620201 620102 620400 620301 620202 620103 620500 620401 620302 620203 620104 630100 630200 630300 700100 710100 710200 710101 710300 710201 710102 710400 710301 710202 710103 710500 710401 710302 710203 710104 720100 720200 720101 730100 730200 730101 730300 730201 730102 800100 800200
25676 300100 300200 300101 300300 300201 300102 300400 300301 300202 300103 300500 300401 300302 300203 300104 300600 300501 300402 300303 300204 300105 300700 300601 300502 300403 300304 300205 300106 310100 310200 310101 310300 310201 310102 310400 310301 310202 310103 310500 310401 310302 310203 310104 310600 310501 310402 310303 310204 310105 310700 310601 310502 310403 310304 310205 310106 400100 400200 400101 400300 400201 400102 400400 400301 400202 400103 400500 400401 400302 400203 400104 400600 400501 400402 400303 400204 400105 410100 410200 410101 410300 410201 410102 410400 410301 410202 410103 410500 410401 410302 410203 410104 420100 420200 420300 420101 420400 420201 420500 420301 420102 500100 500200 500101 500300 500201 500102 500400 500301 500202 500103 510100 510200 510101 510300 510201 510102 510400 510301 510202 510103 510500 510401 510302 510203 510104 510600 510501 510402 510303 510204 510105 510700 510601 510502 510403 510304 510205 510106 520100 520200 520101 600100 600200 600101 600300 600201 600102 600400 600301 600202 600103 600500 600401 600302 600203 600104 610100 620100 620200 620101 620300 620201 620102 620400 620301 620202 620103 620500 620401 620302 620203 620104 630100 630200 630300 700100 700200 700101 710100 710200 710101 720100 720200 720101 720300 720201 720102 720400 720301 720202 720103 720500 720401 720302 720203 720104
30509 300100 300200 300101 300300 300201 300102 300400 300301 300202 300103 300500 300401 300302 300203 300104 300600 300501 300402 300303 300204 300105 300700 300601 300502 300403 300304 300205 300106 310100 310200 310101 310300 310201 310102 310400 310301 310202 310103 310500 310401 310302 310203 310104 310600 310501 310402 310303 310204 310105 310700 310601 310502 310403 310304 310205 310106 400100 400200 400101 400300 400201 400102 400400 400301 400202 400103 400500 400401 400302 400203 400104 400600 400501 400402 400303 400204 400105 400700 400601 400502 400403 400304 400205 400106 410100 410200 410101 410300 410201 410102 410400 410301 410202 410103 410500 410401 410302 410203 410104 420100 420200 420300 420101 500100 500200 500101 500300 500201 500102 500400 500301 500202 500103 500500 500401 500302 500203 500104 510100 510200 510101 510300 510201 510102 510400 510301 510202 510103 510500 510401 510302 510203 510104 510600 510501 510402 510303 510204 510105 520100 520200 520101 600100 600200 600101 600300 600201 600102 600400 600301 600202 600103 600500 600401 600302 600203 600104 610100 620100 620200 620101 620300 620201 620102 620400 620301 620202 620103 620500 620401 620302 620203 620104 630100 630200 630300 700100 710100 710200 710101 710300 710201 710102 720100 720200 720101 720300 720201 720102 720400 720301 720202 720103 730100 730200 730101 730300
7194 300100 300200 300101 300300 300201 300102 300400 300301 300202 300103 300500 300401 300302 300203 300104 310100 310200 310101 310300 310201 310102 310400 310301 310202 310103 310500 310401 310302 310203 310104 310600 310501 310402 310303 310204 310105 310700 310601 310502 310403 310304 310205 310106 310800 310701 310602 310503 310404 310305 310206 310107 310900 310801 310702 310603 310504 310405 310306 310207 310108 400100 400200 400101 400300 400201 400102 400400 400301 400202 400103 400500 400401 400302 400203 400104 400600 400501 400402 400303 400204 400105 410100 410200 410101 410300 410201 410102 410400 410301 410202 410103 410500 410401 410302 410203 410104 420100 420200 420300 420101 420400 420201 420500 420301 420102 500100 500200 500101 500300 500201 500102 500400 500301 500202 500103 500500 500401 500302 500203 500104 510100 510200 510101 510300 510201 510102 510400 510301 510202 510103 510500 510401 510302 510203 510104 520100 520200 520101 520300 520201 520102 600100 600200 600101 600300 600201 600102 600400 600301 600202 600103 600500 600401 600302 600203 600104 610100 610200 610101 620100 620200 620101 620300 620201 620102 630100 630200 630300 630101 630400 630201 630500 630301 700100 700200 700101 710100 710200 710101 720100 720200 720101 720300 720201 720102 720400 720301 720202 720103 720500 720401 720302 720203 720104 730100 730200 730101
28915 300100 300200 300101 300300 300201 300102 300400 300301 300202 300103 300500 300401 300302 300203 300104 310100 310200 310101 310300 310201 310102 310400 310301 310202 310103 310500 310401 310302 310203 310104 310600 310501 310402 310303 310204 310105 310700 310601 310502 310403 310304 310205 310106 310800 310701 310602 310503 310404 310305 310206 310107 310900 310801 310702 310603 310504 310405 310306 310207 310108 400100 400200 400101 400300 400201 400102 400400 400301 400202 400103 400500 400401 400302 400203 400104 400600 400501 400402 400303 400204 400105 400700 400601 400502 400403 400304 400205 400106 410100 410200 410101 410300 410201 410102 410400 410301 410202 410103 410500 410401 410302 410203 410104 420100 420200 420300 420101 500100 500200 500101 500300 500201 500102 500400 500301 500202 500103 500500 500401 500302 500203 500104 500600 500501 500402 500303 500204 500105 510100 510200 510101 510300 510201 510102 510400 510301 510202 510103 520100 520200 520101 520300 520201 520102 600100 600200 600101 600300 600201 600102 600400 600301 600202 600103 600500 600401 600302 600203 600104 610100 610200 610101 620100 620200 620101 620300 620201 620102 630100 630200 630300 630101 630400 630201 630500 630301 700100 710100 710200 710101 710300 710201 710102 720100 720200 720101 720300 720201 720102 720400 720301 720202 720103 730100 730200 730101 730300
21386 300100 300200 300101 300300 300201 300102 300400 300301 300202 300103 300500 300401 300302 300203 300104 300600 300501 300402 300303 300204 300105 310100 310200 310101 310300 310201 310102 310400 310301 310202 310103 310500 310401 310302 310203 310104 310600 310501 310402 310303 310204 310105 310700 310601 310502 310403 310304 310205 310106 310800 310701 310602 310503 310404 310305 310206 310107 400100 400200 400101 400300 400201 400102 400400 400301 400202 400103 400500 400401 400302 400203 400104 400600 400501 400402 400303 400204 400105 410100 410200 410101 410300 410201 410102 410400 410301 410202 410103 410500 410401 410302 410203 410104 420100 420200 420300 420101 420400 420201 420500 420301 420102 500100 500200 500101 500300 500201 500102 500400 500301 500202 500103 500500 500401 500302 500203 500104 510100 510200 510101 510300 510201 510102 510400 510301 510202 510103 520100 520200 520101 520300 520201 520102 520400 520301 520202 520103 600100 600200 600101 600300 600201 600102 600400 600301 600202 600103 610100 610200 610101 610300 610201 610102 620100 620200 620101 620300 620201 620102 620400 620301 620202 620103 630100 630200 630300 700100 700200 700101 710100 710200 710101 720100 720200 720101 720300 720201 720102 720400 720301 720202 720103 730100 730200 730101 730300 730201 730102 800100 800200 800101 800300 800201 800102 810100 810200 810101
13441 300100 300200 300101 300300 300201 300102 300400 300301 300202 300103 300500 300401 300302 300203 300104 300600 300501 300402 300303 300204 300105 300700 300601 300502 300403 300304 300205 300106 300800 300701 300602 300503 300404 300305 300206 300107 310100 310200 310101 310300 310201 310102 310400 310301 310202 310103 310500 310401 310302 310203 310104 310600 310501 310402 310303 310204 310105 400100 400200 400101 400300 400201 400102 400400 400301 400202 400103 400500 400401 400302 400203 400104 400600 400501 400402 400303 400204 400105 410100 410200 410101 410300 410201 410102 410400 410301 410202 410103 410500 410401 410302 410203 410104 420100 420200 420300 420101 420400 420201 420500 420301 420102 500100 500200 500101 500300 500201 500102 500400 500301 500202 500103 510100 510200 510101 510300 510201 510102 510400 510301 510202 510103 510500 510401 510302 510203 510104 510600 510501 510402 510303 510204 510105 520100 520200 520101 520300 520201 520102 600100 600200 600101 600300 600201 600102 600400 600301 600202 600103 610100 610200 610101 620100 620200 620101 620300 620201 620102 620400 620301 620202 620103 620500 620401 620302 620203 620104 620600 620501 620402 620303 620204 620105 700100 700200 700101 710100 710200 710101 720100 720200 720101 720300 720201 720102 720400 720301 720202 720103 730100 730200 730101 730300 730201 730102 800100 800200
4614 300100 300200 300101 300300 300201 300102 300400 300301 300202 300103 300500 300401 300302 300203 300104 300600 300501 300402 300303 300204 300105 310100 310200 310101 310300 310201 310102 310400 310301 310202 310103 310500 310401 310302 310203 310104 310600 310501 310402 310303 310204 310105 310700 310601 310502 310403 310304 310205 310106 310800 310701 310602 310503 310404 310305 310206 310107 400100 400200 400101 400300 400201 400102 400400 400301 400202 400103 400500 400401 400302 400203 400104 410100 410200 410101 410300 410201 410102 410400 410301 410202 410103 410500 410401 410302 410203 410104 410600 410501 410402 410303 410204 410105 410700 410601 410502 410403 410304 410205 410106 420100 420200 420300 420101 500100 500200 500101 500300 500201 500102 500400 500301 500202 500103 500500 500401 500302 500203 500104 510100 510200 510101 510300 510201 510102 520100 520200 520101 520300 520201 520102 520400 520301 520202 520103 520500 520401 520302 520203 520104 600100 600200 600101 600300 600201 600102 600400 600301 600202 600103 610100 610200 610101 610300 610201 610102 620100 620200 620101 620300 620201 620102 620400 620301 620202 620103 630100 630200 630300 700100 700200 700101 710100 710200 710101 710300 710201 710102 720100 720200 720101 720300 720201 720102 730100 730200 730101 730300 730201 730102 800100 800200 800101 800300 800201 800102 800400
4496 300100 300200 300101 300300 300201 300102 300400 300301 300202 300103 300500 300401 300302 300203 300104 300600 300501 300402 300303 300204 300105 310100 310200 310101 310300 310201 310102 310400 310301 310202 310103 310500 310401 310302 310203 310104 310600 310501 310402 310303 310204 310105 310700 310601 310502 310403 310304 310205 310106 310800 310701 310602 310503 310404 310305 310206 310107 400100 400200 400101 400300 400201 400102 400400 400301 400202 400103 400500 400401 400302 400203 400104 400600 400501 400402 400303 400204 400105 400700 400601 400502 400403 400304 400205 400106 410100 410200 410101 410300 410201 410102 410400 410301 410202 410103 410500 410401 410302 410203 410104 420100 420200 420300 420101 500100 500200 500101 500300 500201 500102 500400 500301 500202 500103 500500 500401 500302 500203 500104 500600 500501 500402 500303 500204 500105 510100 510200 510101 510300 510201 510102 520100 520200 520101 520300 520201 520102 520400 520301 520202 520103 600100 600200 600101 600300 600201 600102 600400 600301 600202 600103 610100 610200 610101 610300 610201 610102 620100 620200 620101 620300 620201 620102 620400 620301 620202 620103 630100 630200 630300 700100 710100 710200 710101 710300 710201 710102 720100 720200 720101 720300 720201 720102 730100 730200 730101 730300 730201 730102 730400 730301 730202 730103 800100 800200 800101 810100
17368 300100 300200 300101 300300 300201 300102 300400 300301 300202 300103 300500 300401 300302 300203 300104 300600 300501 300402 300303 300204 300105 300700 300601 300502 300403 300304 300205 300106 310100 310200 310101 310300 310201 310102 310400 310301 310202 310103 310500 310401 310302 310203 310104 310600 310501 310402 310303 310204 310105 310700 310601 310502 310403 310304 310205 310106 400100 400200 400101 400300 400201 400102 400400 400301 400202 400103 400500 400401 400302 400203 400104 410100 410200 410101 410300 410201 410102 410400 410301 410202 410103 410500 410401 410302 410203 410104 410600 410501 410402 410303 410204 410105 410700 410601 410502 410403 410304 410205 410106 420100 420200 420300 420101 500100 500200 500101 500300 500201 500102 500400 500301 500202 500103 510100 510200 510101 510300 510201 510102 510400 510301 510202 510103 510500 510401 510302 510203 510104 520100 520200 520101 520300 520201 520102 520400 520301 520202 520103 600100 600200 600101 600300 600201 600102 600400 600301 600202 600103 610100 610200 610101 620100 620200 620101 620300 620201 620102 620400 620301 620202 620103 630100 630200 630300 630101 630400 630201 630500 630301 700100 700200 700101 710100 710200 710101 720100 720200 720101 720300 720201 720102 730100 730200 730101 730300 730201 730102 730400 730301 730202 730103 800100 800200 800101 810100 810200 810101
30204 300100 300200 300101 300300 300201 300102 300400 300301 300202 300103 300500 300401 300302 300203 300104 300600 300501 300402 300303 300204 300105 300700 300601 300502 300403 300304 300205 300106 310100 310200 310101 310300 310201 310102 310400 310301 310202 310103 310500 310401 310302 310203 310104 310600 310501 310402 310303 310204 310105 310700 310601 310502 310403 310304 310205 310106 400100 400200 400101 400300 400201 400102 400400 400301 400202 400103 400500 400401 400302 400203 400104 410100 410200 410101 410300 410201 410102 410400 410301 410202 410103 410500 410401 410302 410203 410104 420100 420200 420300 420101 420400 420201 420500 420301 420102 420600 420401 420202 420700 420501 420302 420103 500100 500200 500101 500300 500201 500102 500400 500301 500202 500103 510100 510200 510101 510300 510201 510102 510400 510301 510202 510103 520100 520200 520101 520300 520201 520102 520400 520301 520202 520103 520500 520401 520302 520203 520104 600100 600200 600101 600300 600201 600102 600400 600301 600202 600103 610100 610200 610101 620100 620200 620101 620300 620201 620102 620400 620301 620202 620103 630100 630200 630300 630101 630400 630201 630500 630301 700100 700200 700101 710100 710200 710101 710300 710201 710102 720100 720200 720101 730100 730200 730101 730300 730201 730102 730400 730301 730202 730103 800100 800200 800101 810100 810200 810101 810300
20290 300100 300200 300101 300300 300201 300102 300400 300301 300202 300103 300500 300401 300302 300203 300104 310100 310200 310101 310300 310201 310102 310400 310301 310202 310103 310500 310401 310302 310203 310104 310600 310501 310402 310303 310204 310105 310700 310601 310502 310403 310304 310205 310106 310800 310701 310602 310503 310404 310305 310206 310107 310900 310801 310702 310603 310504 310405 310306 310207 310108 400100 400200 400101 400300 400201 400102 400400 400301 400202 400103 400500 400401 400302 400203 400104 400600 400501 400402 400303 400204 400105 410100 410200 410101 410300 410201 410102 410400 410301 410202 410103 420100 420200 420300 420101 420400 420201 420500 420301 420102 420600 420401 420202 420700 420501 420302 420103 500100 500200 500101 500300 500201 500102 500400 500301 500202 500103 500500 500401 500302 500203 500104 510100 510200 510101 510300 510201 510102 510400 510301 510202 510103 520100 520200 520101 520300 520201 520102 520400 520301 520202 520103 600100 600200 600101 600300 600201 600102 600400 600301 600202 600103 610100 610200 610101 610300 610201 610102 610400 610301 610202 610103 620100 630100 630200 630300 630101 630400 630201 630500 630301 630102 630600 630401 630202 630700 630501 630302 700100 700200 700101 710100 710200 710101 710300 710201 710102 720100 720200 720101 730100 730200 730101 730300 730201 730102 730400
28328 300100 300200 300101 300300 300201 300102 300400 300301 300202 300103 300500 300401 300302 300203 300104 300600 300501 300402 300303 300204 300105 310100 310200 310101 310300 310201 310102 310400 310301 310202 310103 310500 310401 310302 310203 310104 310600 310501 310402 310303 310204 310105 310700 310601 310502 310403 310304 310205 310106 310800 310701 310602 310503 310404 310305 310206 310107 400100 400200 400101 400300 400201 400102 400400 400301 400202 400103 410100 410200 410101 410300 410201 410102 410400 410301 410202 410103 410500 410401 410302 410203 410104 410600 410501 410402 410303 410204 410105 410700 410601 410502 410403 410304 410205 410106 420100 420200 420300 420101 420400 420201 420500 420301 420102 500100 500200 500101 500300 500201 500102 500400 500301 500202 500103 510100 510200 510101 510300 510201 510102 510400 510301 510202 510103 520100 520200 520101 520300 520201 520102 520400 520301 520202 520103 520500 520401 520302 520203 520104 600100 600200 600101 600300 600201 600102 600400 600301 600202 600103 610100 610200 610101 610300 610201 610102 620100 620200 620101 620300 620201 620102 620400 620301 620202 620103 630100 630200 630300 700100 700200 700101 700300 700201 700102 710100 710200 710101 720100 720200 720101 720300 720201 720102 720400 720301 720202 720103 730100 730200 730101 800100 800200 800101 800300 800201 800102 800400
18726 300100 300200 300101 300300 300201 300102 300400 300301 300202 300103 300500 300401 300302 300203 300104 300600 300501 300402 300303 300204 300105 310100 310200 310101 310300 310201 310102 310400 310301 310202 310103 310500 310401 310302 310203 310104 310600 310501 310402 310303 310204 310105 310700 310601 310502 310403 310304 310205 310106 310800 310701 310602 310503 310404 310305 310206 310107 400100 400200 400101 400300 400201 400102 400400 400301 400202 400103 400500 400401 400302 400203 400104 410100 410200 410101 410300 410201 410102 410400 410301 410202 410103 410500 410401 410302 410203 410104 420100 420200 420300 420101 420400 420201 420500 420301 420102 420600 420401 420202 420700 420501 420302 420103 500100 500200 500101 500300 500201 500102 500400 500301 500202 500103 500500 500401 500302 500203 500104 510100 510200 510101 520100 520200 520101 520300 520201 520102 520400 520301 520202 520103 520500 520401 520302 520203 520104 520600 520501 520402 520303 520204 520105 600100 600200 600101 600300 600201 600102 600400 600301 600202 600103 610100 610200 610101 610300 610201 610102 620100 620200 620101 620300 620201 620102 620400 620301 620202 620103 630100 630200 630300 700100 700200 700101 710100 710200 710101 710300 710201 710102 710400 710301 710202 710103 720100 720200 720101 730100 730200 730101 730300 730201 730102 800100 800200 800101 800300
27248 300100 300200 300101 300300 300201 300102 300400 300301 300202 300103 300500 300401 300302 300203 300104 300600 300501 300402 300303 300204 300105 310100 310200 310101 310300 310201 310102 310400 310301 310202 310103 310500 310401 310302 310203 310104 310600 310501 310402 310303 310204 310105 310700 310601 310502 310403 310304 310205 310106 310800 310701 310602 310503 310404 310305 310206 310107 400100 400200 400101 400300 400201 400102 400400 400301 400202 400103 400500 400401 400302 400203 400104 400600 400501 400402 400303 400204 400105 410100 410200 410101 410300 410201 410102 410400 410301 410202 410103 420100 420200 420300 420101 420400 420201 420500 420301 420102 420600 420401 420202 420700 420501 420302 420103 500100 500200 500101 500300 500201 500102 500400 500301 500202 500103 510100 510200 510101 510300 510201 510102 510400 510301 510202 510103 510500 510401 510302 510203 510104 510600 510501 510402 510303 510204 510105 520100 520200 520101 520300 520201 520102 600100 600200 600101 600300 600201 600102 610100 610200 610101 610300 610201 610102 610400 610301 610202 610103 610500 610401 610302 610203 610104 620100 620200 620101 630100 630200 630300 630101 630400 630201 630500 630301 700100 700200 700101 710100 710200 710101 720100 720200 720101 720300 720201 720102 730100 730200 730101 730300 730201 730102 730400 730301 730202 730103 800100 800200
28928 300100 300200 300101 300300 300201 300102 300400 300301 300202 300103 300500 300401 300302 300203 300104 300600 300501 300402 300303 300204 300105 300700 300601 300502 300403 300304 300205 300106 310100 310200 310101 310300 310201 310102 310400 310301 310202 310103 310500 310401 310302 310203 310104 310600 310501 310402 310303 310204 310105 310700 310601 310502 310403 310304 310205 310106 400100 400200 400101 400300 400201 400102 400400 400301 400202 400103 400500 400401 400302 400203 400104 410100 410200 410101 410300 410201 410102 410400 410301 410202 410103 410500 410401 410302 410203 410104 420100 420200 420300 420101 420400 420201 420500 420301 420102 420600 420401 420202 420700 420501 420302 420103 500100 500200 500101 500300 500201 500102 500400 500301 500202 500103 510100 510200 510101 510300 510201 510102 510400 510301 510202 510103 520100 520200 520101 520300 520201 520102 520400 520301 520202 520103 520500 520401 520302 520203 520104 600100 600200 600101 600300 600201 600102 610100 610200 610101 610300 610201 610102 610400 610301 610202 610103 620100 620200 620101 620300 620201 620102 620400 620301 620202 620103 620500 620401 620302 620203 620104 700100 700200 700101 710100 710200 710101 710300 710201 710102 720100 720200 720101 720300 720201 720102 730100 730200 730101 730300 730201 730102 800100 800200 800101 800300 800201 800102 800400 800301
9383 300100 300200 300101 300300 300201 300102 300400 300301 300202 300103 300500 300401 300302 300203 300104 300600 300501 300402 300303 300204 300105 300700 300601 300502 300403 300304 300205 300106 310100 310200 310101 310300 310201 310102 310400 310301 310202 310103 310500 310401 310302 310203 310104 310600 310501 310402 310303 310204 310105 310700 310601 310502 310403 310304 310205 310106 400100 400200 400101 400300 400201 400102 400400 400301 400202 400103 400500 400401 400302 400203 400104 400600 400501 400402 400303 400204 400105 410100 410200 410101 410300 410201 410102 410400 410301 410202 410103 410500 410401 410302 410203 410104 420100 420200 420300 420101 420400 420201 420500 420301 420102 500100 500200 500101 500300 500201 500102 500400 500301 500202 500103 500500 500401 500302 500203 500104 510100 510200 510101 510300 510201 510102 520100 520200 520101 520300 520201 520102 520400 520301 520202 520103 520500 520401 520302 520203 520104 600100 600200 600101 600300 600201 600102 610100 610200 610101 610300 610201 610102 610400 610301 610202 610103 620100 620200 620101 620300 620201 620102 620400 620301 620202 620103 620500 620401 620302 620203 620104 700100 710100 710200 710101 710300 710201 710102 710400 710301 710202 710103 720100 720200 720101 730100 730200 730101 730300 730201 730102 730400 730301 730202 730103 800100 800200 800101 800300 800201
14178 300100 300200 300101 300300 300201 300102 300400 300301 300202 300103 300500 300401 300302 300203 300104 300600 300501 300402 300303 300204 300105 300700 300601 300502 300403 300304 300205 300106 300800 300701 300602 300503 300404 300305 300206 300107 310100 310200 310101 310300 310201 310102 310400 310301 310202 310103 310500 310401 310302 310203 310104 310600 310501 310402 310303 310204 310105 400100 400200 400101 400300 400201 400102 400400 400301 400202 400103 400500 400401 400302 400203 400104 400600 400501 400402 400303 400204 400105 410100 410200 410101 410300 410201 410102 410400 410301 410202 410103 420100 420200 420300 420101 420400 420201 420500 420301 420102 420600 420401 420202 420700 420501 420302 420103 500100 500200 500101 500300 500201 500102 510100 510200 510101 510300 510201 510102 510400 510301 510202 510103 510500 510401 510302 510203 510104 510600 510501 510402 510303 510204 510105 510700 510601 510502 510403 510304 510205 510106 510800 510701 510602 510503 510404 510305 510206 510107 520100 520200 520101 600100 600200 600101 600300 600201 600102 610100 610200 610101 610300 610201 610102 610400 610301 610202 610103 620100 620200 620101 620300 620201 620102 620400 620301 620202 620103 630100 630200 630300 700100 700200 700101 710100 710200 710101 720100 720200 720101 720300 720201 720102 730100 730200 730101 730300 730201 730102 730400
20344 300100 300200 300101 300300 300201 300102 300400 300301 300202 300103 300500 300401 300302 300203 300104 300600 300501 300402 300303 300204 300105 300700 300601 300502 300403 300304 300205 300106 300800 300701 300602 300503 300404 300305 300206 300107 310100 310200 310101 310300 310201 310102 310400 310301 310202 310103 310500 310401 310302 310203 310104 310600 310501 310402 310303 310204 310105 400100 400200 400101 400300 400201 400102 400400 400301 400202 400103 400500 400401 400302 400203 400104 400600 400501 400402 400303 400204 400105 400700 400601 400502 400403 400304 400205 400106 410100 410200 410101 410300 410201 410102 420100 420200 420300 420101 420400 420201 420500 420301 420102 420600 420401 420202 420700 420501 420302 420103 500100 500200 500101 500300 500201 500102 500400 500301 500202 500103 500500 500401 500302 500203 500104 510100 510200 510101 510300 510201 510102 510400 510301 510202 510103 520100 520200 520101 520300 520201 520102 520400 520301 520202 520103 600100 600200 600101 600300 600201 600102 610100 610200 610101 610300 610201 610102 610400 610301 610202 610103 610500 610401 610302 610203 610104 620100 620200 620101 620300 620201 620102 630100 630200 630300 700100 710100 710200 710101 710300 710201 710102 710400 710301 710202 710103 720100 720200 720101 720300 720201 720102 730100 730200 730101 730300 730201 730102 800100 800200
4922 300100 300200 300101 300300 300201 300102 300400 300301 300202 300103 300500 300401 300302 300203 300104 300600 300501 300402 300303 300204 300105 300700 300601 300502 300403 300304 300205 300106 310100 310200 310101 310300 310201 310102 310400 310301 310202 310103 310500 310401 310302 310203 310104 310600 310501 310402 310303 310204 310105 310700 310601 310502 310403 310304 310205 310106 400100 400200 400101 400300 400201 400102 400400 400301 400202 400103 400500 400401 400302 400203 400104 410100 410200 410101 410300 410201 410102 410400 410301 410202 410103 410500 410401 410302 410203 410104 410600 410501 410402 410303 410204 410105 410700 410601 410502 410403 410304 410205 410106 420100 420200 420300 420101 500100 500200 500101 500300 500201 500102 500400 500301 500202 500103 510100 510200 510101 510300 510201 510102 510400 510301 510202 510103 510500 510401 510302 510203 510104 520100 520200 520101 520300 520201 520102 520400 520301 520202 520103 600100 600200 600101 600300 600201 600102 610100 610200 610101 610300 610201 610102 610400 610301 610202 610103 620100 620200 620101 620300 620201 620102 620400 620301 620202 620103 620500 620401 620302 620203 620104 700100 700200 700101 710100 710200 710101 720100 720200 720101 720300 720201 720102 720400 720301 720202 720103 730100 730200 730101 730300 730201 730102 800100 800200 800101 800300 800201 800102
670 300100 300200 300101 300300 300201 300102 300400 300301 300202 300103 300500 300401 300302 300203 300104 300600 300501 300402 300303 300204 300105 310100 310200 310101 310300 310201 310102 310400 310301 310202 310103 310500 310401 310302 310203 310104 310600 310501 310402 310303 310204 310105 310700 310601 310502 310403 310304 310205 310106 310800 310701 310602 310503 310404 310305 310206 310107 400100 400200 400101 400300 400201 400102 400400 400301 400202 400103 400500 400401 400302 400203 400104 400600 400501 400402 400303 400204 400105 410100 410200 410101 410300 410201 410102 410400 410301 410202 410103 420100 420200 420300 420101 420400 420201 420500 420301 420102 420600 420401 420202 420700 420501 420302 420103 500100 500200 500101 500300 500201 500102 500400 500301 500202 500103 500500 500401 500302 500203 500104 510100 510200 510101 510300 510201 510102 520100 520200 520101 520300 520201 520102 520400 520301 520202 520103 520500 520401 520302 520203 520104 600100 600200 600101 600300 600201 600102 610100 610200 610101 610300 610201 610102 610400 610301 610202 610103 610500 610401 610302 610203 610104 620100 620200 620101 630100 630200 630300 630101 630400 630201 630500 630301 700100 700200 700101 710100 710200 710101 710300 710201 710102 720100 720200 720101 730100 730200 730101 730300 730201 730102 730400 730301 730202 730103 800100 800200 800101
23444 300100 300200 300101 300300 300201 300102 300400 300301 300202 300103 300500 300401 300302 300203 300104 300600 300501 300402 300303 300204 300105 300700 300601 300502 300403 300304 300205 300106 310100 310200 310101 310300 310201 310102 310400 310301 310202 310103 310500 310401 310302 310203 310104 310600 310501 310402 310303 310204 310105 310700 310601 310502 310403 310304 310205 310106 400100 400200 400101 400300 400201 400102 400400 400301 400202 400103 400500 400401 400302 400203 400104 400600 400501 400402 400303 400204 400105 410100 410200 410101 410300 410201 410102 410400 410301 410202 410103 410500 410401 410302 410203 410104 420100 420200 420300 420101 420400 420201 420500 420301 420102 500100 500200 500101 500300 500201 500102 500400 500301 500202 500103 500500 500401 500302 500203 500104 510100 510200 510101 510300 510201 510102 520100 520200 520101 520300 520201 520102 520400 520301 520202 520103 520500 520401 520302 520203 520104 600100 600200 600101 600300 600201 600102 610100 610200 610101 610300 610201 610102 610400 610301 610202 610103 620100 620200 620101 620300 620201 620102 620400 620301 620202 620103 620500 620401 620302 620203 620104 700100 700200 700101 710100 710200 710101 720100 720200 720101 720300 720201 720102 720400 720301 720202 720103 730100 730200 730101 730300 730201 730102 800100 800200 800101 800300 800201 800102 810100
21888 300100 300200 300101 300300 300201 300102 300400 300301 300202 300103 300500 300401 300302 300203 300104 300600 300501 300402 300303 300204 300105 310100 310200 310101 310300 310201 310102 310400 310301 310202 310103 310500 310401 310302 310203 310104 310600 310501 310402 310303 310204 310105 310700 310601 310502 310403 310304 310205 310106 310800 310701 310602 310503 310404 310305 310206 310107 400100 400200 400101 400300 400201 400102 400400 400301 400202 400103 400500 400401 400302 400203 400104 410100 410200 410101 410300 410201 410102 410400 410301 410202 410103 410500 410401 410302 410203 410104 410600 410501 410402 410303 410204 410105 420100 420200 420300 420101 420400 420201 420500 420301 420102 500100 500200 500101 500300 500201 500102 500400 500301 500202 500103 510100 510200 510101 510300 510201 510102 510400 510301 510202 510103 510500 510401 510302 510203 510104 520100 520200 520101 520300 520201 520102 520400 520301 520202 520103 600100 600200 600101 600300 600201 600102 610100 610200 610101 610300 610201 610102 610400 610301 610202 610103 610500 610401 610302 610203 610104 620100 620200 620101 630100 630200 630300 630101 630400 630201 630500 630301 700100 700200 700101 700300 700201 700102 710100 720100 720200 720101 720300 720201 720102 720400 720301 720202 720103 730100 730200 730101 730300 730201 730102 800100 800200 800101 800300 800201
23070 300100 300200 300101 300300 300201 300102 300400 300301 300202 300103 300500 300401 300302 300203 300104 300600 300501 300402 300303 300204 300105 310100 310200 310101 310300 310201 310102 310400 310301 310202 310103 310500 310401 310302 310203 310104 310600 310501 310402 310303 310204 310105 310700 310601 310502 310403 310304 310205 310106 310800 310701 310602 310503 310404 310305 310206 310107 400100 400200 400101 400300 400201 400102 400400 400301 400202 400103 400500 400401 400302 400203 400104 400600 400501 400402 400303 400204 400105 400700 400601 400502 400403 400304 400205 400106 410100 410200 410101 410300 410201 410102 410400 410301 410202 410103 420100 420200 420300 420101 420400 420201 420500 420301 420102 500100 500200 500101 500300 500201 500102 500400 500301 500202 500103 500500 500401 500302 500203 500104 510100 510200 510101 510300 510201 510102 510400 510301 510202 510103 510500 510401 510302 510203 510104 520100 520200 520101 520300 520201 520102 600100 600200 600101 600300 600201 600102 610100 610200 610101 610300 610201 610102 610400 610301 610202 610103 610500 610401 610302 610203 610104 620100 620200 620101 630100 630200 630300 630101 630400 630201 630500 630301 700100 700200 700101 710100 720100 720200 720101 720300 720201 720102 720400 720301 720202 720103 730100 730200 730101 730300 730201 730102 730400 730301 730202 730103 800100
11853 300100 300200 300101 300300 300201 300102 300400 300301 300202 300103 300500 300401 300302 300203 300104 300600 300501 300402 300303 300204 300105 310100 310200 310101 310300 310201 310102 310400 310301 310202 310103 310500 310401 310302 310203 310104 310600 310501 310402 310303 310204 310105 310700 310601 310502 310403 310304 310205 310106 310800 310701 310602 310503 310404 310305 310206 310107 400100 400200 400101 400300 400201 400102 400400 400301 400202 400103 400500 400401 400302 400203 400104 400600 400501 400402 400303 400204 400105 410100 410200 410101 410300 410201 410102 410400 410301 410202 410103 410500 410401 410302 410203 410104 420100 420200 420300 420101 420400 420201 420500 420301 420102 500100 500200 500101 500300 500201 500102 500400 500301 500202 500103 510100 510200 510101 510300 510201 510102 510400 510301 510202 510103 510500 510401 510302 510203 510104 510600 510501 510402 510303 510204 510105 510700 510601 510502 510403 510304 510205 510106 520100 520200 520101 600100 600200 600101 600300 600201 600102 600400 600301 600202 600103 610100 610200 610101 610300 610201 610102 620100 620200 620101 620300 620201 620102 620400 620301 620202 620103 630100 630200 630300 700100 700200 700101 700300 700201 700102 710100 710200 710101 720100 730100 730200 730101 730300 730201 730102 730400 730301 730202 730103 730500 730401 730302 730203 730104
8279 300100 300200 300101 300300 300201 300102 300400 300301 300202 300103 300500 300401 300302 300203 300104 300600 300501 300402 300303 300204 300105 310100 310200 310101 310300 310201 310102 310400 310301 310202 310103 310500 310401 310302 310203 310104 310600 310501 310402 310303 310204 310105 310700 310601 310502 310403 310304 310205 310106 310800 310701 310602 310503 310404 310305 310206 310107 400100 400200 400101 400300 400201 400102 400400 400301 400202 400103 410100 410200 410101 410300 410201 410102 410400 410301 410202 410103 410500 410401 410302 410203 410104 410600 410501 410402 410303 410204 410105 420100 420200 420300 420101 420400 420201 420500 420301 420102 420600 420401 420202 420700 420501 420302 420103 500100 500200 500101 500300 500201 500102 500400 500301 500202 500103 510100 510200 510101 510300 510201 510102 520100 520200 520101 520300 520201 520102 520400 520301 520202 520103 520500 520401 520302 520203 520104 520600 520501 520402 520303 520204 520105 600100 600200 600101 600300 600201 600102 610100 610200 610101 610300 610201 610102 610400 610301 610202 610103 610500 610401 610302 610203 610104 620100 620200 620101 630100 630200 630300 630101 630400 630201 630500 630301 700100 700200 700101 700300 700201 700102 710100 710200 710101 710300 710201 710102 720100 720200 720101 730100 730200 730101 730300 730201 730102 800100 800200 800101
29607 300100 300200 300101 300300 300201 300102 300400 300301 300202 300103 300500 300401 300302 300203 300104 300600 300501 300402 300303 300204 300105 310100 310200 310101 310300 310201 310102 310400 310301 310202 310103 310500 310401 310302 310203 310104 310600 310501 310402 310303 310204 310105 310700 310601 310502 310403 310304 310205 310106 310800 310701 310602 310503 310404 310305 310206 310107 400100 400200 400101 400300 400201 400102 400400 400301 400202 400103 400500 400401 400302 400203 400104 400600 400501 400402 400303 400204 400105 410100 410200 410101 410300 410201 410102 410400 410301 410202 410103 420100 420200 420300 420101 420400 420201 420500 420301 420102 420600 420401 420202 420700 420501 420302 420103 500100 500200 500101 500300 500201 500102 500400 500301 500202 500103 510100 510200 510101 510300 510201 510102 510400 510301 510202 510103 510500 510401 510302 510203 510104 510600 510501 510402 510303 510204 510105 520100 520200 520101 520300 520201 520102 600100 600200 600101 600300 600201 600102 610100 610200 610101 610300 610201 610102 610400 610301 610202 610103 610500 610401 610302 610203 610104 620100 620200 620101 630100 630200 630300 630101 630400 630201 630500 630301 700100 700200 700101 700300 700201 700102 720100 720200 720101 720300 720201 720102 720400 720301 720202 720103 720500 720401 720302 720203 720104 730100 730200 730101
26697 300100 300200 300101 300300 300201 300102 300400 300301 300202 300103 300500 300401 300302 300203 300104 300600 300501 300402 300303 300204 300105 310100 310200 310101 310300 310201 310102 310400 310301 310202 310103 310500 310401 310302 310203 310104 310600 310501 310402 310303 310204 310105 310700 310601 310502 310403 310304 310205 310106 310800 310701 310602 310503 310404 310305 310206 310107 400100 400200 400101 400300 400201 400102 400400 400301 400202 400103 400500 400401 400302 400203 400104 400600 400501 400402 400303 400204 400105 400700 400601 400502 400403 400304 400205 400106 410100 410200 410101 410300 410201 410102 410400 410301 410202 410103 420100 420200 420300 420101 420400 420201 420500 420301 420102 500100 500200 500101 500300 500201 500102 500400 500301 500202 500103 500500 500401 500302 500203 500104 500600 500501 500402 500303 500204 500105 510100 510200 510101 510300 510201 510102 520100 520200 520101 520300 520201 520102 520400 520301 520202 520103 600100 600200 600101 600300 600201 600102 600400 600301 600202 600103 610100 610200 610101 610300 610201 610102 610400 610301 610202 610103 620100 620200 620101 620300 620201 620102 630100 630200 630300 700100 700200 700101 710100 710200 710101 710300 710201 710102 710400 710301 710202 710103 720100 720200 720101 730100 730200 730101 730300 730201 730102 800100 810100 810200 810101 810300
2923 300100 300200 300101 300300 300201 300102 300400 300301 300202 300103 300500 300401 300302 300203 300104 300600 300501 300402 300303 300204 300105 310100 310200 310101 310300 310201 310102 310400 310301 310202 310103 310500 310401 310302 310203 310104 310600 310501 310402 310303 310204 310105 310700 310601 310502 310403 310304 310205 310106 310800 310701 310602 310503 310404 310305 310206 310107 400100 400200 400101 400300 400201 400102 400400 400301 400202 400103 400500 400401 400302 400203 400104 410100 410200 410101 410300 410201 410102 410400 410301 410202 410103 410500 410401 410302 410203 410104 410600 410501 410402 410303 410204 410105 420100 420200 420300 420101 420400 420201 420500 420301 420102 500100 500200 500101 500300 500201 500102 500400 500301 500202 500103 510100 510200 510101 510300 510201 510102 510400 510301 510202 510103 510500 510401 510302 510203 510104 520100 520200 520101 520300 520201 520102 520400 520301 520202 520103 600100 600200 600101 600300 600201 600102 610100 610200 610101 610300 610201 610102 610400 610301 610202 610103 610500 610401 610302 610203 610104 620100 620200 620101 630100 630200 630300 630101 630400 630201 630500 630301 700100 700200 700101 700300 700201 700102 710100 710200 710101 720100 720200 720101 730100 730200 730101 730300 730201 730102 730400 730301 730202 730103 800100 800200 800101 800300 800201 800102
4526 300100 300200 300101 300300 300201 300102 300400 300301 300202 300103 300500 300401 300302 300203 300104 300600 300501 300402 300303 300204 300105 300700 300601 300502 300403 300304 300205 300106 310100 310200 310101 310300 310201 310102 310400 310301 310202 310103 310500 310401 310302 310203 310104 310600 310501 310402 310303 310204 310105 310700 310601 310502 310403 310304 310205 310106 400100 400200 400101 400300 400201 400102 400400 400301 400202 400103 400500 400401 400302 400203 400104 400600 400501 400402 400303 400204 400105 410100 410200 410101 410300 410201 410102 410400 410301 410202 410103 410500 410401 410302 410203 410104 420100 420200 420300 420101 420400 420201 420500 420301 420102 500100 500200 500101 500300 500201 500102 500400 500301 500202 500103 500500 500401 500302 500203 500104 510100 510200 510101 510300 510201 510102 520100 520200 520101 520300 520201 520102 520400 520301 520202 520103 520500 520401 520302 520203 520104 600100 600200 600101 600300 600201 600102 610100 610200 610101 610300 610201 610102 610400 610301 610202 610103 620100 620200 620101 620300 620201 620102 620400 620301 620202 620103 620500 620401 620302 620203 620104 700100 700200 700101 710100 710200 710101 710300 710201 710102 720100 720200 720101 730100 730200 730101 730300 730201 730102 730400 730301 730202 730103 800100 800200 800101 800300 800201 800102 810100
4994 300100 300200 300101 300300 300201 300102 300400 300301 300202 300103 300500 300401 300302 300203 300104 300600 300501 300402 300303 300204 300105 310100 310200 310101 310300 310201 310102 310400 310301 310202 310103 310500 310401 310302 310203 310104 310600 310501 310402 310303 310204 310105 310700 310601 310502 310403 310304 310205 310106 310800 310701 310602 310503 310404 310305 310206 310107 400100 400200 400101 400300 400201 400102 400400 400301 400202 400103 400500 400401 400302 400203 400104 400600 400501 400402 400303 400204 400105 410100 410200 410101 410300 410201 410102 410400 410301 410202 410103 420100 420200 420300 420101 420400 420201 420500 420301 420102 420600 420401 420202 420700 420501 420302 420103 500100 500200 500101 500300 500201 500102 500400 500301 500202 500103 510100 510200 510101 510300 510201 510102 510400 510301 510202 510103 510500 510401 510302 510203 510104 510600 510501 510402 510303 510204 510105 520100 520200 520101 520300 520201 520102 600100 600200 600101 600300 600201 600102 610100 610200 610101 610300 610201 610102 610400 610301 610202 610103 610500 610401 610302 610203 610104 620100 620200 620101 630100 630200 630300 630101 630400 630201 630500 630301 700100 700200 700101 700300 700201 700102 710100 720100 720200 720101 720300 720201 720102 730100 730200 730101 730300 730201 730102 730400 730301 730202 730103 800100
16688 300100 300200 300101 300300 300201 300102 300400 300301 300202 300103 300500 300401 300302 300203 300104 300600 300501 300402 300303 300204 300105 300700 300601 300502 300403 300304 300205 300106 310100 310200 310101 310300 310201 310102 310400 310301 310202 310103 310500 310401 310302 310203 310104 310600 310501 310402 310303 310204 310105 310700 310601 310502 310403 310304 310205 310106 400100 400200 400101 400300 400201 400102 400400 400301 400202 400103 400500 400401 400302 400203 400104 410100 410200 410101 410300 410201 410102 410400 410301 410202 410103 410500 410401 410302 410203 410104 420100 420200 420300 420101 420400 420201 420500 420301 420102 420600 420401 420202 420700 420501 420302 420103 500100 500200 500101 500300 500201 500102 500400 500301 500202 500103 510100 510200 510101 510300 510201 510102 510400 510301 510202 510103 520100 520200 520101 520300 520201 520102 520400 520301 520202 520103 520500 520401 520302 520203 520104 600100 600200 600101 600300 600201 600102 610100 610200 610101 610300 610201 610102 610400 610301 610202 610103 620100 620200 620101 620300 620201 620102 620400 620301 620202 620103 620500 620401 620302 620203 620104 700100 700200 700101 700300 700201 700102 710100 710200 710101 720100 720200 720101 720300 720201 720102 730100 730200 730101 730300 730201 730102 800100 800200 800101 800300 800201 800102 800301 800202
7515 300100 300200 300101 300300 300201 300102 300400 300301 300202 300103 300500 300401 300302 300203 300104 300600 300501 300402 300303 300204 300105 300700 300601 300502 300403 300304 300205 300106 310100 310200 310101 310300 310201 310102 310400 310301 310202 310103 310500 310401 310302 310203 310104 310600 310501 310402 310303 310204 310105 310700 310601 310502 310403 310304 310205 310106 400100 400200 400101 400300 400201 400102 400400 400301 400202 400103 400500 400401 400302 400203 400104 400600 400501 400402 400303 400204 400105 410100 410200 410101 410300 410201 410102 410400 410301 410202 410103 410500 410401 410302 410203 410104 410600 410501 410402 410303 410204 410105 420100 420200 420300 420101 500100 500200 500101 500300 500201 500102 500400 500301 500202 500103 500500 500401 500302 500203 500104 510100 510200 510101 510300 510201 510102 510400 510301 510202 510103 520100 520200 520101 520300 520201 520102 520400 520301 520202 520103 600100 600200 600101 600300 600201 600102 600400 600301 600202 600103 610100 610200 610101 610300 610201 610102 620100 620200 620101 620300 620201 620102 630100 630200 630300 630101 630400 630201 630500 630301 700100 700200 700101 700300 700201 700102 710100 720100 720200 720101 720300 720201 720102 720400 720301 720202 720103 730100 730200 730101 730300 730201 730102 800100 810100 810200 810101 810300 810201 810102
7547 300100 300200 300101 300300 300201 300102 300400 300301 300202 300103 300500 300401 300302 300203 300104 300600 300501 300402 300303 300204 300105 300700 300601 300502 300403 300304 300205 300106 300800 300701 300602 300503 300404 300305 300206 300107 310100 310200 310101 310300 310201 310102 310400 310301 310202 310103 310500 310401 310302 310203 310104 310600 310501 310402 310303 310204 310105 400100 400200 400101 400300 400201 400102 400400 400301 400202 400103 410100 410200 410101 410300 410201 410102 410400 410301 410202 410103 410500 410401 410302 410203 410104 410600 410501 410402 410303 410204 410105 410700 410601 410502 410403 410304 410205 410106 420100 420200 420300 420101 420400 420201 420500 420301 420102 500100 500200 500101 500300 500201 500102 510100 510200 510101 510300 510201 510102 510400 510301 510202 510103 510500 510401 510302 510203 510104 520100 520200 520101 520300 520201 520102 520400 520301 520202 520103 520500 520401 520302 520203 520104 600100 600200 600101 600300 600201 600102 610100 610200 610101 610300 610201 610102 620100 620200 620101 620300 620201 620102 620400 620301 620202 620103 620500 620401 620302 620203 620104 630100 630200 630300 700100 700200 700101 700300 700201 700102 710100 710200 710101 720100 720200 720101 730100 730200 730101 730300 730201 730102 730400 730301 730202 730103 800100 800200 800101 800300 800201
10667 300100 300200 300101 300300 300201 300102 300400 300301 300202 300103 300500 300401 300302 300203 300104 300600 300501 300402 300303 300204 300105 300700 300601 300502 300403 300304 300205 300106 300800 300701 300602 300503 300404 300305 300206 300107 310100 310200 310101 310300 310201 310102 310400 310301 310202 310103 310500 310401 310302 310203 310104 310600 310501 310402 310303 310204 310105 400100 400200 400101 400300 400201 400102 400400 400301 400202 400103 400500 400401 400302 400203 400104 400600 400501 400402 400303 400204 400105 410100 410200 410101 410300 410201 410102 410400 410301 410202 410103 420100 420200 420300 420101 420400 420201 420500 420301 420102 420600 420401 420202 420700 420501 420302 420103 500100 500200 500101 500300 500201 500102 510100 510200 510101 510300 510201 510102 510400 510301 510202 510103 510500 510401 510302 510203 510104 510600 510501 510402 510303 510204 510105 510700 510601 510502 510403 510304 510205 510106 510800 510701 510602 510503 510404 510305 510206 510107 520100 520200 520101 600100 600200 600101 600300 600201 600102 610100 610200 610101 610300 610201 610102 610400 610301 610202 610103 620100 620200 620101 620300 620201 620102 620400 620301 620202 620103 630100 630200 630300 700100 700200 700101 700300 700201 700102 710100 720100 720200 720101 720300 720201 720102 730100 730200 730101 730300 730201 730102
30743 300100 300200 300101 300300 300201 300102 300400 300301 300202 300103 300500 300401 300302 300203 300104 300600 300501 300402 300303 300204 300105 310100 310200 310101 310300 310201 310102 310400 310301 310202 310103 310500 310401 310302 310203 310104 310600 310501 310402 310303 310204 310105 310700 310601 310502 310403 310304 310205 310106 310800 310701 310602 310503 310404 310305 310206 310107 400100 400200 400101 400300 400201 400102 400400 400301 400202 400103 400500 400401 400302 400203 400104 410100 410200 410101 410300 410201 410102 410400 410301 410202 410103 420100 420200 420300 420101 420400 420201 420500 420301 420102 420600 420401 420202 420700 420501 420302 420103 420800 420601 420402 420203 420900 420701 420502 420303 420104 500100 500200 500101 500300 500201 500102 500400 500301 500202 500103 510100 510200 510101 510300 510201 510102 510400 510301 510202 510103 520100 520200 520101 520300 520201 520102 520400 520301 520202 520103 520500 520401 520302 520203 520104 600100 600200 600101 600300 600201 600102 610100 610200 610101 610300 610201 610102 610400 610301 610202 610103 610500 610401 610302 610203 610104 620100 620200 620101 630100 630200 630300 630101 630400 630201 630500 630301 700100 700200 700101 700300 700201 700102 710100 710200 710101 710300 710201 710102 720100 730100 730200 730101 730300 730201 730102 730400 730301 730202 730103
26868 300100 300200 300101 300300 300201 300102 300400 300301 300202 300103 300500 300401 300302 300203 300104 300600 300501 300402 300303 300204 300105 300700 300601 300502 300403 300304 300205 300106 310100 310200 310101 310300 310201 310102 310400 310301 310202 310103 310500 310401 310302 310203 310104 310600 310501 310402 310303 310204 310105 310700 310601 310502 310403 310304 310205 310106 400100 400200 400101 400300 400201 400102 400400 400301 400202 400103 400500 400401 400302 400203 400104 410100 410200 410101 410300 410201 410102 410400 410301 410202 410103 410500 410401 410302 410203 410104 410600 410501 410402 410303 410204 410105 410700 410601 410502 410403 410304 410205 410106 420100 420200 420300 420101 500100 500200 500101 500300 500201 500102 500400 500301 500202 500103 510100 510200 510101 510300 510201 510102 510400 510301 510202 510103 510500 510401 510302 510203 510104 520100 520200 520101 520300 520201 520102 520400 520301 520202 520103 600100 600200 600101 600300 600201 600102 610100 610200 610101 610300 610201 610102 610400 610301 610202 610103 620100 620200 620101 620300 620201 620102 620400 620301 620202 620103 620500 620401 620302 620203 620104 700100 700200 700101 700300 700201 700102 710100 720100 720200 720101 720300 720201 720102 720400 720301 720202 720103 730100 730200 730101 730300 730201 730102 800100 800200 800101 800300 800201
3142 300100 300200 300101 300300 300201 300102 300400 300301 300202 300103 300500 300401 300302 300203 300104 300600 300501 300402 300303 300204 300105 310100 310200 310101 310300 310201 310102 310400 310301 310202 310103 310500 310401 310302 310203 310104 310600 310501 310402 310303 310204 310105 310700 310601 310502 310403 310304 310205 310106 310800 310701 310602 310503 310404 310305 310206 310107 400100 400200 400101 400300 400201 400102 400400 400301 400202 400103 400500 400401 400302 400203 400104 400600 400501 400402 400303 400204 400105 400700 400601 400502 400403 400304 400205 400106 410100 410200 410101 410300 410201 410102 410400 410301 410202 410103 410500 410401 410302 410203 410104 420100 420200 420300 420101 500100 500200 500101 500300 500201 500102 500400 500301 500202 500103 500500 500401 500302 500203 500104 500600 500501 500402 500303 500204 500105 510100 510200 510101 510300 510201 510102 520100 520200 520101 520300 520201 520102 520400 520301 520202 520103 600100 600200 600101 600300 600201 600102 600400 600301 600202 600103 610100 610200 610101 610300 610201 610102 620100 620200 620101 620300 620201 620102 620400 620301 620202 620103 630100 630200 630300 700100 700200 700101 710100 710200 710101 720100 720200 720101 720300 720201 720102 720400 720301 720202 720103 730100 730200 730101 730300 730201 730102 810100 810200 810101 810300 810201
19735 300100 300200 300101 300300 300201 300102 300400 300301 300202 300103 300500 300401 300302 300203 300104 300600 300501 300402 300303 300204 300105 310100 310200 310101 310300 310201 310102 310400 310301 310202 310103 310500 310401 310302 310203 310104 310600 310501 310402 310303 310204 310105 310700 310601 310502 310403 310304 310205 310106 310800 310701 310602 310503 310404 310305 310206 310107 400100 400200 400101 400300 400201 400102 400400 400301 400202 400103 400500 400401 400302 400203 400104 400600 400501 400402 400303 400204 400105 400700 400601 400502 400403 400304 400205 400106 410100 410200 410101 410300 410201 410102 410400 410301 410202 410103 410500 410401 410302 410203 410104 410600 410501 410402 410303 410204 410105 420100 500100 500200 500101 500300 500201 500102 500400 500301 500202 500103 500500 500401 500302 500203 500104 500600 500501 500402 500303 500204 500105 510100 510200 510101 510300 510201 510102 510400 510301 510202 510103 520100 520200 520101 520300 520201 520102 600100 600200 600101 600300 600201 600102 600400 600301 600202 600103 610100 610200 610101 610300 610201 610102 610400 610301 610202 610103 620100 620200 620101 620300 620201 620102 630100 630200 630300 700100 700200 700101 710100 710200 710101 710300 710201 710102 720100 720200 720101 720300 720201 720102 730100 730200 730101 730300 730201 730102 800100 810100 820100
23779 300100 300200 300101 300300 300201 300102 300400 300301 300202 300103 300500 300401 300302 300203 300104 300600 300501 300402 300303 300204 300105 310100 310200 310101 310300 310201 310102 310400 310301 310202 310103 310500 310401 310302 310203 310104 310600 310501 310402 310303 310204 310105 310700 310601 310502 310403 310304 310205 310106 310800 310701 310602 310503 310404 310305 310206 310107 400100 400200 400101 400300 400201 400102 400400 400301 400202 400103 400500 400401 400302 400203 400104 400600 400501 400402 400303 400204 400105 410100 410200 410101 410300 410201 410102 410400 410301 410202 410103 420100 420200 420300 420101 420400 420201 420500 420301 420102 420600 420401 420202 420700 420501 420302 420103 500100 500200 500101 500300 500201 500102 500400 500301 500202 500103 510100 510200 510101 510300 510201 510102 510400 510301 510202 510103 510500 510401 510302 510203 510104 510600 510501 510402 510303 510204 510105 520100 520200 520101 520300 520201 520102 600100 600200 600101 600300 600201 600102 610100 610200 610101 610300 610201 610102 610400 610301 610202 610103 610500 610401 610302 610203 610104 620100 620200 620101 630100 630200 630300 630101 630400 630201 630500 630301 700100 700200 700101 700300 700201 700102 710100 710200 710101 720100 720200 720101 730100 730200 730101 730300 730201 730102 730400 730301 730202 730103 800100 800200
20692 300100 300200 300101 300300 300201 300102 300400 300301 300202 300103 300500 300401 300302 300203 300104 300600 300501 300402 300303 300204 300105 300700 300601 300502 300403 300304 300205 300106 310100 310200 310101 310300 310201 310102 310400 310301 310202 310103 310500 310401 310302 310203 310104 310600 310501 310402 310303 310204 310105 310700 310601 310502 310403 310304 310205 310106 400100 400200 400101 400300 400201 400102 400400 400301 400202 400103 400500 400401 400302 400203 400104 410100 410200 410101 410300 410201 410102 410400 410301 410202 410103 410500 410401 410302 410203 410104 420100 420200 420300 420101 420400 420201 420500 420301 420102 420600 420401 420202 420700 420501 420302 420103 500100 500200 500101 500300 500201 500102 500400 500301 500202 500103 510100 510200 510101 510300 510201 510102 510400 510301 510202 510103 520100 520200 520101 520300 520201 520102 520400 520301 520202 520103 520500 520401 520302 520203 520104 600100 600200 600101 600300 600201 600102 610100 610200 610101 610300 610201 610102 610400 610301 610202 610103 620100 620200 620101 620300 620201 620102 620400 620301 620202 620103 620500 620401 620302 620203 620104 700100 700200 700101 700300 700201 700102 710100 710200 710101 710300 710201 710102 720100 720200 720101 730100 730200 730101 730300 730201 730102 800100 800200 800101 800300 800201 800102 800400 800301
4602 300100 300200 300101 300300 300201 300102 300400 300301 300202 300103 300500 300401 300302 300203 300104 300600 300501 300402 300303 300204 300105 300700 300601 300502 300403 300304 300205 300106 310100 310200 310101 310300 310201 310102 310400 310301 310202 310103 310500 310401 310302 310203 310104 310600 310501 310402 310303 310204 310105 310700 310601 310502 310403 310304 310205 310106 400100 400200 400101 400300 400201 400102 400400 400301 400202 400103 400500 400401 400302 400203 400104 410100 410200 410101 410300 410201 410102 410400 410301 410202 410103 410500 410401 410302 410203 410104 410600 410501 410402 410303 410204 410105 410700 410601 410502 410403 410304 410205 410106 420100 420200 420300 420101 500100 500200 500101 500300 500201 500102 500400 500301 500202 500103 510100 510200 510101 510300 510201 510102 510400 510301 510202 510103 510500 510401 510302 510203 510104 520100 520200 520101 520300 520201 520102 520400 520301 520202 520103 600100 600200 600101 600300 600201 600102 610100 610200 610101 610300 610201 610102 610400 610301 610202 610103 620100 620200 620101 620300 620201 620102 620400 620301 620202 620103 620500 620401 620302 620203 620104 700100 700200 700101 700300 700201 700102 710100 710200 710101 720100 720200 720101 720300 720201 720102 730100 730200 730101 730300 730201 730102 800100 800200 800101 800300 800201 800102 800400
9241 300100 300200 300101 300300 300201 300102 300400 300301 300202 300103 300500 300401 300302 300203 300104 300600 300501 300402 300303 300204 300105 300700 300601 300502 300403 300304 300205 300106 310100 310200 310101 310300 310201 310102 310400 310301 310202 310103 310500 310401 310302 310203 310104 310600 310501 310402 310303 310204 310105 310700 310601 310502 310403 310304 310205 310106 400100 400200 400101 400300 400201 400102 400400 400301 400202 400103 400500 400401 400302 400203 400104 400600 400501 400402 400303 400204 400105 410100 410200 410101 410300 410201 410102 410400 410301 410202 410103 410500 410401 410302 410203 410104 420100 420200 420300 420101 420400 420201 420500 420301 420102 500100 500200 500101 500300 500201 500102 500400 500301 500202 500103 500500 500401 500302 500203 500104 510100 510200 510101 510300 510201 510102 520100 520200 520101 520300 520201 520102 520400 520301 520202 520103 520500 520401 520302 520203 520104 600100 600200 600101 600300 600201 600102 610100 610200 610101 610300 610201 610102 610400 610301 610202 610103 620100 620200 620101 620300 620201 620102 620400 620301 620202 620103 620500 620401 620302 620203 620104 700100 700200 700101 710100 710200 710101 710300 710201 710102 710400 710301 710202 710103 720100 730100 730200 730101 730300 730201 730102 730400 730301 730202 730103 800100 800200 800101 800300 800201
12204 300100 300200 300101 300300 300201 300102 300400 300301 300202 300103 300500 300401 300302 300203 300104 300600 300501 300402 300303 300204 300105 300700 300601 300502 300403 300304 300205 300106 300800 300701 300602 300503 300404 300305 300206 300107 310100 310200 310101 310300 310201 310102 310400 310301 310202 310103 310500 310401 310302 310203 310104 310600 310501 310402 310303 310204 310105 400100 400200 400101 400300 400201 400102 400400 400301 400202 400103 400500 400401 400302 400203 400104 410100 410200 410101 410300 410201 410102 410400 410301 410202 410103 410500 410401 410302 410203 410104 410600 410501 410402 410303 410204 410105 420100 420200 420300 420101 420400 420201 420500 420301 420102 500100 500200 500101 500300 500201 500102 510100 510200 510101 510300 510201 510102 510400 510301 510202 510103 510500 510401 510302 510203 510104 510600 510501 510402 510303 510204 510105 520100 520200 520101 520300 520201 520102 520400 520301 520202 520103 600100 600200 600101 610100 610200 610101 610300 610201 610102 610400 610301 610202 610103 610500 610401 610302 610203 610104 620100 620200 620101 620300 620201 620102 630100 630200 630300 630101 630400 630201 630500 630301 700100 700200 700101 710100 710200 710101 720100 720200 720101 720300 720201 720102 720400 720301 720202 720103 730100 730200 730101 730300 730201 730102 800100 800200 800101 810100
30013 300100 300200 300101 300300 300201 300102 300400 300301 300202 300103 300500 300401 300302 300203 300104 300600 300501 300402 300303 300204 300105 300700 300601 300502 300403 300304 300205 300106 300800 300701 300602 300503 300404 300305 300206 300107 310100 310200 310101 310300 310201 310102 310400 310301 310202 310103 310500 310401 310302 310203 310104 310600 310501 310402 310303 310204 310105 400100 400200 400101 400300 400201 400102 400400 400301 400202 400103 400500 400401 400302 400203 400104 400600 400501 400402 400303 400204 400105 410100 410200 410101 410300 410201 410102 410400 410301 410202 410103 420100 420200 420300 420101 420400 420201 420500 420301 420102 420600 420401 420202 420700 420501 420302 420103 500100 500200 500101 500300 500201 500102 510100 510200 510101 510300 510201 510102 510400 510301 510202 510103 510500 510401 510302 510203 510104 510600 510501 510402 510303 510204 510105 510700 510601 510502 510403 510304 510205 510106 510800 510701 510602 510503 510404 510305 510206 510107 520100 520200 520101 600100 600200 600101 600300 600201 600102 610100 610200 610101 610300 610201 610102 610400 610301 610202 610103 620100 620200 620101 620300 620201 620102 620400 620301 620202 620103 630100 630200 630300 700100 700200 700101 700300 700201 700102 710100 710200 710101 720100 720200 720101 730100 730200 730101 730300 730201 730102 730400
29706 300100 300200 300101 300300 300201 300102 300400 300301 300202 300103 300500 300401 300302 300203 300104 300600 300501 300402 300303 300204 300105 300700 300601 300502 300403 300304 300205 300106 310100 310200 310101 310300 310201 310102 310400 310301 310202 310103 310500 310401 310302 310203 310104 310600 310501 310402 310303 310204 310105 310700 310601 310502 310403 310304 310205 310106 400100 400200 400101 400300 400201 400102 400400 400301 400202 400103 400500 400401 400302 400203 400104 410100 410200 410101 410300 410201 410102 410400 410301 410202 410103 410500 410401 410302 410203 410104 410600 410501 410402 410303 410204 410105 420100 420200 420300 420101 420400 420201 420500 420301 420102 500100 500200 500101 500300 500201 500102 500400 500301 500202 500103 510100 510200 510101 510300 510201 510102 510400 510301 510202 510103 520100 520200 520101 520300 520201 520102 520400 520301 520202 520103 520500 520401 520302 520203 520104 600100 600200 600101 610100 610200 610101 610300 610201 610102 610400 610301 610202 610103 610500 610401 610302 610203 610104 610600 610501 610402 610303 610204 610105 620100 620200 620101 620300 620201 620102 630100 630200 630300 700100 700200 700101 710100 710200 710101 710300 710201 710102 720100 720200 720101 720300 720201 720102 720400 720301 720202 720103 730100 730200 730101 800100 800200 800101 800300 800201 800102
32412 300100 300200 300101 300300 300201 300102 300400 300301 300202 300103 300500 300401 300302 300203 300104 300600 300501 300402 300303 300204 300105 310100 310200 310101 310300 310201 310102 310400 310301 310202 310103 310500 310401 310302 310203 310104 310600 310501 310402 310303 310204 310105 310700 310601 310502 310403 310304 310205 310106 310800 310701 310602 310503 310404 310305 310206 310107 400100 400200 400101 400300 400201 400102 400400 400301 400202 400103 400500 400401 400302 400203 400104 400600 400501 400402 400303 400204 400105 400700 400601 400502 400403 400304 400205 400106 410100 410200 410101 410300 410201 410102 410400 410301 410202 410103 410500 410401 410302 410203 410104 420100 420200 420300 420101 500100 500200 500101 500300 500201 500102 500400 500301 500202 500103 500500 500401 500302 500203 500104 500600 500501 500402 500303 500204 500105 510100 510200 510101 510300 510201 510102 520100 520200 520101 520300 520201 520102 520400 520301 520202 520103 600100 600200 600101 600300 600201 600102 600400 600301 600202 600103 610100 610200 610101 610300 610201 610102 620100 620200 620101 620300 620201 620102 620400 620301 620202 620103 630100 630200 630300 700100 700200 700101 710100 710200 710101 710300 710201 710102 720100 720200 720101 720300 720201 720102 730100 730200 730101 730300 730201 730102 810100 810200 810101 810300 810201 810102
304 300100 300200 300101 300300 300201 300102 300400 300301 300202 300103 300500 300401 300302 300203 300104 300600 300501 300402 300303 300204 300105 300700 300601 300502 300403 300304 300205 300106 300800 300701 300602 300503 300404 300305 300206 300107 310100 310200 310101 310300 310201 310102 310400 310301 310202 310103 310500 310401 310302 310203 310104 310600 310501 310402 310303 310204 310105 400100 400200 400101 400300 400201 400102 400400 400301 400202 400103 400500 400401 400302 400203 400104 400600 400501 400402 400303 400204 400105 400700 400601 400502 400403 400304 400205 400106 410100 410200 410101 410300 410201 410102 420100 420200 420300 420101 420400 420201 420500 420301 420102 420600 420401 420202 420700 420501 420302 420103 500100 500200 500101 500300 500201 500102 500400 500301 500202 500103 500500 500401 500302 500203 500104 510100 510200 510101 510300 510201 510102 510400 510301 510202 510103 520100 520200 520101 520300 520201 520102 520400 520301 520202 520103 600100 600200 600101 600300 600201 600102 610100 610200 610101 610300 610201 610102 610400 610301 610202 610103 610500 610401 610302 610203 610104 620100 620200 620101 620300 620201 620102 630100 630200 630300 700100 700200 700101 710100 710200 710101 710300 710201 710102 720100 720200 720101 720300 720201 720102 720400 720301 720202 720103 720500 720401 720302 720203 720104 730100
15361 300100 300200 300101 300300 300201 300102 300400 300301 300202 300103 300500 300401 300302 300203 300104 300600 300501 300402 300303 300204 300105 310100 310200 310101 310300 310201 310102 310400 310301 310202 310103 310500 310401 310302 310203 310104 310600 310501 310402 310303 310204 310105 310700 310601 310502 310403 310304 310205 310106 310800 310701 310602 310503 310404 310305 310206 310107 400100 400200 400101 400300 400201 400102 400400 400301 400202 400103 400500 400401 400302 400203 400104 400600 400501 400402 400303 400204 400105 410100 410200 410101 410300 410201 410102 410400 410301 410202 410103 420100 420200 420300 420101 420400 420201 420500 420301 420102 420600 420401 420202 420700 420501 420302 420103 500100 500200 500101 500300 500201 500102 500400 500301 500202 500103 510100 510200 510101 510300 510201 510102 510400 510301 510202 510103 510500 510401 510302 510203 510104 510600 510501 510402 510303 510204 510105 520100 520200 520101 520300 520201 520102 600100 600200 600101 600300 600201 600102 610100 610200 610101 610300 610201 610102 610400 610301 610202 610103 610500 610401 610302 610203 610104 620100 620200 620101 630100 630200 630300 630101 630400 630201 630500 630301 700100 700200 700101 700300 700201 700102 710100 710200 710101 720100 720200 720101 720300 720201 720102 730100 730200 730101 730300 730201 730102 800100 800200 800101
592 300100 300200 300101 300300 300201 300102 300400 300301 300202 300103 300500 300401 300302 300203 300104 300600 300501 300402 300303 300204 300105 300700 300601 300502 300403 300304 300205 300106 300800 300701 300602 300503 300404 300305 300206 300107 310100 310200 310101 310300 310201 310102 310400 310301 310202 310103 310500 310401 310302 310203 310104 310600 310501 310402 310303 310204 310105 400100 400200 400101 400300 400201 400102 400400 400301 400202 400103 400500 400401 400302 400203 400104 400600 400501 400402 400303 400204 400105 410100 410200 410101 410300 410201 410102 410400 410301 410202 410103 410500 410401 410302 410203 410104 420100 420200 420300 420101 420400 420201 420500 420301 420102 500100 500200 500101 500300 500201 500102 500400 500301 500202 500103 500500 500401 500302 500203 500104 510100 510200 510101 510300 510201 510102 520100 520200 520101 520300 520201 520102 520400 520301 520202 520103 520500 520401 520302 520203 520104 600100 600200 600101 600300 600201 600102 610100 610200 610101 610300 610201 610102 610400 610301 610202 610103 610500 610401 610302 610203 610104 620100 620200 620101 620300 620201 620102 630100 630200 630300 700100 700200 700101 710100 710200 710101 710300 710201 710102 710400 710301 710202 710103 720100 720200 720101 720300 720201 720102 720400 720301 720202 720103 720500 720401 720302 720203 720104 800100
8056 300100 300200 300101 300300 300201 300102 300400 300301 300202 300103 300500 300401 300302 300203 300104 300600 300501 300402 300303 300204 300105 300700 300601 300502 300403 300304 300205 300106 310100 310200 310101 310300 310201 310102 310400 310301 310202 310103 310500 310401 310302 310203 310104 310600 310501 310402 310303 310204 310105 310700 310601 310502 310403 310304 310205 310106 400100 400200 400101 400300 400201 400102 400400 400301 400202 400103 400500 400401 400302 400203 400104 400600 400501 400402 400303 400204 400105 410100 410200 410101 410300 410201 410102 410400 410301 410202 410103 410500 410401 410302 410203 410104 420100 420200 420300 420101 420400 420201 420500 420301 420102 500100 500200 500101 500300 500201 500102 500400 500301 500202 500103 500500 500401 500302 500203 500104 510100 510200 510101 510300 510201 510102 520100 520200 520101 520300 520201 520102 520400 520301 520202 520103 520500 520401 520302 520203 520104 600100 600200 600101 600300 600201 600102 610100 610200 610101 610300 610201 610102 610400 610301 610202 610103 620100 620200 620101 620300 620201 620102 620400 620301 620202 620103 620500 620401 620302 620203 620104 700100 700200 700101 710100 710200 710101 710300 710201 710102 710400 710301 710202 710103 720100 720200 720101 730100 730200 730101 730300 730201 730102 800100 800200 800101 800300 800201 800102 810100
8595 300100 300200 300101 300300 300201 300102 300400 300301 300202 300103 300500 300401 300302 300203 300104 300600 300501 300402 300303 300204 300105 310100 310200 310101 310300 310201 310102 310400 310301 310202 310103 310500 310401 310302 310203 310104 310600 310501 310402 310303 310204 310105 310700 310601 310502 310403 310304 310205 310106 310800 310701 310602 310503 310404 310305 310206 310107 400100 400200 400101 400300 400201 400102 400400 400301 400202 400103 400500 400401 400302 400203 400104 400600 400501 400402 400303 400204 400105 400700 400601 400502 400403 400304 400205 400106 410100 410200 410101 410300 410201 410102 410400 410301 410202 410103 420100 420200 420300 420101 420400 420201 420500 420301 420102 500100 500200 500101 500300 500201 500102 500400 500301 500202 500103 500500 500401 500302 500203 500104 510100 510200 510101 510300 510201 510102 510400 510301 510202 510103 510500 510401 510302 510203 510104 520100 520200 520101 520300 520201 520102 600100 600200 600101 600300 600201 600102 610100 610200 610101 610300 610201 610102 610400 610301 610202 610103 610500 610401 610302 610203 610104 620100 620200 620101 630100 630200 630300 630101 630400 630201 630500 630301 700100 700200 700101 710100 710200 710101 710300 710201 710102 720100 720200 720101 730100 730200 730101 730300 730201 730102 730400 730301 730202 730103 800100 800200 800101
15938 300100 300200 300101 300300 300201 300102 300400 300301 300202 300103 300500 300401 300302 300203 300104 300600 300501 300402 300303 300204 300105 300700 300601 300502 300403 300304 300205 300106 310100 310200 310101 310300 310201 310102 310400 310301 310202 310103 310500 310401 310302 310203 310104 310600 310501 310402 310303 310204 310105 310700 310601 310502 310403 310304 310205 310106 400100 400200 400101 400300 400201 400102 400400 400301 400202 400103 400500 400401 400302 400203 400104 410100 410200 410101 410300 410201 410102 410400 410301 410202 410103 410500 410401 410302 410203 410104 420100 420200 420300 420101 420400 420201 420500 420301 420102 420600 420401 420202 420700 420501 420302 420103 500100 500200 500101 500300 500201 500102 500400 500301 500202 500103 510100 510200 510101 510300 510201 510102 510400 510301 510202 510103 520100 520200 520101 520300 520201 520102 520400 520301 520202 520103 520500 520401 520302 520203 520104 600100 600200 600101 600300 600201 600102 610100 610200 610101 610300 610201 610102 610400 610301 610202 610103 620100 620200 620101 620300 620201 620102 620400 620301 620202 620103 620500 620401 620302 620203 620104 700100 700200 700101 700300 700201 700102 710100 710200 710101 710300 710201 710102 720100 720200 720101 720300 720201 720102 730100 730200 730101 800100 800200 800101 800300 800201 800102 800301 800202
12772 300100 300200 300101 300300 300201 300102 300400 300301 300202 300103 300500 300401 300302 300203 300104 300600 300501 300402 300303 300204 300105 300700 300601 300502 300403 300304 300205 300106 300800 300701 300602 300503 300404 300305 300206 300107 310100 310200 310101 310300 310201 310102 310400 310301 310202 310103 310500 310401 310302 310203 310104 310600 310501 310402 310303 310204 310105 400100 400200 400101 400300 400201 400102 400400 400301 400202 400103 400500 400401 400302 400203 400104 400600 400501 400402 400303 400204 400105 410100 410200 410101 410300 410201 410102 410400 410301 410202 410103 420100 420200 420300 420101 420400 420201 420500 420301 420102 420600 420401 420202 420700 420501 420302 420103 500100 500200 500101 500300 500201 500102 510100 510200 510101 510300 510201 510102 510400 510301 510202 510103 510500 510401 510302 510203 510104 510600 510501 510402 510303 510204 510105 510700 510601 510502 510403 510304 510205 510106 510800 510701 510602 510503 510404 510305 510206 510107 520100 520200 520101 600100 600200 600101 600300 600201 600102 610100 610200 610101 610300 610201 610102 610400 610301 610202 610103 620100 620200 620101 620300 620201 620102 620400 620301 620202 620103 630100 630200 630300 700100 700200 700101 700300 700201 700102 710100 710200 710101 720100 720200 720101 720300 720201 720102 730100 730200 730101 730300
7870 300100 300200 300101 300300 300201 300102 300400 300301 300202 300103 300500 300401 300302 300203 300104 300600 300501 300402 300303 300204 300105 300700 300601 300502 300403 300304 300205 300106 310100 310200 310101 310300 310201 310102 310400 310301 310202 310103 310500 310401 310302 310203 310104 310600 310501 310402 310303 310204 310105 310700 310601 310502 310403 310304 310205 310106 400100 400200 400101 400300 400201 400102 400400 400301 400202 400103 400500 400401 400302 400203 400104 410100 410200 410101 410300 410201 410102 410400 410301 410202 410103 410500 410401 410302 410203 410104 410600 410501 410402 410303 410204 410105 410700 410601 410502 410403 410304 410205 410106 420100 420200 420300 420101 500100 500200 500101 500300 500201 500102 500400 500301 500202 500103 510100 510200 510101 510300 510201 510102 510400 510301 510202 510103 510500 510401 510302 510203 510104 520100 520200 520101 520300 520201 520102 520400 520301 520202 520103 600100 600200 600101 600300 600201 600102 610100 610200 610101 610300 610201 610102 610400 610301 610202 610103 620100 620200 620101 620300 620201 620102 620400 620301 620202 620103 620500 620401 620302 620203 620104 700100 700200 700101 700300 700201 700102 710100 710200 710101 720100 720200 720101 720300 720201 720102 720400 720301 720202 720103 730100 730200 730101 800100 800200 800101 800300 800201 800102
4773 300100 300200 300101 300300 300201 300102 300400 300301 300202 300103 300500 300401 300302 300203 300104 300600 300501 300402 300303 300204 300105 300700 300601 300502 300403 300304 300205 300106 310100 310200 310101 310300 310201 310102 310400 310301 310202 310103 310500 310401 310302 310203 310104 310600 310501 310402 310303 310204 310105 310700 310601 310502 310403 310304 310205 310106 400100 400200 400101 400300 400201 400102 400400 400301 400202 400103 400500 400401 400302 400203 400104 400600 400501 400402 400303 400204 400105 400700 400601 400502 400403 400304 400205 400106 410100 410200 410101 410300 410201 410102 410400 410301 410202 410103 410500 410401 410302 410203 410104 420100 420200 420300 420101 500100 500200 500101 500300 500201 500102 500400 500301 500202 500103 500500 500401 500302 500203 500104 500600 500501 500402 500303 500204 500105 510100 510200 510101 520100 520200 520101 520300 520201 520102 520400 520301 520202 520103 520500 520401 520302 520203 520104 600100 600200 600101 600300 600201 600102 600400 600301 600202 600103 610100 610200 610101 620100 620200 620101 620300 620201 620102 620400 620301 620202 620103 630100 630200 630300 630101 630400 630201 630500 630301 700100 700200 700101 710100 710200 710101 720100 720200 720101 720300 720201 720102 720400 720301 720202 720103 730100 730200 730101 730300 730201 730102 810100 810200
5693 300100 300200 300101 300300 300201 300102 300400 300301 300202 300103 300500 300401 300302 300203 300104 300600 300501 300402 300303 300204 300105 310100 310200 310101 310300 310201 310102 310400 310301 310202 310103 310500 310401 310302 310203 310104 310600 310501 310402 310303 310204 310105 310700 310601 310502 310403 310304 310205 310106 310800 310701 310602 310503 310404 310305 310206 310107 400100 400200 400101 400300 400201 400102 400400 400301 400202 400103 400500 400401 400302 400203 400104 400600 400501 400402 400303 400204 400105 410100 410200 410101 410300 410201 410102 410400 410301 410202 410103 420100 420200 420300 420101 420400 420201 420500 420301 420102 420600 420401 420202 420700 420501 420302 420103 500100 500200 500101 500300 500201 500102 500400 500301 500202 500103 500500 500401 500302 500203 500104 510100 510200 510101 510300 510201 510102 520100 520200 520101 520300 520201 520102 520400 520301 520202 520103 520500 520401 520302 520203 520104 600100 600200 600101 600300 600201 600102 610100 610200 610101 610300 610201 610102 610400 610301 610202 610103 610500 610401 610302 610203 610104 620100 620200 620101 630100 630200 630300 630101 630400 630201 630500 630301 700100 700200 700101 710100 710200 710101 710300 710201 710102 710400 710301 710202 710103 710500 710401 710302 710203 710104 730100 730200 730101 730300 730201 730102 730400
11249 300100 300200 300101 300300 300201 300102 300400 300301 300202 300103 300500 300401 300302 300203 300104 300600 300501 300402 300303 300204 300105 310100 310200 310101 310300 310201 310102 310400 310301 310202 310103 310500 310401 310302 310203 310104 310600 310501 310402 310303 310204 310105 310700 310601 310502 310403 310304 310205 310106 310800 310701 310602 310503 310404 310305 310206 310107 400100 400200 400101 400300 400201 400102 400400 400301 400202 400103 400500 400401 400302 400203 400104 400600 400501 400402 400303 400204 400105 400700 400601 400502 400403 400304 400205 400106 410100 410200 410101 410300 410201 410102 410400 410301 410202 410103 410500 410401 410302 410203 410104 420100 420200 420300 420101 500100 500200 500101 500300 500201 500102 500400 500301 500202 500103 500500 500401 500302 500203 500104 500600 500501 500402 500303 500204 500105 510100 510200 510101 510300 510201 510102 520100 520200 520101 520300 520201 520102 520400 520301 520202 520103 600100 600200 600101 600300 600201 600102 600400 600301 600202 600103 610100 610200 610101 610300 610201 610102 620100 620200 620101 620300 620201 620102 620400 620301 620202 620103 630100 630200 630300 700100 700200 700101 710100 710200 710101 710300 710201 710102 720100 720200 720101 720300 720201 720102 720400 720301 720202 720103 730100 730200 730101 810100 810200 810101 810300 810201
22388 300100 300200 300101 300300 300201 300102 300400 300301 300202 300103 300500 300401 300302 300203 300104 300600 300501 300402 300303 300204 300105 300700 300601 300502 300403 300304 300205 300106 310100 310200 310101 310300 310201 310102 310400 310301 310202 310103 310500 310401 310302 310203 310104 310600 310501 310402 310303 310204 310105 310700 310601 310502 310403 310304 310205 310106 400100 400200 400101 400300 400201 400102 400400 400301 400202 400103 400500 400401 400302 400203 400104 400600 400501 400402 400303 400204 400105 400700 400601 400502 400403 400304 400205 400106 410100 410200 410101 410300 410201 410102 410400 410301 410202 410103 410500 410401 410302 410203 410104 410600 410501 410402 410303 410204 410105 420100 500100 500200 500101 500300 500201 500102 500400 500301 500202 500103 500500 500401 500302 500203 500104 500600 500501 500402 500303 500204 500105 510100 510200 510101 510300 510201 510102 520100 520200 520101 520300 520201 520102 520400 520301 520202 520103 600100 600200 600101 600300 600201 600102 600400 600301 600202 600103 610100 610200 610101 610300 610201 610102 620100 620200 620101 620300 620201 620102 630100 630200 630300 630101 630400 630201 630500 630301 700100 700200 700101 710100 710200 710101 710300 710201 710102 720100 720200 720101 720300 720201 720102 730100 730200 730101 730300 730201 730102 810100 810200 810101
21208 300100 300200 300101 300300 300201 300102 300400 300301 300202 300103 300500 300401 300302 300203 300104 300600 300501 300402 300303 300204 300105 300700 300601 300502 300403 300304 300205 300106 310100 310200 310101 310300 310201 310102 310400 310301 310202 310103 310500 310401 310302 310203 310104 310600 310501 310402 310303 310204 310105 310700 310601 310502 310403 310304 310205 310106 400100 400200 400101 400300 400201 400102 400400 400301 400202 400103 400500 400401 400302 400203 400104 400600 400501 400402 400303 400204 400105 410100 410200 410101 410300 410201 410102 410400 410301 410202 410103 410500 410401 410302 410203 410104 420100 420200 420300 420101 420400 420201 420500 420301 420102 500100 500200 500101 500300 500201 500102 500400 500301 500202 500103 510100 510200 510101 510300 510201 510102 510400 510301 510202 510103 510500 510401 510302 510203 510104 510600 510501 510402 510303 510204 510105 520100 520200 520101 520300 520201 520102 600100 600200 600101 600300 600201 600102 600400 600301 600202 600103 610100 610200 610101 620100 620200 620101 620300 620201 620102 620400 620301 620202 620103 630100 630200 630300 630101 630400 630201 630500 630301 700100 700200 700101 700300 700201 700102 710100 710200 710101 720100 720200 720101 720300 720201 720102 720400 720301 720202 720103 730100 730200 730101 800100 810100 810200 810101 810300 810201
27377 300100 300200 300101 300300 300201 300102 300400 300301 300202 300103 300500 300401 300302 300203 300104 300600 300501 300402 300303 300204 300105 300700 300601 300502 300403 300304 300205 300106 310100 310200 310101 310300 310201 310102 310400 310301 310202 310103 310500 310401 310302 310203 310104 310600 310501 310402 310303 310204 310105 310700 310601 310502 310403 310304 310205 310106 400100 400200 400101 400300 400201 400102 400400 400301 400202 400103 400500 400401 400302 400203 400104 400600 400501 400402 400303 400204 400105 410100 410200 410101 410300 410201 410102 410400 410301 410202 410103 410500 410401 410302 410203 410104 420100 420200 420300 420101 420400 420201 420500 420301 420102 500100 500200 500101 500300 500201 500102 500400 500301 500202 500103 500500 500401 500302 500203 500104 510100 510200 510101 510300 510201 510102 520100 520200 520101 520300 520201 520102 520400 520301 520202 520103 520500 520401 520302 520203 520104 600100 600200 600101 600300 600201 600102 600400 600301 600202 600103 610100 610200 610101 620100 620200 620101 620300 620201 620102 620400 620301 620202 620103 630100 630200 630300 630101 630400 630201 630500 630301 700100 700200 700101 710100 710200 710101 710300 710201 710102 710400 710301 710202 710103 710500 710401 710302 710203 710104 720100 730100 730200 730101 730300 730201 730102 800100 810100 810200 810101
12864 300100 300200 300101 300300 300201 300102 300400 300301 300202 300103 300500 300401 300302 300203 300104 300600 300501 300402 300303 300204 300105 300700 300601 300502 300403 300304 300205 300106 310100 310200 310101 310300 310201 310102 310400 310301 310202 310103 310500 310401 310302 310203 310104 310600 310501 310402 310303 310204 310105 310700 310601 310502 310403 310304 310205 310106 400100 400200 400101 400300 400201 400102 400400 400301 400202 400103 400500 400401 400302 400203 400104 400600 400501 400402 400303 400204 400105 400700 400601 400502 400403 400304 400205 400106 410100 410200 410101 410300 410201 410102 410400 410301 410202 410103 420100 420200 420300 420101 420400 420201 420500 420301 420102 500100 500200 500101 500300 500201 500102 500400 500301 500202 500103 500500 500401 500302 500203 500104 510100 510200 510101 510300 510201 510102 510400 510301 510202 510103 520100 520200 520101 520300 520201 520102 520400 520301 520202 520103 600100 600200 600101 600300 600201 600102 610100 610200 610101 610300 610201 610102 610400 610301 610202 610103 620100 620200 620101 630100 630200 630300 630101 630400 630201 630500 630301 630102 630600 630401 630202 630700 630501 630302 700100 710100 710200 710101 710300 710201 710102 710400 710301 710202 710103 720100 720200 720101 720300 720201 720102 720400 720301 720202 720103 730100 730200 730101 810100
25054 300100 300200 300101 300300 300201 300102 300400 300301 300202 300103 300500 300401 300302 300203 300104 300600 300501 300402 300303 300204 300105 310100 310200 310101 310300 310201 310102 310400 310301 310202 310103 310500 310401 310302 310203 310104 310600 310501 310402 310303 310204 310105 310700 310601 310502 310403 310304 310205 310106 310800 310701 310602 310503 310404 310305 310206 310107 400100 400200 400101 400300 400201 400102 400400 400301 400202 400103 400500 400401 400302 400203 400104 410100 410200 410101 410300 410201 410102 410400 410301 410202 410103 410500 410401 410302 410203 410104 420100 420200 420300 420101 420400 420201 420500 420301 420102 420600 420401 420202 420700 420501 420302 420103 500100 500200 500101 500300 500201 500102 510100 510200 510101 510300 510201 510102 510400 510301 510202 510103 510500 510401 510302 510203 510104 510600 510501 510402 510303 510204 510105 510700 510601 510502 510403 510304 510205 510106 520100 520200 520101 520300 520201 520102 600100 600200 600101 600300 600201 600102 610100 610200 610101 610300 610201 610102 610400 610301 610202 610103 620100 620200 620101 620300 620201 620102 630100 630200 630300 630101 630400 630201 630500 630301 700100 700200 700101 700300 700201 700102 710100 710200 710101 710300 710201 710102 720100 720200 720101 730100 730200 730101 730300 730201 730102 800100 800200 800101
19507 300100 300200 300101 300300 300201 300102 300400 300301 300202 300103 300500 300401 300302 300203 300104 300600 300501 300402 300303 300204 300105 300700 300601 300502 300403 300304 300205 300106 310100 310200 310101 310300 310201 310102 310400 310301 310202 310103 310500 310401 310302 310203 310104 310600 310501 310402 310303 310204 310105 310700 310601 310502 310403 310304 310205 310106 400100 400200 400101 400300 400201 400102 400400 400301 400202 400103 400500 400401 400302 400203 400104 400600 400501 400402 400303 400204 400105 410100 410200 410101 410300 410201 410102 410400 410301 410202 410103 410500 410401 410302 410203 410104 410600 410501 410402 410303 410204 410105 410700 410601 410502 410403 410304 410205 410106 420100 500100 500200 500101 500300 500201 500102 500400 500301 500202 500103 500500 500401 500302 500203 500104 510100 510200 510101 510300 510201 510102 510400 510301 510202 510103 520100 520200 520101 520300 520201 520102 520400 520301 520202 520103 600100 600200 600101 600300 600201 600102 600400 600301 600202 600103 610100 610200 610101 620100 620200 620101 620300 620201 620102 620400 620301 620202 620103 630100 630200 630300 630101 630400 630201 630500 630301 700100 700200 700101 710100 710200 710101 710300 710201 710102 710400 710301 710202 710103 720100 720200 720101 730100 730200 730101 730300 730201 730102 800100 810100 810200
10103 300100 300200 300101 300300 300201 300102 300400 300301 300202 300103 300500 300401 300302 300203 300104 300600 300501 300402 300303 300204 300105 300700 300601 300502 300403 300304 300205 300106 310100 310200 310101 310300 310201 310102 310400 310301 310202 310103 310500 310401 310302 310203 310104 310600 310501 310402 310303 310204 310105 310700 310601 310502 310403 310304 310205 310106 400100 400200 400101 400300 400201 400102 400400 400301 400202 400103 400500 400401 400302 400203 400104 400600 400501 400402 400303 400204 400105 400700 400601 400502 400403 400304 400205 400106 410100 410200 410101 410300 410201 410102 420100 420200 420300 420101 420400 420201 420500 420301 420102 420600 420401 420202 420700 420501 420302 420103 500100 500200 500101 500300 500201 500102 500400 500301 500202 500103 500500 500401 500302 500203 500104 510100 510200 510101 510300 510201 510102 510400 510301 510202 510103 520100 520200 520101 520300 520201 520102 520400 520301 520202 520103 600100 600200 600101 600300 600201 600102 600400 600301 600202 600103 610100 610200 610101 620100 620200 620101 620300 620201 620102 620400 620301 620202 620103 630100 630200 630300 630101 630400 630201 630500 630301 700100 700200 700101 710100 710200 710101 710300 710201 710102 710400 710301 710202 710103 720100 720200 720101 730100 730200 730101 730300 730201 730102 810100 810200 810101
29334 300100 300200 300101 300300 300201 300102 300400 300301 300202 300103 300500 300401 300302 300203 300104 300600 300501 300402 300303 300204 300105 310100 310200 310101 310300 310201 310102 310400 310301 310202 310103 310500 310401 310302 310203 310104 310600 310501 310402 310303 310204 310105 310700 310601 310502 310403 310304 310205 310106 310800 310701 310602 310503 310404 310305 310206 310107 400100 400200 400101 400300 400201 400102 400400 400301 400202 400103 400500 400401 400302 400203 400104 410100 410200 410101 410300 410201 410102 410400 410301 410202 410103 410500 410401 410302 410203 410104 410600 410501 410402 410303 410204 410105 420100 420200 420300 420101 420400 420201 420500 420301 420102 500100 500200 500101 500300 500201 500102 500400 500301 500202 500103 510100 510200 510101 510300 510201 510102 510400 510301 510202 510103 510500 510401 510302 510203 510104 520100 520200 520101 520300 520201 520102 520400 520301 520202 520103 600100 600200 600101 600300 600201 600102 600400 600301 600202 600103 610100 610200 610101 620100 620200 620101 620300 620201 620102 620400 620301 620202 620103 620500 620401 620302 620203 620104 630100 630200 630300 700100 700200 700101 700300 700201 700102 710100 710200 710101 710300 710201 710102 710400 710301 710202 710103 720100 720200 720101 730100 730200 730101 800100 800200 800101 800300 800201 800102 800400
10217 300100 300200 300101 300300 300201 300102 300400 300301 300202 300103 300500 300401 300302 300203 300104 300600 300501 300402 300303 300204 300105 300700 300601 300502 300403 300304 300205 300106 310100 310200 310101 310300 310201 310102 310400 310301 310202 310103 310500 310401 310302 310203 310104 310600 310501 310402 310303 310204 310105 310700 310601 310502 310403 310304 310205 310106 400100 400200 400101 400300 400201 400102 400400 400301 400202 400103 400500 400401 400302 400203 400104 400600 400501 400402 400303 400204 400105 410100 410200 410101 410300 410201 410102 410400 410301 410202 410103 410500 410401 410302 410203 410104 410600 410501 410402 410303 410204 410105 420100 420200 420300 420101 500100 500200 500101 500300 500201 500102 500400 500301 500202 500103 500500 500401 500302 500203 500104 510100 510200 510101 510300 510201 510102 510400 510301 510202 510103 520100 520200 520101 520300 520201 520102 520400 520301 520202 520103 600100 600200 600101 600300 600201 600102 600400 600301 600202 600103 610100 610200 610101 610300 610201 610102 620100 620200 620101 620300 620201 620102 630100 630200 630300 630101 630400 630201 630500 630301 700100 700200 700101 710100 710200 710101 710300 710201 710102 710400 710301 710202 710103 710500 710401 710302 710203 710104 720100 720200 720101 720300 720201 720102 720400 720301 720202 720103 800100 800200
11655 300100 300200 300101 300300 300201 300102 300400 300301 300202 300103 300500 300401 300302 300203 300104 300600 300501 300402 300303 300204 300105 300700 300601 300502 300403 300304 300205 300106 300800 300701 300602 300503 300404 300305 300206 300107 310100 310200 310101 310300 310201 310102 310400 310301 310202 310103 310500 310401 310302 310203 310104 310600 310501 310402 310303 310204 310105 400100 400200 400101 400300 400201 400102 400400 400301 400202 400103 400500 400401 400302 400203 400104 400600 400501 400402 400303 400204 400105 410100 410200 410101 410300 410201 410102 410400 410301 410202 410103 410500 410401 410302 410203 410104 420100 420200 420300 420101 420400 420201 420500 420301 420102 500100 500200 500101 500300 500201 500102 500400 500301 500202 500103 510100 510200 510101 510300 510201 510102 510400 510301 510202 510103 510500 510401 510302 510203 510104 520100 520200 520101 520300 520201 520102 520400 520301 520202 520103 600100 600200 600101 600300 600201 600102 610100 610200 610101 610300 610201 610102 620100 620200 620101 620300 620201 620102 620400 620301 620202 620103 620500 620401 620302 620203 620104 630100 630200 630300 700100 700200 700101 710100 710200 710101 710300 710201 710102 720100 720200 720101 720300 720201 720102 720400 720301 720202 720103 720500 720401 720302 720203 720104 730100 800100 800200 800101 800300 800201
5267 300100 300200 300101 300300 300201 300102 300400 300301 300202 300103 300500 300401 300302 300203 300104 300600 300501 300402 300303 300204 300105 300700 300601 300502 300403 300304 300205 300106 310100 310200 310101 310300 310201 310102 310400 310301 310202 310103 310500 310401 310302 310203 310104 310600 310501 310402 310303 310204 310105 310700 310601 310502 310403 310304 310205 310106 400100 400200 400101 400300 400201 400102 400400 400301 400202 400103 400500 400401 400302 400203 400104 400600 400501 400402 400303 400204 400105 410100 410200 410101 410300 410201 410102 410400 410301 410202 410103 410500 410401 410302 410203 410104 420100 420200 420300 420101 420400 420201 420500 420301 420102 500100 500200 500101 500300 500201 500102 500400 500301 500202 500103 510100 510200 510101 510300 510201 510102 510400 510301 510202 510103 510500 510401 510302 510203 510104 510600 510501 510402 510303 510204 510105 520100 520200 520101 520300 520201 520102 600100 600200 600101 600300 600201 600102 600400 600301 600202 600103 610100 610200 610101 620100 620200 620101 620300 620201 620102 620400 620301 620202 620103 630100 630200 630300 630101 630400 630201 630500 630301 700100 700200 700101 710100 710200 710101 710300 710201 710102 710400 710301 710202 710103 710500 710401 710302 710203 710104 720100 720200 720101 720300 720201 720102 720400 720301 720202 720103
