1643 109 8 0 0 0 0 2 2 8 0 0 0 0 2 2 8 0 0 0 0 2 2 8 0 0 0 0 2 2 8 0 2 0 0 0 2 16 0 0 0 0 0 3 21 0 0 2 0 0 0 32 0 0 0 0 0 1
1643 113 8 0 0 0 0 2 2 8 0 0 0 0 2 2 8 0 0 0 0 2 2 8 0 0 0 0 2 2 8 0 2 0 0 0 2 16 0 0 0 0 0 3 25 0 0 2 0 0 0 32 0 0 0 0 0 1
1643 113 8 0 0 0 0 2 2 8 0 0 0 0 2 2 8 0 0 0 0 2 2 8 0 0 0 0 2 2 8 0 2 0 0 0 2 16 0 0 2 0 0 1 25 0 0 0 0 0 2 32 0 0 0 0 0 1
1643 111 8 0 0 0 0 2 2 8 0 0 0 0 2 2 8 0 0 0 0 2 2 8 0 0 0 0 2 2 8 0 2 0 0 0 2 21 0 0 2 0 0 0 25 0 0 0 0 0 2 25 0 0 0 0 0 2
1643 113 8 0 0 0 0 2 2 8 0 0 0 0 2 2 8 0 0 0 0 2 2 8 0 0 0 0 2 2 8 0 2 2 0 0 0 16 0 0 0 0 0 3 25 0 0 0 0 0 2 32 0 0 0 0 0 1
1643 111 8 0 0 0 0 2 2 8 0 0 0 0 2 2 8 0 0 0 0 2 2 8 0 0 0 0 2 2 10 0 0 0 0 0 4 16 0 0 2 0 0 1 21 0 2 0 0 0 0 32 0 0 0 0 0 1
1643 111 8 0 0 0 0 2 2 8 0 0 0 0 2 2 8 0 0 0 0 2 2 8 0 0 0 0 2 2 10 0 0 0 0 0 4 16 0 1 0 0 0 2 21 0 0 2 0 0 0 32 0 1 0 0 0 0
1643 111 8 0 0 0 0 2 2 8 0 0 0 0 2 2 8 0 0 0 0 2 2 8 0 0 0 0 2 2 10 0 0 0 0 0 4 16 0 2 0 0 0 1 21 0 0 2 0 0 0 32 0 0 0 0 0 1
1643 109 8 0 0 0 0 2 2 8 0 0 0 0 2 2 8 0 0 0 0 2 2 8 0 0 0 0 2 2 10 0 0 0 0 0 4 21 0 0 2 0 0 0 21 0 2 0 0 0 0 25 0 0 0 0 0 2
1643 113 8 0 0 0 0 2 2 8 0 0 0 0 2 2 8 0 0 0 0 2 2 8 0 0 0 0 2 2 10 0 0 0 0 0 4 21 0 0 2 0 0 0 25 0 0 0 0 0 2 25 0 2 0 0 0 0
1643 113 8 0 0 0 0 2 2 8 0 0 0 0 2 2 8 0 0 0 0 2 2 8 0 0 0 0 2 2 10 0 0 0 0 0 4 21 0 0 2 0 0 0 25 0 1 0 0 0 1 25 0 1 0 0 0 1
1643 113 8 0 0 0 0 2 2 8 0 0 0 0 2 2 8 0 0 0 0 2 2 8 0 0 0 0 2 2 10 0 0 0 0 0 4 21 0 2 0 0 0 0 25 0 0 0 0 0 2 25 0 0 2 0 0 0
1643 111 8 0 0 0 0 2 2 8 0 0 0 0 2 2 8 0 0 0 0 2 2 8 0 0 0 0 2 2 10 0 0 2 0 0 2 16 0 0 0 0 0 3 21 0 2 0 0 0 0 32 0 0 0 0 0 1
1643 113 8 0 0 0 0 2 2 8 0 0 0 0 2 2 8 0 0 0 0 2 2 8 0 0 0 0 2 2 10 0 0 2 0 0 2 21 0 2 0 0 0 0 25 0 0 0 0 0 2 25 0 0 0 0 0 2
1643 112 8 0 0 0 0 2 2 8 0 0 0 0 2 2 8 0 0 0 0 2 2 8 0 0 0 0 2 2 16 0 0 0 0 0 3 16 0 0 0 0 0 3 16 0 1 2 0 0 0 32 0 1 0 0 0 0
1643 106 8 0 0 0 0 2 2 8 0 0 0 0 2 2 8 0 0 0 0 2 2 8 0 0 0 0 2 2 16 0 0 0 0 0 3 16 0 0 0 0 0 3 21 0 0 2 0 0 0 21 0 2 0 0 0 0
1643 110 8 0 0 0 0 2 2 8 0 0 0 0 2 2 8 0 0 0 0 2 2 8 0 0 0 0 2 2 16 0 0 0 0 0 3 16 0 0 0 0 0 3 21 0 0 2 0 0 0 25 0 2 0 0 0 0
1643 110 8 0 0 0 0 2 2 8 0 0 0 0 2 2 8 0 0 0 0 2 2 8 0 0 0 0 2 2 16 0 0 0 0 0 3 16 0 0 0 0 0 3 21 0 2 0 0 0 0 25 0 0 2 0 0 0
1643 112 8 0 0 0 0 2 2 8 0 0 0 0 2 2 8 0 0 0 0 2 2 8 0 0 0 0 2 2 16 0 0 0 0 0 3 16 0 0 2 0 0 1 16 0 1 0 0 0 2 32 0 1 0 0 0 0
1643 112 8 0 0 0 0 2 2 8 0 0 0 0 2 2 8 0 0 0 0 2 2 8 0 0 0 0 2 2 16 0 0 0 0 0 3 16 0 0 2 0 0 1 16 0 2 0 0 0 1 32 0 0 0 0 0 1
1643 110 8 0 0 0 0 2 2 8 0 0 0 0 2 2 8 0 0 0 0 2 2 8 0 0 0 0 2 2 16 0 0 0 0 0 3 16 0 0 2 0 0 1 21 0 2 0 0 0 0 25 0 0 0 0 0 2
1643 112 8 0 0 0 0 2 2 8 0 0 0 0 2 2 8 0 0 0 0 2 2 8 0 0 0 0 2 2 16 0 0 0 0 0 3 16 0 1 0 0 0 2 16 0 1 2 0 0 0 32 0 0 0 0 0 1
1643 110 8 0 0 0 0 2 2 8 0 0 0 0 2 2 8 0 0 0 0 2 2 8 0 0 0 0 2 2 16 0 0 0 0 0 3 16 0 1 0 0 0 2 21 0 0 2 0 0 0 25 0 1 0 0 0 1
1643 110 8 0 0 0 0 2 2 8 0 0 0 0 2 2 8 0 0 0 0 2 2 8 0 0 0 0 2 2 16 0 0 0 0 0 3 16 0 2 0 0 0 1 21 0 0 2 0 0 0 25 0 0 0 0 0 2
1643 113 8 0 0 0 0 2 2 8 0 0 0 0 2 2 8 0 0 0 0 2 2 8 0 0 0 0 2 2 16 0 0 0 0 0 3 19 0 0 2 0 0 1 21 0 2 0 0 0 0 25 0 0 0 0 0 2
1643 113 8 0 0 0 0 2 2 8 0 0 0 0 2 2 8 0 0 0 0 2 2 8 0 0 0 0 2 2 16 0 0 0 0 0 3 19 0 2 0 0 0 1 21 0 0 2 0 0 0 25 0 0 0 0 0 2
1643 112 8 0 0 0 0 2 2 8 0 0 0 0 2 2 8 0 0 0 0 2 2 8 0 0 0 0 2 2 16 0 0 2 0 0 1 16 0 1 0 0 0 2 16 0 1 0 0 0 2 32 0 0 0 0 0 1
1643 110 8 0 0 0 0 2 2 8 0 0 0 0 2 2 8 0 0 0 0 2 2 8 0 0 0 0 2 2 16 0 1 0 0 0 2 16 0 1 0 0 0 2 21 0 0 2 0 0 0 25 0 0 0 0 0 2
1643 113 8 0 0 0 0 2 2 8 0 0 0 0 2 2 8 0 0 0 0 2 2 8 0 0 2 0 2 0 8 0 2 0 0 0 2 16 0 0 0 0 0 3 25 0 0 0 0 0 2 32 0 0 0 0 0 1
1643 111 8 0 0 0 0 2 2 8 0 0 0 0 2 2 8 0 0 0 0 2 2 8 0 0 2 0 2 0 10 0 0 0 0 0 4 16 0 0 0 0 0 3 21 0 2 0 0 0 0 32 0 0 0 0 0 1
1643 113 8 0 0 0 0 2 2 8 0 0 0 0 2 2 8 0 0 0 0 2 2 8 0 0 2 0 2 0 10 0 0 0 0 0 4 21 0 2 0 0 0 0 25 0 0 0 0 0 2 25 0 0 0 0 0 2
1643 112 8 0 0 0 0 2 2 8 0 0 0 0 2 2 8 0 0 0 0 2 2 8 0 0 2 0 2 0 16 0 0 0 0 0 3 16 0 0 0 0 0 3 16 0 1 0 0 0 2 32 0 1 0 0 0 0
1643 112 8 0 0 0 0 2 2 8 0 0 0 0 2 2 8 0 0 0 0 2 2 8 0 0 2 0 2 0 16 0 0 0 0 0 3 16 0 0 0 0 0 3 16 0 2 0 0 0 1 32 0 0 0 0 0 1
1643 110 8 0 0 0 0 2 2 8 0 0 0 0 2 2 8 0 0 0 0 2 2 8 0 0 2 0 2 0 16 0 0 0 0 0 3 16 0 0 0 0 0 3 21 0 2 0 0 0 0 25 0 0 0 0 0 2
1643 112 8 0 0 0 0 2 2 8 0 0 0 0 2 2 8 0 0 0 0 2 2 8 0 0 2 0 2 0 16 0 0 0 0 0 3 16 0 1 0 0 0 2 16 0 1 0 0 0 2 32 0 0 0 0 0 1
1643 111 8 0 0 0 0 2 2 8 0 0 0 0 2 2 8 0 0 0 0 2 2 8 0 2 0 0 0 2 10 0 0 0 0 0 4 16 0 0 0 0 2 1 21 0 0 2 0 0 0 32 0 0 0 0 0 1
1643 113 8 0 0 0 0 2 2 8 0 0 0 0 2 2 8 0 0 0 0 2 2 8 0 2 0 0 0 2 10 0 0 0 0 0 4 21 0 0 2 0 0 0 25 0 0 0 0 0 2 25 0 0 0 0 2 0
1643 110 8 0 0 0 0 2 2 8 0 0 0 0 2 2 8 0 0 0 0 2 2 8 0 2 0 0 0 2 16 0 0 0 0 0 3 16 0 0 0 0 0 3 21 0 0 2 0 0 0 25 0 0 0 0 2 0
1643 112 8 0 0 0 0 2 2 8 0 0 0 0 2 2 8 0 0 0 0 2 2 8 0 2 0 0 0 2 16 0 0 0 0 0 3 16 0 0 0 0 2 1 16 0 0 2 0 0 1 32 0 0 0 0 0 1
1643 110 8 0 0 0 0 2 2 8 0 0 0 0 2 2 8 0 0 0 0 2 2 8 0 2 0 0 0 2 16 0 0 0 0 0 3 16 0 0 0 0 2 1 21 0 0 2 0 0 0 25 0 0 0 0 0 2
1643 111 8 0 0 0 0 2 2 8 0 0 0 0 2 2 8 0 0 0 0 2 2 8 0 2 0 0 2 0 10 0 0 0 0 0 4 16 0 0 0 0 0 3 21 0 0 2 0 0 0 32 0 0 0 0 0 1
1643 113 8 0 0 0 0 2 2 8 0 0 0 0 2 2 8 0 0 0 0 2 2 8 0 2 0 0 2 0 10 0 0 0 0 0 4 21 0 0 2 0 0 0 25 0 0 0 0 0 2 25 0 0 0 0 0 2
1643 112 8 0 0 0 0 2 2 8 0 0 0 0 2 2 8 0 0 0 0 2 2 8 0 2 0 0 2 0 16 0 0 0 0 0 3 16 0 0 0 0 0 3 16 0 0 2 0 0 1 32 0 0 0 0 0 1
1643 110 8 0 0 0 0 2 2 8 0 0 0 0 2 2 8 0 0 0 0 2 2 8 0 2 0 0 2 0 16 0 0 0 0 0 3 16 0 0 0 0 0 3 21 0 0 2 0 0 0 25 0 0 0 0 0 2
1643 112 8 0 0 0 0 2 2 8 0 0 0 0 2 2 8 0 0 0 0 2 2 8 0 2 2 0 0 0 16 0 0 0 0 0 3 16 0 0 0 0 0 3 16 0 0 0 0 2 1 32 0 0 0 0 0 1
1643 113 8 0 0 0 0 2 2 8 0 0 0 0 2 2 8 0 0 0 0 2 2 10 0 0 0 0 0 4 10 0 0 0 0 0 4 16 0 1 0 0 2 0 21 0 0 2 0 0 0 32 0 1 0 0 0 0
1643 111 8 0 0 0 0 2 2 8 0 0 0 0 2 2 8 0 0 0 0 2 2 10 0 0 0 0 0 4 10 0 0 0 0 0 4 21 0 0 2 0 0 0 21 0 2 0 0 0 0 25 0 0 0 0 2 0
1643 113 8 0 0 0 0 2 2 8 0 0 0 0 2 2 8 0 0 0 0 2 2 10 0 0 0 0 0 4 10 0 0 2 0 0 2 16 0 0 0 0 2 1 21 0 2 0 0 0 0 32 0 0 0 0 0 1
1643 108 8 0 0 0 0 2 2 8 0 0 0 0 2 2 8 0 0 0 0 2 2 10 0 0 0 0 0 4 16 0 0 0 0 0 3 16 0 0 0 0 2 1 21 0 0 2 0 0 0 21 0 2 0 0 0 0
1643 112 8 0 0 0 0 2 2 8 0 0 0 0 2 2 8 0 0 0 0 2 2 10 0 0 0 0 0 4 16 0 0 0 0 0 3 16 0 0 0 0 2 1 21 0 0 2 0 0 0 25 0 2 0 0 0 0
1643 112 8 0 0 0 0 2 2 8 0 0 0 0 2 2 8 0 0 0 0 2 2 10 0 0 0 0 0 4 16 0 0 0 0 0 3 16 0 0 0 0 2 1 21 0 2 0 0 0 0 25 0 0 2 0 0 0
1643 112 8 0 0 0 0 2 2 8 0 0 0 0 2 2 8 0 0 0 0 2 2 10 0 0 0 0 0 4 16 0 0 0 0 0 3 16 0 0 2 0 0 1 21 0 2 0 0 0 0 25 0 0 0 0 2 0
1643 112 8 0 0 0 0 2 2 8 0 0 0 0 2 2 8 0 0 0 0 2 2 10 0 0 0 0 0 4 16 0 0 0 0 0 3 16 0 1 0 0 2 0 21 0 0 2 0 0 0 25 0 1 0 0 0 1
1643 112 8 0 0 0 0 2 2 8 0 0 0 0 2 2 8 0 0 0 0 2 2 10 0 0 0 0 0 4 16 0 0 0 0 0 3 16 0 2 0 0 0 1 21 0 0 2 0 0 0 25 0 0 0 0 2 0
1643 112 8 0 0 0 0 2 2 8 0 0 0 0 2 2 8 0 0 0 0 2 2 10 0 0 0 0 0 4 16 0 0 0 0 2 1 16 0 0 2 0 0 1 21 0 2 0 0 0 0 25 0 0 0 0 0 2
1643 112 8 0 0 0 0 2 2 8 0 0 0 0 2 2 8 0 0 0 0 2 2 10 0 0 0 0 0 4 16 0 0 0 0 2 1 16 0 1 0 0 0 2 21 0 0 2 0 0 0 25 0 1 0 0 0 1
1643 112 8 0 0 0 0 2 2 8 0 0 0 0 2 2 8 0 0 0 0 2 2 10 0 0 0 0 0 4 16 0 0 0 0 2 1 16 0 2 0 0 0 1 21 0 0 2 0 0 0 25 0 0 0 0 0 2
1643 112 8 0 0 0 0 2 2 8 0 0 0 0 2 2 8 0 0 0 0 2 2 10 0 0 0 0 0 4 16 0 1 0 0 0 2 16 0 1 0 0 0 2 21 0 0 2 0 0 0 25 0 0 0 0 2 0
1643 112 8 0 0 0 0 2 2 8 0 0 0 0 2 2 8 0 0 0 0 2 2 10 0 0 0 0 0 4 16 0 1 0 0 0 2 16 0 1 0 0 2 0 21 0 0 2 0 0 0 25 0 0 0 0 0 2
1643 112 8 0 0 0 0 2 2 8 0 0 0 0 2 2 8 0 0 0 0 2 2 10 0 0 2 0 0 2 16 0 0 0 0 0 3 16 0 0 0 0 0 3 21 0 2 0 0 0 0 25 0 0 0 0 2 0
1643 112 8 0 0 0 0 2 2 8 0 0 0 0 2 2 8 0 0 0 0 2 2 10 0 0 2 0 0 2 16 0 0 0 0 0 3 16 0 0 0 0 2 1 21 0 2 0 0 0 0 25 0 0 0 0 0 2
1643 109 8 0 0 0 0 2 2 8 0 0 0 0 2 2 8 0 0 0 0 2 2 16 0 0 0 0 0 3 16 0 0 0 0 0 3 16 0 0 0 0 2 1 16 0 0 2 0 0 1 21 0 2 0 0 0 0
1643 113 8 0 0 0 0 2 2 8 0 0 0 0 2 2 8 0 0 0 0 2 2 16 0 0 0 0 0 3 16 0 0 0 0 0 3 16 0 0 0 0 2 1 16 0 0 2 0 0 1 25 0 2 0 0 0 0
1643 113 8 0 0 0 0 2 2 8 0 0 0 0 2 2 8 0 0 0 0 2 2 16 0 0 0 0 0 3 16 0 0 0 0 0 3 16 0 0 0 0 2 1 16 0 1 2 0 0 0 25 0 1 0 0 0 1
1643 109 8 0 0 0 0 2 2 8 0 0 0 0 2 2 8 0 0 0 0 2 2 16 0 0 0 0 0 3 16 0 0 0 0 0 3 16 0 0 0 0 2 1 16 0 2 0 0 0 1 21 0 0 2 0 0 0
1643 113 8 0 0 0 0 2 2 8 0 0 0 0 2 2 8 0 0 0 0 2 2 16 0 0 0 0 0 3 16 0 0 0 0 0 3 16 0 0 0 0 2 1 16 0 2 0 0 0 1 25 0 0 2 0 0 0
1643 112 8 0 0 0 0 2 2 8 0 0 0 0 2 2 8 0 0 0 0 2 2 16 0 0 0 0 0 3 16 0 0 0 0 0 3 16 0 0 0 0 2 1 19 0 0 2 0 0 1 21 0 2 0 0 0 0
1643 112 8 0 0 0 0 2 2 8 0 0 0 0 2 2 8 0 0 0 0 2 2 16 0 0 0 0 0 3 16 0 0 0 0 0 3 16 0 0 0 0 2 1 19 0 2 0 0 0 1 21 0 0 2 0 0 0
1643 113 8 0 0 0 0 2 2 8 0 0 0 0 2 2 8 0 0 0 0 2 2 16 0 0 0 0 0 3 16 0 0 0 0 0 3 16 0 0 2 0 0 1 16 0 1 0 0 2 0 25 0 1 0 0 0 1
1643 113 8 0 0 0 0 2 2 8 0 0 0 0 2 2 8 0 0 0 0 2 2 16 0 0 0 0 0 3 16 0 0 0 0 0 3 16 0 0 2 0 0 1 16 0 2 0 0 0 1 25 0 0 0 0 2 0
1643 109 8 0 0 0 0 2 2 8 0 0 0 0 2 2 8 0 0 0 0 2 2 16 0 0 0 0 0 3 16 0 0 0 0 0 3 16 0 1 0 0 0 2 16 0 1 0 0 2 0 21 0 0 2 0 0 0
1643 113 8 0 0 0 0 2 2 8 0 0 0 0 2 2 8 0 0 0 0 2 2 16 0 0 0 0 0 3 16 0 0 0 0 0 3 16 0 1 0 0 0 2 16 0 1 0 0 2 0 25 0 0 2 0 0 0
1643 113 8 0 0 0 0 2 2 8 0 0 0 0 2 2 8 0 0 0 0 2 2 16 0 0 0 0 0 3 16 0 0 0 0 0 3 16 0 1 0 0 0 2 16 0 1 2 0 0 0 25 0 0 0 0 2 0
1643 113 8 0 0 0 0 2 2 8 0 0 0 0 2 2 8 0 0 0 0 2 2 16 0 0 0 0 0 3 16 0 0 0 0 0 3 16 0 1 0 0 2 0 16 0 1 2 0 0 0 25 0 0 0 0 0 2
1643 113 8 0 0 0 0 2 2 8 0 0 0 0 2 2 8 0 0 0 0 2 2 16 0 0 0 0 0 3 16 0 0 0 0 2 1 16 0 0 2 0 0 1 16 0 1 0 0 0 2 25 0 1 0 0 0 1
1643 113 8 0 0 0 0 2 2 8 0 0 0 0 2 2 8 0 0 0 0 2 2 16 0 0 0 0 0 3 16 0 0 0 0 2 1 16 0 0 2 0 0 1 16 0 2 0 0 0 1 25 0 0 0 0 0 2
1643 109 8 0 0 0 0 2 2 8 0 0 0 0 2 2 8 0 0 0 0 2 2 16 0 0 0 0 0 3 16 0 0 0 0 2 1 16 0 1 0 0 0 2 16 0 1 0 0 0 2 21 0 0 2 0 0 0
1643 113 8 0 0 0 0 2 2 8 0 0 0 0 2 2 8 0 0 0 0 2 2 16 0 0 0 0 0 3 16 0 0 0 0 2 1 16 0 1 0 0 0 2 16 0 1 0 0 0 2 25 0 0 2 0 0 0
1643 113 8 0 0 0 0 2 2 8 0 0 0 0 2 2 8 0 0 0 0 2 2 16 0 0 0 0 0 3 16 0 0 0 0 2 1 16 0 1 0 0 0 2 16 0 1 2 0 0 0 25 0 0 0 0 0 2
1643 113 8 0 0 0 0 2 2 8 0 0 0 0 2 2 8 0 0 0 0 2 2 16 0 0 0 0 0 3 16 0 0 2 0 0 1 16 0 1 0 0 0 2 16 0 1 0 0 0 2 25 0 0 0 0 2 0
1643 113 8 0 0 0 0 2 2 8 0 0 0 0 2 2 8 0 0 0 0 2 2 16 0 0 0 0 0 3 16 0 0 2 0 0 1 16 0 1 0 0 0 2 16 0 1 0 0 2 0 25 0 0 0 0 0 2
1643 113 8 0 0 0 0 2 2 8 0 0 0 0 2 2 8 0 0 0 0 2 2 16 0 0 0 0 2 1 16 0 0 2 0 0 1 16 0 1 0 0 0 2 16 0 1 0 0 0 2 25 0 0 0 0 0 2
1643 112 8 0 0 0 0 2 2 8 0 0 0 0 2 2 8 0 0 2 0 2 0 8 0 2 0 0 0 2 16 0 0 0 0 0 3 16 0 0 0 0 0 3 16 0 0 0 0 2 1 32 0 0 0 0 0 1
1643 112 8 0 0 0 0 2 2 8 0 0 0 0 2 2 8 0 0 2 0 2 0 8 0 2 0 0 2 0 16 0 0 0 0 0 3 16 0 0 0 0 0 3 16 0 0 0 0 0 3 32 0 0 0 0 0 1
1643 113 8 0 0 0 0 2 2 8 0 0 0 0 2 2 8 0 0 2 0 2 0 10 0 0 0 0 0 4 10 0 0 0 0 0 4 16 0 0 0 0 2 1 21 0 2 0 0 0 0 32 0 0 0 0 0 1
1643 112 8 0 0 0 0 2 2 8 0 0 0 0 2 2 8 0 0 2 0 2 0 10 0 0 0 0 0 4 16 0 0 0 0 0 3 16 0 0 0 0 0 3 21 0 2 0 0 0 0 25 0 0 0 0 2 0
1643 112 8 0 0 0 0 2 2 8 0 0 0 0 2 2 8 0 0 2 0 2 0 10 0 0 0 0 0 4 16 0 0 0 0 0 3 16 0 0 0 0 2 1 21 0 2 0 0 0 0 25 0 0 0 0 0 2
1643 109 8 0 0 0 0 2 2 8 0 0 0 0 2 2 8 0 0 2 0 2 0 16 0 0 0 0 0 3 16 0 0 0 0 0 3 16 0 0 0 0 0 3 16 0 0 0 0 2 1 21 0 2 0 0 0 0
1643 113 8 0 0 0 0 2 2 8 0 0 0 0 2 2 8 0 0 2 0 2 0 16 0 0 0 0 0 3 16 0 0 0 0 0 3 16 0 0 0 0 0 3 16 0 0 0 0 2 1 25 0 2 0 0 0 0
1643 113 8 0 0 0 0 2 2 8 0 0 0 0 2 2 8 0 0 2 0 2 0 16 0 0 0 0 0 3 16 0 0 0 0 0 3 16 0 0 0 0 0 3 16 0 1 0 0 2 0 25 0 1 0 0 0 1
1643 113 8 0 0 0 0 2 2 8 0 0 0 0 2 2 8 0 0 2 0 2 0 16 0 0 0 0 0 3 16 0 0 0 0 0 3 16 0 0 0 0 0 3 16 0 2 0 0 0 1 25 0 0 0 0 2 0
1643 113 8 0 0 0 0 2 2 8 0 0 0 0 2 2 8 0 0 2 0 2 0 16 0 0 0 0 0 3 16 0 0 0 0 0 3 16 0 0 0 0 2 1 16 0 1 0 0 0 2 25 0 1 0 0 0 1
1643 113 8 0 0 0 0 2 2 8 0 0 0 0 2 2 8 0 0 2 0 2 0 16 0 0 0 0 0 3 16 0 0 0 0 0 3 16 0 0 0 0 2 1 16 0 2 0 0 0 1 25 0 0 0 0 0 2
1643 113 8 0 0 0 0 2 2 8 0 0 0 0 2 2 8 0 0 2 0 2 0 16 0 0 0 0 0 3 16 0 0 0 0 0 3 16 0 1 0 0 0 2 16 0 1 0 0 0 2 25 0 0 0 0 2 0
1643 113 8 0 0 0 0 2 2 8 0 0 0 0 2 2 8 0 0 2 0 2 0 16 0 0 0 0 0 3 16 0 0 0 0 0 3 16 0 1 0 0 0 2 16 0 1 0 0 2 0 25 0 0 0 0 0 2
1643 113 8 0 0 0 0 2 2 8 0 0 0 0 2 2 8 0 0 2 0 2 0 16 0 0 0 0 0 3 16 0 0 0 0 2 1 16 0 1 0 0 0 2 16 0 1 0 0 0 2 25 0 0 0 0 0 2
1643 113 8 0 0 0 0 2 2 8 0 0 0 0 2 2 8 0 2 0 0 0 2 10 0 0 0 0 0 4 10 0 0 0 0 4 0 16 0 0 0 0 0 3 21 0 0 2 0 0 0 32 0 0 0 0 0 1
1643 112 8 0 0 0 0 2 2 8 0 0 0 0 2 2 8 0 2 0 0 0 2 10 0 0 0 0 0 4 16 0 0 0 0 0 3 16 0 0 0 0 2 1 21 0 0 2 0 0 0 25 0 0 0 0 2 0
1643 112 8 0 0 0 0 2 2 8 0 0 0 0 2 2 8 0 2 0 0 0 2 10 0 0 0 0 0 4 16 0 0 0 0 2 1 16 0 0 0 0 2 1 21 0 0 2 0 0 0 25 0 0 0 0 0 2
1643 112 8 0 0 0 0 2 2 8 0 0 0 0 2 2 8 0 2 0 0 0 2 10 0 0 0 0 4 0 16 0 0 0 0 0 3 16 0 0 0 0 0 3 21 0 0 2 0 0 0 25 0 0 0 0 0 2
1643 109 8 0 0 0 0 2 2 8 0 0 0 0 2 2 8 0 2 0 0 0 2 16 0 0 0 0 0 3 16 0 0 0 0 0 3 16 0 0 0 0 2 1 16 0 0 0 0 2 1 21 0 0 2 0 0 0
1643 113 8 0 0 0 0 2 2 8 0 0 0 0 2 2 8 0 2 0 0 0 2 16 0 0 0 0 0 3 16 0 0 0 0 0 3 16 0 0 0 0 2 1 16 0 0 0 0 2 1 25 0 0 2 0 0 0
1643 113 8 0 0 0 0 2 2 8 0 0 0 0 2 2 8 0 2 0 0 0 2 16 0 0 0 0 0 3 16 0 0 0 0 0 3 16 0 0 0 0 2 1 16 0 0 2 0 0 1 25 0 0 0 0 2 0
1643 113 8 0 0 0 0 2 2 8 0 0 0 0 2 2 8 0 2 0 0 0 2 16 0 0 0 0 0 3 16 0 0 0 0 2 1 16 0 0 0 0 2 1 16 0 0 2 0 0 1 25 0 0 0 0 0 2
1643 113 8 0 0 0 0 2 2 8 0 0 0 0 2 2 8 0 2 0 0 2 0 10 0 0 0 0 0 4 10 0 0 0 0 0 4 16 0 0 0 0 2 1 21 0 0 2 0 0 0 32 0 0 0 0 0 1
1643 112 8 0 0 0 0 2 2 8 0 0 0 0 2 2 8 0 2 0 0 2 0 10 0 0 0 0 0 4 16 0 0 0 0 0 3 16 0 0 0 0 0 3 21 0 0 2 0 0 0 25 0 0 0 0 2 0
1643 112 8 0 0 0 0 2 2 8 0 0 0 0 2 2 8 0 2 0 0 2 0 10 0 0 0 0 0 4 16 0 0 0 0 0 3 16 0 0 0 0 2 1 21 0 0 2 0 0 0 25 0 0 0 0 0 2
1643 109 8 0 0 0 0 2 2 8 0 0 0 0 2 2 8 0 2 0 0 2 0 16 0 0 0 0 0 3 16 0 0 0 0 0 3 16 0 0 0 0 0 3 16 0 0 0 0 2 1 21 0 0 2 0 0 0
1643 113 8 0 0 0 0 2 2 8 0 0 0 0 2 2 8 0 2 0 0 2 0 16 0 0 0 0 0 3 16 0 0 0 0 0 3 16 0 0 0 0 0 3 16 0 0 0 0 2 1 25 0 0 2 0 0 0
1643 113 8 0 0 0 0 2 2 8 0 0 0 0 2 2 8 0 2 0 0 2 0 16 0 0 0 0 0 3 16 0 0 0 0 0 3 16 0 0 0 0 0 3 16 0 0 2 0 0 1 25 0 0 0 0 2 0
1643 113 8 0 0 0 0 2 2 8 0 0 0 0 2 2 8 0 2 0 0 2 0 16 0 0 0 0 0 3 16 0 0 0 0 0 3 16 0 0 0 0 2 1 16 0 0 2 0 0 1 25 0 0 0 0 0 2
1643 113 8 0 0 0 0 2 2 8 0 0 0 0 2 2 8 0 2 2 0 0 0 16 0 0 0 0 0 3 16 0 0 0 0 0 3 16 0 0 0 0 0 3 16 0 0 0 0 2 1 25 0 0 0 0 2 0
1643 113 8 0 0 0 0 2 2 8 0 0 0 0 2 2 8 0 2 2 0 0 0 16 0 0 0 0 0 3 16 0 0 0 0 0 3 16 0 0 0 0 2 1 16 0 0 0 0 2 1 25 0 0 0 0 0 2
1643 113 8 0 0 0 0 2 2 8 0 0 0 0 2 2 10 0 0 0 0 0 4 10 0 0 0 0 0 4 10 0 0 0 0 4 0 21 0 0 2 0 0 0 21 0 2 0 0 0 0 25 0 0 0 0 0 2
1643 110 8 0 0 0 0 2 2 8 0 0 0 0 2 2 10 0 0 0 0 0 4 10 0 0 0 0 0 4 16 0 0 0 0 2 1 16 0 0 0 0 2 1 21 0 0 2 0 0 0 21 0 2 0 0 0 0
1643 110 8 0 0 0 0 2 2 8 0 0 0 0 2 2 10 0 0 0 0 0 4 10 0 0 0 0 4 0 16 0 0 0 0 0 3 16 0 0 0 0 0 3 21 0 0 2 0 0 0 21 0 2 0 0 0 0
1643 111 8 0 0 0 0 2 2 8 0 0 0 0 2 2 10 0 0 0 0 0 4 16 0 0 0 0 0 3 16 0 0 0 0 0 3 16 0 1 0 0 2 0 16 0 1 0 0 2 0 21 0 0 2 0 0 0
1643 111 8 0 0 0 0 2 2 8 0 0 0 0 2 2 10 0 0 0 0 0 4 16 0 0 0 0 0 3 16 0 0 0 0 2 1 16 0 0 0 0 2 1 16 0 0 2 0 0 1 21 0 2 0 0 0 0
1643 111 8 0 0 0 0 2 2 8 0 0 0 0 2 2 10 0 0 0 0 0 4 16 0 0 0 0 0 3 16 0 0 0 0 2 1 16 0 0 0 0 2 1 16 0 2 0 0 0 1 21 0 0 2 0 0 0
1643 111 8 0 0 0 0 2 2 8 0 0 0 0 2 2 10 0 0 0 0 0 4 16 0 0 0 0 0 3 16 0 0 0 0 2 1 16 0 1 0 0 0 2 16 0 1 0 0 2 0 21 0 0 2 0 0 0
1643 111 8 0 0 0 0 2 2 8 0 0 0 0 2 2 10 0 0 0 0 0 4 16 0 0 0 0 2 1 16 0 0 0 0 2 1 16 0 1 0 0 0 2 16 0 1 0 0 0 2 21 0 0 2 0 0 0
1643 111 8 0 0 0 0 2 2 8 0 0 0 0 2 2 10 0 0 0 0 4 0 16 0 0 0 0 0 3 16 0 0 0 0 0 3 16 0 0 0 0 0 3 16 0 0 2 0 0 1 21 0 2 0 0 0 0
1643 111 8 0 0 0 0 2 2 8 0 0 0 0 2 2 10 0 0 0 0 4 0 16 0 0 0 0 0 3 16 0 0 0 0 0 3 16 0 0 0 0 0 3 16 0 2 0 0 0 1 21 0 0 2 0 0 0
1643 111 8 0 0 0 0 2 2 8 0 0 0 0 2 2 10 0 0 0 0 4 0 16 0 0 0 0 0 3 16 0 0 0 0 0 3 16 0 1 0 0 0 2 16 0 1 0 0 0 2 21 0 0 2 0 0 0
1643 111 8 0 0 0 0 2 2 8 0 0 0 0 2 2 10 0 0 2 0 0 2 16 0 0 0 0 0 3 16 0 0 0 0 0 3 16 0 0 0 0 2 1 16 0 0 0 0 2 1 21 0 2 0 0 0 0
1643 112 8 0 0 0 0 2 2 8 0 0 0 0 2 2 16 0 0 0 0 0 3 16 0 0 0 0 0 3 16 0 0 0 0 0 3 16 0 0 0 0 2 1 16 0 1 0 0 2 0 16 0 1 2 0 0 0
1643 112 8 0 0 0 0 2 2 8 0 0 0 0 2 2 16 0 0 0 0 0 3 16 0 0 0 0 0 3 16 0 0 0 0 0 3 16 0 0 2 0 0 1 16 0 1 0 0 2 0 16 0 1 0 0 2 0
1643 112 8 0 0 0 0 2 2 8 0 0 0 0 2 2 16 0 0 0 0 0 3 16 0 0 0 0 0 3 16 0 0 0 0 2 1 16 0 0 0 0 2 1 16 0 0 2 0 0 1 16 0 2 0 0 0 1
1643 112 8 0 0 0 0 2 2 8 0 0 0 0 2 2 16 0 0 0 0 0 3 16 0 0 0 0 0 3 16 0 0 0 0 2 1 16 0 0 0 0 2 1 16 0 1 0 0 0 2 16 0 1 2 0 0 0
1643 112 8 0 0 0 0 2 2 8 0 0 0 0 2 2 16 0 0 0 0 0 3 16 0 0 0 0 0 3 16 0 0 0 0 2 1 16 0 0 2 0 0 1 16 0 1 0 0 0 2 16 0 1 0 0 2 0
1643 112 8 0 0 0 0 2 2 8 0 0 0 0 2 2 16 0 0 0 0 0 3 16 0 0 0 0 2 1 16 0 0 0 0 2 1 16 0 0 2 0 0 1 16 0 1 0 0 0 2 16 0 1 0 0 0 2
1643 113 8 0 0 0 0 2 2 8 0 0 2 0 2 0 8 0 2 0 0 0 2 16 0 0 0 0 0 3 16 0 0 0 0 0 3 16 0 0 0 0 0 3 16 0 0 0 0 2 1 25 0 0 0 0 2 0
1643 113 8 0 0 0 0 2 2 8 0 0 2 0 2 0 8 0 2 0 0 0 2 16 0 0 0 0 0 3 16 0 0 0 0 0 3 16 0 0 0 0 2 1 16 0 0 0 0 2 1 25 0 0 0 0 0 2
1643 113 8 0 0 0 0 2 2 8 0 0 2 0 2 0 8 0 2 0 0 2 0 16 0 0 0 0 0 3 16 0 0 0 0 0 3 16 0 0 0 0 0 3 16 0 0 0 0 0 3 25 0 0 0 0 2 0
1643 113 8 0 0 0 0 2 2 8 0 0 2 0 2 0 8 0 2 0 0 2 0 16 0 0 0 0 0 3 16 0 0 0 0 0 3 16 0 0 0 0 0 3 16 0 0 0 0 2 1 25 0 0 0 0 0 2
1643 111 8 0 0 0 0 2 2 8 0 0 2 0 2 0 10 0 0 0 0 0 4 16 0 0 0 0 0 3 16 0 0 0 0 0 3 16 0 0 0 0 2 1 16 0 0 0 0 2 1 21 0 2 0 0 0 0
1643 111 8 0 0 0 0 2 2 8 0 0 2 0 2 0 10 0 0 0 0 4 0 16 0 0 0 0 0 3 16 0 0 0 0 0 3 16 0 0 0 0 0 3 16 0 0 0 0 0 3 21 0 2 0 0 0 0
1643 112 8 0 0 0 0 2 2 8 0 0 2 0 2 0 16 0 0 0 0 0 3 16 0 0 0 0 0 3 16 0 0 0 0 0 3 16 0 0 0 0 0 3 16 0 1 0 0 2 0 16 0 1 0 0 2 0
1643 112 8 0 0 0 0 2 2 8 0 0 2 0 2 0 16 0 0 0 0 0 3 16 0 0 0 0 0 3 16 0 0 0 0 0 3 16 0 0 0 0 2 1 16 0 0 0 0 2 1 16 0 2 0 0 0 1
1643 112 8 0 0 0 0 2 2 8 0 0 2 0 2 0 16 0 0 0 0 0 3 16 0 0 0 0 0 3 16 0 0 0 0 0 3 16 0 0 0 0 2 1 16 0 1 0 0 0 2 16 0 1 0 0 2 0
1643 112 8 0 0 0 0 2 2 8 0 0 2 0 2 0 16 0 0 0 0 0 3 16 0 0 0 0 0 3 16 0 0 0 0 2 1 16 0 0 0 0 2 1 16 0 1 0 0 0 2 16 0 1 0 0 0 2
1643 111 8 0 0 0 0 2 2 8 0 2 0 0 0 2 10 0 0 0 0 0 4 16 0 0 0 0 0 3 16 0 0 0 0 2 1 16 0 0 0 0 2 1 16 0 0 0 0 2 1 21 0 0 2 0 0 0
1643 111 8 0 0 0 0 2 2 8 0 2 0 0 0 2 10 0 0 0 0 4 0 16 0 0 0 0 0 3 16 0 0 0 0 0 3 16 0 0 0 0 0 3 16 0 0 0 0 2 1 21 0 0 2 0 0 0
1643 112 8 0 0 0 0 2 2 8 0 2 0 0 0 2 16 0 0 0 0 0 3 16 0 0 0 0 0 3 16 0 0 0 0 2 1 16 0 0 0 0 2 1 16 0 0 0 0 2 1 16 0 0 2 0 0 1
1643 111 8 0 0 0 0 2 2 8 0 2 0 0 2 0 10 0 0 0 0 0 4 16 0 0 0 0 0 3 16 0 0 0 0 0 3 16 0 0 0 0 2 1 16 0 0 0 0 2 1 21 0 0 2 0 0 0
1643 111 8 0 0 0 0 2 2 8 0 2 0 0 2 0 10 0 0 0 0 4 0 16 0 0 0 0 0 3 16 0 0 0 0 0 3 16 0 0 0 0 0 3 16 0 0 0 0 0 3 21 0 0 2 0 0 0
1643 112 8 0 0 0 0 2 2 8 0 2 0 0 2 0 16 0 0 0 0 0 3 16 0 0 0 0 0 3 16 0 0 0 0 0 3 16 0 0 0 0 2 1 16 0 0 0 0 2 1 16 0 0 2 0 0 1
1643 112 8 0 0 0 0 2 2 8 0 2 2 0 0 0 16 0 0 0 0 0 3 16 0 0 0 0 0 3 16 0 0 0 0 0 3 16 0 0 0 0 2 1 16 0 0 0 0 2 1 16 0 0 0 0 2 1
1643 112 8 0 0 0 0 2 2 10 0 0 0 0 0 4 10 0 0 0 0 0 4 10 0 0 0 0 4 0 16 0 0 0 0 0 3 16 0 0 0 0 2 1 21 0 0 2 0 0 0 21 0 2 0 0 0 0
1643 113 8 0 0 0 0 2 2 10 0 0 0 0 0 4 10 0 0 0 0 0 4 16 0 0 0 0 0 3 16 0 0 0 0 2 1 16 0 1 0 0 2 0 16 0 1 0 0 2 0 21 0 0 2 0 0 0
1643 113 8 0 0 0 0 2 2 10 0 0 0 0 0 4 10 0 0 0 0 0 4 16 0 0 0 0 2 1 16 0 0 0 0 2 1 16 0 0 0 0 2 1 16 0 0 2 0 0 1 21 0 2 0 0 0 0
1643 113 8 0 0 0 0 2 2 10 0 0 0 0 0 4 10 0 0 0 0 0 4 16 0 0 0 0 2 1 16 0 0 0 0 2 1 16 0 0 0 0 2 1 16 0 2 0 0 0 1 21 0 0 2 0 0 0
1643 113 8 0 0 0 0 2 2 10 0 0 0 0 0 4 10 0 0 0 0 0 4 16 0 0 0 0 2 1 16 0 0 0 0 2 1 16 0 1 0 0 0 2 16 0 1 0 0 2 0 21 0 0 2 0 0 0
1643 113 8 0 0 0 0 2 2 10 0 0 0 0 0 4 10 0 0 0 0 4 0 16 0 0 0 0 0 3 16 0 0 0 0 0 3 16 0 0 0 0 2 1 16 0 0 2 0 0 1 21 0 2 0 0 0 0
1643 113 8 0 0 0 0 2 2 10 0 0 0 0 0 4 10 0 0 0 0 4 0 16 0 0 0 0 0 3 16 0 0 0 0 0 3 16 0 0 0 0 2 1 16 0 2 0 0 0 1 21 0 0 2 0 0 0
1643 113 8 0 0 0 0 2 2 10 0 0 0 0 0 4 10 0 0 0 0 4 0 16 0 0 0 0 0 3 16 0 0 0 0 0 3 16 0 1 0 0 0 2 16 0 1 0 0 2 0 21 0 0 2 0 0 0
1643 113 8 0 0 0 0 2 2 10 0 0 0 0 0 4 10 0 0 0 0 4 0 16 0 0 0 0 0 3 16 0 0 0 0 2 1 16 0 1 0 0 0 2 16 0 1 0 0 0 2 21 0 0 2 0 0 0
1643 113 8 0 0 0 0 2 2 10 0 0 0 0 0 4 10 0 0 2 0 0 2 16 0 0 0 0 0 3 16 0 0 0 0 2 1 16 0 0 0 0 2 1 16 0 0 0 0 2 1 21 0 2 0 0 0 0
1643 113 8 0 0 0 0 2 2 10 0 0 0 0 4 0 10 0 0 2 0 0 2 16 0 0 0 0 0 3 16 0 0 0 0 0 3 16 0 0 0 0 0 3 16 0 0 0 0 2 1 21 0 2 0 0 0 0
1643 112 8 0 0 2 0 2 0 8 0 2 0 0 0 2 16 0 0 0 0 0 3 16 0 0 0 0 0 3 16 0 0 0 0 0 3 16 0 0 0 0 2 1 16 0 0 0 0 2 1 16 0 0 0 0 2 1
1643 112 8 0 0 2 0 2 0 8 0 2 0 0 2 0 16 0 0 0 0 0 3 16 0 0 0 0 0 3 16 0 0 0 0 0 3 16 0 0 0 0 0 3 16 0 0 0 0 2 1 16 0 0 0 0 2 1
1643 113 8 0 0 2 0 2 0 10 0 0 0 0 0 4 10 0 0 0 0 0 4 16 0 0 0 0 0 3 16 0 0 0 0 2 1 16 0 0 0 0 2 1 16 0 0 0 0 2 1 21 0 2 0 0 0 0
1643 113 8 0 0 2 0 2 0 10 0 0 0 0 0 4 10 0 0 0 0 4 0 16 0 0 0 0 0 3 16 0 0 0 0 0 3 16 0 0 0 0 0 3 16 0 0 0 0 2 1 21 0 2 0 0 0 0
1643 113 8 0 2 0 0 0 2 10 0 0 0 0 0 4 10 0 0 0 0 0 4 16 0 0 0 0 2 1 16 0 0 0 0 2 1 16 0 0 0 0 2 1 16 0 0 0 0 2 1 21 0 0 2 0 0 0
1643 113 8 0 2 0 0 0 2 10 0 0 0 0 0 4 10 0 0 0 0 4 0 16 0 0 0 0 0 3 16 0 0 0 0 0 3 16 0 0 0 0 2 1 16 0 0 0 0 2 1 21 0 0 2 0 0 0
1643 113 8 0 2 0 0 0 2 10 0 0 0 0 4 0 10 0 0 0 0 4 0 16 0 0 0 0 0 3 16 0 0 0 0 0 3 16 0 0 0 0 0 3 16 0 0 0 0 0 3 21 0 0 2 0 0 0
1643 113 8 0 2 0 0 2 0 10 0 0 0 0 0 4 10 0 0 0 0 0 4 16 0 0 0 0 0 3 16 0 0 0 0 2 1 16 0 0 0 0 2 1 16 0 0 0 0 2 1 21 0 0 2 0 0 0
1643 113 8 0 2 0 0 2 0 10 0 0 0 0 0 4 10 0 0 0 0 4 0 16 0 0 0 0 0 3 16 0 0 0 0 0 3 16 0 0 0 0 0 3 16 0 0 0 0 2 1 21 0 0 2 0 0 0
