20 6 -7 357 9 11 9 8 3 8 6 6 4 7 6 2 7 1 6 6 3 6 5 6 0
20 6 -6 355 10 10 9 7 4 8 4 8 3 8 5 3 5 4 4 7 3 5 5 2 5
20 6 -6 357 10 10 8 9 3 7 6 7 3 8 5 3 6 2 6 6 4 4 6 1 5
20 6 -6 357 10 10 9 8 3 8 5 7 4 6 7 2 6 3 3 8 3 6 4 2 5
20 6 -6 358 10 10 8 8 4 7 6 7 4 6 7 2 7 2 4 7 4 7 3 1 5
20 6 -6 359 10 10 10 7 3 8 6 6 3 8 5 3 5 2 6 7 2 4 6 3 5
20 6 -4 348 9 11 8 8 4 7 6 7 4 6 7 2 6 3 4 7 5 4 2 4 5
20 6 -4 351 10 10 8 8 4 7 6 7 4 7 5 3 6 4 4 6 5 4 6 0 5
20 6 -4 351 10 10 10 6 4 8 6 6 4 7 5 3 5 4 4 7 3 4 6 2 5
20 6 -4 352 12 8 9 7 4 7 6 7 3 8 5 3 5 3 7 5 4 4 4 3 5
20 6 -4 355 11 9 10 7 3 8 6 6 3 9 5 2 4 5 6 5 3 4 5 3 5
20 6 -4 356 9 11 9 6 5 7 7 6 4 6 7 2 6 2 5 7 4 5 1 5 5
20 6 -4 356 10 10 9 8 3 8 5 7 4 7 5 3 5 5 3 7 4 3 7 1 5
20 6 -4 357 9 11 8 10 2 7 7 6 4 6 7 2 6 2 5 7 5 2 4 4 5
20 6 -4 358 8 12 9 7 4 7 8 5 4 7 4 4 6 2 4 8 4 3 4 4 5
20 6 -4 358 10 10 9 8 3 7 8 5 4 7 5 3 6 2 6 6 4 3 7 1 5
20 6 -4 359 8 12 10 7 3 9 5 6 5 6 5 3 5 5 3 7 2 5 7 6 0
20 6 -4 359 9 11 6 10 4 6 6 8 4 6 7 2 7 3 4 6 7 4 2 2 5
20 6 -4 359 10 10 9 6 5 8 4 8 4 7 5 3 5 6 2 7 4 5 5 1 5
20 6 -4 359 10 10 9 9 2 8 5 7 4 6 6 3 5 2 8 5 2 6 4 3 5
20 6 -4 360 9 11 7 10 3 6 8 6 4 6 7 2 7 1 6 6 6 3 3 3 5
20 6 -4 360 12 8 7 9 4 6 6 8 3 8 5 3 6 3 7 4 6 4 4 1 5
20 6 -4 361 9 11 8 7 5 6 9 5 4 7 6 2 7 2 5 6 6 3 3 8 0
20 6 -4 361 10 10 9 9 2 8 5 7 3 8 7 1 4 5 5 6 4 3 2 6 5
20 6 -4 361 10 10 10 7 3 8 7 5 4 7 8 0 5 4 6 5 3 5 5 2 5
20 6 -4 361 10 10 11 4 5 8 7 5 4 7 5 3 5 3 5 7 2 5 5 3 5
20 6 -4 361 11 9 10 5 5 8 5 7 3 9 5 2 4 6 5 5 3 6 3 3 5
20 6 -4 361 12 8 10 6 4 7 8 5 4 6 7 2 5 4 4 7 2 5 8 5 0
20 6 -3 348 9 11 9 7 4 7 8 5 5 5 6 3 6 3 4 7 3 5 6 6 0
20 6 -3 351 9 11 9 7 4 7 7 6 3 8 6 2 4 5 4 7 4 2 4 5 5
20 6 -3 351 12 8 9 7 4 7 6 7 3 8 6 2 4 6 4 6 4 4 4 3 5
20 6 -3 352 8 12 9 8 3 8 6 6 5 5 7 2 6 2 6 6 4 4 3 4 5
20 6 -3 352 11 9 8 8 4 6 8 6 4 6 6 3 6 3 4 7 5 3 6 1 5
20 6 -3 352 12 8 8 7 5 6 7 7 3 8 6 2 5 5 5 5 5 5 3 2 5
20 6 -3 353 11 9 9 6 5 7 6 7 4 6 6 3 5 5 2 8 4 4 5 2 5
20 6 -3 355 7 13 9 7 4 8 6 6 5 6 4 4 6 3 4 7 4 4 4 3 5
20 6 -3 355 12 8 8 9 3 6 8 6 3 8 6 2 5 4 6 5 5 3 5 2 5
20 6 -3 356 8 12 8 10 2 8 5 7 5 5 7 2 6 3 5 6 5 3 4 3 5
20 6 -3 356 10 10 10 7 3 8 6 6 4 6 7 2 4 4 6 6 1 7 3 4 5
20 6 -3 357 9 11 9 8 3 8 5 7 5 4 7 3 5 4 3 8 2 6 5 2 5
20 6 -3 357 10 10 10 7 3 9 4 7 4 8 5 2 4 6 6 4 3 5 5 2 5
20 6 -3 357 12 8 9 7 4 6 9 5 3 8 6 2 5 3 7 5 4 4 4 3 5
20 6 -3 357 12 8 10 5 5 7 7 6 3 8 6 2 4 5 5 6 3 5 3 4 5
20 6 -3 357 12 8 10 7 3 7 8 5 3 8 6 2 4 4 6 6 3 3 5 4 5
20 6 -3 358 11 9 7 8 5 6 6 8 4 6 6 3 6 5 2 7 6 4 5 0 5
20 6 -3 359 8 12 9 8 3 9 3 8 5 5 7 2 5 5 3 7 4 4 3 4 5
20 6 -3 359 8 12 10 6 4 9 4 7 5 5 7 2 5 4 4 7 3 5 2 5 5
20 6 -3 359 8 12 10 8 2 9 5 6 5 5 7 2 5 3 5 7 3 3 4 5 5
20 6 -3 359 10 10 8 10 2 7 7 6 5 4 9 1 6 3 5 6 4 4 6 6 0
20 6 -3 359 12 8 9 9 2 7 7 6 3 8 6 2 4 5 5 6 4 2 6 3 5
20 6 -3 360 7 13 8 9 3 8 5 7 5 6 4 4 6 4 3 7 5 3 5 2 5
20 6 -3 360 10 10 9 6 5 6 9 5 3 8 5 3 5 3 5 7 4 4 1 6 5
20 6 -3 360 10 10 9 6 5 7 7 6 3 10 3 3 5 5 5 5 6 2 3 4 5
20 6 -3 360 10 10 9 7 4 8 4 8 4 6 7 2 5 3 7 5 4 5 0 6 5
20 6 -3 361 9 11 7 10 3 7 5 8 5 4 7 3 6 4 3 7 4 6 5 0 5
20 6 -3 361 9 11 8 10 2 7 7 6 5 4 7 3 6 2 5 7 3 5 6 1 5
20 6 -3 361 9 11 9 7 4 8 5 7 4 7 7 1 5 4 7 4 4 6 0 5 5
20 6 -3 361 9 11 9 9 2 8 6 6 4 7 7 1 5 3 8 4 4 4 2 5 5
20 6 -3 361 12 8 9 6 5 6 9 5 3 9 5 2 5 5 5 5 5 3 5 7 0
20 6 -3 361 12 8 10 7 3 8 6 6 4 7 7 1 4 6 6 4 2 6 7 5 0
20 6 -1 346 10 10 8 7 5 7 5 8 4 7 5 3 5 5 5 5 6 3 2 4 5
20 6 -1 347 10 10 9 7 4 7 7 6 4 7 5 3 5 3 7 5 5 2 3 5 5
20 6 -1 349 8 12 8 8 4 7 7 6 5 6 5 3 6 4 4 6 6 2 5 2 5
20 6 -1 350 11 9 8 8 4 6 8 6 5 4 7 3 6 3 4 7 4 6 3 2 5
20 6 -1 350 11 9 9 8 3 7 7 6 4 6 8 1 4 5 6 5 3 5 4 3 5
20 6 -1 351 8 12 8 9 3 8 4 8 5 5 6 3 5 4 6 5 4 5 2 4 5
20 6 -1 352 8 12 10 6 4 8 7 5 5 6 5 3 5 4 4 7 4 2 5 4 5
20 6 -1 352 9 11 10 7 3 8 7 5 4 8 5 2 4 5 6 5 4 2 4 5 5
20 6 -1 352 10 10 7 9 4 6 7 7 4 7 5 3 6 3 7 4 7 2 3 3 5
20 6 -1 353 9 11 9 8 3 8 6 6 5 7 3 4 5 5 6 4 4 3 8 5 0
20 6 -1 353 10 10 10 5 5 8 5 7 4 7 5 3 4 5 5 6 4 3 2 6 5
20 6 -1 353 11 9 9 7 4 6 9 5 4 6 5 4 5 2 7 6 3 4 5 3 5
20 6 -1 354 8 12 9 6 5 8 5 7 5 6 5 3 5 6 2 7 5 3 4 3 5
20 6 -1 354 9 11 10 5 5 8 6 6 4 8 5 2 4 6 5 5 4 4 2 5 5
20 6 -1 354 10 10 8 9 3 7 6 7 5 4 8 2 5 5 3 7 4 4 6 1 5
20 6 -1 355 8 12 9 8 3 8 6 6 5 6 5 3 5 5 3 7 5 1 6 3 5
20 6 -1 355 10 10 10 6 4 8 6 6 4 8 4 3 4 6 4 6 4 4 1 6 5
20 6 -1 356 10 10 7 10 3 6 8 6 5 5 7 2 6 5 3 6 6 2 8 4 0
20 6 -1 356 10 10 9 8 3 7 8 5 5 5 7 2 5 5 3 7 4 2 8 6 0
20 6 -1 356 12 8 9 7 4 7 6 7 4 6 7 2 4 6 4 6 3 7 1 4 5
20 6 -1 357 8 12 7 8 5 6 7 7 5 4 7 3 6 4 2 8 5 5 2 3 5
20 6 -1 357 9 11 10 7 3 9 4 7 5 6 4 4 4 5 6 5 2 5 6 2 5
20 6 -1 357 11 9 7 9 4 5 9 6 4 6 5 4 6 2 7 5 5 4 5 1 5
20 6 -1 358 8 12 9 9 2 8 6 6 5 5 6 3 5 2 8 5 3 4 3 5 5
20 6 -1 358 9 11 9 6 5 7 7 6 5 5 5 4 5 5 2 8 3 5 6 1 5
20 6 -1 358 10 10 8 8 4 7 6 7 5 6 3 5 6 3 7 4 4 7 3 1 5
20 6 -1 358 12 8 10 6 4 7 7 6 3 8 5 3 3 5 7 5 2 5 3 5 5
20 6 -1 359 8 12 10 7 3 9 4 7 5 5 6 3 4 4 6 6 2 5 2 6 5
20 6 -1 359 10 10 8 9 3 7 5 8 3 7 8 1 3 6 6 5 4 3 2 6 5
20 6 -1 359 10 10 10 6 4 7 9 4 5 5 7 2 5 4 4 7 3 3 7 7 0
20 6 -1 359 11 9 10 8 2 8 6 6 4 6 8 1 3 6 5 6 2 4 5 4 5
20 6 -1 360 9 11 8 8 4 6 9 5 5 5 5 4 6 3 4 7 4 4 7 0 5
20 6 -1 360 10 10 9 8 3 8 5 7 4 7 8 0 4 6 6 4 5 3 2 5 5
20 6 -1 360 10 10 10 6 4 8 6 6 5 6 3 5 5 3 7 5 2 7 3 3 5
20 6 -1 360 10 10 11 5 4 8 7 5 4 7 5 3 3 6 4 7 1 5 5 4 5
20 6 -1 361 10 10 8 8 4 6 8 6 3 8 7 1 4 6 4 6 6 0 5 4 5
20 6 -1 361 10 10 10 5 5 7 8 5 4 7 5 3 5 2 8 5 4 3 2 6 5
20 6 -1 361 11 9 8 7 5 5 10 5 3 8 6 2 5 4 5 6 6 2 2 5 5
20 6 -1 361 11 9 10 5 5 7 8 5 4 7 7 1 4 6 5 5 3 5 4 8 0
20 6 -1 361 11 9 10 6 4 8 5 7 4 6 8 1 3 7 4 6 2 6 3 4 5
20 6 -1 361 12 8 9 6 5 6 8 6 3 8 5 3 4 4 8 4 3 6 2 4 5
20 6 0 346 9 11 8 7 5 6 8 6 4 7 4 4 5 4 5 6 5 3 3 4 5
20 6 0 348 10 10 8 8 4 6 8 6 4 6 7 2 5 3 7 5 5 3 2 5 5
20 6 0 348 10 10 9 8 3 7 7 6 4 6 7 2 4 4 6 6 4 2 3 6 5
20 6 0 349 9 11 8 8 4 6 9 5 5 5 6 3 6 3 4 7 5 4 2 4 5
20 6 0 349 10 10 7 10 3 6 7 7 4 6 7 2 5 4 6 5 6 2 3 4 5
20 6 0 350 10 10 9 6 5 7 6 7 4 6 7 2 4 5 5 6 4 4 1 6 5
20 6 0 351 9 11 8 9 3 8 4 8 5 6 5 3 5 5 6 4 5 5 1 4 5
20 6 0 351 11 9 9 8 3 7 7 6 4 7 5 3 4 5 6 5 4 2 7 2 5
20 6 0 352 8 12 8 9 3 7 7 6 5 5 7 2 5 5 3 7 5 2 5 3 5
20 6 0 352 11 9 8 8 4 7 5 8 4 7 5 3 4 7 4 5 5 3 6 1 5
20 6 0 352 11 9 10 6 4 7 8 5 4 7 5 3 4 4 7 5 3 3 6 3 5
20 6 0 353 9 11 10 7 3 8 7 5 5 6 5 3 4 5 6 5 2 4 7 7 0
20 6 0 354 9 11 9 7 4 8 5 7 5 6 5 3 5 4 7 4 4 6 0 5 5
20 6 0 354 9 11 9 9 2 8 6 6 5 6 5 3 5 3 8 4 4 4 2 5 5
20 6 0 354 10 10 9 6 5 7 7 6 5 6 4 4 5 6 2 7 4 5 5 1 5
20 6 0 354 11 9 10 6 4 8 5 7 4 7 5 3 3 7 4 6 3 3 6 3 5
20 6 0 354 12 8 9 7 4 6 9 5 4 7 4 4 5 3 7 5 4 4 4 3 5
20 6 0 355 9 11 9 6 5 7 7 6 5 5 6 3 5 5 2 8 4 5 1 5 5
20 6 0 355 10 10 9 7 4 7 7 6 5 5 5 4 5 3 7 5 2 8 2 3 5
20 6 0 356 9 11 10 6 4 8 7 5 6 4 7 2 5 5 4 6 2 7 4 7 0
20 6 0 356 9 11 10 7 3 9 4 7 5 6 5 3 4 5 6 5 3 5 1 6 5
20 6 0 356 10 10 9 8 3 7 8 5 5 6 4 4 5 5 3 7 4 3 7 1 5
20 6 0 356 10 10 10 6 4 7 9 4 5 6 4 4 5 4 4 7 3 4 6 2 5
20 6 0 356 11 9 9 7 4 7 7 6 5 5 7 2 5 4 7 4 3 7 2 8 0
20 6 0 357 9 11 10 5 5 7 8 5 4 7 4 4 4 4 5 7 3 3 3 6 5
20 6 0 358 7 13 10 8 2 9 6 5 6 5 5 3 5 4 5 6 3 4 4 4 5
20 6 0 359 7 13 10 6 4 9 5 6 6 5 5 3 5 5 4 6 3 6 2 4 5
20 6 0 359 9 11 8 6 6 6 8 6 5 5 6 3 6 4 3 7 5 6 0 4 5
20 6 0 359 9 11 9 5 6 6 9 5 4 7 4 4 5 3 6 6 4 4 2 5 5
20 6 0 359 10 10 8 9 3 7 6 7 5 4 9 1 5 5 3 7 5 4 1 5 5
20 6 0 359 10 10 9 6 5 6 10 4 5 6 4 4 6 3 5 6 4 5 5 1 5
20 6 0 359 10 10 9 9 2 7 8 5 5 5 5 4 5 2 8 5 2 6 4 3 5
20 6 0 359 11 9 11 4 5 8 6 6 4 7 5 3 3 6 5 6 2 4 5 4 5
20 6 0 359 12 8 9 5 6 6 8 6 4 7 4 4 5 4 6 5 4 6 2 3 5
20 6 0 359 12 8 9 6 5 6 9 5 5 5 6 3 5 6 2 7 3 6 7 4 0
20 6 0 359 12 8 10 7 3 8 5 7 4 6 8 1 3 6 6 5 3 3 5 4 5
20 6 0 360 8 12 10 8 2 9 5 6 5 6 6 2 4 4 8 4 3 3 4 5 5
20 6 0 360 9 11 8 9 3 7 7 6 5 6 5 3 6 2 9 3 5 5 1 4 5
20 6 0 360 9 11 10 8 2 8 8 4 6 4 7 2 5 4 5 6 2 5 6 7 0
20 6 0 360 12 8 10 8 2 8 6 6 4 7 7 1 3 7 5 5 3 4 4 4 5
20 6 0 361 7 13 10 7 3 9 5 6 5 7 3 4 4 5 6 5 3 3 5 4 5
20 6 0 361 8 12 9 7 4 8 5 7 5 5 7 2 4 7 1 8 4 3 4 4 5
20 6 0 361 9 11 9 7 4 6 10 4 4 7 4 4 5 2 7 6 4 2 4 5 5
20 6 0 361 9 11 9 9 2 8 6 6 6 3 8 2 5 4 5 6 2 7 4 2 5
20 6 0 361 9 11 10 8 2 8 7 5 5 5 6 3 4 3 8 5 1 5 6 3 5
20 6 0 361 9 11 10 8 2 9 4 7 5 5 6 3 3 6 5 6 1 5 6 3 5
20 6 0 361 10 10 7 9 4 6 7 7 5 4 9 1 6 4 4 6 6 5 0 4 5
20 6 0 361 10 10 8 9 3 7 6 7 6 2 8 3 6 2 6 6 3 7 3 2 5
20 6 0 361 11 9 7 10 3 6 7 7 4 7 5 3 5 5 6 4 6 2 7 0 5
20 6 0 361 11 9 10 5 5 7 8 5 4 8 4 3 4 6 5 5 4 2 7 7 0
20 6 0 361 11 9 11 6 3 8 7 5 4 7 5 3 3 5 6 6 2 2 7 4 5
20 6 0 361 12 8 7 9 4 5 9 6 4 7 4 4 6 3 7 4 6 4 4 1 5
20 6 0 361 12 8 10 6 4 7 8 5 4 7 7 1 4 5 7 4 3 6 2 4 5
20 6 2 345 10 10 9 7 4 7 7 6 5 5 7 2 4 6 4 6 3 5 5 2 5
20 6 2 346 9 11 9 6 5 7 7 6 5 6 4 4 5 4 5 6 5 2 4 4 5
20 6 2 348 12 8 8 8 4 6 7 7 4 6 7 2 4 5 7 4 4 5 3 3 5
20 6 2 349 10 10 9 7 4 7 7 6 4 8 4 3 4 5 7 4 5 2 3 5 5
20 6 2 349 12 8 9 8 3 7 6 7 4 6 7 2 3 6 6 5 3 4 4 4 5
20 6 2 350 9 11 8 9 3 7 7 6 5 6 7 1 5 5 6 4 6 2 4 3 5
20 6 2 350 9 11 9 7 4 8 5 7 5 6 7 1 4 7 4 5 5 3 3 4 5
20 6 2 350 9 11 9 8 3 7 7 6 4 6 7 2 3 5 6 6 3 2 4 6 5
20 6 2 350 11 9 8 9 3 6 8 6 5 4 7 3 5 3 6 6 4 3 6 2 5
20 6 2 351 11 9 9 7 4 6 9 5 4 7 4 4 4 4 7 5 3 4 5 3 5
20 6 2 352 9 11 10 7 3 8 7 5 5 6 7 1 4 5 6 5 4 2 4 5 5
20 6 2 352 10 10 8 7 5 7 5 8 4 8 4 3 4 7 5 4 6 3 2 4 5
20 6 2 352 10 10 8 9 3 7 6 7 4 8 4 3 4 6 6 4 6 1 4 4 5
20 6 2 353 8 12 10 6 4 8 7 5 5 7 4 3 4 6 4 6 4 2 5 4 5
20 6 2 353 11 9 9 6 5 6 9 5 5 5 6 3 5 4 5 6 3 7 2 3 5
20 6 2 353 12 8 7 10 3 6 6 8 4 6 7 2 4 6 6 4 5 4 4 2 5
20 6 2 354 7 13 9 8 3 8 6 6 6 4 5 4 5 3 6 6 3 4 4 4 5
20 6 2 354 11 9 10 5 5 7 7 6 4 7 4 4 3 6 5 6 2 5 4 4 5
20 6 2 355 10 10 8 7 5 6 8 6 4 8 4 3 5 4 8 3 6 3 2 4 5
20 6 2 355 10 10 9 9 2 7 8 5 5 5 7 2 4 5 5 6 3 3 7 2 5
20 6 2 355 11 9 9 5 6 6 8 6 4 7 4 4 4 5 6 5 3 6 3 3 5
20 6 2 355 12 8 10 6 4 7 7 6 4 6 7 2 3 5 7 5 2 5 3 5 5
20 6 2 356 9 11 9 9 2 8 6 6 5 6 7 1 4 6 5 5 5 1 5 4 5
20 6 2 356 10 10 10 7 3 8 6 6 4 8 4 3 3 6 6 5 4 1 4 6 5
20 6 2 356 10 10 10 7 3 8 6 6 5 5 7 2 3 7 3 7 2 4 6 3 5
20 6 2 356 11 9 9 9 2 8 5 7 5 6 5 3 4 5 8 3 3 6 3 3 5
20 6 2 357 9 11 9 8 3 7 8 5 5 6 4 4 5 3 6 6 5 0 6 4 5
20 6 2 357 10 10 9 5 6 7 6 7 4 8 4 3 4 6 6 4 5 4 1 5 5
20 6 2 357 10 10 9 6 5 6 9 5 5 5 4 5 5 3 5 7 3 4 6 2 5
20 6 2 357 10 10 10 6 4 7 9 4 5 6 6 2 4 6 4 6 3 3 7 7 0
20 6 2 357 11 9 9 6 5 7 6 7 5 5 6 3 4 7 2 7 3 7 2 3 5
20 6 2 357 12 8 9 6 5 7 5 8 4 6 7 2 3 7 5 5 3 6 2 4 5
20 6 2 358 9 11 8 8 4 6 9 5 5 6 4 4 6 2 7 5 6 1 5 3 5
20 6 2 358 9 11 8 9 3 7 6 7 5 4 9 1 4 6 3 7 4 4 2 5 5
20 6 2 358 12 8 9 7 4 6 9 5 4 7 6 2 4 5 7 4 4 3 5 8 0
20 6 2 359 9 11 10 5 5 7 9 4 5 7 3 4 5 4 5 6 4 4 2 5 5
20 6 2 359 10 10 8 7 5 6 8 6 6 3 6 4 6 4 2 8 4 6 4 1 5
20 6 2 359 10 10 10 5 5 8 5 7 4 8 4 3 3 7 5 5 4 3 2 6 5
20 6 2 359 11 9 8 8 4 7 5 8 4 7 7 1 4 6 7 3 6 3 1 5 5
20 6 2 359 12 8 8 10 2 6 8 6 4 6 7 2 4 4 8 4 4 3 5 3 5
20 6 2 360 8 12 10 7 3 9 4 7 5 6 5 3 3 6 6 5 2 5 2 6 5
20 6 2 360 9 11 11 6 3 9 6 5 6 5 5 3 4 5 6 5 1 7 4 3 5
20 6 2 360 10 10 8 6 6 5 10 5 4 7 5 3 5 5 3 7 6 2 3 4 5
20 6 2 360 12 8 8 9 3 6 8 6 5 4 9 1 5 4 6 5 4 6 2 3 5
20 6 2 361 9 11 8 9 3 8 4 8 5 6 7 1 4 8 3 5 6 2 4 3 5
20 6 2 361 9 11 10 4 6 8 5 7 5 6 4 4 4 6 3 7 4 3 3 5 5
20 6 2 361 10 10 10 5 5 7 8 5 4 8 4 3 4 4 8 4 4 3 2 6 5
20 6 2 361 11 9 7 9 4 5 9 6 4 6 8 1 5 5 4 6 7 1 3 4 5
20 6 2 361 12 8 9 5 6 6 8 6 4 7 6 2 4 7 3 6 5 3 5 2 5
20 6 2 361 12 8 9 8 3 6 9 5 4 6 7 2 4 3 9 4 3 4 4 4 5
20 6 3 344 11 9 9 8 3 7 7 6 5 5 7 2 4 5 6 5 3 5 4 3 5
20 6 3 345 11 9 9 7 4 7 7 6 5 6 6 2 4 7 4 5 4 4 5 7 0
20 6 3 347 9 11 9 7 4 7 8 5 5 7 4 3 5 4 7 4 5 3 3 4 5
20 6 3 347 9 11 9 7 4 8 5 7 5 7 4 3 4 7 4 5 5 3 3 4 5
20 6 3 348 10 10 9 7 4 7 7 6 6 3 7 3 5 4 4 7 3 5 5 2 5
20 6 3 348 11 9 8 8 4 6 8 6 5 5 7 2 5 4 7 4 4 6 3 2 5
20 6 3 349 9 11 10 7 3 8 7 5 5 7 4 3 4 5 6 5 4 2 4 5 5
20 6 3 349 11 9 8 8 4 7 5 8 5 5 7 2 4 7 4 5 4 6 3 2 5
20 6 3 350 8 12 9 8 3 7 8 5 5 5 7 2 4 4 6 6 3 3 4 5 5
20 6 3 350 11 9 8 10 2 7 6 7 5 5 7 2 4 6 5 5 4 4 5 2 5
20 6 3 351 9 11 10 5 5 8 6 6 5 7 4 3 4 6 5 5 4 4 2 5 5
20 6 3 351 11 9 9 6 5 7 6 7 5 5 7 2 4 6 5 5 3 7 2 3 5
20 6 3 353 9 11 9 9 2 8 6 6 5 7 4 3 4 6 5 5 5 1 5 4 5
20 6 3 353 10 10 8 8 4 6 8 6 4 7 6 2 4 6 4 6 6 0 5 4 5
20 6 3 353 10 10 8 9 3 7 6 7 6 3 7 3 5 5 3 7 4 4 6 1 5
20 6 3 353 10 10 9 6 5 6 9 5 4 7 6 2 4 5 5 6 5 1 4 5 5
20 6 3 353 10 10 10 5 5 7 8 5 5 6 4 4 4 5 5 6 2 6 4 3 5
20 6 3 353 11 9 8 9 3 7 5 8 4 7 5 3 3 7 6 4 4 3 6 2 5
20 6 3 353 11 9 10 6 4 7 8 5 5 5 7 2 4 4 7 5 2 6 3 4 5
20 6 3 353 11 9 10 8 2 8 6 6 5 5 7 2 3 6 5 6 2 4 5 4 5
20 6 3 354 9 11 9 5 6 7 7 6 5 7 4 3 5 5 6 4 5 5 1 4 5
20 6 3 354 10 10 9 7 4 7 6 7 4 6 7 2 3 5 7 5 3 4 1 7 5
20 6 3 354 11 9 9 7 4 6 10 4 5 6 6 2 5 4 7 4 4 4 5 7 0
20 6 3 355 10 10 10 7 3 7 9 4 5 6 4 4 4 4 6 6 2 4 6 3 5
20 6 3 355 11 9 10 5 5 7 8 5 5 6 6 2 4 6 5 5 3 5 4 8 0
20 6 3 355 11 9 10 6 4 8 5 7 5 5 7 2 3 7 4 6 2 6 3 4 5
20 6 3 356 8 12 9 8 3 8 5 7 5 5 7 2 3 7 3 7 3 3 4 5 5
20 6 3 356 11 9 8 7 5 5 10 5 4 7 5 3 5 4 5 6 6 2 2 5 5
20 6 3 357 8 12 9 7 4 8 5 7 6 4 5 4 5 3 7 5 3 6 1 5 5
20 6 3 357 8 12 10 6 4 8 6 6 5 5 7 2 3 6 4 7 2 4 3 6 5
20 6 3 357 11 9 9 8 3 8 4 8 5 5 7 2 3 8 3 6 3 5 4 3 5
20 6 3 357 11 9 10 7 3 8 5 7 4 7 5 3 2 7 6 5 2 3 6 4 5
20 6 3 358 10 10 8 9 3 6 8 6 4 6 7 2 4 3 9 4 4 3 2 6 5
20 6 3 358 11 9 9 5 6 7 6 7 5 6 6 2 4 8 3 5 4 6 3 7 0
20 6 3 358 11 9 10 7 3 7 9 4 5 6 6 2 4 5 6 5 3 3 6 8 0
20 6 3 358 12 8 8 7 5 6 7 7 5 5 6 3 5 5 5 5 4 8 0 3 5
20 6 3 359 10 10 8 9 3 6 9 5 6 3 7 3 6 2 6 6 4 4 6 1 5
20 6 3 359 12 8 9 6 5 6 8 6 4 7 4 4 4 4 8 4 3 6 2 4 5
20 6 3 359 12 8 9 7 4 6 9 5 5 5 6 3 5 3 7 5 3 7 1 4 5
20 6 3 360 9 11 9 6 5 6 9 5 4 7 4 4 4 3 8 5 3 4 2 6 5
20 6 3 360 9 11 11 5 4 8 8 4 5 7 4 3 4 4 7 5 3 3 3 6 5
20 6 3 360 10 10 11 5 4 8 7 5 5 6 4 4 3 6 4 7 1 5 5 4 5
20 6 3 360 11 9 8 10 2 6 9 5 5 5 7 2 5 3 8 4 4 4 5 2 5
20 6 3 360 11 9 9 9 2 7 7 6 4 7 5 3 3 5 8 4 3 2 7 3 5
20 6 3 361 8 12 8 9 3 7 7 6 5 6 6 2 5 4 6 5 6 2 0 7 5
20 6 3 361 9 11 10 7 3 9 4 7 5 7 4 3 3 8 3 6 4 2 4 5 5
20 6 3 361 9 11 11 5 4 9 5 6 5 7 4 3 3 7 4 6 3 3 3 6 5
20 6 3 361 10 10 7 8 5 6 6 8 4 7 6 2 4 8 2 6 7 1 4 3 5
20 6 3 361 10 10 9 6 5 7 6 7 4 7 6 2 3 8 2 7 5 1 4 5 5
20 6 3 361 11 9 9 10 1 7 8 5 5 5 7 2 4 4 7 5 3 3 6 3 5
20 6 3 361 11 9 10 7 3 7 8 5 4 7 5 3 3 4 9 4 2 3 6 4 5
20 6 5 344 9 11 8 7 5 6 8 6 5 6 4 4 5 4 5 6 5 3 3 4 5
20 6 5 347 10 10 8 8 4 6 8 6 5 5 7 2 5 3 7 5 5 3 2 5 5
20 6 5 347 10 10 9 8 3 7 7 6 5 5 7 2 4 4 6 6 4 2 3 6 5
20 6 5 348 10 10 7 10 3 6 7 7 5 5 7 2 5 4 6 5 6 2 3 4 5
20 6 5 349 10 10 9 6 5 7 6 7 5 5 7 2 4 5 5 6 4 4 1 6 5
20 6 5 349 11 9 9 8 3 7 7 6 5 6 5 3 4 5 6 5 4 2 7 2 5
20 6 5 350 9 11 8 8 4 6 9 5 6 4 6 3 6 3 4 7 5 4 2 4 5
20 6 5 350 11 9 8 8 4 7 5 8 5 6 5 3 4 7 4 5 5 3 6 1 5
20 6 5 350 11 9 10 6 4 7 8 5 5 6 5 3 4 4 7 5 3 3 6 3 5
20 6 5 352 11 9 10 6 4 8 5 7 5 6 5 3 3 7 4 6 3 3 6 3 5
20 6 5 353 8 12 8 9 3 7 7 6 6 4 7 2 5 5 3 7 5 2 5 3 5
20 6 5 353 9 11 10 7 3 8 7 5 6 5 5 3 4 5 6 5 2 4 7 7 0
20 6 5 354 9 11 7 8 5 6 7 7 6 4 6 3 6 5 2 7 6 5 1 3 5
20 6 5 355 9 11 10 5 5 7 8 5 5 6 4 4 4 4 5 7 3 3 3 6 5
20 6 5 355 12 8 9 7 4 7 6 7 4 8 5 2 3 7 7 3 4 4 4 3 5
20 6 5 356 9 11 9 6 5 7 7 6 6 4 6 3 5 5 2 8 4 5 1 5 5
20 6 5 356 10 10 9 7 4 7 7 6 6 4 5 4 5 3 7 5 2 8 2 3 5
20 6 5 356 12 8 9 7 4 6 8 6 4 6 7 2 3 5 7 5 2 6 2 5 5
20 6 5 357 9 11 9 5 6 6 9 5 5 6 4 4 5 3 6 6 4 4 2 5 5
20 6 5 357 9 11 10 6 4 8 6 6 5 6 7 1 3 7 4 6 3 4 2 6 5
20 6 5 357 11 9 11 4 5 8 6 6 5 6 5 3 3 6 5 6 2 4 5 4 5
20 6 5 358 11 9 11 5 4 8 7 5 5 7 4 3 3 7 4 6 2 5 4 4 5
20 6 5 359 8 12 8 7 5 7 6 7 5 7 4 3 5 5 5 5 7 1 1 6 5
20 6 5 359 9 11 8 10 2 8 4 8 6 4 6 3 4 6 5 5 3 5 6 1 5
20 6 5 359 9 11 9 7 4 6 10 4 5 6 4 4 5 2 7 6 4 2 4 5 5
20 6 5 359 9 11 9 8 3 8 5 7 5 7 3 4 4 4 9 3 4 3 3 5 5
20 6 5 359 9 11 10 8 2 8 7 5 5 6 7 1 3 6 5 6 3 2 4 6 5
20 6 5 359 10 10 10 6 4 7 8 5 4 8 4 3 3 5 7 5 3 3 2 7 5
20 6 5 359 11 9 7 10 3 6 7 7 5 6 5 3 5 5 6 4 6 2 7 0 5
20 6 5 359 11 9 11 6 3 8 7 5 5 6 5 3 3 5 6 6 2 2 7 4 5
20 6 5 360 7 13 10 7 3 9 5 6 6 6 3 4 4 5 6 5 3 3 5 4 5
20 6 5 360 8 12 10 8 2 9 5 6 6 5 6 2 4 4 8 4 3 3 4 5 5
20 6 5 360 9 11 7 9 4 5 10 5 5 6 4 4 6 2 7 5 6 2 4 3 5
20 6 5 360 9 11 8 6 6 6 8 6 6 4 6 3 6 4 3 7 5 6 0 4 5
20 6 5 360 10 10 9 9 2 7 8 5 6 4 5 4 5 2 8 5 2 6 4 3 5
20 6 5 360 11 9 8 7 5 5 9 6 3 8 6 2 3 6 5 6 5 1 3 6 5
20 6 5 361 10 10 8 7 5 7 5 8 6 4 5 4 5 5 5 5 3 9 1 2 5
20 6 5 361 10 10 11 4 5 8 7 5 5 7 5 2 3 7 5 5 2 5 5 3 5
20 6 5 361 11 9 8 9 3 7 5 8 4 7 7 1 3 7 6 4 5 3 1 6 5
20 6 5 361 11 9 9 6 5 6 9 5 4 8 6 1 4 6 5 5 6 1 3 5 5
20 6 5 361 11 9 10 7 3 8 6 6 5 6 8 0 3 7 6 4 3 4 5 3 5
20 6 6 348 10 10 8 7 5 6 8 6 5 6 7 1 5 5 5 5 6 3 2 4 5
20 6 6 348 10 10 9 7 4 7 7 6 5 6 7 1 4 6 4 6 5 2 3 5 5
20 6 6 348 11 9 9 7 4 7 7 6 5 7 5 2 4 6 7 3 4 4 5 7 0
20 6 6 349 9 11 9 7 4 7 7 6 5 6 5 3 4 4 7 5 3 5 1 6 5
20 6 6 349 10 10 10 7 3 8 6 6 6 4 6 3 4 4 6 6 2 4 6 3 5
20 6 6 350 10 10 10 8 2 8 7 5 6 5 5 3 4 5 5 6 2 5 5 3 5
20 6 6 351 10 10 7 9 4 6 7 7 5 6 7 1 5 6 4 5 7 2 3 3 5
20 6 6 351 10 10 10 6 4 8 6 6 6 5 5 3 4 6 4 6 2 7 3 3 5
20 6 6 352 9 11 8 9 3 7 6 7 6 3 8 2 5 3 6 6 4 4 2 5 5
20 6 6 352 9 11 10 7 3 8 7 5 6 5 6 2 4 5 6 5 2 5 6 2 5
20 6 6 352 11 9 8 7 5 6 7 7 5 5 7 2 4 7 2 7 4 5 4 2 5
20 6 6 352 11 9 8 9 3 6 8 6 5 5 7 2 4 6 3 7 4 3 6 2 5
20 6 6 352 11 9 9 8 3 8 4 8 5 6 6 2 3 7 6 4 3 5 4 3 5
20 6 6 353 8 12 9 6 5 7 7 6 6 4 5 4 5 3 5 7 3 5 2 5 5
20 6 6 353 9 11 9 7 4 8 5 7 5 8 3 3 4 6 7 3 5 3 3 4 5
20 6 6 353 11 9 8 8 4 6 7 7 4 7 5 3 3 7 4 6 4 2 7 2 5
20 6 6 353 11 9 9 8 3 7 7 6 5 6 6 2 4 4 9 3 3 5 4 3 5
20 6 6 354 9 11 9 6 5 7 7 6 5 7 4 3 4 7 2 7 5 2 4 4 5
20 6 6 354 10 10 9 9 2 8 5 7 6 4 6 3 4 5 5 6 3 3 7 2 5
20 6 6 354 10 10 10 7 3 8 6 6 5 7 3 4 3 6 6 5 2 4 6 3 5
20 6 6 354 11 9 10 6 4 8 5 7 5 6 6 2 3 6 7 4 2 6 3 4 5
20 6 6 354 12 8 9 7 4 7 6 7 5 6 5 3 4 5 7 4 3 7 1 4 5
20 6 6 355 9 11 9 6 5 6 10 4 5 7 4 3 5 4 5 6 5 2 4 4 5
20 6 6 355 10 10 8 9 3 6 9 5 5 6 7 1 5 4 6 5 6 1 4 4 5
20 6 6 355 10 10 8 9 3 7 6 7 5 6 7 1 4 7 3 6 6 1 4 4 5
20 6 6 355 11 9 8 10 2 7 6 7 5 6 6 2 4 5 8 3 4 4 5 2 5
20 6 6 356 9 11 9 9 2 7 8 5 5 6 5 3 4 3 8 5 3 3 3 6 5
20 6 6 356 11 9 10 8 2 8 6 6 5 6 6 2 3 5 8 4 2 4 5 4 5
20 6 6 356 13 7 8 8 4 5 9 6 4 6 7 2 4 4 7 5 4 4 3 4 5
20 6 6 358 8 12 8 8 4 6 9 5 6 4 5 4 6 1 7 6 4 4 3 4 5
20 6 6 358 8 12 9 9 2 8 6 6 6 4 8 1 4 5 5 6 3 4 3 5 5
20 6 6 358 9 11 8 8 4 7 6 7 6 5 3 5 5 5 4 6 4 4 7 0 5
20 6 6 358 9 11 10 6 4 7 9 4 5 7 4 3 4 5 4 7 4 1 5 5 5
20 6 6 358 10 10 10 6 4 7 9 4 6 5 5 3 5 3 7 5 2 7 3 3 5
20 6 6 358 10 10 11 6 3 8 8 4 6 5 5 3 4 4 6 6 1 6 4 4 5
20 6 6 358 11 9 9 7 4 6 9 5 4 8 4 3 4 4 7 5 5 1 3 6 5
20 6 6 358 11 9 10 7 3 8 6 6 5 7 5 2 3 7 6 4 3 3 6 8 0
20 6 6 359 9 11 9 8 3 7 8 5 5 7 4 3 4 6 3 7 5 0 6 4 5
20 6 6 359 10 10 8 7 5 7 5 8 5 6 7 1 4 8 2 6 6 3 2 4 5
20 6 6 359 10 10 10 5 5 8 5 7 5 7 3 4 3 7 5 5 2 6 4 3 5
20 6 6 359 11 9 7 7 6 5 8 7 4 8 4 3 5 5 6 4 7 3 1 4 5
20 6 6 359 11 9 9 6 5 6 9 5 5 6 6 2 4 7 2 7 4 3 6 7 0
20 6 6 360 9 11 9 8 3 7 8 5 6 4 7 2 5 3 6 6 3 6 0 6 5
20 6 6 360 10 10 9 5 6 7 6 7 5 6 7 1 4 7 3 6 5 4 1 5 5
20 6 6 360 10 10 9 9 2 7 8 5 5 6 7 1 4 5 5 6 5 0 5 5 5
20 6 6 360 11 9 7 9 4 5 9 6 4 8 4 3 5 4 7 4 7 1 3 4 5
20 6 6 360 11 9 8 8 4 6 7 7 5 4 8 2 4 4 7 5 2 8 1 4 5
20 6 6 360 11 9 9 5 6 6 8 6 4 8 4 3 4 5 6 5 5 3 1 6 5
20 6 6 360 12 8 8 9 3 6 8 6 5 6 5 3 5 3 9 3 4 6 2 3 5
20 6 6 361 8 12 9 7 4 8 5 7 6 4 8 1 4 6 4 6 3 6 1 5 5
20 6 6 361 9 11 10 4 6 7 8 5 5 7 4 3 4 6 3 7 4 3 3 5 5
20 6 6 361 9 11 10 5 5 8 6 6 5 8 3 3 4 5 8 3 4 4 2 5 5
20 6 6 361 9 11 10 6 4 8 6 6 6 5 3 5 4 5 4 7 2 4 7 2 5
20 6 6 361 9 11 10 7 3 9 4 7 5 8 3 3 3 7 6 4 4 2 4 5 5
20 6 6 361 10 10 8 8 4 7 5 8 4 8 5 2 3 8 4 5 6 0 5 4 5
20 6 6 361 10 10 10 5 5 7 8 5 5 7 3 4 4 4 8 4 2 6 4 3 5
20 6 6 361 10 10 10 7 3 8 6 6 5 6 7 1 3 7 3 7 4 1 4 6 5
20 6 6 361 11 9 9 7 4 7 6 7 5 5 7 2 3 8 1 8 3 4 5 3 5
20 6 6 361 11 9 10 6 4 7 7 6 4 7 5 3 2 7 4 7 2 2 7 4 5
20 6 6 361 12 8 8 8 4 6 7 7 4 7 7 1 4 5 7 4 6 2 1 6 5
20 6 6 361 12 8 9 8 3 7 6 7 5 5 6 3 3 6 6 5 1 7 6 1 5
20 6 8 346 10 10 7 8 5 6 6 8 5 6 6 2 5 5 5 5 6 4 1 4 5
20 6 8 346 10 10 8 8 4 6 8 6 5 6 6 2 5 3 7 5 5 3 2 5 5
20 6 8 346 10 10 9 8 3 7 7 6 5 6 6 2 4 4 6 6 4 2 3 6 5
20 6 8 346 11 9 7 8 5 5 8 7 5 5 6 3 5 4 5 6 4 6 3 2 5
20 6 8 346 11 9 9 6 5 7 6 7 5 7 4 3 4 6 5 5 4 4 5 2 5
20 6 8 347 9 11 8 7 5 6 8 6 5 7 3 4 5 4 5 6 5 3 3 4 5
20 6 8 347 10 10 7 10 3 6 7 7 5 6 6 2 5 4 6 5 6 2 3 4 5
20 6 8 348 8 12 9 7 4 7 8 5 6 5 6 2 5 4 4 7 4 3 4 4 5
20 6 8 348 10 10 9 6 5 7 6 7 5 6 6 2 4 5 5 6 4 4 1 6 5
20 6 8 349 9 11 8 8 4 6 9 5 6 5 5 3 6 3 4 7 5 4 2 4 5
20 6 8 349 9 11 9 8 3 8 5 7 6 5 5 3 4 5 6 5 2 6 5 2 5
20 6 8 349 11 9 9 6 5 6 8 6 5 5 6 3 4 4 5 7 2 6 3 4 5
20 6 8 351 8 12 8 7 5 7 6 7 6 5 6 2 5 6 2 7 5 4 3 3 5
20 6 8 351 8 12 8 9 3 7 7 6 6 5 6 2 5 5 3 7 5 2 5 3 5
20 6 8 351 11 9 8 8 4 6 8 6 5 7 4 3 5 4 7 4 5 3 6 1 5
20 6 8 351 11 9 9 8 3 7 7 6 5 7 4 3 4 5 6 5 4 2 7 2 5
20 6 8 352 11 9 8 8 4 7 5 8 5 7 4 3 4 7 4 5 5 3 6 1 5
20 6 8 352 11 9 10 6 4 7 8 5 5 7 4 3 4 4 7 5 3 3 6 3 5
20 6 8 354 9 11 10 7 3 8 7 5 6 6 4 3 4 5 6 5 2 4 7 7 0
20 6 8 354 11 9 8 8 4 5 10 5 5 5 6 3 5 2 7 6 3 5 4 3 5
20 6 8 354 11 9 10 6 4 8 5 7 5 7 4 3 3 7 4 6 3 3 6 3 5
20 6 8 355 9 11 9 6 5 7 7 6 6 5 5 3 5 5 2 8 4 5 1 5 5
20 6 8 356 8 12 9 8 3 9 3 8 6 6 5 2 4 6 6 4 4 4 3 4 5
20 6 8 356 10 10 6 10 4 5 8 7 5 6 6 2 6 3 7 4 7 3 2 3 5
20 6 8 356 10 10 9 7 4 7 7 6 6 5 4 4 5 3 7 5 2 8 2 3 5
20 6 8 356 10 10 10 6 4 7 8 5 5 6 6 2 4 3 7 6 3 3 2 7 5
20 6 8 356 11 9 8 9 3 7 5 8 5 6 5 3 4 4 9 3 3 6 3 3 5
20 6 8 357 12 8 8 9 3 6 7 7 5 4 9 1 4 4 6 6 3 5 3 4 5
20 6 8 358 9 11 10 5 5 7 8 5 5 7 3 4 4 4 5 7 3 3 3 6 5
20 6 8 358 10 10 8 10 2 8 4 8 6 5 7 1 4 7 5 4 4 4 6 6 0
20 6 8 359 8 12 8 10 2 8 5 7 6 6 5 2 5 4 8 3 5 3 4 3 5
20 6 8 359 9 11 8 6 6 6 8 6 6 5 5 3 6 4 3 7 5 6 0 4 5
20 6 8 359 9 11 9 7 4 7 8 5 6 6 4 3 5 5 4 6 4 3 8 0 5
20 6 8 359 10 10 8 9 3 6 9 5 6 4 8 1 5 5 3 7 4 3 7 6 0
20 6 8 359 11 9 11 4 5 8 6 6 5 7 4 3 3 6 5 6 2 4 5 4 5
20 6 8 360 8 12 9 7 4 8 5 7 6 5 6 2 4 7 1 8 4 3 4 4 5
20 6 8 360 8 12 9 8 3 8 5 7 6 4 7 2 4 4 6 6 2 6 1 6 5
20 6 8 360 8 12 10 6 4 8 6 6 5 7 4 3 3 6 4 7 3 1 6 5 5
20 6 8 360 8 12 10 8 2 9 5 6 6 6 5 2 4 4 8 4 3 3 4 5 5
20 6 8 360 9 11 9 5 6 6 9 5 5 7 3 4 5 3 6 6 4 4 2 5 5
20 6 8 360 9 11 9 9 2 8 6 6 7 3 7 2 5 4 5 6 2 7 4 2 5
20 6 8 360 10 10 9 6 5 6 9 5 5 6 6 2 5 2 8 5 4 4 1 6 5
20 6 8 360 10 10 9 9 2 7 8 5 6 5 4 4 5 2 8 5 2 6 4 3 5
20 6 8 360 11 9 10 7 3 8 6 6 5 7 7 0 3 7 6 4 3 4 5 3 5
20 6 8 361 7 13 8 8 4 7 6 7 5 6 6 2 4 5 4 7 5 1 2 7 5
20 6 8 361 8 12 9 8 3 7 8 5 5 7 4 3 4 4 6 6 4 0 7 4 5
20 6 8 361 8 12 10 5 5 8 6 6 6 5 6 2 4 6 2 8 3 4 3 5 5
20 6 8 361 9 11 8 5 7 6 7 7 5 7 3 4 5 5 4 6 5 5 1 4 5
20 6 8 361 9 11 8 9 3 6 9 5 6 4 6 3 6 1 6 7 5 1 5 4 5
20 6 8 361 9 11 10 8 2 8 7 5 6 5 5 3 4 3 8 5 1 5 6 3 5
20 6 8 361 9 11 10 8 2 9 4 7 6 5 5 3 3 6 5 6 1 5 6 3 5
20 6 8 361 10 10 9 9 2 7 7 6 5 5 7 2 3 5 5 7 2 2 8 3 5
20 6 8 361 11 9 7 10 3 6 7 7 5 7 4 3 5 5 6 4 6 2 7 0 5
20 6 8 361 11 9 11 6 3 8 7 5 5 7 4 3 3 5 6 6 2 2 7 4 5
20 6 8 361 13 7 8 7 5 6 6 8 4 8 4 3 4 5 8 3 5 4 3 3 5
20 6 9 344 9 11 8 7 5 6 8 6 5 7 4 3 5 4 5 6 5 3 3 4 5
20 6 9 344 11 9 8 8 4 6 7 7 5 5 7 2 4 5 4 7 3 5 4 3 5
20 6 9 346 9 11 9 7 4 7 7 6 5 7 4 3 4 5 4 7 4 2 4 5 5
20 6 9 349 10 10 8 8 4 7 5 8 5 6 7 1 4 6 4 6 5 3 2 5 5
20 6 9 350 9 11 8 8 4 6 9 5 6 5 6 2 6 3 4 7 5 4 2 4 5
20 6 9 350 10 10 8 8 4 6 8 6 5 6 7 1 5 3 7 5 5 3 2 5 5
20 6 9 350 10 10 9 8 3 7 7 6 5 6 7 1 4 4 6 6 4 2 3 6 5
20 6 9 351 10 10 7 10 3 6 7 7 5 6 7 1 5 4 6 5 6 2 3 4 5
20 6 9 351 11 9 8 7 5 5 10 5 5 6 6 2 5 4 5 6 4 4 5 7 0
20 6 9 351 11 9 9 8 3 7 7 6 5 7 5 2 4 5 6 5 4 2 7 2 5
20 6 9 352 10 10 9 6 5 7 6 7 5 6 7 1 4 5 5 6 4 4 1 6 5
20 6 9 352 11 9 8 8 4 7 5 8 5 7 5 2 4 7 4 5 5 3 6 1 5
20 6 9 352 11 9 10 6 4 7 8 5 5 7 5 2 4 4 7 5 3 3 6 3 5
20 6 9 353 10 10 10 7 3 8 6 6 6 5 5 3 4 4 6 6 1 7 3 4 5
20 6 9 353 11 9 7 10 3 5 9 6 5 5 7 2 5 3 6 6 4 4 5 2 5
20 6 9 354 9 11 8 8 4 7 6 7 6 5 6 2 5 6 1 8 5 4 2 4 5
20 6 9 354 9 11 8 9 3 6 9 5 5 7 4 3 5 3 6 6 5 1 5 4 5
20 6 9 354 9 11 10 7 3 8 7 5 6 6 5 2 4 5 6 5 2 4 7 7 0
20 6 9 354 10 10 9 7 4 7 7 6 6 5 5 3 5 3 7 5 2 8 2 3 5
20 6 9 354 11 9 10 6 4 8 5 7 5 7 5 2 3 7 4 6 3 3 6 3 5
20 6 9 355 8 12 8 9 3 7 7 6 6 5 7 1 5 5 3 7 5 2 5 3 5
20 6 9 355 9 11 9 5 6 7 6 7 5 7 4 3 4 6 3 7 4 4 2 5 5
20 6 9 355 9 11 10 5 5 7 8 5 5 7 4 3 4 4 5 7 3 3 3 6 5
20 6 9 355 10 10 8 10 2 7 6 7 5 6 7 1 4 5 5 6 5 1 4 5 5
20 6 9 356 9 11 9 6 5 7 7 6 6 5 6 2 5 5 2 8 4 5 1 5 5
20 6 9 357 9 11 8 8 4 7 6 7 7 3 5 4 6 3 4 7 3 7 4 1 5
20 6 9 357 9 11 9 5 6 6 9 5 5 7 4 3 5 3 6 6 4 4 2 5 5
20 6 9 357 10 10 9 7 4 8 4 8 6 5 5 3 4 6 4 6 2 8 2 3 5
20 6 9 358 10 10 6 10 4 6 5 9 5 6 7 1 5 6 4 5 7 3 2 3 5
20 6 9 358 10 10 8 7 5 6 8 6 5 7 6 1 5 5 5 5 6 2 3 9 0
20 6 9 358 10 10 9 8 3 7 7 6 5 7 3 4 4 3 9 4 2 5 5 3 5
20 6 9 358 10 10 9 9 2 7 8 5 6 5 5 3 5 2 8 5 2 6 4 3 5
20 6 9 358 10 10 10 6 4 8 5 7 5 7 3 4 3 5 7 5 1 6 4 4 5
20 6 9 359 9 11 9 7 4 6 10 4 5 7 4 3 5 2 7 6 4 2 4 5 5
20 6 9 359 10 10 9 5 6 6 8 6 5 6 4 4 4 5 3 8 2 6 4 3 5
20 6 9 359 11 9 9 8 3 7 7 6 5 7 5 2 4 4 9 3 3 4 5 8 0
20 6 9 359 11 9 9 9 2 8 4 8 5 6 6 2 3 5 8 4 2 5 4 4 5
20 6 9 359 11 9 11 4 5 8 6 6 5 7 5 2 3 6 5 6 2 4 5 4 5
20 6 9 359 13 7 9 7 4 7 5 8 4 8 5 2 3 6 7 4 4 3 4 4 5
20 6 9 360 7 13 10 7 3 9 5 6 6 7 3 3 4 5 6 5 3 3 5 4 5
20 6 9 360 9 11 8 6 6 6 8 6 6 5 6 2 6 4 3 7 5 6 0 4 5
20 6 9 360 9 11 9 8 3 8 5 7 5 8 3 3 4 4 9 3 4 3 3 5 5
20 6 9 360 10 10 10 6 4 8 5 7 5 6 7 1 3 6 4 7 3 3 2 7 5
20 6 9 361 9 11 8 8 4 8 3 9 5 8 3 3 4 6 7 3 5 4 2 4 5
20 6 9 361 10 10 10 6 4 7 9 4 6 6 4 3 5 3 7 5 2 6 4 8 0
20 6 9 361 11 9 7 9 4 5 9 6 5 6 6 2 6 2 7 5 6 4 0 5 5
20 6 9 361 11 9 7 10 3 6 7 7 5 7 5 2 5 5 6 4 6 2 7 0 5
20 6 9 361 11 9 11 6 3 8 7 5 5 7 5 2 3 5 6 6 2 2 7 4 5
20 6 11 344 11 9 8 7 5 6 7 7 5 7 4 3 5 4 5 6 4 5 4 2 5
20 6 11 349 10 10 8 9 3 7 6 7 6 5 7 1 5 4 6 5 3 6 4 7 0
20 6 11 349 10 10 9 7 4 7 7 6 6 5 7 1 5 4 4 7 3 5 5 2 5
20 6 11 350 11 9 8 9 3 6 8 6 5 7 4 3 5 3 6 6 4 3 6 2 5
20 6 11 350 12 8 9 8 3 7 6 7 5 6 7 1 4 4 6 6 3 4 4 4 5
20 6 11 351 12 8 8 8 4 6 7 7 5 6 7 1 5 3 7 5 4 5 3 3 5
20 6 11 352 8 12 8 9 3 8 4 8 6 6 5 2 5 4 6 5 4 5 2 4 5
20 6 11 352 11 9 10 5 5 7 7 6 5 7 4 3 4 4 5 7 2 5 4 4 5
20 6 11 353 8 12 9 7 4 7 7 6 5 7 4 3 4 4 4 8 3 2 5 5 5
20 6 11 353 11 9 9 7 4 6 9 5 5 7 4 3 5 2 7 6 3 4 5 3 5
20 6 11 354 9 11 9 8 3 7 7 6 5 6 7 1 4 3 6 7 3 2 4 6 5
20 6 11 354 10 10 8 9 3 7 6 7 6 5 7 1 5 5 3 7 4 4 6 1 5
20 6 11 354 12 8 7 10 3 6 6 8 5 6 7 1 5 4 6 5 5 4 4 2 5
20 6 11 355 11 9 9 5 6 6 8 6 5 7 4 3 5 3 6 6 3 6 3 3 5
20 6 11 355 11 9 10 7 3 7 8 5 5 7 4 3 4 3 6 7 2 3 6 4 5
20 6 11 355 12 8 8 8 4 7 4 9 5 6 7 1 4 6 4 6 4 5 3 3 5
20 6 11 356 8 12 9 7 4 8 5 7 6 6 5 2 5 3 7 5 3 6 1 5 5
20 6 11 356 12 8 9 6 5 7 5 8 5 6 7 1 4 5 5 6 3 6 2 4 5
20 6 11 357 11 9 7 9 4 5 9 6 5 7 4 3 6 2 7 5 5 4 5 1 5
20 6 11 357 11 9 10 7 3 8 6 6 6 6 5 2 4 5 6 5 1 6 8 5 0
20 6 11 358 8 12 8 8 4 7 6 7 6 5 6 2 5 5 1 9 4 4 3 4 5
20 6 11 358 8 12 9 8 3 8 6 6 6 7 4 2 5 4 6 5 4 3 4 9 0
20 6 11 358 9 11 8 10 2 7 6 7 5 6 7 1 4 4 5 7 4 1 5 5 5
20 6 11 358 9 11 9 6 5 7 7 6 6 6 4 3 5 5 2 8 3 5 6 1 5
20 6 11 358 11 9 7 7 6 6 5 9 5 7 4 3 5 6 3 6 5 6 3 1 5
20 6 11 358 11 9 9 5 6 7 5 8 5 7 4 3 4 6 3 7 3 6 3 3 5
20 6 11 358 12 8 10 6 4 7 7 6 5 6 7 1 4 3 7 6 2 5 3 5 5
20 6 11 359 8 12 9 9 2 8 6 6 6 6 5 2 5 2 8 5 3 4 3 5 5
20 6 11 359 9 11 9 7 4 7 7 6 6 5 5 3 5 2 7 6 1 8 3 3 5
20 6 11 359 9 11 10 7 3 9 4 7 6 7 3 3 4 5 6 5 2 5 6 2 5
20 6 11 359 10 10 7 9 4 5 9 6 5 6 6 2 6 1 7 6 5 4 1 5 5
20 6 11 360 8 12 9 9 2 9 3 8 6 6 5 2 4 5 5 6 3 4 3 5 5
20 6 11 360 8 12 10 7 3 9 4 7 6 6 5 2 4 4 6 6 2 5 2 6 5
20 6 11 360 9 11 9 7 4 8 4 8 6 5 5 3 4 5 4 7 1 8 3 3 5
20 6 11 360 9 11 10 7 3 8 6 6 6 5 5 3 4 3 6 7 0 7 4 4 5
20 6 11 360 10 10 8 9 3 6 9 5 6 5 7 1 6 2 6 6 4 4 6 1 5
20 6 11 360 11 9 8 6 6 5 10 5 5 8 3 3 6 3 6 5 5 4 5 6 0
20 6 11 360 11 9 9 9 2 8 5 7 6 6 5 2 4 6 5 5 2 5 9 4 0
20 6 11 360 12 8 10 7 3 7 8 5 5 7 6 1 4 4 6 6 2 6 2 5 5
20 6 11 361 8 12 9 6 5 8 5 7 6 7 4 2 5 5 5 5 4 5 2 9 0
20 6 11 361 9 11 9 6 5 7 7 6 5 9 1 4 5 4 5 6 5 2 4 4 5
20 6 11 361 12 8 10 6 4 7 7 6 4 9 4 2 3 5 7 5 2 5 3 5 5
20 6 12 349 9 11 8 7 5 7 5 8 5 8 3 3 5 4 5 6 5 3 3 4 5
20 6 12 352 10 10 8 8 4 6 8 6 6 5 5 3 6 2 4 8 3 6 4 2 5
20 6 12 354 9 11 9 7 4 7 7 6 5 8 3 3 5 2 7 6 4 2 4 5 5
20 6 12 355 10 10 9 8 3 8 4 8 5 7 6 1 4 4 6 6 4 2 3 6 5
20 6 12 356 9 11 7 9 4 6 7 7 5 8 3 3 6 2 7 5 6 2 4 3 5
20 6 12 356 9 11 9 8 3 8 5 7 5 8 6 0 4 5 6 5 4 3 3 5 5
20 6 12 357 9 11 8 9 3 7 6 7 6 5 6 2 5 4 3 8 3 4 7 1 5
20 6 12 357 10 10 7 10 3 7 4 9 5 7 6 1 5 4 6 5 6 2 3 4 5
20 6 12 357 10 10 9 9 2 8 5 7 5 8 5 1 4 5 5 6 4 3 2 6 5
20 6 12 357 11 9 10 6 4 7 7 6 5 6 6 2 4 2 7 7 1 5 4 5 5
20 6 12 358 7 13 8 9 3 8 4 8 6 6 4 3 5 3 6 6 3 5 3 4 5
20 6 12 358 11 9 10 7 3 7 8 5 5 7 5 2 4 3 6 7 1 6 3 5 5
20 6 12 358 12 8 9 6 5 6 8 6 4 9 5 1 4 5 5 6 4 3 5 3 5
20 6 12 359 8 12 8 9 3 8 4 8 6 6 6 1 5 5 3 7 5 2 5 3 5
20 6 12 359 9 11 10 5 5 8 5 7 5 8 3 3 4 4 5 7 3 3 3 6 5
20 6 12 359 10 10 9 7 4 7 7 6 5 8 5 1 5 3 7 5 4 5 0 6 5
20 6 12 359 10 10 9 9 2 8 5 7 6 6 4 3 5 2 8 5 2 6 4 3 5
20 6 12 359 10 10 10 6 4 7 8 5 5 7 6 1 4 3 7 6 1 6 4 4 5
20 6 12 359 10 10 10 6 4 8 5 7 5 7 6 1 3 6 4 7 1 6 4 4 5
20 6 12 360 10 10 9 7 4 8 4 8 6 6 4 3 5 3 7 5 2 8 2 3 5
20 6 12 360 10 10 10 6 4 8 5 7 5 7 6 1 4 3 7 6 3 3 2 7 5
20 6 12 360 10 10 10 7 3 8 6 6 5 8 5 1 4 4 6 6 3 4 1 7 5
20 6 12 360 10 10 10 8 2 8 6 6 5 7 6 1 3 5 5 7 1 4 6 4 5
20 6 12 360 12 8 8 8 4 6 7 7 4 9 5 1 4 6 4 6 5 2 6 2 5
20 6 12 361 7 13 8 8 4 7 7 6 6 7 3 3 6 3 4 7 5 2 6 2 5
20 6 12 361 8 12 10 7 3 8 7 5 6 6 6 1 5 2 6 7 3 2 5 5 5
20 6 12 361 11 9 7 9 4 6 6 8 6 4 8 1 6 3 4 7 4 7 2 2 5
20 6 12 361 11 9 8 7 5 6 7 7 5 7 5 2 5 5 2 8 5 2 7 1 5
20 6 12 361 11 9 8 8 4 6 7 7 4 8 7 0 4 5 4 7 5 2 2 6 5
20 6 14 353 9 11 8 8 4 7 5 8 5 7 6 1 5 3 4 8 4 3 3 5 5
20 6 14 354 11 9 8 7 5 6 7 7 5 8 3 3 6 2 5 7 4 5 4 2 5
20 6 14 356 11 9 9 8 3 7 7 6 5 8 6 0 5 3 6 6 3 5 4 3 5
20 6 14 359 8 12 8 9 3 8 4 8 6 7 4 2 6 2 6 6 4 5 2 4 5
20 6 14 359 11 9 9 7 4 7 6 7 4 10 4 1 4 4 7 5 3 4 5 3 5
20 6 14 360 9 11 7 10 3 6 7 7 5 7 6 1 6 1 6 7 5 2 4 4 5
20 6 14 360 9 11 8 9 3 7 6 7 6 6 4 3 6 1 6 7 2 7 4 2 5
20 6 14 361 10 10 10 6 4 8 5 7 5 8 4 2 4 4 4 8 2 3 7 3 5
20 6 14 361 11 9 9 6 5 7 6 7 5 8 6 0 5 4 5 6 3 7 2 3 5
20 6 15 357 10 10 8 9 3 7 5 8 5 7 6 1 5 2 6 7 2 6 4 3 5
20 6 15 358 12 8 8 7 5 6 6 8 4 9 5 1 5 3 5 7 4 4 4 3 5
20 6 15 361 11 9 8 7 5 6 7 7 5 8 4 2 6 3 2 9 4 5 4 2 5
