16 6 -6 221 8 8 7 6 3 6 5 5 2 8 3 2 5 3 3 5 4 2 6 4 0
16 6 -6 225 8 8 8 4 4 6 6 4 2 8 3 2 5 2 4 5 3 3 5 5 0
16 6 -4 214 8 8 7 6 3 6 5 5 3 6 4 2 5 2 6 3 3 5 3 5 0
16 6 -4 223 8 8 8 4 4 7 3 6 3 6 4 2 4 4 4 4 2 6 2 6 0
16 6 -3 215 7 9 7 5 4 6 5 5 4 4 5 2 5 4 1 6 3 5 4 4 0
16 6 -3 217 7 9 7 7 2 6 6 4 4 4 5 2 5 3 2 6 3 3 6 4 0
16 6 -3 220 7 9 8 5 3 6 7 3 4 4 5 2 5 2 3 6 2 4 5 5 0
16 6 -3 224 7 9 7 6 3 6 5 5 3 6 3 3 5 1 6 4 4 3 1 3 5
16 6 -1 217 9 7 7 5 4 5 6 5 3 5 4 3 4 3 4 5 3 4 3 1 5
16 6 -1 219 8 8 7 7 2 6 5 5 4 3 7 1 4 3 5 4 2 5 3 6 0
16 6 -1 221 7 9 8 4 4 6 6 4 4 4 4 3 4 3 4 5 1 6 3 6 0
16 6 -1 222 6 10 6 7 3 5 6 5 3 5 4 3 4 3 3 6 4 1 4 2 5
16 6 -1 222 6 10 7 6 3 6 6 4 4 5 4 2 5 2 6 3 4 3 2 7 0
16 6 -1 224 6 10 7 7 2 7 3 6 4 4 5 2 4 3 5 4 3 4 1 3 5
16 6 0 220 7 9 7 5 4 5 7 4 3 6 3 3 4 3 4 5 4 2 2 3 5
16 6 0 221 8 8 6 6 4 5 5 6 3 5 6 1 4 4 4 4 5 3 0 3 5
16 6 0 221 8 8 7 6 3 6 4 6 3 5 6 1 3 5 3 5 4 2 1 4 5
16 6 0 221 9 7 8 4 4 6 5 5 3 6 4 2 3 5 4 4 3 3 4 1 5
16 6 0 222 9 7 7 5 4 4 9 3 3 5 5 2 4 3 4 5 3 3 4 6 0
16 6 0 223 8 8 6 8 2 5 6 5 3 5 6 1 4 3 5 4 5 1 2 3 5
16 6 0 224 7 9 8 6 2 7 4 5 4 4 5 2 3 4 5 4 1 5 4 1 5
16 6 0 225 9 7 7 6 3 6 4 6 3 6 4 2 3 6 3 4 4 2 5 0 5
16 6 2 220 9 7 6 7 3 5 5 6 4 3 6 2 4 4 3 5 4 3 4 0 5
16 6 2 220 10 6 7 5 4 5 6 5 3 6 5 1 3 6 4 3 4 3 3 6 0
16 6 2 223 7 9 7 6 3 6 4 6 3 5 6 1 2 6 3 5 3 2 2 4 5
16 6 2 223 9 7 8 5 3 6 5 5 3 6 3 3 2 6 3 5 2 3 4 2 5
16 6 2 223 10 6 7 6 3 5 6 5 3 5 6 1 3 4 6 3 3 4 2 2 5
16 6 2 225 8 8 7 5 4 6 4 6 3 7 3 2 3 6 4 3 5 2 1 3 5
16 6 2 225 8 8 8 5 3 6 6 4 3 7 3 2 3 4 6 3 4 1 2 4 5
16 6 3 222 9 7 8 5 3 6 5 5 3 6 4 2 2 5 6 3 2 3 4 2 5
16 6 3 222 10 6 7 6 3 5 6 5 3 6 3 3 3 4 6 3 3 4 2 2 5
16 6 3 223 8 8 6 7 3 5 5 6 3 5 6 1 3 4 6 3 4 3 0 4 5
16 6 3 223 9 7 7 6 3 6 4 6 4 4 6 1 3 6 3 4 3 5 2 1 5
16 6 3 225 6 10 7 7 2 7 3 6 5 3 4 3 4 3 5 4 3 4 1 3 5
16 6 3 225 8 8 7 7 2 6 4 6 3 5 6 1 2 5 5 4 3 2 1 5 5
16 6 3 225 9 7 7 8 1 6 5 5 4 4 6 1 3 5 4 4 3 3 4 1 5
16 6 5 216 7 9 8 5 3 7 4 5 5 4 4 2 3 6 3 4 2 4 5 5 0
16 6 5 218 7 9 6 7 3 5 6 5 4 5 3 3 4 4 3 5 5 1 3 2 5
16 6 5 218 7 9 7 5 4 5 7 4 4 5 3 3 4 3 4 5 4 2 2 3 5
16 6 5 220 8 8 6 6 4 5 5 6 4 4 6 1 4 4 4 4 5 3 0 3 5
16 6 5 220 8 8 7 6 3 6 4 6 4 4 6 1 3 5 3 5 4 2 1 4 5
16 6 5 221 9 7 7 5 4 4 9 3 4 4 5 2 4 3 4 5 3 3 4 6 0
16 6 5 222 8 8 6 8 2 5 6 5 4 4 6 1 4 3 5 4 5 1 2 3 5
16 6 5 222 8 8 7 7 2 6 5 5 5 3 4 3 4 3 5 4 2 6 2 1 5
16 6 5 223 7 9 6 5 5 5 5 6 4 5 3 3 4 5 2 5 5 3 1 2 5
16 6 5 223 9 7 5 8 3 4 6 6 4 3 6 2 4 4 3 5 4 4 3 0 5
16 6 5 223 9 7 6 8 2 5 6 5 4 5 4 2 4 3 8 1 4 3 4 5 0
16 6 5 224 8 8 7 6 3 6 4 6 4 5 2 4 3 4 6 3 2 5 3 1 5
16 6 5 225 7 9 8 6 2 7 4 5 5 3 5 2 3 4 5 4 1 5 4 1 5
16 6 5 225 7 9 8 7 1 7 5 4 5 4 4 2 3 5 4 4 2 2 7 5 0
16 6 5 225 8 8 8 5 3 6 5 5 3 6 4 2 2 4 6 4 3 0 3 5 5
16 6 6 219 6 10 7 6 3 6 5 5 5 3 4 3 4 3 3 6 3 3 2 3 5
16 6 6 222 6 10 6 6 4 5 6 5 5 3 4 3 5 2 4 5 4 4 1 2 5
16 6 6 222 9 7 7 6 3 5 7 4 5 3 4 3 4 4 3 5 2 4 8 2 0
16 6 6 224 6 10 5 8 3 5 5 6 5 3 4 3 5 3 3 5 5 3 2 1 5
16 6 6 224 9 7 7 6 3 6 4 6 4 5 5 1 3 5 6 2 3 5 2 1 5
16 6 6 225 7 9 8 5 3 6 6 4 4 5 4 2 3 3 6 4 2 4 0 5 5
16 6 6 225 9 7 7 5 4 5 6 5 3 7 3 2 3 5 4 4 5 1 1 4 5
16 6 8 219 8 8 6 6 4 5 5 6 4 5 5 1 4 4 4 4 5 3 0 3 5
16 6 8 219 8 8 7 6 3 6 4 6 4 5 5 1 3 5 3 5 4 2 1 4 5
16 6 8 221 7 9 7 5 4 5 7 4 4 6 2 3 4 3 4 5 4 2 2 3 5
16 6 8 221 8 8 6 8 2 5 6 5 4 5 5 1 4 3 5 4 5 1 2 3 5
16 6 8 221 9 7 7 5 4 4 9 3 4 5 4 2 4 3 4 5 3 3 4 6 0
16 6 8 224 7 9 8 5 3 6 6 4 4 6 2 3 3 4 3 6 3 1 3 4 5
16 6 8 224 7 9 8 6 2 7 4 5 5 4 4 2 3 4 5 4 1 5 4 1 5
16 6 8 224 9 7 6 7 3 4 7 5 3 6 3 3 3 3 6 4 3 2 5 1 5
16 6 8 224 10 6 6 6 4 4 7 5 4 4 7 0 4 4 4 4 4 4 2 6 0
16 6 8 225 8 8 5 8 3 5 4 7 4 5 5 1 4 5 3 4 6 2 1 2 5
16 6 8 225 8 8 6 7 3 5 5 6 3 7 3 2 3 4 6 3 5 0 3 3 5
16 6 9 218 9 7 7 6 3 6 4 6 4 6 4 1 3 5 6 2 3 4 3 6 0
16 6 9 219 7 9 7 5 4 5 7 4 4 6 3 2 4 3 4 5 4 2 2 3 5
16 6 9 223 9 7 7 5 4 4 9 3 4 5 5 1 4 3 4 5 3 3 4 6 0
16 6 9 224 8 8 8 6 2 7 3 6 5 3 5 2 3 3 5 5 1 4 4 2 5
16 6 9 225 8 8 8 7 1 7 4 5 5 4 4 2 3 4 4 5 1 5 3 2 5
16 6 11 218 9 7 7 5 4 5 6 5 4 6 3 2 4 3 4 5 3 4 3 1 5
16 6 11 220 8 8 7 7 2 6 5 5 5 4 6 0 4 3 5 4 2 5 3 6 0
16 6 11 220 9 7 6 7 3 5 5 6 4 6 3 2 4 4 3 5 4 3 4 0 5
16 6 11 220 9 7 8 5 3 6 5 5 4 6 3 2 3 4 3 6 2 3 4 2 5
16 6 11 225 9 7 7 7 2 5 7 4 4 6 3 2 4 2 5 5 3 2 5 1 5
16 6 12 214 9 7 7 5 4 5 6 5 4 6 4 1 4 3 4 5 3 3 4 6 0
16 6 12 220 7 9 7 7 2 6 5 5 5 4 5 1 4 2 5 5 1 5 4 6 0
16 6 12 222 7 9 7 5 4 6 4 6 4 7 2 2 4 3 4 5 4 2 2 3 5
16 6 12 222 9 7 6 8 2 5 5 6 4 5 5 1 4 2 5 5 3 3 4 1 5
16 6 12 222 9 7 7 6 3 6 3 7 4 5 5 1 3 4 3 6 2 4 3 2 5
16 6 12 223 8 8 7 5 4 5 6 5 4 6 2 3 4 2 4 6 2 4 4 1 5
16 6 12 224 9 7 6 7 3 4 8 4 4 6 4 1 5 1 6 4 4 2 5 5 0
16 6 15 222 8 8 7 6 3 6 4 6 4 7 4 0 4 3 3 6 2 4 4 6 0
