17 6 -4 251 9 8 8 5 4 6 6 5 3 6 4 3 5 2 4 6 3 4 4 1 5
17 6 -4 252 8 9 8 7 2 7 5 5 4 4 7 1 5 2 5 5 2 5 4 6 0
17 6 -4 252 9 8 7 7 3 6 5 6 3 6 4 3 5 3 3 6 4 3 5 0 5
17 6 -4 255 10 7 8 6 3 6 6 5 2 8 4 2 4 3 6 4 3 4 3 2 5
17 6 -3 253 9 8 8 6 3 7 4 6 3 7 4 2 4 4 6 3 3 5 3 1 5
17 6 -3 254 7 10 7 7 3 7 3 7 4 4 6 2 5 3 3 6 4 4 1 3 5
17 6 -3 254 11 6 7 6 4 5 6 6 2 7 5 2 4 4 4 5 4 4 2 2 5
17 6 -3 254 11 6 8 6 3 6 6 5 3 6 6 1 4 4 6 3 2 6 5 4 0
17 6 -1 250 7 10 7 7 3 6 6 5 4 5 4 3 5 3 3 6 5 1 4 2 5
17 6 -1 251 8 9 8 6 3 6 7 4 3 7 4 2 4 3 6 4 4 2 2 4 5
17 6 -1 252 7 10 7 5 5 6 5 6 4 5 4 3 5 4 2 6 5 3 2 2 5
17 6 -1 252 8 9 8 6 3 7 4 6 3 7 4 2 3 6 3 5 4 2 2 4 5
17 6 -1 253 8 9 8 6 3 7 4 6 4 5 3 4 4 3 6 4 2 5 4 1 5
17 6 -1 254 7 10 6 7 4 5 7 5 4 5 4 3 6 2 4 5 6 2 3 1 5
17 6 -1 254 10 7 8 6 3 6 5 6 2 7 5 2 2 5 6 4 2 3 4 3 5
17 6 -1 255 9 8 8 5 4 5 9 3 4 4 6 2 5 2 4 6 3 3 5 6 0
17 6 -1 256 7 10 8 5 4 7 4 6 4 5 4 3 4 5 1 7 4 2 3 3 5
17 6 -1 256 8 9 8 4 5 6 6 5 3 7 4 2 4 4 5 4 4 4 0 4 5
17 6 -1 256 8 9 9 4 4 7 5 5 3 7 4 2 3 5 4 5 3 3 1 5 5
17 6 -1 256 8 9 9 6 2 7 6 4 3 7 4 2 3 4 5 5 3 1 3 5 5
17 6 -1 256 10 7 7 7 3 6 4 7 3 5 7 1 3 6 3 5 3 5 2 2 5
17 6 0 245 8 9 8 6 3 6 7 4 4 5 4 3 4 3 6 4 2 4 5 6 0
17 6 0 248 10 7 8 5 4 6 5 6 3 6 4 3 3 5 4 5 3 3 4 2 5
17 6 0 251 8 9 8 7 2 7 4 6 4 4 5 3 3 4 5 5 1 5 4 2 5
17 6 0 252 10 7 6 7 4 5 5 7 3 6 4 3 4 5 4 4 5 3 4 0 5
17 6 0 252 10 7 7 7 3 5 7 5 3 6 4 3 4 3 6 4 4 2 5 1 5
17 6 0 253 7 10 8 6 3 7 5 5 4 6 4 2 4 4 6 3 4 2 3 8 0
17 6 0 253 8 9 8 5 4 6 7 4 5 3 6 2 5 3 4 5 2 7 2 6 0
17 6 0 254 8 9 8 7 2 6 8 3 5 3 6 2 5 2 5 5 2 5 4 6 0
17 6 0 255 6 11 8 7 2 7 6 4 5 4 4 3 5 2 5 5 3 4 2 3 5
17 6 0 255 11 6 8 6 3 6 5 6 3 5 7 1 3 4 6 4 3 3 3 3 5
17 6 0 256 6 11 8 6 3 7 5 5 4 6 2 4 4 3 6 4 3 3 3 3 5
17 6 0 256 7 10 7 5 5 5 8 4 4 5 5 2 5 4 2 6 5 2 3 7 0
17 6 0 256 11 6 8 7 2 6 6 5 3 6 6 1 3 5 5 4 3 4 2 3 5
17 6 2 247 8 9 7 6 4 6 5 6 4 5 6 1 4 5 4 4 5 3 1 3 5
17 6 2 248 9 8 8 6 3 7 4 6 4 6 4 2 3 6 6 2 3 4 4 6 0
17 6 2 249 7 10 8 5 4 6 7 4 4 6 3 3 4 4 4 5 4 2 3 3 5
17 6 2 250 8 9 7 8 2 6 6 5 4 5 6 1 4 4 5 4 5 1 3 3 5
17 6 2 250 9 8 8 5 4 5 9 3 4 5 5 2 4 4 4 5 3 3 5 6 0
17 6 2 251 8 9 8 6 3 7 4 6 4 5 6 1 3 6 3 5 4 2 2 4 5
17 6 2 253 8 9 7 5 5 5 7 5 4 5 3 4 5 2 5 5 5 2 2 3 5
17 6 2 254 8 9 6 8 3 5 7 5 4 5 6 1 5 3 6 3 6 2 2 2 5
17 6 2 254 8 9 6 8 3 6 4 7 4 5 6 1 4 6 3 4 6 2 2 2 5
17 6 2 254 9 8 7 8 2 6 5 6 4 4 6 2 3 6 2 6 3 3 5 1 5
17 6 2 254 10 7 6 8 3 5 6 6 4 4 8 0 4 6 3 4 5 3 4 5 0
17 6 2 256 7 10 8 6 3 7 4 6 4 5 4 3 3 4 6 4 2 5 0 5 5
17 6 2 256 7 10 9 5 3 7 6 4 4 6 3 3 3 5 3 6 3 1 4 4 5
17 6 2 256 9 8 7 6 4 5 7 5 3 7 3 3 4 3 7 3 5 2 1 4 5
17 6 3 246 8 9 7 6 4 6 5 6 4 6 3 3 4 5 4 4 5 3 1 3 5
17 6 3 247 7 10 7 7 3 6 5 6 4 4 6 2 3 5 3 6 3 3 2 4 5
17 6 3 249 8 9 7 8 2 6 6 5 4 6 3 3 4 4 5 4 5 1 3 3 5
17 6 3 249 8 9 8 6 3 6 7 4 4 6 3 3 4 3 6 4 4 2 2 4 5
17 6 3 249 10 7 7 7 3 5 7 5 4 4 6 2 4 3 6 4 3 5 2 2 5
17 6 3 251 10 7 6 9 2 5 6 6 4 4 6 2 4 4 5 4 4 4 3 1 5
17 6 3 253 10 7 6 7 4 5 5 7 4 4 6 2 4 5 4 4 4 6 1 1 5
17 6 3 253 10 7 8 5 4 6 5 6 4 4 6 2 3 5 4 5 2 6 1 3 5
17 6 3 254 7 10 9 5 3 7 6 4 4 6 4 2 3 4 6 4 3 1 4 4 5
17 6 3 254 8 9 8 4 5 6 6 5 4 6 3 3 4 4 5 4 4 4 0 4 5
17 6 3 254 8 9 9 4 4 7 5 5 4 6 3 3 3 5 4 5 3 3 1 5 5
17 6 3 254 8 9 9 6 2 7 6 4 4 6 3 3 3 4 5 5 3 1 3 5 5
17 6 3 255 7 10 8 7 2 7 5 5 4 6 4 2 3 5 5 4 4 0 5 3 5
17 6 3 255 8 9 9 5 3 7 5 5 4 5 4 3 3 3 6 5 3 0 4 5 5
17 6 3 255 9 8 6 7 4 4 8 5 3 6 5 2 4 4 4 5 6 0 3 3 5
17 6 3 255 10 7 8 4 5 5 8 4 4 5 5 2 4 4 5 4 3 5 2 7 0
17 6 3 255 10 7 8 6 3 5 9 3 4 5 5 2 4 3 6 4 3 3 4 7 0
17 6 3 256 9 8 7 5 5 5 6 6 3 6 5 2 3 6 2 6 5 1 2 4 5
17 6 3 256 9 8 8 7 2 6 7 4 4 5 6 1 3 5 5 4 3 1 7 6 0
17 6 5 245 8 9 8 6 3 6 7 4 5 4 4 3 4 3 6 4 2 4 5 6 0
17 6 5 246 10 7 8 5 4 6 5 6 4 5 4 3 3 5 4 5 3 3 4 2 5
17 6 5 250 10 7 6 7 4 5 5 7 4 5 4 3 4 5 4 4 5 3 4 0 5
17 6 5 250 10 7 7 7 3 5 7 5 4 5 4 3 4 3 6 4 4 2 5 1 5
17 6 5 252 8 9 8 7 2 7 4 6 5 3 5 3 3 4 5 5 1 5 4 2 5
17 6 5 253 8 9 8 6 3 6 6 5 3 7 4 2 2 5 6 4 3 1 3 5 5
17 6 5 255 6 11 8 6 3 7 5 5 5 5 2 4 4 3 6 4 3 3 3 3 5
17 6 5 255 8 9 6 9 2 6 4 7 5 3 5 3 4 4 5 4 3 5 4 0 5
17 6 5 255 10 7 8 5 4 5 8 4 4 5 4 3 4 2 7 4 3 3 4 2 5
17 6 5 255 10 7 9 3 5 6 6 5 4 5 4 3 3 4 5 5 2 4 3 3 5
17 6 5 256 7 10 7 5 5 5 8 4 5 4 5 2 5 4 2 6 5 2 3 7 0
17 6 5 256 9 8 9 5 3 7 5 5 4 6 4 2 2 7 3 5 2 3 5 2 5
17 6 5 256 10 7 8 6 3 6 6 5 4 5 7 0 3 5 6 3 3 4 3 2 5
17 6 5 256 10 7 9 4 4 6 7 4 4 6 3 3 3 5 4 5 2 5 2 3 5
17 6 6 248 9 8 8 6 3 6 6 5 5 3 5 3 4 2 6 5 2 4 4 2 5
17 6 6 248 10 7 7 6 4 5 7 5 4 6 4 2 4 4 7 2 4 4 3 6 0
17 6 6 249 9 8 8 7 2 6 7 4 5 4 4 3 4 3 5 5 2 5 3 2 5
17 6 6 250 8 9 8 6 3 6 7 4 5 4 5 2 4 3 6 4 2 5 4 1 5
17 6 6 250 10 7 7 7 3 6 4 7 4 5 5 2 3 5 6 3 3 5 2 2 5
17 6 6 251 8 9 8 6 3 7 4 6 5 4 5 2 3 6 3 5 2 5 4 1 5
17 6 6 251 8 9 9 5 3 7 6 4 5 5 4 2 3 6 3 5 2 3 6 6 0
17 6 6 251 9 8 8 6 3 6 6 5 4 6 2 4 3 4 6 4 2 4 4 2 5
17 6 6 252 9 8 6 8 3 5 6 6 4 5 6 1 4 5 3 5 6 1 2 3 5
17 6 6 253 7 10 8 7 2 7 4 6 4 5 5 2 2 5 5 5 2 2 3 5 5
17 6 6 253 8 9 7 5 5 5 7 5 4 6 3 3 4 5 2 6 5 2 2 3 5
17 6 6 253 9 8 8 5 4 6 6 5 5 4 4 3 4 4 4 5 2 7 1 2 5
17 6 6 254 8 9 8 6 3 7 4 6 4 7 2 3 3 5 6 3 4 2 2 4 5
17 6 6 255 8 9 7 7 3 5 8 4 4 6 3 3 4 4 3 6 5 0 4 3 5
17 6 6 255 8 9 9 4 4 7 5 5 5 4 5 2 3 5 4 5 1 6 3 2 5
17 6 6 255 9 8 9 4 4 7 4 6 5 3 5 3 3 4 4 6 1 5 3 3 5
17 6 6 255 9 8 9 5 3 7 5 5 5 4 4 3 3 5 3 6 1 6 2 3 5
17 6 6 255 10 7 8 4 5 6 5 6 4 6 4 2 3 6 5 3 3 5 2 7 0
17 6 6 255 10 7 8 7 2 6 6 5 4 5 5 2 3 3 8 3 2 4 3 3 5
17 6 6 256 8 9 7 6 4 6 5 6 4 7 2 3 4 4 7 2 5 3 1 3 5
17 6 6 256 9 8 6 7 4 5 5 7 3 7 4 2 3 6 4 4 6 0 3 3 5
17 6 6 256 10 7 8 5 4 6 5 6 4 5 5 2 3 4 7 3 2 6 1 3 5
17 6 6 256 10 7 8 6 3 6 6 5 5 3 7 1 3 6 3 5 1 6 6 4 0
17 6 8 246 8 9 8 6 3 6 7 4 5 5 3 3 4 3 6 4 2 4 5 6 0
17 6 8 248 10 7 8 5 4 6 5 6 4 6 3 3 3 5 4 5 3 3 4 2 5
17 6 8 249 8 9 7 7 3 6 5 6 5 4 4 3 4 3 6 4 2 6 3 1 5
17 6 8 250 7 10 6 8 3 5 7 5 5 4 5 2 5 3 3 6 5 2 3 2 5
17 6 8 250 10 7 7 5 5 5 6 6 4 6 3 3 4 4 5 4 4 4 3 1 5
17 6 8 251 7 10 8 5 4 6 6 5 4 6 3 3 3 4 4 6 3 1 4 4 5
17 6 8 251 8 9 8 7 2 7 4 6 5 4 4 3 3 4 5 5 1 5 4 2 5
17 6 8 252 7 10 7 6 4 6 5 6 5 4 5 2 4 5 1 7 4 3 2 3 5
17 6 8 252 7 10 7 7 3 7 3 7 5 5 4 2 4 4 6 3 4 4 1 3 5
17 6 8 252 10 7 6 7 4 5 5 7 4 6 3 3 4 5 4 4 5 3 4 0 5
17 6 8 252 10 7 7 7 3 5 7 5 4 6 3 3 4 3 6 4 4 2 5 1 5
17 6 8 253 7 10 6 6 5 5 6 6 5 4 5 2 5 4 2 6 5 4 1 2 5
17 6 8 253 8 9 7 8 2 6 5 6 4 5 6 1 3 4 5 5 4 0 4 4 5
17 6 8 255 9 8 6 8 3 4 9 4 5 3 7 1 5 3 3 6 4 3 5 5 0
17 6 8 255 10 7 8 6 3 6 6 5 4 6 6 0 3 5 6 3 3 4 3 2 5
17 6 8 256 7 10 7 5 5 5 8 4 5 5 4 2 5 4 2 6 5 2 3 7 0
17 6 8 256 9 8 7 9 1 6 6 5 5 4 6 1 4 3 7 3 3 3 5 6 0
17 6 8 256 10 7 9 5 3 6 7 4 4 6 3 3 3 3 6 5 2 2 5 3 5
17 6 9 245 8 9 8 6 3 6 7 4 5 5 4 2 4 3 6 4 2 4 5 6 0
17 6 9 247 10 7 8 5 4 6 5 6 4 6 4 2 3 5 4 5 3 3 4 2 5
17 6 9 251 8 9 8 7 2 7 4 6 5 4 5 2 3 4 5 5 1 5 4 2 5
17 6 9 251 9 8 6 7 4 5 5 7 4 5 6 1 4 4 4 5 5 3 0 4 5
17 6 9 251 10 7 6 7 4 5 5 7 4 6 4 2 4 5 4 4 5 3 4 0 5
17 6 9 251 10 7 7 7 3 5 7 5 4 6 4 2 4 3 6 4 4 2 5 1 5
17 6 9 253 7 10 7 7 3 6 5 6 4 6 4 2 3 5 3 6 4 0 5 3 5
17 6 9 253 8 9 9 4 4 7 5 5 5 5 4 2 3 5 4 5 1 5 4 7 0
17 6 9 253 10 7 7 7 3 6 4 7 4 6 4 2 3 6 3 5 4 2 5 1 5
17 6 9 254 6 11 8 6 3 7 5 5 5 6 2 3 4 3 6 4 3 3 3 3 5
17 6 9 254 10 7 8 7 2 6 6 5 4 6 4 2 3 4 5 5 3 1 6 2 5
17 6 9 255 8 9 6 6 5 4 8 5 4 6 3 3 5 2 5 5 5 3 1 3 5
17 6 9 255 8 9 9 6 2 7 6 4 5 5 4 2 3 4 5 5 1 3 6 7 0
17 6 9 256 10 7 8 5 4 5 8 4 4 6 4 2 4 2 7 4 3 3 4 2 5
17 6 9 256 10 7 9 3 5 6 6 5 4 6 4 2 3 4 5 5 2 4 3 3 5
17 6 11 249 10 7 8 6 3 6 6 5 5 5 4 2 4 3 6 4 1 6 6 4 0
17 6 11 253 9 8 6 8 3 5 6 6 5 4 6 1 5 3 3 6 4 4 4 0 5
17 6 11 253 9 8 7 7 3 6 4 7 4 6 4 2 3 5 3 6 3 2 6 1 5
17 6 11 254 8 9 8 6 3 7 4 6 5 6 2 3 4 3 6 4 2 5 4 1 5
17 6 11 254 11 6 7 7 3 5 6 6 4 5 6 1 4 2 6 5 3 4 2 3 5
17 6 11 256 7 10 6 8 3 6 4 7 5 5 4 2 5 2 6 4 4 5 0 3 5
17 6 11 256 10 7 6 6 5 4 7 6 4 6 3 3 5 2 5 5 4 5 2 1 5
17 6 12 253 7 10 6 8 3 6 4 7 5 5 5 1 5 3 3 6 5 2 3 2 5
17 6 12 253 7 10 8 6 3 7 4 6 5 5 5 1 4 3 3 7 3 2 3 4 5
17 6 12 254 8 9 7 7 3 6 5 6 4 7 5 0 4 3 6 4 4 3 1 4 5
17 6 12 254 9 8 8 5 4 6 5 6 4 6 5 1 3 4 4 6 1 6 2 3 5
17 6 12 255 8 9 6 8 3 5 6 6 5 4 5 2 5 2 3 7 3 4 5 0 5
17 6 14 255 9 8 8 5 4 6 5 6 4 7 3 2 4 2 4 7 2 3 5 2 5
17 6 14 256 7 10 7 7 3 6 6 5 6 4 5 1 6 1 3 7 2 6 4 5 0
