18 8 -24 284 9 9 8 7 3 7 5 6 5 6 6 1 6 2 3 7 1 4 5 3 4
18 8 -24 286 9 9 6 9 3 6 5 7 5 6 6 1 7 2 3 6 3 4 5 1 4
18 8 -24 289 10 8 8 8 2 7 5 6 4 8 6 0 5 3 5 5 1 4 4 4 4
18 8 -21 283 9 9 8 7 3 7 5 6 4 9 3 2 5 3 6 4 2 2 6 4 3
18 8 -21 286 8 10 6 9 3 6 5 7 4 8 5 1 6 2 6 4 4 2 2 6 3
18 8 -21 286 9 9 7 6 5 5 8 5 4 8 4 2 6 3 2 7 3 2 6 3 3
18 8 -21 286 10 8 8 6 4 6 7 5 5 6 5 2 6 2 4 6 0 7 5 2 3
18 8 -21 288 10 8 7 7 4 6 5 7 4 7 7 0 5 5 1 7 3 2 5 4 3
18 8 -21 289 8 10 9 5 4 7 7 4 5 8 2 3 6 2 4 6 1 4 5 4 3
18 8 -20 287 8 10 8 6 4 7 5 6 4 9 4 1 5 4 4 5 3 2 3 4 5
18 8 -17 275 10 8 7 8 3 6 6 6 5 6 5 2 6 2 6 4 2 5 5 2 3
18 8 -17 275 10 8 8 6 4 7 4 7 5 6 5 2 5 4 4 5 1 6 4 3 3
18 8 -17 277 10 8 8 8 2 7 5 6 5 6 5 2 5 3 5 5 1 4 6 3 3
18 8 -17 281 10 8 9 6 3 7 6 5 5 6 5 2 5 2 6 5 0 5 5 4 3
18 8 -17 282 10 8 6 10 2 6 5 7 5 6 5 2 6 3 5 4 3 4 6 1 3
18 8 -17 283 9 9 8 6 4 6 7 5 4 8 4 2 5 3 4 6 3 0 6 5 3
18 8 -17 283 10 8 8 6 4 6 7 5 4 8 6 0 5 4 4 5 3 3 2 6 3
18 8 -17 284 8 10 8 7 3 7 6 5 6 5 5 2 6 3 3 6 1 5 7 1 3
18 8 -17 285 7 11 8 8 2 7 6 5 5 6 5 2 5 2 5 6 1 2 6 5 3
18 8 -17 285 9 9 7 8 3 6 6 6 5 5 7 1 6 1 6 5 2 5 1 6 3
18 8 -17 287 10 8 7 7 4 5 8 5 5 5 6 2 6 3 1 8 2 4 6 2 3
18 8 -17 288 7 11 7 9 2 7 5 6 6 4 7 1 6 3 2 7 2 4 4 4 3
18 8 -17 288 7 11 8 7 3 7 6 5 6 4 7 1 6 2 3 7 1 5 3 5 3
18 8 -17 288 9 9 8 5 5 6 7 5 5 7 2 4 6 2 5 5 1 6 5 2 3
18 8 -17 288 9 9 9 5 4 7 6 5 5 7 2 4 5 3 4 6 0 5 6 3 3
18 8 -17 289 7 11 9 6 3 8 4 6 5 6 5 2 4 4 3 7 0 3 5 6 3
18 8 -12 272 8 10 8 6 4 7 5 6 5 7 3 3 5 4 4 5 3 2 5 4 3
18 8 -12 279 10 8 7 9 2 6 6 6 5 5 6 2 5 3 5 5 2 3 7 2 3
18 8 -12 281 8 10 7 8 3 6 7 5 5 7 3 3 6 2 6 4 4 1 6 3 3
18 8 -12 281 9 9 8 6 4 6 7 5 5 6 3 4 5 3 4 6 1 4 7 2 3
18 8 -12 281 10 8 7 7 4 5 8 5 4 7 7 0 5 4 4 5 4 2 3 5 3
18 8 -12 282 9 9 7 7 4 6 6 6 6 4 5 3 6 4 1 7 2 6 5 1 3
18 8 -12 285 9 9 6 8 4 5 7 6 5 5 7 1 6 4 1 7 5 1 5 3 3
18 8 -12 285 9 9 8 7 3 6 8 4 6 4 5 3 6 2 3 7 1 5 6 2 3
18 8 -12 285 10 8 9 7 2 7 6 5 5 5 6 2 4 3 5 6 0 3 7 4 3
18 8 -12 286 6 12 8 8 2 8 4 6 6 5 4 3 5 3 5 5 1 4 5 4 3
18 8 -12 286 8 10 8 8 2 7 6 5 5 7 3 3 5 3 5 5 3 0 7 4 3
18 8 -12 286 8 10 9 6 3 7 7 4 5 7 3 3 5 2 6 5 2 1 6 5 3
18 8 -12 286 8 10 9 7 2 8 5 5 5 7 6 0 4 5 5 4 2 2 5 5 3
18 8 -12 286 10 8 8 7 3 6 7 5 4 7 7 0 4 5 3 6 3 1 4 6 3
18 8 -12 286 11 7 8 8 2 7 4 7 4 7 6 1 3 6 5 4 1 4 5 4 3
18 8 -12 287 9 9 8 5 5 6 7 5 6 4 5 3 6 3 2 7 1 7 4 2 3
18 8 -12 287 9 9 8 6 4 6 7 5 5 5 7 1 5 4 1 8 3 1 5 5 3
18 8 -12 287 9 9 9 5 4 7 6 5 4 9 3 2 4 4 7 3 2 3 3 6 3
18 8 -12 287 11 7 9 6 3 7 5 6 4 7 6 1 3 5 6 4 0 5 4 5 3
18 8 -12 288 7 11 7 8 3 6 7 5 5 6 5 2 6 1 6 5 4 1 2 7 3
18 8 -12 289 8 10 7 8 3 7 4 7 6 4 6 2 6 2 6 4 2 7 0 5 3
18 8 -12 289 8 10 10 4 4 8 5 5 5 7 3 3 4 4 4 6 1 2 5 6 3
18 8 -12 289 9 9 7 7 4 5 9 4 6 4 5 3 7 1 4 6 2 6 5 1 3
18 8 -12 289 10 8 7 7 4 6 5 7 4 7 7 0 4 7 1 6 4 2 3 5 3
18 8 -12 289 10 8 8 5 5 6 6 6 4 7 7 0 4 6 2 6 3 3 2 6 3
18 8 -12 289 11 7 8 5 5 6 6 6 4 8 5 1 4 7 2 5 3 3 6 2 3
18 8 -9 276 10 8 8 7 3 6 7 5 5 5 6 2 5 2 6 5 2 3 5 3 4
18 8 -9 277 10 8 9 5 4 7 5 6 5 5 6 2 4 4 4 6 1 4 4 4 4
18 8 -9 278 10 8 9 6 3 7 6 5 5 6 5 2 4 5 3 6 1 5 3 4 4
18 8 -9 279 9 9 8 6 4 6 7 5 5 6 3 4 5 3 4 6 2 3 6 2 4
18 8 -9 279 9 9 9 5 4 7 6 5 5 6 6 1 4 5 4 5 1 5 4 3 4
18 8 -9 279 10 8 7 9 2 6 6 6 5 5 6 2 5 3 5 5 3 2 6 2 4
18 8 -9 280 11 7 7 8 3 6 5 7 4 7 6 1 4 5 6 3 3 4 3 3 4
18 8 -9 283 9 9 6 8 4 5 7 6 5 6 3 4 6 3 4 5 4 3 6 0 4
18 8 -9 283 10 8 9 7 2 7 6 5 5 5 6 2 4 3 5 6 1 2 6 4 4
18 8 -9 284 8 10 7 6 5 5 8 5 5 5 5 3 6 1 5 6 3 4 1 5 4
18 8 -9 284 9 9 9 7 2 7 7 4 5 6 6 1 4 4 5 5 1 3 6 3 4
18 8 -9 284 10 8 9 5 4 7 5 6 4 8 3 3 3 6 4 5 1 4 4 4 4
18 8 -9 284 11 7 8 6 4 6 6 6 4 7 6 1 4 4 7 3 2 5 2 4 4
18 8 -9 285 9 9 8 7 3 7 5 6 4 9 3 2 4 5 6 3 4 1 3 5 4
18 8 -9 286 6 12 8 8 2 8 4 6 6 5 4 3 5 3 5 5 2 3 4 4 4
18 8 -9 286 8 10 8 8 2 7 5 6 4 7 6 1 3 5 5 5 2 1 4 6 4
18 8 -9 286 10 8 9 8 1 7 7 4 5 6 5 2 4 4 4 6 1 3 5 4 4
18 8 -9 286 11 7 8 8 2 7 4 7 4 7 6 1 3 6 5 4 2 3 4 4 4
18 8 -9 286 11 7 9 6 3 7 5 6 4 7 6 1 3 5 6 4 1 4 3 5 4
18 8 -9 287 11 7 7 7 4 5 7 6 4 6 7 1 4 6 1 7 3 3 4 3 4
18 8 -9 288 10 8 7 7 4 5 8 5 4 7 7 0 5 4 4 5 5 1 2 5 4
18 8 -9 288 10 8 9 6 3 6 9 3 5 6 5 2 5 2 6 5 1 5 3 4 4
18 8 -9 289 8 10 9 6 3 7 6 5 4 7 6 1 3 4 6 5 1 2 3 7 4
18 8 -9 289 10 8 9 5 4 6 8 4 4 8 3 3 4 3 7 4 1 4 4 4 4
18 8 -8 277 10 8 7 7 4 6 5 7 5 5 6 2 5 4 4 5 3 5 2 2 5
18 8 -8 280 10 8 7 9 2 6 6 6 5 5 6 2 5 3 5 5 3 3 4 2 5
18 8 -8 280 10 8 8 7 3 6 7 5 5 5 6 2 5 2 6 5 2 4 3 3 5
18 8 -8 281 9 9 8 6 4 6 7 5 5 6 3 4 5 3 4 6 2 4 4 2 5
18 8 -8 283 7 11 6 9 3 6 5 7 5 5 6 2 5 4 3 6 4 2 3 3 5
18 8 -8 284 10 8 9 5 4 7 5 6 5 5 6 2 4 4 4 6 1 5 2 4 5
18 8 -8 285 7 11 8 7 3 7 5 6 5 5 6 2 4 4 3 7 2 2 3 5 5
18 8 -8 285 10 8 6 9 3 5 7 6 5 5 6 2 6 2 6 4 4 4 3 1 5
18 8 -8 285 10 8 8 5 5 6 6 6 5 5 6 2 5 3 5 5 2 6 1 3 5
18 8 -8 287 8 10 7 8 3 6 7 5 6 4 6 2 6 3 3 6 3 4 5 0 5
18 8 -8 287 8 10 8 6 4 7 5 6 6 4 6 2 5 4 4 5 1 7 2 7 0
18 8 -8 288 8 10 8 7 3 7 5 6 5 6 4 3 4 5 3 6 2 2 7 1 5
18 8 -8 288 9 9 7 6 5 5 8 5 5 6 3 4 6 2 5 5 3 5 3 1 5
18 8 -8 289 7 11 7 9 2 6 7 5 5 5 6 2 5 2 5 6 3 1 4 4 5
18 8 -8 289 10 8 7 7 4 5 8 5 5 5 6 2 6 1 7 4 3 5 2 2 5
18 8 -5 282 9 9 8 6 4 6 7 5 4 8 4 2 4 5 4 5 4 1 3 4 5
18 8 -5 283 11 7 7 7 4 5 7 6 4 6 7 1 4 5 4 5 3 4 3 2 5
18 8 -5 284 9 9 8 6 4 7 4 7 5 6 3 4 4 5 4 5 2 4 5 1 5
18 8 -5 285 10 8 9 6 3 7 6 5 5 6 5 2 4 4 6 4 1 6 2 3 5
18 8 -5 287 8 10 8 5 5 6 7 5 5 6 4 3 5 4 2 7 4 1 4 3 5
18 8 -5 287 9 9 7 8 3 6 6 6 5 6 3 4 5 3 6 4 3 3 6 0 5
18 8 -5 288 8 10 8 6 4 6 7 5 5 5 5 3 5 1 7 5 2 4 1 5 5
18 8 -5 288 9 9 9 6 3 7 6 5 5 6 3 4 4 3 6 5 1 3 6 2 5
18 8 -5 289 6 12 8 7 3 7 6 5 6 4 5 3 5 3 3 7 2 3 4 3 5
18 8 -5 289 10 8 7 9 2 7 3 8 5 5 6 2 4 5 5 4 3 3 5 1 5
18 8 0 278 8 10 7 7 4 6 6 6 5 6 4 3 5 4 4 5 5 1 4 2 5
18 8 0 282 8 10 9 5 4 7 6 5 5 6 4 3 4 4 4 6 3 1 4 4 5
18 8 0 283 10 8 7 8 3 6 5 7 5 4 7 2 4 5 3 6 3 3 5 1 5
18 8 0 284 8 10 8 7 3 7 5 6 5 6 4 3 4 5 3 6 4 0 5 3 5
18 8 0 285 9 9 8 6 4 6 7 5 4 8 4 2 4 4 7 3 4 2 2 4 5
18 8 0 285 11 7 8 7 3 6 6 6 4 6 7 1 3 5 6 4 2 4 3 3 5
18 8 0 286 8 10 8 5 5 7 4 7 5 6 4 3 4 6 2 6 4 2 3 3 5
18 8 0 287 9 9 7 7 4 5 8 5 5 5 4 4 5 3 4 6 3 3 6 0 5
18 8 0 287 9 9 8 6 4 7 4 7 4 8 4 2 3 7 4 4 4 2 2 4 5
18 8 0 287 9 9 9 6 3 7 6 5 4 8 4 2 3 5 6 4 3 1 3 5 5
18 8 0 287 11 7 8 6 4 6 6 6 4 7 6 1 3 7 4 4 3 3 4 7 0
18 8 0 288 9 9 8 5 5 6 6 6 5 5 4 4 4 5 2 7 2 4 5 1 5
18 8 0 288 10 8 9 5 4 6 8 4 5 5 6 2 4 4 4 6 2 2 6 7 0
18 8 0 288 10 8 9 6 3 6 8 4 4 7 4 3 3 4 6 5 1 3 5 3 5
18 8 0 289 6 12 7 9 2 7 5 6 6 4 5 3 5 3 5 5 3 3 4 2 5
18 8 0 289 8 10 8 7 3 6 8 4 5 6 4 3 5 2 6 5 4 0 5 3 5
18 8 0 289 10 8 9 4 5 6 7 5 4 7 4 3 3 5 5 5 1 5 3 3 5
18 8 3 269 8 10 8 6 4 6 7 5 5 5 5 3 4 4 4 6 2 4 3 5 3
18 8 3 273 8 10 8 6 4 7 5 6 5 7 3 3 4 6 4 4 4 2 5 3 3
18 8 3 275 11 7 7 8 3 5 8 5 5 5 5 3 5 3 6 4 3 5 4 2 3
18 8 3 277 9 9 7 9 2 6 6 6 5 4 8 1 4 4 5 5 3 3 3 5 3
18 8 3 278 11 7 7 6 5 5 7 6 5 5 5 3 5 4 5 4 3 7 2 2 3
18 8 3 279 10 8 7 9 2 6 6 6 5 5 6 2 4 5 5 4 3 3 7 1 3
18 8 3 279 10 8 8 7 3 7 4 7 5 5 6 2 3 7 3 5 2 4 6 2 3
18 8 3 279 11 7 7 7 4 5 7 6 4 6 7 1 4 5 4 5 5 1 3 5 3
18 8 3 280 7 11 7 8 3 6 7 5 5 6 5 2 5 3 6 4 5 1 2 6 3
18 8 3 280 7 11 8 6 4 7 5 6 5 6 5 2 4 5 4 5 4 2 1 7 3
18 8 3 280 9 9 8 7 3 6 7 5 5 4 8 1 4 3 6 5 2 4 2 6 3
18 8 3 280 10 8 7 7 4 6 5 7 4 8 3 3 4 5 7 2 5 2 3 4 3
18 8 3 280 11 7 9 6 3 6 8 4 5 5 5 3 4 3 6 5 1 5 4 4 3
18 8 3 281 8 10 9 6 3 7 7 4 5 7 3 3 4 4 6 4 3 1 6 4 3
18 8 3 281 10 8 9 7 2 7 6 5 5 5 6 2 3 5 5 5 1 3 7 3 3
18 8 3 282 10 8 6 6 6 4 8 6 4 7 4 3 5 5 3 5 6 2 3 3 3
18 8 3 283 8 10 8 7 3 6 8 4 6 3 7 2 5 3 3 7 2 5 2 5 3
18 8 3 284 9 9 8 6 4 6 7 5 5 5 7 1 4 6 1 7 4 1 5 4 3
18 8 3 284 10 8 8 4 6 5 8 5 4 7 4 3 4 5 3 6 4 2 3 5 3
18 8 3 285 7 11 8 8 2 7 6 5 5 6 5 2 4 4 5 5 4 0 3 7 3
18 8 3 285 8 10 8 8 2 7 6 5 5 7 3 3 4 5 5 4 4 0 7 3 3
18 8 3 285 8 10 8 8 2 8 3 7 6 4 6 2 4 5 5 4 2 6 1 5 3
18 8 3 285 10 8 9 5 4 7 5 6 4 8 3 3 3 5 7 3 3 2 3 6 3
18 8 3 285 11 7 8 5 5 5 8 5 4 6 7 1 4 4 5 5 4 2 2 6 3
18 8 3 285 11 7 8 6 4 5 9 4 5 5 5 3 5 2 7 4 2 6 3 3 3
18 8 3 286 8 10 9 4 5 6 8 4 5 5 5 3 4 3 5 6 1 5 2 6 3
18 8 3 286 8 10 9 6 3 8 4 6 5 7 3 3 3 7 3 5 3 1 6 4 3
18 8 3 286 8 10 10 4 4 8 5 5 5 7 3 3 3 6 4 5 2 2 5 5 3
18 8 3 286 9 9 6 8 4 5 7 6 5 5 7 1 5 6 1 6 6 1 5 2 3
18 8 3 286 10 8 7 6 5 4 10 4 4 7 4 3 5 3 5 5 5 1 4 4 3
18 8 3 286 10 8 10 5 3 7 7 4 5 5 6 2 3 4 6 5 0 4 6 4 3
18 8 3 286 11 7 9 4 5 6 7 5 5 5 5 3 4 4 5 5 1 7 2 4 3
18 8 3 287 8 10 9 6 3 6 9 3 5 5 5 3 4 2 6 6 1 3 4 6 3
18 8 3 287 9 9 9 5 4 6 9 3 6 4 5 3 5 3 4 6 1 6 5 2 3
18 8 3 287 9 9 9 5 4 7 6 5 6 4 5 3 4 6 1 7 1 6 5 2 3
18 8 3 288 8 10 9 7 2 8 4 6 5 6 4 3 3 4 8 3 1 4 3 6 3
18 8 3 288 9 9 7 8 3 5 9 4 5 5 7 1 5 4 3 6 5 0 6 3 3
18 8 3 288 9 9 9 7 2 7 6 5 5 4 8 1 3 4 5 6 1 3 3 7 3
18 8 3 288 9 9 9 7 2 7 7 4 6 4 5 3 4 5 2 7 1 4 7 2 3
18 8 3 289 7 11 8 6 4 6 8 4 5 6 5 2 5 2 7 4 4 2 1 7 3
18 8 3 289 8 10 8 6 4 5 10 3 5 5 5 3 5 1 7 5 2 4 3 5 3
18 8 3 289 8 10 8 8 2 7 6 5 6 4 6 2 5 2 8 3 2 6 1 5 3
18 8 3 289 9 9 9 6 3 7 6 5 5 6 3 4 3 6 3 6 1 3 8 2 3
18 8 3 289 11 7 5 9 4 4 7 7 4 6 7 1 5 5 4 4 7 1 3 3 3
18 8 3 289 11 7 9 5 4 6 7 5 4 6 7 1 3 5 4 6 3 1 3 7 3
18 8 4 268 10 8 7 7 4 5 8 5 5 5 6 2 5 4 4 5 4 4 3 3 3
18 8 4 269 10 8 8 7 3 6 7 5 5 5 6 2 4 5 3 6 3 3 4 4 3
18 8 4 276 10 8 8 5 5 6 6 6 5 5 6 2 4 6 2 6 3 5 2 4 3
18 8 4 276 10 8 9 5 4 6 8 4 5 5 6 2 4 4 4 6 2 4 3 5 3
18 8 4 278 8 10 9 6 3 7 6 5 5 5 5 3 3 4 6 5 0 5 4 5 3
18 8 4 278 10 8 7 8 3 5 8 5 4 7 4 3 4 4 6 4 4 1 6 3 3
18 8 4 278 11 7 8 7 3 6 6 6 4 6 7 1 3 5 6 4 3 2 4 5 3
18 8 4 279 10 8 8 5 5 5 9 4 5 5 6 2 5 3 5 5 3 5 2 4 3
18 8 4 279 10 8 9 4 5 6 7 5 4 7 4 3 3 5 5 5 2 3 4 5 3
18 8 4 280 10 8 7 5 6 5 7 6 5 5 6 2 5 5 3 5 4 6 1 3 3
18 8 4 280 10 8 7 9 2 5 9 4 5 5 6 2 5 3 5 5 4 2 5 3 3
18 8 4 281 9 9 9 6 3 7 6 5 5 5 7 1 3 6 3 6 2 2 6 4 3
18 8 4 281 10 8 8 6 4 5 9 4 4 7 4 3 4 3 7 4 3 2 5 4 3
18 8 4 282 9 9 9 5 4 7 6 5 5 7 2 4 4 4 7 3 2 5 3 4 3
18 8 4 283 7 11 8 5 5 6 7 5 5 5 6 2 4 5 2 7 3 3 2 6 3
18 8 4 283 7 11 8 7 3 6 8 4 5 5 6 2 4 4 3 7 3 1 4 6 3
18 8 4 283 10 8 8 7 3 5 10 3 5 5 6 2 5 2 6 5 3 3 4 4 3
18 8 4 284 10 8 9 6 3 6 8 4 4 7 4 3 3 4 6 5 2 1 6 5 3
18 8 4 285 7 11 8 8 2 7 6 5 5 6 5 2 4 3 8 3 3 2 3 6 3
18 8 4 285 7 11 8 8 2 8 3 7 5 6 5 2 3 6 5 4 3 2 3 6 3
18 8 4 285 7 11 9 5 4 7 7 4 5 7 4 2 4 5 4 5 4 0 5 5 3
18 8 4 285 7 11 9 6 3 8 4 6 5 6 5 2 3 5 6 4 2 3 2 7 3
18 8 4 285 9 9 8 6 4 6 7 5 4 8 4 2 4 4 7 3 5 0 3 6 3
18 8 4 285 9 9 8 8 2 6 8 4 5 5 7 1 4 4 5 5 3 1 7 3 3
18 8 4 285 10 8 9 7 2 6 9 3 5 5 6 2 4 3 5 6 2 2 5 5 3
18 8 4 285 11 7 9 6 3 7 5 6 5 5 5 3 3 5 6 4 0 7 4 3 3
18 8 4 286 9 9 9 4 5 6 8 4 5 6 3 4 4 5 2 7 2 4 4 4 3
18 8 4 286 10 8 8 7 3 6 7 5 6 3 5 4 5 2 6 5 1 6 6 1 3
18 8 4 286 10 8 10 5 3 7 7 4 5 5 6 2 3 5 3 7 1 3 4 6 3
18 8 4 286 11 7 8 6 4 6 6 6 5 5 5 3 4 4 7 3 1 8 3 2 3
18 8 4 287 7 11 8 7 3 7 6 5 6 4 7 1 5 3 6 4 3 5 0 6 3
18 8 4 287 8 10 9 5 4 6 9 3 5 6 4 3 4 4 4 6 2 2 7 3 3
18 8 4 287 9 9 6 8 4 4 9 5 4 6 6 2 5 2 7 4 5 2 1 6 3
18 8 4 287 9 9 8 6 4 7 4 7 4 8 4 2 3 7 4 4 5 0 3 6 3
18 8 4 287 9 9 10 5 3 8 5 5 5 7 2 4 3 5 6 4 1 4 4 5 3
18 8 4 287 12 6 8 7 3 5 8 5 4 5 7 2 3 4 6 5 1 4 6 3 3
18 8 4 288 8 10 7 8 3 6 6 6 5 4 9 0 4 5 3 6 4 2 2 6 3
18 8 4 288 11 7 8 8 2 6 7 5 5 5 5 3 4 3 8 3 1 6 5 2 3
18 8 4 289 8 10 9 7 2 7 7 4 6 3 7 2 4 3 5 6 0 6 3 5 3
18 8 4 289 9 9 9 7 2 7 7 4 5 7 2 4 4 3 8 3 2 3 5 4 3
18 8 7 279 10 8 8 6 4 6 6 6 4 7 4 3 3 6 4 5 3 3 4 2 5
18 8 7 284 9 9 7 8 3 5 8 5 4 6 6 2 4 3 6 5 4 2 1 5 5
18 8 7 284 10 8 7 8 3 6 5 7 5 4 7 2 4 5 3 6 4 2 5 1 5
18 8 7 284 11 7 8 7 3 6 6 6 4 6 7 1 3 5 6 4 3 3 3 3 5
18 8 7 286 10 8 9 4 5 6 7 5 4 7 4 3 3 5 5 5 2 4 3 3 5
18 8 7 287 9 9 8 5 5 6 6 6 5 5 4 4 4 5 2 7 3 3 5 1 5
18 8 7 287 10 8 9 6 3 6 8 4 4 7 4 3 3 4 6 5 2 2 5 3 5
18 8 7 288 7 11 9 5 4 7 7 4 5 7 4 2 4 5 4 5 4 1 4 3 5
18 8 7 288 9 9 7 7 4 5 8 5 5 5 4 4 5 3 4 6 4 2 6 0 5
18 8 7 288 9 9 8 6 4 6 7 5 4 8 4 2 4 4 7 3 5 1 2 4 5
18 8 7 288 10 8 8 6 4 5 9 4 4 7 4 3 4 3 7 4 3 3 4 2 5
18 8 7 288 10 8 8 8 2 6 7 5 4 7 4 3 3 5 5 5 3 1 6 2 5
18 8 7 288 11 7 8 6 4 6 6 6 4 7 6 1 3 7 4 4 4 2 4 7 0
18 8 7 289 9 9 7 6 5 6 5 7 4 8 4 2 4 6 5 3 6 2 1 3 5
18 8 7 289 10 8 8 5 5 6 6 6 5 5 6 2 4 6 2 6 3 6 1 2 5
18 8 12 281 8 10 7 9 2 6 7 5 6 3 7 2 5 3 5 5 3 4 5 5 0
18 8 12 282 10 8 7 8 3 6 5 7 5 4 7 2 4 5 3 6 4 3 4 1 5
18 8 12 284 6 12 8 6 4 7 6 5 6 5 4 3 5 4 4 5 4 3 3 7 0
18 8 12 285 9 9 7 7 4 5 8 5 5 5 4 4 5 3 4 6 4 3 5 0 5
18 8 12 285 10 8 9 6 3 6 8 4 4 7 4 3 3 4 6 5 2 3 4 3 5
18 8 12 285 11 7 8 7 3 6 6 6 4 6 7 1 3 5 6 4 3 4 2 3 5
18 8 12 286 9 9 8 5 5 6 6 6 5 5 4 4 4 5 2 7 3 4 4 1 5
18 8 12 287 11 7 8 6 4 6 6 6 4 7 6 1 3 7 4 4 4 3 3 7 0
18 8 12 288 6 12 8 7 3 7 6 5 6 4 5 3 5 2 6 5 3 4 2 3 5
18 8 12 288 9 9 8 6 4 6 7 5 4 8 4 2 4 4 7 3 5 2 1 4 5
18 8 12 288 9 9 9 6 3 7 6 5 4 8 4 2 3 5 6 4 4 1 2 5 5
18 8 12 288 10 8 9 4 5 6 7 5 4 7 4 3 3 5 5 5 2 5 2 3 5
18 8 12 289 6 12 7 9 2 7 5 6 6 4 5 3 5 3 5 5 4 3 3 2 5
18 8 12 289 9 9 9 6 3 8 3 7 5 6 3 4 3 5 6 4 2 4 4 2 5
18 8 15 283 9 9 8 6 4 6 6 6 4 6 6 2 3 5 4 6 3 4 0 5 5
18 8 15 284 11 7 8 6 4 6 6 6 4 7 6 1 3 7 4 4 4 3 4 6 0
18 8 15 285 11 7 8 7 3 6 6 6 4 6 7 1 3 5 6 4 3 4 3 2 5
18 8 15 286 9 9 8 6 4 6 7 5 4 8 4 2 4 4 7 3 5 2 2 3 5
18 8 15 286 9 9 9 6 3 7 6 5 4 8 4 2 3 5 6 4 4 1 3 4 5
18 8 15 287 8 10 8 8 2 7 5 6 5 5 5 3 4 2 8 4 3 3 2 4 5
18 8 15 287 10 8 9 6 3 6 8 4 4 7 4 3 3 4 6 5 2 3 5 2 5
18 8 15 288 9 9 8 6 4 7 4 7 4 8 4 2 3 7 4 4 5 2 2 3 5
18 8 15 288 10 8 9 4 5 6 7 5 4 7 4 3 3 5 5 5 2 5 3 2 5
18 8 16 278 10 8 7 8 3 6 5 7 5 4 7 2 4 5 3 6 4 3 5 1 4
18 8 16 279 11 7 8 7 3 6 6 6 4 6 7 1 3 5 6 4 3 4 3 3 4
18 8 16 281 9 9 8 6 4 6 7 5 4 8 4 2 4 4 7 3 5 2 2 4 4
18 8 16 281 10 8 9 6 3 6 8 4 4 7 4 3 3 4 6 5 2 3 5 3 4
18 8 16 281 10 8 9 6 3 7 5 6 5 4 7 2 3 5 3 7 2 3 5 3 4
18 8 16 282 9 9 7 7 4 5 8 5 5 5 4 4 5 3 4 6 4 3 6 0 4
18 8 16 282 9 9 8 5 5 6 6 6 5 5 4 4 4 5 2 7 3 4 5 1 4
18 8 16 282 9 9 9 6 3 7 6 5 4 8 4 2 3 5 6 4 4 1 3 5 4
18 8 16 282 9 9 9 6 3 7 6 5 5 5 7 1 3 6 3 6 2 4 5 2 4
18 8 16 282 10 8 8 8 2 6 7 5 5 4 7 2 4 3 5 6 3 2 6 2 4
18 8 16 282 10 8 9 4 5 6 7 5 4 7 4 3 3 5 5 5 2 5 3 3 4
18 8 16 283 9 9 8 6 4 7 4 7 4 8 4 2 3 7 4 4 5 2 2 4 4
18 8 16 283 10 8 9 7 2 7 6 5 5 5 6 2 3 6 2 7 2 4 4 3 4
18 8 16 284 6 12 7 9 2 7 5 6 6 4 5 3 5 3 5 5 4 3 4 2 4
18 8 16 285 9 9 9 5 4 6 8 4 5 5 4 4 4 3 4 7 2 3 6 2 4
18 8 16 285 9 9 9 6 3 8 3 7 5 6 3 4 3 5 6 4 2 4 5 2 4
18 8 16 285 11 7 7 9 2 6 5 7 4 6 7 1 3 6 5 4 4 3 4 2 4
18 8 16 286 6 12 8 7 3 8 3 7 6 4 5 3 4 5 3 6 3 4 3 3 4
18 8 16 286 9 9 8 8 2 7 5 6 4 8 4 2 3 6 5 4 5 0 4 4 4
18 8 16 287 6 12 9 7 2 8 5 5 6 4 5 3 4 3 5 6 2 3 4 4 4
18 8 16 287 7 11 7 8 3 6 7 5 6 4 4 4 6 1 6 5 4 5 1 3 4
18 8 16 287 8 10 8 7 3 7 4 7 4 6 7 1 2 7 3 6 3 2 3 5 4
18 8 16 287 9 9 9 4 5 7 5 6 4 8 4 2 3 6 5 4 4 3 1 5 4
18 8 16 287 11 7 7 7 4 6 4 8 4 6 7 1 3 7 4 4 4 5 2 2 4
18 8 16 287 11 7 9 7 2 7 5 6 4 6 7 1 2 6 5 5 2 3 4 4 4
18 8 16 288 7 11 7 7 4 6 6 6 5 5 6 2 5 3 4 6 6 1 0 6 4
18 8 16 288 10 8 10 4 4 7 6 5 4 7 4 3 2 6 4 6 1 4 4 4 4
18 8 16 288 11 7 9 5 4 6 7 5 4 6 7 1 3 4 7 4 2 5 2 4 4
18 8 16 289 9 9 8 8 2 7 5 6 5 6 3 4 4 3 8 3 3 3 6 1 4
18 8 19 275 11 7 7 7 4 5 7 6 4 6 7 1 4 5 4 5 5 3 3 3 3
18 8 19 278 10 8 8 6 4 5 9 4 4 7 4 3 4 4 4 6 4 2 5 3 3
18 8 19 279 10 8 8 7 3 7 4 7 4 8 3 3 3 6 6 3 4 3 4 3 3
18 8 19 279 11 7 8 7 3 6 6 6 4 6 7 1 3 6 3 6 4 2 4 4 3
18 8 19 280 7 11 9 6 3 7 7 4 5 6 5 2 4 3 6 5 3 3 2 6 3
18 8 19 280 9 9 8 7 3 6 7 5 5 4 8 1 4 3 6 5 2 6 2 4 3
18 8 19 281 6 12 8 7 3 7 6 5 6 4 5 3 5 3 3 7 4 2 4 4 3
18 8 19 281 8 10 8 6 4 6 7 5 5 5 5 3 5 1 7 5 4 3 1 6 3
18 8 19 281 10 8 9 5 4 7 5 6 4 8 3 3 3 5 7 3 3 4 3 4 3
18 8 19 281 11 7 8 5 5 5 8 5 4 6 7 1 4 4 5 5 4 4 2 4 3
18 8 19 281 11 7 9 5 4 6 7 5 4 6 7 1 3 5 4 6 3 3 3 5 3
18 8 19 282 9 9 8 6 4 6 7 5 5 5 7 1 4 6 1 7 4 3 5 2 3
18 8 19 282 10 8 8 4 6 5 8 5 4 7 4 3 4 5 3 6 4 4 3 3 3
18 8 19 283 7 11 9 6 3 8 4 6 5 6 5 2 3 6 3 6 3 3 2 6 3
18 8 19 284 8 10 10 4 4 8 5 5 5 7 3 3 3 6 4 5 2 4 5 3 3
18 8 19 284 9 9 8 7 3 7 4 7 5 4 8 1 3 6 3 6 2 6 2 4 3
18 8 19 284 9 9 9 7 2 7 6 5 5 4 8 1 3 4 5 6 1 5 3 5 3
18 8 19 284 10 8 9 4 5 6 7 5 4 7 4 3 3 6 2 7 3 3 4 4 3
18 8 19 284 11 7 6 9 3 5 6 7 4 6 7 1 4 6 3 5 6 2 4 2 3
18 8 19 284 11 7 8 7 3 5 9 4 4 6 7 1 4 3 6 5 4 2 4 4 3
18 8 19 285 6 12 6 9 3 6 6 6 6 4 5 3 6 3 3 6 6 2 4 2 3
18 8 19 285 9 9 8 9 1 7 5 6 5 4 8 1 3 5 4 6 2 4 4 4 3
18 8 19 285 10 8 9 7 2 7 6 5 5 5 6 2 3 5 5 5 1 5 7 1 3
18 8 19 286 6 12 7 7 4 7 4 7 6 4 5 3 5 5 1 7 5 3 3 3 3
18 8 19 286 8 10 8 7 3 6 7 5 4 6 7 1 3 5 3 7 4 0 4 6 3
18 8 19 286 11 7 7 9 2 5 8 5 4 6 7 1 4 4 5 5 5 1 5 3 3
18 8 19 286 11 7 9 6 3 6 8 4 5 5 5 3 4 3 6 5 1 7 4 2 3
18 8 19 287 6 12 9 5 4 7 7 4 6 4 5 3 5 2 4 7 3 3 3 5 3
18 8 19 287 7 11 9 4 5 7 6 5 5 6 5 2 4 4 5 5 3 5 0 6 3
18 8 19 287 10 8 8 7 3 6 7 5 4 8 3 3 4 3 9 2 4 3 4 3 3
18 8 19 287 10 8 9 7 2 7 6 5 4 8 3 3 3 4 8 3 3 2 5 4 3
18 8 19 287 11 7 8 5 5 6 5 7 4 6 7 1 3 7 2 6 4 4 2 4 3
18 8 19 288 8 10 8 7 3 7 5 6 5 5 8 0 4 4 6 4 4 4 0 6 3
18 8 19 288 11 7 7 8 3 5 7 6 3 8 5 2 3 5 6 4 5 0 6 3 3
18 8 19 288 12 6 7 7 4 4 9 5 4 5 7 2 4 4 4 6 3 5 5 1 3
18 8 19 289 7 11 9 8 1 8 5 5 5 6 5 2 3 5 4 6 3 1 4 6 3
18 8 19 289 8 10 7 7 4 6 5 7 4 6 7 1 3 7 1 7 5 1 3 5 3
18 8 19 289 8 10 7 9 2 7 4 7 5 5 8 0 4 5 5 4 5 3 1 5 3
18 8 19 289 8 10 10 6 2 8 6 4 5 7 3 3 3 5 5 5 2 2 7 3 3
18 8 19 289 9 9 8 7 3 6 7 5 4 7 5 2 3 6 3 6 4 0 8 2 3
18 8 19 289 10 8 8 5 5 7 3 8 4 8 3 3 3 7 5 3 4 5 2 3 3
18 8 19 289 10 8 10 5 3 8 4 6 4 8 3 3 2 6 6 4 2 3 4 5 3
18 8 19 289 11 7 6 7 5 5 5 8 4 6 7 1 4 7 2 5 6 4 2 2 3
18 8 19 289 11 7 9 7 2 6 8 4 4 6 7 1 3 4 5 6 3 1 5 5 3
18 8 19 289 12 6 7 8 3 6 4 8 4 6 6 2 3 6 6 3 3 6 4 1 3
18 8 24 276 7 11 8 7 3 7 5 6 5 5 6 2 4 4 3 7 4 2 3 5 3
18 8 24 278 7 11 6 9 3 6 5 7 5 5 6 2 5 4 3 6 6 2 3 3 3
18 8 24 279 8 10 8 7 3 7 5 6 5 6 4 3 4 5 3 6 4 2 7 1 3
18 8 24 281 7 11 9 5 4 7 6 5 5 5 6 2 4 3 4 7 3 3 2 6 3
18 8 24 281 11 7 8 6 4 5 8 5 3 8 5 2 3 5 4 6 4 2 4 4 3
18 8 24 282 7 11 7 9 2 6 7 5 5 5 6 2 5 2 5 6 5 1 4 4 3
18 8 24 283 7 11 8 7 3 6 8 4 5 5 6 2 5 1 6 6 4 2 3 5 3
18 8 24 283 11 7 7 7 4 5 7 6 5 4 6 3 5 3 4 6 3 7 4 0 3
18 8 24 284 10 8 10 4 4 7 6 5 4 7 4 3 3 3 7 5 2 3 4 5 3
18 8 24 285 8 10 9 6 3 7 6 5 4 7 6 1 3 4 6 5 3 3 1 7 3
18 8 24 285 10 8 10 5 3 7 7 4 4 8 3 3 3 4 6 5 2 4 3 5 3
18 8 24 286 8 10 7 9 2 7 4 7 6 3 7 2 5 3 5 5 3 7 2 2 3
18 8 24 286 9 9 10 4 4 7 7 4 4 8 4 2 3 4 7 4 2 4 4 4 3
18 8 24 287 10 8 8 8 2 6 7 5 4 7 4 3 4 2 8 4 4 1 6 3 3
18 8 24 287 11 7 9 5 4 6 7 5 5 4 6 3 4 3 4 7 1 7 4 2 3
18 8 24 288 6 12 8 6 4 6 8 4 5 6 3 4 5 2 4 7 4 2 4 4 3
18 8 24 288 7 11 9 7 2 7 7 4 5 5 6 2 4 2 5 7 3 1 4 6 3
18 8 24 288 8 10 10 5 3 8 5 5 5 6 4 3 3 5 3 7 2 2 7 3 3
18 8 24 289 6 12 8 7 3 8 3 7 5 7 2 4 4 4 6 4 4 3 3 4 3
18 8 24 289 8 10 8 7 3 7 5 6 6 3 7 2 5 2 6 5 2 8 1 3 3
18 8 24 289 8 10 9 7 2 7 7 4 5 6 4 3 4 3 5 6 3 1 8 2 3
18 8 24 289 9 9 10 4 4 8 4 6 4 8 4 2 2 7 4 5 2 4 4 4 3
18 8 24 289 9 9 10 6 2 8 5 5 4 8 4 2 2 6 5 5 2 2 6 4 3
18 8 24 289 12 6 9 6 3 6 7 5 4 6 6 2 3 4 6 5 1 7 3 3 3
18 8 27 280 9 9 8 8 2 7 5 6 5 5 7 1 4 4 5 5 3 5 3 6 0
18 8 27 280 10 8 8 6 4 6 6 6 4 7 4 3 4 4 4 6 4 4 3 1 5
18 8 27 284 9 9 8 6 4 5 9 4 4 6 6 2 4 3 4 7 3 3 5 6 0
18 8 27 285 7 11 8 6 4 6 7 5 4 7 4 3 4 3 4 7 4 2 3 3 5
18 8 27 287 9 9 8 6 4 7 4 7 5 5 7 1 4 5 4 5 3 7 1 6 0
18 8 27 287 10 8 8 8 2 6 7 5 4 7 4 3 4 3 5 6 4 2 5 1 5
18 8 27 288 9 9 9 6 3 7 6 5 5 5 7 1 4 3 6 5 2 6 2 7 0
18 8 27 288 10 8 7 6 5 5 7 6 4 7 4 3 5 3 5 5 5 5 2 0 5
18 8 27 289 8 10 7 9 2 6 6 6 4 6 7 1 4 3 5 6 5 1 3 3 5
18 8 27 289 8 10 8 7 3 7 4 7 4 6 7 1 3 5 3 7 4 2 2 4 5
18 8 27 289 10 8 9 4 5 6 7 5 4 7 4 3 4 3 5 6 3 5 2 2 5
18 8 28 274 7 11 8 7 3 7 5 6 5 5 6 2 4 4 3 7 3 4 4 3 3
18 8 28 278 8 10 8 6 4 6 7 5 5 5 5 3 5 2 4 7 3 6 1 4 3
18 8 28 278 9 9 8 5 5 6 6 6 4 7 5 2 4 5 2 7 5 2 4 3 3
18 8 28 278 10 8 9 6 3 7 5 6 4 7 4 3 3 4 6 5 2 4 6 2 3
18 8 28 279 9 9 7 7 4 5 8 5 4 7 5 2 5 3 4 6 6 1 5 2 3
18 8 28 282 9 9 8 7 3 6 7 5 4 7 5 2 4 4 3 7 5 0 6 3 3
18 8 28 282 9 9 9 5 4 6 8 4 4 7 5 2 4 3 4 7 4 1 5 4 3
18 8 28 283 9 9 8 8 2 6 7 5 4 6 6 2 4 1 8 5 3 3 3 5 3
18 8 28 283 9 9 9 6 3 7 6 5 5 6 3 4 4 4 3 7 2 5 6 1 3
18 8 28 284 7 11 9 7 2 7 7 4 5 5 6 2 4 2 5 7 2 3 5 4 3
18 8 28 284 9 9 7 9 2 6 6 6 5 4 8 1 5 2 5 6 4 5 1 4 3
18 8 28 285 9 9 7 7 4 6 5 7 4 7 5 2 4 6 1 7 6 1 5 2 3
18 8 28 287 7 11 8 9 1 7 6 5 5 5 6 2 4 3 4 7 3 2 6 3 3
18 8 28 287 9 9 6 10 2 5 7 6 4 6 6 2 5 1 8 4 5 3 3 3 3
18 8 28 287 10 8 8 5 5 5 8 5 4 6 5 3 4 4 2 8 3 4 6 1 3
18 8 28 287 11 7 7 8 3 5 7 6 4 5 8 1 4 4 3 7 4 3 6 1 3
18 8 28 288 7 11 7 7 4 6 6 6 4 8 3 3 5 2 7 4 6 2 1 5 3
18 8 28 289 6 12 7 9 2 7 5 6 5 6 6 1 5 3 5 5 6 1 3 4 3
18 8 28 289 7 11 9 7 2 8 4 6 5 5 6 2 3 5 2 8 2 3 5 4 3
18 8 28 289 9 9 9 5 4 7 5 6 4 7 5 2 3 6 1 8 4 1 5 4 3
18 8 28 289 10 8 9 4 5 6 7 5 3 9 5 1 3 5 5 5 4 3 2 5 3
18 8 28 289 11 7 8 6 4 5 8 5 3 8 5 2 4 2 7 5 5 1 3 5 3
18 8 31 280 9 9 8 8 2 7 4 7 4 6 6 2 3 4 5 6 2 5 4 2 4
18 8 31 282 9 9 9 6 3 7 5 6 4 6 6 2 3 3 6 6 1 6 3 3 4
18 8 31 282 11 7 8 6 4 6 5 7 3 8 5 2 3 5 4 6 4 3 4 2 4
18 8 31 286 7 11 9 6 3 8 4 6 5 6 5 2 4 4 3 7 3 5 1 4 4
18 8 31 287 7 11 9 7 2 8 4 6 5 5 6 2 4 2 5 7 3 2 4 4 4
18 8 31 287 10 8 8 6 4 5 9 4 4 7 4 3 5 2 4 7 4 4 4 1 4
18 8 31 287 11 7 7 8 3 5 7 6 3 8 5 2 4 3 6 5 5 2 5 1 4
18 8 31 287 11 7 9 4 5 6 6 6 3 8 5 2 3 4 5 6 3 4 3 3 4
18 8 31 287 11 7 9 6 3 6 7 5 3 8 5 2 3 3 6 6 3 2 5 3 4
18 8 31 288 7 11 9 8 1 8 5 5 5 6 5 2 4 3 4 7 3 3 3 4 4
18 8 31 288 8 10 7 7 4 6 5 7 4 6 7 1 4 5 1 8 5 3 2 3 4
18 8 31 288 8 10 8 8 2 7 5 6 4 7 6 1 4 2 8 4 4 3 2 4 4
18 8 31 288 9 9 8 7 3 6 7 5 4 7 5 2 4 4 3 7 4 2 7 0 4
18 8 31 288 9 9 8 8 2 6 7 5 4 6 6 2 4 1 8 5 2 5 4 2 4
18 8 31 288 11 7 8 6 4 5 8 5 3 8 5 2 4 2 7 5 4 3 4 2 4
18 8 31 289 6 12 9 7 2 8 5 5 5 6 6 1 4 3 5 6 3 3 4 3 4
18 8 31 289 7 11 9 5 4 7 6 5 4 8 3 3 4 2 7 5 3 4 2 4 4
18 8 31 289 7 11 9 6 3 7 7 4 5 6 5 2 5 1 6 6 3 5 1 4 4
18 8 31 289 7 11 9 7 2 8 4 6 4 8 3 3 3 4 5 6 3 2 4 4 4
18 8 31 289 8 10 9 6 3 8 3 7 4 7 6 1 3 4 6 5 3 4 1 5 4
18 8 36 286 8 10 8 7 3 7 4 7 4 6 7 1 4 3 3 8 4 3 2 4 4
18 8 36 286 9 9 8 7 3 7 4 7 4 7 5 2 4 4 3 7 4 3 6 0 4
18 8 36 287 7 11 8 6 4 6 7 5 4 7 4 3 5 1 4 8 4 3 3 3 4
18 8 36 287 10 8 9 6 3 7 5 6 3 9 5 1 3 4 6 5 3 4 4 2 4
18 8 36 289 7 11 7 6 5 6 5 7 4 7 4 3 5 3 2 8 5 4 2 2 4
18 8 36 289 8 10 7 9 2 6 6 6 4 6 7 1 5 1 5 7 5 2 3 3 4
18 8 39 282 9 9 8 6 4 6 6 6 4 6 6 2 5 1 4 8 3 6 2 3 3
18 8 39 285 9 9 6 8 4 5 6 7 4 6 6 2 6 1 4 7 5 6 2 1 3
18 8 39 288 7 11 7 7 4 6 6 6 4 8 3 3 6 1 4 7 6 3 2 3 3
18 8 39 289 7 11 8 8 2 8 3 7 5 6 5 2 5 2 5 6 3 6 4 1 3
18 8 43 289 8 10 9 5 4 7 5 6 3 9 4 2 4 2 4 8 3 4 3 4 3
