0 27128
1 2714
2 25941
3 11806
4 31155
5 20851
6 8219
7 3053
8 17213
9 20973
10 22090
11 21375
12 6536
13 20188
14 5140
15 34
16 12494
17 1588
18 14895
19 1158
20 17847
21 29615
22 6640
23 15265
24 14153
25 21739
26 16801
27 5762
28 23270
29 19136
30 9798
31 27878
32 15172
33 11332
34 2829
35 21272
36 17991
37 15948
38 10272
39 4317
40 5884
41 28256
42 28203
43 9225
44 31919
45 27828
46 7691
47 3731
48 9376
49 27207
50 16999
51 16568
52 19631
53 26186
54 5321
55 16027
56 28180
57 25578
58 1142
59 23287
60 10340
61 4477
62 26321
63 15661
64 647
65 15937
66 18422
67 9607
68 22940
