0 16634
1 3811
2 7906
3 20591
4 3369
5 30620
6 4794
7 2340
8 6855
9 11737
10 32452
11 3035
12 29995
13 3733
14 28866
15 439
16 4355
17 1867
18 813
19 27922
20 10660
21 28484
22 9218
23 28766
24 27209
25 127
26 19896
27 20922
28 5387
29 9434
30 11342
31 17431
32 13544
33 1817
34 32412
35 30378
36 9370
37 29624
38 23794
39 22616
40 13287
41 27329
42 13289
43 5165
44 5633
45 6510
46 25558
47 27141
48 8957
49 21836
50 11920
51 25683
52 16131
53 26632
54 22950
55 29991
56 17412
57 8182
58 6931
59 26198
60 30336
61 26534
62 8997
63 22497
64 14434
65 19890
66 30115
67 26592
68 21340
69 21993
70 16846
71 1842
72 26773
73 4084
74 22941
75 20781
76 838
77 6158
78 4975
79 3175
80 16902
81 24360
82 9251
83 24307
84 15796
85 26689
86 2321
87 11160
88 28234
89 3198
90 14919
91 15073
92 30219
93 8342
94 20428
95 8009
96 5169
97 16925
98 24901
99 12325
100 8039
101 18849
102 13786
103 10832
104 8759
105 310
106 6303
107 12211
108 16837
109 8149
110 23331
111 15159
112 30422
113 24430
114 4367
115 24432
116 2012
117 3836
118 31367
119 30337
120 6745
121 1045
122 4219
123 21275
124 7507
125 26659
126 5813
127 32263
128 5565
129 23811
130 13526
131 32038
132 25217
133 2535
134 29802
135 7015
136 23004
137 29783
138 32112
139 27957
140 10091
141 6720
142 14745
143 23091
144 7435
145 4315
146 28369
147 32398
148 5045
149 19317
150 14919
151 6460
152 31825
153 16029
154 26166
155 5045
156 13846
157 14901
158 27153
159 31825
160 19317
161 14919
162 20938
163 28857
164 26166
165 5045
166 11419
167 14277
168 8342
169 19317
170 17554
171 883
172 5045
173 24206
174 19317
175 14919
176 31825
177 24526
178 22115
179 358
180 16935
181 28875
182 2075
183 16032
184 5025
185 16029
186 17402
187 5790
188 3977
189 23039
190 17784
191 21126
192 1283
193 25712
194 7300
195 23707
196 469
197 25955
198 5851
199 25464
200 4844
201 15916
202 10728
203 1384
204 2970
205 17567
206 14770
207 25234
208 12527
209 26651
210 844
211 16115
212 5385
213 26103
214 28038
215 31385
216 7137
217 30192
218 22797
219 4937
220 11821
221 30840
222 5947
223 25607
224 1815
225 23414
226 11205
227 25682
228 9002
229 8307
230 7064
231 15774
232 3169
233 19534
234 5268
235 29875
236 15712
237 19768
238 27604
239 17049
240 12052
241 17482
242 4607
243 8000
244 7893
245 12535
246 12549
247 31338
248 389
249 22700
250 30069
251 6286
252 23018
253 19095
254 31809
255 32201
256 28947
257 27699
258 27550
259 26037
260 7164
261 20533
262 22142
263 14173
264 16107
265 30776
266 16603
267 11559
268 9700
269 28108
270 13217
271 6878
272 15410
273 9823
274 2403
275 14296
276 2157
277 16291
278 21724
279 1559
