0 28964
1 1396
2 20356
3 11788
4 31887
5 30532
6 32577
7 13188
8 30738
9 6221
10 13020
11 26330
12 9296
13 18634
14 31201
15 19877
16 23116
17 11405
18 3522
19 18058
20 16984
21 9423
22 1706
23 11027
24 27968
25 24677
26 15557
27 7165
28 7719
29 4790
30 2438
31 25062
32 24814
33 21817
34 12875
35 8423
36 7054
37 32090
38 28382
39 19198
40 13384
41 29122
42 20221
43 15999
44 2816
45 10196
46 24462
47 11833
48 17791
49 5412
50 10126
51 28924
52 10321
53 14929
54 27928
55 12938
56 19368
57 8280
58 5792
59 24348
60 23540
61 3779
62 28368
63 4139
64 21172
65 8728
66 23335
67 21103
68 19481
69 10457
70 3415
71 12606
72 27698
73 10730
74 8827
75 15766
76 12569
77 12196
78 30808
79 2472
80 687
81 6715
82 19639
83 16357
84 7749
85 12431
86 29340
87 8934
88 22427
89 18414
90 14282
91 11188
92 10083
93 17470
94 490
95 9620
96 12590
97 3817
98 26950
99 1222
100 5422
101 4425
102 15825
103 989
104 30638
105 29623
106 16267
107 20670
108 11712
109 10630
110 4169
111 18202
112 18490
113 8176
114 15119
115 8490
116 29472
117 31245
118 29291
119 12567
120 3377
121 3984
122 10027
123 22659
124 17972
125 29520
126 3797
127 32596
128 4862
129 30500
130 1922
131 31895
132 13388
133 1086
134 2358
135 8567
136 25481
137 29745
138 27706
139 15173
140 22560
141 24174
142 11607
143 26256
144 24332
145 18380
146 1827
147 21914
148 5660
149 9829
150 771
151 13197
152 4165
153 22061
154 17675
155 25752
156 16370
157 14844
158 887
159 3075
160 23569
161 5406
162 12840
163 27951
164 13197
165 6376
166 476
167 12100
168 24938
169 8551
170 8062
171 27923
172 23999
173 15432
174 27524
175 5146
176 15633
177 15315
178 5860
179 12951
180 31475
181 31718
182 25890
183 32320
184 3194
185 16828
186 25734
187 15158
188 18461
189 16038
190 21362
191 18766
192 29994
193 24003
194 10628
195 20222
196 25184
197 19226
198 15710
199 26916
200 25856
201 17864
202 22986
203 32519
204 8022
205 17174
206 9229
207 8474
208 31533
209 20350
210 3376
211 28777
212 23554
213 21934
214 14112
215 4601
216 20728
217 21390
218 19479
219 27467
220 6132
221 174
222 17192
223 30411
224 28717
225 14918
226 8321
227 21645
228 7783
229 17152
230 7341
231 19781
232 7274
233 14255
234 12801
235 20530
236 18788
237 1799
238 23185
239 32373
240 8313
241 7109
242 4958
243 1436
244 10730
245 19596
246 535
247 13439
248 5588
249 27420
250 25209
251 22229
252 26057
253 31323
254 25722
255 422
256 23303
257 10904
258 8386
259 13545
260 12211
261 32317
262 29734
263 30042
264 9422
265 11901
266 10499
267 17226
268 32242
269 14423
270 6330
271 28159
272 30953
273 2056
274 16528
275 21660
276 16171
277 32583
278 6788
279 10703
280 26521
281 9983
282 22408
283 22862
284 21093
285 25667
286 2323
287 12529
288 5911
289 15686
290 5249
291 31879
292 31069
293 28600
294 11759
295 14061
296 12121
297 26221
298 9354
299 454
300 23242
301 21317
302 22194
303 28858
304 4764
305 6512
306 26354
307 16136
308 5775
309 30331
310 22083
311 15122
312 32230
313 7121
314 9456
315 1449
316 19229
317 22349
318 14022
319 31646
320 2222
321 7354
322 16487
323 11075
324 29944
325 11028
326 30986
327 24704
328 12435
329 11813
330 12595
331 30178
332 20054
333 14945
334 11063
335 758
336 29057
337 26263
338 23
339 31435
340 22998
341 2645
342 31542
343 26757
344 19903
345 31701
346 23793
347 22981
348 20759
349 31289
350 31229
351 13798
352 20304
353 1209
354 32184
355 29181
356 9886
357 18727
358 12297
