0 19590
1 29208
2 17090
3 26875
4 14130
5 10380
6 4621
7 22287
8 28611
9 7091
10 30251
11 6499
12 7286
13 15654
14 12289
15 7384
16 16867
17 15003
18 9830
19 30334
20 16170
21 26693
22 26675
23 32590
24 16733
25 12022
26 13428
27 1450
28 25024
29 4607
30 27588
31 17032
32 12694
33 16192
34 17032
35 14243
36 19418
37 31480
38 30305
39 10607
40 22549
41 13817
42 17735
43 7218
44 22904
45 18333
46 1218
47 22739
48 30957
49 15584
50 10840
51 1055
52 3579
53 16473
54 23707
55 30020
56 3921
57 11300
58 12181
59 2334
60 9828
61 24975
62 15621
63 9116
64 26742
65 31221
66 20426
67 14288
68 10843
69 3160
70 22540
71 29255
72 23018
73 23869
74 23373
75 15806
76 21309
77 11972
78 5011
79 8919
80 28232
81 8097
82 19268
83 6022
84 15343
85 7675
86 3165
87 2827
88 9884
89 28700
90 18562
91 32298
92 27967
93 261
94 21696
95 1959
96 5230
97 16555
98 10489
99 30464
100 29911
101 11678
102 30599
103 8199
104 17167
105 14816
106 17194
107 1215
108 23825
109 6139
110 20399
111 21947
112 23280
113 2737
114 32686
115 32107
116 2449
117 25885
118 6699
119 9799
120 14506
121 7354
122 27908
123 17225
124 7785
125 2468
126 9479
127 9918
128 10181
129 10625
130 13027
131 12225
132 5632
133 15652
134 1075
135 20254
136 3149
137 16526
138 8348
139 22216
140 26962
141 8256
142 7577
143 10865
144 13336
145 21208
146 5664
147 24394
148 1719
149 10037
150 26102
151 835
152 11267
153 4908
154 4159
155 8161
156 21123
157 20195
158 25687
159 30942
160 23951
161 10374
162 32518
163 1234
164 21295
165 20637
166 28017
167 25494
168 13945
169 15264
170 15135
171 20580
172 13798
173 28171
174 18874
175 5764
176 28529
177 29741
178 10097
179 10975
180 23751
181 7234
182 16370
183 17530
184 24393
185 31063
186 20586
187 20763
188 14456
189 4506
190 14151
191 10681
192 17130
193 15692
194 12147
195 22416
196 25780
197 27836
198 5575
199 4796
200 20026
201 17660
202 11429
203 495
204 21084
205 3515
206 28568
207 23782
208 30776
209 22652
210 22557
211 17280
212 14559
213 8695
214 22905
215 32072
216 1313
217 5997
218 31661
219 13895
220 15079
221 25452
222 25835
223 14678
224 18506
225 23205
226 32180
227 20625
228 19736
229 2749
230 20969
231 19867
232 5686
233 7623
234 29844
235 20803
236 6152
237 143
238 13885
239 20971
240 25402
241 25717
242 25405
243 27175
244 22283
245 11435
246 12673
247 20104
248 17552
249 8105
250 9860
251 28205
252 18910
253 11760
254 7691
255 29056
256 3446
257 28063
258 27401
259 11960
260 27820
261 5776
262 32409
263 4822
264 19059
265 23449
266 12580
267 14895
268 32664
269 827
270 823
271 10572
272 15223
273 27709
274 23589
275 26099
276 3744
277 2515
278 31290
279 19444
280 31913
281 9587
282 29159
283 22504
284 9404
285 24921
286 14939
287 17216
288 19895
289 3267
290 17932
291 29129
292 833
293 19683
294 5836
295 25237
296 13597
297 12893
298 15481
299 27420
300 19719
301 1738
302 3005
303 27766
304 5288
305 32339
306 18732
307 28024
308 27844
309 17474
310 10087
311 6781
312 13723
313 29032
314 26151
315 24624
316 13793
317 30626
318 8251
319 5247
320 22591
321 23089
322 29168
323 26451
324 6180
325 22683
326 14019
327 20498
328 17117
329 16747
330 26201
331 25685
332 29921
333 21831
334 28682
335 12332
336 26845
337 25559
338 18028
339 3360
340 17847
341 12862
342 22783
343 361
344 18365
345 26123
346 16840
347 13398
348 3717
349 14194
350 21679
351 7248
352 3345
353 12248
354 10179
355 10745
356 23925
357 21287
358 31660
359 695
360 30955
361 6468
362 22824
363 6912
364 7942
365 18651
366 8086
367 26378
368 2772
369 12823
370 17958
371 23620
372 9445
373 19597
374 4492
375 6066
376 19275
377 26527
378 28260
379 21303
380 23816
381 5807
382 16042
383 21679
384 2328
385 11729
386 9940
387 12734
388 25303
389 11855
390 20038
391 3401
392 23961
393 7500
394 9638
395 27088
396 12779
397 14334
398 25542
399 11221
400 16960
401 23497
402 31645
403 23110
404 5386
405 32565
406 23994
407 26264
408 32461
409 23625
410 4517
411 29690
412 1058
413 15746
414 9646
415 19813
416 29551
417 11585
418 3586
419 27150
420 30687
421 23182
422 30253
423 9187
424 10229
425 526
426 18014
427 23607
428 1529
429 6454
430 22009
431 21833
432 21898
433 18189
434 1176
435 29826
436 31386
437 10369
438 631
439 4188
440 29720
441 30062
442 11682
443 10955
444 14646
445 14706
446 15322
447 11473
448 21653
449 5428
450 21949
451 17673
452 23636
453 2702
454 18348
455 17757
456 25033
457 15371
458 26274
459 28974
460 18642
461 18553
462 24697
463 6763
464 31739
465 1621
466 3951
467 32699
468 25042
469 12236
470 31415
471 6402
472 11967
473 22361
474 21443
475 14998
476 19795
477 30471
478 28768
479 14707
480 23058
481 7642
482 20358
483 4408
484 19987
485 20262
486 21494
487 23341
488 8355
489 18408
490 12185
491 26284
492 3013
493 3579
494 19511
495 7610
496 7878
497 27352
498 17050
499 18799
500 25565
501 17794
502 24583
503 22947
504 29725
505 20213
506 17239
507 8190
508 2656
509 14165
510 24841
511 17363
512 22077
513 4621
514 9933
515 10360
516 13331
517 5065
518 30392
519 30753
520 23658
521 26073
522 17663
523 1438
524 30512
525 27934
526 29390
527 17246
528 27404
529 19929
530 17093
531 27849
532 32297
533 19863
534 31137
535 9199
536 27988
537 13109
538 29280
539 9335
540 13095
541 8703
542 5051
