0 5682
1 23024
2 30581
3 27951
4 31734
5 905
6 29108
7 19664
8 24042
9 22277
10 15510
11 25018
12 22120
13 10885
14 28156
15 23585
16 17977
17 4409
18 9384
19 18827
20 5830
21 4568
22 21576
23 3820
24 30380
25 21408
26 4282
27 15290
28 23153
29 30508
30 15106
31 32578
32 8732
33 4041
34 28483
35 13453
36 20446
37 5388
38 21759
39 8939
40 1656
41 15718
42 17591
43 23601
44 22493
45 22104
46 12475
47 16885
48 7493
49 27425
50 29022
51 24584
52 17074
53 4186
54 22589
55 15336
56 23253
57 6218
58 12230
59 32556
60 56
61 7540
62 4957
63 18307
64 4862
65 15431
66 20394
67 21312
68 31234
69 17620
70 16136
71 10791
72 18903
73 17760
74 7925
75 31170
76 130
77 24288
78 27102
79 3845
80 31715
81 12522
82 28181
83 5199
84 8671
85 12759
86 29175
87 20900
88 100
89 22730
90 4579
91 19845
92 2824
93 4756
94 26188
95 20013
96 11661
97 11031
98 20775
99 31545
100 32024
101 30699
102 24588
103 21024
104 9368
105 10371
106 12001
107 28023
108 20520
109 32522
110 260
111 13033
112 8683
113 16467
114 10604
115 15132
116 29589
117 18126
118 17035
119 20748
120 22576
121 25333
122 2960
123 31768
124 3970
125 4944
126 19099
127 26399
128 17477
129 24856
130 3362
131 27034
132 18124
133 21376
134 1758
135 6805
136 16826
137 24650
138 27957
139 20416
140 19062
141 15005
142 17074
143 16565
144 27088
145 17895
146 26048
147 27737
148 28541
149 2532
150 6495
151 19386
152 29145
153 21539
154 29724
155 5537
156 15876
157 1392
158 22462
159 19530
160 15733
161 28526
162 1187
163 27666
164 24679
165 27410
166 32127
167 29732
168 7705
169 5365
170 20881
171 11045
172 15880
173 13003
174 18140
175 24201
176 8826
177 32149
178 15878
179 14574
180 20150
181 28461
182 28386
183 32329
184 25783
185 13619
186 22905
187 26946
188 1404
189 26980
190 916
191 23125
192 5532
193 16949
194 4125
195 6015
196 2579
197 18931
198 31398
199 20517
200 30467
201 6760
202 15160
203 15495
204 32112
205 7082
206 10068
207 15905
208 12780
209 22171
210 12850
211 21531
212 14991
213 4082
214 25877
215 6035
216 25377
217 14759
218 12610
219 32119
220 5201
221 21975
222 14158
223 17479
224 15112
225 10084
226 1759
227 14280
228 20480
229 24736
230 7296
231 22543
232 11761
233 5921
234 29231
235 11159
236 18373
237 25161
238 31883
239 22496
240 30261
241 28847
242 749
243 30519
244 12143
245 22168
246 19632
247 20427
248 11945
249 7473
250 32361
251 29711
252 17645
253 19136
254 2676
255 6887
256 10617
257 253
258 15018
259 8545
260 24630
261 29969
262 18006
263 20865
264 6402
265 7450
266 23106
267 13590
268 112
269 19042
270 16948
271 13894
272 4885
273 22060
274 6366
275 10461
276 14784
277 31139
278 4890
279 13159
280 16826
281 22580
282 32100
283 25852
284 10946
285 18807
286 9344
287 19808
288 25214
289 30372
290 4724
291 28282
292 4716
293 15300
294 13827
295 6369
296 9364
297 12017
298 8190
299 14265
300 19540
301 18077
302 16529
303 7574
304 17101
305 6493
306 7055
307 1123
308 6861
309 4300
310 26005
311 29726
312 19459
313 18894
314 1926
315 12553
316 26612
317 32296
318 28872
319 16458
320 21312
321 3419
322 2970
323 7106
324 1899
325 19882
326 3115
327 23879
328 18822
329 15434
330 25834
331 26798
332 1184
333 21524
334 3569
335 9020
336 12140
337 2183
338 12438
339 15751
340 17121
341 31653
342 31212
343 20414
344 7366
345 31947
346 30141
347 11505
348 24494
349 14986
350 23624
351 12297
352 17283
353 9277
354 11387
355 20188
356 22656
357 28817
358 28066
359 16472
360 28606
361 29755
362 25735
363 19647
364 15493
365 6299
366 1155
367 23127
368 18983
369 3512
370 4216
371 11026
372 13276
373 7230
374 21059
375 23393
376 11906
377 606
378 8622
379 31116
380 21000
381 11595
382 25149
383 31299
384 31534
385 12000
386 29539
387 22498
388 10104
389 10423
390 23691
391 21841
392 26789
393 14416
394 16804
395 2586
396 7318
397 18004
398 12484
399 2363
400 3623
401 18097
402 28580
403 10484
404 13572
405 152
406 23113
407 24400
408 16101
409 21903
410 6138
411 29575
412 10469
413 22328
414 30534
415 30098
416 16491
417 7821
418 6001
419 29771
420 13035
421 28384
422 1811
423 15832
424 14568
425 4861
426 5109
427 9697
428 9822
429 15999
430 6029
431 29606
432 20385
433 31782
434 12561
435 18482
436 27593
437 31993
438 22972
439 6920
440 12721
441 5651
442 1151
443 27285
444 30126
445 20999
446 9002
447 11006
448 20013
449 16269
450 28141
451 12148
452 23791
453 31566
454 16732
455 20848
456 28243
457 2659
458 3092
459 19435
460 13688
461 22140
462 18554
463 15010
464 16997
465 21949
466 7142
467 6204
468 32674
469 28340
470 2698
471 16291
472 2701
473 24465
474 2056
475 6274
476 28430
477 5603
478 162
479 19704
480 16303
481 10936
482 1391
483 31376
484 1828
485 12254
486 15542
487 19437
488 8344
489 8222
490 12206
491 22681
492 915
493 4685
494 16515
495 15196
496 10262
497 21378
498 10757
499 18531
500 16773
501 8163
502 22178
503 27445
504 13235
505 30046
506 1308
507 22136
508 9011
509 30232
510 4943
511 18050
512 27007
513 13160
514 22160
515 7300
516 25257
517 30081
518 129
519 1180
520 12585
521 10824
522 24569
523 26182
524 1729
525 7924
526 27976
527 27079
528 22088
529 27892
530 29734
531 1391
532 15619
533 13579
534 10470
535 12291
536 5156
537 19255
538 22566
539 2616
540 13946
541 134
542 9799
543 7655
544 17520
