0 10476
1 13773
2 9237
3 5035
4 22719
5 11375
6 27953
7 14225
8 9937
9 27355
10 7996
11 6052
12 22503
13 29263
14 14317
15 17725
16 10455
17 11938
18 28255
19 12224
20 28590
21 22980
22 14621
23 6015
24 30796
25 10563
26 17700
27 27911
28 1811
29 10079
30 5775
31 9984
32 12640
33 4536
34 30667
35 8519
36 25109
37 608
38 31555
39 3838
40 11807
41 3528
42 1016
43 20999
44 31547
45 19307
46 25808
47 7850
48 28480
49 20574
50 30003
51 378
52 32151
53 5994
54 6861
55 27807
56 5794
57 6826
58 13066
59 32684
60 19160
61 12045
62 27137
63 19544
64 18100
65 17418
66 12217
67 22767
68 13625
69 30083
70 15440
71 27171
72 8202
73 24308
74 2811
75 21254
76 7048
77 25679
78 3868
79 23825
80 22603
81 11974
82 25834
83 20122
84 16416
85 25560
86 25120
87 30867
88 3594
89 2804
90 14784
91 12621
92 6563
93 18515
94 26300
95 18389
96 3931
97 20191
98 7025
99 5508
100 7981
101 29677
102 19505
103 26582
104 20253
105 16848
106 5152
107 14707
108 12315
109 27285
110 2754
111 31175
112 15507
113 15305
114 29079
115 29138
116 4576
117 26803
118 7587
119 7489
120 16639
121 5991
122 19003
123 23046
124 28941
125 3812
126 10157
127 27663
128 5932
129 16550
130 3815
131 28798
132 11974
133 27962
134 17431
135 69
136 29397
137 1841
138 27182
139 3544
140 526
141 21156
142 23609
143 9496
144 19884
145 590
146 7960
147 12588
148 8736
149 23187
150 17802
151 5259
152 17542
153 14802
154 23000
155 25066
156 6181
157 32027
158 23419
159 19347
160 9248
161 22978
162 776
163 30706
164 11937
165 15761
166 9782
167 15129
168 3410
169 14980
170 2370
171 2100
172 16810
173 20024
174 16963
175 850
176 29246
177 29012
178 23974
179 20574
180 11203
181 3617
182 17001
183 27930
184 4389
185 7549
186 6991
187 9701
188 24339
189 28230
190 1513
191 5485
192 26657
193 27319
194 18227
195 795
196 5372
197 17575
198 7485
199 32221
200 27296
201 28977
202 22841
203 14910
204 6376
205 14327
206 12954
207 8479
208 31980
209 31581
210 12134
211 28792
212 32234
213 12282
214 18280
215 22433
216 14131
217 9865
218 20408
219 703
220 5321
221 2253
222 16974
223 12802
224 20275
225 3936
226 2429
227 20899
228 28295
229 27725
230 4720
231 14142
232 14093
233 32210
234 27176
235 12913
236 12008
237 14952
238 18029
239 19212
240 21652
241 7839
242 4109
243 26550
244 6890
245 3424
246 23240
247 10587
248 1158
249 13215
250 16579
251 30437
252 10874
253 23976
254 843
255 10622
256 16797
257 22209
258 14708
259 28470
260 9197
261 31769
262 13561
263 10986
264 1365
265 3969
266 6455
267 21590
268 15068
269 25961
270 23667
271 17561
272 7909
273 17312
274 5315
275 31928
276 24579
277 3691
278 13259
279 14551
280 19205
281 9010
282 3182
283 28404
284 12509
285 477
286 29881
287 26512
288 5772
289 19959
290 6214
291 20300
292 19523
293 6731
294 6811
295 3594
296 4692
297 14178
298 24686
299 23534
300 17409
301 12390
302 26452
303 21124
304 6295
305 26998
306 9253
307 30943
308 1144
309 7936
310 26928
311 5596
312 18905
313 985
314 25701
315 7400
316 5274
317 32576
318 27525
319 19978
320 2622
321 14418
322 6633
323 23992
324 31399
325 26585
326 19811
327 29734
328 13530
329 16702
330 20394
331 7381
332 13630
333 31712
334 11987
335 534
336 30005
337 1368
338 28962
339 7349
340 23938
341 2247
342 9151
343 21534
344 27090
345 12029
346 14971
347 32418
348 13061
349 11795
350 142
351 28580
352 28061
353 3213
354 2769
355 18464
356 700
357 22776
358 28934
359 305
360 24878
361 30383
362 12210
363 14764
364 6305
365 20189
366 12322
367 11114
368 31688
369 1350
370 13860
371 18602
372 4461
373 22845
374 31406
375 28263
376 20640
377 901
378 30148
379 9904
380 7110
381 24802
382 24266
383 1227
384 821
385 15565
386 28169
387 25104
388 31673
389 1746
390 20744
391 13094
392 4460
393 12889
394 26866
395 18127
396 3198
397 23969
398 26346
399 30017
400 18612
401 2426
402 20826
403 18313
404 26002
405 190
406 2713
407 13372
408 28973
409 8193
410 25565
411 31996
412 3607
413 11719
414 20476
415 12884
416 30886
417 10367
418 22920
419 28990
420 24349
421 3776
422 16688
423 1894
424 13053
425 27785
426 13845
427 32075
428 23603
429 3752
430 31598
431 7320
432 24480
433 15802
434 31351
435 21547
436 18414
437 30169
438 4876
439 10087
440 23854
441 5791
442 11131
443 27171
444 6829
445 28421
446 23358
447 22939
448 28898
449 5815
450 17547
451 22531
452 27263
453 8202
454 18355
455 16597
456 21289
457 19152
458 21841
459 12964
460 25402
461 24291
462 31319
463 12197
464 27728
465 23861
466 5317
467 15103
468 25129
469 19737
470 5448
471 10439
472 18956
473 21546
474 13532
475 19230
476 1931
477 31479
478 12508
479 6159
480 3496
481 29456
482 30733
483 30281
484 14125
485 19968
486 27933
487 20985
488 27971
489 27675
490 10941
491 29828
492 3761
493 9312
494 18541
495 5192
496 4523
497 32499
498 21468
499 7713
500 17431
501 21958
502 6822
503 3913
504 8098
505 1522
506 22164
507 3447
508 8031
509 29745
510 27750
511 26965
512 28837
513 9561
514 24402
515 9937
516 12695
517 25873
518 6248
519 7800
520 24679
521 24656
522 14911
523 21982
524 2062
525 20506
526 28805
527 31491
528 26514
529 25357
530 30345
531 14572
532 9938
533 862
534 23368
535 13003
536 8876
537 16636
538 3151
539 5804
540 27347
541 21665
542 7643
543 15744
544 20841
545 11077
546 10016
547 6275
548 27322
549 851
550 1764
551 1480
552 6173
553 8827
554 14371
555 23623
556 18901
557 14582
558 28124
559 17989
560 13296
561 27641
562 3369
563 2450
564 27307
565 24881
566 8356
567 6879
568 19880
569 11140
570 16327
571 14350
572 11530
573 23734
574 21118
575 18247
576 29962
577 19763
578 2619
579 16673
580 12932
581 4755
582 26566
583 7333
584 26920
585 10810
586 23509
587 29160
588 14356
589 19018
590 14402
591 18269
592 3182
593 8646
594 11659
595 2424
596 18478
597 3197
598 17059
599 25369
600 6445
601 15482
602 8670
603 30076
604 28148
605 888
606 18880
607 14510
608 6263
609 23257
610 30547
611 20231
612 25839
613 10805
614 15114
615 17218
616 20135
617 17945
618 25106
619 1128
620 27026
621 10746
622 19159
623 32081
624 703
625 31048
626 25626
627 10669
628 18562
629 30830
630 12913
631 3180
632 9255
633 28597
634 11005
635 14708
636 9398
637 17840
638 22006
639 2525
640 8972
641 23303
642 19923
643 2116
644 10992
645 5011
646 10423
647 3145
648 15490
649 32021
650 21049
651 21847
652 19890
653 2406
654 15707
655 7078
656 16381
657 31139
658 19024
659 21944
660 18124
661 19294
662 16660
663 10989
664 2782
665 30512
666 19209
667 10561
668 32122
669 5241
670 4177
671 13319
672 30971
673 7683
674 24734
675 9988
676 4268
677 15491
678 10927
679 26081
680 26102
681 16281
682 7705
683 13947
684 1710
685 13152
686 6525
687 445
688 1682
689 13162
690 6587
691 402
692 20078
693 26682
694 16058
695 29338
696 23484
697 32308
698 4283
699 985
700 3363
701 1891
702 22080
703 24967
704 30779
705 9860
706 14273
707 17398
708 13133
709 25982
710 30917
711 11758
712 7180
713 7932
714 23747
715 16060
716 11113
717 8025
718 28813
719 29527
720 20480
721 27351
722 11567
723 18695
724 23682
725 13613
726 30509
727 3692
728 17602
729 28387
730 17426
731 17872
732 16390
733 21250
734 7279
735 13604
736 31602
737 989
738 21604
739 31066
740 6896
741 21102
742 12964
743 8273
744 23726
745 13419
746 20318
747 31978
748 98
749 15075
750 17190
751 9532
752 1263
753 7726
754 9055
755 3013
756 2530
757 32208
758 24777
759 7489
760 9931
761 9053
762 30111
763 30153
764 13819
765 16168
766 10545
767 17843
768 23307
769 25698
770 22330
771 21643
772 12980
773 2618
774 9201
775 23837
776 3474
777 13330
778 27348
779 12049
780 16418
781 14365
782 16286
783 24991
784 2458
785 31272
786 10923
787 13379
788 29512
789 1138
790 32322
791 26059
792 17336
793 24356
794 30569
795 29853
796 28514
797 8270
798 13230
799 5919
800 13033
801 20669
802 12225
803 18300
804 3980
805 13275
806 16529
807 32198
808 30482
809 24822
810 16815
811 22926
812 23496
813 12141
814 12505
815 24086
816 9306
817 5395
818 18347
819 6849
820 6266
821 2224
822 11550
823 14730
824 19763
825 8575
826 13709
827 359
828 30193
829 31065
830 9099
831 23491
832 26501
833 20703
834 24194
835 2681
836 4035
837 31770
838 14456
839 9743
840 20611
841 4270
842 22840
843 3209
844 2022
845 5741
846 19832
847 30536
848 24413
849 16829
850 30459
851 23124
852 20997
853 32033
854 18414
855 16080
856 1611
857 28953
858 12368
859 6216
860 8632
861 17351
862 30455
863 30238
864 560
865 11325
866 8749
867 16179
868 5774
869 15075
870 29810
871 6317
872 19082
873 13510
874 3050
875 30596
876 12582
877 8967
878 31848
879 3089
880 3539
881 28777
882 4657
883 21281
884 5745
885 17899
886 12489
887 4493
888 28071
889 20836
890 8045
891 24401
892 17740
893 23091
894 15698
895 18397
896 25566
897 11770
898 25194
899 20429
900 20083
901 29610
902 20501
903 13231
904 7452
905 2578
906 482
907 12282
908 696
909 13639
910 17439
911 3582
912 7483
913 7434
914 13095
915 26367
916 16697
917 2031
918 26731
919 5247
920 18122
921 17204
922 10876
923 732
924 20258
925 13861
926 23010
927 6973
928 26269
929 27081
930 22664
931 23660
932 6723
933 15510
934 26988
935 19383
936 24872
937 29696
938 22225
939 7458
940 24111
941 13991
942 17387
943 16241
944 15033
945 32348
946 5676
947 10098
948 17497
949 7739
950 22544
951 20648
952 13666
953 10446
954 7210
955 27248
956 17597
957 6874
958 25207
959 5589
960 3225
961 835
962 3033
963 32470
964 8194
965 9689
966 21805
967 21863
968 28910
969 23302
970 31520
971 9365
972 20354
973 22345
974 10694
975 32033
976 26472
977 9361
978 5829
979 28580
980 30980
981 15027
982 3281
983 12454
984 13389
985 10486
986 29239
987 6801
988 5035
989 29320
990 20905
991 3358
992 11385
993 7660
994 14172
995 20936
996 1633
997 27199
998 10379
999 17204
1000 4342
1001 24790
1002 15093
1003 9440
1004 10211
1005 5675
1006 17995
1007 31248
1008 32270
1009 554
1010 3407
1011 17424
1012 7197
1013 19549
1014 31702
1015 25410
1016 13213
1017 9296
1018 31435
1019 21848
1020 18146
1021 17767
1022 10468
1023 21080
1024 17030
1025 11316
1026 9102
1027 5585
1028 11705
1029 25182
1030 14056
1031 751
1032 284
1033 25768
1034 17386
1035 1345
1036 24166
1037 14190
1038 5863
1039 30432
1040 8784
1041 10005
1042 28009
1043 18448
1044 30568
1045 17064
1046 18294
1047 20974
1048 31136
1049 19553
1050 19436
1051 30160
1052 6560
1053 8984
1054 29083
1055 5951
1056 11175
1057 17432
1058 30877
1059 28710
1060 4871
1061 2948
1062 30061
1063 18356
1064 4746
1065 18342
1066 6388
1067 17143
1068 26782
1069 23949
1070 20973
1071 1217
1072 11055
1073 6802
1074 16520
1075 22888
1076 7757
1077 22541
1078 5298
1079 25398
1080 13313
1081 15111
1082 25340
1083 10724
1084 9801
1085 12742
1086 16799
1087 32421
1088 4158
1089 19016
1090 25316
1091 28045
1092 8228
1093 17830
1094 29693
1095 19458
1096 20956
1097 6440
1098 347
1099 20204
1100 15396
1101 15529
1102 15771
1103 32700
1104 17199
1105 14530
1106 15476
1107 23340
1108 5979
1109 19200
1110 9357
1111 12641
1112 11012
1113 19731
1114 16255
1115 882
1116 21619
1117 7968
1118 9671
1119 7906
1120 19080
1121 3110
1122 16544
1123 12299
1124 16834
1125 8206
1126 22101
1127 25918
1128 15286
1129 14451
1130 10600
1131 32245
1132 24455
1133 31083
1134 13171
1135 12562
1136 20274
1137 1701
1138 28959
