0 30593
1 23922
2 20253
3 13943
4 2372
5 8411
6 860
7 6885
8 23135
9 6795
10 26188
11 16876
12 16956
13 14199
14 21511
15 22598
16 19900
17 25565
18 28615
19 2749
20 25973
21 15993
22 29187
23 14121
24 20437
25 18606
26 17505
27 13578
28 12679
29 23955
30 30137
31 2677
32 10696
33 28430
34 1610
35 32114
36 18117
37 10355
38 5912
39 32107
40 10108
41 11111
42 4477
43 27446
44 22087
45 13075
46 8873
47 7189
48 27823
49 13032
50 26339
51 20312
52 16218
53 28552
54 3288
55 7237
56 6659
57 2709
58 3674
59 31958
60 32241
61 27789
62 2961
63 21371
64 26613
65 23896
66 18059
67 29011
68 21329
69 31198
70 20526
71 2158
72 11718
73 32723
74 26761
75 23540
76 26101
77 20784
78 20232
79 22502
80 625
81 17709
82 1350
83 12635
84 1346
85 8948
86 18054
87 23045
88 25154
89 30480
90 12381
91 11896
92 29283
93 25516
94 21033
95 23909
96 18055
97 28751
98 11090
99 2120
100 19580
101 24941
102 29735
103 16325
104 4536
105 27934
106 28265
107 26987
108 2014
109 19776
110 5732
111 2662
112 15803
113 29821
114 12443
115 9892
116 28715
117 1686
118 22255
119 9601
120 29968
121 6623
122 1846
123 31333
124 2395
125 21098
126 18183
127 30307
128 23023
129 772
130 28158
131 652
132 23114
133 15756
134 25510
135 17803
136 20157
137 2456
138 19794
139 11255
140 1567
141 2690
142 22815
143 20133
144 8190
145 12517
146 4045
147 20255
148 16360
149 15175
150 15847
151 22561
152 18450
153 16132
154 1613
155 29800
156 12549
157 29930
158 29234
159 8063
160 9801
161 2540
162 7981
163 13084
164 10954
165 20812
166 17480
167 22106
168 1279
169 11030
170 13187
171 8445
172 16993
173 6639
174 2817
175 4893
176 12001
177 7821
178 14398
179 28099
180 5510
181 25088
182 25713
183 27188
184 16937
185 26682
186 24946
187 28275
188 18742
189 30623
190 18410
191 8515
192 10278
193 19229
194 5232
195 7124
196 7814
197 21332
198 19141
199 27927
200 19910
201 25272
202 10689
203 22084
204 4736
205 15806
206 1012
207 13888
208 22264
209 4865
210 18987
211 6494
212 24216
213 11540
214 18653
215 19250
216 2032
217 14484
218 11116
219 3064
220 28031
221 22086
222 8706
223 5394
224 15616
225 415
226 6008
227 15814
228 26031
229 12012
230 1872
231 26452
232 29814
233 5381
234 25755
235 21480
236 19115
237 6302
238 15862
239 14110
240 22428
241 9194
242 30225
243 24510
244 14238
245 30389
246 18111
247 17961
248 12120
249 3294
250 24930
251 9350
252 30005
253 16309
254 21383
255 11498
256 30143
257 13456
258 32624
259 10083
260 20069
261 26145
262 6518
263 20098
264 19054
265 7389
266 21156
267 14534
268 31920
269 22951
270 24094
271 22846
272 8280
273 32166
274 821
275 9395
276 17455
277 24132
278 26374
279 17571
280 21425
281 8283
282 16657
283 2539
284 14873
285 16759
286 13963
287 31892
288 15516
289 7632
290 19964
291 9988
292 22383
293 823
294 31120
295 29595
296 14766
297 6017
298 6437
299 31332
300 1179
301 6059
302 21226
303 610
304 29713
305 3704
306 12342
307 6172
308 28024
309 19802
310 726
311 18739
312 27207
313 30644
314 1970
315 21253
316 749
317 789
318 25538
319 13895
320 18192
321 23770
322 31344
323 23070
324 30160
325 29810
326 12686
327 5377
328 8484
329 28597
330 17412
331 13819
332 8456
333 59
334 11837
335 18782
336 24583
337 6147
338 15768
339 1025
340 6955
341 22000
342 3900
343 19312
344 20530
345 22266
346 19813
347 26070
348 12915
349 4599
350 4135
351 24976
352 16291
353 13709
354 13655
355 14400
356 10547
357 6504
358 22952
359 2920
360 30313
361 20457
362 27932
363 7565
364 29673
365 23290
366 31787
367 27561
368 13459
369 22974
370 556
371 14406
372 7770
373 10030
374 19581
375 25381
376 16224
377 17539
378 18624
379 6761
380 20146
381 29593
382 6699
383 25977
384 873
385 32588
386 10111
387 6676
388 11293
389 31416
390 26586
391 14869
392 6257
393 17362
394 12209
395 22526
396 8652
397 21159
398 8958
399 530
400 14181
401 24969
402 29496
403 31379
404 28121
405 7883
406 4265
407 32100
408 1784
409 17498
410 19385
411 8299
412 16576
413 32744
414 31394
415 18952
416 3961
417 2911
418 4582
419 1126
420 16921
421 12096
422 18003
423 24510
424 29732
425 14823
426 15809
427 15712
428 10778
429 8364
430 31790
431 23895
432 29448
433 8017
434 19983
435 187
436 16413
437 12136
438 1208
439 27247
440 12406
441 10646
442 30844
443 144
444 18785
445 30503
446 21496
447 32344
448 15412
449 1102
450 5881
451 6613
452 19533
453 24032
454 31427
455 26398
456 13812
457 10008
458 7379
459 12449
460 5568
461 21844
462 19525
463 21962
464 934
465 22121
466 22339
467 16183
468 11976
469 23130
470 22980
471 18232
472 30152
473 1012
474 17710
475 30759
476 18786
477 4529
478 5845
479 1509
480 29200
481 4859
482 29167
483 4289
484 30398
485 5715
486 15241
487 8407
488 24261
489 1657
490 8334
491 26155
492 21380
493 16208
494 17862
495 12179
496 1161
497 32205
498 28696
499 5238
500 2768
501 4373
502 24200
503 3142
504 2844
505 23733
506 17036
507 28711
508 11407
509 23561
510 25472
511 14256
512 31479
513 9806
514 10976
515 22676
516 4723
517 5996
518 18175
519 4266
520 18824
521 26590
522 31989
523 18481
524 8692
525 16329
526 2965
527 16274
528 20333
529 14992
530 27015
531 5476
532 32600
533 31379
534 24593
535 32521
536 26694
537 7822
538 20883
539 16428
540 14866
541 24180
542 29414
543 3695
544 3846
545 10297
546 26463
547 8370
548 15265
549 29172
550 31330
551 11422
552 3924
553 22843
554 2382
555 18539
556 17290
557 28182
558 13536
559 3555
560 3909
561 20355
562 8959
563 24627
564 26283
565 13286
566 11811
567 26078
568 19342
569 20176
570 32267
571 2146
572 14670
573 13278
574 29385
575 12954
576 5496
577 16235
578 29267
579 26941
580 27838
581 8609
582 11302
583 18284
584 19272
585 2307
586 27541
587 25626
588 4432
589 6807
590 30810
591 17129
592 20064
593 1094
594 31625
595 11700
596 29259
597 19657
598 25442
599 29070
600 11588
601 7136
602 75
603 22060
604 29322
605 19322
606 30384
607 14651
608 1175
609 3171
610 25007
611 14373
612 16828
613 19194
614 18677
615 15552
616 18936
617 408
618 2062
619 18136
620 24364
621 2142
622 26480
623 10378
624 29931
625 12722
626 1863
627 26152
628 11
629 11910
630 17937
631 18325
632 26433
633 25612
634 26026
635 31843
636 3771
637 25087
638 15036
639 10725
640 22011
641 20534
642 24815
643 23735
644 15526
645 11757
646 6525
647 9633
648 19617
649 13049
650 13438
651 4801
652 30345
653 3103
654 8404
655 30324
656 11144
657 17053
658 15012
659 12420
660 2770
661 10020
662 19390
663 20673
664 2034
665 28972
666 3409
667 16134
668 19416
669 17593
670 17831
671 23219
672 15835
673 4361
674 3849
675 16924
676 12163
677 16302
678 17064
679 19592
680 32658
681 25513
682 12544
683 12565
684 19127
685 11838
686 28052
687 25607
688 22724
689 20420
690 21819
691 30054
692 29678
693 17647
694 14202
695 2651
696 30065
697 14400
698 6612
699 23367
700 18645
701 31907
702 643
703 27824
704 6544
705 620
706 22696
707 4869
708 2771
709 15435
710 9521
711 1565
712 871
713 23898
714 26043
715 29570
716 7027
717 22286
718 8642
719 17575
720 17721
721 5141
722 19916
723 6987
724 17388
725 24820
726 19090
727 21171
728 17669
729 28860
730 18180
731 14237
732 14171
733 27642
734 10260
735 17203
736 1808
737 3885
738 96
739 9896
740 27862
741 12902
742 23412
743 3424
744 1138
745 29897
746 332
747 13650
748 8039
749 6671
750 15396
751 70
752 22336
753 10095
754 25538
755 32186
756 28383
757 29911
758 24286
759 26266
760 2069
761 25099
762 14561
763 10891
764 19818
765 15891
766 31984
767 18464
768 27076
769 21840
770 18220
771 23565
772 15142
773 13892
774 31466
775 2856
776 14664
777 6372
778 20132
779 8477
780 32529
781 4289
782 905
783 20564
784 17882
785 30131
786 22880
787 21681
788 28339
789 5179
790 21851
791 10290
792 1949
793 18415
794 7473
795 2720
796 7663
797 2201
798 30749
799 24103
800 28270
801 30002
802 1060
803 32474
804 2647
805 11878
806 31959
807 30930
808 12088
809 8488
810 31232
811 18329
812 2876
813 22443
814 10903
815 16781
816 27535
817 27429
818 22032
819 27956
820 19366
821 10453
822 28365
823 26782
824 16060
825 11858
826 25281
827 19490
828 27501
829 25869
830 30199
831 11034
832 13301
833 11554
834 12575
835 684
836 11368
837 24218
838 4364
839 26739
840 6196
841 11751
842 18527
843 21522
844 21530
845 20214
846 16793
847 16062
848 27896
849 12166
850 12418
851 28422
852 5694
853 2918
854 14770
855 2775
856 17915
857 26762
858 17231
859 5000
860 12948
861 11543
862 12355
863 20273
864 9698
865 18686
866 14589
867 11623
868 21059
869 20535
870 24402
871 18428
872 3136
873 3312
874 10587
875 14341
876 5840
877 16331
878 29313
879 5594
880 23976
881 31847
882 18446
883 28496
884 15234
885 14307
886 242
887 10235
888 11685
889 601
890 23709
891 13271
892 21556
893 23715
894 12846
895 1652
896 22532
897 2935
898 12478
899 8111
900 13182
901 519
902 4772
903 26227
904 12770
905 21130
906 8779
907 5287
908 17371
909 13458
910 31486
911 11229
912 6790
913 9815
914 6639
915 14052
916 725
917 26259
918 13570
919 28043
920 26626
921 6494
922 27782
923 5476
924 31617
925 28634
926 6107
927 17437
928 2226
929 12748
930 25956
931 139
932 20277
933 30997
934 8575
935 29895
936 8134
937 26405
938 11016
939 31772
940 11297
941 2702
942 15637
943 29090
944 27964
945 19652
946 19563
947 10135
948 533
949 2331
950 20259
951 2685
952 18938
953 12805
954 21361
955 13850
956 23653
957 24986
958 13586
959 14026
960 19486
961 3577
962 5881
963 163
964 6936
965 11052
966 726
967 24489
968 11846
969 23211
970 9480
971 4902
972 11894
973 20331
974 21871
975 18558
976 12837
977 6090
978 613
979 6310
980 4622
981 10543
982 2669
983 30977
984 5688
985 8839
986 6032
987 29596
988 21940
989 24021
990 16770
991 17948
992 9143
993 20755
994 31722
995 29048
996 15620
997 3114
998 22541
999 14335
1000 8575
1001 11944
1002 32086
1003 2118
1004 16885
1005 9091
1006 6401
1007 18737
1008 6688
1009 8915
1010 14859
1011 22471
1012 31685
1013 22208
1014 30520
1015 5352
1016 28998
1017 28826
1018 11964
1019 22307
1020 31924
1021 28303
1022 11662
1023 5560
1024 3594
1025 17578
1026 581
1027 22398
1028 25433
1029 25778
1030 25070
1031 10675
1032 32307
1033 10366
1034 228
1035 30135
1036 31675
1037 32508
1038 9773
1039 10045
1040 31990
1041 2087
1042 10120
1043 4107
1044 26121
1045 7853
1046 31672
1047 2580
1048 31344
1049 20532
1050 9518
1051 18670
1052 18172
1053 5397
1054 13728
1055 28171
1056 19666
1057 31777
1058 7620
1059 26999
1060 2192
1061 19267
1062 9006
1063 8765
1064 23120
1065 28247
1066 4276
1067 10927
1068 16300
1069 26319
1070 30320
1071 3888
1072 18295
1073 8059
1074 14060
1075 6310
1076 30216
1077 1048
1078 10786
1079 3768
1080 10118
1081 6852
1082 6579
1083 1647
1084 25273
1085 3708
1086 4597
1087 24216
1088 24294
1089 18884
1090 15396
1091 4274
1092 6443
1093 26820
1094 916
1095 14361
1096 5003
1097 7369
1098 16682
1099 11696
1100 19666
1101 13487
1102 9146
1103 17904
1104 13892
1105 11005
1106 7624
1107 8377
1108 8642
1109 12454
1110 18210
1111 14220
1112 30907
1113 26616
1114 19489
1115 23846
1116 30109
1117 16008
1118 17429
1119 32327
1120 15142
1121 26266
1122 30496
1123 18464
1124 5513
1125 9822
1126 9709
1127 18727
1128 19316
1129 1622
1130 8913
1131 3905
1132 12205
1133 11904
1134 22796
1135 8571
1136 22235
1137 849
1138 15144
1139 29045
1140 8401
1141 8915
1142 2153
1143 2665
1144 31801
1145 7943
1146 19082
1147 13247
1148 23574
1149 8028
1150 3594
1151 23156
1152 19999
1153 10429
1154 31685
1155 18349
1156 254
1157 13018
1158 3936
1159 26775
1160 18047
1161 5213
1162 28631
1163 13754
1164 20686
1165 32458
1166 14514
1167 21342
1168 11257
1169 13584
1170 11662
1171 5397
1172 19744
1173 25433
1174 18631
1175 31675
1176 22169
1177 12607
1178 5783
1179 4276
1180 16528
1181 27794
1182 228
1183 19889
1184 18950
1185 16100
1186 1014
1187 9936
1188 29294
1189 18172
1190 4310
1191 10045
1192 8642
1193 23525
1194 26616
1195 28247
1196 23527
1197 19316
1198 20507
1199 8765
1200 10120
1201 14361
1202 5003
1203 7624
1204 26121
1205 11384
1206 22100
1207 3279
1208 9518
1209 16640
1210 27785
1211 1647
1212 32587
1213 7853
1214 2192
1215 15535
1216 24216
1217 23087
1218 16781
1219 6610
1220 27291
1221 10360
1222 23960
1223 13275
1224 11456
1225 25538
1226 13447
1227 25639
1228 25638
1229 18769
1230 3046
1231 7645
1232 9146
1233 20522
1234 26853
1235 7369
1236 11005
1237 21177
1238 26266
1239 14949
1240 15153
1241 1327
1242 9709
1243 22636
1244 21886
1245 15396
1246 15142
1247 16770
1248 26789
1249 29979
1250 29821
1251 22855
1252 21840
1253 18884
1254 11552
1255 26820
1256 13892
1257 1852
1258 24767
1259 3678
1260 19976
1261 22235
1262 29045
1263 14128
1264 18737
1265 22279
1266 475
1267 2665
1268 254
1269 8401
1270 31685
1271 13247
1272 23574
1273 7220
1274 2153
1275 26775
1276 20396
1277 316
1278 8915
1279 732
1280 11662
1281 228
1282 32458
1283 11952
1284 6256
1285 12607
1286 22398
1287 26121
1288 4276
1289 169
1290 18047
1291 17140
1292 5397
1293 10045
1294 27628
1295 3594
1296 9922
1297 22169
1298 18172
1299 28631
1300 7821
1301 2580
1302 21342
1303 2192
1304 8837
1305 18750
1306 10120
1307 27794
1308 25433
1309 31675
1310 16100
1311 30225
1312 9518
1313 16770
1314 30448
1315 1647
1316 23525
1317 4369
1318 25876
1319 6244
1320 6610
1321 16528
1322 24399
1323 20686
1324 8642
1325 18248
1326 3708
1327 19889
1328 9709
1329 11849
1330 14361
1331 5003
1332 7624
1333 5681
1334 27568
1335 4171
1336 7853
1337 10625
1338 6310
1339 28247
1340 509
1341 16936
1342 8257
1343 22100
1344 11005
1345 29821
1346 29618
1347 18884
1348 26853
1349 10360
1350 21177
1351 26266
1352 4831
1353 8377
1354 26490
1355 24216
1356 9146
1357 13779
1358 15142
1359 13892
1360 30496
1361 12454
1362 3296
1363 18631
1364 25804
1365 21840
1366 26616
1367 18220
1368 28929
1369 24184
1370 25601
1371 12972
1372 15396
1373 22235
1374 29045
1375 19976
1376 8401
1377 18737
1378 8915
1379 2665
1380 31685
1381 13247
1382 23574
1383 2153
1384 3594
1385 26775
1386 11662
1387 22398
1388 228
1389 732
1390 18047
1391 5397
1392 10045
1393 25433
1394 316
1395 21342
1396 31675
1397 4276
1398 22169
1399 28631
1400 12607
1401 26121
1402 2580
1403 10120
1404 18172
1405 20686
1406 2192
1407 9518
1408 27794
1409 16100
1410 9922
1411 16528
1412 1647
1413 8642
1414 7853
1415 23525
1416 19889
1417 28247
1418 14361
1419 5003
1420 7624
1421 18631
1422 6610
1423 8765
1424 16770
1425 27118
1426 6310
1427 9709
1428 26616
1429 24216
1430 19316
1431 22100
1432 15396
1433 11005
1434 26266
1435 20057
1436 18248
1437 3708
1438 9146
1439 18884
1440 26853
1441 15142
1442 13892
1443 10360
1444 21177
1445 25538
1446 29821
1447 21267
1448 11384
1449 7369
1450 30496
1451 18464
1452 8377
1453 18769
1454 30216
1455 21840
1456 18220
1457 22636
1458 29618
1459 21886
1460 17477
1461 26820
1462 16477
1463 2069
1464 4831
1465 14450
1466 12454
1467 9822
1468 30907
1469 1327
1470 19489
1471 7645
1472 24694
1473 17904
1474 9759
1475 6187
1476 25099
1477 25804
1478 20244
1479 29118
1480 12751
1481 1991
1482 22538
1483 1852
1484 12205
1485 17156
1486 28744
1487 8941
1488 2690
1489 54
1490 19326
1491 18473
1492 4292
1493 6016
1494 30238
1495 141
1496 5513
1497 1119
1498 4564
1499 13910
1500 951
1501 25601
1502 16215
1503 20296
1504 15451
1505 30030
1506 2000
1507 21485
1508 14108
1509 2969
1510 31022
1511 27286
1512 7714
1513 19623
1514 29520
1515 24808
1516 27751
1517 7630
1518 32712
1519 21476
1520 17850
1521 19578
1522 535
1523 13777
1524 27454
1525 27657
1526 24195
1527 22385
1528 8993
1529 29842
1530 16174
1531 28862
1532 14389
1533 15943
1534 15177
1535 30302
1536 21018
1537 970
1538 22924
1539 30778
1540 4124
1541 4907
1542 10121
1543 23003
1544 32160
1545 22651
1546 19948
1547 4611
1548 9526
1549 31578
1550 1263
1551 11394
1552 31543
1553 5435
1554 13507
1555 17776
1556 8778
1557 30126
1558 18374
1559 14154
1560 5827
1561 16569
1562 1672
1563 10481
1564 30454
1565 2868
1566 14126
1567 14123
1568 20119
1569 4798
1570 7456
1571 30451
1572 14226
1573 10831
1574 31783
1575 17685
1576 9513
1577 14066
1578 23740
1579 16438
1580 8790
1581 31186
1582 13432
1583 28069
1584 8102
1585 25900
1586 12479
1587 12960
1588 8057
1589 8761
1590 6493
1591 12088
1592 25261
1593 21179
1594 3284
1595 26891
1596 26674
1597 11317
1598 17979
1599 25542
1600 9019
1601 12792
1602 17462
1603 10591
1604 31003
1605 5858
1606 8984
1607 2134
1608 20909
1609 8643
1610 16381
1611 8448
1612 17772
1613 17167
1614 15387
1615 28708
1616 17525
1617 29604
1618 30034
1619 10270
1620 32260
1621 8451
1622 5888
1623 12081
1624 30341
1625 27873
1626 25597
1627 5457
1628 5479
1629 25206
1630 22502
1631 2928
1632 25029
1633 28771
1634 12956
1635 4835
1636 2713
1637 25772
1638 20409
1639 32148
1640 6017
1641 19204
1642 15342
1643 26552
1644 31543
1645 32112
1646 24234
1647 26285
1648 10961
1649 6551
1650 29278
1651 4497
1652 17909
1653 16775
1654 22213
1655 21789
1656 2262
1657 7693
1658 6781
1659 5841
1660 4253
1661 14506
1662 23163
1663 16150
1664 31160
1665 8490
1666 8668
1667 7031
1668 6904
1669 5751
1670 31739
1671 3522
1672 8212
1673 25421
1674 30613
1675 2655
1676 20082
1677 24349
1678 24882
1679 30516
1680 246
1681 29693
1682 16329
1683 17769
1684 30988
1685 14503
1686 32718
1687 11497
1688 1562
1689 19918
1690 11746
1691 23481
1692 20464
1693 30632
1694 3002
1695 26085
1696 18005
1697 29415
1698 30519
1699 15939
1700 31606
1701 19712
1702 30479
1703 11652
1704 29286
1705 13326
1706 16503
1707 3618
1708 10491
1709 22724
1710 9620
1711 9010
1712 8465
1713 31574
1714 7711
1715 1777
1716 23285
1717 10605
1718 5766
1719 511
1720 3038
1721 32489
1722 23145
1723 32617
1724 14390
1725 25514
1726 22467
1727 14412
1728 31949
1729 7921
1730 30736
1731 16697
1732 27027
1733 9030
1734 5745
1735 1419
1736 18197
1737 23453
1738 25367
1739 6355
1740 30575
1741 9776
1742 16492
1743 24905
1744 27106
1745 14807
1746 15613
1747 14708
1748 1710
1749 16993
1750 6951
1751 23324
1752 4100
1753 385
1754 6040
1755 22664
1756 17656
1757 31904
1758 32677
1759 24991
1760 24694
1761 31792
1762 14155
1763 10054
1764 32051
1765 11889
1766 25012
1767 29579
1768 611
1769 22403
1770 29868
1771 16420
1772 13449
1773 4245
1774 10370
1775 8000
1776 19738
1777 23853
1778 15284
1779 5517
1780 10784
1781 14299
1782 13370
1783 19752
1784 6450
1785 20312
1786 1650
1787 31768
1788 12098
1789 7521
1790 3935
1791 24656
1792 9627
1793 789
1794 30532
1795 26380
1796 13867
1797 12664
1798 26285
1799 19589
1800 23456
1801 7276
1802 742
1803 11474
1804 16094
1805 4094
1806 29948
1807 9539
1808 32134
1809 23516
1810 17262
1811 26753
1812 13920
1813 16280
1814 8054
1815 20306
1816 5348
1817 25071
1818 31089
1819 30227
1820 23465
1821 13636
1822 32221
1823 15759
1824 20759
1825 30816
1826 1728
1827 22683
1828 17564
1829 30260
1830 13745
1831 19613
1832 22220
1833 9571
1834 29176
1835 13990
1836 28681
1837 18581
1838 30021
1839 15685
1840 5183
1841 5669
1842 15314
1843 29125
1844 31925
1845 25803
1846 4134
1847 5526
1848 29419
1849 3395
1850 8805
1851 25674
1852 9799
1853 2835
1854 27371
1855 13995
1856 24996
1857 16073
1858 11487
1859 25896
1860 9453
1861 3984
1862 5730
1863 9980
1864 14967
1865 31344
1866 23080
1867 4418
1868 18864
1869 28906
1870 12826
1871 10498
1872 9769
1873 19341
1874 31062
1875 9168
1876 7987
1877 9026
1878 20572
1879 11173
1880 7807
1881 17675
1882 28871
1883 8185
1884 2413
1885 29237
1886 1581
1887 10029
1888 28185
1889 27729
1890 9575
1891 14768
1892 26740
1893 8807
1894 29578
1895 19717
1896 9772
1897 2409
1898 11430
1899 26722
1900 24049
1901 20906
1902 12963
1903 12353
1904 19248
1905 29037
1906 31518
1907 23213
1908 6655
1909 10285
1910 31079
1911 23414
1912 13369
1913 15166
1914 11390
1915 6777
1916 7844
1917 6158
1918 18858
1919 1249
1920 6261
1921 6449
1922 27974
1923 2260
1924 4963
1925 2782
1926 7847
1927 20031
1928 29126
1929 25097
1930 28276
1931 31966
1932 9632
1933 24428
1934 6706
1935 3049
1936 15216
1937 21803
1938 4771
1939 4413
1940 9326
1941 22781
1942 17118
1943 30584
1944 29466
1945 17937
1946 15919
1947 5151
1948 23476
1949 662
1950 1544
1951 21459
1952 7657
1953 26216
1954 17789
1955 32220
1956 17088
1957 11564
1958 27033
1959 2119
1960 5280
1961 26984
1962 10462
1963 6654
1964 29460
1965 4142
1966 16777
1967 3572
1968 26936
1969 9883
1970 9115
1971 13640
1972 23964
1973 7788
1974 25075
1975 20484
1976 14665
1977 32445
1978 21838
1979 29512
1980 19045
1981 5548
1982 20310
1983 14767
1984 22926
1985 13693
1986 15622
1987 6832
1988 17448
1989 24837
1990 3092
1991 16263
1992 21713
1993 32033
1994 24376
1995 4742
1996 23287
1997 6640
1998 21169
1999 6501
2000 11217
2001 6747
2002 6463
2003 29287
2004 9114
2005 5780
2006 9052
2007 25963
2008 3007
2009 6552
2010 314
2011 23997
2012 11837
2013 21098
2014 29617
2015 15301
2016 18967
2017 27497
2018 18428
2019 32575
2020 7287
2021 30531
2022 30996
2023 25499
2024 24180
2025 14867
2026 13510
2027 30515
2028 8732
2029 23562
2030 22242
2031 8207
2032 26441
2033 24989
2034 13844
2035 3522
2036 12995
2037 2324
2038 21970
2039 28481
2040 2514
2041 21105
2042 14147
2043 13490
2044 13726
2045 19807
2046 13108
2047 9584
2048 30820
2049 4633
2050 21483
2051 15225
2052 20189
2053 24857
2054 23066
2055 31445
2056 15853
2057 18620
2058 18563
2059 17683
2060 22923
2061 19962
2062 947
2063 23852
2064 27478
2065 31397
2066 9166
2067 1747
2068 13843
2069 669
2070 10608
2071 26309
2072 23864
2073 30113
2074 4503
2075 3606
2076 13548
2077 32606
2078 28147
2079 2713
2080 14179
2081 22051
2082 19404
2083 9605
2084 8243
2085 577
2086 356
2087 16389
2088 1084
2089 28671
2090 22710
2091 6496
2092 18711
2093 23708
2094 16694
2095 11460
2096 8160
2097 8486
2098 8437
2099 16257
2100 28692
2101 8887
2102 2419
2103 1256
2104 27377
2105 6622
2106 10822
2107 18920
2108 13698
2109 548
2110 23252
2111 8864
2112 22205
2113 10841
2114 19350
2115 5315
2116 5972
2117 10363
2118 32178
2119 12981
2120 987
2121 18878
2122 24548
2123 17574
2124 5217
2125 23363
2126 31637
2127 26130
2128 11712
2129 24969
2130 3607
2131 12523
2132 11858
2133 1148
2134 24253
2135 17881
2136 11378
2137 3835
2138 15407
