0 7581
1 27236
2 487
3 25968
4 13280
5 11441
6 2618
7 784
8 1626
9 2551
10 27872
11 23254
12 23454
13 22721
14 3507
15 23648
16 29813
17 21178
18 17126
19 16687
20 11766
21 28567
22 6612
23 6283
24 20190
25 3914
26 6596
27 21016
28 18472
29 2306
30 11400
31 24035
32 22056
33 15255
34 837
35 19506
36 7296
37 26590
38 16845
39 17924
40 13958
41 19293
42 24655
43 18408
44 20819
45 22328
46 29530
47 30934
48 16491
49 29216
50 27514
51 11519
52 29797
53 10649
54 12122
55 9318
56 32741
57 29529
58 8715
59 11706
60 29292
61 14192
62 573
63 2490
64 8979
65 24976
66 15669
67 12372
68 4160
69 26045
70 29453
71 18633
72 16269
73 14069
74 27931
75 383
76 5365
77 15743
78 30884
79 15071
80 2099
81 19614
82 24856
83 24188
84 12215
