0 27297
1 11328
2 138
3 6813
4 5580
5 24104
6 11456
7 9352
8 9411
9 10170
10 24686
11 11079
12 1323
13 16335
14 21393
15 8026
16 19129
17 29403
18 22337
19 30258
20 23125
21 28935
22 16336
23 11843
24 1805
25 16901
26 31178
27 26671
28 14394
29 5266
30 17014
31 32504
32 13364
33 16369
34 3789
35 12765
36 10677
37 9430
38 28707
39 2271
40 13597
41 19001
42 5872
43 23321
44 24572
45 19847
46 4091
47 23145
48 22475
49 17198
50 20848
51 20244
52 20594
53 30771
54 25356
55 13221
56 13689
57 22154
58 13390
59 3035
60 10365
61 22331
62 27625
63 14204
64 8164
65 28293
66 10312
67 4953
68 9036
69 13121
70 19544
71 576
72 23741
73 26372
74 25654
75 15172
76 24367
77 21607
78 28007
79 3517
80 5233
81 2411
82 3838
83 209
84 11652
85 12275
86 12038
87 24606
88 23181
89 26840
90 18049
91 5219
92 6229
93 19632
94 30031
95 20215
96 3320
97 12537
98 21496
99 30640
100 12052
101 4895
102 28399
103 15637
104 7924
105 22319
106 31263
107 27794
108 919
109 23107
110 5761
111 2447
112 21973
113 14063
114 27713
115 26728
116 26580
117 7148
118 23849
119 16806
120 6478
121 5741
122 3699
123 14525
