39 0 0 1441 14 25 17 15 7 15 13 11 13 10 9 7 11 7 10 11 8 8 7 11 5
39 0 0 1444 15 24 15 17 7 13 15 11 13 8 13 5 12 7 7 13 10 7 7 10 5
39 0 0 1442 15 24 15 18 6 13 15 11 12 10 11 6 11 7 9 12 10 4 10 10 5
39 0 0 1440 15 24 16 16 7 13 16 10 12 10 11 6 11 6 10 12 9 5 9 11 5
39 0 0 1433 15 24 17 14 8 14 14 11 12 10 11 6 10 8 8 13 8 6 8 12 5
39 0 0 1443 15 24 18 15 6 16 11 12 12 11 10 6 9 8 12 10 7 6 8 13 5
39 0 0 1438 16 23 16 14 9 14 12 13 12 11 9 7 11 7 12 9 9 10 3 12 5
39 0 0 1431 16 23 16 16 7 14 13 12 12 11 9 7 10 10 7 12 9 5 13 7 5
39 0 0 1421 16 23 16 16 7 14 13 12 13 8 12 6 11 7 10 11 7 11 7 9 5
39 0 0 1434 16 23 16 17 6 14 13 12 12 9 14 4 10 8 9 12 9 5 8 12 5
39 0 0 1434 16 23 16 18 5 14 14 11 13 8 12 6 11 6 11 11 7 9 9 9 5
39 0 0 1436 16 23 17 14 8 13 16 10 12 9 11 7 10 7 8 14 6 8 10 10 5
39 0 0 1440 16 23 17 14 8 15 11 13 12 11 9 7 9 12 5 13 8 6 12 8 5
39 0 0 1432 16 23 17 14 8 15 11 13 13 8 12 6 10 9 8 12 6 12 6 10 5
39 0 0 1441 16 23 17 15 7 15 11 13 12 9 14 4 9 10 7 13 8 6 7 13 5
39 0 0 1441 16 23 17 16 6 14 15 10 13 8 12 6 11 5 12 11 6 10 8 10 5
39 0 0 1426 16 23 17 16 6 15 12 12 13 8 12 6 10 8 9 12 6 10 8 10 5
39 0 0 1439 16 23 18 13 8 14 15 10 11 12 11 5 9 8 11 11 7 7 6 14 5
39 0 0 1438 16 23 18 13 8 15 12 12 11 12 11 5 8 11 8 12 7 7 6 14 5
39 0 0 1432 16 23 18 13 8 15 13 11 11 14 9 5 9 10 11 9 9 5 8 12 5
39 0 0 1444 16 23 18 13 8 16 10 13 11 14 9 5 8 13 8 10 9 5 8 12 5
39 0 0 1441 16 23 18 14 7 15 13 11 12 11 9 7 9 10 7 13 7 5 13 9 5
39 0 0 1437 16 23 18 14 7 15 13 11 13 8 12 6 10 7 10 12 5 11 7 11 5
39 0 0 1440 16 23 18 15 6 15 13 11 11 12 11 5 8 10 9 12 7 5 8 14 5
39 0 0 1433 16 23 18 15 6 15 13 11 12 10 10 7 9 7 12 11 5 8 10 11 5
39 0 0 1441 16 23 19 13 7 16 12 11 12 11 12 4 8 12 7 12 6 7 11 10 5
39 0 0 1432 17 22 14 16 9 12 14 13 12 9 13 5 12 7 9 11 11 9 3 11 5
39 0 0 1439 17 22 15 16 8 12 16 11 11 12 10 6 11 8 8 12 12 2 10 10 5
39 0 0 1440 17 22 15 16 8 12 16 11 12 9 13 5 12 5 11 11 10 8 4 12 5
39 0 0 1438 17 22 15 19 5 14 12 13 12 10 12 5 10 10 8 11 10 4 13 7 5
39 0 0 1440 17 22 15 19 5 14 12 13 13 7 15 4 11 7 11 10 8 10 7 9 5
39 0 0 1436 17 22 16 13 10 12 17 10 12 11 8 8 12 6 10 11 9 9 8 8 5
39 0 0 1421 17 22 16 13 10 13 14 12 12 11 8 8 11 9 7 12 9 9 8 8 5
39 0 0 1440 17 22 16 14 9 12 17 10 11 12 10 6 11 7 9 12 11 3 9 11 5
39 0 0 1436 17 22 16 14 9 13 14 12 12 9 13 5 11 7 9 12 9 9 3 13 5
39 0 0 1444 17 22 16 15 8 12 18 9 12 11 8 8 12 5 11 11 9 7 10 8 5
39 0 0 1428 17 22 16 15 8 13 15 11 11 12 13 3 10 10 8 11 11 4 8 11 5
39 0 0 1442 17 22 16 15 8 14 12 13 11 12 13 3 9 13 5 12 11 4 8 11 5
39 0 0 1427 17 22 16 16 7 14 12 13 11 11 14 3 9 10 10 10 9 7 5 13 5
39 0 0 1428 17 22 16 17 6 13 15 11 12 8 14 5 10 7 9 13 7 7 10 10 5
39 0 0 1434 17 22 16 17 6 15 10 14 12 10 12 5 9 12 6 12 9 5 12 8 5
39 0 0 1438 17 22 16 17 6 15 10 14 13 7 15 4 10 9 9 11 7 11 6 10 5
39 0 0 1439 17 22 16 18 5 14 13 12 11 11 14 3 9 9 11 10 9 5 7 13 5
39 0 0 1438 17 22 17 11 11 13 15 11 12 11 8 8 11 8 8 12 8 10 7 9 5
39 0 0 1438 17 22 17 12 10 13 15 11 11 12 10 6 10 9 7 13 10 4 8 12 5
39 0 0 1427 17 22 17 13 9 13 16 10 12 11 8 8 11 7 9 12 8 8 9 9 5
39 0 0 1438 17 22 17 13 9 14 13 12 11 12 13 3 9 12 6 12 10 5 7 12 5
39 0 0 1441 17 22 17 14 8 13 15 11 10 12 13 4 8 10 8 13 8 4 8 14 5
39 0 0 1444 17 22 17 14 8 14 13 12 13 7 12 7 10 8 8 13 4 14 8 8 5
39 0 0 1440 17 22 17 15 7 13 17 9 12 11 8 8 11 6 10 12 8 6 11 9 5
39 0 0 1440 17 22 17 15 7 14 14 11 11 12 13 3 9 11 7 12 10 3 9 12 5
39 0 0 1443 17 22 17 15 7 15 11 13 11 13 9 6 9 10 10 10 9 7 5 8 10
39 0 0 1441 17 22 17 16 6 14 14 11 11 11 14 3 9 8 12 10 8 6 6 14 5
39 0 0 1437 17 22 17 16 6 14 15 10 13 9 10 7 11 6 12 10 6 10 12 6 5
39 0 0 1441 17 22 17 16 6 15 11 13 11 11 14 3 8 11 9 11 8 6 6 14 5
39 0 0 1424 17 22 17 16 6 15 12 12 13 9 10 7 10 9 9 11 6 10 12 6 5
39 0 0 1441 17 22 17 17 5 14 15 10 12 10 12 5 10 7 11 11 8 4 13 9 5
39 0 0 1436 17 22 17 17 5 15 12 12 12 10 12 5 9 10 8 12 8 4 13 9 5
39 0 0 1444 17 22 17 17 5 15 12 12 13 7 15 4 10 7 11 11 6 10 7 11 5
39 0 0 1441 17 22 17 18 4 15 12 12 12 9 13 5 9 7 13 10 6 7 10 11 5
39 0 0 1437 17 22 18 11 10 14 14 11 12 11 8 8 10 9 7 13 7 9 8 10 5
39 0 0 1443 17 22 18 13 8 14 15 10 11 12 13 3 9 10 8 12 9 4 8 13 5
39 0 0 1443 17 22 18 14 7 15 12 12 11 12 10 6 8 10 10 11 6 8 9 6 10
39 0 0 1426 17 22 18 14 7 15 13 11 13 9 10 7 10 8 10 11 5 11 11 7 5
39 0 0 1436 17 22 18 14 7 16 10 13 13 9 10 7 9 11 7 12 5 11 11 7 5
39 0 0 1426 17 22 18 15 6 15 13 11 12 10 12 5 9 9 9 12 7 5 12 10 5
39 0 0 1444 17 22 18 15 6 16 10 13 12 10 12 5 8 12 6 13 7 5 12 10 5
39 0 0 1443 17 22 18 16 5 15 14 10 13 9 10 7 10 7 11 11 5 9 13 7 5
39 0 0 1442 17 22 18 16 5 16 11 12 13 9 10 7 9 10 8 12 5 9 13 7 5
39 0 0 1430 17 22 19 11 9 15 13 11 11 13 9 6 8 11 9 11 6 8 9 11 5
39 0 0 1441 17 22 19 12 8 14 17 8 12 11 11 5 10 7 11 11 6 9 8 11 5
39 0 0 1426 17 22 19 12 8 15 14 10 12 11 11 5 9 10 8 12 6 9 8 11 5
39 0 0 1442 17 22 19 12 8 16 11 12 13 9 10 7 9 10 8 12 4 12 10 8 5
39 0 0 1431 17 22 19 13 7 15 14 10 11 13 9 6 8 10 10 11 6 6 11 11 5
39 0 0 1444 17 22 19 13 7 16 11 12 11 13 9 6 7 13 7 12 6 6 11 11 5
39 0 0 1438 17 22 19 13 7 16 11 12 12 10 12 5 8 11 7 13 6 6 11 11 5
39 0 0 1431 17 22 19 14 6 15 15 9 12 11 11 5 9 9 9 12 6 7 10 11 5
39 0 0 1441 17 22 19 14 6 16 11 12 11 12 10 6 7 10 12 10 4 9 8 13 5
39 0 0 1439 17 22 19 14 6 16 12 11 12 11 11 5 8 12 6 13 6 7 10 11 5
39 0 0 1440 17 22 19 14 6 16 12 11 13 9 10 7 9 9 9 12 4 10 12 8 5
39 0 0 1439 18 21 14 15 10 11 16 12 12 9 12 6 12 9 4 14 11 8 8 7 5
39 0 0 1439 18 21 15 15 9 11 18 10 12 9 12 6 12 7 6 14 10 7 9 8 5
39 0 0 1443 18 21 15 16 8 12 15 12 10 13 11 5 10 8 11 10 11 5 6 7 10
39 0 0 1442 18 21 15 16 8 13 12 14 10 13 11 5 9 11 8 11 11 5 6 7 10
