39 0 0 1439 20 19 16 17 6 13 13 13 11 8 17 3 8 10 9 12 5 11 8 10 5
39 0 0 1427 20 19 16 17 6 13 14 12 10 13 12 4 9 8 15 7 9 6 8 11 5
39 0 0 1444 20 19 16 17 6 13 14 12 11 11 11 6 10 7 12 10 8 10 4 7 10
39 0 0 1416 20 19 16 17 6 14 11 14 10 13 12 4 8 11 12 8 9 6 8 11 5
39 0 0 1439 20 19 16 19 4 14 12 13 11 10 15 3 8 11 10 10 7 7 12 8 5
39 0 0 1426 20 19 17 12 10 13 13 13 10 12 13 4 8 12 7 12 8 8 6 12 5
39 0 0 1440 20 19 17 13 9 12 17 10 11 10 15 3 10 8 9 12 8 9 5 12 5
39 0 0 1444 20 19 17 13 9 13 13 13 10 11 14 4 8 10 9 12 7 9 5 8 10
39 0 0 1443 20 19 17 13 9 13 14 12 10 14 8 7 9 10 9 11 9 7 7 6 10
39 0 0 1437 20 19 17 13 9 13 14 12 11 10 15 3 9 11 6 13 8 9 5 12 5
39 0 0 1423 20 19 17 14 8 12 17 10 10 12 13 4 9 8 11 11 8 6 8 12 5
39 0 0 1414 20 19 17 14 8 13 14 12 10 12 13 4 8 11 8 12 8 6 8 12 5
39 0 0 1443 20 19 17 14 8 13 14 12 11 9 16 3 8 12 5 14 6 9 10 9 5
39 0 0 1437 20 19 17 14 8 13 15 11 12 10 9 8 10 9 8 12 6 10 14 4 5
39 0 0 1444 20 19 17 14 8 14 12 13 11 12 10 6 9 10 11 9 7 11 8 3 10
39 0 0 1444 20 19 17 15 7 12 17 10 9 14 11 5 8 8 13 10 8 3 11 12 5
39 0 0 1443 20 19 17 15 7 12 18 9 11 10 15 3 10 7 10 12 8 7 7 12 5
39 0 0 1438 20 19 17 15 7 13 14 12 10 11 14 4 8 9 10 12 7 7 7 8 10
39 0 0 1429 20 19 17 15 7 13 15 11 11 10 15 3 9 10 7 13 8 7 7 12 5
39 0 0 1437 20 19 17 15 7 13 15 11 11 11 11 6 9 10 7 13 8 4 15 7 5
39 0 0 1416 20 19 17 15 7 13 15 11 12 8 14 5 10 7 10 12 6 10 9 9 5
39 0 0 1442 20 19 17 15 7 13 15 11 12 9 10 8 10 6 13 10 4 13 11 6 5
39 0 0 1415 20 19 17 15 7 14 12 13 10 13 12 4 8 10 13 8 8 7 7 12 5
39 0 0 1440 20 19 17 15 7 14 12 13 10 13 12 4 8 11 10 10 9 5 9 6 10
39 0 0 1439 20 19 17 16 6 13 16 10 11 11 14 3 9 10 9 11 8 5 14 7 5
39 0 0 1440 20 19 17 16 6 14 13 12 12 8 17 2 9 10 9 11 6 11 8 9 5
39 0 0 1436 20 19 17 17 5 13 16 10 12 8 14 5 10 6 11 12 6 8 11 9 5
39 0 0 1432 20 19 17 17 5 14 13 12 10 13 12 4 8 9 14 8 8 5 9 12 5
39 0 0 1444 21 18 17 13 9 13 14 12 11 11 13 4 9 11 9 10 7 11 7 14 0
39 0 0 1437 21 18 17 14 8 11 19 9 10 11 13 5 9 7 11 12 6 8 10 10 5
