4 0 0 0 0 0 7
4 0 0 0 0 0 8
4 0 0 0 0 2 5
4 0 0 0 0 2 6
4 0 0 0 0 4 3
4 0 0 0 0 4 4
4 0 0 0 0 6 1
4 0 0 0 0 6 2
4 0 0 0 0 8 0
4 0 0 0 1 0 6
4 0 0 0 1 2 4
4 0 0 0 1 4 2
4 0 0 0 1 6 0
4 0 0 0 2 0 4
4 0 0 0 2 0 6
4 0 0 0 2 2 2
4 0 0 0 2 2 4
4 0 0 0 2 4 0
4 0 0 0 2 4 2
4 0 0 0 2 6 0
4 0 0 0 4 0 2
4 0 0 0 4 0 4
4 0 0 0 4 2 0
4 0 0 0 4 2 2
4 0 0 0 4 4 0
4 0 0 0 6 0 0
4 0 0 0 6 0 2
4 0 0 0 6 2 0
4 0 0 0 8 0 0
4 0 0 2 0 0 4
4 0 0 2 0 0 6
4 0 0 2 0 2 2
4 0 0 2 0 2 4
4 0 0 2 0 4 0
4 0 0 2 0 4 2
4 0 0 2 0 6 0
4 0 0 2 1 0 0
4 0 0 2 2 0 2
4 0 0 2 2 0 4
4 0 0 2 2 2 0
4 0 0 2 2 2 2
4 0 0 2 2 4 0
4 0 0 2 4 0 0
4 0 0 2 4 0 2
4 0 0 2 4 2 0
4 0 0 2 6 0 0
4 0 0 4 0 0 2
4 0 0 4 0 0 4
4 0 0 4 0 2 0
4 0 0 4 0 2 2
4 0 0 4 0 4 0
4 0 0 4 2 0 0
4 0 0 4 2 0 2
4 0 0 4 2 2 0
4 0 0 4 4 0 0
4 0 0 6 0 0 0
4 0 0 6 0 0 2
4 0 0 6 0 2 0
4 0 0 6 2 0 0
4 0 0 8 0 0 0
4 0 1 0 0 0 6
4 0 1 0 0 2 4
4 0 1 0 0 4 2
4 0 1 0 0 6 0
4 0 2 0 0 0 4
4 0 2 0 0 0 6
4 0 2 0 0 2 2
4 0 2 0 0 2 4
4 0 2 0 0 4 0
4 0 2 0 0 4 2
4 0 2 0 0 6 0
4 0 2 0 2 0 2
4 0 2 0 2 0 4
4 0 2 0 2 2 0
4 0 2 0 2 2 2
4 0 2 0 2 4 0
4 0 2 0 4 0 0
4 0 2 0 4 0 2
4 0 2 0 4 2 0
4 0 2 0 6 0 0
4 0 2 2 0 0 2
4 0 2 2 0 0 4
4 0 2 2 0 2 0
4 0 2 2 0 2 2
4 0 2 2 0 4 0
4 0 2 2 1 0 0
4 0 2 2 2 0 0
4 0 2 2 2 0 2
4 0 2 2 2 2 0
4 0 2 2 4 0 0
4 0 2 4 0 0 0
4 0 2 4 0 0 2
4 0 2 4 0 2 0
4 0 2 4 2 0 0
4 0 2 6 0 0 0
4 0 3 0 1 0 0
4 0 3 2 0 0 0
4 0 4 0 0 0 2
4 0 4 0 0 0 4
4 0 4 0 0 2 0
4 0 4 0 0 2 2
4 0 4 0 0 4 0
4 0 4 0 2 0 0
4 0 4 0 2 0 2
4 0 4 0 2 2 0
4 0 4 0 4 0 0
4 0 4 2 0 0 0
4 0 4 2 0 0 2
4 0 4 2 0 2 0
4 0 4 2 2 0 0
4 0 4 4 0 0 0
4 0 6 0 0 0 0
4 0 6 0 0 0 2
4 0 6 0 0 2 0
4 0 6 0 2 0 0
4 0 6 2 0 0 0
4 0 8 0 0 0 0
4 2 0 0 0 0 4
4 2 0 0 0 0 6
4 2 0 0 0 2 2
4 2 0 0 0 2 4
4 2 0 0 0 4 0
4 2 0 0 0 4 2
4 2 0 0 0 6 0
4 2 0 0 2 0 2
4 2 0 0 2 0 4
4 2 0 0 2 2 0
4 2 0 0 2 2 2
4 2 0 0 2 4 0
4 2 0 0 4 0 0
4 2 0 0 4 0 2
4 2 0 0 4 2 0
4 2 0 0 6 0 0
4 2 0 2 0 0 2
4 2 0 2 0 0 4
4 2 0 2 0 2 0
4 2 0 2 0 2 2
4 2 0 2 0 4 0
4 2 0 2 1 0 0
4 2 0 2 1 0 0
4 2 0 2 2 0 0
4 2 0 2 2 0 2
4 2 0 2 2 2 0
4 2 0 2 4 0 0
4 2 0 4 0 0 0
4 2 0 4 0 0 2
4 2 0 4 0 2 0
4 2 0 4 2 0 0
4 2 0 6 0 0 0
4 2 1 0 1 0 0
4 2 1 0 2 0 1
4 2 1 0 3 0 1
4 2 1 2 0 0 0
4 2 1 2 0 0 0
4 2 1 2 0 0 1
4 2 2 0 0 0 2
4 2 2 0 0 0 4
4 2 2 0 0 2 0
4 2 2 0 0 2 2
4 2 2 0 0 4 0
4 2 2 0 1 0 0
4 2 2 0 1 0 0
4 2 2 0 2 0 0
4 2 2 0 2 0 2
4 2 2 0 2 2 0
4 2 2 0 4 0 0
4 2 2 2 0 0 0
4 2 2 2 0 0 2
4 2 2 2 0 2 0
4 2 2 2 2 0 0
4 2 2 4 0 0 0
4 2 3 0 0 0 0
4 2 3 0 0 0 0
4 2 3 0 0 0 1
4 2 4 0 0 0 0
4 2 4 0 0 0 2
4 2 4 0 0 2 0
4 2 4 0 2 0 0
4 2 4 2 0 0 0
4 2 6 0 0 0 0
4 4 0 0 0 0 2
4 4 0 0 0 0 4
4 4 0 0 0 2 0
4 4 0 0 0 2 2
4 4 0 0 0 4 0
4 4 0 0 1 0 0
4 4 0 0 2 0 0
4 4 0 0 2 0 2
4 4 0 0 2 2 0
4 4 0 0 4 0 0
4 4 0 2 0 0 0
4 4 0 2 0 0 2
4 4 0 2 0 2 0
4 4 0 2 2 0 0
4 4 0 4 0 0 0
4 4 1 0 0 0 0
4 4 1 0 1 0 1
4 4 2 0 0 0 0
4 4 2 0 0 0 2
4 4 2 0 0 2 0
4 4 2 0 2 0 0
4 4 2 2 0 0 0
4 4 4 0 0 0 0
4 6 0 0 0 0 0
4 6 0 0 0 0 2
4 6 0 0 0 2 0
4 6 0 0 2 0 0
4 6 0 2 0 0 0
4 6 2 0 0 0 0
4 8 0 0 0 0 0
5 0 0 0 1 2 2
5 0 0 0 1 4 0
5 0 0 0 2 2 1
5 0 0 0 3 2 0
5 0 0 2 0 2 0
5 0 0 2 1 2 0
5 0 1 0 0 0 4
5 0 1 0 0 2 2
5 0 1 0 0 4 0
5 0 1 0 1 0 4
5 0 1 0 1 2 2
5 0 1 0 1 4 0
5 0 1 0 2 0 2
5 0 1 0 2 2 0
5 0 1 0 3 0 2
5 0 1 0 3 2 0
5 0 1 0 4 0 0
5 0 1 0 5 0 0
5 0 1 2 0 0 2
5 0 1 2 0 2 0
5 0 1 2 1 0 2
5 0 1 2 1 2 0
5 0 1 2 2 0 0
5 0 1 2 3 0 0
5 0 1 4 0 0 0
5 0 1 4 1 0 0
5 0 2 0 0 0 3
5 0 2 0 0 2 0
5 0 2 0 1 0 2
5 0 2 0 1 2 0
5 0 2 0 2 0 1
5 0 2 0 3 0 0
5 0 2 2 0 0 0
5 0 2 2 1 0 0
5 0 3 0 0 0 2
5 0 3 0 0 2 0
5 0 3 0 1 0 2
5 0 3 0 1 2 0
5 0 3 0 2 0 0
5 0 3 0 3 0 0
5 0 3 2 0 0 0
5 0 3 2 1 0 0
5 0 4 0 0 0 0
5 0 4 0 1 0 0
5 0 5 0 0 0 0
5 0 5 0 1 0 0
5 2 0 0 0 0 2
5 2 0 0 0 2 0
5 2 0 0 1 0 2
5 2 0 0 1 2 0
5 2 0 0 2 0 0
5 2 0 0 3 0 0
5 2 0 2 0 0 0
5 2 0 2 1 0 0
5 2 1 0 0 0 2
5 2 1 0 0 2 0
5 2 1 0 1 0 2
5 2 1 0 1 2 0
5 2 1 0 2 0 0
5 2 1 0 3 0 0
5 2 1 2 0 0 0
5 2 1 2 1 0 0
5 2 2 0 0 0 0
5 2 2 0 1 0 0
5 2 3 0 0 0 0
5 2 3 0 1 0 0
5 4 0 0 0 0 0
5 4 0 0 1 0 0
5 4 1 0 0 0 0
5 4 1 0 1 0 0
6 0 0 0 0 0 6
6 0 0 0 0 2 4
6 0 0 0 0 4 2
6 0 0 0 0 6 0
6 0 0 0 1 0 4
6 0 0 0 1 2 2
6 0 0 0 1 4 0
6 0 0 0 2 0 3
6 0 0 0 2 0 4
6 0 0 0 2 2 1
6 0 0 0 2 2 2
6 0 0 0 2 4 0
6 0 0 0 3 0 2
6 0 0 0 3 2 0
6 0 0 0 4 0 1
6 0 0 0 4 0 2
6 0 0 0 4 2 0
6 0 0 0 5 0 0
6 0 0 0 6 0 0
6 0 0 2 0 0 3
6 0 0 2 0 0 4
6 0 0 2 0 2 0
6 0 0 2 0 2 2
6 0 0 2 0 4 0
6 0 0 2 1 0 2
6 0 0 2 1 2 0
6 0 0 2 2 0 0
6 0 0 2 2 0 2
6 0 0 2 2 2 0
6 0 0 2 3 0 0
6 0 0 2 4 0 0
6 0 0 4 0 0 0
6 0 0 4 0 0 2
6 0 0 4 0 2 0
6 0 0 4 1 0 0
6 0 0 4 2 0 0
6 0 0 6 0 0 0
6 0 1 0 0 0 4
6 0 1 0 0 2 2
6 0 1 0 0 4 0
6 0 1 0 1 0 4
6 0 1 0 1 2 2
6 0 1 0 1 4 0
6 0 1 0 2 0 2
6 0 1 0 2 2 0
6 0 1 0 3 0 2
6 0 1 0 3 2 0
6 0 1 0 4 0 0
6 0 1 0 5 0 0
6 0 1 2 0 0 2
6 0 1 2 0 2 0
6 0 1 2 1 0 2
6 0 1 2 1 2 0
6 0 1 2 2 0 0
6 0 1 2 3 0 0
6 0 1 4 0 0 0
6 0 1 4 1 0 0
6 0 2 0 0 0 3
6 0 2 0 0 0 4
6 0 2 0 0 2 0
6 0 2 0 0 2 2
6 0 2 0 0 4 0
6 0 2 0 1 0 2
6 0 2 0 1 2 0
6 0 2 0 2 0 0
6 0 2 0 2 0 2
6 0 2 0 2 2 0
6 0 2 0 3 0 0
6 0 2 0 4 0 0
6 0 2 2 0 0 0
6 0 2 2 0 0 2
6 0 2 2 0 2 0
6 0 2 2 1 0 0
6 0 2 2 2 0 0
6 0 2 4 0 0 0
6 0 3 0 0 0 2
6 0 3 0 0 2 0
6 0 3 0 1 0 2
6 0 3 0 1 2 0
6 0 3 0 2 0 0
6 0 3 0 3 0 0
6 0 3 2 0 0 0
6 0 3 2 1 0 0
6 0 4 0 0 0 0
6 0 4 0 0 0 2
6 0 4 0 0 2 0
6 0 4 0 1 0 0
6 0 4 0 2 0 0
6 0 4 2 0 0 0
6 0 5 0 0 0 0
6 0 5 0 1 0 0
6 0 6 0 0 0 0
6 2 0 0 0 0 2
6 2 0 0 0 0 4
6 2 0 0 0 2 0
6 2 0 0 0 2 2
6 2 0 0 0 4 0
6 2 0 0 1 0 2
6 2 0 0 1 2 0
6 2 0 0 2 0 0
6 2 0 0 2 0 2
6 2 0 0 2 2 0
6 2 0 0 3 0 0
6 2 0 0 4 0 0
6 2 0 2 0 0 0
6 2 0 2 0 0 2
6 2 0 2 0 2 0
6 2 0 2 1 0 0
6 2 0 2 2 0 0
6 2 0 4 0 0 0
6 2 1 0 0 0 2
6 2 1 0 0 2 0
6 2 1 0 1 0 2
6 2 1 0 1 2 0
6 2 1 0 2 0 0
6 2 1 0 3 0 0
6 2 1 2 0 0 0
6 2 1 2 1 0 0
6 2 2 0 0 0 0
6 2 2 0 0 0 2
6 2 2 0 0 2 0
6 2 2 0 1 0 0
6 2 2 0 2 0 0
6 2 2 2 0 0 0
6 2 3 0 0 0 0
6 2 3 0 1 0 0
6 2 4 0 0 0 0
6 4 0 0 0 0 0
6 4 0 0 0 0 2
6 4 0 0 0 2 0
6 4 0 0 1 0 0
6 4 0 0 2 0 0
6 4 0 2 0 0 0
6 4 1 0 0 0 0
6 4 1 0 1 0 0
6 4 2 0 0 0 0
6 6 0 0 0 0 0
8 0 0 0 0 0 4
8 0 0 0 0 2 2
8 0 0 0 0 4 0
8 0 0 0 2 0 2
8 0 0 0 2 2 0
8 0 0 0 4 0 0
8 0 0 2 0 0 3
8 0 0 2 0 2 0
8 0 0 2 1 0 2
8 0 0 2 2 0 0
8 0 0 4 0 0 0
8 0 1 2 0 0 2
8 0 2 0 0 0 2
8 0 2 0 0 2 0
8 0 2 0 2 0 0
8 0 2 2 0 0 0
8 0 4 0 0 0 0
8 2 0 0 0 0 2
8 2 0 0 0 2 0
8 2 0 0 2 0 0
8 2 0 2 0 0 0
8 2 2 0 0 0 0
8 4 0 0 0 0 0
10 0 0 2 0 0 2
13 2 0 0 0 0 1
13 2 0 0 1 0 0
13 2 1 0 0 0 0
16 0 0 0 0 0 3
16 0 0 0 0 2 1
16 0 0 0 1 0 2
16 0 0 0 1 2 0
16 0 0 0 2 0 1
16 0 0 0 3 0 0
19 0 0 2 0 0 0
16 0 1 2 0 0 0
16 0 0 2 1 0 0
16 0 0 2 0 0 1
16 0 1 0 0 0 2
16 0 1 0 0 2 0
16 0 1 0 2 0 0
19 0 2 0 0 0 0
16 0 3 0 0 0 0
16 0 2 0 1 0 0
16 0 2 0 0 0 1
17 2 0 0 0 0 0
16 2 1 0 0 0 0
16 2 0 0 1 0 0
16 2 0 0 0 0 1
25 0 0 0 0 0 2
25 0 0 0 0 0 2
25 0 0 0 0 2 0
25 0 0 0 1 0 1
25 0 0 0 2 0 0
25 0 0 0 2 0 0
25 0 0 2 0 0 0
25 0 1 0 0 0 1
25 0 1 0 1 0 0
25 0 2 0 0 0 0
25 0 2 0 0 0 0
25 2 0 0 0 0 0
32 0 0 0 0 0 1
32 0 0 0 1 0 0
32 0 1 0 0 0 0
43 0 0 0 0 0 0
