5 15 8 20 3 2 2 2 0 0 3 2 0 2 3 0 1 0 2 2 1 1 1 1 0
5 15 2 -10 4 1 0 2 2 0 3 2 1 2 2 0 3 0 1 1 2 1 0 1 0
5 14 7 -5 2 3 1 3 0 1 1 3 2 0 3 0 3 0 1 1 1 3 0 0 0
5 14 7 7 3 2 3 0 1 1 2 2 0 3 2 0 0 2 2 1 0 1 0 3 0
5 16 9 -3 2 3 3 0 1 1 2 2 1 2 1 1 2 0 1 2 0 2 0 2 0
5 14 5 17 3 2 3 0 1 1 3 1 0 3 2 0 0 1 3 1 0 1 0 3 0
5 14 10 -3 3 2 4 0 0 1 3 1 0 4 1 0 1 1 1 2 0 0 1 3 0
5 16 2 5 4 1 2 1 1 1 3 1 1 1 3 0 1 0 3 1 0 1 0 3 0
5 15 3 7 5 0 2 2 0 1 3 1 1 2 1 1 1 1 3 0 0 2 2 0 0
5 16 -4 20 4 1 0 2 2 1 3 1 1 2 2 0 2 0 1 2 2 1 0 1 0
5 15 2 -10 4 1 2 0 2 1 3 1 1 2 2 0 2 0 1 2 0 1 0 3 0
5 14 4 -12 2 3 2 0 2 2 0 3 1 3 0 1 2 1 0 2 1 0 0 0 3
5 14 0 19 4 1 2 1 1 2 1 2 0 4 0 1 0 1 4 0 1 0 0 0 3
5 16 6 25 2 3 3 1 0 2 1 2 1 2 1 1 1 1 0 3 1 0 3 0 0
5 17 6 -3 2 3 3 0 1 2 1 2 1 3 0 1 1 2 1 1 0 1 1 2 0
5 14 1 25 2 3 1 3 0 2 1 2 2 0 3 0 2 0 1 2 1 3 0 0 0
5 16 5 17 1 4 2 2 0 2 1 2 2 1 0 2 2 0 2 1 1 2 1 0 0
5 15 7 7 1 4 3 0 1 2 1 2 2 1 0 2 2 0 2 1 0 3 0 1 0
5 15 6 10 0 5 2 2 0 2 1 2 2 1 1 1 2 1 0 2 2 0 0 2 0
5 15 -1 32 3 2 2 0 2 2 2 1 0 5 0 0 1 1 1 2 2 0 1 1 0
5 17 0 -5 4 1 2 1 1 2 2 1 1 3 1 0 1 2 1 1 0 1 0 3 0
5 16 -2 -3 2 3 1 1 2 2 2 1 2 1 2 0 2 1 0 2 0 2 0 2 0
5 14 -4 20 4 1 2 0 2 2 3 0 1 2 2 0 1 0 1 3 0 1 0 3 0
5 14 -2 -3 2 3 1 3 0 2 3 0 2 1 2 0 2 0 1 2 0 0 2 2 0
5 15 1 22 2 3 3 1 0 3 1 1 1 3 0 1 0 2 1 2 0 0 2 2 0
5 17 -3 30 2 3 2 1 1 3 1 1 1 3 0 1 1 0 1 3 0 1 2 1 0
