p 263 h 79 constraints 6464
0 0 1 0
1 0 1 1
2 0 1 2
3 0 1 3
4 0 1 4
5 0 1 5
6 0 1 6
7 0 1 7
8 0 1 8
9 0 1 9
10 0 1 10
11 0 1 11
12 0 1 12
13 0 1 13
14 0 1 14
15 0 1 15
16 0 1 16
17 0 1 17
18 0 1 18
19 0 1 19
20 0 1 20
21 0 1 21
22 0 1 22
23 0 1 23
24 0 1 24
25 0 1 25
26 0 1 26
27 0 1 27
28 0 1 28
29 0 1 29
30 0 1 30
31 0 1 31
32 0 1 32
33 0 1 33
34 0 1 34
35 1 1 2
36 1 1 3
37 1 1 4
38 1 1 5
39 1 1 6
40 1 1 7
41 1 1 8
42 1 1 9
43 1 1 10
44 1 1 11
45 1 1 12
46 1 1 13
47 1 1 14
48 1 1 15
49 1 1 16
50 1 1 17
51 1 1 18
52 1 1 19
53 1 1 20
54 1 1 21
55 1 1 22
56 1 1 23
57 1 1 24
58 1 1 25
59 1 1 26
60 1 1 27
61 1 1 28
62 1 1 29
63 1 1 30
64 1 1 31
65 1 1 32
66 1 1 33
67 1 1 34
68 2 1 4
69 2 1 5
70 2 1 6
71 2 1 7
72 2 1 8
73 2 1 9
74 2 1 10
75 2 1 11
76 2 1 12
77 2 1 13
78 2 1 14
79 2 1 15
80 2 1 16
81 2 1 17
82 2 1 18
83 2 1 19
84 2 1 20
85 2 1 21
86 2 1 22
87 2 1 23
88 2 1 24
89 2 1 25
90 2 1 26
91 2 1 27
92 2 1 28
93 2 1 29
94 2 1 30
95 2 1 31
96 2 1 32
97 2 1 33
98 2 1 34
99 3 1 6
100 3 1 7
101 3 1 8
102 3 1 9
103 3 1 10
104 3 1 11
105 3 1 12
106 3 1 13
107 3 1 14
108 3 1 15
109 3 1 16
110 3 1 17
111 3 1 18
112 3 1 19
113 3 1 20
114 3 1 21
115 3 1 22
116 3 1 23
117 3 1 24
118 3 1 25
119 3 1 26
120 3 1 27
121 3 1 28
122 3 1 29
123 3 1 30
124 3 1 31
125 3 1 32
126 3 1 33
127 3 1 34
128 4 1 8
129 4 1 9
130 4 1 10
131 4 1 11
132 4 1 12
133 4 1 13
134 4 1 14
135 4 1 15
136 4 1 16
137 4 1 17
138 4 1 18
139 4 1 19
140 4 1 20
141 4 1 21
142 4 1 22
143 4 1 23
144 4 1 24
145 4 1 25
146 4 1 26
147 4 1 27
148 4 1 28
149 4 1 29
150 4 1 30
151 4 1 31
152 4 1 32
153 4 1 33
154 4 1 34
155 5 1 10
156 5 1 11
157 5 1 12
158 5 1 13
159 5 1 14
160 5 1 15
161 5 1 16
162 5 1 17
163 5 1 18
164 5 1 19
165 5 1 20
166 5 1 21
167 5 1 22
168 5 1 23
169 5 1 24
170 5 1 25
171 5 1 26
172 5 1 27
173 5 1 28
174 5 1 29
175 5 1 30
176 5 1 31
177 5 1 32
178 5 1 33
179 5 1 34
180 6 1 12
181 6 1 13
182 6 1 14
183 6 1 15
184 6 1 16
185 6 1 17
186 6 1 18
187 6 1 19
188 6 1 20
189 6 1 21
190 6 1 22
191 6 1 23
192 6 1 24
193 6 1 25
194 6 1 26
195 6 1 27
196 6 1 28
197 6 1 29
198 6 1 30
199 6 1 31
200 6 1 32
201 6 1 33
202 6 1 34
203 7 1 14
204 7 1 15
205 7 1 16
206 7 1 17
207 7 1 18
208 7 1 19
209 7 1 20
210 7 1 21
211 7 1 22
212 7 1 23
213 7 1 24
214 7 1 25
215 7 1 26
216 7 1 27
217 7 1 28
218 7 1 29
219 7 1 30
220 7 1 31
221 7 1 32
222 7 1 33
223 7 1 34
224 8 1 16
225 8 1 17
226 8 1 18
227 8 1 19
228 8 1 20
229 8 1 21
230 8 1 22
231 8 1 23
232 8 1 24
233 8 1 25
234 8 1 26
235 8 1 27
236 8 1 28
237 8 1 29
238 8 1 30
239 8 1 31
240 8 1 32
241 8 1 33
242 8 1 34
243 9 1 18
244 9 1 19
245 9 1 20
246 9 1 21
247 9 1 22
248 9 1 23
249 9 1 24
250 9 1 25
251 9 1 26
252 9 1 27
253 9 1 28
254 9 1 29
255 9 1 30
256 9 1 31
257 9 1 32
258 9 1 33
259 9 1 34
260 10 1 20
261 10 1 21
262 10 1 22
263 10 1 23
264 10 1 24
265 10 1 25
266 10 1 26
267 10 1 27
268 10 1 28
269 10 1 29
270 10 1 30
271 10 1 31
272 10 1 32
273 10 1 33
274 10 1 34
275 11 1 22
276 11 1 23
277 11 1 24
278 11 1 25
279 11 1 26
280 11 1 27
281 11 1 28
282 11 1 29
283 11 1 30
284 11 1 31
285 11 1 32
286 11 1 33
287 11 1 34
288 12 1 24
289 12 1 25
290 12 1 26
291 12 1 27
292 12 1 28
293 12 1 29
294 12 1 30
295 12 1 31
296 12 1 32
297 12 1 33
298 12 1 34
299 13 1 26
300 13 1 27
301 13 1 28
302 13 1 29
303 13 1 30
304 13 1 31
305 13 1 32
306 13 1 33
307 13 1 34
308 14 1 28
309 14 1 29
310 14 1 30
311 14 1 31
312 14 1 32
313 14 1 33
314 14 1 34
315 15 1 30
316 15 1 31
317 15 1 32
318 15 1 33
319 15 1 34
320 16 1 32
321 16 1 33
322 16 1 34
323 17 1 34
324 18 1 36
325 17 262 35
326 17 262 36
327 16 1 35
328 16 1 36
329 15 262 35
330 15 262 36
331 14 1 35
332 14 1 36
333 13 262 35
334 13 262 36
335 12 1 35
336 12 1 36
337 11 262 35
338 11 262 36
339 10 1 35
340 10 1 36
341 9 262 35
342 9 262 36
343 8 1 35
344 8 1 36
345 7 262 35
346 19 1 38
347 18 262 37
348 18 262 38
349 17 1 37
350 17 1 38
351 16 262 37
352 16 262 38
353 15 1 37
354 15 1 38
355 14 262 37
356 14 262 38
357 13 1 37
358 13 1 38
359 12 262 37
360 12 262 38
361 11 1 37
362 11 1 38
363 10 262 37
364 10 262 38
365 9 1 37
366 9 1 38
367 20 1 40
368 19 262 39
369 19 262 40
370 18 1 39
371 18 1 40
372 17 262 39
373 17 262 40
374 16 1 39
375 16 1 40
376 15 262 39
377 15 262 40
378 14 1 39
379 14 1 40
380 13 262 39
381 13 262 40
382 12 1 39
383 12 1 40
384 11 262 39
385 11 262 40
386 10 1 39
387 21 1 42
388 20 262 41
389 20 262 42
390 19 1 41
391 19 1 42
392 18 262 41
393 18 262 42
394 17 1 41
395 17 1 42
396 16 262 41
397 16 262 42
398 15 1 41
399 15 1 42
400 14 262 41
401 14 262 42
402 13 1 41
403 13 1 42
404 12 262 41
405 12 262 42
406 22 1 44
407 21 262 43
408 21 262 44
409 20 1 43
410 20 1 44
411 19 262 43
412 19 262 44
413 18 1 43
414 18 1 44
415 17 262 43
416 17 262 44
417 16 1 43
418 16 1 44
419 15 262 43
420 15 262 44
421 14 1 43
422 14 1 44
423 13 262 43
424 23 1 46
425 22 262 45
426 22 262 46
427 21 1 45
428 21 1 46
429 20 262 45
430 20 262 46
431 19 1 45
432 19 1 46
433 18 262 45
434 18 262 46
435 17 1 45
436 17 1 46
437 16 262 45
438 16 262 46
439 15 1 45
440 15 1 46
441 24 1 48
442 23 262 47
443 23 262 48
444 22 1 47
445 22 1 48
446 21 262 47
447 21 262 48
448 20 1 47
449 20 1 48
450 19 262 47
451 19 262 48
452 18 1 47
453 18 1 48
454 17 262 47
455 17 262 48
456 16 1 47
457 25 1 50
458 24 262 49
459 24 262 50
460 23 1 49
461 23 1 50
462 22 262 49
463 22 262 50
464 21 1 49
465 21 1 50
466 20 262 49
467 20 262 50
468 19 1 49
469 19 1 50
470 18 262 49
471 18 262 50
472 26 1 52
473 25 262 51
474 25 262 52
475 24 1 51
476 24 1 52
477 23 262 51
478 23 262 52
479 22 1 51
480 22 1 52
481 21 262 51
482 21 262 52
483 20 1 51
484 20 1 52
485 19 262 51
486 27 1 54
487 26 262 53
488 26 262 54
489 25 1 53
490 25 1 54
491 24 262 53
492 24 262 54
493 23 1 53
494 23 1 54
495 22 262 53
496 22 262 54
497 21 1 53
498 21 1 54
499 28 1 56
500 27 262 55
501 27 262 56
502 26 1 55
503 26 1 56
504 25 262 55
505 25 262 56
506 24 1 55
507 24 1 56
508 23 262 55
509 23 262 56
510 22 1 55
511 29 1 58
512 28 262 57
513 28 262 58
514 27 1 57
515 27 1 58
516 26 262 57
517 26 262 58
518 25 1 57
519 25 1 58
520 24 262 57
521 24 262 58
522 30 1 60
523 29 262 59
524 29 262 60
525 28 1 59
526 28 1 60
527 27 262 59
528 27 262 60
529 26 1 59
530 26 1 60
531 25 262 59
532 31 1 62
533 30 262 61
534 30 262 62
535 29 1 61
536 29 1 62
537 28 262 61
538 28 262 62
539 27 1 61
540 27 1 62
541 32 1 64
542 31 262 63
543 31 262 64
544 30 1 63
545 30 1 64
546 29 262 63
547 29 262 64
548 28 1 63
549 33 1 66
550 32 262 65
551 32 262 66
552 31 1 65
553 31 1 66
554 30 262 65
555 30 262 66
556 34 1 68
557 33 262 67
558 33 262 68
559 32 1 67
560 32 1 68
561 31 262 67
562 35 1 70
563 34 262 69
564 34 262 70
565 33 1 69
566 33 1 70
567 36 1 72
568 35 262 71
569 35 262 72
570 34 1 71
571 37 1 74
572 36 262 73
573 36 262 74
574 38 1 76
575 37 262 75
576 39 1 78
577 40 35 80
578 38 244 77
579 37 94 76
580 35 227 73
581 34 12 72
582 32 1 69
583 31 175 68
584 29 168 65
585 28 207 64
586 26 83 61
587 25 60 60
588 23 5 57
589 22 86 56
590 20 51 53
591 19 246 52
592 17 152 49
593 41 35 82
594 39 244 79
595 38 94 78
596 36 227 75
597 35 12 74
598 33 1 71
599 32 175 70
600 30 168 67
601 29 207 66
602 27 83 63
603 26 60 62
604 24 5 59
605 23 86 58
606 21 51 55
607 20 246 54
608 42 35 84
609 40 244 81
610 39 94 80
611 37 227 77
612 36 12 76
613 34 1 73
614 33 175 72
615 31 168 69
616 30 207 68
617 28 83 65
618 27 60 64
619 25 5 61
620 24 86 60
621 22 51 57
622 43 35 86
623 41 244 83
624 40 94 82
625 38 227 79
626 37 12 78
627 35 1 75
628 34 175 74
629 32 168 71
630 31 207 70
631 29 83 67
632 28 60 66
633 26 5 63
634 25 86 62
635 44 35 88
636 42 244 85
637 41 94 84
638 39 227 81
639 38 12 80
640 36 1 77
641 35 175 76
642 33 168 73
643 32 207 72
644 30 83 69
645 29 60 68
646 27 5 65
647 45 35 90
648 43 244 87
649 42 94 86
650 40 227 83
651 39 12 82
652 37 1 79
653 36 175 78
654 34 168 75
655 33 207 74
656 31 83 71
657 30 60 70
658 46 35 92
659 44 244 89
660 43 94 88
661 41 227 85
662 40 12 84
663 38 1 81
664 37 175 80
665 35 168 77
666 34 207 76
667 32 83 73
668 47 35 94
669 45 244 91
670 44 94 90
671 42 227 87
672 41 12 86
673 39 1 83
674 38 175 82
675 36 168 79
676 35 207 78
677 48 35 96
678 46 244 93
679 45 94 92
680 43 227 89
681 42 12 88
682 40 1 85
683 39 175 84
684 37 168 81
685 49 35 98
686 47 244 95
687 46 94 94
688 44 227 91
689 43 12 90
690 41 1 87
691 40 175 86
692 50 35 100
693 48 244 97
694 47 94 96
695 45 227 93
696 44 12 92
697 42 1 89
698 51 35 102
699 49 244 99
700 48 94 98
701 46 227 95
702 45 12 94
703 52 35 104
704 50 244 101
705 49 94 100
706 47 227 97
707 53 35 106
708 51 244 103
709 50 94 102
710 54 35 108
711 52 244 105
712 55 35 110
713 56 147 112
714 53 50 107
715 51 67 104
716 48 21 99
717 46 86 96
718 43 235 91
719 41 236 88
720 38 125 83
721 36 36 80
722 33 184 75
723 31 215 72
724 57 147 114
725 54 50 109
726 52 67 106
727 49 21 101
728 47 86 98
729 44 235 93
730 42 236 90
731 39 125 85
732 37 36 82
733 34 184 77
734 58 147 116
735 55 50 111
736 53 67 108
737 50 21 103
738 48 86 100
739 45 235 95
740 43 236 92
741 40 125 87
742 38 36 84
743 59 147 118
744 56 50 113
745 54 67 110
746 51 21 105
747 49 86 102
748 46 235 97
749 44 236 94
750 41 125 89
751 60 147 120
752 57 50 115
753 55 67 112
754 52 21 107
755 50 86 104
756 47 235 99
757 45 236 96
758 61 147 122
759 58 50 117
760 56 67 114
761 53 21 109
762 51 86 106
763 48 235 101
764 62 147 124
765 59 50 119
766 57 67 116
767 54 21 111
768 52 86 108
769 63 147 126
770 60 50 121
771 58 67 118
772 55 21 113
773 64 147 128
774 61 50 123
775 59 67 120
776 65 147 130
777 62 50 125
778 66 147 132
779 67 27 134
780 63 176 127
781 60 161 122
782 56 241 115
783 53 210 110
784 49 200 103
785 46 171 98
786 42 238 91
787 68 27 136
788 64 176 129
789 61 161 124
790 57 241 117
791 54 210 112
792 50 200 105
793 47 171 100
794 69 27 138
795 65 176 131
796 62 161 126
797 58 241 119
798 55 210 114
799 51 200 107
800 70 27 140
801 66 176 133
802 63 161 128
803 59 241 121
804 56 210 116
805 71 27 142
806 67 176 135
807 64 161 130
808 60 241 123
809 72 27 144
810 68 176 137
811 65 161 132
812 73 27 146
813 69 176 139
814 74 27 148
815 0 262 35
816 1 4 35
817 2 247 35
818 3 64 35
819 4 7 35
820 5 235 35
821 6 112 35
822 0 97 36
823 1 219 36
824 2 247 36
825 3 98 36
826 4 168 36
827 5 164 36
828 6 16 36
829 7 185 36
830 0 1 37
831 8 29 37
832 0 262 38
833 0 262 39
834 0 262 40
835 10 178 40
836 0 1 41
837 11 8 41
838 0 262 42
839 0 262 43
840 0 262 44
841 13 167 44
842 1 262 37
843 2 4 37
844 3 247 37
845 4 64 37
846 5 7 37
847 6 235 37
848 7 112 37
849 1 97 38
850 2 219 38
851 3 247 38
852 4 98 38
853 5 168 38
854 6 164 38
855 7 16 38
856 8 185 38
857 1 1 39
858 9 29 39
859 1 262 40
860 1 262 41
861 1 262 42
862 11 178 42
863 1 1 43
864 12 8 43
865 1 262 44
866 0 106 45
867 1 1 45
868 2 262 39
869 3 4 39
870 4 247 39
871 5 64 39
872 6 7 39
873 7 235 39
874 8 112 39
875 2 97 40
876 3 219 40
877 4 247 40
878 5 98 40
879 6 168 40
880 7 164 40
881 8 16 40
882 9 185 40
883 2 1 41
884 10 29 41
885 2 262 42
886 2 262 43
887 2 262 44
888 12 178 44
889 2 1 45
890 13 8 45
891 14 181 45
892 1 12 46
893 3 262 41
894 4 4 41
895 5 247 41
896 6 64 41
897 7 7 41
898 8 235 41
899 9 112 41
900 3 97 42
901 4 219 42
902 5 247 42
903 6 98 42
904 7 168 42
905 8 164 42
906 9 16 42
907 10 185 42
908 3 1 43
909 11 29 43
910 3 262 44
911 3 262 45
912 0 136 46
913 2 57 46
914 3 79 46
915 13 160 46
916 14 194 46
917 4 262 43
918 5 4 43
919 6 247 43
920 7 64 43
921 8 7 43
922 9 235 43
923 10 112 43
924 4 97 44
925 5 219 44
926 6 247 44
927 7 98 44
928 8 168 44
929 9 164 44
930 10 16 44
931 11 185 44
932 4 1 45
933 12 29 45
934 4 262 46
935 0 119 47
936 1 84 47
937 2 204 47
938 3 239 47
939 4 262 47
940 5 262 45
941 6 4 45
942 7 247 45
943 8 64 45
944 9 7 45
945 10 235 45
946 11 112 45
947 5 97 46
948 6 219 46
949 7 247 46
950 8 98 46
951 9 168 46
952 10 164 46
953 11 16 46
954 12 185 46
955 5 1 47
956 13 29 47
957 14 158 47
958 15 170 47
959 1 202 48
960 3 53 48
961 5 262 48
962 6 262 47
963 7 4 47
964 8 247 47
965 9 64 47
966 10 7 47
967 11 235 47
968 12 112 47
969 0 118 48
970 2 6 48
971 4 220 48
972 6 134 48
973 7 20 48
974 8 165 48
975 9 211 48
976 10 53 48
977 11 229 48
978 12 31 48
979 13 216 48
980 14 227 48
981 15 93 48
982 16 4 48
983 0 143 49
984 1 220 49
985 2 130 49
986 3 123 49
987 4 59 49
988 5 141 49
989 6 50 49
990 7 163 49
991 8 168 49
992 9 9 49
993 10 73 49
994 11 62 49
995 12 144 49
996 13 34 49
997 14 44 49
998 15 44 49
999 16 231 49
1000 0 214 50
1001 1 47 50
1002 2 105 50
1003 3 217 50
1004 4 260 50
1005 5 258 50
1006 6 245 50
1007 7 146 50
1008 8 79 50
1009 9 33 50
1010 10 64 50
1011 11 179 50
1012 12 240 50
1013 13 173 50
1014 14 99 50
1015 15 233 50
1016 16 215 50
1017 17 102 50
1018 0 166 51
1019 1 174 51
1020 2 202 51
1021 18 65 51
1022 3 127 51
1023 4 100 51
1024 5 184 51
1025 6 18 51
1026 7 104 51
1027 8 26 51
1028 9 60 51
1029 10 173 51
1030 11 110 51
1031 12 248 51
1032 13 28 51
1033 14 239 51
1034 15 115 51
1035 16 185 51
1036 17 229 51
1037 0 54 52
1038 1 205 52
1039 2 64 52
1040 3 251 52
1041 4 239 52
1042 5 171 52
1043 6 163 52
1044 7 141 52
1045 8 10 52
1046 9 57 52
1047 10 95 52
1048 11 222 52
1049 12 257 52
1050 13 79 52
1051 14 169 52
1052 15 71 52
1053 16 218 52
1054 17 131 52
1055 18 242 52
1056 0 67 53
1057 1 100 53
1058 2 104 53
1059 3 59 53
1060 4 87 53
1061 5 249 53
1062 6 166 53
1063 7 248 53
1064 8 72 53
1065 9 242 53
1066 10 1 53
1067 11 49 53
1068 12 152 53
1069 13 203 53
1070 14 156 53
1071 15 28 53
1072 16 32 53
1073 17 42 53
1074 18 209 53
1075 19 163 53
1076 0 185 54
1077 1 187 54
1078 2 84 54
1079 3 52 54
1080 4 64 54
1081 5 59 54
1082 6 188 54
1083 7 203 54
1084 8 55 54
1085 9 87 54
1086 10 9 54
1087 11 190 54
1088 12 54 54
1089 13 126 54
1090 14 73 54
1091 15 259 54
1092 16 159 54
1093 17 139 54
1094 18 238 54
1095 19 235 54
1096 0 1 55
1097 1 215 55
1098 2 223 55
1099 3 246 55
1100 4 170 55
1101 5 65 55
1102 6 138 55
1103 7 211 55
1104 8 31 55
1105 9 144 55
1106 10 211 55
1107 11 159 55
1108 12 186 55
1109 13 190 55
1110 14 238 55
1111 15 240 55
1112 16 257 55
1113 17 63 55
1114 18 167 55
1115 19 66 55
1116 20 130 55
1117 0 79 56
1118 1 165 56
1119 2 48 56
1120 3 216 56
1121 4 94 56
1122 5 22 56
1123 9 49 56
1124 10 158 56
1125 11 52 56
1126 15 262 56
1127 12 138 56
1128 13 214 56
1129 14 56 56
1130 16 125 56
1131 17 92 56
1132 18 221 56
1133 19 125 56
1134 20 10 56
1135 21 125 56
1136 0 77 57
1137 1 129 57
1138 2 23 57
1139 3 158 57
1140 4 107 57
1141 12 29 57
1142 13 134 57
1143 14 103 57
1144 15 130 57
1145 16 239 57
1146 17 21 57
1147 18 153 57
1148 19 216 57
1149 20 152 57
1150 21 54 57
1151 0 125 58
1152 1 224 58
1153 2 6 58
1154 3 41 58
1155 17 207 58
1156 18 1 58
1157 15 126 58
1158 16 72 58
1159 19 175 58
1160 20 207 58
1161 21 252 58
1162 22 69 58
1163 0 229 59
1164 19 1 59
1165 1 101 59
1166 2 124 59
1167 17 211 59
1168 18 146 59
1169 20 234 59
1170 21 210 59
1171 23 85 59
1172 22 10 59
1173 0 209 60
1174 1 69 60
1175 19 97 60
1176 20 155 60
1177 21 262 60
1178 22 206 60
1179 23 62 60
1180 0 47 61
1181 21 87 61
1182 22 262 61
1183 20 113 61
1184 23 1 61
1185 24 204 61
1186 23 262 62
1187 22 180 62
1188 24 262 62
1189 24 262 63
1190 25 262 63
1191 25 262 64
1192 26 1 64
1193 27 114 66
1194 26 206 65
1195 25 103 65
1196 24 80 64
1197 23 223 63
1198 22 243 63
1199 21 10 62
1200 20 5 62
1201 19 129 61
1202 18 67 60
1203 17 165 60
1204 16 49 59
1205 15 156 59
1206 14 185 58
1207 13 224 58
1208 12 112 58
1209 11 207 57
1210 10 235 57
1211 9 249 57
1212 8 7 56
1213 7 135 56
1214 28 149 67
1215 27 206 67
1216 26 160 66
1217 25 80 66
1218 24 223 65
1219 23 20 64
1220 22 10 64
1221 21 258 63
1222 20 129 63
1223 19 67 62
1224 18 98 61
1225 17 49 61
1226 16 107 60
1227 15 185 60
1228 14 39 59
1229 13 151 59
1230 12 207 59
1231 11 28 58
1232 10 14 58
1233 9 7 58
1234 29 149 69
1235 28 57 68
1236 27 160 68
1237 26 183 67
1238 25 223 67
1239 24 20 66
1240 23 253 65
1241 22 258 65
1242 21 134 64
1243 20 67 64
1244 19 98 63
1245 18 214 62
1246 17 107 62
1247 16 78 61
1248 15 39 61
1249 14 112 60
1250 13 56 60
1251 12 28 60
1252 11 249 59
1253 30 149 71
1254 29 57 70
1255 28 103 69
1256 27 183 69
1257 26 40 68
1258 25 20 68
1259 24 253 67
1260 23 5 66
1261 22 134 66
1262 21 196 65
1263 20 98 65
1264 19 214 64
1265 18 156 63
1266 17 78 63
1267 16 224 62
1268 15 112 62
1269 14 207 61
1270 13 235 61
1271 31 149 73
1272 30 57 72
1273 29 103 71
1274 28 80 70
1275 27 40 70
1276 26 243 69
1277 25 253 69
1278 24 5 68
1279 23 129 67
1280 22 196 67
1281 21 165 66
1282 20 214 66
1283 19 156 65
1284 18 185 64
1285 17 224 64
1286 16 151 63
1287 15 207 63
1288 32 114 74
1289 31 57 74
1290 30 103 73
1291 29 80 72
1292 28 223 71
1293 27 243 71
1294 26 10 70
1295 25 5 70
1296 24 129 69
1297 23 67 68
1298 22 165 68
1299 21 49 67
1300 20 156 67
1301 19 185 66
1302 18 39 65
1303 17 151 65
1304 33 114 76
1305 32 206 75
1306 31 103 75
1307 30 80 74
1308 29 223 73
1309 28 20 72
1310 27 10 72
1311 26 258 71
1312 25 129 71
1313 24 67 70
1314 23 98 69
1315 22 49 69
1316 21 107 68
1317 20 185 68
1318 19 39 67
1319 34 114 78
1320 33 206 77
1321 32 160 76
1322 31 80 76
1323 30 223 75
1324 29 20 74
1325 28 253 73
1326 27 258 73
1327 26 134 72
1328 25 67 72
1329 24 98 71
1330 23 214 70
1331 22 107 70
1332 21 78 69
1333 35 149 79
1334 34 206 79
1335 33 160 78
1336 32 183 77
1337 31 223 77
1338 30 20 76
1339 29 253 75
1340 28 5 74
1341 27 134 74
1342 26 196 73
1343 25 98 73
1344 24 214 72
1345 23 156 71
1346 36 149 81
1347 35 57 80
1348 34 160 80
1349 33 183 79
1350 32 40 78
1351 31 20 78
1352 30 253 77
1353 29 5 76
1354 28 129 75
1355 27 196 75
1356 26 165 74
1357 25 214 74
1358 37 149 83
1359 36 57 82
1360 35 103 81
1361 34 183 81
1362 33 40 80
1363 32 243 79
1364 31 253 79
1365 30 5 78
1366 29 129 77
1367 28 67 76
1368 27 165 76
1369 38 149 85
1370 37 57 84
1371 36 103 83
1372 35 80 82
1373 34 40 82
1374 33 243 81
1375 32 10 80
1376 31 5 80
1377 30 129 79
1378 29 67 78
1379 39 114 86
1380 38 57 86
1381 37 103 85
1382 36 80 84
1383 35 223 83
1384 34 243 83
1385 33 10 82
1386 32 258 81
1387 31 129 81
1388 40 114 88
1389 39 206 87
1390 38 103 87
1391 37 80 86
1392 36 223 85
1393 35 20 84
1394 34 10 84
1395 33 258 83
1396 41 114 90
1397 40 206 89
1398 39 160 88
1399 38 80 88
1400 37 223 87
1401 36 20 86
1402 35 253 85
1403 42 114 92
1404 41 206 91
1405 40 160 90
1406 39 183 89
1407 38 223 89
1408 37 20 88
1409 43 149 93
1410 42 206 93
1411 41 160 92
1412 40 183 91
1413 39 40 90
1414 44 149 95
1415 43 57 94
1416 42 160 94
1417 41 183 93
1418 45 149 97
1419 44 57 96
1420 43 103 95
1421 46 149 99
1422 45 57 98
1423 47 149 101
1424 48 3 102
1425 46 230 100
1426 44 163 97
1427 42 48 95
1428 40 2 92
1429 38 241 90
1430 36 21 87
1431 34 32 85
1432 32 89 82
1433 30 73 80
1434 28 14 77
1435 26 109 75
1436 24 116 73
1437 22 39 71
1438 20 97 69
1439 18 15 66
1440 49 3 104
1441 47 230 102
1442 45 163 99
1443 43 215 96
1444 41 2 94
1445 39 22 91
1446 37 21 89
1447 35 231 86
1448 33 89 84
1449 31 73 82
1450 29 14 79
1451 27 109 77
1452 25 116 75
1453 23 224 72
1454 21 166 70
1455 50 3 106
1456 48 33 103
1457 46 163 101
1458 44 215 98
1459 42 2 96
1460 40 22 93
1461 38 21 91
1462 36 231 88
1463 34 89 86
1464 32 190 83
1465 30 14 81
1466 28 154 78
1467 26 147 76
1468 24 224 74
1469 51 3 108
1470 49 33 105
1471 47 163 103
1472 45 215 100
1473 43 261 97
1474 41 22 95
1475 39 242 92
1476 37 231 90
1477 35 174 87
1478 33 190 85
1479 31 14 83
1480 29 154 80
1481 27 147 78
1482 52 260 109
1483 50 33 107
1484 48 100 104
1485 46 215 102
1486 44 261 99
1487 42 22 97
1488 40 242 94
1489 38 231 92
1490 36 174 89
1491 34 190 87
1492 32 249 84
1493 30 154 82
1494 53 260 111
1495 51 33 109
1496 49 100 106
1497 47 215 104
1498 45 261 101
1499 43 241 98
1500 41 242 96
1501 39 32 93
1502 37 174 91
1503 35 73 88
1504 33 249 86
1505 54 260 113
1506 52 230 110
1507 50 100 108
1508 48 48 105
1509 46 261 103
1510 44 241 100
1511 42 242 98
1512 40 32 95
1513 38 174 93
1514 36 73 90
1515 55 260 115
1516 53 230 112
1517 51 100 110
1518 49 48 107
1519 47 261 105
1520 45 241 102
1521 43 21 99
1522 41 32 97
1523 39 89 94
1524 56 260 117
1525 54 230 114
1526 52 163 111
1527 50 48 109
1528 48 2 106
1529 46 241 104
1530 44 21 101
1531 42 32 99
1532 57 3 118
1533 55 230 116
1534 53 163 113
1535 51 48 111
1536 49 2 108
1537 47 241 106
1538 45 21 103
1539 58 3 120
1540 56 230 118
1541 54 163 115
1542 52 215 112
1543 50 2 110
1544 48 22 107
1545 59 3 122
1546 57 33 119
1547 55 163 117
1548 53 215 114
1549 51 2 112
1550 60 3 124
1551 58 33 121
1552 56 163 119
1553 54 215 116
1554 61 260 125
1555 59 33 123
1556 57 100 120
1557 62 260 127
1558 60 33 125
1559 63 260 129
1560 64 129 131
1561 61 242 126
1562 58 229 122
1563 55 233 118
1564 52 11 113
1565 49 118 109
1566 46 166 105
1567 43 132 100
1568 40 101 96
1569 37 151 92
1570 34 257 88
1571 31 103 84
1572 28 234 79
1573 65 129 133
1574 62 242 128
1575 59 229 124
1576 56 233 120
1577 53 11 115
1578 50 118 111
1579 47 166 107
1580 44 132 102
1581 41 101 98
1582 38 151 94
1583 35 6 89
1584 32 160 85
1585 66 134 134
1586 63 242 130
1587 60 229 126
1588 57 30 121
1589 54 11 117
1590 51 118 113
1591 48 97 108
1592 45 132 104
1593 42 101 100
1594 39 112 95
1595 36 6 91
1596 67 134 136
1597 64 242 132
1598 61 34 127
1599 58 30 123
1600 55 11 119
1601 52 145 114
1602 49 97 110
1603 46 132 106
1604 43 162 101
1605 40 112 97
1606 68 134 138
1607 65 242 134
1608 62 34 129
1609 59 30 125
1610 56 11 121
1611 53 145 116
1612 50 97 112
1613 47 132 108
1614 44 162 103
1615 69 134 140
1616 66 21 135
1617 63 34 131
1618 60 30 127
1619 57 252 122
1620 54 145 118
1621 51 97 114
1622 48 131 109
1623 70 129 141
1624 67 21 137
1625 64 34 133
1626 61 233 128
1627 58 252 124
1628 55 145 120
1629 52 166 115
1630 71 129 143
1631 68 21 139
1632 65 34 135
1633 62 233 130
1634 59 252 126
1635 56 145 122
1636 72 129 145
1637 69 21 141
1638 66 229 136
1639 63 233 132
1640 60 252 128
1641 73 129 147
1642 70 242 142
1643 67 229 138
1644 64 233 134
1645 74 129 149
1646 71 242 144
1647 68 229 140
1648 75 134 150
1649 72 242 146
1650 76 134 152
1651 6 223 56
1652 5 103 57
1653 6 253 57
1654 7 129 57
1655 4 63 58
1656 5 261 58
1657 3 17 59
1658 4 39 59
1659 2 166 60
1660 3 145 60
1661 1 177 61
1662 2 240 61
1663 0 6 62
1664 1 242 62
1665 0 20 63
1666 0 20 64
1667 0 20 65
1668 0 20 66
1669 0 20 67
1670 0 20 68
1671 8 90 57
1672 6 160 58
1673 7 10 58
1674 5 159 59
1675 8 98 58
1676 6 75 59
1677 7 15 59
1678 4 160 60
1679 5 165 60
1680 3 63 61
1681 4 131 61
1682 2 240 62
1683 3 110 62
1684 1 246 63
1685 2 56 63
1686 1 10 64
1687 1 10 65
1688 1 10 66
1689 8 97 59
1690 10 71 59
1691 9 109 59
1692 6 151 60
1693 7 197 60
1694 8 258 60
1695 9 107 60
1696 5 190 61
1697 6 51 61
1698 7 128 61
1699 4 153 62
1700 5 203 62
1701 3 130 63
1702 4 71 63
1703 2 113 64
1704 3 219 64
1705 10 242 60
1706 8 138 61
1707 11 215 60
1708 9 90 61
1709 10 170 61
1710 6 70 62
1711 11 88 61
1712 7 206 62
1713 8 122 62
1714 5 201 63
1715 9 81 62
1716 6 173 63
1717 7 20 63
1718 4 70 64
1719 12 113 61
1720 10 84 62
1721 11 71 62
1722 13 155 62
1723 12 12 62
1724 8 237 63
1725 9 95 63
1726 10 173 63
1727 11 57 63
1728 5 191 64
1729 6 255 64
1730 7 32 64
1731 14 206 62
1732 12 74 63
1733 13 169 63
1734 8 184 64
1735 14 236 63
1736 9 173 64
1737 10 179 64
1738 2 98 65
1739 13 69 64
1740 3 251 65
1741 14 35 64
1742 16 69 64
1743 15 80 64
1744 4 51 65
1745 5 238 65
1746 6 135 65
1747 15 204 65
1748 2 19 66
1749 16 250 65
1750 3 136 66
1751 4 170 66
1752 17 180 66
1753 5 226 66
1754 1 206 67
1755 2 188 67
1756 1 87 68
1757 3 102 67
1758 2 11 68
1759 19 8 68
1760 0 186 69
1761 7 22 65
1762 11 10 64
1763 12 223 64
1764 8 244 65
1765 9 81 65
1766 10 180 65
1767 11 85 65
1768 12 57 65
1769 13 141 65
1770 14 241 65
1771 6 227 66
1772 7 113 66
1773 8 65 66
1774 9 4 66
1775 10 226 66
1776 11 228 66
1777 14 103 66
1778 15 8 66
1779 16 72 66
1780 4 55 67
1781 5 255 67
1782 6 139 67
1783 7 195 67
1784 16 152 67
1785 17 90 67
1786 18 238 67
1787 3 227 68
1788 8 22 67
1789 12 10 66
1790 13 223 66
1791 9 244 67
1792 10 81 67
1793 11 180 67
1794 12 85 67
1795 13 57 67
1796 14 141 67
1797 15 241 67
1798 4 76 68
1799 5 77 68
1800 6 86 68
1801 7 107 68
1802 8 26 68
1803 9 198 68
1804 10 176 68
1805 11 243 68
1806 15 169 68
1807 12 149 68
1808 16 13 68
1809 17 60 68
1810 18 43 68
1811 1 92 69
1812 2 87 69
1813 3 118 69
1814 4 90 69
1815 13 10 68
1816 14 223 68
1817 5 228 69
1818 6 244 69
1819 7 228 69
1820 8 188 69
1821 9 194 69
1822 10 255 69
1823 11 236 69
1824 12 223 69
1825 13 49 69
1826 14 199 69
1827 15 120 69
1828 16 127 69
1829 17 198 69
1830 18 157 69
1831 19 151 69
1832 0 40 70
1833 1 257 70
1834 2 245 70
1835 3 245 70
1836 4 145 70
1837 5 179 70
1838 6 85 70
1839 7 114 70
1840 8 230 70
1841 9 176 70
1842 10 258 70
1843 11 163 70
1844 12 124 70
1845 13 137 70
1846 14 14 70
1847 15 12 70
1848 16 209 70
1849 17 39 70
1850 18 187 70
1851 19 136 70
1852 20 43 70
1853 0 172 71
1854 1 2 71
1855 2 154 71
1856 3 155 71
1857 4 240 71
1858 5 18 71
1859 6 24 71
1860 7 141 71
1861 8 144 71
1862 9 193 71
1863 10 25 71
1864 11 55 71
1865 12 75 71
1866 13 22 71
1867 14 162 71
1868 15 79 71
1869 16 43 71
1870 17 109 71
1871 18 212 71
1872 19 244 71
1873 20 108 71
1874 21 40 71
1875 0 230 72
1876 1 1 72
1877 2 259 72
1878 3 181 72
1879 4 260 72
1880 5 92 72
1881 6 230 72
1882 7 134 72
1883 8 13 72
1884 9 141 72
1885 10 205 72
1886 11 122 72
1887 12 194 72
1888 13 240 72
1889 14 153 72
1890 15 58 72
1891 16 240 72
1892 17 226 72
1893 18 216 72
1894 19 15 72
1895 20 51 72
1896 21 131 72
1897 22 87 72
1898 0 136 73
1899 1 14 73
1900 2 15 73
1901 3 103 73
1902 4 103 73
1903 5 37 73
1904 6 195 73
1905 7 175 73
1906 8 199 73
1907 9 46 73
1908 10 129 73
1909 11 18 73
1910 12 256 73
1911 13 220 73
1912 14 213 73
1913 15 168 73
1914 16 242 73
1915 17 232 73
1916 18 39 73
1917 19 53 73
1918 20 84 73
1919 21 163 73
1920 22 2 73
1921 23 90 73
1922 0 68 74
1923 1 23 74
1924 2 261 74
1925 3 80 74
1926 4 40 74
1927 5 127 74
1928 6 31 74
1929 7 253 74
1930 8 154 74
1931 9 12 74
1932 10 141 74
1933 11 101 74
1934 12 56 74
1935 13 138 74
1936 14 106 74
1937 15 111 74
1938 16 152 74
1939 17 48 74
1940 19 51 74
1941 18 154 74
1942 20 46 74
1943 21 180 74
1944 22 35 74
1945 23 136 74
1946 0 70 75
1947 1 152 75
1948 2 158 75
1949 3 126 75
1950 4 149 75
1951 5 69 75
1952 6 214 75
1953 7 96 75
1954 8 137 75
1955 9 251 75
1956 10 206 75
1957 11 234 75
1958 12 230 75
1959 13 158 75
1960 14 145 75
1961 15 81 75
1962 16 47 75
1963 17 143 75
1964 18 130 75
1965 19 143 75
1966 20 208 75
1967 21 235 75
1968 22 46 75
1969 23 233 75
1970 24 115 75
1971 0 99 76
1972 1 205 76
1973 2 112 76
1974 3 62 76
1975 4 210 76
1976 5 4 76
1977 6 57 76
1978 7 221 76
1979 8 202 76
1980 9 189 76
1981 10 23 76
1982 11 218 76
1983 12 28 76
1984 13 207 76
1985 14 258 76
1986 15 153 76
1987 16 121 76
1988 17 163 76
1989 18 247 76
1990 19 22 76
1991 20 86 76
1992 21 156 76
1993 22 215 76
1994 23 108 76
1995 24 19 76
1996 25 241 76
1997 0 88 77
1998 1 169 77
1999 2 82 77
2000 3 204 77
2001 4 162 77
2002 5 47 77
2003 9 189 77
2004 11 19 77
2005 12 15 77
2006 13 235 77
2007 14 50 77
2008 15 178 77
2009 16 212 77
2010 17 115 77
2011 18 119 77
2012 19 69 77
2013 20 167 77
2014 21 80 77
2015 22 208 77
2016 23 245 77
2017 24 91 77
2018 25 39 77
2019 26 208 77
2020 0 147 78
2021 1 150 78
2022 2 228 78
2023 3 197 78
2024 4 71 78
2025 5 85 78
2026 15 112 78
2027 17 247 78
2028 18 130 78
2029 19 231 78
2030 20 12 78
2031 21 45 78
2032 22 119 78
2033 23 205 78
2034 24 215 78
2035 25 22 78
2036 0 116 79
2037 26 96 78
2038 1 234 79
2039 2 236 79
2040 3 262 79
2041 4 85 79
2042 17 106 79
2043 18 83 79
2044 19 257 79
2045 20 76 79
2046 21 177 79
2047 22 243 79
2048 23 204 79
2049 24 83 79
2050 25 222 79
2051 26 185 79
2052 27 140 79
2053 0 83 80
2054 1 226 80
2055 2 69 80
2056 3 36 80
2057 4 238 80
2058 20 165 80
2059 21 159 80
2060 22 246 80
2061 23 98 80
2062 24 160 80
2063 25 230 80
2064 26 113 80
2065 27 203 80
2066 28 17 80
2067 0 179 81
2068 1 92 81
2069 2 226 81
2070 3 160 81
2071 20 127 81
2072 21 198 81
2073 22 203 81
2074 23 238 81
2075 24 140 81
2076 25 170 81
2077 26 232 81
2078 27 175 81
2079 28 186 81
2080 29 254 81
2081 0 21 82
2082 1 147 82
2083 2 231 82
2084 3 103 82
2085 23 137 82
2086 24 116 82
2087 25 55 82
2088 26 135 82
2089 27 11 82
2090 28 25 82
2091 29 113 82
2092 0 230 83
2093 1 246 83
2094 2 201 83
2095 24 180 83
2096 25 82 83
2097 26 223 83
2098 27 43 83
2099 28 183 83
2100 29 248 83
2101 30 13 83
2102 0 163 84
2103 1 261 84
2104 2 130 84
2105 26 92 84
2106 27 147 84
2107 28 206 84
2108 29 118 84
2109 30 205 84
2110 0 194 85
2111 1 139 85
2112 27 43 85
2113 28 59 85
2114 29 115 85
2115 30 87 85
2116 31 233 85
2117 0 16 86
2118 1 217 86
2119 31 56 86
2120 29 169 86
2121 30 207 86
2122 32 45 86
2123 0 208 87
2124 30 114 87
2125 32 235 87
2126 31 207 87
2127 33 26 87
2128 0 169 88
2129 31 121 88
2130 33 28 88
2131 32 28 88
2132 32 28 89
2133 34 28 89
2134 34 28 90
2135 33 235 89
2136 35 249 90
2137 35 249 91
2138 36 249 92
2139 37 200 93
2140 36 242 93
2141 34 135 91
2142 33 218 90
2143 31 124 89
2144 30 134 88
2145 28 208 86
2146 27 51 86
2147 25 123 84
2148 24 41 84
2149 22 37 82
2150 21 100 82
2151 19 71 80
2152 18 199 80
2153 16 186 78
2154 15 139 79
2155 13 67 78
2156 12 220 78
2157 10 212 77
2158 9 34 78
2159 7 181 77
2160 6 33 77
2161 38 200 95
2162 37 21 94
2163 35 64 92
2164 34 218 92
2165 32 201 90
2166 31 134 90
2167 29 55 87
2168 28 106 87
2169 26 70 85
2170 25 222 85
2171 23 113 83
2172 22 163 83
2173 20 71 82
2174 19 64 81
2175 17 186 80
2176 16 201 79
2177 14 165 78
2178 13 153 79
2179 11 157 78
2180 10 17 78
2181 8 222 77
2182 39 163 96
2183 38 21 96
2184 36 64 94
2185 35 154 93
2186 33 62 91
2187 32 196 91
2188 30 55 89
2189 29 157 88
2190 27 70 87
2191 26 152 86
2192 24 113 85
2193 23 50 84
2194 21 96 83
2195 20 64 83
2196 18 170 81
2197 17 201 81
2198 15 165 80
2199 14 208 79
2200 12 106 79
2201 11 123 79
2202 40 163 98
2203 39 121 97
2204 37 199 95
2205 36 154 95
2206 34 62 93
2207 33 67 92
2208 31 55 91
2209 30 157 90
2210 28 228 88
2211 27 152 88
2212 25 150 86
2213 24 50 86
2214 22 167 84
2215 21 231 84
2216 19 93 82
2217 18 31 82
2218 16 214 80
2219 15 208 81
2220 13 210 80
2221 41 100 99
2222 40 121 99
2223 38 199 97
2224 37 109 96
2225 35 232 94
2226 34 67 94
2227 32 104 92
2228 31 157 92
2229 29 35 89
2230 28 187 89
2231 26 188 87
2232 25 213 87
2233 23 48 85
2234 22 32 85
2235 20 93 84
2236 19 232 83
2237 17 214 82
2238 16 104 81
2239 42 100 101
2240 41 142 100
2241 39 32 98
2242 38 109 98
2243 36 232 96
2244 35 98 95
2245 33 159 93
2246 32 53 93
2247 30 35 91
2248 29 76 90
2249 27 188 89
2250 26 25 88
2251 24 48 87
2252 23 247 86
2253 21 85 85
2254 20 232 85
2255 18 156 83
2256 43 213 102
2257 42 142 102
2258 40 32 100
2259 39 77 99
2260 37 31 97
2261 36 98 97
2262 34 159 95
2263 33 210 94
2264 31 35 93
2265 30 76 92
2266 28 169 90
2267 27 25 90
2268 25 215 88
2269 24 247 88
2270 22 178 86
2271 21 147 86
2272 44 213 104
2273 43 192 103
2274 41 231 101
2275 40 77 101
2276 38 31 99
2277 37 165 98
2278 35 52 96
2279 34 210 96
2280 32 114 94
2281 31 76 94
2282 29 94 91
2283 28 119 91
2284 26 24 89
2285 25 16 89
2286 23 174 87
2287 45 50 105
2288 44 192 105
2289 42 231 103
2290 41 186 102
2291 39 116 100
2292 38 165 100
2293 36 52 98
2294 35 158 97
2295 33 149 95
2296 32 225 95
2297 30 94 93
2298 29 144 92
2299 27 24 91
2300 26 255 90
2301 46 50 107
2302 45 71 106
2303 43 16 104
2304 42 186 104
2305 40 116 102
2306 39 49 101
2307 37 211 99
2308 36 158 99
2309 34 149 97
2310 33 38 96
2311 31 94 95
2312 30 144 94
2313 28 251 92
2314 47 50 109
2315 46 71 108
2316 44 16 106
2317 43 170 105
2318 41 147 103
2319 40 49 103
2320 38 211 101
2321 37 105 100
2322 35 57 98
2323 34 38 98
2324 32 216 96
2325 31 144 96
2326 48 238 110
2327 47 71 110
2328 45 247 107
2329 44 170 107
2330 42 147 105
2331 41 214 104
2332 39 26 102
2333 38 105 102
2334 36 57 100
2335 35 244 99
2336 33 47 97
2337 49 25 111
2338 48 96 111
2339 46 247 109
2340 45 93 108
2341 43 58 106
2342 42 214 106
2343 40 26 104
2344 39 79 103
2345 37 206 101
2346 36 244 101
2347 50 25 113
2348 49 167 112
2349 47 247 111
2350 46 93 110
2351 44 58 108
2352 43 156 107
2353 41 237 105
2354 40 79 105
2355 38 206 103
2356 51 25 115
2357 50 167 114
2358 48 8 112
2359 47 93 112
2360 45 205 109
2361 44 156 109
2362 42 237 107
2363 41 184 106
2364 52 119 116
2365 51 167 116
2366 49 255 113
2367 48 85 113
2368 46 205 111
2369 45 107 110
2370 43 13 108
2371 53 144 117
2372 52 48 117
2373 50 255 115
2374 49 178 114
2375 47 205 113
2376 46 107 112
2377 54 144 119
2378 53 215 118
2379 51 255 117
2380 50 178 116
2381 48 29 114
2382 55 144 121
2383 54 215 120
2384 52 4 118
2385 51 178 118
2386 56 144 123
2387 55 215 122
2388 53 259 119
2389 57 72 123
2390 56 215 124
2391 58 72 125
2392 59 192 127
2393 57 110 124
2394 54 14 121
2395 52 118 119
2396 49 138 115
2397 47 191 114
2398 44 105 110
2399 42 192 108
2400 39 246 104
2401 37 14 102
2402 34 260 99
2403 32 125 97
2404 29 8 93
2405 27 53 92
2406 24 45 89
2407 22 195 87
2408 19 240 84
2409 17 12 83
2410 14 35 80
2411 60 192 129
2412 58 110 126
2413 55 14 123
2414 53 145 120
2415 50 138 117
2416 48 36 115
2417 45 158 111
2418 43 167 109
2419 40 246 106
2420 38 14 104
2421 35 133 100
2422 33 138 98
2423 30 8 95
2424 28 105 93
2425 25 218 90
2426 23 34 88
2427 20 240 86
2428 18 257 84
2429 61 96 129
2430 59 110 128
2431 56 14 125
2432 54 145 122
2433 51 138 119
2434 49 227 116
2435 46 158 113
2436 44 167 111
2437 41 17 107
2438 39 256 105
2439 36 133 102
2440 34 138 100
2441 31 8 97
2442 29 158 94
2443 26 154 91
2444 24 34 90
2445 21 143 87
2446 62 96 131
2447 60 110 130
2448 57 7 125
2449 55 145 124
2450 52 194 120
2451 50 227 118
2452 47 158 115
2453 45 96 112
2454 42 17 109
2455 40 256 107
2456 37 130 103
2457 35 194 101
2458 32 259 98
2459 30 158 96
2460 27 154 93
2461 25 229 91
2462 63 96 133
2463 61 55 130
2464 58 7 127
2465 56 145 126
2466 53 69 121
2467 51 227 120
2468 48 184 116
2469 46 96 114
2470 43 123 110
2471 41 7 108
2472 38 130 105
2473 36 194 103
2474 33 4 99
2475 31 158 98
2476 28 186 94
2477 64 96 135
2478 62 55 132
2479 59 7 129
2480 57 204 126
2481 54 69 123
2482 52 18 121
2483 49 79 117
2484 47 96 116
2485 44 123 112
2486 42 7 110
2487 39 198 106
2488 37 69 104
2489 34 4 101
2490 32 184 99
2491 65 167 136
2492 63 55 134
2493 60 7 131
2494 58 204 128
2495 55 69 125
2496 53 245 122
2497 50 79 119
2498 48 215 117
2499 45 140 113
2500 43 128 111
2501 40 198 108
2502 38 69 106
2503 35 261 102
2504 66 48 137
2505 64 55 136
2506 61 135 131
2507 59 204 130
2508 56 69 127
2509 54 245 124
2510 51 79 121
2511 49 48 118
2512 46 140 115
2513 44 128 113
2514 41 65 109
2515 39 97 107
2516 67 48 139
2517 65 208 137
2518 62 135 133
2519 60 204 132
2520 57 166 127
2521 55 245 126
2522 52 92 122
2523 50 48 120
2524 47 140 117
2525 45 135 114
2526 42 65 111
2527 68 48 141
2528 66 159 138
2529 63 135 135
2530 61 102 132
2531 58 166 129
2532 56 245 128
2533 53 171 123
2534 51 48 122
2535 48 193 118
2536 46 135 116
2537 69 215 142
2538 67 159 140
2539 64 135 137
2540 62 102 134
2541 59 166 131
2542 57 254 128
2543 54 171 125
2544 52 239 123
2545 49 70 119
2546 70 24 143
2547 68 159 142
2548 65 128 138
2549 63 102 136
2550 60 166 133
2551 58 254 130
2552 55 171 127
2553 53 24 124
2554 71 24 145
2555 69 104 143
2556 66 199 139
2557 64 102 138
2558 61 83 133
2559 59 254 132
2560 56 171 129
2561 72 24 147
2562 70 211 144
2563 67 199 141
2564 65 161 139
2565 62 83 135
2566 60 254 134
2567 73 239 148
2568 71 211 146
2569 68 199 143
2570 66 51 140
2571 63 83 137
2572 74 239 150
2573 72 211 148
2574 69 64 144
2575 67 51 142
2576 75 12 151
2577 73 52 149
2578 70 231 145
2579 76 12 153
2580 74 52 151
2581 77 251 154
2582 6 124 78
2583 7 14 78
2584 8 44 78
2585 5 159 79
2586 6 196 79
2587 7 192 79
2588 8 83 79
2589 9 157 79
2590 10 46 79
2591 5 1 80
2592 6 66 80
2593 10 203 80
2594 11 236 80
2595 12 29 80
2596 4 101 81
2597 5 60 81
2598 12 3 81
2599 13 98 81
2600 14 121 81
2601 4 19 82
2602 5 113 82
2603 7 124 80
2604 8 14 80
2605 9 44 80
2606 6 159 81
2607 7 196 81
2608 8 192 81
2609 9 83 81
2610 10 157 81
2611 11 46 81
2612 6 1 82
2613 7 66 82
2614 11 203 82
2615 12 236 82
2616 13 29 82
2617 14 199 82
2618 15 260 82
2619 16 124 82
2620 3 238 83
2621 4 190 83
2622 5 200 83
2623 8 124 82
2624 9 14 82
2625 10 44 82
2626 6 262 83
2627 7 150 83
2628 8 214 83
2629 9 171 83
2630 10 12 83
2631 11 245 83
2632 12 21 83
2633 13 206 83
2634 14 28 83
2635 15 138 83
2636 16 26 83
2637 3 17 84
2638 4 80 84
2639 5 64 84
2640 6 134 84
2641 7 110 84
2642 8 81 84
2643 9 248 84
2644 10 52 84
2645 11 253 84
2646 12 110 84
2647 13 174 84
2648 14 179 84
2649 15 128 84
2650 16 238 84
2651 17 109 84
2652 2 16 85
2653 3 206 85
2654 4 239 85
2655 5 195 85
2656 6 200 85
2657 7 248 85
2658 8 236 85
2659 9 203 85
2660 10 5 85
2661 11 58 85
2662 12 166 85
2663 13 3 85
2664 14 69 85
2665 15 152 85
2666 16 116 85
2667 17 52 85
2668 18 3 85
2669 19 193 85
2670 2 45 86
2671 3 242 86
2672 4 34 86
2673 5 213 86
2674 6 13 86
2675 7 36 86
2676 8 19 86
2677 9 135 86
2678 10 203 86
2679 11 59 86
2680 12 92 86
2681 13 220 86
2682 14 100 86
2683 15 78 86
2684 16 209 86
2685 17 243 86
2686 18 65 86
2687 19 37 86
2688 1 184 87
2689 2 120 87
2690 3 114 87
2691 4 134 87
2692 5 155 87
2693 6 94 87
2694 7 229 87
2695 8 137 87
2696 9 91 87
2697 10 220 87
2698 11 33 87
2699 12 151 87
2700 13 81 87
2701 14 163 87
2702 15 117 87
2703 16 249 87
2704 17 61 87
2705 18 142 87
2706 19 143 87
2707 20 166 87
2708 1 228 88
2709 2 96 88
2710 3 163 88
2711 4 145 88
2712 5 209 88
2713 6 18 88
2714 7 224 88
2715 8 43 88
2716 9 205 88
2717 10 173 88
2718 11 158 88
2719 12 24 88
2720 13 258 88
2721 14 137 88
2722 15 136 88
2723 16 73 88
2724 17 195 88
2725 18 33 88
2726 19 87 88
2727 20 160 88
2728 21 179 88
2729 22 69 88
2730 0 12 89
2731 1 237 89
2732 2 28 89
2733 3 12 89
2734 4 145 89
2735 5 49 89
2736 6 8 89
2737 7 7 89
2738 8 74 89
2739 9 158 89
2740 10 247 89
2741 11 39 89
2742 12 81 89
2743 13 163 89
2744 14 6 89
2745 15 199 89
2746 16 192 89
2747 17 210 89
2748 18 97 89
2749 19 235 89
2750 20 116 89
2751 21 160 89
2752 22 231 89
2753 23 170 89
2754 0 53 90
2755 1 60 90
2756 2 224 90
2757 3 252 90
2758 4 113 90
2759 5 145 90
2760 6 71 90
2761 7 126 90
2762 8 228 90
2763 9 238 90
2764 10 119 90
2765 11 200 90
2766 12 87 90
2767 13 204 90
2768 14 33 90
2769 15 32 90
2770 16 184 90
2771 17 44 90
2772 18 244 90
2773 19 67 90
2774 20 57 90
2775 21 55 90
2776 22 160 90
2777 23 76 90
2778 0 72 91
2779 1 71 91
2780 2 94 91
2781 3 130 91
2782 4 147 91
2783 5 89 91
2784 6 254 91
2785 7 2 91
2786 8 175 91
2787 9 16 91
2788 10 193 91
2789 11 114 91
2790 12 42 91
2791 13 22 91
2792 14 229 91
2793 15 40 91
2794 16 169 91
2795 17 71 91
2796 18 99 91
2797 19 42 91
2798 20 46 91
2799 21 239 91
2800 22 246 91
2801 23 237 91
2802 24 262 91
2803 0 57 92
2804 1 222 92
2805 2 185 92
2806 3 116 92
2807 4 87 92
2808 5 136 92
2809 6 216 92
2810 7 80 92
2811 8 28 92
2812 9 146 92
2813 10 14 92
2814 11 21 92
2815 12 248 92
2816 13 10 92
2817 14 102 92
2818 15 172 92
2819 16 47 92
2820 17 146 92
2821 18 96 92
2822 19 117 92
2823 20 103 92
2824 21 217 92
2825 22 194 92
2826 23 208 92
2827 24 247 92
2828 25 73 92
2829 26 29 92
2830 0 29 93
2831 1 66 93
2832 2 176 93
2833 3 245 93
2834 4 62 93
2835 5 93 93
2836 6 233 93
2837 7 49 93
2838 8 261 93
2839 9 194 93
2840 10 78 93
2841 11 114 93
2842 12 12 93
2843 13 166 93
2844 14 70 93
2845 15 29 93
2846 16 17 93
2847 17 3 93
2848 18 234 93
2849 19 189 93
2850 20 105 93
2851 21 174 93
2852 22 12 93
2853 23 162 93
2854 24 30 93
2855 25 116 93
2856 26 231 93
2857 0 106 94
2858 1 146 94
2859 3 110 94
2860 2 88 94
2861 4 215 94
2862 5 262 94
2863 6 116 94
2864 7 104 94
2865 8 248 94
2866 9 178 94
2867 10 10 94
2868 11 210 94
2869 12 16 94
2870 13 16 94
2871 14 205 94
2872 15 106 94
2873 16 34 94
2874 17 235 94
2875 18 225 94
2876 19 131 94
2877 20 157 94
2878 21 102 94
2879 22 243 94
2880 23 242 94
2881 24 49 94
2882 25 51 94
2883 26 147 94
2884 27 78 94
2885 0 161 95
2886 1 125 95
2887 2 212 95
2888 3 139 95
2889 4 179 95
2890 5 174 95
2891 6 185 95
2892 7 250 95
2893 8 30 95
2894 9 56 95
2895 10 238 95
2896 11 179 95
2897 12 159 95
2898 13 21 95
2899 14 198 95
2900 15 197 95
2901 16 256 95
2902 17 121 95
2903 18 88 95
2904 19 231 95
2905 20 31 95
2906 21 91 95
2907 22 137 95
2908 23 213 95
2909 24 139 95
2910 25 236 95
2911 26 77 95
2912 27 200 95
2913 28 17 95
2914 29 153 95
2915 0 252 96
2916 1 121 96
2917 2 162 96
2918 3 20 96
2919 4 212 96
2920 5 116 96
2921 6 46 96
2922 7 261 96
2923 8 205 96
2924 9 157 96
2925 10 173 96
2926 11 181 96
2927 12 230 96
2928 13 259 96
2929 14 211 96
2930 15 223 96
2931 16 112 96
2932 17 218 96
2933 18 170 96
2934 19 92 96
2935 20 235 96
2936 21 182 96
2937 22 127 96
2938 23 131 96
2939 24 133 96
2940 25 53 96
2941 26 98 96
2942 27 86 96
2943 28 188 96
2944 29 211 96
2945 0 170 97
2946 1 127 97
2947 2 192 97
2948 3 250 97
2949 4 171 97
2950 5 199 97
2951 6 230 97
2952 7 119 97
2953 8 178 97
2954 9 174 97
2955 10 211 97
2956 11 110 97
2957 12 212 97
2958 13 262 97
2959 14 2 97
2960 15 81 97
2961 16 98 97
2962 17 121 97
2963 18 252 97
2964 19 135 97
2965 20 11 97
2966 21 15 97
2967 22 17 97
2968 23 18 97
2969 24 146 97
2970 25 168 97
2971 26 55 97
2972 27 164 97
2973 28 89 97
2974 29 26 97
2975 30 47 97
2976 0 89 98
2977 1 178 98
2978 2 46 98
2979 3 24 98
2980 4 127 98
2981 5 253 98
2982 6 116 98
2983 7 17 98
2984 8 153 98
2985 9 207 98
2986 10 212 98
2987 11 160 98
2988 12 193 98
2989 13 115 98
2990 14 135 98
2991 15 122 98
2992 16 80 98
2993 17 258 98
2994 18 108 98
2995 19 16 98
2996 20 11 98
2997 21 246 98
2998 22 130 98
2999 23 126 98
3000 24 225 98
3001 25 189 98
3002 26 119 98
3003 27 112 98
3004 28 130 98
3005 29 169 98
3006 30 12 98
3007 0 73 99
3008 1 251 99
3009 2 6 99
3010 3 52 99
3011 4 149 99
3012 5 18 99
3013 6 139 99
3014 7 102 99
3015 8 207 99
3016 9 169 99
3017 11 202 99
3018 13 146 99
3019 15 37 99
3020 17 126 99
3021 18 107 99
3022 19 15 99
3023 20 149 99
3024 21 262 99
3025 22 184 99
3026 23 256 99
3027 24 32 99
3028 25 58 99
3029 26 92 99
3030 27 54 99
3031 28 132 99
3032 29 22 99
3033 30 176 99
3034 31 236 99
3035 0 95 100
3036 1 39 100
3037 2 97 100
3038 3 71 100
3039 4 145 100
3040 5 125 100
3041 17 49 100
3042 18 104 100
3043 19 149 100
3044 20 177 100
3045 21 208 100
3046 22 142 100
3047 23 142 100
3048 24 219 100
3049 25 156 100
3050 26 222 100
3051 27 120 100
3052 28 52 100
3053 29 169 100
3054 30 150 100
3055 31 73 100
3056 32 63 100
3057 33 223 100
3058 0 188 101
3059 1 34 101
3060 2 245 101
3061 3 146 101
3062 4 262 101
3063 5 151 101
3064 20 27 101
3065 21 126 101
3066 22 257 101
3067 23 45 101
3068 24 174 101
3069 25 192 101
3070 26 91 101
3071 27 236 101
3072 28 85 101
3073 29 243 101
3074 30 40 101
3075 31 126 101
3076 32 102 101
3077 33 75 101
3078 0 170 102
3079 1 32 102
3080 2 256 102
3081 3 94 102
3082 4 59 102
3083 5 30 102
3084 21 140 102
3085 23 25 102
3086 24 165 102
3087 25 196 102
3088 26 113 102
3089 27 105 102
3090 28 224 102
3091 29 73 102
3092 30 93 102
3093 31 221 102
3094 32 166 102
3095 33 71 102
3096 34 153 102
3097 0 247 103
3098 1 262 103
3099 2 80 103
3100 3 181 103
3101 4 182 103
3102 24 171 103
3103 25 237 103
3104 26 191 103
3105 27 29 103
3106 28 110 103
3107 29 126 103
3108 30 216 103
3109 31 175 103
3110 32 9 103
3111 33 48 103
3112 34 2 103
3113 35 183 103
3114 0 221 104
3115 1 143 104
3116 2 222 104
3117 3 249 104
3118 4 32 104
3119 25 140 104
3120 27 227 104
3121 28 25 104
3122 30 35 104
3123 29 45 104
3124 31 213 104
3125 32 245 104
3126 33 192 104
3127 34 124 104
3128 35 129 104
3129 36 54 104
3130 0 12 105
3131 1 30 105
3132 2 111 105
3133 3 197 105
3134 4 105 105
3135 27 258 105
3136 28 220 105
3137 31 186 105
3138 32 191 105
3139 30 114 105
3140 33 95 105
3141 34 113 105
3142 29 149 105
3143 35 182 105
3144 36 171 105
3145 37 204 105
3146 0 142 106
3147 1 116 106
3148 2 67 106
3149 3 224 106
3150 30 184 106
3151 31 91 106
3152 32 115 106
3153 34 242 106
3154 33 8 106
3155 35 137 106
3156 36 156 106
3157 37 78 106
3158 0 106 107
3159 1 39 107
3160 2 119 107
3161 3 84 107
3162 31 113 107
3163 32 74 107
3164 34 225 107
3165 33 244 107
3166 35 251 107
3167 36 230 107
3168 37 108 107
3169 38 221 107
3170 0 135 108
3171 1 66 108
3172 2 195 108
3173 3 257 108
3174 31 250 108
3175 32 131 108
3176 36 113 108
3177 35 188 108
3178 34 19 108
3179 37 75 108
3180 38 37 108
3181 33 244 108
3182 39 238 108
3183 0 89 109
3184 1 203 109
3185 38 188 109
3186 2 220 109
3187 34 77 109
3188 37 75 109
3189 36 75 109
3190 35 169 109
3191 39 114 109
3192 40 33 109
3193 0 89 110
3194 1 103 110
3195 2 153 110
3196 39 25 110
3197 38 169 110
3198 35 233 110
3199 40 219 110
3200 37 94 110
3201 36 94 110
3202 41 20 110
3203 0 250 111
3204 1 244 111
3205 2 86 111
3206 40 238 111
3207 39 119 111
3208 38 47 111
3209 41 261 111
3210 0 14 112
3211 37 216 111
3212 42 119 112
3213 1 89 112
3214 38 6 112
3215 41 144 112
3216 40 144 112
3217 39 72 112
3218 43 112 112
3219 0 99 113
3220 1 90 113
3221 42 72 113
3222 39 192 113
3223 43 29 113
3224 41 191 113
3225 40 191 113
3226 0 147 114
3227 44 215 114
3228 1 132 114
3229 42 227 114
3230 43 48 114
3231 0 180 115
3232 41 36 114
3233 45 24 115
3234 44 24 115
3235 42 51 115
3236 0 259 116
3237 43 239 115
3238 46 24 117
3239 45 251 116
3240 44 251 116
3241 0 262 117
3242 47 239 118
3243 46 251 118
3244 45 6 117
3245 48 8 119
3246 47 12 119
3247 49 259 120
3248 50 232 121
3249 48 107 120
3250 46 112 119
3251 44 166 117
3252 42 218 116
3253 40 201 114
3254 38 58 113
3255 36 39 111
3256 34 235 110
3257 32 173 109
3258 30 77 107
3259 28 116 106
3260 26 117 104
3261 24 168 104
3262 22 242 102
3263 20 71 102
3264 18 247 101
3265 16 2 99
3266 14 131 99
3267 12 99 99
3268 10 41 99
3269 6 187 100
3270 7 114 100
3271 8 168 100
3272 9 142 100
3273 10 3 100
3274 51 232 123
3275 49 78 121
3276 47 151 120
3277 45 180 118
3278 43 248 116
3279 41 31 115
3280 39 156 114
3281 37 112 112
3282 35 97 111
3283 33 218 109
3284 31 77 109
3285 29 58 106
3286 27 117 106
3287 25 179 105
3288 23 7 103
3289 21 64 103
3290 19 255 101
3291 17 2 101
3292 15 132 100
3293 13 230 100
3294 11 74 100
3295 12 2 100
3296 14 145 100
3297 16 2 100
3298 6 244 101
3299 52 98 124
3300 50 185 122
3301 48 125 121
3302 46 180 120
3303 44 248 118
3304 42 31 117
3305 40 107 115
3306 38 112 114
3307 36 166 112
3308 34 218 111
3309 32 62 110
3310 30 58 108
3311 28 224 107
3312 26 235 105
3313 24 7 105
3314 22 32 103
3315 20 255 103
3316 18 87 102
3317 7 257 101
3318 8 163 101
3319 9 1 101
3320 10 103 101
3321 11 168 101
3322 12 262 101
3323 53 214 125
3324 51 185 124
3325 49 69 122
3326 47 83 121
3327 45 139 119
3328 43 98 117
3329 41 78 116
3330 39 138 115
3331 37 180 113
3332 35 15 112
3333 33 31 110
3334 31 58 110
3335 29 112 107
3336 27 235 107
3337 25 128 106
3338 23 77 104
3339 21 178 104
3340 19 175 102
3341 17 22 102
3342 15 137 101
3343 13 163 101
3344 14 96 101
3345 16 149 101
3346 54 49 126
3347 52 26 125
3348 50 194 123
3349 48 60 122
3350 46 139 121
3351 44 98 119
3352 42 78 118
3353 40 125 116
3354 38 180 115
3355 36 248 113
3356 34 31 112
3357 32 156 111
3358 30 112 109
3359 28 97 108
3360 26 218 106
3361 24 77 106
3362 22 89 104
3363 20 175 104
3364 18 168 103
3365 6 259 102
3366 7 117 102
3367 8 121 102
3368 55 49 128
3369 53 250 126
3370 51 194 125
3371 49 233 123
3372 47 124 122
3373 45 214 120
3374 43 26 118
3375 41 69 117
3376 39 203 116
3377 37 139 114
3378 35 165 113
3379 33 78 111
3380 31 112 111
3381 29 180 108
3382 27 218 108
3383 25 93 107
3384 23 58 105
3385 21 117 105
3386 19 84 103
3387 17 242 103
3388 15 192 102
3389 57 36 129
3390 54 13 127
3391 52 23 126
3392 50 30 124
3393 48 134 123
3394 46 214 122
3395 44 26 120
3396 42 69 119
3397 40 60 117
3398 38 139 116
3399 36 98 114
3400 34 78 113
3401 32 138 112
3402 30 180 110
3403 28 15 109
3404 26 31 107
3405 24 58 107
3406 22 190 105
3407 20 84 105
3408 18 7 104
3409 56 100 130
3410 55 13 129
3411 53 120 127
3412 51 30 126
3413 49 196 124
3414 47 49 123
3415 45 250 121
3416 43 23 119
3417 41 233 118
3418 39 129 117
3419 37 214 115
3420 35 237 114
3421 33 69 112
3422 31 180 112
3423 29 139 109
3424 27 31 109
3425 25 234 108
3426 23 112 106
3427 21 235 106
3428 58 211 131
3429 57 67 130
3430 54 143 128
3431 52 253 127
3432 50 67 125
3433 48 159 124
3434 46 250 123
3435 44 23 121
3436 42 233 120
3437 40 134 118
3438 38 214 117
3439 36 26 115
3440 34 69 114
3441 32 203 113
3442 30 139 111
3443 28 165 110
3444 26 78 108
3445 24 112 108
3446 59 211 133
3447 56 5 131
3448 55 143 130
3449 53 5 128
3450 51 67 127
3451 49 52 125
3452 47 13 124
3453 45 120 122
3454 43 253 120
3455 41 196 119
3456 39 104 118
3457 37 250 116
3458 35 240 115
3459 33 233 113
3460 31 139 113
3461 29 214 110
3462 27 78 110
3463 61 206 134
3464 58 217 132
3465 57 11 131
3466 54 258 129
3467 52 153 128
3468 50 211 126
3469 48 171 125
3470 46 120 124
3471 44 253 122
3472 42 196 121
3473 40 159 119
3474 38 250 118
3475 36 23 116
3476 34 233 115
3477 32 129 114
3478 30 214 112
3479 60 49 135
3480 59 217 134
3481 56 3 132
3482 55 258 131
3483 53 55 129
3484 51 211 128
3485 49 46 126
3486 47 143 125
3487 45 5 123
3488 43 153 121
3489 41 52 120
3490 39 92 119
3491 37 120 117
3492 35 10 116
3493 33 196 114
3494 62 184 136
3495 61 173 135
3496 58 20 133
3497 57 25 132
3498 54 208 130
3499 52 105 129
3500 50 217 127
3501 48 40 126
3502 46 5 125
3503 44 153 123
3504 42 52 122
3505 40 171 120
3506 38 120 119
3507 36 253 117
3508 63 184 138
3509 60 187 136
3510 59 20 135
3511 56 44 133
3512 55 208 132
3513 53 79 130
3514 51 217 129
3515 49 243 127
3516 47 258 126
3517 45 55 124
3518 43 105 122
3519 41 46 121
3520 39 223 120
3521 64 79 139
3522 62 183 137
3523 61 183 136
3524 58 220 134
3525 57 8 133
3526 54 184 131
3527 52 103 130
3528 50 20 128
3529 48 177 127
3530 46 55 126
3531 44 105 124
3532 42 46 123
3533 65 92 140
3534 63 183 139
3535 60 43 137
3536 59 220 136
3537 56 200 134
3538 55 184 133
3539 53 80 131
3540 51 20 130
3541 49 43 128
3542 47 208 127
3543 45 79 125
3544 66 57 141
3545 64 80 140
3546 62 172 138
3547 61 188 137
3548 58 53 135
3549 57 44 134
3550 54 183 132
3551 52 81 131
3552 50 220 129
3553 48 106 128
3554 67 57 143
3555 65 223 141
3556 63 172 140
3557 60 97 138
3558 59 53 137
3559 56 192 135
3560 55 183 134
3561 53 91 132
3562 51 220 131
3563 68 206 144
3564 66 101 142
3565 64 91 141
3566 62 51 139
3567 61 140 138
3568 58 57 136
3569 56 183 136
3570 54 172 133
3571 69 160 145
3572 67 101 144
3573 65 86 142
3574 63 51 141
3575 60 184 139
3576 59 57 138
3577 57 101 135
3578 70 122 146
3579 68 162 145
3580 66 59 143
3581 64 212 142
3582 62 35 140
3583 61 57 139
3584 71 141 147
3585 69 182 146
3586 67 59 145
3587 65 157 143
3588 63 35 142
3589 72 141 149
3590 70 27 147
3591 68 204 146
3592 66 123 144
3593 73 61 150
3594 71 236 148
3595 69 161 147
3596 74 61 152
3597 72 236 150
3598 75 108 152
3599 9 70 102
3600 10 200 102
3601 11 101 102
3602 12 252 102
3603 13 225 102
3604 14 13 102
3605 16 60 102
3606 5 142 103
3607 6 35 103
3608 7 111 103
3609 8 228 103
3610 9 248 103
3611 10 17 103
3612 13 215 103
3613 5 233 104
3614 5 233 105
3615 4 242 106
3616 5 204 106
3617 4 15 107
3618 4 15 108
3619 3 232 109
3620 4 60 109
3621 3 124 110
3622 3 124 111
3623 2 102 112
3624 3 96 112
3625 11 80 103
3626 12 53 103
3627 14 147 103
3628 15 179 103
3629 16 54 103
3630 6 44 104
3631 7 214 104
3632 8 55 104
3633 9 262 104
3634 10 51 104
3635 11 131 104
3636 12 250 104
3637 13 85 104
3638 14 260 104
3639 15 165 104
3640 17 124 104
3641 19 170 104
3642 6 196 105
3643 6 196 106
3644 5 27 107
3645 6 88 107
3646 5 165 108
3647 5 165 109
3648 4 56 110
3649 16 212 104
3650 7 211 105
3651 8 239 105
3652 9 16 105
3653 10 146 105
3654 11 60 105
3655 12 125 105
3656 13 105 105
3657 14 80 105
3658 15 10 105
3659 16 125 105
3660 17 106 105
3661 18 130 105
3662 19 99 105
3663 7 227 106
3664 8 14 106
3665 9 16 106
3666 10 228 106
3667 11 159 106
3668 18 169 106
3669 22 226 106
3670 7 52 107
3671 12 65 106
3672 13 135 106
3673 14 239 106
3674 15 52 106
3675 16 18 106
3676 17 196 106
3677 19 207 106
3678 20 161 106
3679 8 234 107
3680 9 222 107
3681 10 190 107
3682 11 27 107
3683 12 133 107
3684 13 223 107
3685 14 187 107
3686 15 172 107
3687 16 67 107
3688 17 16 107
3689 18 61 107
3690 19 200 107
3691 20 113 107
3692 21 124 107
3693 22 170 107
3694 23 133 107
3695 6 40 108
3696 7 182 108
3697 8 159 108
3698 9 66 108
3699 10 180 108
3700 11 59 108
3701 12 73 108
3702 13 67 108
3703 14 30 108
3704 15 174 108
3705 16 61 108
3706 17 155 108
3707 18 219 108
3708 19 41 108
3709 20 212 108
3710 21 133 108
3711 22 165 108
3712 23 163 108
3713 6 158 109
3714 7 27 109
3715 8 26 109
3716 9 78 109
3717 10 244 109
3718 11 178 109
3719 12 133 109
3720 13 176 109
3721 14 23 109
3722 15 16 109
3723 16 224 109
3724 17 143 109
3725 18 234 109
3726 19 169 109
3727 20 223 109
3728 21 260 109
3729 22 204 109
3730 23 154 109
3731 24 143 109
3732 25 9 109
3733 26 121 109
3734 5 255 110
3735 6 193 110
3736 7 169 110
3737 8 56 110
3738 9 249 110
3739 10 207 110
3740 11 35 110
3741 12 18 110
3742 13 141 110
3743 14 35 110
3744 15 84 110
3745 16 132 110
3746 17 212 110
3747 18 223 110
3748 19 150 110
3749 21 197 110
3750 20 226 110
3751 22 171 110
3752 23 44 110
3753 24 82 110
3754 25 167 110
3755 26 236 110
3756 4 23 111
3757 5 84 111
3758 6 42 111
3759 7 202 111
3760 8 181 111
3761 9 85 111
3762 10 79 111
3763 11 122 111
3764 12 137 111
3765 13 138 111
3766 14 20 111
3767 15 107 111
3768 16 25 111
3769 17 120 111
3770 18 171 111
3771 19 26 111
3772 20 136 111
3773 21 78 111
3774 22 207 111
3775 23 102 111
3776 24 140 111
3777 25 133 111
3778 26 36 111
3779 27 71 111
3780 28 135 111
3781 29 223 111
3782 4 206 112
3783 5 166 112
3784 6 141 112
3785 7 34 112
3786 8 119 112
3787 9 251 112
3788 10 164 112
3789 11 103 112
3790 12 161 112
3791 13 40 112
3792 14 138 112
3793 15 221 112
3794 16 156 112
3795 17 51 112
3796 18 92 112
3797 19 127 112
3798 20 74 112
3799 21 10 112
3800 22 184 112
3801 23 194 112
3802 24 15 112
3803 25 78 112
3804 26 201 112
3805 27 104 112
3806 28 84 112
3807 29 187 112
3808 2 169 113
3809 3 251 113
3810 4 147 113
3811 5 137 113
3812 6 98 113
3813 7 103 113
3814 8 52 113
3815 9 190 113
3816 10 88 113
3817 11 137 113
3818 12 172 113
3819 13 244 113
3820 14 3 113
3821 15 94 113
3822 16 18 113
3823 17 108 113
3824 18 99 113
3825 19 259 113
3826 20 203 113
3827 21 41 113
3828 22 133 113
3829 23 150 113
3830 24 133 113
3831 25 173 113
3832 26 178 113
3833 27 28 113
3834 28 52 113
3835 29 170 113
3836 30 166 113
3837 2 227 114
3838 3 134 114
3839 4 242 114
3840 5 71 114
3841 6 245 114
3842 7 248 114
3843 8 29 114
3844 9 136 114
3845 10 23 114
3846 11 83 114
3847 12 189 114
3848 13 94 114
3849 14 158 114
3850 15 141 114
3851 16 210 114
3852 17 221 114
3853 18 34 114
3854 19 215 114
3855 20 149 114
3856 21 180 114
3857 22 71 114
3858 23 145 114
3859 24 75 114
3860 25 35 114
3861 26 22 114
3862 27 233 114
3863 28 238 114
3864 29 38 114
3865 30 162 114
3866 31 237 114
3867 1 74 115
3868 2 219 115
3869 3 195 115
3870 4 127 115
3871 5 150 115
3872 6 122 115
3873 7 18 115
3874 8 34 115
3875 9 195 115
3876 10 64 115
3877 11 9 115
3878 12 225 115
3879 13 153 115
3880 14 218 115
3881 15 248 115
3882 16 127 115
3883 17 262 115
3884 18 237 115
3885 19 34 115
3886 20 231 115
3887 21 64 115
3888 22 242 115
3889 23 215 115
3890 24 15 115
3891 25 159 115
3892 26 198 115
3893 27 234 115
3894 28 97 115
3895 29 106 115
3896 30 11 115
3897 31 18 115
3898 32 161 115
3899 33 24 115
3900 1 253 116
3901 2 127 116
3902 3 182 116
3903 4 87 116
3904 5 182 116
3905 6 76 116
3906 7 261 116
3907 8 216 116
3908 9 29 116
3909 10 247 116
3910 11 77 116
3911 12 252 116
3912 13 13 116
3913 14 229 116
3914 15 89 116
3915 16 31 116
3916 17 106 116
3917 18 150 116
3918 19 141 116
3919 20 112 116
3920 21 249 116
3921 22 220 116
3922 23 156 116
3923 24 207 116
3924 25 62 116
3925 26 121 116
3926 27 74 116
3927 28 249 116
3928 29 5 116
3929 30 259 116
3930 31 109 116
3931 32 147 116
3932 33 242 116
3933 34 12 116
3934 1 39 117
3935 2 34 117
3936 3 209 117
3937 4 195 117
3938 5 102 117
3939 6 64 117
3940 7 243 117
3941 8 181 117
3942 9 197 117
3943 10 165 117
3944 11 217 117
3945 12 122 117
3946 13 123 117
3947 14 199 117
3948 15 184 117
3949 16 85 117
3950 17 35 117
3951 18 142 117
3952 19 87 117
3953 20 33 117
3954 21 175 117
3955 22 216 117
3956 23 176 117
3957 24 227 117
3958 25 248 117
3959 26 191 117
3960 27 154 117
3961 28 216 117
3962 29 188 117
3963 30 182 117
3964 31 140 117
3965 32 4 117
3966 33 21 117
3967 34 22 117
3968 35 50 117
3969 0 174 118
3970 1 75 118
3971 2 173 118
3972 3 154 118
3973 4 150 118
3974 5 213 118
3975 6 174 118
3976 7 54 118
3977 8 30 118
3978 9 73 118
3979 10 22 118
3980 11 200 118
3981 12 230 118
3982 13 152 118
3983 14 118 118
3984 15 45 118
3985 16 88 118
3986 17 192 118
3987 18 3 118
3988 19 52 118
3989 20 186 118
3990 21 243 118
3991 22 55 118
3992 23 18 118
3993 24 35 118
3994 25 182 118
3995 26 139 118
3996 27 105 118
3997 28 46 118
3998 29 252 118
3999 30 257 118
4000 31 58 118
4001 32 167 118
4002 33 77 118
4003 34 52 118
4004 35 136 118
4005 36 179 118
4006 37 200 118
4007 0 152 119
4008 1 153 119
4009 2 96 119
4010 3 120 119
4011 4 239 119
4012 5 58 119
4013 6 190 119
4014 7 231 119
4015 8 249 119
4016 9 138 119
4017 10 218 119
4018 11 259 119
4019 12 190 119
4020 13 225 119
4021 14 257 119
4022 15 155 119
4023 16 54 119
4024 17 223 119
4025 18 224 119
4026 19 187 119
4027 20 261 119
4028 21 171 119
4029 22 161 119
4030 23 12 119
4031 24 196 119
4032 25 59 119
4033 26 217 119
4034 27 187 119
4035 28 108 119
4036 29 155 119
4037 30 41 119
4038 31 248 119
4039 32 116 119
4040 33 18 119
4041 34 133 119
4042 35 79 119
4043 36 86 119
4044 37 207 119
4045 0 40 120
4046 1 189 120
4047 2 97 120
4048 3 35 120
4049 4 28 120
4050 5 49 120
4051 6 41 120
4052 7 219 120
4053 8 78 120
4054 9 7 120
4055 10 37 120
4056 11 173 120
4057 12 84 120
4058 13 154 120
4059 14 55 120
4060 15 262 120
4061 16 220 120
4062 17 180 120
4063 18 62 120
4064 19 149 120
4065 20 115 120
4066 21 245 120
4067 22 115 120
4068 23 16 120
4069 24 123 120
4070 25 149 120
4071 26 260 120
4072 27 192 120
4073 28 127 120
4074 29 82 120
4075 30 47 120
4076 31 150 120
4077 32 185 120
4078 33 131 120
4079 34 184 120
4080 35 88 120
4081 36 8 120
4082 37 199 120
4083 38 3 120
4084 0 252 121
4085 1 169 121
4086 2 180 121
4087 3 202 121
4088 4 63 121
4089 5 20 121
4090 6 259 121
4091 7 112 121
4092 8 241 121
4093 9 37 121
4094 10 95 121
4095 11 16 121
4096 12 105 121
4097 13 140 121
4098 14 93 121
4099 15 23 121
4100 16 114 121
4101 17 227 121
4102 18 197 121
4103 19 37 121
4104 20 61 121
4105 21 36 121
4106 22 209 121
4107 23 13 121
4108 24 178 121
4109 25 190 121
4110 26 162 121
4111 27 240 121
4112 28 232 121
4113 29 216 121
4114 30 250 121
4115 31 188 121
4116 32 134 121
4117 33 145 121
4118 34 7 121
4119 35 94 121
4120 36 85 121
4121 37 186 121
4122 38 130 121
4123 39 72 121
4124 40 92 121
4125 0 201 122
4126 1 49 122
4127 2 250 122
4128 3 125 122
4129 4 114 122
4130 5 84 122
4131 6 85 122
4132 7 227 122
4133 8 63 122
4134 9 154 122
4135 10 110 122
4136 11 255 122
4137 12 242 122
4138 13 87 122
4139 14 73 122
4140 15 260 122
4141 16 242 122
4142 17 159 122
4143 18 255 122
4144 19 207 122
4145 20 18 122
4146 21 262 122
4147 22 214 122
4148 23 102 122
4149 24 40 122
4150 25 182 122
4151 26 122 122
4152 27 256 122
4153 28 22 122
4154 29 20 122
4155 30 227 122
4156 31 215 122
4157 32 64 122
4158 33 74 122
4159 34 38 122
4160 39 70 122
4161 35 54 122
4162 36 176 122
4163 37 85 122
4164 38 35 122
4165 40 169 122
4166 41 248 122
4167 0 127 123
4168 1 16 123
4169 2 186 123
4170 3 139 123
4171 4 203 123
4172 5 113 123
4173 6 194 123
4174 7 161 123
4175 8 187 123
4176 9 28 123
4177 10 243 123
4178 11 83 123
4179 12 195 123
4180 13 255 123
4181 14 100 123
4182 15 56 123
4183 16 241 123
4184 17 188 123
4185 18 166 123
4186 19 53 123
4187 20 169 123
4188 21 241 123
4189 22 32 123
4190 23 181 123
4191 24 35 123
4192 25 77 123
4193 26 13 123
4194 27 207 123
4195 28 226 123
4196 29 176 123
4197 30 66 123
4198 31 126 123
4199 32 181 123
4200 33 111 123
4201 34 183 123
4202 35 141 123
4203 36 125 123
4204 37 59 123
4205 38 14 123
4206 39 125 123
4207 40 185 123
4208 41 81 123
4209 43 137 123
4210 0 52 124
4211 1 146 124
4212 2 145 124
4213 3 171 124
4214 4 62 124
4215 5 124 124
4216 6 129 124
4217 7 33 124
4218 8 83 124
4219 9 22 124
4220 10 139 124
4221 11 18 124
4222 12 37 124
4223 13 28 124
4224 14 164 124
4225 15 116 124
4226 16 153 124
4227 17 40 124
4228 18 218 124
4229 19 161 124
4230 20 2 124
4231 21 84 124
4232 22 55 124
4233 23 85 124
4234 24 148 124
4235 25 193 124
4236 26 15 124
4237 27 84 124
4238 28 27 124
4239 29 192 124
4240 30 123 124
4241 31 31 124
4242 32 13 124
4243 33 179 124
4244 34 127 124
4245 35 134 124
4246 36 147 124
4247 37 200 124
4248 38 78 124
4249 39 25 124
4250 40 59 124
4251 41 45 124
4252 42 6 124
4253 43 93 124
4254 0 69 125
4255 1 257 125
4256 2 134 125
4257 3 60 125
4258 4 64 125
4259 5 14 125
4260 6 49 125
4261 7 146 125
4262 8 12 125
4263 9 256 125
4264 10 153 125
4265 11 174 125
4266 12 105 125
4267 13 162 125
4268 14 231 125
4269 15 114 125
4270 16 83 125
4271 17 167 125
4272 18 132 125
4273 19 94 125
4274 20 70 125
4275 21 1 125
4276 22 252 125
4277 23 62 125
4278 24 241 125
4279 25 68 125
4280 26 219 125
4281 27 4 125
4282 28 200 125
4283 29 215 125
4284 30 160 125
4285 31 131 125
4286 32 222 125
4287 33 16 125
4288 34 258 125
4289 35 145 125
4290 36 81 125
4291 37 136 125
4292 38 27 125
4293 39 94 125
4294 40 42 125
4295 41 137 125
4296 42 252 125
4297 43 215 125
4298 44 39 125
4299 0 219 126
4300 1 126 126
4301 2 19 126
4302 3 126 126
4303 4 167 126
4304 5 83 126
4305 6 83 126
4306 7 150 126
4307 8 251 126
4308 9 55 126
4309 10 82 126
4310 11 21 126
4311 12 111 126
4312 13 83 126
4313 14 51 126
4314 15 158 126
4315 16 142 126
4316 17 175 126
4317 18 6 126
4318 19 140 126
4319 20 230 126
4320 21 167 126
4321 22 38 126
4322 23 50 126
4323 24 44 126
4324 25 147 126
4325 26 34 126
4326 27 184 126
4327 28 11 126
4328 29 155 126
4329 30 171 126
4330 31 5 126
4331 32 61 126
4332 33 114 126
4333 34 55 126
4334 45 122 126
4335 44 122 126
4336 35 134 126
4337 36 103 126
4338 42 186 126
4339 37 53 126
4340 39 167 126
4341 38 3 126
4342 40 140 126
4343 41 248 126
4344 43 184 126
4345 0 192 127
4346 1 209 127
4347 2 33 127
4348 3 177 127
4349 4 18 127
4350 5 194 127
4351 6 192 127
4352 7 150 127
4353 8 176 127
4354 9 202 127
4355 10 116 127
4356 11 59 127
4357 12 8 127
4358 13 188 127
4359 14 166 127
4360 15 60 127
4361 16 12 127
4362 17 66 127
4363 18 81 127
4364 19 29 127
4365 20 221 127
4366 46 141 127
4367 45 47 127
4368 21 125 127
4369 22 11 127
4370 42 240 127
4371 23 190 127
4372 24 89 127
4373 25 213 127
4374 39 32 127
4375 38 218 127
4376 26 79 127
4377 27 124 127
4378 28 134 127
4379 29 17 127
4380 30 233 127
4381 31 148 127
4382 32 182 127
4383 33 252 127
4384 34 4 127
4385 35 4 127
4386 36 249 127
4387 37 165 127
4388 40 242 127
4389 41 253 127
4390 43 261 127
4391 44 188 127
4392 0 243 128
4393 1 56 128
4394 2 145 128
4395 3 196 128
4396 4 110 128
4397 47 61 128
4398 46 216 128
4399 5 226 128
4400 6 159 128
4401 44 72 128
4402 7 2 128
4403 8 95 128
4404 9 31 128
4405 10 29 128
4406 39 77 128
4407 11 146 128
4408 12 21 128
4409 13 165 128
4410 14 180 128
4411 16 112 128
4412 15 103 128
4413 17 48 128
4414 32 27 128
4415 18 157 128
4416 19 84 128
4417 30 12 128
4418 20 96 128
4419 21 32 128
4420 22 24 128
4421 24 29 128
4422 25 139 128
4423 23 123 128
4424 26 124 128
4425 27 250 128
4426 28 19 128
4427 48 182 129
4428 47 155 129
4429 45 245 128
4430 0 190 129
4431 45 239 129
4432 42 1 128
4433 43 173 128
4434 1 249 129
4435 41 170 128
4436 40 170 128
4437 38 62 128
4438 2 109 129
4439 38 258 129
4440 36 196 128
4441 35 43 128
4442 37 221 128
4443 34 145 128
4444 33 136 128
4445 31 254 128
4446 3 166 129
4447 4 194 129
4448 29 27 128
4449 5 191 129
4450 6 28 129
4451 7 10 129
4452 8 114 129
4453 24 232 129
4454 9 89 129
4455 25 228 129
4456 49 236 129
4457 48 27 130
4458 46 18 129
4459 0 179 130
4460 46 24 130
4461 44 6 129
4462 42 99 129
4463 1 128 130
4464 43 113 129
4465 41 31 129
4466 39 116 129
4467 40 31 129
4468 2 106 130
4469 31 154 129
4470 36 110 129
4471 37 204 129
4472 35 161 129
4473 34 127 129
4474 32 68 129
4475 33 130 129
4476 3 20 130
4477 30 1 129
4478 27 34 129
4479 4 138 130
4480 28 176 129
4481 29 178 129
4482 26 136 129
4483 5 77 130
4484 50 145 130
4485 49 9 130
4486 47 254 130
4487 0 242 131
4488 47 251 131
4489 45 261 130
4490 44 261 130
4491 1 32 131
4492 42 217 130
4493 43 226 130
4494 39 239 130
4495 41 165 130
4496 40 165 130
4497 38 153 130
4498 6 178 130
4499 2 62 131
4500 36 51 130
4501 35 34 130
4502 32 150 130
4503 34 133 130
4504 33 132 130
4505 31 262 130
4506 30 175 130
4507 37 10 130
4508 27 39 130
4509 28 29 130
4510 24 243 130
4511 51 145 132
4512 50 127 131
4513 48 68 131
4514 49 260 131
4515 0 154 132
4516 46 2 131
4517 45 176 131
4518 1 8 132
4519 44 176 131
4520 42 202 131
4521 3 163 131
4522 43 80 131
4523 41 208 131
4524 39 159 131
4525 38 212 131
4526 40 9 131
4527 4 246 131
4528 36 246 131
4529 5 25 131
4530 35 164 131
4531 34 131 131
4532 32 66 131
4533 31 88 131
4534 33 59 131
4535 30 117 131
4536 29 224 130
4537 52 102 132
4538 51 127 133
4539 48 204 132
4540 50 133 132
4541 49 1 132
4542 47 262 132
4543 46 87 132
4544 0 204 133
4545 45 29 132
4546 44 29 132
4547 2 22 132
4548 42 135 132
4549 43 139 132
4550 3 216 132
4551 39 210 132
4552 40 106 132
4553 38 17 132
4554 37 82 131
4555 4 32 132
4556 36 181 132
4557 35 33 132
4558 5 210 132
4559 32 241 132
4560 33 190 132
4561 31 146 132
4562 53 229 133
4563 52 229 133
4564 1 201 133
4565 0 12 134
4566 50 131 133
4567 48 66 133
4568 47 88 133
4569 49 52 133
4570 46 234 133
4571 45 78 133
4572 2 137 133
4573 44 78 133
4574 42 160 133
4575 41 105 132
4576 3 192 133
4577 41 140 133
4578 39 193 133
4579 38 82 133
4580 4 8 133
4581 37 148 132
4582 36 115 133
4583 34 252 132
4584 5 88 133
4585 34 73 133
4586 54 17 134
4587 53 99 134
4588 51 164 134
4589 52 99 134
4590 0 133 135
4591 1 106 134
4592 48 241 134
4593 49 117 134
4594 47 146 134
4595 46 185 134
4596 2 100 134
4597 45 237 134
4598 44 237 134
4599 43 224 133
4600 3 48 134
4601 42 148 134
4602 40 228 133
4603 39 111 134
4604 4 2 134
4605 38 148 134
4606 37 126 133
4607 35 200 133
4608 5 22 134
4609 55 246 135
4610 54 82 135
4611 51 66 135
4612 53 230 135
4613 52 230 135
4614 50 252 134
4615 1 74 135
4616 50 73 135
4617 48 95 135
4618 47 39 135
4619 2 25 135
4620 46 26 135
4621 45 184 135
4622 43 222 134
4623 3 12 135
4624 42 166 135
4625 41 187 134
4626 40 187 134
4627 4 132 135
4628 39 226 135
4629 38 126 135
4630 36 163 134
4631 57 87 136
4632 55 181 136
4633 0 181 136
4634 54 148 136
4635 53 11 136
4636 51 252 136
4637 1 150 136
4638 52 86 136
4639 49 207 135
4640 48 56 136
4641 2 72 136
4642 47 250 136
4643 46 79 136
4644 44 217 135
4645 3 3 136
4646 44 114 136
4647 43 76 135
4648 41 113 135
4649 4 33 136
4650 40 113 135
4651 39 100 136
4652 56 97 137
4653 57 158 137
4654 0 111 137
4655 55 115 137
4656 54 126 137
4657 1 147 137
4658 51 179 137
4659 52 84 137
4660 50 28 136
4661 49 194 136
4662 2 18 137
4663 48 69 137
4664 47 92 137
4665 45 103 136
4666 3 198 137
4667 45 225 137
4668 42 141 136
4669 43 28 136
4670 4 74 137
4671 41 50 136
4672 58 76 137
4673 56 42 138
4674 0 225 138
4675 57 211 138
4676 55 137 138
4677 53 242 137
4678 1 108 138
4679 53 235 138
4680 51 28 138
4681 50 166 137
4682 2 136 138
4683 49 23 137
4684 48 240 138
4685 46 160 137
4686 3 181 138
4687 46 38 138
4688 44 141 137
4689 42 30 137
4690 4 150 138
4691 59 76 139
4692 58 150 138
4693 0 122 139
4694 56 60 139
4695 57 155 139
4696 54 142 138
4697 1 27 139
4698 54 14 139
4699 52 7 138
4700 51 166 139
4701 2 34 139
4702 50 120 138
4703 49 80 138
4704 47 183 138
4705 3 111 139
4706 47 244 139
4707 45 216 138
4708 44 216 138
4709 60 36 140
4710 59 150 140
4711 0 162 140
4712 58 213 139
4713 56 224 140
4714 55 121 139
4715 1 204 140
4716 55 249 140
4717 53 173 139
4718 52 173 139
4719 2 140 140
4720 51 120 140
4721 50 223 139
4722 48 20 139
4723 49 61 139
4724 3 260 140
4725 46 47 139
4726 61 70 140
4727 60 204 141
4728 0 172 141
4729 59 213 141
4730 58 192 140
4731 57 103 140
4732 1 51 141
4733 56 100 141
4734 54 45 140
4735 53 30 140
4736 2 35 141
4737 52 30 140
4738 51 223 141
4739 48 237 140
4740 50 101 140
4741 49 155 140
4742 62 47 141
4743 61 22 141
4744 0 43 142
4745 60 27 142
4746 59 192 142
4747 57 71 141
4748 58 199 141
4749 1 87 142
4750 55 218 141
4751 54 248 141
4752 2 206 142
4753 53 253 141
4754 52 253 141
4755 3 162 141
4756 3 162 142
4757 63 47 143
4758 62 72 142
4759 0 208 143
4760 61 249 142
4761 60 15 143
4762 56 26 142
4763 1 184 143
4764 58 109 142
4765 56 218 143
4766 55 15 142
4767 57 25 142
4768 54 5 142
4769 53 91 142
4770 51 172 142
4771 64 155 143
4772 63 72 144
4773 0 52 144
4774 62 239 143
4775 61 155 143
4776 59 16 143
4777 1 46 144
4778 59 109 144
4779 2 6 143
4780 57 232 143
4781 58 262 143
4782 55 258 143
4783 54 86 143
4784 65 36 144
4785 64 36 144
4786 0 13 145
4787 63 239 145
4788 62 8 144
4789 60 247 144
4790 61 178 144
4791 1 70 145
4792 2 169 144
4793 56 5 144
4794 58 129 144
4795 57 239 144
4796 66 254 145
4797 65 251 145
4798 0 69 146
4799 64 251 145
4800 63 8 146
4801 60 255 145
4802 62 85 145
4803 61 95 145
4804 59 31 145
4805 2 196 145
4806 1 220 146
4807 67 9 146
4808 66 3 146
4809 0 83 147
4810 65 4 146
4811 64 4 146
4812 2 186 146
4813 1 124 147
4814 62 147 146
4815 60 223 146
4816 59 165 146
4817 68 127 147
4818 67 260 147
4819 0 218 148
4820 66 262 147
4821 65 174 147
4822 63 176 147
4823 64 174 147
4824 1 130 148
4825 61 242 146
4826 69 133 148
4827 68 133 148
4828 70 226 148
4829 67 1 148
4830 66 88 148
4831 63 102 148
4832 65 205 148
4833 64 205 148
4834 0 256 149
4835 69 131 149
4836 70 132 149
4837 68 131 149
4838 67 175 149
4839 1 117 149
4840 66 146 149
4841 71 82 149
4842 0 176 150
4843 71 197 150
4844 69 44 150
4845 68 44 150
4846 1 95 150
4847 72 82 151
4848 0 44 151
4849 73 223 151
4850 70 11 150
4851 69 73 151
4852 0 258 152
4853 72 148 152
4854 73 241 152
4855 71 126 151
4856 74 115 153
4857 0 200 153
4858 75 136 153
4859 0 4 154
4860 74 137 154
4861 76 150 154
4862 10 19 129
4863 11 66 129
4864 12 140 129
4865 13 257 129
4866 14 191 129
4867 15 235 129
4868 16 180 129
4869 17 103 129
4870 18 143 129
4871 19 95 129
4872 20 52 129
4873 21 193 129
4874 22 149 129
4875 23 181 129
4876 7 68 130
4877 8 91 130
4878 9 21 130
4879 10 233 130
4880 11 228 130
4881 12 218 130
4882 13 177 130
4883 14 19 130
4884 15 84 130
4885 16 241 130
4886 17 80 130
4887 18 3 130
4888 19 149 130
4889 20 102 130
4890 21 195 130
4891 22 143 130
4892 23 14 130
4893 25 136 130
4894 26 127 130
4895 6 53 131
4896 7 67 131
4897 8 26 131
4898 9 52 131
4899 10 33 131
4900 11 19 131
4901 12 66 131
4902 13 140 131
4903 14 257 131
4904 15 191 131
4905 16 235 131
4906 17 180 131
4907 18 103 131
4908 19 143 131
4909 20 95 131
4910 21 52 131
4911 22 193 131
4912 23 149 131
4913 24 181 131
4914 25 87 131
4915 26 23 131
4916 27 143 131
4917 28 207 131
4918 29 128 131
4919 6 98 132
4920 7 174 132
4921 8 126 132
4922 9 83 132
4923 10 199 132
4924 11 49 132
4925 12 121 132
4926 13 54 132
4927 14 186 132
4928 15 251 132
4929 16 28 132
4930 17 12 132
4931 18 129 132
4932 19 72 132
4933 20 40 132
4934 21 115 132
4935 22 110 132
4936 23 256 132
4937 24 180 132
4938 25 106 132
4939 26 60 132
4940 27 106 132
4941 28 230 132
4942 29 226 132
4943 30 105 132
4944 6 44 133
4945 7 177 133
4946 8 198 133
4947 9 46 133
4948 10 165 133
4949 11 254 133
4950 12 30 133
4951 13 188 133
4952 14 109 133
4953 15 262 133
4954 16 85 133
4955 17 210 133
4956 18 202 133
4957 19 188 133
4958 20 79 133
4959 21 25 133
4960 22 19 133
4961 23 207 133
4962 24 167 133
4963 25 183 133
4964 26 15 133
4965 27 83 133
4966 28 54 133
4967 29 184 133
4968 30 99 133
4969 31 36 133
4970 32 192 133
4971 33 196 133
4972 6 73 134
4973 7 206 134
4974 8 111 134
4975 9 246 134
4976 10 201 134
4977 11 12 134
4978 12 173 134
4979 13 60 134
4980 14 207 134
4981 15 43 134
4982 16 52 134
4983 17 6 134
4984 18 129 134
4985 19 74 134
4986 20 7 134
4987 21 250 134
4988 22 6 134
4989 23 211 134
4990 24 231 134
4991 25 199 134
4992 26 45 134
4993 27 95 134
4994 28 147 134
4995 29 83 134
4996 30 254 134
4997 31 35 134
4998 32 56 134
4999 33 92 134
5000 34 259 134
5001 35 31 134
5002 37 66 134
5003 5 47 135
5004 6 108 135
5005 7 125 135
5006 8 1 135
5007 9 169 135
5008 10 237 135
5009 11 124 135
5010 12 92 135
5011 13 224 135
5012 14 261 135
5013 15 65 135
5014 16 172 135
5015 17 44 135
5016 18 174 135
5017 19 76 135
5018 20 71 135
5019 21 247 135
5020 22 111 135
5021 23 156 135
5022 24 159 135
5023 25 206 135
5024 26 15 135
5025 27 130 135
5026 28 19 135
5027 29 54 135
5028 30 196 135
5029 31 152 135
5030 32 6 135
5031 33 74 135
5032 34 182 135
5033 35 131 135
5034 36 120 135
5035 37 178 135
5036 5 239 136
5037 6 71 136
5038 7 255 136
5039 8 149 136
5040 9 155 136
5041 10 153 136
5042 11 126 136
5043 12 85 136
5044 13 253 136
5045 14 143 136
5046 15 118 136
5047 16 99 136
5048 17 21 136
5049 18 172 136
5050 19 96 136
5051 20 73 136
5052 21 225 136
5053 22 47 136
5054 23 133 136
5055 24 34 136
5056 25 28 136
5057 26 184 136
5058 27 25 136
5059 28 62 136
5060 29 18 136
5061 30 161 136
5062 31 184 136
5063 32 168 136
5064 33 105 136
5065 34 230 136
5066 35 52 136
5067 36 243 136
5068 37 219 136
5069 38 169 136
5070 40 257 136
5071 5 54 137
5072 6 147 137
5073 7 91 137
5074 8 254 137
5075 9 99 137
5076 10 89 137
5077 11 51 137
5078 12 148 137
5079 13 122 137
5080 14 120 137
5081 15 86 137
5082 16 257 137
5083 17 141 137
5084 18 143 137
5085 19 166 137
5086 20 90 137
5087 21 48 137
5088 23 58 137
5089 22 100 137
5090 24 110 137
5091 25 27 137
5092 26 250 137
5093 27 74 137
5094 28 122 137
5095 29 126 137
5096 30 213 137
5097 31 232 137
5098 32 8 137
5099 33 238 137
5100 34 86 137
5101 35 85 137
5102 36 119 137
5103 37 172 137
5104 38 2 137
5105 39 53 137
5106 40 9 137
5107 41 144 137
5108 43 151 137
5109 5 178 138
5110 6 168 138
5111 7 258 138
5112 8 40 138
5113 9 149 138
5114 10 211 138
5115 11 121 138
5116 12 107 138
5117 13 6 138
5118 14 146 138
5119 15 250 138
5120 16 116 138
5121 17 25 138
5122 18 70 138
5123 19 253 138
5124 20 117 138
5125 21 10 138
5126 22 206 138
5127 23 169 138
5128 24 54 138
5129 25 164 138
5130 26 201 138
5131 27 178 138
5132 28 255 138
5133 29 239 138
5134 30 77 138
5135 31 197 138
5136 32 257 138
5137 33 162 138
5138 34 42 138
5139 35 53 138
5140 36 248 138
5141 37 201 138
5142 38 255 138
5143 39 78 138
5144 40 229 138
5145 41 176 138
5146 42 164 138
5147 43 123 138
5148 4 130 139
5149 5 147 139
5150 6 229 139
5151 7 61 139
5152 8 187 139
5153 9 105 139
5154 10 171 139
5155 11 52 139
5156 12 23 139
5157 13 214 139
5158 14 83 139
5159 15 85 139
5160 16 137 139
5161 17 155 139
5162 18 118 139
5163 19 233 139
5164 20 156 139
5165 21 245 139
5166 22 259 139
5167 23 207 139
5168 24 141 139
5169 25 5 139
5170 26 214 139
5171 27 108 139
5172 28 255 139
5173 29 159 139
5174 30 143 139
5175 31 257 139
5176 32 248 139
5177 33 209 139
5178 34 78 139
5179 35 59 139
5180 36 167 139
5181 37 31 139
5182 38 239 139
5183 39 131 139
5184 40 94 139
5185 41 187 139
5186 42 238 139
5187 43 188 139
5188 44 104 139
5189 45 259 139
5190 4 172 140
5191 5 255 140
5192 6 7 140
5193 7 60 140
5194 8 223 140
5195 9 16 140
5196 10 120 140
5197 11 13 140
5198 12 68 140
5199 13 261 140
5200 14 73 140
5201 15 155 140
5202 16 219 140
5203 17 130 140
5204 18 63 140
5205 19 262 140
5206 20 173 140
5207 21 226 140
5208 22 237 140
5209 23 199 140
5210 24 45 140
5211 25 237 140
5212 26 252 140
5213 27 92 140
5214 28 123 140
5215 29 82 140
5216 30 56 140
5217 31 68 140
5218 32 59 140
5219 33 14 140
5220 34 176 140
5221 35 235 140
5222 36 186 140
5223 37 23 140
5224 38 216 140
5225 39 185 140
5226 40 51 140
5227 41 68 140
5228 42 9 140
5229 43 147 140
5230 44 94 140
5231 45 247 140
5232 46 17 140
5233 47 150 140
5234 4 182 141
5235 5 244 141
5236 6 238 141
5237 7 230 141
5238 8 214 141
5239 9 22 141
5240 10 69 141
5241 11 6 141
5242 12 77 141
5243 13 79 141
5244 14 148 141
5245 15 19 141
5246 16 98 141
5247 17 238 141
5248 18 220 141
5249 19 42 141
5250 20 30 141
5251 21 73 141
5252 22 39 141
5253 23 90 141
5254 24 69 141
5255 25 62 141
5256 26 81 141
5257 27 113 141
5258 28 151 141
5259 29 215 141
5260 30 235 141
5261 31 37 141
5262 32 88 141
5263 33 9 141
5264 34 241 141
5265 35 94 141
5266 36 17 141
5267 37 161 141
5268 38 39 141
5269 39 137 141
5270 40 248 141
5271 41 69 141
5272 42 222 141
5273 44 211 141
5274 43 193 141
5275 45 184 141
5276 46 237 141
5277 47 247 141
5278 48 108 141
5279 49 221 141
5280 50 217 141
5281 4 7 142
5282 5 55 142
5283 6 226 142
5284 7 143 142
5285 8 48 142
5286 9 74 142
5287 10 35 142
5288 11 122 142
5289 12 86 142
5290 13 140 142
5291 14 67 142
5292 15 50 142
5293 16 249 142
5294 17 227 142
5295 18 144 142
5296 19 233 142
5297 20 10 142
5298 21 244 142
5299 22 126 142
5300 23 50 142
5301 24 197 142
5302 25 137 142
5303 26 52 142
5304 27 187 142
5305 28 67 142
5306 29 34 142
5307 30 184 142
5308 31 190 142
5309 32 247 142
5310 33 157 142
5311 34 70 142
5312 35 156 142
5313 36 67 142
5314 37 91 142
5315 38 159 142
5316 39 232 142
5317 40 1 142
5318 41 199 142
5319 42 155 142
5320 43 145 142
5321 44 106 142
5322 45 183 142
5323 47 135 142
5324 46 248 142
5325 48 111 142
5326 49 27 142
5327 50 146 142
5328 52 123 142
5329 3 164 143
5330 4 60 143
5331 5 119 143
5332 6 246 143
5333 7 75 143
5334 8 184 143
5335 9 258 143
5336 10 212 143
5337 11 172 143
5338 12 110 143
5339 13 211 143
5340 14 85 143
5341 15 106 143
5342 16 114 143
5343 17 137 143
5344 18 19 143
5345 19 119 143
5346 20 11 143
5347 21 145 143
5348 22 134 143
5349 23 70 143
5350 24 226 143
5351 25 237 143
5352 26 21 143
5353 27 200 143
5354 28 64 143
5355 29 42 143
5356 30 214 143
5357 31 211 143
5358 32 228 143
5359 33 126 143
5360 34 143 143
5361 35 185 143
5362 36 146 143
5363 37 221 143
5364 38 70 143
5365 39 27 143
5366 40 159 143
5367 41 69 143
5368 42 92 143
5369 43 98 143
5370 44 138 143
5371 45 232 143
5372 46 208 143
5373 47 220 143
5374 48 160 143
5375 49 236 143
5376 50 259 143
5377 51 127 143
5378 52 212 143
5379 53 167 143
5380 3 15 144
5381 4 74 144
5382 5 17 144
5383 6 108 144
5384 7 131 144
5385 8 250 144
5386 9 124 144
5387 10 179 144
5388 11 242 144
5389 12 215 144
5390 13 88 144
5391 14 8 144
5392 15 53 144
5393 16 54 144
5394 17 188 144
5395 18 74 144
5396 19 205 144
5397 20 192 144
5398 21 65 144
5399 22 250 144
5400 23 202 144
5401 24 240 144
5402 25 257 144
5403 26 141 144
5404 27 81 144
5405 28 186 144
5406 29 149 144
5407 30 241 144
5408 31 227 144
5409 32 224 144
5410 33 151 144
5411 34 104 144
5412 35 75 144
5413 36 21 144
5414 37 176 144
5415 38 258 144
5416 39 23 144
5417 40 130 144
5418 41 115 144
5419 42 171 144
5420 43 64 144
5421 44 139 144
5422 45 250 144
5423 46 124 144
5424 47 68 144
5425 48 73 144
5426 49 244 144
5427 50 134 144
5428 51 149 144
5429 52 249 144
5430 53 65 144
5431 54 126 144
5432 55 4 144
5433 3 181 145
5434 4 250 145
5435 5 4 145
5436 6 14 145
5437 7 243 145
5438 8 247 145
5439 9 91 145
5440 10 99 145
5441 11 80 145
5442 12 185 145
5443 13 134 145
5444 14 115 145
5445 15 12 145
5446 16 113 145
5447 17 129 145
5448 18 177 145
5449 19 168 145
5450 20 87 145
5451 21 123 145
5452 22 40 145
5453 23 23 145
5454 24 148 145
5455 25 124 145
5456 26 89 145
5457 27 48 145
5458 28 189 145
5459 29 75 145
5460 30 178 145
5461 31 150 145
5462 32 199 145
5463 33 237 145
5464 34 232 145
5465 35 208 145
5466 36 22 145
5467 37 49 145
5468 38 42 145
5469 39 134 145
5470 40 141 145
5471 41 107 145
5472 42 195 145
5473 43 78 145
5474 44 110 145
5475 45 190 145
5476 46 36 145
5477 47 165 145
5478 48 20 145
5479 49 110 145
5480 50 191 145
5481 51 38 145
5482 52 54 145
5483 53 191 145
5484 54 59 145
5485 55 256 145
5486 56 246 145
5487 57 82 145
5488 58 141 145
5489 3 116 146
5490 4 18 146
5491 5 144 146
5492 6 237 146
5493 7 54 146
5494 8 128 146
5495 9 9 146
5496 10 202 146
5497 11 149 146
5498 12 127 146
5499 13 14 146
5500 14 100 146
5501 15 152 146
5502 16 236 146
5503 17 30 146
5504 18 130 146
5505 19 245 146
5506 20 24 146
5507 21 70 146
5508 22 174 146
5509 23 214 146
5510 24 103 146
5511 25 121 146
5512 26 242 146
5513 27 1 146
5514 28 81 146
5515 29 222 146
5516 30 167 146
5517 31 215 146
5518 32 170 146
5519 33 188 146
5520 34 224 146
5521 35 195 146
5522 36 232 146
5523 37 18 146
5524 38 218 146
5525 39 225 146
5526 40 146 146
5527 41 92 146
5528 42 126 146
5529 43 69 146
5530 44 158 146
5531 45 177 146
5532 46 149 146
5533 47 45 146
5534 48 252 146
5535 49 16 146
5536 50 103 146
5537 51 18 146
5538 52 36 146
5539 53 80 146
5540 54 14 146
5541 55 228 146
5542 56 46 146
5543 57 168 146
5544 58 5 146
5545 2 149 147
5546 3 147 147
5547 4 146 147
5548 5 233 147
5549 6 22 147
5550 7 172 147
5551 8 34 147
5552 9 234 147
5553 10 236 147
5554 11 249 147
5555 12 196 147
5556 13 100 147
5557 14 33 147
5558 15 140 147
5559 16 199 147
5560 17 226 147
5561 18 236 147
5562 19 31 147
5563 20 39 147
5564 21 29 147
5565 22 10 147
5566 23 154 147
5567 24 67 147
5568 25 69 147
5569 26 208 147
5570 27 150 147
5571 28 224 147
5572 29 156 147
5573 30 187 147
5574 31 221 147
5575 32 22 147
5576 33 95 147
5577 34 216 147
5578 35 10 147
5579 36 11 147
5580 37 171 147
5581 38 77 147
5582 39 188 147
5583 40 77 147
5584 41 10 147
5585 42 193 147
5586 43 161 147
5587 44 254 147
5588 45 153 147
5589 46 4 147
5590 47 31 147
5591 48 219 147
5592 49 221 147
5593 50 146 147
5594 51 235 147
5595 52 118 147
5596 53 163 147
5597 2 139 148
5598 54 115 147
5599 55 97 147
5600 2 201 149
5601 56 109 147
5602 2 232 150
5603 57 141 147
5604 58 87 147
5605 59 26 147
5606 60 27 147
5607 61 124 147
5608 62 254 147
5609 3 173 148
5610 4 108 148
5611 5 108 148
5612 6 12 148
5613 7 247 148
5614 8 53 148
5615 9 25 148
5616 10 20 148
5617 11 107 148
5618 12 90 148
5619 13 227 148
5620 14 73 148
5621 15 83 148
5622 16 248 148
5623 17 87 148
5624 18 176 148
5625 19 135 148
5626 20 143 148
5627 21 209 148
5628 22 82 148
5629 23 153 148
5630 24 9 148
5631 25 84 148
5632 26 191 148
5633 27 152 148
5634 28 146 148
5635 29 178 148
5636 30 222 148
5637 31 55 148
5638 32 85 148
5639 33 73 148
5640 34 103 148
5641 35 78 148
5642 36 212 148
5643 37 72 148
5644 38 248 148
5645 39 179 148
5646 40 13 148
5647 41 71 148
5648 42 157 148
5649 43 250 148
5650 44 137 148
5651 45 189 148
5652 46 16 148
5653 47 144 148
5654 48 77 148
5655 49 125 148
5656 50 92 148
5657 51 231 148
5658 52 137 148
5659 53 210 148
5660 54 24 148
5661 55 91 148
5662 56 24 148
5663 57 87 148
5664 58 197 148
5665 59 164 148
5666 60 48 148
5667 61 66 148
5668 62 88 148
5669 3 239 149
5670 4 251 149
5671 5 118 149
5672 6 262 149
5673 7 183 149
5674 9 248 149
5675 8 40 149
5676 10 107 149
5677 11 176 149
5678 12 35 149
5679 13 126 149
5680 14 118 149
5681 15 196 149
5682 16 239 149
5683 17 41 149
5684 18 257 149
5685 19 200 149
5686 20 100 149
5687 21 230 149
5688 22 45 149
5689 23 89 149
5690 24 152 149
5691 25 150 149
5692 26 93 149
5693 27 251 149
5694 28 109 149
5695 29 35 149
5696 30 203 149
5697 31 72 149
5698 32 106 149
5699 33 254 149
5700 34 117 149
5701 35 113 149
5702 36 105 149
5703 37 187 149
5704 38 136 149
5705 39 16 149
5706 40 97 149
5707 41 141 149
5708 42 89 149
5709 43 78 149
5710 44 259 149
5711 45 74 149
5712 46 193 149
5713 47 197 149
5714 48 188 149
5715 49 93 149
5716 50 209 149
5717 51 105 149
5718 52 83 149
5719 53 96 149
5720 54 72 149
5721 55 171 149
5722 56 216 149
5723 57 143 149
5724 58 63 149
5725 59 84 149
5726 60 95 149
5727 61 149 149
5728 62 215 149
5729 63 194 149
5730 64 113 149
5731 65 101 149
5732 3 158 150
5733 4 29 150
5734 5 192 150
5735 6 100 150
5736 7 200 150
5737 8 202 150
5738 9 146 150
5739 10 163 150
5740 11 29 150
5741 12 10 150
5742 13 138 150
5743 14 49 150
5744 15 71 150
5745 16 57 150
5746 17 199 150
5747 18 222 150
5748 19 187 150
5749 20 249 150
5750 21 230 150
5751 22 183 150
5752 23 135 150
5753 24 33 150
5754 25 3 150
5755 26 113 150
5756 27 140 150
5757 28 110 150
5758 29 14 150
5759 30 208 150
5760 31 216 150
5761 32 151 150
5762 33 163 150
5763 34 175 150
5764 35 260 150
5765 36 103 150
5766 37 203 150
5767 38 206 150
5768 39 236 150
5769 40 63 150
5770 41 247 150
5771 42 98 150
5772 43 126 150
5773 44 57 150
5774 45 180 150
5775 46 92 150
5776 47 247 150
5777 48 153 150
5778 49 129 150
5779 50 49 150
5780 51 69 150
5781 52 50 150
5782 53 165 150
5783 54 186 150
5784 55 22 150
5785 56 164 150
5786 57 180 150
5787 58 83 150
5788 59 248 150
5789 60 175 150
5790 61 74 150
5791 62 90 150
5792 63 119 150
5793 64 198 150
5794 65 66 150
5795 66 62 150
5796 67 108 150
5797 1 112 151
5798 2 62 151
5799 3 197 151
5800 4 220 151
5801 5 189 151
5802 6 169 151
5803 7 7 151
5804 8 96 151
5805 9 103 151
5806 10 211 151
5807 11 255 151
5808 12 228 151
5809 13 15 151
5810 14 130 151
5811 15 261 151
5812 16 250 151
5813 17 60 151
5814 18 238 151
5815 19 131 151
5816 20 216 151
5817 21 125 151
5818 22 126 151
5819 23 16 151
5820 24 199 151
5821 25 3 151
5822 26 236 151
5823 27 174 151
5824 28 139 151
5825 29 153 151
5826 30 135 151
5827 31 121 151
5828 32 5 151
5829 33 25 151
5830 34 84 151
5831 35 79 151
5832 36 78 151
5833 37 133 151
5834 38 49 151
5835 39 11 151
5836 40 212 151
5837 41 209 151
5838 42 2 151
5839 43 198 151
5840 44 134 151
5841 45 9 151
5842 46 14 151
5843 47 33 151
5844 48 6 151
5845 49 101 151
5846 50 143 151
5847 51 33 151
5848 52 62 151
5849 53 227 151
5850 54 92 151
5851 55 78 151
5852 56 196 151
5853 57 135 151
5854 58 68 151
5855 59 207 151
5856 60 118 151
5857 61 207 151
5858 62 72 151
5859 63 63 151
5860 64 138 151
5861 65 202 151
5862 66 195 151
5863 67 26 151
5864 68 227 151
5865 70 71 151
5866 1 57 152
5867 2 10 152
5868 3 126 152
5869 4 123 152
5870 5 26 152
5871 6 189 152
5872 7 192 152
5873 8 8 152
5874 9 110 152
5875 10 220 152
5876 11 77 152
5877 12 134 152
5878 13 182 152
5879 14 188 152
5880 15 183 152
5881 16 150 152
5882 17 100 152
5883 18 210 152
5884 19 183 152
5885 20 242 152
5886 21 96 152
5887 22 83 152
5888 23 210 152
5889 24 162 152
5890 25 124 152
5891 26 78 152
5892 27 132 152
5893 28 117 152
5894 29 195 152
5895 30 211 152
5896 31 136 152
5897 32 46 152
5898 33 137 152
5899 34 161 152
5900 35 1 152
5901 36 123 152
5902 37 75 152
5903 38 9 152
5904 39 117 152
5905 40 131 152
5906 41 30 152
5907 42 168 152
5908 43 66 152
5909 44 43 152
5910 45 236 152
5911 46 82 152
5912 47 30 152
5913 48 223 152
5914 49 63 152
5915 50 49 152
5916 51 171 152
5917 52 142 152
5918 53 184 152
5919 54 129 152
5920 55 138 152
5921 56 14 152
5922 57 65 152
5923 58 40 152
5924 59 134 152
5925 60 152 152
5926 61 210 152
5927 62 80 152
5928 63 118 152
5929 64 29 152
5930 65 258 152
5931 66 84 152
5932 67 81 152
5933 68 36 152
5934 69 146 152
5935 70 43 152
5936 71 157 152
5937 1 234 153
5938 2 157 153
5939 3 45 153
5940 4 180 153
5941 5 106 153
5942 6 92 153
5943 7 76 153
5944 8 193 153
5945 9 63 153
5946 10 119 153
5947 11 253 153
5948 12 222 153
5949 13 82 153
5950 14 55 153
5951 16 26 153
5952 15 188 153
5953 17 10 153
5954 18 51 153
5955 19 65 153
5956 20 209 153
5957 21 127 153
5958 22 26 153
5959 23 195 153
5960 24 23 153
5961 25 11 153
5962 26 233 153
5963 27 56 153
5964 28 93 153
5965 29 18 153
5966 30 258 153
5967 31 119 153
5968 32 253 153
5969 33 95 153
5970 34 83 153
5971 35 154 153
5972 36 169 153
5973 37 37 153
5974 38 189 153
5975 39 27 153
5976 40 226 153
5977 41 115 153
5978 42 29 153
5979 43 63 153
5980 44 112 153
5981 45 8 153
5982 46 129 153
5983 47 88 153
5984 48 73 153
5985 49 104 153
5986 50 215 153
5987 51 52 153
5988 52 21 153
5989 53 122 153
5990 54 111 153
5991 55 15 153
5992 56 113 153
5993 57 216 153
5994 58 67 153
5995 59 169 153
5996 60 178 153
5997 61 259 153
5998 62 218 153
5999 63 253 153
6000 64 30 153
6001 65 236 153
6002 66 118 153
6003 67 121 153
6004 68 145 153
6005 69 261 153
6006 70 65 153
6007 71 216 153
6008 72 138 153
6009 73 47 153
6010 1 16 154
6011 2 37 154
6012 3 92 154
6013 4 146 154
6014 5 213 154
6015 6 18 154
6016 7 257 154
6017 8 47 154
6018 10 214 154
6019 9 155 154
6020 11 39 154
6021 12 49 154
6022 13 71 154
6023 14 89 154
6024 15 187 154
6025 16 258 154
6026 17 26 154
6027 18 35 154
6028 19 174 154
6029 20 55 154
6030 21 246 154
6031 22 247 154
6032 23 250 154
6033 24 15 154
6034 25 29 154
6035 26 27 154
6036 27 243 154
6037 28 36 154
6038 29 261 154
6039 30 185 154
6040 31 227 154
6041 32 201 154
6042 33 133 154
6043 34 9 154
6044 35 167 154
6045 36 108 154
6046 37 251 154
6047 38 236 154
6048 39 175 154
6049 40 89 154
6050 41 158 154
6051 42 201 154
6052 43 159 154
6053 44 2 154
6054 45 33 154
6055 46 88 154
6056 47 195 154
6057 48 180 154
6058 49 46 154
6059 50 122 154
6060 51 199 154
6061 52 107 154
6062 53 59 154
6063 54 26 154
6064 55 37 154
6065 56 32 154
6066 57 211 154
6067 58 249 154
6068 59 257 154
6069 60 34 154
6070 61 212 154
6071 62 171 154
6072 63 113 154
6073 64 88 154
6074 65 124 154
6075 66 80 154
6076 67 137 154
6077 68 216 154
6078 69 156 154
6079 70 226 154
6080 71 138 154
6081 72 113 154
6082 73 192 154
6083 75 113 154
6084 0 183 155
6085 1 105 155
6086 2 104 155
6087 3 67 155
6088 4 58 155
6089 5 60 155
6090 6 108 155
6091 7 212 155
6092 8 110 155
6093 9 124 155
6094 10 151 155
6095 11 25 155
6096 12 70 155
6097 13 250 155
6098 14 226 155
6099 15 239 155
6100 16 46 155
6101 17 213 155
6102 18 162 155
6103 19 210 155
6104 20 49 155
6105 21 102 155
6106 22 246 155
6107 23 68 155
6108 24 212 155
6109 25 15 155
6110 26 179 155
6111 27 256 155
6112 28 97 155
6113 29 84 155
6114 30 65 155
6115 31 3 155
6116 32 230 155
6117 33 218 155
6118 34 197 155
6119 35 138 155
6120 36 107 155
6121 37 93 155
6122 38 258 155
6123 39 133 155
6124 40 13 155
6125 41 37 155
6126 42 204 155
6127 43 163 155
6128 44 246 155
6129 45 75 155
6130 46 156 155
6131 47 242 155
6132 48 232 155
6133 49 121 155
6134 50 233 155
6135 51 191 155
6136 52 32 155
6137 53 134 155
6138 54 158 155
6139 55 58 155
6140 56 208 155
6141 58 157 155
6142 57 52 155
6143 59 109 155
6144 60 171 155
6145 61 7 155
6146 62 44 155
6147 63 46 155
6148 64 55 155
6149 65 84 155
6150 66 5 155
6151 67 212 155
6152 68 147 155
6153 69 249 155
6154 70 122 155
6155 71 45 155
6156 72 210 155
6157 73 143 155
6158 74 172 155
6159 75 188 155
6160 76 16 155
6161 77 121 155
6162 0 59 156
6163 1 69 156
6164 2 231 156
6165 3 96 156
6166 4 181 156
6167 5 187 156
6168 6 101 156
6169 7 115 156
6170 8 4 156
6171 9 165 156
6172 10 179 156
6173 11 256 156
6174 12 89 156
6175 13 25 156
6176 14 127 156
6177 15 134 156
6178 16 44 156
6179 17 115 156
6180 18 226 156
6181 19 4 156
6182 20 219 156
6183 21 101 156
6184 22 14 156
6185 23 8 156
6186 24 111 156
6187 25 131 156
6188 26 116 156
6189 27 138 156
6190 28 84 156
6191 29 196 156
6192 30 141 156
6193 31 9 156
6194 32 217 156
6195 33 226 156
6196 34 136 156
6197 35 92 156
6198 36 186 156
6199 37 124 156
6200 38 104 156
6201 39 156 156
6202 40 185 156
6203 41 3 156
6204 42 27 156
6205 43 148 156
6206 44 189 156
6207 45 84 156
6208 46 221 156
6209 47 119 156
6210 48 163 156
6211 49 85 156
6212 50 110 156
6213 51 82 156
6214 52 230 156
6215 53 143 156
6216 54 191 156
6217 55 138 156
6218 56 88 156
6219 57 196 156
6220 58 261 156
6221 59 177 156
6222 60 135 156
6223 61 172 156
6224 62 124 156
6225 63 48 156
6226 64 95 156
6227 65 159 156
6228 66 21 156
6229 67 109 156
6230 68 102 156
6231 69 159 156
6232 70 216 156
6233 71 17 156
6234 72 22 156
6235 73 211 156
6236 74 43 156
6237 75 61 156
6238 76 252 156
6239 77 190 156
6240 78 60 156
6241 0 85 157
6242 1 129 157
6243 2 146 157
6244 3 210 157
6245 4 173 157
6246 5 197 157
6247 6 114 157
6248 7 88 157
6249 8 98 157
6250 9 87 157
6251 10 225 157
6252 11 21 157
6253 12 243 157
6254 13 168 157
6255 14 222 157
6256 15 140 157
6257 16 58 157
6258 17 57 157
6259 18 32 157
6260 19 122 157
6261 20 124 157
6262 21 228 157
6263 22 110 157
6264 23 204 157
6265 24 147 157
6266 25 58 157
6267 26 35 157
6268 27 150 157
6269 28 51 157
6270 29 120 157
6271 30 84 157
6272 31 49 157
6273 32 148 157
6274 33 50 157
6275 34 114 157
6276 35 230 157
6277 36 113 157
6278 37 246 157
6279 38 49 157
6280 39 136 157
6281 40 110 157
6282 41 149 157
6283 42 4 157
6284 43 76 157
6285 44 14 157
6286 45 158 157
6287 46 104 157
6288 47 2 157
6289 48 124 157
6290 49 87 157
6291 50 219 157
6292 51 9 157
6293 52 33 157
6294 53 183 157
6295 54 221 157
6296 55 2 157
6297 56 116 157
6298 57 108 157
6299 58 9 157
6300 59 15 157
6301 60 193 157
6302 61 119 157
6303 62 171 157
6304 63 206 157
6305 64 242 157
6306 65 190 157
6307 66 229 157
6308 67 33 157
6309 68 147 157
6310 69 16 157
6311 70 36 157
6312 71 225 157
6313 72 157 157
6314 73 95 157
6315 74 100 157
6316 75 190 157
6317 76 237 157
6318 77 63 157
6319 78 23 157
6320 0 181 158
6321 1 109 158
6322 2 125 158
6323 3 41 158
6324 4 48 158
6325 5 73 158
6326 6 171 158
6327 7 28 158
6328 8 249 158
6329 9 102 158
6330 10 177 158
6331 11 88 158
6332 12 174 158
6333 13 53 158
6334 14 72 158
6335 15 74 158
6336 16 257 158
6337 17 231 158
6338 18 135 158
6339 19 224 158
6340 20 28 158
6341 21 81 158
6342 22 223 158
6343 23 163 158
6344 24 96 158
6345 25 242 158
6346 26 37 158
6347 27 255 158
6348 28 162 158
6349 29 170 158
6350 30 147 158
6351 31 156 158
6352 32 254 158
6353 33 129 158
6354 34 27 158
6355 35 240 158
6356 36 37 158
6357 37 170 158
6358 38 260 158
6359 39 85 158
6360 40 208 158
6361 41 182 158
6362 42 205 158
6363 43 23 158
6364 44 56 158
6365 45 227 158
6366 46 170 158
6367 47 240 158
6368 48 60 158
6369 49 221 158
6370 50 100 158
6371 51 69 158
6372 52 114 158
6373 53 180 158
6374 54 142 158
6375 55 120 158
6376 56 69 158
6377 57 156 158
6378 58 118 158
6379 59 60 158
6380 60 184 158
6381 61 120 158
6382 62 125 158
6383 63 259 158
6384 64 22 158
6385 65 244 158
6386 66 169 158
6387 67 108 158
6388 68 2 158
6389 69 187 158
6390 70 8 158
6391 71 109 158
6392 72 250 158
6393 73 101 158
6394 74 40 158
6395 75 35 158
6396 76 229 158
6397 77 61 158
6398 78 67 158
6399 79 32 158
6400 0 170 159
6401 1 225 159
6402 2 5 159
6403 3 52 159
6404 4 99 159
6405 5 15 159
6406 6 156 159
6407 7 208 159
6408 8 139 159
6409 9 138 159
6410 10 74 159
6411 11 135 159
6412 12 143 159
6413 13 41 159
6414 14 77 159
6415 15 199 159
6416 16 82 159
6417 17 74 159
6418 18 232 159
6419 19 28 159
6420 20 152 159
6421 21 27 159
6422 22 103 159
6423 23 57 159
6424 24 109 159
6425 25 159 159
6426 26 96 159
6427 27 13 159
6428 28 243 159
6429 29 212 159
6430 30 77 159
6431 31 127 159
6432 32 215 159
6433 33 184 159
6434 34 139 159
6435 35 27 159
6436 36 75 159
6437 37 1 159
6438 38 18 159
6439 39 24 159
6440 40 158 159
6441 41 255 159
6442 42 116 159
6443 43 222 159
6444 44 184 159
6445 45 94 159
6446 46 63 159
6447 47 87 159
6448 48 51 159
6449 49 187 159
6450 50 21 159
6451 51 108 159
6452 52 169 159
6453 53 108 159
6454 54 249 159
6455 55 202 159
6456 56 28 159
6457 57 157 159
6458 58 146 159
6459 59 186 159
6460 60 191 159
6461 61 77 159
6462 62 65 159
6463 63 104 159
weights 160 160 160 160 160 160 160 160 160 160 160 160 160 160 160 160 160 160 160 160 160 160 160 160 160 160 160 160 160 160 160 160 160 160 160 160 160 160 160 160 160 160 160 160 160 160 160 160 160 160 160 160 160 160 160 160 160 160 160 160 160 160 160 160 159 159 159 159 159 159 159 159 159 159 159 159 159 159 159 159
