0 17 18608 300100 300200 300101 300300 300201 300102 310100 400100 400200 400101 420100 420200 420300 420101 510100 510200 520100
1 17 25056 300100 300200 300101 300300 300201 300102 300400 300301 300202 300103 300500 300401 300302 300203 420100 420200 420300
2 17 11565 300100 300200 300101 300300 300201 300102 300400 300301 300202 300103 300500 300401 300302 300203 400100 410100 510100
3 17 5495 300100 300200 300101 300300 300201 300102 300400 300301 300202 300103 300500 300401 300302 300203 400100 420100 420200
4 17 31455 300100 300200 300101 300300 300201 300102 310100 400100 420100 420200 420300 420101 510100 510200 510101 510300 510201
5 17 1310 300100 300200 300101 300300 300201 300102 300400 300301 300202 300103 400100 400200 400101 420100 420200 420300 420101
6 17 17664 300100 300200 300101 300300 300201 300102 310100 410100 420100 420200 420300 420101 510100 510200 510101 510300 510201
7 17 29923 300100 300200 300101 300300 300201 300102 310100 410100 420100 420200 420300 420101 510100 510200 510101 510300 510201
8 17 11084 300100 300200 300101 310100 310200 310101 400100 400200 400101 400300 400201 400102 420100 520100 520200 520101 520300
9 17 9380 300100 300200 300101 300300 300201 300102 300400 300301 300202 300103 300500 300401 300302 300203 400100 400200 400101
10 17 29407 300100 300200 300101 300300 300201 300102 300400 300301 300202 300103 300500 300401 300302 300203 400100 400200 400101
11 17 17612 300100 300200 300101 310100 310200 310101 400100 400200 400101 400300 400201 400102 510100 520100 520200 520101 610100
12 17 30850 300100 300200 300101 300300 300201 300102 310100 400100 400200 400101 400300 400201 400102 420100 510100 520100 520200
13 17 12186 300100 300200 300101 300300 300201 300102 300400 300301 300202 300103 300500 300401 300302 300203 400100 400200 400101
14 17 26068 300100 300200 300101 300300 300201 300102 300400 300301 300202 300103 300500 300401 300302 300203 400100 420100 420200
15 17 15509 300100 300200 300101 300300 300201 300102 300400 300301 300202 300103 400100 400200 400101 420100 420200 420300 420101
16 17 4306 300100 310100 310200 310101 310300 310201 310102 400100 400200 400101 400300 400201 400102 420100 510100 520100 520200
17 17 5761 300100 310100 310200 310101 310300 310201 310102 400100 410100 410200 410101 510100 520100 520200 520101 600100 620100
18 17 4670 300100 300200 300101 300300 300201 300102 300400 300301 300202 300103 300500 300401 300302 300203 400100 410100 510100
19 17 23688 300100 300200 300101 300300 300201 300102 310100 400100 400200 400101 420100 510100 510200 510101 520100 610100 610200
20 17 32035 300100 300200 300101 300300 300201 300102 300400 300301 300202 300103 300500 300401 300302 300203 400100 400200 400101
21 17 31339 300100 300200 300101 300300 300201 300102 310100 420100 420200 420300 420101 420400 420201 420500 420301 420102 520100
22 17 1122 300100 300200 300101 300300 300201 300102 310100 420100 420200 420300 420101 420400 420201 420500 420301 420102 520100
23 17 10879 300100 300200 300101 300300 300201 300102 300400 300301 300202 300103 300500 300401 300302 300203 400100 400200 400101
24 17 18112 300100 300200 300101 300300 300201 300102 300400 300301 300202 300103 400100 400200 400101 420100 420200 420300 420101
25 17 16960 300100 310100 310200 310101 310300 310201 310102 400100 400200 400101 420100 420200 420300 420101 510100 510200 510101
26 17 3789 300100 300200 300101 310100 310200 310101 400100 420100 420200 420300 420101 510100 510200 510101 520100 610100 610200
27 17 1906 300100 300200 300101 300300 300201 300102 310100 400100 400200 400101 420100 420200 420300 420101 510100 510200 520100
28 17 206 300100 300200 300101 300300 300201 300102 300400 300301 300202 300103 400100 410100 420100 510100 510200 510101 520100
29 17 2935 300100 300200 300101 310100 310200 310101 400100 400200 400101 400300 400201 400102 510100 510200 510101 510300 510201
30 17 24416 300100 300200 300101 300300 300201 300102 300400 300301 300202 300103 300500 300401 300302 300203 400100 400200 400101
31 17 7706 300100 300200 300101 300300 300201 300102 300400 300301 300202 300103 400100 400200 400101 410100 510100 510200 510101
32 17 32031 300100 300200 300101 300300 300201 300102 310100 410100 420100 420200 420300 420101 510100 510200 510101 510300 510201
33 17 8189 300100 300200 300101 300300 300201 300102 310100 400100 400200 400101 410100 510100 510200 510101 510300 510201 510102
34 17 634 300100 300200 300101 300300 300201 300102 310100 400100 410100 420100 510100 510200 510101 510300 510201 510102 610100
35 17 23211 300100 300200 300101 300300 300201 300102 310100 400100 400200 400101 410100 510100 510200 510101 510300 510201 510102
36 17 32507 300100 300200 300101 300300 300201 300102 300400 300301 300202 300103 410100 410200 410101 410300 410201 410102 510100
37 17 17453 300100 300200 300101 300300 300201 300102 300400 300301 300202 300103 400100 410100 410200 410101 510100 510200 510101
38 17 17453 300100 300200 300101 300300 300201 300102 300400 300301 300202 300103 400100 410100 410200 410101 510100 510200 510101
39 17 6873 300100 300200 300101 300300 300201 300102 300400 300301 300202 300103 400100 400200 400101 420100 420200 420300 420101
40 17 11960 300100 300200 300101 300300 300201 300102 310100 400100 420100 420200 420300 420101 510100 510200 510101 510300 510201
41 17 17417 300100 300200 300101 300300 300201 300102 310100 400100 400200 400101 420100 510100 510200 510101 510300 510201 510102
42 17 30359 300100 300200 300101 310100 310200 310101 400100 420100 420200 420300 420101 420400 420201 420500 420301 420102 510200
43 17 8700 300100 300200 300101 300300 300201 300102 310100 400100 400200 400101 420100 500100 520100 520200 520101 520300 520201
44 17 30703 310100 310200 310101 310300 310201 310102 310400 310301 310202 310103 400100 400200 400101 400300 400201 400102 420100
45 17 4267 300100 300200 300101 300300 300201 300102 310100 400100 400200 400101 400300 400201 400102 500100 520100 520200 520101
46 17 11840 300100 300200 300101 310100 310200 310101 400100 400200 400101 420100 420200 420300 420101 500100 520100 520200 520101
47 17 23087 300100 310100 310200 310101 310300 310201 310102 400100 400200 400101 400300 400201 400102 500100 520100 520200 520101
48 17 2331 300100 300200 300101 300300 300201 300102 310100 400100 420100 420200 420300 420101 500100 520100 520200 520101 520300
49 17 27854 300100 300200 300101 300300 300201 300102 310100 400100 420100 420200 420300 420101 500100 520100 520200 520101 610100
50 17 9147 300100 300200 300101 310100 310200 310101 400100 400200 400101 400300 400201 400102 500100 520100 520200 520101 610100
51 17 16969 300100 300200 300101 310100 310200 310101 400100 400200 400101 400300 400201 400102 500100 520100 520200 520101 610100
52 17 2364 300100 300200 300101 310100 310200 310101 400100 400200 400101 400300 400201 400102 500100 520100 520200 520101 610100
53 17 6352 300100 300200 300101 310100 310200 310101 400100 400200 400101 420100 500100 520100 520200 520101 610100 610200 610101
54 17 6107 300100 300200 300101 300300 300201 300102 300400 300301 300202 300103 400100 400200 400101 410100 500100 520100 520200
55 17 32715 300100 300200 300101 300300 300201 300102 310100 400100 410100 420100 500100 520100 520200 520101 610100 610200 610101
56 17 24784 300100 300200 300101 300300 300201 300102 310100 400100 400200 400101 410100 500100 520100 520200 520101 610100 610200
57 17 30391 300100 300200 300101 300300 300201 300102 310100 410100 410200 410101 410300 410201 410102 500100 520100 520200 520101
58 17 26008 310100 310200 310101 310300 310201 310102 310400 310301 310202 310103 400100 400200 400101 410100 500100 520100 520200
59 17 16664 300100 310100 310200 310101 310300 310201 310102 400100 410100 410200 410101 500100 520100 520200 520101 600100 620100
60 17 26370 310100 310200 310101 310300 310201 310102 310400 310301 310202 310103 400100 400200 400101 410100 500100 520100 520200
61 17 603 300100 300200 300101 300300 300201 300102 300400 300301 300202 300103 300500 300401 300302 300203 400100 400200 400101
62 17 31246 300100 300200 300101 300300 300201 300102 300400 300301 300202 300103 300500 300401 300302 300203 400100 420100 420200
63 17 11848 300100 300200 300101 300300 300201 300102 300400 300301 300202 300103 300500 300401 300302 300203 420100 420200 420300
64 17 23403 300100 310100 310200 310101 310300 310201 310102 400100 400200 400101 400300 400201 400102 500100 510100 520100 610100
65 17 2347 300100 300200 300101 300300 300201 300102 310100 400100 400200 400101 420100 500100 510100 520100 610100 610200 610101
66 17 24513 300100 300200 300101 300300 300201 300102 310100 410100 410200 410101 420100 500100 510100 520100 610100 610200 610101
67 17 20467 300100 310100 310200 310101 310300 310201 310102 400100 410100 410200 410101 500100 510100 520100 600100 620100 620200
68 17 13025 300100 310100 310200 310101 310300 310201 310102 400100 410100 410200 410101 500100 510100 520100 600100 620100 620200
69 17 1282 300100 310100 310200 310101 310300 310201 310102 400100 400200 400101 400300 400201 400102 420100 500100 510100 520100
70 17 14777 300100 300200 300101 300300 300201 300102 300400 300301 300202 300103 300500 300401 300302 300203 400100 420100 420200
71 17 29226 300100 300200 300101 300300 300201 300102 300400 300301 300202 300103 300500 300401 300302 300203 400100 400200 400101
72 17 28823 300100 300200 300101 300300 300201 300102 300400 300301 300202 300103 300500 300401 300302 300203 400100 420100 420200
73 17 15550 300100 300200 300101 300300 300201 300102 300400 300301 300202 300103 400100 420100 420200 420300 420101 500100 510100
74 17 12916 310100 310200 310101 310300 310201 310102 310400 310301 310202 310103 400100 400200 400101 400300 400201 400102 420100
75 17 24364 300100 300200 300101 300300 300201 300102 310100 400100 410100 420100 500100 510100 510200 510101 610100 610200 610101
76 17 11802 300100 300200 300101 300300 300201 300102 310100 410100 420100 420200 420300 420101 500100 510100 510200 510101 610100
77 17 4014 300100 300200 300101 300300 300201 300102 310100 400100 420100 420200 420300 420101 420400 420201 420500 420301 500100
78 17 24463 300100 300200 300101 300300 300201 300102 310100 400100 400200 400101 420100 420200 420300 420101 500100 510100 510200
79 17 3634 300100 300200 300101 300300 300201 300102 310100 410100 410200 410101 420100 500100 510100 510200 510101 610100 610200
80 17 8549 300100 300200 300101 300300 300201 300102 310100 400100 420100 420200 420300 420101 500100 510100 510200 510101 610100
81 17 22238 300100 300200 300101 310100 310200 310101 400100 420100 420200 420300 420101 500100 510100 510200 510101 600100 610100
82 17 18714 300100 310100 310200 310101 310300 310201 310102 410100 420100 420200 420300 420101 500100 510100 510200 510101 600100
83 17 477 300100 300200 300101 300300 300201 300102 300400 300301 300202 300103 400100 410100 410200 410101 500100 510100 510200
84 17 29592 300100 300200 300101 300300 300201 300102 310100 400100 400200 400101 420100 420200 420300 420101 500100 510100 510200
85 17 25890 300100 300200 300101 300300 300201 300102 310100 400100 420100 420200 420300 420101 420400 420201 420500 420301 500100
86 17 18091 300100 300200 300101 300300 300201 300102 310100 400100 400200 400101 410100 500100 510100 510200 510101 510300 510201
87 17 18345 300100 300200 300101 300300 300201 300102 300400 300301 300202 300103 400100 420100 420200 420300 420101 420400 420201
88 17 14072 300100 300200 300101 310100 310200 310101 400100 400200 400101 420100 500100 510100 510200 510101 510300 510201 510102
89 17 9793 300100 300200 300101 310100 310200 310101 400100 400200 400101 420100 420200 420300 420101 500100 510100 510200 510101
90 17 29760 300100 300200 300101 310100 310200 310101 400100 400200 400101 410100 500100 510100 510200 510101 510300 510201 510102
91 17 6671 300100 300200 300101 300300 300201 300102 310100 400100 400200 400101 400300 400201 400102 500100 500200 500101 520100
92 17 13365 300100 300200 300101 310100 310200 310101 400100 400200 400101 420100 500100 500200 500101 520100 520200 520101 610100
93 17 31837 300100 300200 300101 300300 300201 300102 300400 300301 300202 300103 400100 400200 400101 420100 500100 500200 500101
94 17 5755 300100 310100 310200 310101 310300 310201 310102 400100 400200 400101 400300 400201 400102 500100 500200 500101 520100
95 17 502 300100 310100 310200 310101 310300 310201 310102 400100 400200 400101 400300 400201 400102 400400 400301 400202 400103
96 17 5060 300100 300200 300101 300300 300201 300102 310100 400100 410100 410200 410101 500100 500200 500101 520100 520200 520101
97 17 27689 300100 300200 300101 300300 300201 300102 310100 400100 400200 400101 410100 500100 500200 500101 520100 520200 520101
98 17 27689 300100 300200 300101 300300 300201 300102 310100 400100 400200 400101 410100 500100 500200 500101 520100 520200 520101
99 17 8179 300100 300200 300101 300300 300201 300102 310100 400100 420100 420200 420300 420101 500100 500200 500101 520100 520200
100 17 12324 300100 300200 300101 300300 300201 300102 310100 400100 410100 420100 500100 500200 500101 520100 520200 520101 610100
101 17 598 300100 300200 300101 300300 300201 300102 310100 400100 400200 400101 420100 420200 420300 420101 500100 500200 500101
102 17 31744 300100 300200 300101 300300 300201 300102 310100 410100 410200 410101 420100 500100 500200 500101 520100 520200 520101
103 17 1038 300100 300200 300101 300300 300201 300102 310100 410100 410200 410101 420100 500100 500200 500101 520100 520200 520101
104 17 18901 300100 300200 300101 310100 310200 310101 400100 410100 420100 500100 500200 500101 520100 520200 520101 600100 710100
105 17 12412 300100 300200 300101 300300 300201 300102 300400 300301 300202 300103 410100 410200 410101 420100 420200 420300 420101
106 17 26148 300100 300200 300101 300300 300201 300102 310100 400100 420100 420200 420300 420101 500100 500200 500101 520100 610100
107 17 4062 300100 300200 300101 310100 310200 310101 400100 400200 400101 420100 500100 500200 500101 520100 610100 610200 610101
108 17 2218 300100 300200 300101 310100 310200 310101 400100 400200 400101 420100 500100 500200 500101 520100 610100 610200 610101
109 17 5352 300100 300200 300101 300300 300201 300102 300400 300301 300202 300103 300500 300401 300302 300203 410100 420100 420200
110 17 14743 300100 300200 300101 300300 300201 300102 300400 300301 300202 300103 300500 300401 300302 300203 420100 420200 420300
111 17 2542 300100 310100 310200 310101 310300 310201 310102 400100 410100 420100 500100 500200 500101 520100 610100 610200 610101
112 17 1857 300100 300200 300101 300300 300201 300102 310100 400100 400200 400101 410100 500100 500200 500101 520100 610100 610200
113 17 11735 300100 300200 300101 300300 300201 300102 310100 400100 400200 400101 420100 420200 420300 420101 500100 500200 500101
114 17 20414 300100 300200 300101 300300 300201 300102 310100 410100 410200 410101 410300 410201 410102 500100 500200 500101 520100
115 17 2020 310100 310200 310101 310300 310201 310102 310400 310301 310202 310103 400100 400200 400101 400300 400201 400102 400400
116 17 25987 300100 300200 300101 300300 300201 300102 310100 400100 400200 400101 420100 500100 500200 500101 520100 610100 610200
117 17 7367 310100 310200 310101 310300 310201 310102 310400 310301 310202 310103 400100 400200 400101 400300 400201 400102 420100
118 17 32158 300100 300200 300101 300300 300201 300102 310100 410100 420100 420200 420300 420101 500100 500200 500101 520100 610100
119 17 30473 300100 300200 300101 300300 300201 300102 310100 400100 420100 420200 420300 420101 500100 500200 500101 520100 610100
120 17 19686 300100 300200 300101 300300 300201 300102 310100 410100 420100 420200 420300 420101 500100 500200 500101 520100 610100
121 17 13592 300100 300200 300101 300300 300201 300102 310100 420100 420200 420300 420101 420400 420201 420500 420301 420102 420600
122 17 30499 300100 310100 310200 310101 310300 310201 310102 410100 410200 410101 410300 410201 410102 500100 500200 500101 520100
123 17 32700 300100 300200 300101 310100 310200 310101 410100 410200 410101 420100 500100 500200 500101 520100 600100 610100 630100
124 17 12239 300100 300200 300101 310100 310200 310101 410100 410200 410101 420100 500100 500200 500101 520100 600100 610100 630100
125 17 31229 310100 310200 310101 310300 310201 310102 310400 310301 310202 310103 410100 410200 410101 410300 410201 410102 500100
126 17 25311 300100 300200 300101 300300 300201 300102 300400 300301 300202 300103 300500 300401 300302 300203 420100 420200 420300
127 17 2977 300100 300200 300101 300300 300201 300102 310100 400100 400200 400101 410100 500100 500200 500101 510100 610100 610200
128 17 10384 300100 300200 300101 300300 300201 300102 310100 400100 400200 400101 420100 500100 500200 500101 510100 610100 610200
129 17 23605 300100 300200 300101 300300 300201 300102 300400 300301 300202 300103 400100 420100 420200 420300 420101 500100 500200
130 17 30944 300100 300200 300101 300300 300201 300102 310100 420100 420200 420300 420101 420400 420201 420500 420301 420102 420600
131 17 30515 300100 300200 300101 300300 300201 300102 310100 410100 420100 420200 420300 420101 500100 500200 500101 510100 610100
132 17 17128 300100 310100 310200 310101 310300 310201 310102 400100 400200 400101 410100 500100 500200 500101 510100 600100 620100
133 17 26716 310100 310200 310101 310300 310201 310102 310400 310301 310202 310103 400100 400200 400101 410100 500100 500200 500101
134 17 16911 310100 310200 310101 310300 310201 310102 310400 310301 310202 310103 310500 310401 310302 310203 400100 400200 400101
135 17 31427 300100 300200 300101 310100 310200 310101 400100 400200 400101 420100 500100 500200 500101 510100 600100 610100 630100
136 17 31427 300100 300200 300101 310100 310200 310101 400100 400200 400101 420100 500100 500200 500101 510100 600100 610100 630100
137 17 18639 300100 310100 310200 310101 310300 310201 310102 400100 400200 400101 410100 500100 500200 500101 510100 600100 610100
138 17 25436 300100 310100 310200 310101 310300 310201 310102 400100 400200 400101 400300 400201 400102 420100 500100 500200 510100
139 17 5995 300100 300200 300101 310100 310200 310101 400100 420100 420200 420300 420101 500100 500200 500101 510100 600100 610100
140 17 13817 310100 310200 310101 310300 310201 310102 310400 310301 310202 310103 400100 400200 400101 420100 500100 500200 500101
141 17 7897 300100 310100 310200 310101 310300 310201 310102 420100 420200 420300 420101 420400 420201 420500 420301 420102 500100
142 17 23242 300100 310100 310200 310101 310300 310201 310102 400100 400200 400101 420100 500100 500200 500101 510100 510200 510101
143 17 18270 300100 300200 300101 300300 300201 300102 310100 400100 420100 420200 420300 420101 500100 500200 500101 510100 510200
144 17 27976 300100 310100 310200 310101 310300 310201 310102 400100 400200 400101 410100 500100 500200 500101 510100 510200 510101
145 17 26390 300100 310100 310200 310101 310300 310201 310102 400100 400200 400101 400300 400201 400102 500100 500200 500101 510100
146 17 14725 300100 310100 310200 310101 310300 310201 310102 400100 400200 400101 420100 420200 420300 420101 500100 500200 500101
147 17 13044 300100 300200 300101 310100 310200 310101 400100 420100 420200 420300 420101 500100 500200 500101 510100 510200 510101
148 17 17016 300100 300200 300101 310100 310200 310101 400100 410100 410200 410101 500100 500200 500101 510100 510200 510101 600100
149 17 7593 300100 300200 300101 310100 310200 310101 400100 400200 400101 420100 500100 500200 500101 500300 500201 500102 520100
150 17 31967 300100 300200 300101 300300 300201 300102 310100 400100 410100 420100 500100 500200 500101 500300 500201 500102 520100
151 17 31200 300100 300200 300101 300300 300201 300102 310100 400100 400200 400101 420100 500100 500200 500101 500300 500201 500102
152 17 3856 310100 310200 310101 310300 310201 310102 310400 310301 310202 310103 400100 400200 400101 400300 400201 400102 400400
153 17 32534 300100 300200 300101 300300 300201 300102 310100 400100 420100 420200 420300 420101 500100 500200 500101 500300 500201
154 17 2362 310100 310200 310101 310300 310201 310102 310400 310301 310202 310103 400100 410100 410200 410101 500100 500200 500101
155 17 25293 300100 310100 310200 310101 310300 310201 310102 400100 410100 410200 410101 500100 500200 500101 500300 500201 500102
156 17 774 300100 300200 300101 310100 310200 310101 410100 420100 420200 420300 420101 500100 500200 500101 500300 500201 500102
157 17 4086 310100 310200 310101 310300 310201 310102 310400 310301 310202 310103 400100 400200 400101 410100 500100 500200 500101
158 17 24594 300100 300200 300101 300300 300201 300102 310100 400100 400200 400101 420100 420200 420300 420101 500100 500200 500101
159 17 330 300100 300200 300101 300300 300201 300102 310100 400100 420100 420200 420300 420101 420400 420201 420500 420301 500100
160 17 4632 300100 300200 300101 300300 300201 300102 310100 420100 420200 420300 420101 420400 420201 420500 420301 420102 500100
161 17 9728 300100 310100 310200 310101 310300 310201 310102 410100 410200 410101 420100 500100 500200 500101 500300 500201 500102
162 17 16516 310100 310200 310101 310300 310201 310102 310400 310301 310202 310103 410100 410200 410101 410300 410201 410102 500100
163 17 1206 310100 310200 310101 310300 310201 310102 310400 310301 310202 310103 400100 410100 420100 500100 500200 500101 500300
164 17 8713 310100 310200 310101 310300 310201 310102 310400 310301 310202 310103 410100 410200 410101 410300 410201 410102 500100
