p 263 h 77 constraints 6154
0 0 1 0
1 0 1 1
2 0 1 2
3 0 1 3
4 0 1 4
5 0 1 5
6 0 1 6
7 0 1 7
8 0 1 8
9 0 1 9
10 0 1 10
11 0 1 11
12 0 1 12
13 0 1 13
14 0 1 14
15 0 1 15
16 0 1 16
17 0 1 17
18 0 1 18
19 0 1 19
20 0 1 20
21 0 1 21
22 0 1 22
23 0 1 23
24 0 1 24
25 0 1 25
26 0 1 26
27 0 1 27
28 0 1 28
29 0 1 29
30 0 1 30
31 0 1 31
32 0 1 32
33 0 1 33
34 0 1 34
35 1 1 2
36 1 1 3
37 1 1 4
38 1 1 5
39 1 1 6
40 1 1 7
41 1 1 8
42 1 1 9
43 1 1 10
44 1 1 11
45 1 1 12
46 1 1 13
47 1 1 14
48 1 1 15
49 1 1 16
50 1 1 17
51 1 1 18
52 1 1 19
53 1 1 20
54 1 1 21
55 1 1 22
56 1 1 23
57 1 1 24
58 1 1 25
59 1 1 26
60 1 1 27
61 1 1 28
62 1 1 29
63 1 1 30
64 1 1 31
65 1 1 32
66 1 1 33
67 1 1 34
68 2 1 4
69 2 1 5
70 2 1 6
71 2 1 7
72 2 1 8
73 2 1 9
74 2 1 10
75 2 1 11
76 2 1 12
77 2 1 13
78 2 1 14
79 2 1 15
80 2 1 16
81 2 1 17
82 2 1 18
83 2 1 19
84 2 1 20
85 2 1 21
86 2 1 22
87 2 1 23
88 2 1 24
89 2 1 25
90 2 1 26
91 2 1 27
92 2 1 28
93 2 1 29
94 2 1 30
95 2 1 31
96 2 1 32
97 2 1 33
98 2 1 34
99 3 1 6
100 3 1 7
101 3 1 8
102 3 1 9
103 3 1 10
104 3 1 11
105 3 1 12
106 3 1 13
107 3 1 14
108 3 1 15
109 3 1 16
110 3 1 17
111 3 1 18
112 3 1 19
113 3 1 20
114 3 1 21
115 3 1 22
116 3 1 23
117 3 1 24
118 3 1 25
119 3 1 26
120 3 1 27
121 3 1 28
122 3 1 29
123 3 1 30
124 3 1 31
125 3 1 32
126 3 1 33
127 3 1 34
128 4 1 8
129 4 1 9
130 4 1 10
131 4 1 11
132 4 1 12
133 4 1 13
134 4 1 14
135 4 1 15
136 4 1 16
137 4 1 17
138 4 1 18
139 4 1 19
140 4 1 20
141 4 1 21
142 4 1 22
143 4 1 23
144 4 1 24
145 4 1 25
146 4 1 26
147 4 1 27
148 4 1 28
149 4 1 29
150 4 1 30
151 4 1 31
152 4 1 32
153 4 1 33
154 4 1 34
155 5 1 10
156 5 1 11
157 5 1 12
158 5 1 13
159 5 1 14
160 5 1 15
161 5 1 16
162 5 1 17
163 5 1 18
164 5 1 19
165 5 1 20
166 5 1 21
167 5 1 22
168 5 1 23
169 5 1 24
170 5 1 25
171 5 1 26
172 5 1 27
173 5 1 28
174 5 1 29
175 5 1 30
176 5 1 31
177 5 1 32
178 5 1 33
179 5 1 34
180 6 1 12
181 6 1 13
182 6 1 14
183 6 1 15
184 6 1 16
185 6 1 17
186 6 1 18
187 6 1 19
188 6 1 20
189 6 1 21
190 6 1 22
191 6 1 23
192 6 1 24
193 6 1 25
194 6 1 26
195 6 1 27
196 6 1 28
197 6 1 29
198 6 1 30
199 6 1 31
200 6 1 32
201 6 1 33
202 6 1 34
203 7 1 14
204 7 1 15
205 7 1 16
206 7 1 17
207 7 1 18
208 7 1 19
209 7 1 20
210 7 1 21
211 7 1 22
212 7 1 23
213 7 1 24
214 7 1 25
215 7 1 26
216 7 1 27
217 7 1 28
218 7 1 29
219 7 1 30
220 7 1 31
221 7 1 32
222 7 1 33
223 7 1 34
224 8 1 16
225 8 1 17
226 8 1 18
227 8 1 19
228 8 1 20
229 8 1 21
230 8 1 22
231 8 1 23
232 8 1 24
233 8 1 25
234 8 1 26
235 8 1 27
236 8 1 28
237 8 1 29
238 8 1 30
239 8 1 31
240 8 1 32
241 8 1 33
242 8 1 34
243 9 1 18
244 9 1 19
245 9 1 20
246 9 1 21
247 9 1 22
248 9 1 23
249 9 1 24
250 9 1 25
251 9 1 26
252 9 1 27
253 9 1 28
254 9 1 29
255 9 1 30
256 9 1 31
257 9 1 32
258 9 1 33
259 9 1 34
260 10 1 20
261 10 1 21
262 10 1 22
263 10 1 23
264 10 1 24
265 10 1 25
266 10 1 26
267 10 1 27
268 10 1 28
269 10 1 29
270 10 1 30
271 10 1 31
272 10 1 32
273 10 1 33
274 10 1 34
275 11 1 22
276 11 1 23
277 11 1 24
278 11 1 25
279 11 1 26
280 11 1 27
281 11 1 28
282 11 1 29
283 11 1 30
284 11 1 31
285 11 1 32
286 11 1 33
287 11 1 34
288 12 1 24
289 12 1 25
290 12 1 26
291 12 1 27
292 12 1 28
293 12 1 29
294 12 1 30
295 12 1 31
296 12 1 32
297 12 1 33
298 12 1 34
299 13 1 26
300 13 1 27
301 13 1 28
302 13 1 29
303 13 1 30
304 13 1 31
305 13 1 32
306 13 1 33
307 13 1 34
308 14 1 28
309 14 1 29
310 14 1 30
311 14 1 31
312 14 1 32
313 14 1 33
314 14 1 34
315 15 1 30
316 15 1 31
317 15 1 32
318 15 1 33
319 15 1 34
320 16 1 32
321 16 1 33
322 16 1 34
323 17 1 34
324 18 1 36
325 17 262 35
326 17 262 36
327 16 1 35
328 16 1 36
329 15 262 35
330 15 262 36
331 14 1 35
332 14 1 36
333 13 262 35
334 13 262 36
335 12 1 35
336 12 1 36
337 11 262 35
338 11 262 36
339 10 1 35
340 10 1 36
341 9 262 35
342 9 262 36
343 8 1 35
344 8 1 36
345 7 262 35
346 19 1 38
347 18 262 37
348 18 262 38
349 17 1 37
350 17 1 38
351 16 262 37
352 16 262 38
353 15 1 37
354 15 1 38
355 14 262 37
356 14 262 38
357 13 1 37
358 13 1 38
359 12 262 37
360 12 262 38
361 11 1 37
362 11 1 38
363 10 262 37
364 10 262 38
365 9 1 37
366 9 1 38
367 20 1 40
368 19 262 39
369 19 262 40
370 18 1 39
371 18 1 40
372 17 262 39
373 17 262 40
374 16 1 39
375 16 1 40
376 15 262 39
377 15 262 40
378 14 1 39
379 14 1 40
380 13 262 39
381 13 262 40
382 12 1 39
383 12 1 40
384 11 262 39
385 11 262 40
386 10 1 39
387 21 1 42
388 20 262 41
389 20 262 42
390 19 1 41
391 19 1 42
392 18 262 41
393 18 262 42
394 17 1 41
395 17 1 42
396 16 262 41
397 16 262 42
398 15 1 41
399 15 1 42
400 14 262 41
401 14 262 42
402 13 1 41
403 13 1 42
404 12 262 41
405 12 262 42
406 22 1 44
407 21 262 43
408 21 262 44
409 20 1 43
410 20 1 44
411 19 262 43
412 19 262 44
413 18 1 43
414 18 1 44
415 17 262 43
416 17 262 44
417 16 1 43
418 16 1 44
419 15 262 43
420 15 262 44
421 14 1 43
422 14 1 44
423 13 262 43
424 23 1 46
425 22 262 45
426 22 262 46
427 21 1 45
428 21 1 46
429 20 262 45
430 20 262 46
431 19 1 45
432 19 1 46
433 18 262 45
434 18 262 46
435 17 1 45
436 17 1 46
437 16 262 45
438 16 262 46
439 15 1 45
440 15 1 46
441 24 1 48
442 23 262 47
443 23 262 48
444 22 1 47
445 22 1 48
446 21 262 47
447 21 262 48
448 20 1 47
449 20 1 48
450 19 262 47
451 19 262 48
452 18 1 47
453 18 1 48
454 17 262 47
455 17 262 48
456 16 1 47
457 25 1 50
458 24 262 49
459 24 262 50
460 23 1 49
461 23 1 50
462 22 262 49
463 22 262 50
464 21 1 49
465 21 1 50
466 20 262 49
467 20 262 50
468 19 1 49
469 19 1 50
470 18 262 49
471 18 262 50
472 26 1 52
473 25 262 51
474 25 262 52
475 24 1 51
476 24 1 52
477 23 262 51
478 23 262 52
479 22 1 51
480 22 1 52
481 21 262 51
482 21 262 52
483 20 1 51
484 20 1 52
485 19 262 51
486 27 1 54
487 26 262 53
488 26 262 54
489 25 1 53
490 25 1 54
491 24 262 53
492 24 262 54
493 23 1 53
494 23 1 54
495 22 262 53
496 22 262 54
497 21 1 53
498 21 1 54
499 28 1 56
500 27 262 55
501 27 262 56
502 26 1 55
503 26 1 56
504 25 262 55
505 25 262 56
506 24 1 55
507 24 1 56
508 23 262 55
509 23 262 56
510 22 1 55
511 29 1 58
512 28 262 57
513 28 262 58
514 27 1 57
515 27 1 58
516 26 262 57
517 26 262 58
518 25 1 57
519 25 1 58
520 24 262 57
521 24 262 58
522 30 1 60
523 29 262 59
524 29 262 60
525 28 1 59
526 28 1 60
527 27 262 59
528 27 262 60
529 26 1 59
530 26 1 60
531 25 262 59
532 31 1 62
533 30 262 61
534 30 262 62
535 29 1 61
536 29 1 62
537 28 262 61
538 28 262 62
539 27 1 61
540 27 1 62
541 32 1 64
542 31 262 63
543 31 262 64
544 30 1 63
545 30 1 64
546 29 262 63
547 29 262 64
548 28 1 63
549 33 1 66
550 32 262 65
551 32 262 66
552 31 1 65
553 31 1 66
554 30 262 65
555 30 262 66
556 34 1 68
557 33 262 67
558 33 262 68
559 32 1 67
560 32 1 68
561 31 262 67
562 35 1 70
563 34 262 69
564 34 262 70
565 33 1 69
566 33 1 70
567 36 1 72
568 35 262 71
569 35 262 72
570 34 1 71
571 37 1 74
572 36 262 73
573 36 262 74
574 38 1 76
575 37 262 75
576 39 1 78
577 40 35 80
578 38 244 77
579 37 94 76
580 35 227 73
581 34 12 72
582 32 1 69
583 31 175 68
584 29 168 65
585 28 207 64
586 26 83 61
587 25 60 60
588 23 5 57
589 22 86 56
590 20 51 53
591 19 246 52
592 17 152 49
593 41 35 82
594 39 244 79
595 38 94 78
596 36 227 75
597 35 12 74
598 33 1 71
599 32 175 70
600 30 168 67
601 29 207 66
602 27 83 63
603 26 60 62
604 24 5 59
605 23 86 58
606 21 51 55
607 20 246 54
608 42 35 84
609 40 244 81
610 39 94 80
611 37 227 77
612 36 12 76
613 34 1 73
614 33 175 72
615 31 168 69
616 30 207 68
617 28 83 65
618 27 60 64
619 25 5 61
620 24 86 60
621 22 51 57
622 43 35 86
623 41 244 83
624 40 94 82
625 38 227 79
626 37 12 78
627 35 1 75
628 34 175 74
629 32 168 71
630 31 207 70
631 29 83 67
632 28 60 66
633 26 5 63
634 25 86 62
635 44 35 88
636 42 244 85
637 41 94 84
638 39 227 81
639 38 12 80
640 36 1 77
641 35 175 76
642 33 168 73
643 32 207 72
644 30 83 69
645 29 60 68
646 27 5 65
647 45 35 90
648 43 244 87
649 42 94 86
650 40 227 83
651 39 12 82
652 37 1 79
653 36 175 78
654 34 168 75
655 33 207 74
656 31 83 71
657 30 60 70
658 46 35 92
659 44 244 89
660 43 94 88
661 41 227 85
662 40 12 84
663 38 1 81
664 37 175 80
665 35 168 77
666 34 207 76
667 32 83 73
668 47 35 94
669 45 244 91
670 44 94 90
671 42 227 87
672 41 12 86
673 39 1 83
674 38 175 82
675 36 168 79
676 35 207 78
677 48 35 96
678 46 244 93
679 45 94 92
680 43 227 89
681 42 12 88
682 40 1 85
683 39 175 84
684 37 168 81
685 49 35 98
686 47 244 95
687 46 94 94
688 44 227 91
689 43 12 90
690 41 1 87
691 40 175 86
692 50 35 100
693 48 244 97
694 47 94 96
695 45 227 93
696 44 12 92
697 42 1 89
698 51 35 102
699 49 244 99
700 48 94 98
701 46 227 95
702 45 12 94
703 52 35 104
704 50 244 101
705 49 94 100
706 47 227 97
707 53 35 106
708 51 244 103
709 50 94 102
710 54 35 108
711 52 244 105
712 55 35 110
713 56 147 112
714 53 50 107
715 51 67 104
716 48 21 99
717 46 86 96
718 43 235 91
719 41 236 88
720 38 125 83
721 36 36 80
722 33 184 75
723 31 215 72
724 57 147 114
725 54 50 109
726 52 67 106
727 49 21 101
728 47 86 98
729 44 235 93
730 42 236 90
731 39 125 85
732 37 36 82
733 34 184 77
734 58 147 116
735 55 50 111
736 53 67 108
737 50 21 103
738 48 86 100
739 45 235 95
740 43 236 92
741 40 125 87
742 38 36 84
743 59 147 118
744 56 50 113
745 54 67 110
746 51 21 105
747 49 86 102
748 46 235 97
749 44 236 94
750 41 125 89
751 60 147 120
752 57 50 115
753 55 67 112
754 52 21 107
755 50 86 104
756 47 235 99
757 45 236 96
758 61 147 122
759 58 50 117
760 56 67 114
761 53 21 109
762 51 86 106
763 48 235 101
764 62 147 124
765 59 50 119
766 57 67 116
767 54 21 111
768 52 86 108
769 63 147 126
770 60 50 121
771 58 67 118
772 55 21 113
773 64 147 128
774 61 50 123
775 59 67 120
776 65 147 130
777 62 50 125
778 66 147 132
779 67 27 134
780 63 176 127
781 60 161 122
782 56 241 115
783 53 210 110
784 49 200 103
785 46 171 98
786 42 238 91
787 68 27 136
788 64 176 129
789 61 161 124
790 57 241 117
791 54 210 112
792 50 200 105
793 47 171 100
794 69 27 138
795 65 176 131
796 62 161 126
797 58 241 119
798 55 210 114
799 51 200 107
800 70 27 140
801 66 176 133
802 63 161 128
803 59 241 121
804 56 210 116
805 71 27 142
806 67 176 135
807 64 161 130
808 60 241 123
809 72 27 144
810 68 176 137
811 65 161 132
812 73 27 146
813 69 176 139
814 74 27 148
815 0 262 35
816 1 4 35
817 2 247 35
818 3 64 35
819 4 7 35
820 5 235 35
821 6 112 35
822 0 97 36
823 1 219 36
824 2 247 36
825 3 98 36
826 4 168 36
827 5 164 36
828 6 16 36
829 7 185 36
830 0 1 37
831 8 29 37
832 0 262 38
833 0 262 39
834 0 262 40
835 10 178 40
836 0 1 41
837 11 8 41
838 0 262 42
839 0 262 43
840 0 262 44
841 13 167 44
842 1 262 37
843 2 4 37
844 3 247 37
845 4 64 37
846 5 7 37
847 6 235 37
848 7 112 37
849 1 97 38
850 2 219 38
851 3 247 38
852 4 98 38
853 5 168 38
854 6 164 38
855 7 16 38
856 8 185 38
857 1 1 39
858 9 29 39
859 1 262 40
860 1 262 41
861 1 262 42
862 11 178 42
863 1 1 43
864 12 8 43
865 1 262 44
866 0 106 45
867 1 1 45
868 2 262 39
869 3 4 39
870 4 247 39
871 5 64 39
872 6 7 39
873 7 235 39
874 8 112 39
875 2 97 40
876 3 219 40
877 4 247 40
878 5 98 40
879 6 168 40
880 7 164 40
881 8 16 40
882 9 185 40
883 2 1 41
884 10 29 41
885 2 262 42
886 2 262 43
887 2 262 44
888 12 178 44
889 2 1 45
890 13 8 45
891 14 181 45
892 1 12 46
893 3 262 41
894 4 4 41
895 5 247 41
896 6 64 41
897 7 7 41
898 8 235 41
899 9 112 41
900 3 97 42
901 4 219 42
902 5 247 42
903 6 98 42
904 7 168 42
905 8 164 42
906 9 16 42
907 10 185 42
908 3 1 43
909 11 29 43
910 3 262 44
911 3 262 45
912 0 136 46
913 2 57 46
914 3 79 46
915 13 160 46
916 14 194 46
917 4 262 43
918 5 4 43
919 6 247 43
920 7 64 43
921 8 7 43
922 9 235 43
923 10 112 43
924 4 97 44
925 5 219 44
926 6 247 44
927 7 98 44
928 8 168 44
929 9 164 44
930 10 16 44
931 11 185 44
932 4 1 45
933 12 29 45
934 4 262 46
935 0 119 47
936 1 84 47
937 2 204 47
938 3 239 47
939 4 262 47
940 5 262 45
941 6 4 45
942 7 247 45
943 8 64 45
944 9 7 45
945 10 235 45
946 11 112 45
947 5 97 46
948 6 219 46
949 7 247 46
950 8 98 46
951 9 168 46
952 10 164 46
953 11 16 46
954 12 185 46
955 5 1 47
956 13 29 47
957 14 158 47
958 15 170 47
959 1 202 48
960 3 53 48
961 5 262 48
962 6 262 47
963 7 4 47
964 8 247 47
965 9 64 47
966 10 7 47
967 11 235 47
968 12 112 47
969 0 118 48
970 2 6 48
971 4 220 48
972 6 134 48
973 7 20 48
974 8 165 48
975 9 211 48
976 10 53 48
977 11 229 48
978 12 31 48
979 13 216 48
980 14 227 48
981 15 93 48
982 16 4 48
983 0 143 49
984 1 220 49
985 2 130 49
986 3 123 49
987 4 59 49
988 5 141 49
989 6 50 49
990 7 163 49
991 8 168 49
992 9 9 49
993 10 73 49
994 11 62 49
995 12 144 49
996 13 34 49
997 14 44 49
998 15 44 49
999 16 231 49
1000 0 214 50
1001 1 47 50
1002 2 105 50
1003 3 217 50
1004 4 260 50
1005 5 258 50
1006 6 245 50
1007 7 146 50
1008 8 79 50
1009 9 33 50
1010 10 64 50
1011 11 179 50
1012 12 240 50
1013 13 173 50
1014 14 99 50
1015 15 233 50
1016 16 215 50
1017 17 102 50
1018 0 166 51
1019 1 174 51
1020 2 202 51
1021 18 65 51
1022 3 127 51
1023 4 100 51
1024 5 184 51
1025 6 18 51
1026 7 104 51
1027 8 26 51
1028 9 60 51
1029 10 173 51
1030 11 110 51
1031 12 248 51
1032 13 28 51
1033 14 239 51
1034 15 115 51
1035 16 185 51
1036 17 229 51
1037 0 54 52
1038 1 205 52
1039 2 64 52
1040 3 251 52
1041 4 239 52
1042 5 171 52
1043 6 163 52
1044 7 141 52
1045 8 10 52
1046 9 57 52
1047 10 95 52
1048 11 222 52
1049 12 257 52
1050 13 79 52
1051 14 169 52
1052 15 71 52
1053 16 218 52
1054 17 131 52
1055 18 242 52
1056 0 67 53
1057 1 100 53
1058 2 104 53
1059 3 59 53
1060 4 87 53
1061 5 249 53
1062 6 166 53
1063 7 248 53
1064 8 72 53
1065 9 242 53
1066 10 1 53
1067 11 49 53
1068 12 152 53
1069 13 203 53
1070 14 156 53
1071 15 28 53
1072 16 32 53
1073 17 42 53
1074 18 209 53
1075 19 163 53
1076 0 185 54
1077 1 187 54
1078 2 84 54
1079 3 52 54
1080 4 64 54
1081 5 59 54
1082 6 188 54
1083 7 203 54
1084 8 55 54
1085 9 87 54
1086 10 9 54
1087 11 190 54
1088 12 54 54
1089 13 126 54
1090 14 73 54
1091 15 259 54
1092 16 159 54
1093 17 139 54
1094 18 238 54
1095 19 235 54
1096 0 1 55
1097 1 215 55
1098 2 223 55
1099 3 246 55
1100 4 170 55
1101 5 65 55
1102 6 138 55
1103 7 211 55
1104 8 31 55
1105 9 144 55
1106 10 211 55
1107 11 159 55
1108 12 186 55
1109 13 190 55
1110 14 238 55
1111 15 240 55
1112 16 257 55
1113 17 63 55
1114 18 167 55
1115 19 66 55
1116 20 130 55
1117 0 79 56
1118 1 165 56
1119 2 48 56
1120 3 216 56
1121 4 94 56
1122 5 22 56
1123 9 49 56
1124 10 158 56
1125 11 52 56
1126 15 262 56
1127 12 138 56
1128 13 214 56
1129 14 56 56
1130 16 125 56
1131 17 92 56
1132 18 221 56
1133 19 125 56
1134 20 10 56
1135 21 125 56
1136 0 77 57
1137 1 129 57
1138 2 23 57
1139 3 158 57
1140 4 107 57
1141 12 29 57
1142 13 134 57
1143 14 103 57
1144 15 130 57
1145 16 239 57
1146 17 21 57
1147 18 153 57
1148 19 216 57
1149 20 152 57
1150 21 54 57
1151 0 125 58
1152 1 224 58
1153 2 6 58
1154 3 41 58
1155 17 207 58
1156 18 1 58
1157 15 126 58
1158 16 72 58
1159 19 175 58
1160 20 207 58
1161 21 252 58
1162 22 69 58
1163 0 229 59
1164 19 1 59
1165 1 101 59
1166 2 124 59
1167 17 211 59
1168 18 146 59
1169 20 234 59
1170 21 210 59
1171 23 85 59
1172 22 10 59
1173 0 209 60
1174 1 69 60
1175 19 97 60
1176 20 155 60
1177 21 262 60
1178 22 206 60
1179 23 62 60
1180 0 47 61
1181 21 87 61
1182 22 262 61
1183 20 113 61
1184 23 1 61
1185 24 204 61
1186 23 262 62
1187 22 180 62
1188 24 262 62
1189 24 262 63
1190 25 262 63
1191 25 262 64
1192 26 1 64
1193 27 114 66
1194 26 206 65
1195 25 103 65
1196 24 80 64
1197 23 223 63
1198 22 243 63
1199 21 10 62
1200 20 5 62
1201 19 129 61
1202 18 67 60
1203 17 165 60
1204 16 49 59
1205 15 156 59
1206 14 185 58
1207 13 224 58
1208 12 112 58
1209 11 207 57
1210 10 235 57
1211 9 249 57
1212 8 7 56
1213 7 135 56
1214 28 149 67
1215 27 206 67
1216 26 160 66
1217 25 80 66
1218 24 223 65
1219 23 20 64
1220 22 10 64
1221 21 258 63
1222 20 129 63
1223 19 67 62
1224 18 98 61
1225 17 49 61
1226 16 107 60
1227 15 185 60
1228 14 39 59
1229 13 151 59
1230 12 207 59
1231 11 28 58
1232 10 14 58
1233 9 7 58
1234 29 149 69
1235 28 57 68
1236 27 160 68
1237 26 183 67
1238 25 223 67
1239 24 20 66
1240 23 253 65
1241 22 258 65
1242 21 134 64
1243 20 67 64
1244 19 98 63
1245 18 214 62
1246 17 107 62
1247 16 78 61
1248 15 39 61
1249 14 112 60
1250 13 56 60
1251 12 28 60
1252 11 249 59
1253 30 149 71
1254 29 57 70
1255 28 103 69
1256 27 183 69
1257 26 40 68
1258 25 20 68
1259 24 253 67
1260 23 5 66
1261 22 134 66
1262 21 196 65
1263 20 98 65
1264 19 214 64
1265 18 156 63
1266 17 78 63
1267 16 224 62
1268 15 112 62
1269 14 207 61
1270 13 235 61
1271 31 149 73
1272 30 57 72
1273 29 103 71
1274 28 80 70
1275 27 40 70
1276 26 243 69
1277 25 253 69
1278 24 5 68
1279 23 129 67
1280 22 196 67
1281 21 165 66
1282 20 214 66
1283 19 156 65
1284 18 185 64
1285 17 224 64
1286 16 151 63
1287 15 207 63
1288 32 114 74
1289 31 57 74
1290 30 103 73
1291 29 80 72
1292 28 223 71
1293 27 243 71
1294 26 10 70
1295 25 5 70
1296 24 129 69
1297 23 67 68
1298 22 165 68
1299 21 49 67
1300 20 156 67
1301 19 185 66
1302 18 39 65
1303 17 151 65
1304 33 114 76
1305 32 206 75
1306 31 103 75
1307 30 80 74
1308 29 223 73
1309 28 20 72
1310 27 10 72
1311 26 258 71
1312 25 129 71
1313 24 67 70
1314 23 98 69
1315 22 49 69
1316 21 107 68
1317 20 185 68
1318 19 39 67
1319 34 114 78
1320 33 206 77
1321 32 160 76
1322 31 80 76
1323 30 223 75
1324 29 20 74
1325 28 253 73
1326 27 258 73
1327 26 134 72
1328 25 67 72
1329 24 98 71
1330 23 214 70
1331 22 107 70
1332 21 78 69
1333 35 149 79
1334 34 206 79
1335 33 160 78
1336 32 183 77
1337 31 223 77
1338 30 20 76
1339 29 253 75
1340 28 5 74
1341 27 134 74
1342 26 196 73
1343 25 98 73
1344 24 214 72
1345 23 156 71
1346 36 149 81
1347 35 57 80
1348 34 160 80
1349 33 183 79
1350 32 40 78
1351 31 20 78
1352 30 253 77
1353 29 5 76
1354 28 129 75
1355 27 196 75
1356 26 165 74
1357 25 214 74
1358 37 149 83
1359 36 57 82
1360 35 103 81
1361 34 183 81
1362 33 40 80
1363 32 243 79
1364 31 253 79
1365 30 5 78
1366 29 129 77
1367 28 67 76
1368 27 165 76
1369 38 149 85
1370 37 57 84
1371 36 103 83
1372 35 80 82
1373 34 40 82
1374 33 243 81
1375 32 10 80
1376 31 5 80
1377 30 129 79
1378 29 67 78
1379 39 114 86
1380 38 57 86
1381 37 103 85
1382 36 80 84
1383 35 223 83
1384 34 243 83
1385 33 10 82
1386 32 258 81
1387 31 129 81
1388 40 114 88
1389 39 206 87
1390 38 103 87
1391 37 80 86
1392 36 223 85
1393 35 20 84
1394 34 10 84
1395 33 258 83
1396 41 114 90
1397 40 206 89
1398 39 160 88
1399 38 80 88
1400 37 223 87
1401 36 20 86
1402 35 253 85
1403 42 114 92
1404 41 206 91
1405 40 160 90
1406 39 183 89
1407 38 223 89
1408 37 20 88
1409 43 149 93
1410 42 206 93
1411 41 160 92
1412 40 183 91
1413 39 40 90
1414 44 149 95
1415 43 57 94
1416 42 160 94
1417 41 183 93
1418 45 149 97
1419 44 57 96
1420 43 103 95
1421 46 149 99
1422 45 57 98
1423 47 149 101
1424 48 3 102
1425 46 230 100
1426 44 163 97
1427 42 48 95
1428 40 2 92
1429 38 241 90
1430 36 21 87
1431 34 32 85
1432 32 89 82
1433 30 73 80
1434 28 14 77
1435 26 109 75
1436 24 116 73
1437 22 39 71
1438 20 97 69
1439 18 15 66
1440 49 3 104
1441 47 230 102
1442 45 163 99
1443 43 215 96
1444 41 2 94
1445 39 22 91
1446 37 21 89
1447 35 231 86
1448 33 89 84
1449 31 73 82
1450 29 14 79
1451 27 109 77
1452 25 116 75
1453 23 224 72
1454 21 166 70
1455 50 3 106
1456 48 33 103
1457 46 163 101
1458 44 215 98
1459 42 2 96
1460 40 22 93
1461 38 21 91
1462 36 231 88
1463 34 89 86
1464 32 190 83
1465 30 14 81
1466 28 154 78
1467 26 147 76
1468 24 224 74
1469 51 3 108
1470 49 33 105
1471 47 163 103
1472 45 215 100
1473 43 261 97
1474 41 22 95
1475 39 242 92
1476 37 231 90
1477 35 174 87
1478 33 190 85
1479 31 14 83
1480 29 154 80
1481 27 147 78
1482 52 260 109
1483 50 33 107
1484 48 100 104
1485 46 215 102
1486 44 261 99
1487 42 22 97
1488 40 242 94
1489 38 231 92
1490 36 174 89
1491 34 190 87
1492 32 249 84
1493 30 154 82
1494 53 260 111
1495 51 33 109
1496 49 100 106
1497 47 215 104
1498 45 261 101
1499 43 241 98
1500 41 242 96
1501 39 32 93
1502 37 174 91
1503 35 73 88
1504 33 249 86
1505 54 260 113
1506 52 230 110
1507 50 100 108
1508 48 48 105
1509 46 261 103
1510 44 241 100
1511 42 242 98
1512 40 32 95
1513 38 174 93
1514 36 73 90
1515 55 260 115
1516 53 230 112
1517 51 100 110
1518 49 48 107
1519 47 261 105
1520 45 241 102
1521 43 21 99
1522 41 32 97
1523 39 89 94
1524 56 260 117
1525 54 230 114
1526 52 163 111
1527 50 48 109
1528 48 2 106
1529 46 241 104
1530 44 21 101
1531 42 32 99
1532 57 3 118
1533 55 230 116
1534 53 163 113
1535 51 48 111
1536 49 2 108
1537 47 241 106
1538 45 21 103
1539 58 3 120
1540 56 230 118
1541 54 163 115
1542 52 215 112
1543 50 2 110
1544 48 22 107
1545 59 3 122
1546 57 33 119
1547 55 163 117
1548 53 215 114
1549 51 2 112
1550 60 3 124
1551 58 33 121
1552 56 163 119
1553 54 215 116
1554 61 260 125
1555 59 33 123
1556 57 100 120
1557 62 260 127
1558 60 33 125
1559 63 260 129
1560 64 129 131
1561 61 242 126
1562 58 229 122
1563 55 233 118
1564 52 11 113
1565 49 118 109
1566 46 166 105
1567 43 132 100
1568 40 101 96
1569 37 151 92
1570 34 257 88
1571 31 103 84
1572 28 234 79
1573 65 129 133
1574 62 242 128
1575 59 229 124
1576 56 233 120
1577 53 11 115
1578 50 118 111
1579 47 166 107
1580 44 132 102
1581 41 101 98
1582 38 151 94
1583 35 6 89
1584 32 160 85
1585 66 134 134
1586 63 242 130
1587 60 229 126
1588 57 30 121
1589 54 11 117
1590 51 118 113
1591 48 97 108
1592 45 132 104
1593 42 101 100
1594 39 112 95
1595 36 6 91
1596 67 134 136
1597 64 242 132
1598 61 34 127
1599 58 30 123
1600 55 11 119
1601 52 145 114
1602 49 97 110
1603 46 132 106
1604 43 162 101
1605 40 112 97
1606 68 134 138
1607 65 242 134
1608 62 34 129
1609 59 30 125
1610 56 11 121
1611 53 145 116
1612 50 97 112
1613 47 132 108
1614 44 162 103
1615 69 134 140
1616 66 21 135
1617 63 34 131
1618 60 30 127
1619 57 252 122
1620 54 145 118
1621 51 97 114
1622 48 131 109
1623 70 129 141
1624 67 21 137
1625 64 34 133
1626 61 233 128
1627 58 252 124
1628 55 145 120
1629 52 166 115
1630 71 129 143
1631 68 21 139
1632 65 34 135
1633 62 233 130
1634 59 252 126
1635 56 145 122
1636 72 129 145
1637 69 21 141
1638 66 229 136
1639 63 233 132
1640 60 252 128
1641 73 129 147
1642 70 242 142
1643 67 229 138
1644 64 233 134
1645 74 129 149
1646 71 242 144
1647 68 229 140
1648 75 134 150
1649 72 242 146
1650 76 134 152
1651 6 223 56
1652 5 103 57
1653 6 253 57
1654 7 129 57
1655 4 63 58
1656 5 261 58
1657 3 17 59
1658 4 39 59
1659 2 166 60
1660 3 145 60
1661 1 177 61
1662 2 240 61
1663 0 6 62
1664 1 242 62
1665 0 20 63
1666 0 20 64
1667 0 20 65
1668 0 20 66
1669 0 20 67
1670 8 90 57
1671 6 160 58
1672 7 10 58
1673 5 159 59
1674 8 98 58
1675 6 75 59
1676 7 15 59
1677 4 160 60
1678 5 165 60
1679 3 63 61
1680 4 131 61
1681 2 240 62
1682 3 110 62
1683 1 246 63
1684 2 56 63
1685 1 10 64
1686 1 10 65
1687 8 97 59
1688 10 71 59
1689 9 109 59
1690 6 151 60
1691 7 197 60
1692 8 258 60
1693 9 107 60
1694 5 190 61
1695 6 51 61
1696 7 128 61
1697 4 153 62
1698 5 203 62
1699 3 130 63
1700 4 71 63
1701 2 113 64
1702 10 242 60
1703 8 138 61
1704 11 215 60
1705 9 90 61
1706 10 170 61
1707 6 70 62
1708 11 88 61
1709 7 206 62
1710 8 122 62
1711 5 201 63
1712 9 81 62
1713 6 173 63
1714 7 20 63
1715 12 113 61
1716 10 84 62
1717 11 71 62
1718 13 155 62
1719 12 12 62
1720 8 237 63
1721 9 95 63
1722 10 173 63
1723 11 57 63
1724 3 3 64
1725 4 59 64
1726 14 206 62
1727 12 74 63
1728 13 169 63
1729 5 178 64
1730 14 236 63
1731 6 10 64
1732 7 247 64
1733 2 98 65
1734 8 69 64
1735 14 35 64
1736 16 69 64
1737 15 80 64
1738 3 165 65
1739 4 32 65
1740 5 177 65
1741 15 204 65
1742 16 250 65
1743 1 219 66
1744 2 63 66
1745 17 180 66
1746 3 144 66
1747 1 87 67
1748 0 85 68
1749 2 11 67
1750 19 8 68
1751 9 182 64
1752 10 223 64
1753 12 223 64
1754 11 223 64
1755 13 80 64
1756 6 80 65
1757 7 200 65
1758 8 36 65
1759 9 74 65
1760 10 191 65
1761 11 67 65
1762 12 27 65
1763 13 224 65
1764 14 230 65
1765 4 81 66
1766 5 228 66
1767 6 142 66
1768 7 168 66
1769 8 156 66
1770 9 6 66
1771 15 12 66
1772 16 192 66
1773 3 229 67
1774 4 36 67
1775 5 167 67
1776 6 53 67
1777 10 182 66
1778 11 223 66
1779 13 223 66
1780 12 223 66
1781 14 80 66
1782 7 80 67
1783 8 200 67
1784 9 36 67
1785 10 74 67
1786 11 191 67
1787 12 67 67
1788 13 27 67
1789 14 224 67
1790 15 230 67
1791 16 184 67
1792 17 67 67
1793 18 9 67
1794 1 34 68
1795 2 150 68
1796 3 117 68
1797 4 175 68
1798 5 146 68
1799 6 259 68
1800 7 98 68
1801 8 33 68
1802 9 30 68
1803 10 165 68
1804 11 243 68
1805 12 40 68
1806 13 105 68
1807 14 177 68
1808 15 48 68
1809 16 248 68
1810 17 102 68
1811 18 62 68
1812 0 55 69
1813 1 117 69
1814 2 215 69
1815 3 237 69
1816 4 254 69
1817 5 95 69
1818 6 78 69
1819 7 34 69
1820 8 105 69
1821 9 162 69
1822 10 96 69
1823 11 88 69
1824 12 78 69
1825 13 181 69
1826 14 236 69
1827 15 118 69
1828 16 259 69
1829 17 103 69
1830 18 262 69
1831 19 128 69
1832 0 151 70
1833 1 46 70
1834 2 193 70
1835 3 144 70
1836 4 77 70
1837 5 78 70
1838 6 30 70
1839 7 201 70
1840 8 140 70
1841 9 167 70
1842 11 83 70
1843 10 4 70
1844 12 118 70
1845 13 166 70
1846 14 115 70
1847 15 36 70
1848 16 138 70
1849 17 52 70
1850 18 249 70
1851 19 81 70
1852 20 55 70
1853 0 232 71
1854 1 197 71
1855 2 61 71
1856 3 82 71
1857 4 158 71
1858 5 169 71
1859 6 8 71
1860 7 92 71
1861 8 237 71
1862 9 179 71
1863 10 38 71
1864 11 104 71
1865 12 13 71
1866 13 239 71
1867 14 203 71
1868 15 18 71
1869 16 169 71
1870 17 256 71
1871 18 223 71
1872 19 191 71
1873 20 172 71
1874 21 59 71
1875 0 261 72
1876 1 194 72
1877 2 8 72
1878 3 163 72
1879 4 77 72
1880 5 196 72
1881 6 52 72
1882 7 150 72
1883 8 202 72
1884 9 98 72
1885 10 147 72
1886 11 101 72
1887 12 55 72
1888 13 122 72
1889 14 88 72
1890 16 78 72
1891 15 145 72
1892 17 30 72
1893 18 189 72
1894 19 257 72
1895 20 160 72
1896 21 260 72
1897 22 89 72
1898 0 133 73
1899 1 228 73
1900 2 260 73
1901 3 165 73
1902 4 22 73
1903 5 173 73
1904 6 130 73
1905 7 164 73
1906 8 206 73
1907 9 18 73
1908 10 115 73
1909 11 163 73
1910 12 186 73
1911 13 113 73
1912 14 262 73
1913 15 183 73
1914 16 144 73
1915 17 153 73
1916 18 103 73
1917 19 86 73
1918 20 77 73
1919 21 73 73
1920 22 197 73
1921 23 118 73
1922 0 110 74
1923 1 53 74
1924 2 137 74
1925 3 127 74
1926 4 92 74
1927 5 105 74
1928 6 90 74
1929 7 93 74
1930 8 189 74
1931 9 252 74
1932 10 97 74
1933 11 99 74
1934 12 164 74
1935 13 260 74
1936 14 207 74
1937 15 120 74
1938 16 50 74
1939 17 120 74
1940 18 248 74
1941 19 105 74
1942 20 151 74
1943 21 235 74
1944 22 208 74
1945 23 114 74
1946 0 48 75
1947 1 173 75
1948 2 123 75
1949 3 176 75
1950 4 31 75
1951 5 93 75
1952 6 129 75
1953 7 197 75
1954 8 38 75
1955 9 44 75
1956 10 41 75
1957 11 26 75
1958 12 169 75
1959 13 179 75
1960 14 76 75
1961 15 195 75
1962 16 150 75
1963 17 54 75
1964 18 20 75
1965 19 160 75
1966 20 211 75
1967 21 182 75
1968 22 78 75
1969 23 197 75
1970 24 19 75
1971 0 17 76
1972 1 50 76
1973 2 111 76
1974 3 27 76
1975 4 16 76
1976 5 23 76
1977 9 55 76
1978 11 174 76
1979 12 51 76
1980 13 211 76
1981 14 5 76
1982 15 14 76
1983 16 87 76
1984 17 88 76
1985 18 167 76
1986 19 192 76
1987 20 132 76
1988 21 196 76
1989 22 129 76
1990 23 208 76
1991 24 23 76
1992 25 162 76
1993 0 140 77
1994 1 40 77
1995 2 60 77
1996 3 221 77
1997 4 245 77
1998 5 60 77
1999 15 84 77
2000 17 76 77
2001 18 221 77
2002 19 105 77
2003 20 259 77
2004 21 178 77
2005 22 129 77
2006 23 18 77
2007 24 73 77
2008 25 62 77
2009 26 3 77
2010 0 194 78
2011 1 210 78
2012 2 184 78
2013 3 165 78
2014 4 246 78
2015 17 51 78
2016 18 252 78
2017 19 154 78
2018 20 247 78
2019 21 68 78
2020 22 229 78
2021 23 250 78
2022 24 132 78
2023 25 188 78
2024 26 5 78
2025 0 233 79
2026 1 177 79
2027 2 209 79
2028 3 47 79
2029 4 59 79
2030 20 91 79
2031 21 78 79
2032 22 260 79
2033 23 42 79
2034 24 221 79
2035 25 127 79
2036 26 22 79
2037 27 141 79
2038 0 146 80
2039 1 260 80
2040 2 221 80
2041 3 128 80
2042 20 39 80
2043 21 100 80
2044 22 7 80
2045 23 78 80
2046 24 227 80
2047 25 197 80
2048 26 175 80
2049 27 102 80
2050 28 60 80
2051 0 205 81
2052 1 135 81
2053 2 245 81
2054 3 199 81
2055 23 213 81
2056 24 241 81
2057 25 189 81
2058 26 127 81
2059 27 79 81
2060 29 88 81
2061 28 56 81
2062 0 232 82
2063 1 178 82
2064 2 187 82
2065 24 79 82
2066 25 239 82
2067 26 114 82
2068 27 210 82
2069 28 197 82
2070 29 127 82
2071 0 101 83
2072 1 258 83
2073 2 150 83
2074 26 127 83
2075 27 46 83
2076 28 51 83
2077 29 260 83
2078 30 134 83
2079 0 171 84
2080 1 40 84
2081 27 43 84
2082 28 59 84
2083 29 115 84
2084 30 87 84
2085 0 228 85
2086 1 241 85
2087 31 56 85
2088 29 169 85
2089 30 207 85
2090 0 150 86
2091 30 39 86
2092 32 235 86
2093 31 207 86
2094 31 207 87
2095 0 169 87
2096 33 28 87
2097 32 28 87
2098 32 28 88
2099 34 28 89
2100 33 235 88
2101 35 249 90
2102 36 242 92
2103 34 135 90
2104 33 218 89
2105 31 124 88
2106 30 134 87
2107 28 208 85
2108 27 51 85
2109 25 123 83
2110 24 41 83
2111 22 37 81
2112 21 100 81
2113 19 71 79
2114 18 199 79
2115 16 186 77
2116 15 139 78
2117 13 67 77
2118 12 220 77
2119 10 212 76
2120 9 34 77
2121 7 181 76
2122 6 33 76
2123 37 21 93
2124 35 64 91
2125 34 218 91
2126 32 201 89
2127 31 134 89
2128 29 55 86
2129 28 106 86
2130 26 70 84
2131 25 222 84
2132 23 113 82
2133 22 163 82
2134 20 71 81
2135 19 64 80
2136 17 186 79
2137 16 201 78
2138 14 165 77
2139 13 153 78
2140 11 157 77
2141 10 17 77
2142 8 222 76
2143 38 21 95
2144 36 64 93
2145 35 154 92
2146 33 62 90
2147 32 196 90
2148 30 55 88
2149 29 157 87
2150 27 70 86
2151 26 152 85
2152 24 113 84
2153 23 50 83
2154 21 96 82
2155 20 64 82
2156 18 170 80
2157 17 201 80
2158 15 165 79
2159 14 208 78
2160 12 106 78
2161 11 123 78
2162 39 121 96
2163 37 199 94
2164 36 154 94
2165 34 62 92
2166 33 67 91
2167 31 55 90
2168 30 157 89
2169 28 228 87
2170 27 152 87
2171 25 150 85
2172 24 50 85
2173 22 167 83
2174 21 231 83
2175 19 93 81
2176 18 31 81
2177 16 214 79
2178 15 208 80
2179 13 210 79
2180 40 121 98
2181 38 199 96
2182 37 109 95
2183 35 232 93
2184 34 67 93
2185 32 104 91
2186 31 157 91
2187 29 35 88
2188 28 187 88
2189 26 188 86
2190 25 213 86
2191 23 48 84
2192 22 32 84
2193 20 93 83
2194 19 232 82
2195 17 214 81
2196 16 104 80
2197 41 142 99
2198 39 32 97
2199 38 109 97
2200 36 232 95
2201 35 98 94
2202 33 159 92
2203 32 53 92
2204 30 35 90
2205 29 76 89
2206 27 188 88
2207 26 25 87
2208 24 48 86
2209 23 247 85
2210 21 85 84
2211 20 232 84
2212 18 156 82
2213 42 142 101
2214 40 32 99
2215 39 77 98
2216 37 31 96
2217 36 98 96
2218 34 159 94
2219 33 210 93
2220 31 35 92
2221 30 76 91
2222 28 169 89
2223 27 25 89
2224 25 215 87
2225 24 247 87
2226 22 178 85
2227 21 147 85
2228 43 192 102
2229 41 231 100
2230 40 77 100
2231 38 31 98
2232 37 165 97
2233 35 52 95
2234 34 210 95
2235 32 114 93
2236 31 76 93
2237 29 94 90
2238 28 119 90
2239 26 24 88
2240 25 16 88
2241 23 174 86
2242 44 192 104
2243 42 231 102
2244 41 186 101
2245 39 116 99
2246 38 165 99
2247 36 52 97
2248 35 158 96
2249 33 149 94
2250 32 225 94
2251 30 94 92
2252 29 144 91
2253 27 24 90
2254 26 255 89
2255 45 71 105
2256 43 16 103
2257 42 186 103
2258 40 116 101
2259 39 49 100
2260 37 211 98
2261 36 158 98
2262 34 149 96
2263 33 38 95
2264 31 94 94
2265 30 144 93
2266 28 251 91
2267 46 71 107
2268 44 16 105
2269 43 170 104
2270 41 147 102
2271 40 49 102
2272 38 211 100
2273 37 105 99
2274 35 57 97
2275 34 38 97
2276 32 216 95
2277 31 144 95
2278 47 71 109
2279 45 247 106
2280 44 170 106
2281 42 147 104
2282 41 214 103
2283 39 26 101
2284 38 105 101
2285 36 57 99
2286 35 244 98
2287 33 47 96
2288 48 96 110
2289 46 247 108
2290 45 93 107
2291 43 58 105
2292 42 214 105
2293 40 26 103
2294 39 79 102
2295 37 206 100
2296 36 244 100
2297 49 167 111
2298 47 247 110
2299 46 93 109
2300 44 58 107
2301 43 156 106
2302 41 237 104
2303 40 79 104
2304 38 206 102
2305 50 167 113
2306 48 8 111
2307 47 93 111
2308 45 205 108
2309 44 156 108
2310 42 237 106
2311 41 184 105
2312 51 167 115
2313 49 255 112
2314 48 85 112
2315 46 205 110
2316 45 107 109
2317 43 13 107
2318 52 48 116
2319 50 255 114
2320 49 178 113
2321 47 205 112
2322 46 107 111
2323 53 215 117
2324 51 255 116
2325 50 178 115
2326 48 29 113
2327 54 215 119
2328 52 4 117
2329 51 178 117
2330 55 215 121
2331 53 259 118
2332 56 215 123
2333 57 110 123
2334 54 14 120
2335 52 118 118
2336 49 138 114
2337 47 191 113
2338 44 105 109
2339 42 192 107
2340 39 246 103
2341 37 14 101
2342 34 260 98
2343 32 125 96
2344 29 8 92
2345 27 53 91
2346 24 45 88
2347 22 195 86
2348 19 240 83
2349 17 12 82
2350 14 35 79
2351 58 110 125
2352 55 14 122
2353 53 145 119
2354 50 138 116
2355 48 36 114
2356 45 158 110
2357 43 167 108
2358 40 246 105
2359 38 14 103
2360 35 133 99
2361 33 138 97
2362 30 8 94
2363 28 105 92
2364 25 218 89
2365 23 34 87
2366 20 240 85
2367 18 257 83
2368 59 110 127
2369 56 14 124
2370 54 145 121
2371 51 138 118
2372 49 227 115
2373 46 158 112
2374 44 167 110
2375 41 17 106
2376 39 256 104
2377 36 133 101
2378 34 138 99
2379 31 8 96
2380 29 158 93
2381 26 154 90
2382 24 34 89
2383 21 143 86
2384 60 110 129
2385 57 7 124
2386 55 145 123
2387 52 194 119
2388 50 227 117
2389 47 158 114
2390 45 96 111
2391 42 17 108
2392 40 256 106
2393 37 130 102
2394 35 194 100
2395 32 259 97
2396 30 158 95
2397 27 154 92
2398 25 229 90
2399 61 55 129
2400 58 7 126
2401 56 145 125
2402 53 69 120
2403 51 227 119
2404 48 184 115
2405 46 96 113
2406 43 123 109
2407 41 7 107
2408 38 130 104
2409 36 194 102
2410 33 4 98
2411 31 158 97
2412 28 186 93
2413 62 55 131
2414 59 7 128
2415 57 204 125
2416 54 69 122
2417 52 18 120
2418 49 79 116
2419 47 96 115
2420 44 123 111
2421 42 7 109
2422 39 198 105
2423 37 69 103
2424 34 4 100
2425 32 184 98
2426 63 55 133
2427 60 7 130
2428 58 204 127
2429 55 69 124
2430 53 245 121
2431 50 79 118
2432 48 215 116
2433 45 140 112
2434 43 128 110
2435 40 198 107
2436 38 69 105
2437 35 261 101
2438 64 55 135
2439 61 135 130
2440 59 204 129
2441 56 69 126
2442 54 245 123
2443 51 79 120
2444 49 48 117
2445 46 140 114
2446 44 128 112
2447 41 65 108
2448 39 97 106
2449 65 208 136
2450 62 135 132
2451 60 204 131
2452 57 166 126
2453 55 245 125
2454 52 92 121
2455 50 48 119
2456 47 140 116
2457 45 135 113
2458 42 65 110
2459 66 159 137
2460 63 135 134
2461 61 102 131
2462 58 166 128
2463 56 245 127
2464 53 171 122
2465 51 48 121
2466 48 193 117
2467 46 135 115
2468 67 159 139
2469 64 135 136
2470 62 102 133
2471 59 166 130
2472 57 254 127
2473 54 171 124
2474 52 239 122
2475 49 70 118
2476 68 159 141
2477 65 128 137
2478 63 102 135
2479 60 166 132
2480 58 254 129
2481 55 171 126
2482 53 24 123
2483 69 104 142
2484 66 199 138
2485 64 102 137
2486 61 83 132
2487 59 254 131
2488 56 171 128
2489 70 211 143
2490 67 199 140
2491 65 161 138
2492 62 83 134
2493 60 254 133
2494 71 211 145
2495 68 199 142
2496 66 51 139
2497 63 83 136
2498 72 211 147
2499 69 64 143
2500 67 51 141
2501 73 52 148
2502 70 231 144
2503 74 52 150
2504 6 139 77
2505 7 249 77
2506 8 219 77
2507 5 104 78
2508 6 67 78
2509 7 71 78
2510 8 180 78
2511 9 106 78
2512 10 217 78
2513 5 262 79
2514 6 197 79
2515 10 60 79
2516 11 27 79
2517 12 234 79
2518 4 162 80
2519 5 203 80
2520 12 260 80
2521 13 165 80
2522 14 142 80
2523 4 244 81
2524 7 139 79
2525 8 249 79
2526 9 219 79
2527 6 104 80
2528 7 67 80
2529 8 71 80
2530 9 180 80
2531 10 106 80
2532 11 217 80
2533 5 1 81
2534 6 201 81
2535 7 7 81
2536 11 183 81
2537 12 13 81
2538 13 47 81
2539 14 139 81
2540 15 119 81
2541 16 224 81
2542 3 57 82
2543 8 139 81
2544 9 249 81
2545 10 219 81
2546 4 186 82
2547 5 109 82
2548 6 156 82
2549 7 200 82
2550 8 57 82
2551 9 196 82
2552 10 256 82
2553 11 34 82
2554 12 88 82
2555 13 214 82
2556 14 135 82
2557 15 71 82
2558 16 131 82
2559 3 221 83
2560 4 214 83
2561 5 213 83
2562 6 254 83
2563 7 123 83
2564 8 89 83
2565 9 203 83
2566 10 251 83
2567 11 256 83
2568 12 3 83
2569 13 94 83
2570 14 25 83
2571 15 36 83
2572 16 88 83
2573 17 183 83
2574 2 203 84
2575 3 113 84
2576 4 103 84
2577 5 64 84
2578 6 230 84
2579 7 219 84
2580 8 56 84
2581 9 161 84
2582 10 102 84
2583 11 134 84
2584 12 227 84
2585 13 168 84
2586 14 203 84
2587 15 215 84
2588 16 39 84
2589 17 19 84
2590 18 230 84
2591 19 90 84
2592 2 234 85
2593 3 120 85
2594 4 232 85
2595 5 136 85
2596 6 68 85
2597 7 171 85
2598 8 199 85
2599 9 206 85
2600 10 98 85
2601 11 149 85
2602 12 128 85
2603 13 226 85
2604 14 217 85
2605 15 146 85
2606 16 186 85
2607 17 166 85
2608 18 22 85
2609 19 53 85
2610 1 103 86
2611 2 125 86
2612 3 257 86
2613 4 108 86
2614 5 115 86
2615 6 65 86
2616 7 11 86
2617 8 21 86
2618 9 34 86
2619 10 40 86
2620 11 14 86
2621 12 82 86
2622 13 25 86
2623 14 97 86
2624 15 102 86
2625 16 114 86
2626 17 145 86
2627 18 210 86
2628 19 50 86
2629 20 187 86
2630 1 88 87
2631 2 82 87
2632 3 178 87
2633 4 182 87
2634 5 58 87
2635 6 238 87
2636 7 42 87
2637 8 261 87
2638 9 244 87
2639 10 232 87
2640 11 247 87
2641 12 253 87
2642 13 124 87
2643 14 258 87
2644 15 98 87
2645 16 112 87
2646 17 167 87
2647 18 85 87
2648 19 11 87
2649 20 68 87
2650 21 185 87
2651 22 254 87
2652 0 179 88
2653 1 254 88
2654 2 130 88
2655 3 105 88
2656 4 145 88
2657 5 97 88
2658 6 103 88
2659 7 131 88
2660 8 234 88
2661 9 184 88
2662 10 130 88
2663 11 135 88
2664 12 18 88
2665 13 37 88
2666 14 44 88
2667 15 40 88
2668 16 73 88
2669 17 63 88
2670 18 81 88
2671 19 178 88
2672 20 195 88
2673 21 146 88
2674 22 203 88
2675 23 221 88
2676 0 122 89
2677 1 10 89
2678 2 182 89
2679 3 106 89
2680 4 218 89
2681 5 95 89
2682 6 206 89
2683 7 5 89
2684 8 110 89
2685 9 115 89
2686 10 183 89
2687 11 120 89
2688 12 195 89
2689 13 99 89
2690 14 85 89
2691 15 92 89
2692 16 252 89
2693 17 134 89
2694 18 135 89
2695 19 147 89
2696 20 166 89
2697 21 9 89
2698 22 243 89
2699 23 173 89
2700 0 215 90
2701 1 126 90
2702 2 182 90
2703 3 125 90
2704 4 136 90
2705 5 26 90
2706 6 144 90
2707 7 230 90
2708 8 33 90
2709 9 15 90
2710 10 121 90
2711 11 166 90
2712 12 143 90
2713 13 190 90
2714 14 213 90
2715 15 170 90
2716 16 7 90
2717 17 59 90
2718 18 206 90
2719 19 22 90
2720 20 121 90
2721 21 198 90
2722 22 175 90
2723 23 165 90
2724 24 147 90
2725 0 253 91
2726 1 165 91
2727 2 151 91
2728 3 31 91
2729 4 186 91
2730 5 139 91
2731 6 241 91
2732 7 48 91
2733 8 145 91
2734 9 7 91
2735 10 106 91
2736 11 81 91
2737 12 137 91
2738 13 231 91
2739 14 250 91
2740 15 137 91
2741 16 139 91
2742 17 27 91
2743 18 115 91
2744 19 174 91
2745 20 148 91
2746 21 222 91
2747 22 199 91
2748 23 37 91
2749 24 227 91
2750 25 115 91
2751 26 89 91
2752 0 25 92
2753 1 183 92
2754 2 245 92
2755 3 190 92
2756 4 11 92
2757 5 23 92
2758 6 93 92
2759 7 54 92
2760 8 220 92
2761 9 171 92
2762 10 77 92
2763 11 161 92
2764 12 193 92
2765 13 122 92
2766 14 246 92
2767 15 226 92
2768 16 99 92
2769 17 32 92
2770 18 23 92
2771 19 216 92
2772 20 220 92
2773 21 77 92
2774 22 242 92
2775 23 241 92
2776 24 84 92
2777 25 150 92
2778 26 238 92
2779 0 86 93
2780 1 115 93
2781 2 173 93
2782 3 162 93
2783 4 149 93
2784 5 59 93
2785 6 247 93
2786 7 257 93
2787 8 91 93
2788 9 83 93
2789 10 152 93
2790 11 138 93
2791 12 183 93
2792 13 245 93
2793 14 70 93
2794 15 8 93
2795 16 80 93
2796 17 172 93
2797 18 160 93
2798 19 224 93
2799 20 126 93
2800 21 246 93
2801 22 73 93
2802 23 160 93
2803 24 173 93
2804 25 20 93
2805 26 2 93
2806 27 223 93
2807 0 237 94
2808 1 219 94
2809 2 192 94
2810 3 241 94
2811 4 83 94
2812 5 34 94
2813 6 241 94
2814 7 232 94
2815 8 61 94
2816 9 4 94
2817 10 93 94
2818 11 28 94
2819 12 147 94
2820 13 196 94
2821 14 254 94
2822 15 209 94
2823 16 2 94
2824 17 71 94
2825 18 187 94
2826 19 117 94
2827 20 138 94
2828 21 14 94
2829 22 251 94
2830 23 9 94
2831 24 236 94
2832 25 238 94
2833 26 231 94
2834 27 84 94
2835 28 228 94
2836 29 150 94
2837 0 215 95
2838 1 152 95
2839 2 69 95
2840 3 247 95
2841 4 19 95
2842 5 117 95
2843 6 170 95
2844 7 209 95
2845 8 11 95
2846 9 22 95
2847 10 94 95
2848 11 70 95
2849 12 40 95
2850 13 85 95
2851 14 248 95
2852 15 91 95
2853 16 126 95
2854 17 113 95
2855 18 246 95
2856 19 209 95
2857 20 97 95
2858 21 20 95
2859 22 176 95
2860 23 66 95
2861 24 137 95
2862 25 76 95
2863 26 238 95
2864 27 127 95
2865 28 201 95
2866 29 242 95
2867 0 39 96
2868 1 2 96
2869 2 226 96
2870 3 235 96
2871 4 110 96
2872 5 135 96
2873 6 118 96
2874 7 131 96
2875 8 51 96
2876 9 228 96
2877 10 23 96
2878 11 82 96
2879 12 161 96
2880 13 26 96
2881 14 70 96
2882 15 130 96
2883 16 256 96
2884 17 214 96
2885 18 30 96
2886 19 57 96
2887 20 123 96
2888 21 71 96
2889 22 101 96
2890 23 50 96
2891 24 223 96
2892 25 31 96
2893 26 52 96
2894 27 225 96
2895 28 22 96
2896 29 51 96
2897 30 165 96
2898 0 157 97
2899 1 194 97
2900 2 70 97
2901 3 115 97
2902 4 92 97
2903 5 147 97
2904 6 104 97
2905 7 240 97
2906 8 79 97
2907 9 177 97
2908 11 162 97
2909 13 11 97
2910 15 243 97
2911 17 219 97
2912 18 54 97
2913 19 83 97
2914 20 86 97
2915 21 243 97
2916 22 115 97
2917 23 148 97
2918 24 248 97
2919 25 191 97
2920 26 122 97
2921 27 237 97
2922 28 240 97
2923 29 164 97
2924 30 172 97
2925 0 22 98
2926 1 88 98
2927 2 13 98
2928 3 45 98
2929 4 53 98
2930 5 113 98
2931 17 121 98
2932 18 179 98
2933 19 31 98
2934 20 111 98
2935 21 2 98
2936 22 229 98
2937 23 48 98
2938 24 151 98
2939 25 116 98
2940 26 147 98
2941 27 233 98
2942 28 188 98
2943 29 119 98
2944 30 21 98
2945 31 130 98
2946 0 226 99
2947 1 22 99
2948 2 235 99
2949 3 173 99
2950 4 56 99
2951 5 222 99
2952 20 96 99
2953 21 204 99
2954 22 49 99
2955 23 178 99
2956 24 254 99
2957 25 221 99
2958 26 140 99
2959 27 146 99
2960 28 153 99
2961 29 79 99
2962 30 210 99
2963 31 3 99
2964 32 82 99
2965 33 171 99
2966 0 93 100
2967 1 120 100
2968 2 118 100
2969 3 92 100
2970 4 240 100
2971 5 122 100
2972 21 133 100
2973 23 125 100
2974 24 242 100
2975 25 53 100
2976 26 185 100
2977 27 130 100
2978 28 137 100
2979 29 80 100
2980 30 171 100
2981 31 17 100
2982 32 153 100
2983 33 141 100
2984 0 94 101
2985 1 256 101
2986 2 230 101
2987 3 99 101
2988 4 113 101
2989 24 76 101
2990 25 207 101
2991 26 115 101
2992 27 47 101
2993 28 190 101
2994 29 78 101
2995 30 232 101
2996 31 140 101
2997 32 247 101
2998 33 90 101
2999 34 213 101
3000 0 150 102
3001 1 63 102
3002 2 195 102
3003 3 129 102
3004 4 73 102
3005 25 198 102
3006 27 202 102
3007 28 106 102
3008 31 106 102
3009 30 228 102
3010 29 218 102
3011 32 138 102
3012 33 187 102
3013 34 31 102
3014 35 175 102
3015 0 242 103
3016 1 20 103
3017 2 33 103
3018 3 60 103
3019 4 175 103
3020 27 144 103
3021 28 225 103
3022 31 114 103
3023 32 258 103
3024 33 227 103
3025 30 149 103
3026 34 134 103
3027 35 168 103
3028 29 114 103
3029 36 92 103
3030 0 120 104
3031 1 248 104
3032 2 102 104
3033 3 192 104
3034 30 198 104
3035 31 54 104
3036 32 225 104
3037 33 76 104
3038 34 21 104
3039 35 115 104
3040 36 96 104
3041 37 14 104
3042 0 157 105
3043 1 224 105
3044 2 144 105
3045 3 179 105
3046 31 150 105
3047 32 189 105
3048 34 38 105
3049 33 19 105
3050 35 12 105
3051 36 33 105
3052 37 155 105
3053 0 240 106
3054 1 197 106
3055 2 68 106
3056 3 6 106
3057 31 13 106
3058 32 132 106
3059 36 150 106
3060 35 75 106
3061 34 244 106
3062 37 188 106
3063 38 226 106
3064 33 19 106
3065 0 174 107
3066 1 60 107
3067 38 75 107
3068 2 43 107
3069 34 186 107
3070 37 188 107
3071 36 188 107
3072 35 94 107
3073 39 149 107
3074 0 128 108
3075 1 160 108
3076 2 110 108
3077 39 238 108
3078 38 94 108
3079 35 30 108
3080 40 44 108
3081 37 169 108
3082 36 169 108
3083 0 126 109
3084 1 19 109
3085 2 177 109
3086 40 25 109
3087 39 144 109
3088 38 216 109
3089 41 2 109
3090 0 249 110
3091 37 47 109
3092 1 174 110
3093 38 257 110
3094 41 119 110
3095 40 119 110
3096 39 191 110
3097 0 54 111
3098 1 141 111
3099 42 191 111
3100 39 71 111
3101 43 234 111
3102 41 72 111
3103 40 72 111
3104 0 116 112
3105 1 131 112
3106 42 36 112
3107 43 215 112
3108 0 83 113
3109 41 227 112
3110 44 239 113
3111 42 212 113
3112 0 4 114
3113 43 24 113
3114 45 12 114
3115 44 12 114
3116 0 1 115
3117 46 12 116
3118 45 257 115
3119 47 251 117
3120 48 156 118
3121 46 151 117
3122 44 97 115
3123 42 45 114
3124 40 62 112
3125 38 205 111
3126 36 224 109
3127 34 28 108
3128 32 90 107
3129 30 186 105
3130 28 147 104
3131 26 146 102
3132 24 95 102
3133 22 21 100
3134 20 192 100
3135 18 16 99
3136 16 261 97
3137 14 132 97
3138 12 164 97
3139 10 222 97
3140 6 76 98
3141 7 149 98
3142 8 95 98
3143 9 121 98
3144 10 260 98
3145 49 185 119
3146 47 112 118
3147 45 83 116
3148 43 15 114
3149 41 232 113
3150 39 107 112
3151 37 151 110
3152 35 166 109
3153 33 45 107
3154 31 186 107
3155 29 205 104
3156 27 146 104
3157 25 84 103
3158 23 256 101
3159 21 199 101
3160 19 8 99
3161 17 261 99
3162 15 131 98
3163 13 33 98
3164 11 189 98
3165 12 261 98
3166 14 118 98
3167 16 261 98
3168 6 19 99
3169 50 78 120
3170 48 138 119
3171 46 83 118
3172 44 15 116
3173 42 232 115
3174 40 156 113
3175 38 151 112
3176 36 97 110
3177 34 45 109
3178 32 201 108
3179 30 205 106
3180 28 39 105
3181 26 28 103
3182 24 256 103
3183 22 231 101
3184 20 8 101
3185 18 176 100
3186 7 6 99
3187 8 100 99
3188 9 262 99
3189 10 160 99
3190 11 95 99
3191 12 1 99
3192 51 78 122
3193 49 194 120
3194 47 180 119
3195 45 124 117
3196 43 165 115
3197 41 185 114
3198 39 125 113
3199 37 83 111
3200 35 248 110
3201 33 232 108
3202 31 205 108
3203 29 151 105
3204 27 28 105
3205 25 135 104
3206 23 186 102
3207 21 85 102
3208 19 88 100
3209 17 241 100
3210 15 126 99
3211 13 100 99
3212 14 167 99
3213 16 114 99
3214 52 237 123
3215 50 69 121
3216 48 203 120
3217 46 124 119
3218 44 165 117
3219 42 185 116
3220 40 138 114
3221 38 83 113
3222 36 15 111
3223 34 232 110
3224 32 107 109
3225 30 151 107
3226 28 166 106
3227 26 45 104
3228 24 186 104
3229 22 174 102
3230 20 88 102
3231 18 95 101
3232 6 4 100
3233 7 146 100
3234 8 142 100
3235 53 13 124
3236 51 69 123
3237 49 30 121
3238 47 139 120
3239 45 49 118
3240 43 237 116
3241 41 194 115
3242 39 60 114
3243 37 124 112
3244 35 98 111
3245 33 185 109
3246 31 151 109
3247 29 83 106
3248 27 45 106
3249 25 170 105
3250 23 205 103
3251 21 146 103
3252 19 179 101
3253 17 21 101
3254 15 71 100
3255 54 250 125
3256 52 240 124
3257 50 233 122
3258 48 129 121
3259 46 49 120
3260 44 237 118
3261 42 194 117
3262 40 203 115
3263 38 124 114
3264 36 165 112
3265 34 185 111
3266 32 125 110
3267 30 83 108
3268 28 248 107
3269 26 232 105
3270 24 205 105
3271 22 73 103
3272 20 179 103
3273 18 256 102
3274 55 250 127
3275 53 143 125
3276 51 233 124
3277 49 67 122
3278 47 214 121
3279 45 13 119
3280 43 240 117
3281 41 30 116
3282 39 134 115
3283 37 49 113
3284 35 26 112
3285 33 194 110
3286 31 83 110
3287 29 124 107
3288 27 232 107
3289 25 29 106
3290 23 151 104
3291 21 28 104
3292 57 196 128
3293 54 120 126
3294 52 10 125
3295 50 196 123
3296 48 104 122
3297 46 13 121
3298 44 240 119
3299 42 30 118
3300 40 129 116
3301 38 49 115
3302 36 237 113
3303 34 194 112
3304 32 60 111
3305 30 124 109
3306 28 98 108
3307 26 185 106
3308 24 151 106
3309 56 258 129
3310 55 120 128
3311 53 258 126
3312 51 196 125
3313 49 211 123
3314 47 250 122
3315 45 143 120
3316 43 10 118
3317 41 67 117
3318 39 159 116
3319 37 13 114
3320 35 23 113
3321 33 30 111
3322 31 124 111
3323 29 49 108
3324 27 185 108
3325 58 46 130
3326 57 252 129
3327 54 5 127
3328 52 110 126
3329 50 52 124
3330 48 92 123
3331 46 143 122
3332 44 10 120
3333 42 67 119
3334 40 104 117
3335 38 13 116
3336 36 240 114
3337 34 30 113
3338 32 134 112
3339 30 49 110
3340 59 46 132
3341 56 260 130
3342 55 5 129
3343 53 208 127
3344 51 52 126
3345 49 217 124
3346 47 120 123
3347 45 258 121
3348 43 110 119
3349 41 211 118
3350 39 171 117
3351 37 143 115
3352 35 253 114
3353 33 67 112
3354 61 90 133
3355 58 243 131
3356 57 238 130
3357 54 55 128
3358 52 158 127
3359 50 46 125
3360 48 223 124
3361 46 258 123
3362 44 110 121
3363 42 211 120
3364 40 92 118
3365 38 143 117
3366 36 10 115
3367 60 76 134
3368 59 243 133
3369 56 219 131
3370 55 55 130
3371 53 184 128
3372 51 46 127
3373 49 20 125
3374 47 5 124
3375 45 208 122
3376 43 158 120
3377 41 217 119
3378 39 40 118
3379 62 80 135
3380 61 80 134
3381 58 43 132
3382 57 255 131
3383 54 79 129
3384 52 160 128
3385 50 243 126
3386 48 86 125
3387 46 208 124
3388 44 158 122
3389 42 217 121
3390 63 80 137
3391 60 220 135
3392 59 43 134
3393 56 63 132
3394 55 79 131
3395 53 183 129
3396 51 243 128
3397 49 220 126
3398 47 55 125
3399 45 184 123
3400 64 183 138
3401 62 91 136
3402 61 75 135
3403 58 210 133
3404 57 219 132
3405 54 80 130
3406 52 182 129
3407 50 43 127
3408 48 157 126
3409 65 40 139
3410 63 91 138
3411 60 166 136
3412 59 210 135
3413 56 71 133
3414 55 80 132
3415 53 172 130
3416 51 43 129
3417 66 162 140
3418 64 172 139
3419 62 212 137
3420 61 123 136
3421 58 206 134
3422 56 80 134
3423 54 91 131
3424 67 162 142
3425 65 177 140
3426 63 212 139
3427 60 79 137
3428 59 206 136
3429 57 162 133
3430 68 101 143
3431 66 204 141
3432 64 51 140
3433 62 228 138
3434 61 206 137
3435 69 81 144
3436 67 204 143
3437 65 106 141
3438 63 228 140
3439 70 236 145
3440 68 59 144
3441 66 140 142
3442 71 27 146
3443 69 102 145
3444 72 27 148
3445 9 35 100
3446 10 100 100
3447 11 182 100
3448 12 126 100
3449 13 244 100
3450 14 138 100
3451 16 30 100
3452 5 71 101
3453 6 149 101
3454 7 187 101
3455 8 114 101
3456 9 124 101
3457 10 140 101
3458 13 239 101
3459 5 248 102
3460 5 248 103
3461 4 121 104
3462 5 102 104
3463 4 139 105
3464 4 139 106
3465 3 116 107
3466 4 30 107
3467 3 62 108
3468 3 62 109
3469 2 51 110
3470 11 40 101
3471 12 158 101
3472 14 205 101
3473 15 221 101
3474 16 27 101
3475 6 22 102
3476 7 107 102
3477 8 159 102
3478 9 131 102
3479 10 157 102
3480 11 197 102
3481 12 125 102
3482 13 174 102
3483 14 130 102
3484 15 214 102
3485 17 62 102
3486 19 85 102
3487 6 98 103
3488 6 98 104
3489 5 145 105
3490 6 44 105
3491 5 214 106
3492 5 214 107
3493 16 106 102
3494 7 237 103
3495 8 251 103
3496 9 8 103
3497 10 73 103
3498 11 30 103
3499 12 194 103
3500 13 184 103
3501 14 40 103
3502 15 5 103
3503 16 194 103
3504 17 53 103
3505 18 65 103
3506 19 181 103
3507 7 245 104
3508 8 7 104
3509 9 8 104
3510 10 114 104
3511 11 211 104
3512 18 216 104
3513 22 113 104
3514 12 164 104
3515 13 199 104
3516 14 251 104
3517 15 26 104
3518 16 9 104
3519 17 98 104
3520 19 235 104
3521 20 212 104
3522 7 48 105
3523 8 118 105
3524 9 5 105
3525 10 67 105
3526 11 258 105
3527 12 20 105
3528 13 184 105
3529 14 244 105
3530 15 116 105
3531 16 182 105
3532 17 125 105
3533 18 171 105
3534 19 249 105
3535 20 226 105
3536 21 190 105
3537 22 243 105
3538 23 195 105
3539 6 227 106
3540 7 163 106
3541 8 53 106
3542 9 19 106
3543 10 40 106
3544 11 83 106
3545 12 19 106
3546 13 127 106
3547 14 128 106
3548 15 39 106
3549 16 28 106
3550 17 196 106
3551 18 22 106
3552 19 184 106
3553 20 30 106
3554 21 24 106
3555 22 120 106
3556 23 170 106
3557 6 80 107
3558 7 187 107
3559 8 156 107
3560 9 208 107
3561 10 114 107
3562 11 172 107
3563 12 173 107
3564 13 19 107
3565 14 121 107
3566 15 206 107
3567 16 256 107
3568 17 160 107
3569 18 6 107
3570 19 211 107
3571 20 45 107
3572 21 168 107
3573 22 139 107
3574 23 189 107
3575 25 218 107
3576 24 69 107
3577 26 69 107
3578 4 68 108
3579 5 247 108
3580 6 151 108
3581 7 188 108
3582 8 211 108
3583 9 49 108
3584 10 197 108
3585 11 253 108
3586 12 41 108
3587 13 74 108
3588 14 157 108
3589 15 91 108
3590 16 35 108
3591 17 72 108
3592 18 235 108
3593 19 167 108
3594 20 102 108
3595 21 135 108
3596 22 220 108
3597 23 8 108
3598 24 243 108
3599 25 205 108
3600 26 55 108
3601 4 189 109
3602 5 90 109
3603 6 72 109
3604 7 84 109
3605 8 261 109
3606 9 96 109
3607 10 235 109
3608 11 92 109
3609 12 240 109
3610 13 3 109
3611 14 234 109
3612 15 7 109
3613 16 240 109
3614 17 182 109
3615 18 131 109
3616 19 215 109
3617 20 107 109
3618 21 47 109
3619 22 162 109
3620 23 2 109
3621 24 203 109
3622 25 75 109
3623 26 221 109
3624 27 186 109
3625 28 28 109
3626 29 55 109
3627 3 119 110
3628 4 224 110
3629 5 167 110
3630 6 35 110
3631 7 18 110
3632 8 64 110
3633 9 211 110
3634 10 196 110
3635 11 213 110
3636 12 223 110
3637 13 142 110
3638 14 77 110
3639 15 214 110
3640 16 262 110
3641 17 146 110
3642 18 51 110
3643 19 2 110
3644 20 220 110
3645 21 26 110
3646 22 181 110
3647 23 47 110
3648 24 149 110
3649 25 216 110
3650 26 192 110
3651 27 37 110
3652 28 113 110
3653 29 173 110
3654 2 211 111
3655 3 205 111
3656 4 21 111
3657 5 57 111
3658 6 229 111
3659 7 95 111
3660 8 34 111
3661 9 213 111
3662 10 134 111
3663 11 73 111
3664 12 61 111
3665 13 41 111
3666 14 152 111
3667 15 104 111
3668 16 35 111
3669 17 210 111
3670 18 55 111
3671 19 10 111
3672 20 152 111
3673 21 34 111
3674 22 4 111
3675 23 183 111
3676 24 109 111
3677 25 82 111
3678 26 193 111
3679 27 65 111
3680 28 12 111
3681 29 34 111
3682 30 133 111
3683 2 133 112
3684 3 102 112
3685 4 39 112
3686 5 78 112
3687 6 210 112
3688 7 204 112
3689 8 35 112
3690 9 67 112
3691 10 212 112
3692 11 54 112
3693 12 214 112
3694 13 125 112
3695 14 2 112
3696 15 123 112
3697 16 149 112
3698 17 46 112
3699 18 245 112
3700 19 41 112
3701 20 251 112
3702 21 227 112
3703 22 235 112
3704 23 110 112
3705 24 96 112
3706 25 103 112
3707 26 25 112
3708 27 195 112
3709 28 77 112
3710 29 250 112
3711 30 257 112
3712 31 20 112
3713 1 175 113
3714 2 80 113
3715 3 226 113
3716 4 36 113
3717 5 136 113
3718 6 186 113
3719 7 177 113
3720 8 262 113
3721 9 243 113
3722 10 221 113
3723 11 193 113
3724 12 100 113
3725 13 217 113
3726 14 58 113
3727 15 105 113
3728 16 145 113
3729 17 107 113
3730 18 65 113
3731 19 152 113
3732 20 29 113
3733 21 130 113
3734 22 33 113
3735 23 136 113
3736 24 163 113
3737 25 232 113
3738 26 205 113
3739 27 74 113
3740 28 107 113
3741 29 70 113
3742 30 21 113
3743 31 161 113
3744 32 163 113
3745 33 153 113
3746 1 30 114
3747 2 244 114
3748 3 39 114
3749 4 68 114
3750 5 240 114
3751 6 223 114
3752 7 17 114
3753 8 169 114
3754 9 205 114
3755 10 25 114
3756 11 79 114
3757 12 189 114
3758 13 64 114
3759 14 115 114
3760 15 180 114
3761 17 232 114
3762 16 160 114
3763 18 67 114
3764 19 239 114
3765 20 207 114
3766 21 174 114
3767 22 72 114
3768 23 225 114
3769 24 202 114
3770 25 41 114
3771 26 261 114
3772 27 219 114
3773 28 36 114
3774 29 149 114
3775 30 120 114
3776 31 244 114
3777 32 218 114
3778 33 40 114
3779 34 140 114
3780 1 126 115
3781 2 177 115
3782 3 60 115
3783 4 36 115
3784 5 130 115
3785 6 17 115
3786 7 166 115
3787 8 145 115
3788 9 261 115
3789 10 108 115
3790 11 1 115
3791 12 182 115
3792 14 49 115
3793 13 190 115
3794 15 114 115
3795 16 194 115
3796 17 230 115
3797 18 244 115
3798 19 37 115
3799 20 116 115
3800 21 196 115
3801 22 48 115
3802 23 241 115
3803 24 143 115
3804 25 75 115
3805 26 39 115
3806 27 184 115
3807 28 114 115
3808 29 226 115
3809 30 112 115
3810 31 148 115
3811 32 72 115
3812 33 117 115
3813 34 215 115
3814 35 228 115
3815 0 239 116
3816 1 47 116
3817 2 187 116
3818 3 142 116
3819 4 233 116
3820 5 99 116
3821 6 54 116
3822 7 5 116
3823 8 30 116
3824 9 244 116
3825 10 91 116
3826 11 165 116
3827 12 169 116
3828 13 76 116
3829 14 117 116
3830 15 82 116
3831 16 78 116
3832 17 171 116
3833 18 137 116
3834 19 83 116
3835 20 1 116
3836 21 156 116
3837 22 244 116
3838 23 116 116
3839 24 40 116
3840 25 150 116
3841 26 226 116
3842 27 242 116
3843 28 114 116
3844 30 134 116
3845 29 160 116
3846 31 246 116
3847 32 125 116
3848 33 260 116
3849 34 2 116
3850 35 141 116
3851 36 226 116
3852 37 191 116
3853 0 227 117
3854 1 134 117
3855 2 108 117
3856 3 137 117
3857 4 41 117
3858 5 125 117
3859 6 123 117
3860 8 227 117
3861 7 44 117
3862 9 38 117
3863 10 192 117
3864 11 127 117
3865 12 145 117
3866 13 187 117
3867 14 168 117
3868 15 112 117
3869 16 119 117
3870 17 40 117
3871 18 78 117
3872 19 255 117
3873 20 112 117
3874 21 100 117
3875 22 92 117
3876 23 201 117
3877 24 97 117
3878 25 210 117
3879 26 210 117
3880 27 234 117
3881 28 109 117
3882 29 12 117
3883 30 124 117
3884 31 225 117
3885 32 219 117
3886 33 74 117
3887 34 36 117
3888 35 180 117
3889 36 190 117
3890 37 58 117
3891 0 72 118
3892 1 108 118
3893 2 161 118
3894 3 198 118
3895 4 64 118
3896 5 226 118
3897 6 201 118
3898 7 184 118
3899 8 31 118
3900 9 121 118
3901 10 198 118
3902 11 89 118
3903 12 198 118
3904 13 247 118
3905 14 52 118
3906 15 246 118
3907 16 70 118
3908 17 140 118
3909 18 221 118
3910 19 10 118
3911 20 178 118
3912 21 257 118
3913 22 192 118
3914 23 103 118
3915 24 168 118
3916 25 121 118
3917 26 203 118
3918 27 133 118
3919 28 84 118
3920 29 16 118
3921 30 173 118
3922 31 116 118
3923 32 59 118
3924 33 215 118
3925 34 141 118
3926 35 59 118
3927 36 167 118
3928 37 3 118
3929 38 188 118
3930 0 185 119
3931 1 81 119
3932 2 227 119
3933 3 92 119
3934 4 75 119
3935 5 112 119
3936 6 61 119
3937 7 72 119
3938 8 8 119
3939 9 134 119
3940 10 168 119
3941 11 84 119
3942 12 154 119
3943 13 253 119
3944 14 36 119
3945 15 109 119
3946 16 14 119
3947 17 175 119
3948 18 231 119
3949 19 239 119
3950 20 115 119
3951 21 128 119
3952 22 136 119
3953 23 240 119
3954 24 146 119
3955 25 31 119
3956 26 118 119
3957 27 22 119
3958 28 206 119
3959 29 107 119
3960 30 43 119
3961 31 161 119
3962 32 88 119
3963 33 120 119
3964 34 219 119
3965 39 35 119
3966 35 27 119
3967 36 88 119
3968 37 174 119
3969 38 149 119
3970 40 216 119
3971 0 62 120
3972 1 101 120
3973 2 106 120
3974 3 41 120
3975 4 72 120
3976 5 134 120
3977 6 15 120
3978 7 148 120
3979 8 112 120
3980 9 190 120
3981 10 257 120
3982 11 235 120
3983 12 115 120
3984 13 195 120
3985 14 209 120
3986 15 36 120
3987 16 257 120
3988 17 39 120
3989 18 93 120
3990 19 13 120
3991 20 19 120
3992 21 247 120
3993 22 139 120
3994 23 108 120
3995 24 157 120
3996 25 163 120
3997 26 202 120
3998 27 249 120
3999 28 75 120
4000 29 119 120
4001 30 33 120
4002 31 63 120
4003 32 222 120
4004 33 187 120
4005 34 223 120
4006 35 202 120
4007 36 194 120
4008 37 161 120
4009 38 7 120
4010 39 194 120
4011 40 224 120
4012 41 172 120
4013 0 171 121
4014 1 32 121
4015 2 61 121
4016 3 103 121
4017 4 152 121
4018 5 185 121
4019 6 120 121
4020 7 141 121
4021 8 131 121
4022 9 130 121
4023 10 219 121
4024 11 135 121
4025 12 149 121
4026 13 43 121
4027 14 249 121
4028 15 102 121
4029 16 104 121
4030 17 238 121
4031 18 132 121
4032 19 37 121
4033 20 20 121
4034 21 191 121
4035 22 103 121
4036 23 174 121
4037 24 74 121
4038 25 228 121
4039 26 139 121
4040 27 42 121
4041 28 145 121
4042 29 96 121
4043 30 193 121
4044 31 147 121
4045 32 138 121
4046 33 221 121
4047 34 195 121
4048 35 67 121
4049 36 205 121
4050 37 100 121
4051 38 39 121
4052 39 144 121
4053 40 161 121
4054 41 154 121
4055 43 145 121
4056 0 234 122
4057 1 157 122
4058 2 188 122
4059 3 242 122
4060 4 246 122
4061 5 232 122
4062 6 241 122
4063 7 82 122
4064 8 256 122
4065 9 179 122
4066 10 19 122
4067 11 8 122
4068 12 186 122
4069 13 78 122
4070 14 247 122
4071 15 57 122
4072 16 173 122
4073 17 215 122
4074 18 66 122
4075 19 47 122
4076 20 35 122
4077 21 132 122
4078 22 126 122
4079 23 31 122
4080 24 252 122
4081 25 34 122
4082 26 241 122
4083 27 2 122
4084 28 100 122
4085 29 239 122
4086 30 80 122
4087 31 197 122
4088 32 111 122
4089 33 8 122
4090 34 129 122
4091 35 204 122
4092 36 172 122
4093 37 68 122
4094 38 145 122
4095 39 47 122
4096 40 21 122
4097 41 200 122
4098 42 126 122
4099 43 239 122
4100 0 31 123
4101 1 126 123
4102 2 64 123
4103 3 63 123
4104 4 215 123
4105 5 173 123
4106 6 173 123
4107 7 75 123
4108 8 257 123
4109 9 159 123
4110 10 41 123
4111 11 142 123
4112 12 187 123
4113 13 173 123
4114 14 157 123
4115 15 79 123
4116 16 71 123
4117 17 219 123
4118 18 3 123
4119 19 70 123
4120 20 115 123
4121 21 215 123
4122 22 19 123
4123 23 25 123
4124 24 22 123
4125 25 205 123
4126 26 17 123
4127 27 92 123
4128 28 137 123
4129 29 209 123
4130 30 217 123
4131 31 134 123
4132 32 162 123
4133 33 57 123
4134 34 159 123
4135 44 61 123
4136 35 67 123
4137 36 183 123
4138 42 93 123
4139 37 158 123
4140 39 215 123
4141 38 133 123
4142 40 70 123
4143 41 124 123
4144 43 92 123
4145 0 96 124
4146 1 236 124
4147 2 148 124
4148 3 220 124
4149 4 9 124
4150 5 97 124
4151 6 96 124
4152 7 75 124
4153 8 88 124
4154 9 101 124
4155 10 58 124
4156 11 161 124
4157 12 4 124
4158 13 94 124
4159 14 83 124
4160 15 30 124
4161 16 6 124
4162 17 33 124
4163 18 172 124
4164 19 146 124
4165 20 242 124
4166 45 155 124
4167 21 194 124
4168 22 137 124
4169 42 120 124
4170 23 95 124
4171 24 176 124
4172 25 238 124
4173 39 16 124
4174 38 109 124
4175 26 171 124
4176 27 62 124
4177 28 67 124
4178 29 140 124
4179 30 248 124
4180 31 74 124
4181 32 91 124
4182 33 126 124
4183 34 2 124
4184 35 2 124
4185 36 256 124
4186 37 214 124
4187 40 121 124
4188 41 258 124
4189 43 262 124
4190 44 94 124
4191 0 253 125
4192 1 28 125
4193 2 204 125
4194 3 98 125
4195 4 55 125
4196 46 108 125
4197 5 113 125
4198 6 211 125
4199 44 36 125
4200 7 1 125
4201 8 179 125
4202 9 147 125
4203 10 146 125
4204 39 170 125
4205 11 73 125
4206 12 142 125
4207 13 214 125
4208 14 90 125
4209 16 56 125
4210 15 183 125
4211 17 24 125
4212 32 145 125
4213 18 210 125
4214 19 42 125
4215 30 6 125
4216 20 48 125
4217 21 16 125
4218 22 12 125
4219 24 146 125
4220 25 201 125
4221 23 193 125
4222 26 62 125
4223 27 125 125
4224 28 141 125
4225 47 209 126
4226 45 254 125
4227 0 95 126
4228 45 251 126
4229 42 132 125
4230 43 218 125
4231 1 256 126
4232 41 85 125
4233 40 85 125
4234 38 31 125
4235 2 186 126
4236 38 129 126
4237 36 98 125
4238 35 153 125
4239 37 242 125
4240 34 204 125
4241 33 68 125
4242 31 127 125
4243 3 83 126
4244 4 97 126
4245 29 145 125
4246 5 227 126
4247 6 14 126
4248 7 5 126
4249 8 57 126
4250 24 116 126
4251 9 176 126
4252 25 114 126
4253 48 145 127
4254 46 9 126
4255 0 221 127
4256 46 12 127
4257 44 3 126
4258 42 181 126
4259 1 64 127
4260 43 188 126
4261 41 147 126
4262 39 58 126
4263 40 147 126
4264 2 53 127
4265 31 77 126
4266 36 55 126
4267 37 102 126
4268 35 212 126
4269 34 195 126
4270 32 34 126
4271 33 65 126
4272 3 10 127
4273 30 132 126
4274 27 17 126
4275 4 69 127
4276 28 88 126
4277 29 89 126
4278 26 68 126
4279 5 170 127
4280 49 136 127
4281 47 127 127
4282 0 121 128
4283 47 257 128
4284 45 262 127
4285 44 262 127
4286 1 16 128
4287 42 240 127
4288 43 113 127
4289 39 251 127
4290 41 214 127
4291 40 214 127
4292 38 208 127
4293 6 89 127
4294 2 31 128
4295 36 157 127
4296 35 17 127
4297 32 75 127
4298 34 198 127
4299 33 66 127
4300 31 131 127
4301 30 219 127
4302 37 5 127
4303 27 151 127
4304 28 146 127
4305 24 253 127
4306 50 195 128
4307 48 34 128
4308 49 130 128
4309 0 77 129
4310 46 1 128
4311 45 88 128
4312 1 4 129
4313 44 88 128
4314 42 101 128
4315 3 213 128
4316 43 40 128
4317 41 104 128
4318 39 211 128
4319 38 106 128
4320 40 136 128
4321 4 123 128
4322 36 123 128
4323 5 144 128
4324 35 82 128
4325 34 197 128
4326 32 33 128
4327 31 44 128
4328 33 161 128
4329 30 190 128
4330 29 112 127
4331 51 195 130
4332 48 102 129
4333 50 198 129
4334 49 132 129
4335 47 131 129
4336 46 175 129
4337 0 102 130
4338 45 146 129
4339 44 146 129
4340 2 11 129
4341 42 199 129
4342 43 201 129
4343 3 108 129
4344 39 105 129
4345 40 53 129
4346 38 140 129
4347 37 41 128
4348 4 16 129
4349 36 222 129
4350 35 148 129
4351 5 105 129
4352 32 252 129
4353 33 95 129
4354 31 73 129
4355 52 246 130
4356 1 232 130
4357 0 6 131
4358 50 197 130
4359 48 33 130
4360 47 44 130
4361 49 26 130
4362 46 117 130
4363 45 39 130
4364 2 200 130
4365 44 39 130
4366 42 80 130
4367 41 184 129
4368 3 96 130
4369 41 70 130
4370 39 228 130
4371 38 41 130
4372 4 4 130
4373 37 74 129
4374 36 189 130
4375 34 126 129
4376 5 44 130
4377 34 168 130
4378 53 181 131
4379 51 82 131
4380 52 181 131
4381 0 198 132
4382 1 53 131
4383 48 252 131
4384 49 190 131
4385 47 73 131
4386 46 224 131
4387 2 50 131
4388 45 250 131
4389 44 250 131
4390 43 112 130
4391 3 24 131
4392 42 74 131
4393 40 114 130
4394 39 187 131
4395 4 1 131
4396 38 74 131
4397 37 63 130
4398 35 100 130
4399 5 11 131
4400 54 41 132
4401 51 33 132
4402 53 115 132
4403 52 115 132
4404 50 126 131
4405 1 37 132
4406 50 168 132
4407 48 179 132
4408 47 151 132
4409 2 144 132
4410 46 13 132
4411 45 92 132
4412 43 111 131
4413 3 6 132
4414 42 83 132
4415 41 225 131
4416 40 225 131
4417 4 66 132
4418 39 113 132
4419 38 63 132
4420 36 213 131
4421 55 222 133
4422 0 222 133
4423 54 74 133
4424 53 137 133
4425 51 126 133
4426 1 75 133
4427 52 43 133
4428 49 235 132
4429 48 28 133
4430 2 36 133
4431 47 125 133
4432 46 171 133
4433 44 240 132
4434 3 133 133
4435 44 57 133
4436 43 38 132
4437 41 188 132
4438 4 148 133
4439 40 188 132
4440 39 50 133
4441 57 79 134
4442 0 187 134
4443 55 189 134
4444 54 63 134
4445 1 205 134
4446 51 221 134
4447 52 42 134
4448 50 14 133
4449 49 97 133
4450 2 9 134
4451 48 166 134
4452 47 46 134
4453 45 183 133
4454 3 99 134
4455 45 244 134
4456 42 202 133
4457 43 14 133
4458 4 37 134
4459 41 25 133
4460 56 21 135
4461 0 244 135
4462 57 237 135
4463 55 200 135
4464 53 121 134
4465 1 54 135
4466 53 249 135
4467 51 14 135
4468 50 83 134
4469 2 68 135
4470 49 143 134
4471 48 120 135
4472 46 80 134
4473 3 222 135
4474 46 19 135
4475 44 202 134
4476 42 15 134
4477 4 75 135
4478 58 75 135
4479 0 61 136
4480 56 30 136
4481 57 209 136
4482 54 71 135
4483 1 145 136
4484 54 7 136
4485 52 135 135
4486 51 83 136
4487 2 17 136
4488 50 60 135
4489 49 40 135
4490 47 223 135
4491 3 187 136
4492 47 122 136
4493 45 108 135
4494 44 108 135
4495 59 75 137
4496 0 81 137
4497 58 238 136
4498 56 112 137
4499 55 192 136
4500 1 102 137
4501 55 256 137
4502 53 218 136
4503 52 218 136
4504 2 70 137
4505 51 60 137
4506 50 243 136
4507 48 10 136
4508 49 162 136
4509 3 130 137
4510 46 155 136
4511 60 102 138
4512 0 86 138
4513 59 238 138
4514 58 96 137
4515 57 183 137
4516 1 157 138
4517 56 50 138
4518 54 154 137
4519 53 15 137
4520 2 149 138
4521 52 15 137
4522 51 243 138
4523 48 250 137
4524 50 182 137
4525 49 209 137
4526 61 11 138
4527 0 153 139
4528 60 145 139
4529 59 96 139
4530 57 167 138
4531 58 231 138
4532 1 175 139
4533 55 109 138
4534 54 124 138
4535 2 103 139
4536 53 258 138
4537 52 258 138
4538 3 81 138
4539 3 81 139
4540 62 36 139
4541 0 104 140
4542 61 256 139
4543 60 139 140
4544 56 13 139
4545 1 92 140
4546 58 186 139
4547 56 109 140
4548 55 139 139
4549 57 144 139
4550 54 134 139
4551 53 177 139
4552 51 86 139
4553 63 36 141
4554 0 26 141
4555 62 251 140
4556 61 209 140
4557 59 8 140
4558 1 23 141
4559 59 186 141
4560 2 3 140
4561 57 116 140
4562 58 131 140
4563 55 129 140
4564 54 43 140
4565 64 18 141
4566 0 138 142
4567 63 251 142
4568 62 4 141
4569 60 255 141
4570 61 89 141
4571 1 35 142
4572 2 216 141
4573 56 134 141
4574 58 196 141
4575 57 251 141
4576 65 257 142
4577 0 166 143
4578 64 257 142
4579 63 4 143
4580 60 259 142
4581 62 174 142
4582 61 179 142
4583 59 147 142
4584 2 98 142
4585 1 110 143
4586 66 133 143
4587 0 173 144
4588 65 2 143
4589 64 2 143
4590 2 93 143
4591 1 62 144
4592 62 205 143
4593 60 243 143
4594 59 214 143
4595 67 130 144
4596 0 109 145
4597 66 131 144
4598 65 87 144
4599 63 88 144
4600 64 87 144
4601 1 65 145
4602 61 121 143
4603 68 198 145
4604 0 93 146
4605 67 132 145
4606 66 44 145
4607 63 51 145
4608 65 234 145
4609 64 234 145
4610 69 197 146
4611 70 66 146
4612 68 197 146
4613 67 219 146
4614 1 190 146
4615 66 73 146
4616 0 88 147
4617 71 230 147
4618 69 22 147
4619 68 22 147
4620 1 179 147
4621 0 22 148
4622 0 22 149
4623 70 137 147
4624 69 168 148
4625 72 74 149
4626 73 252 149
4627 71 63 148
4628 0 100 150
4629 0 100 151
4630 74 200 151
4631 10 216 126
4632 11 252 126
4633 12 152 126
4634 13 1 126
4635 14 12 126
4636 15 180 126
4637 16 233 126
4638 17 202 126
4639 18 20 126
4640 19 28 126
4641 20 79 126
4642 21 187 126
4643 22 19 126
4644 23 189 126
4645 7 164 127
4646 8 204 127
4647 9 128 127
4648 10 5 127
4649 11 225 127
4650 12 139 127
4651 13 102 127
4652 14 216 127
4653 15 249 127
4654 16 179 127
4655 17 162 127
4656 18 131 127
4657 19 19 127
4658 20 246 127
4659 21 99 127
4660 22 20 127
4661 23 173 127
4662 25 65 127
4663 26 198 127
4664 6 35 128
4665 7 208 128
4666 8 171 128
4667 9 79 128
4668 10 185 128
4669 11 211 128
4670 12 183 128
4671 13 111 128
4672 14 218 128
4673 15 42 128
4674 16 221 128
4675 17 117 128
4676 18 138 128
4677 19 174 128
4678 20 11 128
4679 21 217 128
4680 22 9 128
4681 23 31 128
4682 24 15 128
4683 25 202 128
4684 26 69 128
4685 27 241 128
4686 28 245 128
4687 29 195 128
4688 6 212 129
4689 7 58 129
4690 8 37 129
4691 9 82 129
4692 10 197 129
4693 11 98 129
4694 12 193 129
4695 13 256 129
4696 14 60 129
4697 16 83 129
4698 15 111 129
4699 17 31 129
4700 18 16 129
4701 19 113 129
4702 20 124 129
4703 21 154 129
4704 22 32 129
4705 23 52 129
4706 24 221 129
4707 25 156 129
4708 26 229 129
4709 27 105 129
4710 28 255 129
4711 29 116 129
4712 30 210 129
4713 6 213 130
4714 7 238 130
4715 8 81 130
4716 9 107 130
4717 10 215 130
4718 11 71 130
4719 12 254 130
4720 13 191 130
4721 14 105 130
4722 16 162 130
4723 15 175 130
4724 17 60 130
4725 18 1 130
4726 19 115 130
4727 20 68 130
4728 21 231 130
4729 22 122 130
4730 23 193 130
4731 24 208 130
4732 25 247 130
4733 26 204 130
4734 27 152 130
4735 28 220 130
4736 29 76 130
4737 30 188 130
4738 31 214 130
4739 32 48 130
4740 33 196 130
4741 6 116 131
4742 7 205 131
4743 8 118 131
4744 9 254 131
4745 10 95 131
4746 11 245 131
4747 12 217 131
4748 13 20 131
4749 14 76 131
4750 15 247 131
4751 16 45 131
4752 17 138 131
4753 18 179 131
4754 19 147 131
4755 20 64 131
4756 21 226 131
4757 22 25 131
4758 23 126 131
4759 24 227 131
4760 25 166 131
4761 26 34 131
4762 27 152 131
4763 28 36 131
4764 29 238 131
4765 30 100 131
4766 31 167 131
4767 32 228 131
4768 33 12 131
4769 34 213 131
4770 35 4 131
4771 37 137 131
4772 5 94 132
4773 6 44 132
4774 7 15 132
4775 8 210 132
4776 9 225 132
4777 10 205 132
4778 11 56 132
4779 12 126 132
4780 13 65 132
4781 14 216 132
4782 15 52 132
4783 16 129 132
4784 17 9 132
4785 18 11 132
4786 19 63 132
4787 20 81 132
4788 21 110 132
4789 22 203 132
4790 23 103 132
4791 24 207 132
4792 25 162 132
4793 26 116 132
4794 27 128 132
4795 28 198 132
4796 29 18 132
4797 30 36 132
4798 31 131 132
4799 32 47 132
4800 33 72 132
4801 34 187 132
4802 35 194 132
4803 36 159 132
4804 37 106 132
4805 5 100 133
4806 6 129 133
4807 7 81 133
4808 8 150 133
4809 9 174 133
4810 10 149 133
4811 11 28 133
4812 12 65 133
4813 13 115 133
4814 14 4 133
4815 15 239 133
4816 16 55 133
4817 17 187 133
4818 18 22 133
4819 19 126 133
4820 20 78 133
4821 21 9 133
4822 22 85 133
4823 23 153 133
4824 24 147 133
4825 25 45 133
4826 26 198 133
4827 28 56 133
4828 27 50 133
4829 29 190 133
4830 30 60 133
4831 31 203 133
4832 32 113 133
4833 33 56 133
4834 34 130 133
4835 35 259 133
4836 36 95 133
4837 37 134 133
4838 38 126 133
4839 40 141 133
4840 5 145 134
4841 6 88 134
4842 7 259 134
4843 8 134 134
4844 9 79 134
4845 10 1 134
4846 11 45 134
4847 12 154 134
4848 13 45 134
4849 14 92 134
4850 15 91 134
4851 16 83 134
4852 17 127 134
4853 18 125 134
4854 19 141 134
4855 20 206 134
4856 21 109 134
4857 22 232 134
4858 23 70 134
4859 24 59 134
4860 25 261 134
4861 26 137 134
4862 27 133 134
4863 28 75 134
4864 29 49 134
4865 30 41 134
4866 31 103 134
4867 32 64 134
4868 33 233 134
4869 34 253 134
4870 35 226 134
4871 36 31 134
4872 37 159 134
4873 38 159 134
4874 39 260 134
4875 40 187 134
4876 41 195 134
4877 43 123 134
4878 5 78 135
4879 6 91 135
4880 7 223 135
4881 8 250 135
4882 9 28 135
4883 10 125 135
4884 11 25 135
4885 12 234 135
4886 13 91 135
4887 14 241 135
4888 15 104 135
4889 16 42 135
4890 17 254 135
4891 18 149 135
4892 19 157 135
4893 20 246 135
4894 21 47 135
4895 22 214 135
4896 23 127 135
4897 24 130 135
4898 25 85 135
4899 26 114 135
4900 27 158 135
4901 28 142 135
4902 29 97 135
4903 30 193 135
4904 31 7 135
4905 32 119 135
4906 33 52 135
4907 34 26 135
4908 35 38 135
4909 36 98 135
4910 37 79 135
4911 38 59 135
4912 39 187 135
4913 40 5 135
4914 41 60 135
4915 42 120 135
4916 43 214 135
4917 4 233 136
4918 5 49 136
4919 6 239 136
4920 7 223 136
4921 8 245 136
4922 9 92 136
4923 10 97 136
4924 11 163 136
4925 12 42 136
4926 13 77 136
4927 14 259 136
4928 15 103 136
4929 16 187 136
4930 17 139 136
4931 18 131 136
4932 19 238 136
4933 20 243 136
4934 21 253 136
4935 22 124 136
4936 23 197 136
4937 24 181 136
4938 25 114 136
4939 26 64 136
4940 27 231 136
4941 28 94 136
4942 29 70 136
4943 30 230 136
4944 31 36 136
4945 32 64 136
4946 33 29 136
4947 34 255 136
4948 35 56 136
4949 36 201 136
4950 37 95 136
4951 38 46 136
4952 39 144 136
4953 40 121 136
4954 41 180 136
4955 42 166 136
4956 43 183 136
4957 44 221 136
4958 45 164 136
4959 4 9 137
4960 5 234 137
4961 6 14 137
4962 7 147 137
4963 8 174 137
4964 9 89 137
4965 10 235 137
4966 11 159 137
4967 12 20 137
4968 13 54 137
4969 14 123 137
4970 15 183 137
4971 16 208 137
4972 17 126 137
4973 18 148 137
4974 19 237 137
4975 20 72 137
4976 21 93 137
4977 22 257 137
4978 23 220 137
4979 24 23 137
4980 25 105 137
4981 26 39 137
4982 27 35 137
4983 28 254 137
4984 29 20 137
4985 30 169 137
4986 31 64 137
4987 32 34 137
4988 33 242 137
4989 34 102 137
4990 35 106 137
4991 36 137 137
4992 37 179 137
4993 38 153 137
4994 39 82 137
4995 40 220 137
4996 41 4 137
4997 42 68 137
4998 43 31 137
4999 44 177 137
5000 45 38 137
5001 46 122 137
5002 47 61 137
5003 4 39 138
5004 5 63 138
5005 6 176 138
5006 7 98 138
5007 8 152 138
5008 9 130 138
5009 10 181 138
5010 11 188 138
5011 12 166 138
5012 13 103 138
5013 14 142 138
5014 15 89 138
5015 16 199 138
5016 17 106 138
5017 18 52 138
5018 19 257 138
5019 20 247 138
5020 21 56 138
5021 22 232 138
5022 23 223 138
5023 24 67 138
5024 25 191 138
5025 26 25 138
5026 27 60 138
5027 28 125 138
5028 29 48 138
5029 30 206 138
5030 31 190 138
5031 32 53 138
5032 33 260 138
5033 34 210 138
5034 35 133 138
5035 36 2 138
5036 37 241 138
5037 38 178 138
5038 39 110 138
5039 40 215 138
5040 41 240 138
5041 42 43 138
5042 43 17 138
5043 44 166 138
5044 45 6 138
5045 46 139 138
5046 47 111 138
5047 48 124 138
5048 49 114 138
5049 50 120 138
5050 4 149 139
5051 5 86 139
5052 6 58 139
5053 7 187 139
5054 8 139 139
5055 9 105 139
5056 10 252 139
5057 11 83 139
5058 12 97 139
5059 13 117 139
5060 14 134 139
5061 15 204 139
5062 16 238 139
5063 17 20 139
5064 18 173 139
5065 19 40 139
5066 20 105 139
5067 21 134 139
5068 22 107 139
5069 23 133 139
5070 24 108 139
5071 25 13 139
5072 26 149 139
5073 27 75 139
5074 28 104 139
5075 29 8 139
5076 30 77 139
5077 31 228 139
5078 32 120 139
5079 33 23 139
5080 34 98 139
5081 35 76 139
5082 36 84 139
5083 37 37 139
5084 38 196 139
5085 39 252 139
5086 40 40 139
5087 41 119 139
5088 42 261 139
5089 43 57 139
5090 44 194 139
5091 45 63 139
5092 46 46 139
5093 47 113 139
5094 48 197 139
5095 49 205 139
5096 50 259 139
5097 52 30 139
5098 3 259 140
5099 4 90 140
5100 5 24 140
5101 6 221 140
5102 7 27 140
5103 8 202 140
5104 9 82 140
5105 10 29 140
5106 11 249 140
5107 12 92 140
5108 13 38 140
5109 14 240 140
5110 15 127 140
5111 16 193 140
5112 17 203 140
5113 18 74 140
5114 19 253 140
5115 20 231 140
5116 21 216 140
5117 22 166 140
5118 23 116 140
5119 24 167 140
5120 26 191 140
5121 25 5 140
5122 27 240 140
5123 28 233 140
5124 29 125 140
5125 30 45 140
5126 31 52 140
5127 32 141 140
5128 33 38 140
5129 34 237 140
5130 35 148 140
5131 36 87 140
5132 37 238 140
5133 38 258 140
5134 39 211 140
5135 40 104 140
5136 41 242 140
5137 42 184 140
5138 43 115 140
5139 44 161 140
5140 45 174 140
5141 46 228 140
5142 47 63 140
5143 48 197 140
5144 49 38 140
5145 50 85 140
5146 51 19 140
5147 52 8 140
5148 53 167 140
5149 3 7 141
5150 4 252 141
5151 5 181 141
5152 6 164 141
5153 7 152 141
5154 8 222 141
5155 9 59 141
5156 10 97 141
5157 11 142 141
5158 12 150 141
5159 13 136 141
5160 14 194 141
5161 15 234 141
5162 16 205 141
5163 17 55 141
5164 18 189 141
5165 19 227 141
5166 20 15 141
5167 21 262 141
5168 22 229 141
5169 23 183 141
5170 25 70 141
5171 24 98 141
5172 26 155 141
5173 27 243 141
5174 28 96 141
5175 30 134 141
5176 29 236 141
5177 31 53 141
5178 32 82 141
5179 33 247 141
5180 34 81 141
5181 35 18 141
5182 36 179 141
5183 37 187 141
5184 38 175 141
5185 39 66 141
5186 40 51 141
5187 41 257 141
5188 42 191 141
5189 43 246 141
5190 44 33 141
5191 45 139 141
5192 46 83 141
5193 47 110 141
5194 48 38 141
5195 49 132 141
5196 50 98 141
5197 51 18 141
5198 52 250 141
5199 53 37 141
5200 54 31 141
5201 55 131 141
5202 3 101 142
5203 4 199 142
5204 5 64 142
5205 6 27 142
5206 7 172 142
5207 8 39 142
5208 9 18 142
5209 10 197 142
5210 11 105 142
5211 12 122 142
5212 13 23 142
5213 14 208 142
5214 15 224 142
5215 16 236 142
5216 17 126 142
5217 18 245 142
5218 19 45 142
5219 20 205 142
5220 21 32 142
5221 22 116 142
5222 23 38 142
5223 24 109 142
5224 25 100 142
5225 26 3 142
5226 27 48 142
5227 28 49 142
5228 29 90 142
5229 30 25 142
5230 31 176 142
5231 32 88 142
5232 33 136 142
5233 34 200 142
5234 35 73 142
5235 36 76 142
5236 37 152 142
5237 38 209 142
5238 39 46 142
5239 40 236 142
5240 41 61 142
5241 42 163 142
5242 43 113 142
5243 44 21 142
5244 45 104 142
5245 46 127 142
5246 47 111 142
5247 48 69 142
5248 49 177 142
5249 50 219 142
5250 51 176 142
5251 52 211 142
5252 53 201 142
5253 54 74 142
5254 55 109 142
5255 56 93 142
5256 57 32 142
5257 58 68 142
5258 3 131 143
5259 4 55 143
5260 5 5 143
5261 6 174 143
5262 7 224 143
5263 8 179 143
5264 9 59 143
5265 10 250 143
5266 11 133 143
5267 12 54 143
5268 13 258 143
5269 14 205 143
5270 15 106 143
5271 16 95 143
5272 17 130 143
5273 18 63 143
5274 19 33 143
5275 20 102 143
5276 21 25 143
5277 22 39 143
5278 23 141 143
5279 24 130 143
5280 25 177 143
5281 26 64 143
5282 27 188 143
5283 28 96 143
5284 29 235 143
5285 30 144 143
5286 31 75 143
5287 32 220 143
5288 33 149 143
5289 34 159 143
5290 35 79 143
5291 36 175 143
5292 37 48 143
5293 38 92 143
5294 39 57 143
5295 40 207 143
5296 41 55 143
5297 42 37 143
5298 43 158 143
5299 44 55 143
5300 45 95 143
5301 46 197 143
5302 47 1 143
5303 48 262 143
5304 49 87 143
5305 50 191 143
5306 51 109 143
5307 52 13 143
5308 53 185 143
5309 54 229 143
5310 55 110 143
5311 56 257 143
5312 57 151 143
5313 58 122 143
5314 2 95 144
5315 3 54 144
5316 4 52 144
5317 5 244 144
5318 6 8 144
5319 7 148 144
5320 8 99 144
5321 9 93 144
5322 10 136 144
5323 11 174 144
5324 12 45 144
5325 13 224 144
5326 14 144 144
5327 15 35 144
5328 16 230 144
5329 17 26 144
5330 18 72 144
5331 2 196 145
5332 19 7 144
5333 2 98 146
5334 20 44 144
5335 21 249 144
5336 22 82 144
5337 23 90 144
5338 24 13 144
5339 25 162 144
5340 26 250 144
5341 27 128 144
5342 28 122 144
5343 29 27 144
5344 30 220 144
5345 31 192 144
5346 32 204 144
5347 33 91 144
5348 34 220 144
5349 35 130 144
5350 36 13 144
5351 37 46 144
5352 38 39 144
5353 39 234 144
5354 40 220 144
5355 41 103 144
5356 42 4 144
5357 43 213 144
5358 44 55 144
5359 45 209 144
5360 46 55 144
5361 47 25 144
5362 48 262 144
5363 49 23 144
5364 50 139 144
5365 51 133 144
5366 52 101 144
5367 53 224 144
5368 54 175 144
5369 55 7 144
5370 56 88 144
5371 57 63 144
5372 58 178 144
5373 3 145 145
5374 59 31 144
5375 60 173 144
5376 61 203 144
5377 62 143 144
5378 4 54 145
5379 5 168 145
5380 6 261 145
5381 7 229 145
5382 8 60 145
5383 9 249 145
5384 10 189 145
5385 11 103 145
5386 12 133 145
5387 13 132 145
5388 14 44 145
5389 15 256 145
5390 16 111 145
5391 17 33 145
5392 18 151 145
5393 19 141 145
5394 20 212 145
5395 21 45 145
5396 22 244 145
5397 23 223 145
5398 24 102 145
5399 25 27 145
5400 26 236 145
5401 27 198 145
5402 28 215 145
5403 29 25 145
5404 30 196 145
5405 31 89 145
5406 32 65 145
5407 33 180 145
5408 34 234 145
5409 35 58 145
5410 36 143 145
5411 37 74 145
5412 38 52 145
5413 39 126 145
5414 40 233 145
5415 41 260 145
5416 42 202 145
5417 43 218 145
5418 44 256 145
5419 45 149 145
5420 46 168 145
5421 47 103 145
5422 48 123 145
5423 49 33 145
5424 50 213 145
5425 51 175 145
5426 52 34 145
5427 53 241 145
5428 54 118 145
5429 55 213 145
5430 56 179 145
5431 57 257 145
5432 58 33 145
5433 59 233 145
5434 60 143 145
5435 61 210 145
5436 62 109 145
5437 3 37 146
5438 4 189 146
5439 5 41 146
5440 6 106 146
5441 7 247 146
5442 8 143 146
5443 9 235 146
5444 10 25 146
5445 11 248 146
5446 12 35 146
5447 13 249 146
5448 14 215 146
5449 15 49 146
5450 16 61 146
5451 17 43 146
5452 18 242 146
5453 19 195 146
5454 20 106 146
5455 22 12 146
5456 21 125 146
5457 23 173 146
5458 24 8 146
5459 25 142 146
5460 26 6 146
5461 27 97 146
5462 28 117 146
5463 29 114 146
5464 30 134 146
5465 31 23 146
5466 32 197 146
5467 33 220 146
5468 34 78 146
5469 35 111 146
5470 36 190 146
5471 37 62 146
5472 38 224 146
5473 39 113 146
5474 40 69 146
5475 41 258 146
5476 42 244 146
5477 43 256 146
5478 44 8 146
5479 45 102 146
5480 46 4 146
5481 47 208 146
5482 48 46 146
5483 49 113 146
5484 50 159 146
5485 51 26 146
5486 52 250 146
5487 53 51 146
5488 54 41 146
5489 55 107 146
5490 56 164 146
5491 57 115 146
5492 58 32 146
5493 59 198 146
5494 60 1 146
5495 61 152 146
5496 62 242 146
5497 63 2 146
5498 64 126 146
5499 65 252 146
5500 2 51 147
5501 3 30 147
5502 4 257 147
5503 5 255 147
5504 6 251 147
5505 7 246 147
5506 8 152 147
5507 9 101 147
5508 10 220 147
5509 11 156 147
5510 12 224 147
5511 13 87 147
5512 14 53 147
5513 15 145 147
5514 16 102 147
5515 17 250 147
5516 18 219 147
5517 19 217 147
5518 20 238 147
5519 21 228 147
5520 22 71 147
5521 23 254 147
5522 24 114 147
5523 25 179 147
5524 26 209 147
5525 27 5 147
5526 28 261 147
5527 29 148 147
5528 30 20 147
5529 31 253 147
5530 32 204 147
5531 33 3 147
5532 34 70 147
5533 35 111 147
5534 36 180 147
5535 37 5 147
5536 38 80 147
5537 39 6 147
5538 40 155 147
5539 41 233 147
5540 42 20 147
5541 43 223 147
5542 44 87 147
5543 45 52 147
5544 46 62 147
5545 47 135 147
5546 48 100 147
5547 49 145 147
5548 50 226 147
5549 51 48 147
5550 52 234 147
5551 53 150 147
5552 54 103 147
5553 55 50 147
5554 56 11 147
5555 57 17 147
5556 58 97 147
5557 59 85 147
5558 60 147 147
5559 61 23 147
5560 62 176 147
5561 63 79 147
5562 64 28 147
5563 65 15 147
5564 66 130 147
5565 67 214 147
5566 1 150 148
5567 2 234 148
5568 3 168 148
5569 4 240 148
5570 5 178 148
5571 6 23 148
5572 7 19 148
5573 8 210 148
5574 9 57 148
5575 10 112 148
5576 11 74 148
5577 12 3 148
5578 13 130 148
5579 14 178 148
5580 15 112 148
5581 16 13 148
5582 17 93 148
5583 18 182 148
5584 19 259 148
5585 20 21 148
5586 21 211 148
5587 22 214 148
5588 23 177 148
5589 24 83 148
5590 25 93 148
5591 26 208 148
5592 27 97 148
5593 28 188 148
5594 29 208 148
5595 30 168 148
5596 31 126 148
5597 32 77 148
5598 33 104 148
5599 34 163 148
5600 35 240 148
5601 36 204 148
5602 37 14 148
5603 38 103 148
5604 39 160 148
5605 40 114 148
5606 41 232 148
5607 42 130 148
5608 43 194 148
5609 44 143 148
5610 45 258 148
5611 46 235 148
5612 47 26 148
5613 48 175 148
5614 49 133 148
5615 50 72 148
5616 51 1 148
5617 52 167 148
5618 53 34 148
5619 54 102 148
5620 55 207 148
5621 56 231 148
5622 57 66 148
5623 58 116 148
5624 59 119 148
5625 60 208 148
5626 61 42 148
5627 62 213 148
5628 63 260 148
5629 64 247 148
5630 65 128 148
5631 66 245 148
5632 67 10 148
5633 68 64 148
5634 70 66 148
5635 1 239 149
5636 2 94 149
5637 3 183 149
5638 4 7 149
5639 5 19 149
5640 6 68 149
5641 7 96 149
5642 8 244 149
5643 9 41 149
5644 10 52 149
5645 11 206 149
5646 12 68 149
5647 13 194 149
5648 14 115 149
5649 15 242 149
5650 16 255 149
5651 17 245 149
5652 18 81 149
5653 19 172 149
5654 20 165 149
5655 21 107 149
5656 22 220 149
5657 23 95 149
5658 24 22 149
5659 25 203 149
5660 26 142 149
5661 27 119 149
5662 28 127 149
5663 29 211 149
5664 30 217 149
5665 31 160 149
5666 32 130 149
5667 33 56 149
5668 34 45 149
5669 35 208 149
5670 36 131 149
5671 37 210 149
5672 38 10 149
5673 39 112 149
5674 40 233 149
5675 41 217 149
5676 42 182 149
5677 43 156 149
5678 44 87 149
5679 45 257 149
5680 46 247 149
5681 47 41 149
5682 48 155 149
5683 49 128 149
5684 50 184 149
5685 51 96 149
5686 52 77 149
5687 53 84 149
5688 54 230 149
5689 55 55 149
5690 56 183 149
5691 57 219 149
5692 58 207 149
5693 59 137 149
5694 60 172 149
5695 61 102 149
5696 62 184 149
5697 63 254 149
5698 64 22 149
5699 65 9 149
5700 66 46 149
5701 67 171 149
5702 68 54 149
5703 69 160 149
5704 70 242 149
5705 71 232 149
5706 1 40 150
5707 2 165 150
5708 3 127 150
5709 4 156 150
5710 5 126 150
5711 6 80 150
5712 7 22 150
5713 8 252 150
5714 9 101 150
5715 10 75 150
5716 11 180 150
5717 12 62 150
5718 13 132 150
5719 14 59 150
5720 15 107 150
5721 16 96 150
5722 17 178 150
5723 18 17 150
5724 19 261 150
5725 20 227 150
5726 21 146 150
5727 22 136 150
5728 23 95 150
5729 24 84 150
5730 25 120 150
5731 26 128 150
5732 27 257 150
5733 28 15 150
5734 29 199 150
5735 30 13 150
5736 31 60 150
5737 32 38 150
5738 33 154 150
5739 34 152 150
5740 35 203 150
5741 36 238 150
5742 37 170 150
5743 38 239 150
5744 39 34 150
5745 40 154 150
5746 41 259 150
5747 42 128 150
5748 43 167 150
5749 44 238 150
5750 45 101 150
5751 46 253 150
5752 47 218 150
5753 48 256 150
5754 49 74 150
5755 50 197 150
5756 51 222 150
5757 52 25 150
5758 53 100 150
5759 54 85 150
5760 55 58 150
5761 56 114 150
5762 57 252 150
5763 58 248 150
5764 59 108 150
5765 60 101 150
5766 61 33 150
5767 62 120 150
5768 63 19 150
5769 64 188 150
5770 65 21 150
5771 66 139 150
5772 67 99 150
5773 68 195 150
5774 69 103 150
5775 70 165 150
5776 71 209 150
5777 72 125 150
5778 73 173 150
5779 1 150 151
5780 2 253 151
5781 3 134 151
5782 4 117 151
5783 5 28 151
5784 6 149 151
5785 7 24 151
5786 8 223 151
5787 9 155 151
5788 10 163 151
5789 11 97 151
5790 12 217 151
5791 13 220 151
5792 14 200 151
5793 15 198 151
5794 16 240 151
5795 17 224 151
5796 18 69 151
5797 19 58 151
5798 20 238 151
5799 21 253 151
5800 22 66 151
5801 23 245 151
5802 24 90 151
5803 25 196 151
5804 26 184 151
5805 27 177 151
5806 28 155 151
5807 29 158 151
5808 30 182 151
5809 31 27 151
5810 32 180 151
5811 33 121 151
5812 34 54 151
5813 35 125 151
5814 36 6 151
5815 37 195 151
5816 38 126 151
5817 39 14 151
5818 40 145 151
5819 41 241 151
5820 42 46 151
5821 43 253 151
5822 44 195 151
5823 45 225 151
5824 46 49 151
5825 47 19 151
5826 48 51 151
5827 49 200 151
5828 50 24 151
5829 51 99 151
5830 52 98 151
5831 53 172 151
5832 54 129 151
5833 55 117 151
5834 56 94 151
5835 57 181 151
5836 58 185 151
5837 59 147 151
5838 60 7 151
5839 61 21 151
5840 62 36 151
5841 63 233 151
5842 64 203 151
5843 65 34 151
5844 66 60 151
5845 67 125 151
5846 68 163 151
5847 69 238 151
5848 70 92 151
5849 71 87 151
5850 72 251 151
5851 73 23 151
5852 75 149 151
5853 0 235 152
5854 1 187 152
5855 2 249 152
5856 3 124 152
5857 4 192 152
5858 5 9 152
5859 6 255 152
5860 7 180 152
5861 8 172 152
5862 9 186 152
5863 10 76 152
5864 11 249 152
5865 12 191 152
5866 13 7 152
5867 14 44 152
5868 15 80 152
5869 16 253 152
5870 17 181 152
5871 18 61 152
5872 19 33 152
5873 20 63 152
5874 21 170 152
5875 22 169 152
5876 23 82 152
5877 24 202 152
5878 25 248 152
5879 26 63 152
5880 27 110 152
5881 28 208 152
5882 29 77 152
5883 30 172 152
5884 31 162 152
5885 32 139 152
5886 33 81 152
5887 34 106 152
5888 35 16 152
5889 36 220 152
5890 37 82 152
5891 38 226 152
5892 39 164 152
5893 40 80 152
5894 41 26 152
5895 42 28 152
5896 43 134 152
5897 44 72 152
5898 45 77 152
5899 46 97 152
5900 47 208 152
5901 48 145 152
5902 49 257 152
5903 50 143 152
5904 51 147 152
5905 52 32 152
5906 53 73 152
5907 54 220 152
5908 55 37 152
5909 56 6 152
5910 57 226 152
5911 58 48 152
5912 59 234 152
5913 60 182 152
5914 61 150 152
5915 62 26 152
5916 63 244 152
5917 64 55 152
5918 65 195 152
5919 66 48 152
5920 67 136 152
5921 68 8 152
5922 69 251 152
5923 70 63 152
5924 71 223 152
5925 72 206 152
5926 73 182 152
5927 74 256 152
5928 75 92 152
5929 0 240 153
5930 1 121 153
5931 2 1 153
5932 3 207 153
5933 4 55 153
5934 5 216 153
5935 6 41 153
5936 7 137 153
5937 8 253 153
5938 9 14 153
5939 10 207 153
5940 11 92 153
5941 12 55 153
5942 13 241 153
5943 14 79 153
5944 15 36 153
5945 16 175 153
5946 17 221 153
5947 18 193 153
5948 19 119 153
5949 20 12 153
5950 21 38 153
5951 22 256 153
5952 23 6 153
5953 24 88 153
5954 25 257 153
5955 26 136 153
5956 27 54 153
5957 28 66 153
5958 29 204 153
5959 30 128 153
5960 31 36 153
5961 32 49 153
5962 33 215 153
5963 34 245 153
5964 35 206 153
5965 36 227 153
5966 37 31 153
5967 38 203 153
5968 39 185 153
5969 40 90 153
5970 41 166 153
5971 42 62 153
5972 43 130 153
5973 44 148 153
5974 45 8 153
5975 46 117 153
5976 47 65 153
5977 48 261 153
5978 49 119 153
5979 50 253 153
5980 51 57 153
5981 52 173 153
5982 53 128 153
5983 54 210 153
5984 55 200 153
5985 56 261 153
5986 57 51 153
5987 58 202 153
5988 59 70 153
5989 60 119 153
5990 61 248 153
5991 62 46 153
5992 63 246 153
5993 64 201 153
5994 65 147 153
5995 66 225 153
5996 67 140 153
5997 68 105 153
5998 69 108 153
5999 70 220 153
6000 71 7 153
6001 72 178 153
6002 73 230 153
6003 74 128 153
6004 75 152 153
6005 76 24 153
6006 0 83 154
6007 1 166 154
6008 2 111 154
6009 3 154 154
6010 4 254 154
6011 5 236 154
6012 6 235 154
6013 7 141 154
6014 8 256 154
6015 9 134 154
6016 10 67 154
6017 11 65 154
6018 12 134 154
6019 13 254 154
6020 14 56 154
6021 15 23 154
6022 16 19 154
6023 17 55 154
6024 18 139 154
6025 19 26 154
6026 20 197 154
6027 21 67 154
6028 22 107 154
6029 23 165 154
6030 24 133 154
6031 25 21 154
6032 26 26 154
6033 27 147 154
6034 28 149 154
6035 29 124 154
6036 30 222 154
6037 31 183 154
6038 32 97 154
6039 33 61 154
6040 35 112 154
6041 34 27 154
6042 36 65 154
6043 37 177 154
6044 38 164 154
6045 39 175 154
6046 40 38 154
6047 41 105 154
6048 42 101 154
6049 43 133 154
6050 44 111 154
6051 45 11 154
6052 46 98 154
6053 47 160 154
6054 48 170 154
6055 49 13 154
6056 50 251 154
6057 51 94 154
6058 52 62 154
6059 53 43 154
6060 54 175 154
6061 55 63 154
6062 56 176 154
6063 57 178 154
6064 58 70 154
6065 59 35 154
6066 60 238 154
6067 61 116 154
6068 62 251 154
6069 63 113 154
6070 64 262 154
6071 65 225 154
6072 66 228 154
6073 67 48 154
6074 68 5 154
6075 69 187 154
6076 70 49 154
6077 71 129 154
6078 72 248 154
6079 73 17 154
6080 74 37 154
6081 75 259 154
6082 76 55 154
6083 77 136 154
6084 0 21 155
6085 1 16 155
6086 2 171 155
6087 3 225 155
6088 4 216 155
6089 5 126 155
6090 6 52 155
6091 7 198 155
6092 8 136 155
6093 9 14 155
6094 10 131 155
6095 11 157 155
6096 12 143 155
6097 13 101 155
6098 14 211 155
6099 15 227 155
6100 16 133 155
6101 17 216 155
6102 18 141 155
6103 19 15 155
6104 20 113 155
6105 21 236 155
6106 22 190 155
6107 23 58 155
6108 24 4 155
6109 25 1 155
6110 26 162 155
6111 27 185 155
6112 28 257 155
6113 29 88 155
6114 30 156 155
6115 31 178 155
6116 32 145 155
6117 33 144 155
6118 34 154 155
6119 35 98 155
6120 36 209 155
6121 37 105 155
6122 38 198 155
6123 39 44 155
6124 40 125 155
6125 41 11 155
6126 42 96 155
6127 43 119 155
6128 44 225 155
6129 45 109 155
6130 46 259 155
6131 47 1 155
6132 48 1 155
6133 49 20 155
6134 50 252 155
6135 51 132 155
6136 52 17 155
6137 53 29 155
6138 54 71 155
6139 55 211 155
6140 56 59 155
6141 57 91 155
6142 58 147 155
6143 59 125 155
6144 60 120 155
6145 61 239 155
6146 62 77 155
6147 63 251 155
6148 64 257 155
6149 65 212 155
6150 66 51 155
6151 67 262 155
6152 68 164 155
6153 69 87 155
weights 156 156 156 156 156 156 156 156 156 156 156 156 156 156 156 156 156 156 156 156 156 156 156 156 156 156 156 156 156 156 156 156 156 156 156 156 156 156 156 156 156 156 156 156 156 156 156 156 156 156 156 156 156 156 156 156 156 156 156 156 156 156 156 156 156 156 156 156 156 156 155 155 155 155 155 155 155 155
