40 0 0 1515 16 24 17 16 7 15 12 13 12 10 14 4 9 11 7 13 8 7 7 13 5
40 0 0 1518 16 24 20 13 7 17 12 11 13 11 10 6 9 10 10 11 5 10 9 11 5
40 0 0 1511 17 23 17 14 9 13 16 11 11 12 11 6 10 7 12 11 8 8 5 14 5
40 0 0 1510 17 23 17 16 7 14 15 11 11 14 9 6 10 8 13 9 10 4 9 12 5
40 0 0 1503 17 23 18 14 8 15 13 12 11 14 9 6 9 10 11 10 9 5 8 13 5
40 0 0 1518 17 23 18 16 6 16 11 13 12 11 12 5 8 13 6 13 7 6 12 10 5
40 0 0 1521 17 23 19 14 7 16 12 12 11 14 9 6 8 11 10 11 8 4 9 14 5
40 0 0 1508 18 22 15 19 6 14 12 14 11 13 12 4 10 10 12 8 12 4 8 11 5
40 0 0 1519 18 22 16 19 5 15 11 14 11 13 12 4 9 11 11 9 11 3 9 12 5
40 0 0 1513 18 22 17 16 7 14 14 12 11 12 13 4 9 11 7 13 10 3 9 13 5
40 0 0 1513 18 22 18 13 9 13 18 9 12 11 11 6 11 6 12 11 7 10 7 11 5
40 0 0 1498 18 22 18 14 8 15 13 12 12 12 10 6 10 8 14 8 7 11 6 11 5
40 0 0 1511 18 22 18 16 6 14 16 10 11 13 9 7 9 8 12 11 7 5 12 11 5
40 0 0 1517 18 22 19 11 10 14 16 10 12 11 11 6 10 8 10 12 6 11 6 12 5
40 0 0 1515 18 22 19 13 8 15 14 11 13 9 10 8 10 7 11 12 4 12 10 9 5
40 0 0 1504 18 22 19 15 6 15 15 10 12 11 11 6 9 9 9 13 6 7 10 12 5
40 0 0 1518 19 21 15 15 10 12 14 14 10 13 11 6 10 9 10 11 11 7 4 8 10
40 0 0 1498 19 21 16 15 9 12 17 11 12 10 11 7 12 5 12 11 9 9 7 10 5
40 0 0 1511 19 21 16 16 8 14 12 14 11 13 11 5 9 14 5 12 11 4 12 8 5
40 0 0 1516 19 21 16 18 6 12 18 10 11 11 13 5 10 8 9 13 9 4 12 10 5
40 0 0 1499 19 21 17 14 9 12 18 10 11 11 13 5 10 8 9 13 8 7 9 11 5
40 0 0 1509 19 21 17 15 8 13 16 11 13 7 14 6 11 7 8 14 6 11 10 8 5
40 0 0 1514 19 21 17 16 7 15 10 15 11 11 13 5 8 11 10 11 7 9 7 7 10
40 0 0 1514 19 21 17 18 5 16 9 15 11 13 11 5 8 11 14 7 8 7 9 11 5
40 0 0 1498 19 21 18 14 8 14 15 11 11 13 11 5 9 11 8 12 9 4 12 10 5
40 0 0 1515 19 21 18 16 6 15 12 13 11 11 13 5 8 9 12 11 6 8 8 8 10
40 0 0 1507 19 21 19 11 10 14 16 10 12 12 9 7 10 9 10 11 6 11 10 8 5
40 0 0 1507 19 21 19 13 8 14 17 9 12 12 9 7 10 8 11 11 6 9 12 8 5
40 0 0 1504 19 21 19 14 7 15 14 11 12 11 10 7 9 8 13 10 4 12 9 10 5
40 0 0 1516 19 21 19 16 5 15 15 10 12 10 14 4 9 8 11 12 6 7 9 13 5
40 0 0 1516 19 21 20 14 6 16 13 11 12 11 10 7 8 9 12 11 3 11 10 11 5
40 0 0 1499 20 20 16 14 10 12 16 12 10 15 8 7 10 10 10 10 11 5 10 9 5
40 0 0 1519 20 20 16 16 8 12 17 11 11 12 11 6 11 7 11 11 10 7 8 5 10
40 0 0 1508 20 20 16 17 7 14 12 14 11 13 10 6 10 8 16 6 9 10 5 11 5
40 0 0 1516 20 20 17 13 10 13 14 13 10 14 9 7 9 10 10 11 9 7 8 6 10
40 0 0 1505 20 20 17 14 9 14 12 14 12 9 14 5 9 12 6 13 6 13 7 9 5
40 0 0 1511 20 20 17 16 7 13 16 11 11 12 11 6 9 11 7 13 8 5 15 7 5
40 0 0 1521 20 20 17 17 6 13 17 10 12 10 13 5 10 10 6 14 8 6 14 7 5
40 0 0 1504 20 20 17 19 4 15 12 13 12 10 13 5 9 9 13 9 6 10 10 9 5
40 0 0 1519 20 20 18 13 9 14 13 13 10 14 9 7 8 11 9 12 8 6 9 7 10
40 0 0 1513 20 20 18 14 8 14 14 12 10 14 12 4 8 11 11 10 8 7 8 7 10
40 0 0 1520 20 20 18 15 7 14 14 12 11 11 12 6 9 7 13 11 6 10 5 9 10
40 0 0 1508 20 20 18 15 7 16 9 15 12 10 13 5 8 12 10 10 5 13 7 10 5
40 0 0 1518 20 20 19 12 9 13 18 9 11 12 11 6 9 9 9 13 6 7 13 9 5
40 0 0 1521 20 20 19 13 8 14 16 10 12 10 13 5 9 11 5 15 6 8 12 9 5
40 0 0 1506 20 20 19 15 6 15 14 11 11 13 10 6 8 10 12 10 6 6 14 9 5
40 0 0 1519 21 19 14 16 10 10 18 12 10 13 12 5 11 10 7 12 13 4 10 8 5
40 0 0 1506 21 19 15 17 8 12 15 13 11 11 14 4 11 7 14 8 10 10 4 11 5
40 0 0 1485 21 19 16 15 9 13 13 14 10 14 11 5 9 12 9 10 11 5 9 10 5
40 0 0 1507 21 19 16 17 7 13 14 13 12 8 17 3 10 9 10 11 7 12 7 9 5
40 0 0 1518 21 19 17 13 10 11 20 9 11 12 10 7 11 7 10 12 8 9 10 8 5
40 0 0 1510 21 19 17 15 8 12 17 11 11 9 16 4 9 9 8 14 6 9 10 10 5
40 0 0 1520 21 19 17 15 8 14 12 14 12 8 17 3 9 11 8 12 6 13 6 10 5
40 0 0 1520 21 19 17 17 6 13 15 12 9 14 14 3 7 11 12 10 8 4 10 13 5
40 0 0 1506 21 19 17 18 5 15 11 14 11 12 13 4 8 12 11 9 8 6 13 8 5
40 0 0 1519 21 19 18 13 9 14 13 13 10 14 11 5 8 12 9 11 8 9 5 8 10
40 0 0 1498 21 19 18 14 8 14 14 12 12 10 12 6 9 11 8 12 5 12 12 6 5
40 0 0 1520 21 19 18 15 7 14 14 12 12 8 17 3 9 9 10 12 5 12 7 11 5
40 0 0 1514 21 19 18 17 5 15 13 12 12 11 11 6 9 9 14 8 5 11 13 6 5
40 0 0 1511 21 19 19 12 9 14 15 11 12 10 12 6 9 10 9 12 4 13 11 7 5
40 0 0 1511 21 19 19 14 7 15 12 13 11 10 15 4 7 11 10 12 4 10 9 12 5
40 0 0 1520 21 19 20 12 8 15 14 11 10 15 10 5 7 11 14 8 5 9 10 11 5
40 0 0 1519 22 18 15 16 9 10 20 10 11 11 13 5 12 6 12 10 10 9 9 7 5
40 0 0 1519 22 18 16 15 9 12 15 13 10 12 15 3 9 12 6 13 11 4 9 11 5
40 0 0 1508 22 18 16 18 6 13 14 13 10 14 10 6 9 9 15 7 9 6 12 8 5
40 0 0 1519 22 18 17 14 9 11 20 9 11 11 13 5 11 6 12 11 8 9 9 9 5
40 0 0 1498 22 18 17 16 7 12 18 10 11 11 13 5 10 8 10 12 8 7 11 9 5
40 0 0 1508 22 18 18 12 10 12 18 10 11 11 13 5 10 8 10 12 7 10 8 10 5
40 0 0 1511 22 18 18 14 8 12 19 9 11 11 13 5 10 7 11 12 7 8 10 10 5
40 0 0 1514 22 18 18 15 7 13 17 10 11 11 16 2 9 10 10 11 7 9 9 10 5
40 0 0 1512 22 18 18 16 6 14 14 12 10 13 14 3 7 13 9 11 7 6 12 10 5
40 0 0 1516 22 18 19 14 7 13 18 9 11 11 13 5 9 8 10 13 6 7 11 11 5
40 0 0 1498 23 17 16 17 7 12 16 12 11 11 12 6 10 8 13 9 7 11 11 6 5
40 0 0 1518 23 17 18 12 10 12 17 11 9 15 11 5 8 10 13 9 7 9 8 11 5
40 0 0 1519 23 17 18 14 8 15 10 15 10 14 12 4 7 14 11 8 7 11 6 11 5
40 0 0 1519 23 17 19 12 9 13 16 11 9 15 11 5 7 11 12 10 6 8 9 12 5
40 0 0 1513 24 16 16 13 11 11 16 13 10 12 13 5 10 9 11 10 9 11 5 10 5
40 0 0 1518 24 16 17 16 7 13 14 13 10 12 16 2 8 12 10 10 8 9 7 11 5
40 0 0 1520 24 16 19 13 8 14 14 12 10 14 11 5 7 14 8 11 6 9 12 8 5
