2 6 0
2 1
w u
15
-3 1 0 0
3 1 0 1
9 1 0 2
-15 1 0 3
6 1 0 4
-17 1 1 0
46 1 1 1
-35 1 1 2
6 1 1 3
-8 1 2 0
20 1 2 1
-16 1 2 2
3 1 3 0
-6 1 3 1
3 1 3 2
60
-18 1 0 1
18 1 0 2
270 1 0 3
-882 1 0 4
882 1 0 5
378 1 0 6
-1638 1 0 7
1530 1 0 8
-648 1 0 9
108 1 0 10
-75 1 1 0
-60 1 1 1
1677 1 1 2
-3888 1 1 3
987 1 1 4
8340 1 1 5
-14505 1 1 6
11088 1 1 7
-4212 1 1 8
648 1 1 9
-425 1 2 0
1474 1 2 1
1261 1 2 2
-14182 1 2 3
29735 1 2 4
-29926 1 2 5
15219 1 2 6
-3174 1 2 7
18 1 2 8
-155 1 3 0
1278 1 3 1
-3380 1 3 2
1562 1 3 3
7935 1 3 4
-15472 1 3 5
11580 1 3 6
-3816 1 3 7
468 1 3 8
330 1 4 0
-280 1 4 1
-4706 1 4 2
15472 1 4 3
-20694 1 4 4
13664 1 4 5
-4350 1 4 6
612 1 4 7
120 1 5 0
-252 1 5 1
-795 1 5 2
3684 1 5 3
-5610 1 5 4
3888 1 5 5
-1035 1 5 6
-45 1 6 0
18 1 6 1
585 1 6 2
-1620 1 6 3
1845 1 6 4
-990 1 6 5
207 1 6 6
124
-432 1 0 2
3456 1 0 3
-10152 1 0 4
7128 1 0 5
35640 1 0 6
-121176 1 0 7
185328 1 0 8
-156816 1 0 9
57024 1 0 10
23760 1 0 11
-40392 1 0 12
21816 1 0 13
-5832 1 0 14
648 1 0 15
-3744 1 1 1
27756 1 1 2
-66852 1 1 3
-27540 1 1 4
522612 1 1 5
-1354320 1 1 6
1828440 1 1 7
-1330344 1 1 8
239112 1 1 9
499788 1 1 10
-536436 1 1 11
260604 1 1 12
-66204 1 1 13
7128 1 1 14
-8100 1 2 0
47796 1 2 1
-25038 1 2 2
-568074 1 2 3
2333352 1 2 4
-4546296 1 2 5
4850052 1 2 6
-2056452 1 2 7
-1629684 1 2 8
3172308 1 2 9
-2322534 1 2 10
939582 1 2 11
-205920 1 2 12
19008 1 2 13
-32225 1 3 0
319451 1 3 1
-1354578 1 3 2
3079336 1 3 3
-3565714 1 3 4
347166 1 3 5
5393344 1 3 6
-8671780 1 3 7
6899343 1 3 8
-2945901 1 3 9
459594 1 3 10
126180 1 3 11
-60372 1 3 12
6156 1 3 13
7260 1 4 0
25938 1 4 1
-588198 1 4 2
2814798 1 4 3
-6799578 1 4 4
9370038 1 4 5
-6813342 1 4 6
706902 1 4 7
3393774 1 4 8
-3290112 1 4 9
1486620 1 4 10
-349740 1 4 11
35640 1 4 12
58935 1 5 0
-481401 1 5 1
1589292 1 5 2
-2393280 1 5 3
305334 1 5 4
5211870 1 5 5
-9841608 1 5 6
9280968 1 5 7
-5064165 1 5 8
1549155 1 5 9
-221292 1 5 10
6192 1 5 11
9060 1 6 0
-126528 1 6 1
693990 1 6 2
-1986366 1 6 3
3175116 1 6 4
-2550588 1 6 5
105568 1 6 6
1795736 1 6 7
-1727952 1 6 8
764700 1 6 9
-167238 1 6 10
14310 1 6 11
-28935 1 7 0
195861 1 7 1
-479538 1 7 2
284520 1 7 3
1051362 1 7 4
-2816766 1 7 5
3326532 1 7 6
-2253504 1 7 7
902061 1 7 8
-202815 1 7 9
21222 1 7 10
-6300 1 8 0
47970 1 8 1
-151938 1 8 2
235386 1 8 3
-110826 1 8 4
-222930 1 8 5
452970 1 8 6
-369522 1 8 7
150174 1 8 8
-24984 1 8 9
3105 1 9 0
-19143 1 9 1
41364 1 9 2
-14364 1 9 3
-101682 1 9 4
224910 1 9 5
-232092 1 9 6
134676 1 9 7
-42471 1 9 8
5697 1 9 9
124
-648 1 0 2
6048 1 0 3
-23976 1 0 4
49896 1 0 5
-47520 1 0 6
-21384 1 0 7
128304 1 0 8
-185328 1 0 9
149688 1 0 10
-71280 1 0 11
16632 1 0 12
648 1 0 13
-1296 1 0 14
216 1 0 15
-5832 1 1 1
52668 1 1 2
-197172 1 1 3
360180 1 1 4
-174852 1 1 5
-665928 1 1 6
1761912 1 1 7
-2201688 1 1 8
1654128 1 1 9
-737748 1 1 10
148860 1 1 11
19620 1 1 12
-16740 1 1 13
2592 1 1 14
-13098 1 2 0
108048 1 2 1
-329532 1 2 2
246702 1 2 3
1246908 1 2 4
-4582464 1 2 5
7817448 1 2 6
-8077236 1 2 7
5162574 1 2 8
-1783488 1 2 9
63972 1 2 10
208854 1 2 11
-78192 1 2 12
9504 1 2 13
-27959 1 3 0
328785 1 3 1
-1693284 1 3 2
4992748 1 3 3
-9184242 1 3 4
10593510 1 3 5
-6864176 1 3 6
908664 1 3 7
2383677 1 3 8
-2084643 1 3 9
740124 1 3 10
-79164 1 3 11
-17820 1 3 12
3780 1 3 13
44165 1 4 0
-314943 1 4 1
749449 1 4 2
56293 1 4 3
-4162197 1 4 4
10318379 1 4 5
-13112445 1 4 6
9639051 1 4 7
-3701412 1 4 8
189360 1 4 9
447336 1 4 10
-175500 1 4 11
22464 1 4 12
83371 1 5 0
-780799 1 5 1
3193544 1 5 2
-7352528 1 5 3
10099590 1 5 4
-7674822 1 5 5
1543416 1 5 6
2677224 1 5 7
-2708217 1 5 8
1109949 1 5 9
-199800 1 5 10
9072 1 5 11
-15360 1 6 0
45518 1 6 1
261778 1 6 2
-1786288 1 6 3
4549866 1 6 4
-6321342 1 6 5
5042238 1 6 6
-2061642 1 6 7
119054 1 6 8
251704 1 6 9
-97848 1 6 10
12258 1 6 11
-53853 1 7 0
418779 1 7 1
-1364844 1 7 2
2331252 1 7 3
-1981806 1 7 4
172770 1 7 5
1355004 1 7 6
-1391580 1 7 7
650979 1 7 8
-150741 1 7 9
14040 1 7 10
-7263 1 8 0
62829 1 8 1
-240219 1 8 2
519129 1 8 3
-670293 1 8 4
489303 1 8 5
-137529 1 8 6
-60381 1 8 7
57096 1 8 8
-12672 1 8 9
5697 1 9 0
-40365 1 9 1
117828 1 9 2
-173124 1 9 3
106974 1 9 4
45738 1 9 5
-132300 1 9 6
100332 1 9 7
-35991 1 9 8
5211 1 9 9
111
432 1 0 2
-3996 1 0 3
16200 1 0 4
-37260 1 0 5
51840 1 0 6
-40824 1 0 7
9072 1 0 8
16200 1 0 9
-19440 1 0 10
10260 1 0 11
-2808 1 0 12
324 1 0 13
4032 1 1 1
-37080 1 1 2
148680 1 1 3
-334512 1 1 4
442656 1 1 5
-297360 1 1 6
-31248 1 1 7
262080 1 1 8
-253728 1 1 9
126504 1 1 10
-33912 1 1 11
3888 1 1 12
9396 1 2 0
-86019 1 2 1
334980 1 2 2
-692748 1 2 3
706908 1 2 4
32238 1 2 5
-1116252 1 2 6
1604100 1 2 7
-1212912 1 2 8
539757 1 2 9
-133704 1 2 10
14256 1 2 11
-345 1 3 0
-39603 1 3 1
364083 1 3 2
-1423383 1 3 3
3156573 1 3 4
-4355097 1 3 5
3817953 1 3 6
-2051469 1 3 7
584856 1 3 8
-38880 1 3 9
-15120 1 3 10
-432 1 3 11
864 1 3 12
-53880 1 4 0
440010 1 4 1
-1523772 1 4 2
2830668 1 4 3
-2814444 1 4 4
920880 1 4 5
1073412 1 4 6
-1447740 1 4 7
711684 1 4 8
-132138 1 4 9
-9864 1 4 10
5184 1 4 11
-38421 1 5 0
376743 1 5 1
-1612845 1 5 2
3916983 1 5 3
-5869623 1 5 4
5517261 1 5 5
-3133239 1 5 6
937509 1 5 7
-72288 1 5 8
-25632 1 5 9
3456 1 5 10
45180 1 6 0
-298547 1 6 1
762816 1 6 2
-830484 1 6 3
3912 1 6 4
948654 1 6 5
-996960 1 6 6
425612 1 6 7
-44388 1 6 8
-20979 1 6 9
5184 1 6 10
46761 1 7 0
-342225 1 7 1
1065561 1 7 2
-1817481 1 7 3
1804995 1 7 4
-995067 1 7 5
221211 1 7 6
41733 1 7 7
-28944 1 7 8
3456 1 7 9
1800 1 8 0
-16992 1 8 1
70128 1 8 2
-158544 1 8 3
208008 1 8 4
-155232 1 8 5
57600 1 8 6
-5040 1 8 7
-1728 1 8 8
-5211 1 9 0
34101 1 9 1
-92799 1 9 2
132489 1 9 3
-99225 1 9 4
26271 1 9 5
13419 1 9 6
-11421 1 9 7
2376 1 9 8
81
108 1 0 2
-864 1 0 3
3024 1 0 4
-6048 1 0 5
7560 1 0 6
-6048 1 0 7
3024 1 0 8
-864 1 0 9
108 1 0 10
1044 1 1 1
-8532 1 1 2
30564 1 1 3
-62676 1 1 4
80460 1 1 5
-66204 1 1 6
34092 1 1 7
-10044 1 1 8
1296 1 1 9
2523 1 2 0
-22494 1 2 1
87237 1 2 2
-191964 1 2 3
261813 1 2 4
-226350 1 2 5
120987 1 2 6
-36504 1 2 7
4752 1 2 8
-6960 1 3 0
47220 1 3 1
-132852 1 3 2
196236 1 3 3
-155556 1 3 4
55476 1 3 5
-1188 1 3 6
1404 1 3 7
-6372 1 3 8
3024 1 3 9
-432 1 3 10
-8250 1 4 0
61344 1 4 1
-191250 1 4 2
313848 1 4 3
-270558 1 4 4
85248 1 4 5
40554 1 4 6
-39960 1 4 7
9072 1 4 8
12240 1 5 0
-61056 1 5 1
107928 1 5 2
-62424 1 5 3
-33336 1 5 4
54072 1 5 5
-17424 1 5 6
24875 1 6 0
-135506 1 6 1
289701 1 6 2
-296332 1 6 3
128197 1 6 4
8910 1 6 5
-27189 1 6 6
7344 1 6 7
14328 1 7 0
-79560 1 7 1
178416 1 7 2
-204624 1 7 3
124056 1 7 4
-36072 1 7 5
3456 1 7 6
-720 1 8 0
2880 1 8 1
-2880 1 8 2
-1728 1 8 3
4176 1 8 4
-1728 1 8 5
-2376 1 9 0
11880 1 9 1
-23760 1 9 2
23760 1 9 3
-11880 1 9 4
2376 1 9 5
