40 0 0 1513 16 24 16 17 7 14 14 12 12 12 9 7 11 8 10 11 11 3 11 10 5
40 0 0 1517 16 24 18 14 8 15 14 11 13 11 7 9 11 7 11 11 7 9 10 9 5
40 0 0 1499 17 23 16 16 8 13 16 11 13 9 11 7 12 7 8 13 9 8 10 8 5
40 0 0 1500 17 23 17 14 9 14 14 12 13 9 11 7 11 9 6 14 8 9 9 9 5
40 0 0 1516 17 23 17 16 7 15 12 13 12 11 12 5 10 9 10 11 9 8 5 8 10
40 0 0 1504 17 23 18 15 7 15 14 11 13 9 14 4 10 10 7 13 7 9 9 10 5
40 0 0 1511 17 23 18 17 5 16 11 13 12 10 13 5 8 10 11 11 5 9 9 12 5
40 0 0 1519 17 23 20 12 8 16 13 11 12 11 12 5 8 11 8 13 5 8 10 12 5
40 0 0 1517 18 22 16 16 8 14 12 14 11 13 9 7 10 9 11 10 10 8 4 8 10
40 0 0 1510 18 22 17 14 9 14 13 13 11 12 13 4 9 12 6 13 10 5 7 13 5
40 0 0 1521 18 22 17 17 6 14 14 12 12 8 17 3 9 9 9 13 6 9 8 12 5
40 0 0 1499 18 22 18 13 9 15 12 13 12 11 11 6 9 12 6 13 7 10 7 11 5
40 0 0 1521 18 22 18 15 7 14 16 10 13 9 10 8 11 5 13 11 5 11 11 8 5
40 0 0 1504 18 22 18 16 6 15 14 11 12 12 10 6 10 7 15 8 7 9 8 11 5
40 0 0 1503 18 22 19 12 9 15 13 12 11 13 9 7 8 11 9 12 6 8 9 12 5
40 0 0 1517 18 22 19 14 7 15 14 11 12 10 12 6 8 11 7 14 4 9 13 9 5
40 0 0 1514 18 22 19 16 5 16 13 11 13 9 13 5 9 9 11 11 4 11 11 9 5
40 0 0 1517 19 21 15 17 8 12 15 13 11 10 14 5 10 9 8 13 9 8 8 5 10
40 0 0 1490 19 21 16 16 8 12 17 11 11 11 13 5 10 9 8 13 9 6 10 10 5
40 0 0 1515 19 21 16 17 7 12 18 10 12 9 15 4 11 8 7 14 9 7 9 10 5
40 0 0 1512 19 21 16 18 6 14 12 14 11 11 13 5 9 9 12 10 8 8 8 6 10
40 0 0 1490 19 21 17 14 9 14 13 13 12 10 14 4 10 10 9 11 8 11 5 11 5
40 0 0 1519 19 21 17 16 7 13 15 12 10 12 12 6 8 9 10 13 7 5 11 7 10
40 0 0 1484 19 21 17 17 6 14 14 12 11 12 12 5 9 9 12 10 8 6 10 11 5
40 0 0 1512 19 21 18 13 9 13 17 10 12 10 11 7 11 5 12 12 7 9 7 12 5
40 0 0 1496 19 21 18 14 8 15 12 13 12 10 14 4 9 11 8 12 7 10 6 12 5
40 0 0 1500 19 21 18 16 6 15 13 12 13 8 13 6 10 7 12 11 5 11 10 9 5
40 0 0 1514 19 21 19 12 9 15 13 12 11 13 11 5 8 13 6 13 8 5 11 11 5
40 0 0 1497 19 21 19 13 8 15 14 11 12 12 9 7 9 11 8 12 6 9 12 8 5
40 0 0 1503 19 21 19 15 6 15 14 11 11 12 12 5 8 9 12 11 6 6 10 13 5
40 0 0 1520 19 21 20 12 8 16 12 12 12 11 10 7 8 10 11 11 3 13 8 11 5
40 0 0 1514 20 20 15 16 9 12 15 13 11 12 11 6 11 9 9 11 11 8 7 4 10
40 0 0 1517 20 20 16 14 10 13 13 14 11 12 11 6 10 11 7 12 10 9 6 5 10
40 0 0 1507 20 20 16 16 8 13 14 13 11 12 11 6 10 10 8 12 10 7 8 5 10
40 0 0 1505 20 20 17 12 11 13 14 13 10 15 8 7 9 12 8 11 10 6 9 10 5
40 0 0 1497 20 20 17 14 9 13 15 12 11 12 11 6 9 12 6 13 8 7 13 7 5
40 0 0 1502 20 20 17 15 8 13 15 12 11 10 16 3 9 10 8 13 8 7 8 12 5
40 0 0 1519 20 20 17 16 7 14 12 14 11 10 13 6 8 10 10 12 5 11 9 5 10
40 0 0 1503 20 20 17 17 6 15 11 14 11 13 10 6 8 13 9 10 8 6 14 7 5
40 0 0 1517 20 20 18 12 10 13 16 11 11 12 11 6 10 7 13 10 7 11 4 13 5
40 0 0 1507 20 20 18 14 8 13 17 10 11 12 11 6 9 10 8 13 7 6 14 8 5
40 0 0 1497 20 20 18 14 8 14 14 12 12 9 14 5 9 10 8 13 5 12 8 10 5
40 0 0 1521 20 20 18 15 7 14 15 11 12 10 13 5 9 12 4 15 7 7 13 8 5
40 0 0 1498 20 20 18 16 6 14 15 11 12 9 14 5 9 9 9 13 5 10 10 10 5
40 0 0 1520 20 20 19 12 9 14 15 11 11 12 11 6 9 9 9 13 7 8 7 8 10
40 0 0 1520 20 20 19 13 8 16 10 14 12 10 13 5 8 11 11 10 4 14 6 11 5
40 0 0 1507 20 20 19 15 6 16 11 13 12 10 13 5 8 10 12 10 4 12 8 11 5
40 0 0 1501 21 19 14 19 7 12 14 14 11 11 14 4 11 8 13 8 11 9 5 10 5
40 0 0 1518 21 19 15 19 6 12 16 12 11 11 14 4 11 6 15 8 10 8 6 11 5
40 0 0 1511 21 19 16 16 8 12 15 13 10 11 14 5 9 8 11 12 8 8 6 8 10
40 0 0 1518 21 19 16 19 5 13 15 12 12 8 17 3 10 8 11 11 7 10 9 9 5
40 0 0 1515 21 19 17 14 9 12 18 10 11 13 9 7 11 6 15 8 8 10 9 8 5
40 0 0 1490 21 19 17 15 8 13 15 12 10 14 11 5 9 10 11 10 10 4 10 11 5
40 0 0 1517 21 19 17 16 7 13 15 12 10 13 12 5 9 8 13 10 9 5 9 7 10
40 0 0 1519 21 19 17 17 6 13 16 11 11 11 14 4 10 6 15 9 8 8 6 13 5
40 0 0 1501 21 19 18 12 10 13 16 11 11 13 9 7 10 8 13 9 7 11 8 9 5
40 0 0 1502 21 19 18 14 8 13 17 10 11 13 9 7 10 7 14 9 7 9 10 9 5
40 0 0 1511 21 19 18 15 7 14 14 12 10 14 11 5 8 11 10 11 8 7 7 8 10
40 0 0 1513 21 19 18 15 7 16 9 15 12 11 11 6 8 13 10 9 5 13 11 6 5
40 0 0 1518 21 19 19 11 10 13 17 10 11 12 10 7 9 10 7 14 6 9 10 10 5
40 0 0 1506 21 19 19 13 8 14 15 11 11 11 14 4 8 11 8 13 6 7 12 10 5
40 0 0 1510 21 19 19 15 6 16 11 13 12 11 11 6 8 11 12 9 4 12 12 7 5
40 0 0 1509 21 19 20 13 7 16 12 12 11 13 12 4 7 13 10 10 5 10 9 11 5
40 0 0 1511 22 18 15 17 8 11 17 12 11 10 14 5 11 6 14 9 8 12 6 9 5
40 0 0 1502 22 18 16 16 8 11 19 10 11 11 13 5 11 7 11 11 9 8 10 8 5
40 0 0 1500 22 18 17 12 11 12 16 12 11 11 13 5 10 10 8 12 8 11 7 9 5
40 0 0 1515 22 18 17 14 9 13 13 14 10 12 12 6 8 11 9 12 7 9 9 5 10
40 0 0 1521 22 18 17 16 7 14 12 14 11 11 13 5 9 8 16 7 6 13 5 11 5
40 0 0 1506 22 18 18 13 9 12 18 10 10 13 11 6 9 8 12 11 7 7 11 10 5
40 0 0 1499 22 18 18 14 8 13 16 11 10 13 14 3 8 11 11 10 7 8 10 10 5
40 0 0 1515 22 18 18 15 7 14 13 13 10 12 15 3 7 11 13 9 5 11 7 12 5
40 0 0 1519 22 18 18 17 5 14 15 11 12 9 15 4 9 9 11 11 5 10 13 7 5
40 0 0 1518 22 18 19 15 6 15 13 12 12 9 15 4 8 11 9 12 4 11 12 8 5
40 0 0 1520 23 17 17 14 9 11 19 10 11 10 13 6 10 8 9 13 6 11 11 7 5
40 0 0 1501 23 17 18 13 9 13 15 12 10 13 13 4 8 12 9 11 7 10 7 11 5
40 0 0 1516 23 17 18 16 6 13 16 11 10 12 14 4 8 9 12 11 7 5 12 11 5
40 0 0 1513 23 17 19 13 8 14 14 12 10 13 13 4 7 13 8 12 6 9 8 12 5
40 0 0 1514 24 16 16 17 7 12 15 13 9 14 14 3 8 11 13 8 9 7 9 10 5
40 0 0 1521 24 16 17 17 6 13 14 13 9 14 14 3 7 12 12 9 8 6 10 11 5
