p 263 h 77 constraints 6156
0 0 1 0
1 0 1 1
2 0 1 2
3 0 1 3
4 0 1 4
5 0 1 5
6 0 1 6
7 0 1 7
8 0 1 8
9 0 1 9
10 0 1 10
11 0 1 11
12 0 1 12
13 0 1 13
14 0 1 14
15 0 1 15
16 0 1 16
17 0 1 17
18 0 1 18
19 0 1 19
20 0 1 20
21 0 1 21
22 0 1 22
23 0 1 23
24 0 1 24
25 0 1 25
26 0 1 26
27 0 1 27
28 0 1 28
29 0 1 29
30 0 1 30
31 0 1 31
32 0 1 32
33 0 1 33
34 1 1 2
35 1 1 3
36 1 1 4
37 1 1 5
38 1 1 6
39 1 1 7
40 1 1 8
41 1 1 9
42 1 1 10
43 1 1 11
44 1 1 12
45 1 1 13
46 1 1 14
47 1 1 15
48 1 1 16
49 1 1 17
50 1 1 18
51 1 1 19
52 1 1 20
53 1 1 21
54 1 1 22
55 1 1 23
56 1 1 24
57 1 1 25
58 1 1 26
59 1 1 27
60 1 1 28
61 1 1 29
62 1 1 30
63 1 1 31
64 1 1 32
65 1 1 33
66 2 1 4
67 2 1 5
68 2 1 6
69 2 1 7
70 2 1 8
71 2 1 9
72 2 1 10
73 2 1 11
74 2 1 12
75 2 1 13
76 2 1 14
77 2 1 15
78 2 1 16
79 2 1 17
80 2 1 18
81 2 1 19
82 2 1 20
83 2 1 21
84 2 1 22
85 2 1 23
86 2 1 24
87 2 1 25
88 2 1 26
89 2 1 27
90 2 1 28
91 2 1 29
92 2 1 30
93 2 1 31
94 2 1 32
95 2 1 33
96 3 1 6
97 3 1 7
98 3 1 8
99 3 1 9
100 3 1 10
101 3 1 11
102 3 1 12
103 3 1 13
104 3 1 14
105 3 1 15
106 3 1 16
107 3 1 17
108 3 1 18
109 3 1 19
110 3 1 20
111 3 1 21
112 3 1 22
113 3 1 23
114 3 1 24
115 3 1 25
116 3 1 26
117 3 1 27
118 3 1 28
119 3 1 29
120 3 1 30
121 3 1 31
122 3 1 32
123 3 1 33
124 4 1 8
125 4 1 9
126 4 1 10
127 4 1 11
128 4 1 12
129 4 1 13
130 4 1 14
131 4 1 15
132 4 1 16
133 4 1 17
134 4 1 18
135 4 1 19
136 4 1 20
137 4 1 21
138 4 1 22
139 4 1 23
140 4 1 24
141 4 1 25
142 4 1 26
143 4 1 27
144 4 1 28
145 4 1 29
146 4 1 30
147 4 1 31
148 4 1 32
149 4 1 33
150 5 1 10
151 5 1 11
152 5 1 12
153 5 1 13
154 5 1 14
155 5 1 15
156 5 1 16
157 5 1 17
158 5 1 18
159 5 1 19
160 5 1 20
161 5 1 21
162 5 1 22
163 5 1 23
164 5 1 24
165 5 1 25
166 5 1 26
167 5 1 27
168 5 1 28
169 5 1 29
170 5 1 30
171 5 1 31
172 5 1 32
173 5 1 33
174 6 1 12
175 6 1 13
176 6 1 14
177 6 1 15
178 6 1 16
179 6 1 17
180 6 1 18
181 6 1 19
182 6 1 20
183 6 1 21
184 6 1 22
185 6 1 23
186 6 1 24
187 6 1 25
188 6 1 26
189 6 1 27
190 6 1 28
191 6 1 29
192 6 1 30
193 6 1 31
194 6 1 32
195 6 1 33
196 7 1 14
197 7 1 15
198 7 1 16
199 7 1 17
200 7 1 18
201 7 1 19
202 7 1 20
203 7 1 21
204 7 1 22
205 7 1 23
206 7 1 24
207 7 1 25
208 7 1 26
209 7 1 27
210 7 1 28
211 7 1 29
212 7 1 30
213 7 1 31
214 7 1 32
215 7 1 33
216 8 1 16
217 8 1 17
218 8 1 18
219 8 1 19
220 8 1 20
221 8 1 21
222 8 1 22
223 8 1 23
224 8 1 24
225 8 1 25
226 8 1 26
227 8 1 27
228 8 1 28
229 8 1 29
230 8 1 30
231 8 1 31
232 8 1 32
233 8 1 33
234 9 1 18
235 9 1 19
236 9 1 20
237 9 1 21
238 9 1 22
239 9 1 23
240 9 1 24
241 9 1 25
242 9 1 26
243 9 1 27
244 9 1 28
245 9 1 29
246 9 1 30
247 9 1 31
248 9 1 32
249 9 1 33
250 10 1 20
251 10 1 21
252 10 1 22
253 10 1 23
254 10 1 24
255 10 1 25
256 10 1 26
257 10 1 27
258 10 1 28
259 10 1 29
260 10 1 30
261 10 1 31
262 10 1 32
263 10 1 33
264 11 1 22
265 11 1 23
266 11 1 24
267 11 1 25
268 11 1 26
269 11 1 27
270 11 1 28
271 11 1 29
272 11 1 30
273 11 1 31
274 11 1 32
275 11 1 33
276 12 1 24
277 12 1 25
278 12 1 26
279 12 1 27
280 12 1 28
281 12 1 29
282 12 1 30
283 12 1 31
284 12 1 32
285 12 1 33
286 13 1 26
287 13 1 27
288 13 1 28
289 13 1 29
290 13 1 30
291 13 1 31
292 13 1 32
293 13 1 33
294 14 1 28
295 14 1 29
296 14 1 30
297 14 1 31
298 14 1 32
299 14 1 33
300 15 1 30
301 15 1 31
302 15 1 32
303 15 1 33
304 16 1 32
305 16 1 33
306 17 262 34
307 17 262 35
308 16 1 34
309 16 1 35
310 15 262 34
311 15 262 35
312 14 1 34
313 14 1 35
314 13 262 34
315 13 262 35
316 12 1 34
317 12 1 35
318 11 262 34
319 11 262 35
320 10 1 34
321 10 1 35
322 9 262 34
323 9 262 35
324 8 1 34
325 8 1 35
326 7 262 34
327 18 262 36
328 18 262 37
329 17 1 36
330 17 1 37
331 16 262 36
332 16 262 37
333 15 1 36
334 15 1 37
335 14 262 36
336 14 262 37
337 13 1 36
338 13 1 37
339 12 262 36
340 12 262 37
341 11 1 36
342 11 1 37
343 10 262 36
344 10 262 37
345 9 1 36
346 9 1 37
347 19 262 38
348 19 262 39
349 18 1 38
350 18 1 39
351 17 262 38
352 17 262 39
353 16 1 38
354 16 1 39
355 15 262 38
356 15 262 39
357 14 1 38
358 14 1 39
359 13 262 38
360 13 262 39
361 12 1 38
362 12 1 39
363 11 262 38
364 11 262 39
365 10 1 38
366 20 262 40
367 20 262 41
368 19 1 40
369 19 1 41
370 18 262 40
371 18 262 41
372 17 1 40
373 17 1 41
374 16 262 40
375 16 262 41
376 15 1 40
377 15 1 41
378 14 262 40
379 14 262 41
380 13 1 40
381 13 1 41
382 12 262 40
383 12 262 41
384 21 262 42
385 21 262 43
386 20 1 42
387 20 1 43
388 19 262 42
389 19 262 43
390 18 1 42
391 18 1 43
392 17 262 42
393 17 262 43
394 16 1 42
395 16 1 43
396 15 262 42
397 15 262 43
398 14 1 42
399 14 1 43
400 13 262 42
401 22 262 44
402 22 262 45
403 21 1 44
404 21 1 45
405 20 262 44
406 20 262 45
407 19 1 44
408 19 1 45
409 18 262 44
410 18 262 45
411 17 1 44
412 17 1 45
413 16 262 44
414 16 262 45
415 15 1 44
416 15 1 45
417 23 262 46
418 23 262 47
419 22 1 46
420 22 1 47
421 21 262 46
422 21 262 47
423 20 1 46
424 20 1 47
425 19 262 46
426 19 262 47
427 18 1 46
428 18 1 47
429 17 262 46
430 17 262 47
431 16 1 46
432 24 262 48
433 24 262 49
434 23 1 48
435 23 1 49
436 22 262 48
437 22 262 49
438 21 1 48
439 21 1 49
440 20 262 48
441 20 262 49
442 19 1 48
443 19 1 49
444 18 262 48
445 18 262 49
446 25 262 50
447 25 262 51
448 24 1 50
449 24 1 51
450 23 262 50
451 23 262 51
452 22 1 50
453 22 1 51
454 21 262 50
455 21 262 51
456 20 1 50
457 20 1 51
458 19 262 50
459 26 262 52
460 26 262 53
461 25 1 52
462 25 1 53
463 24 262 52
464 24 262 53
465 23 1 52
466 23 1 53
467 22 262 52
468 22 262 53
469 21 1 52
470 21 1 53
471 27 262 54
472 27 262 55
473 26 1 54
474 26 1 55
475 25 262 54
476 25 262 55
477 24 1 54
478 24 1 55
479 23 262 54
480 23 262 55
481 22 1 54
482 28 262 56
483 28 262 57
484 27 1 56
485 27 1 57
486 26 262 56
487 26 262 57
488 25 1 56
489 25 1 57
490 24 262 56
491 24 262 57
492 29 262 58
493 29 262 59
494 28 1 58
495 28 1 59
496 27 262 58
497 27 262 59
498 26 1 58
499 26 1 59
500 25 262 58
501 30 262 60
502 30 262 61
503 29 1 60
504 29 1 61
505 28 262 60
506 28 262 61
507 27 1 60
508 27 1 61
509 31 262 62
510 31 262 63
511 30 1 62
512 30 1 63
513 29 262 62
514 29 262 63
515 28 1 62
516 32 262 64
517 32 262 65
518 31 1 64
519 31 1 65
520 30 262 64
521 30 262 65
522 33 262 66
523 33 262 67
524 32 1 66
525 32 1 67
526 31 262 66
527 34 262 68
528 34 262 69
529 33 1 68
530 33 1 69
531 35 262 70
532 35 262 71
533 34 1 70
534 36 262 72
535 36 262 73
536 37 262 74
537 38 244 76
538 37 94 75
539 35 227 72
540 34 12 71
541 32 1 68
542 31 175 67
543 29 168 64
544 28 207 63
545 26 83 60
546 25 60 59
547 23 5 56
548 22 86 55
549 20 51 52
550 19 246 51
551 17 152 48
552 39 244 78
553 38 94 77
554 36 227 74
555 35 12 73
556 33 1 70
557 32 175 69
558 30 168 66
559 29 207 65
560 27 83 62
561 26 60 61
562 24 5 58
563 23 86 57
564 21 51 54
565 20 246 53
566 40 244 80
567 39 94 79
568 37 227 76
569 36 12 75
570 34 1 72
571 33 175 71
572 31 168 68
573 30 207 67
574 28 83 64
575 27 60 63
576 25 5 60
577 24 86 59
578 22 51 56
579 41 244 82
580 40 94 81
581 38 227 78
582 37 12 77
583 35 1 74
584 34 175 73
585 32 168 70
586 31 207 69
587 29 83 66
588 28 60 65
589 26 5 62
590 25 86 61
591 42 244 84
592 41 94 83
593 39 227 80
594 38 12 79
595 36 1 76
596 35 175 75
597 33 168 72
598 32 207 71
599 30 83 68
600 29 60 67
601 27 5 64
602 43 244 86
603 42 94 85
604 40 227 82
605 39 12 81
606 37 1 78
607 36 175 77
608 34 168 74
609 33 207 73
610 31 83 70
611 30 60 69
612 44 244 88
613 43 94 87
614 41 227 84
615 40 12 83
616 38 1 80
617 37 175 79
618 35 168 76
619 34 207 75
620 32 83 72
621 45 244 90
622 44 94 89
623 42 227 86
624 41 12 85
625 39 1 82
626 38 175 81
627 36 168 78
628 35 207 77
629 46 244 92
630 45 94 91
631 43 227 88
632 42 12 87
633 40 1 84
634 39 175 83
635 37 168 80
636 47 244 94
637 46 94 93
638 44 227 90
639 43 12 89
640 41 1 86
641 40 175 85
642 48 244 96
643 47 94 95
644 45 227 92
645 44 12 91
646 42 1 88
647 49 244 98
648 48 94 97
649 46 227 94
650 45 12 93
651 50 244 100
652 49 94 99
653 47 227 96
654 51 244 102
655 50 94 101
656 52 244 104
657 53 50 106
658 51 67 103
659 48 21 98
660 46 86 95
661 43 235 90
662 41 236 87
663 38 125 82
664 36 36 79
665 33 184 74
666 31 215 71
667 54 50 108
668 52 67 105
669 49 21 100
670 47 86 97
671 44 235 92
672 42 236 89
673 39 125 84
674 37 36 81
675 34 184 76
676 55 50 110
677 53 67 107
678 50 21 102
679 48 86 99
680 45 235 94
681 43 236 91
682 40 125 86
683 38 36 83
684 56 50 112
685 54 67 109
686 51 21 104
687 49 86 101
688 46 235 96
689 44 236 93
690 41 125 88
691 57 50 114
692 55 67 111
693 52 21 106
694 50 86 103
695 47 235 98
696 45 236 95
697 58 50 116
698 56 67 113
699 53 21 108
700 51 86 105
701 48 235 100
702 59 50 118
703 57 67 115
704 54 21 110
705 52 86 107
706 60 50 120
707 58 67 117
708 55 21 112
709 61 50 122
710 59 67 119
711 62 50 124
712 63 176 126
713 60 161 121
714 56 241 114
715 53 210 109
716 49 200 102
717 46 171 97
718 42 238 90
719 64 176 128
720 61 161 123
721 57 241 116
722 54 210 111
723 50 200 104
724 47 171 99
725 65 176 130
726 62 161 125
727 58 241 118
728 55 210 113
729 51 200 106
730 66 176 132
731 63 161 127
732 59 241 120
733 56 210 115
734 67 176 134
735 64 161 129
736 60 241 122
737 68 176 136
738 65 161 131
739 69 176 138
740 0 1 34
741 1 259 34
742 2 16 34
743 3 199 34
744 4 256 34
745 5 28 34
746 6 151 34
747 0 166 35
748 1 44 35
749 2 16 35
750 3 165 35
751 4 95 35
752 5 99 35
753 6 247 35
754 7 78 35
755 0 262 36
756 8 234 36
757 0 1 37
758 0 1 38
759 0 1 39
760 10 85 39
761 0 262 40
762 11 255 40
763 0 1 41
764 0 1 42
765 0 1 43
766 13 96 43
767 1 1 36
768 2 259 36
769 3 16 36
770 4 199 36
771 5 256 36
772 6 28 36
773 7 151 36
774 1 166 37
775 2 44 37
776 3 16 37
777 4 165 37
778 5 95 37
779 6 99 37
780 7 247 37
781 8 78 37
782 1 262 38
783 9 234 38
784 1 1 39
785 1 1 40
786 1 1 41
787 11 85 41
788 1 262 42
789 12 255 42
790 1 1 43
791 0 157 44
792 1 262 44
793 2 1 38
794 3 259 38
795 4 16 38
796 5 199 38
797 6 256 38
798 7 28 38
799 8 151 38
800 2 166 39
801 3 44 39
802 4 16 39
803 5 165 39
804 6 95 39
805 7 99 39
806 8 247 39
807 9 78 39
808 2 262 40
809 10 234 40
810 2 1 41
811 2 1 42
812 2 1 43
813 12 85 43
814 2 262 44
815 13 255 44
816 14 82 44
817 1 251 45
818 3 1 40
819 4 259 40
820 5 16 40
821 6 199 40
822 7 256 40
823 8 28 40
824 9 151 40
825 3 166 41
826 4 44 41
827 5 16 41
828 6 165 41
829 7 95 41
830 8 99 41
831 9 247 41
832 10 78 41
833 3 262 42
834 11 234 42
835 3 1 43
836 3 1 44
837 0 127 45
838 2 206 45
839 3 184 45
840 13 103 45
841 14 69 45
842 4 1 42
843 5 259 42
844 6 16 42
845 7 199 42
846 8 256 42
847 9 28 42
848 10 151 42
849 4 166 43
850 5 44 43
851 6 16 43
852 7 165 43
853 8 95 43
854 9 99 43
855 10 247 43
856 11 78 43
857 4 262 44
858 12 234 44
859 4 1 45
860 0 144 46
861 1 179 46
862 2 59 46
863 3 24 46
864 4 1 46
865 5 1 44
866 6 259 44
867 7 16 44
868 8 199 44
869 9 256 44
870 10 28 44
871 11 151 44
872 5 166 45
873 6 44 45
874 7 16 45
875 8 165 45
876 9 95 45
877 10 99 45
878 11 247 45
879 12 78 45
880 5 262 46
881 13 234 46
882 14 105 46
883 15 93 46
884 1 61 47
885 3 210 47
886 5 1 47
887 6 1 46
888 7 259 46
889 8 16 46
890 9 199 46
891 10 256 46
892 11 28 46
893 12 151 46
894 0 145 47
895 2 257 47
896 4 43 47
897 6 129 47
898 7 243 47
899 8 98 47
900 9 52 47
901 10 210 47
902 11 34 47
903 12 232 47
904 13 47 47
905 14 36 47
906 15 170 47
907 16 259 47
908 0 120 48
909 1 43 48
910 2 133 48
911 3 140 48
912 4 204 48
913 5 122 48
914 6 213 48
915 7 100 48
916 8 95 48
917 9 254 48
918 10 190 48
919 11 201 48
920 12 119 48
921 13 229 48
922 14 219 48
923 15 219 48
924 16 32 48
925 0 49 49
926 1 216 49
927 2 158 49
928 3 46 49
929 4 3 49
930 5 5 49
931 6 18 49
932 7 117 49
933 8 184 49
934 9 230 49
935 10 199 49
936 11 84 49
937 12 23 49
938 13 90 49
939 14 164 49
940 15 30 49
941 16 48 49
942 17 161 49
943 0 97 50
944 1 89 50
945 2 61 50
946 18 198 50
947 3 136 50
948 4 163 50
949 5 79 50
950 6 245 50
951 7 159 50
952 8 237 50
953 9 203 50
954 10 90 50
955 11 153 50
956 12 15 50
957 13 235 50
958 14 24 50
959 15 148 50
960 16 78 50
961 17 34 50
962 0 209 51
963 1 58 51
964 2 199 51
965 3 12 51
966 4 24 51
967 5 92 51
968 6 100 51
969 7 122 51
970 8 253 51
971 9 206 51
972 10 168 51
973 11 41 51
974 12 6 51
975 13 184 51
976 14 94 51
977 15 192 51
978 16 45 51
979 17 132 51
980 18 21 51
981 0 196 52
982 1 163 52
983 2 159 52
984 3 204 52
985 4 176 52
986 5 14 52
987 6 97 52
988 7 15 52
989 8 191 52
990 9 21 52
991 10 262 52
992 11 214 52
993 12 111 52
994 13 60 52
995 14 107 52
996 15 235 52
997 16 231 52
998 17 221 52
999 18 54 52
1000 19 100 52
1001 0 78 53
1002 1 76 53
1003 2 179 53
1004 3 211 53
1005 4 199 53
1006 5 204 53
1007 6 75 53
1008 7 60 53
1009 8 208 53
1010 9 176 53
1011 10 254 53
1012 11 73 53
1013 12 209 53
1014 13 137 53
1015 14 190 53
1016 15 4 53
1017 16 104 53
1018 17 124 53
1019 18 25 53
1020 19 28 53
1021 0 262 54
1022 1 48 54
1023 2 40 54
1024 3 17 54
1025 4 93 54
1026 5 198 54
1027 6 125 54
1028 7 52 54
1029 8 232 54
1030 9 119 54
1031 10 52 54
1032 11 104 54
1033 12 77 54
1034 13 73 54
1035 14 25 54
1036 15 23 54
1037 16 6 54
1038 17 200 54
1039 18 96 54
1040 19 197 54
1041 20 133 54
1042 0 184 55
1043 1 98 55
1044 2 215 55
1045 3 47 55
1046 4 169 55
1047 5 241 55
1048 9 214 55
1049 10 105 55
1050 11 211 55
1051 15 1 55
1052 12 125 55
1053 13 49 55
1054 14 207 55
1055 16 138 55
1056 17 171 55
1057 18 42 55
1058 19 138 55
1059 20 253 55
1060 21 138 55
1061 0 186 56
1062 1 134 56
1063 2 240 56
1064 3 105 56
1065 4 156 56
1066 12 234 56
1067 13 129 56
1068 14 160 56
1069 15 133 56
1070 16 24 56
1071 17 242 56
1072 18 110 56
1073 19 47 56
1074 20 111 56
1075 21 209 56
1076 0 138 57
1077 1 39 57
1078 2 257 57
1079 3 222 57
1080 17 56 57
1081 18 262 57
1082 15 137 57
1083 16 191 57
1084 19 88 57
1085 20 56 57
1086 21 11 57
1087 22 194 57
1088 0 34 58
1089 19 262 58
1090 1 162 58
1091 2 139 58
1092 17 52 58
1093 18 117 58
1094 20 29 58
1095 21 53 58
1096 23 178 58
1097 22 253 58
1098 0 54 59
1099 1 194 59
1100 19 166 59
1101 20 108 59
1102 21 1 59
1103 22 57 59
1104 23 201 59
1105 0 216 60
1106 21 176 60
1107 22 1 60
1108 20 150 60
1109 23 262 60
1110 24 59 60
1111 23 1 61
1112 22 83 61
1113 24 1 61
1114 24 1 62
1115 25 1 62
1116 25 1 63
1117 26 262 63
1118 27 149 65
1119 26 57 64
1120 25 160 64
1121 24 183 63
1122 23 40 62
1123 22 20 62
1124 21 253 61
1125 20 258 61
1126 19 134 60
1127 18 196 59
1128 17 98 59
1129 16 214 58
1130 15 107 58
1131 14 78 57
1132 13 39 57
1133 12 151 57
1134 11 56 56
1135 10 28 56
1136 9 14 56
1137 8 256 55
1138 7 128 55
1139 28 114 66
1140 27 57 66
1141 26 103 65
1142 25 183 65
1143 24 40 64
1144 23 243 63
1145 22 253 63
1146 21 5 62
1147 20 134 62
1148 19 196 61
1149 18 165 60
1150 17 214 60
1151 16 156 59
1152 15 78 59
1153 14 224 58
1154 13 112 58
1155 12 56 58
1156 11 235 57
1157 10 249 57
1158 9 256 57
1159 29 114 68
1160 28 206 67
1161 27 103 67
1162 26 80 66
1163 25 40 66
1164 24 243 65
1165 23 10 64
1166 22 5 64
1167 21 129 63
1168 20 196 63
1169 19 165 62
1170 18 49 61
1171 17 156 61
1172 16 185 60
1173 15 224 60
1174 14 151 59
1175 13 207 59
1176 12 235 59
1177 11 14 58
1178 30 114 70
1179 29 206 69
1180 28 160 68
1181 27 80 68
1182 26 223 67
1183 25 243 67
1184 24 10 66
1185 23 258 65
1186 22 129 65
1187 21 67 64
1188 20 165 64
1189 19 49 63
1190 18 107 62
1191 17 185 62
1192 16 39 61
1193 15 151 61
1194 14 56 60
1195 13 28 60
1196 31 114 72
1197 30 206 71
1198 29 160 70
1199 28 183 69
1200 27 223 69
1201 26 20 68
1202 25 10 68
1203 24 258 67
1204 23 134 66
1205 22 67 66
1206 21 98 65
1207 20 49 65
1208 19 107 64
1209 18 78 63
1210 17 39 63
1211 16 112 62
1212 15 56 62
1213 32 149 73
1214 31 206 73
1215 30 160 72
1216 29 183 71
1217 28 40 70
1218 27 20 70
1219 26 253 69
1220 25 258 69
1221 24 134 68
1222 23 196 67
1223 22 98 67
1224 21 214 66
1225 20 107 66
1226 19 78 65
1227 18 224 64
1228 17 112 64
1229 33 149 75
1230 32 57 74
1231 31 160 74
1232 30 183 73
1233 29 40 72
1234 28 243 71
1235 27 253 71
1236 26 5 70
1237 25 134 70
1238 24 196 69
1239 23 165 68
1240 22 214 68
1241 21 156 67
1242 20 78 67
1243 19 224 66
1244 34 149 77
1245 33 57 76
1246 32 103 75
1247 31 183 75
1248 30 40 74
1249 29 243 73
1250 28 10 72
1251 27 5 72
1252 26 129 71
1253 25 196 71
1254 24 165 70
1255 23 49 69
1256 22 156 69
1257 21 185 68
1258 35 114 78
1259 34 57 78
1260 33 103 77
1261 32 80 76
1262 31 40 76
1263 30 243 75
1264 29 10 74
1265 28 258 73
1266 27 129 73
1267 26 67 72
1268 25 165 72
1269 24 49 71
1270 23 107 70
1271 36 114 80
1272 35 206 79
1273 34 103 79
1274 33 80 78
1275 32 223 77
1276 31 243 77
1277 30 10 76
1278 29 258 75
1279 28 134 74
1280 27 67 74
1281 26 98 73
1282 25 49 73
1283 37 114 82
1284 36 206 81
1285 35 160 80
1286 34 80 80
1287 33 223 79
1288 32 20 78
1289 31 10 78
1290 30 258 77
1291 29 134 76
1292 28 196 75
1293 27 98 75
1294 38 114 84
1295 37 206 83
1296 36 160 82
1297 35 183 81
1298 34 223 81
1299 33 20 80
1300 32 253 79
1301 31 258 79
1302 30 134 78
1303 29 196 77
1304 39 149 85
1305 38 206 85
1306 37 160 84
1307 36 183 83
1308 35 40 82
1309 34 20 82
1310 33 253 81
1311 32 5 80
1312 31 134 80
1313 40 149 87
1314 39 57 86
1315 38 160 86
1316 37 183 85
1317 36 40 84
1318 35 243 83
1319 34 253 83
1320 33 5 82
1321 41 149 89
1322 40 57 88
1323 39 103 87
1324 38 183 87
1325 37 40 86
1326 36 243 85
1327 35 10 84
1328 42 149 91
1329 41 57 90
1330 40 103 89
1331 39 80 88
1332 38 40 88
1333 37 243 87
1334 43 114 92
1335 42 57 92
1336 41 103 91
1337 40 80 90
1338 39 223 89
1339 44 114 94
1340 43 206 93
1341 42 103 93
1342 41 80 92
1343 45 114 96
1344 44 206 95
1345 43 160 94
1346 46 114 98
1347 45 206 97
1348 47 114 100
1349 48 260 101
1350 46 33 99
1351 44 100 96
1352 42 215 94
1353 40 261 91
1354 38 22 89
1355 36 242 86
1356 34 231 84
1357 32 174 81
1358 30 190 79
1359 28 249 76
1360 26 154 74
1361 24 147 72
1362 22 224 70
1363 20 166 68
1364 18 248 65
1365 49 260 103
1366 47 33 101
1367 45 100 98
1368 43 48 95
1369 41 261 93
1370 39 241 90
1371 37 242 88
1372 35 32 85
1373 33 174 83
1374 31 190 81
1375 29 249 78
1376 27 154 76
1377 25 147 74
1378 23 39 71
1379 21 97 69
1380 50 260 105
1381 48 230 102
1382 46 100 100
1383 44 48 97
1384 42 261 95
1385 40 241 92
1386 38 242 90
1387 36 32 87
1388 34 174 85
1389 32 73 82
1390 30 249 80
1391 28 109 77
1392 26 116 75
1393 24 39 73
1394 51 260 107
1395 49 230 104
1396 47 100 102
1397 45 48 99
1398 43 2 96
1399 41 241 94
1400 39 21 91
1401 37 32 89
1402 35 89 86
1403 33 73 84
1404 31 249 82
1405 29 109 79
1406 27 116 77
1407 52 3 108
1408 50 230 106
1409 48 163 103
1410 46 48 101
1411 44 2 98
1412 42 241 96
1413 40 21 93
1414 38 32 91
1415 36 89 88
1416 34 73 86
1417 32 14 83
1418 30 109 81
1419 53 3 110
1420 51 230 108
1421 49 163 105
1422 47 48 103
1423 45 2 100
1424 43 22 97
1425 41 21 95
1426 39 231 92
1427 37 89 90
1428 35 190 87
1429 33 14 85
1430 54 3 112
1431 52 33 109
1432 50 163 107
1433 48 215 104
1434 46 2 102
1435 44 22 99
1436 42 21 97
1437 40 231 94
1438 38 89 92
1439 36 190 89
1440 55 3 114
1441 53 33 111
1442 51 163 109
1443 49 215 106
1444 47 2 104
1445 45 22 101
1446 43 242 98
1447 41 231 96
1448 39 174 93
1449 56 3 116
1450 54 33 113
1451 52 100 110
1452 50 215 108
1453 48 261 105
1454 46 22 103
1455 44 242 100
1456 42 231 98
1457 57 260 117
1458 55 33 115
1459 53 100 112
1460 51 215 110
1461 49 261 107
1462 47 22 105
1463 45 242 102
1464 58 260 119
1465 56 33 117
1466 54 100 114
1467 52 48 111
1468 50 261 109
1469 48 241 106
1470 59 260 121
1471 57 230 118
1472 55 100 116
1473 53 48 113
1474 51 261 111
1475 60 260 123
1476 58 230 120
1477 56 100 118
1478 54 48 115
1479 61 3 124
1480 59 230 122
1481 57 163 119
1482 62 3 126
1483 60 230 124
1484 63 3 128
1485 64 134 130
1486 61 21 125
1487 58 34 121
1488 55 30 117
1489 52 252 112
1490 49 145 108
1491 46 97 104
1492 43 131 99
1493 40 162 95
1494 37 112 91
1495 34 6 87
1496 31 160 83
1497 28 29 78
1498 65 134 132
1499 62 21 127
1500 59 34 123
1501 56 30 119
1502 53 252 114
1503 50 145 110
1504 47 97 106
1505 44 131 101
1506 41 162 97
1507 38 112 93
1508 35 257 88
1509 32 103 84
1510 66 129 133
1511 63 21 129
1512 60 34 125
1513 57 233 120
1514 54 252 116
1515 51 145 112
1516 48 166 107
1517 45 131 103
1518 42 162 99
1519 39 151 94
1520 36 257 90
1521 67 129 135
1522 64 21 131
1523 61 229 126
1524 58 233 122
1525 55 252 118
1526 52 118 113
1527 49 166 109
1528 46 131 105
1529 43 101 100
1530 40 151 96
1531 68 129 137
1532 65 21 133
1533 62 229 128
1534 59 233 124
1535 56 252 120
1536 53 118 115
1537 50 166 111
1538 47 131 107
1539 44 101 102
1540 69 129 139
1541 66 242 134
1542 63 229 130
1543 60 233 126
1544 57 11 121
1545 54 118 117
1546 51 166 113
1547 48 132 108
1548 70 134 140
1549 67 242 136
1550 64 229 132
1551 61 30 127
1552 58 11 123
1553 55 118 119
1554 52 97 114
1555 71 134 142
1556 68 242 138
1557 65 229 134
1558 62 30 129
1559 59 11 125
1560 56 118 121
1561 72 134 144
1562 69 242 140
1563 66 34 135
1564 63 30 131
1565 60 11 127
1566 73 134 146
1567 70 21 141
1568 67 34 137
1569 64 30 133
1570 74 134 148
1571 71 21 143
1572 68 34 139
1573 75 134 150
1574 72 21 145
1575 76 134 152
1576 6 20 55
1577 5 80 56
1578 6 5 56
1579 7 67 56
1580 4 100 57
1581 5 1 57
1582 3 123 58
1583 4 112 58
1584 2 180 59
1585 3 59 59
1586 1 43 60
1587 2 143 60
1588 0 260 61
1589 1 142 61
1590 0 253 62
1591 0 253 63
1592 0 253 64
1593 0 253 65
1594 0 253 66
1595 8 218 56
1596 6 183 57
1597 7 258 57
1598 5 52 58
1599 8 214 57
1600 6 94 58
1601 7 124 58
1602 4 183 59
1603 5 49 59
1604 3 100 60
1605 4 66 60
1606 2 143 61
1607 3 208 61
1608 1 140 62
1609 2 235 62
1610 1 258 63
1611 1 258 64
1612 8 83 58
1613 10 96 58
1614 9 77 58
1615 6 56 59
1616 7 33 59
1617 8 134 59
1618 9 78 59
1619 5 168 60
1620 6 106 60
1621 7 199 60
1622 4 55 61
1623 5 30 61
1624 3 198 62
1625 4 96 62
1626 2 75 63
1627 10 142 59
1628 8 194 60
1629 11 24 59
1630 9 218 60
1631 10 178 60
1632 6 228 61
1633 11 219 60
1634 7 160 61
1635 8 202 61
1636 5 31 62
1637 9 91 61
1638 6 45 62
1639 7 253 62
1640 12 75 60
1641 10 221 61
1642 11 96 61
1643 13 54 61
1644 12 257 61
1645 8 13 62
1646 9 84 62
1647 10 45 62
1648 11 103 62
1649 3 130 63
1650 4 102 63
1651 14 160 61
1652 12 226 62
1653 13 47 62
1654 5 174 63
1655 14 145 62
1656 6 258 63
1657 7 8 63
1658 2 214 64
1659 8 97 63
1660 14 114 63
1661 16 97 63
1662 15 223 63
1663 3 49 64
1664 4 247 64
1665 5 43 64
1666 15 161 64
1667 16 138 64
1668 1 22 65
1669 2 100 65
1670 17 173 65
1671 3 191 65
1672 1 88 66
1673 0 89 67
1674 2 126 66
1675 19 259 67
1676 9 172 63
1677 10 20 63
1678 12 20 63
1679 11 20 63
1680 13 223 63
1681 6 223 64
1682 7 163 64
1683 8 245 64
1684 9 226 64
1685 10 36 64
1686 11 98 64
1687 12 118 64
1688 13 151 64
1689 14 148 64
1690 4 91 65
1691 5 149 65
1692 6 192 65
1693 7 179 65
1694 8 185 65
1695 9 260 65
1696 15 257 65
1697 16 167 65
1698 3 17 66
1699 4 245 66
1700 5 48 66
1701 6 105 66
1702 10 172 65
1703 11 20 65
1704 13 20 65
1705 12 20 65
1706 14 223 65
1707 7 223 66
1708 8 163 66
1709 9 245 66
1710 10 226 66
1711 11 36 66
1712 12 98 66
1713 13 118 66
1714 14 151 66
1715 15 148 66
1716 16 171 66
1717 17 98 66
1718 18 127 66
1719 1 246 67
1720 2 188 67
1721 3 73 67
1722 4 44 67
1723 5 190 67
1724 6 2 67
1725 7 214 67
1726 8 115 67
1727 9 248 67
1728 10 49 67
1729 11 10 67
1730 12 243 67
1731 13 79 67
1732 14 43 67
1733 15 239 67
1734 16 139 67
1735 17 212 67
1736 18 232 67
1737 0 104 68
1738 1 73 68
1739 2 24 68
1740 3 13 68
1741 4 136 68
1742 5 84 68
1743 6 224 68
1744 7 246 68
1745 8 79 68
1746 9 182 68
1747 10 215 68
1748 11 219 68
1749 12 224 68
1750 13 41 68
1751 14 145 68
1752 15 204 68
1753 16 2 68
1754 17 80 68
1755 18 132 68
1756 19 199 68
1757 0 56 69
1758 1 240 69
1759 2 35 69
1760 3 191 69
1761 4 93 69
1762 5 224 69
1763 6 248 69
1764 7 31 69
1765 8 193 69
1766 9 48 69
1767 11 90 69
1768 10 261 69
1769 12 204 69
1770 13 180 69
1771 14 74 69
1772 15 245 69
1773 16 194 69
1774 17 237 69
1775 18 7 69
1776 19 91 69
1777 20 104 69
1778 0 147 70
1779 1 33 70
1780 2 101 70
1781 3 222 70
1782 4 184 70
1783 5 47 70
1784 6 259 70
1785 7 217 70
1786 8 13 70
1787 9 42 70
1788 10 244 70
1789 11 211 70
1790 12 125 70
1791 13 12 70
1792 14 30 70
1793 15 254 70
1794 16 47 70
1795 17 135 70
1796 18 20 70
1797 19 36 70
1798 20 177 70
1799 21 102 70
1800 0 1 71
1801 1 166 71
1802 2 259 71
1803 3 50 71
1804 4 93 71
1805 5 165 71
1806 6 237 71
1807 7 188 71
1808 8 162 71
1809 9 214 71
1810 10 58 71
1811 11 81 71
1812 12 104 71
1813 13 202 71
1814 14 219 71
1815 16 224 71
1816 15 59 71
1817 17 248 71
1818 18 37 71
1819 19 3 71
1820 20 183 71
1821 21 133 71
1822 22 87 71
1823 0 65 72
1824 1 149 72
1825 2 133 72
1826 3 49 72
1827 4 252 72
1828 5 45 72
1829 6 198 72
1830 7 181 72
1831 8 160 72
1832 9 254 72
1833 10 74 72
1834 11 50 72
1835 12 170 72
1836 13 75 72
1837 14 132 72
1838 15 40 72
1839 16 191 72
1840 17 55 72
1841 18 80 72
1842 19 220 72
1843 20 93 72
1844 21 95 72
1845 22 33 72
1846 23 204 72
1847 0 208 73
1848 1 105 73
1849 2 63 73
1850 3 68 73
1851 4 217 73
1852 5 79 73
1853 6 218 73
1854 7 85 73
1855 8 37 73
1856 9 137 73
1857 10 83 73
1858 11 82 73
1859 12 181 73
1860 13 133 73
1861 14 28 73
1862 15 203 73
1863 16 238 73
1864 17 203 73
1865 18 139 73
1866 19 79 73
1867 20 56 73
1868 21 14 73
1869 22 159 73
1870 23 206 73
1871 0 239 74
1872 1 45 74
1873 2 70 74
1874 3 175 74
1875 4 116 74
1876 5 85 74
1877 6 67 74
1878 7 33 74
1879 8 244 74
1880 9 241 74
1881 10 111 74
1882 11 250 74
1883 12 47 74
1884 13 42 74
1885 14 225 74
1886 15 34 74
1887 16 188 74
1888 17 236 74
1889 18 253 74
1890 19 183 74
1891 20 26 74
1892 21 172 74
1893 22 224 74
1894 23 33 74
1895 24 122 74
1896 0 123 75
1897 1 238 75
1898 2 76 75
1899 3 118 75
1900 4 255 75
1901 5 120 75
1902 9 104 75
1903 11 176 75
1904 12 106 75
1905 13 26 75
1906 14 129 75
1907 15 256 75
1908 16 88 75
1909 17 219 75
1910 18 48 75
1911 19 167 75
1912 20 197 75
1913 21 165 75
1914 22 67 75
1915 23 159 75
1916 24 120 75
1917 25 182 75
1918 0 193 76
1919 1 243 76
1920 2 233 76
1921 3 21 76
1922 4 9 76
1923 5 233 76
1924 15 221 76
1925 17 225 76
1926 18 21 76
1927 19 79 76
1928 20 2 76
1929 21 174 76
1930 22 67 76
1931 23 254 76
1932 24 95 76
1933 25 232 76
1934 26 130 76
1935 0 166 77
1936 1 158 77
1937 2 171 77
1938 3 49 77
1939 4 140 77
1940 17 106 77
1941 18 137 77
1942 19 186 77
1943 20 8 77
1944 21 229 77
1945 22 17 77
1946 23 138 77
1947 24 197 77
1948 25 169 77
1949 26 129 77
1950 0 15 78
1951 1 43 78
1952 2 27 78
1953 3 108 78
1954 4 102 78
1955 20 86 78
1956 21 224 78
1957 22 133 78
1958 23 242 78
1959 24 21 78
1960 25 68 78
1961 26 252 78
1962 27 61 78
1963 0 190 79
1964 1 133 79
1965 2 21 79
1966 3 199 79
1967 20 112 79
1968 21 213 79
1969 22 128 79
1970 23 224 79
1971 24 18 79
1972 25 33 79
1973 26 44 79
1974 27 212 79
1975 28 233 79
1976 0 29 80
1977 1 64 80
1978 2 9 80
1979 3 32 80
1980 23 25 80
1981 24 11 80
1982 25 37 80
1983 26 68 80
1984 27 92 80
1985 29 219 80
1986 28 235 80
1987 0 147 81
1988 1 174 81
1989 2 38 81
1990 24 92 81
1991 25 12 81
1992 26 206 81
1993 27 158 81
1994 28 33 81
1995 29 68 81
1996 0 81 82
1997 1 134 82
1998 2 188 82
1999 26 68 82
2000 27 240 82
2001 28 106 82
2002 29 133 82
2003 30 196 82
2004 0 46 83
2005 1 243 83
2006 27 110 83
2007 28 102 83
2008 29 74 83
2009 30 88 83
2010 0 149 84
2011 1 11 84
2012 31 235 84
2013 29 47 84
2014 30 28 84
2015 0 188 85
2016 30 112 85
2017 32 14 85
2018 31 28 85
2019 31 28 86
2020 0 47 86
2021 33 249 86
2022 32 249 86
2023 32 249 87
2024 34 249 88
2025 33 14 87
2026 35 7 89
2027 36 142 91
2028 34 64 89
2029 33 154 88
2030 31 201 87
2031 30 196 86
2032 28 159 84
2033 27 106 84
2034 25 70 82
2035 24 111 82
2036 22 113 80
2037 21 213 80
2038 19 96 78
2039 18 32 78
2040 16 170 76
2041 15 62 77
2042 13 98 76
2043 12 153 76
2044 10 157 75
2045 9 246 76
2046 7 41 75
2047 6 115 75
2048 37 121 92
2049 35 231 90
2050 34 154 90
2051 32 31 88
2052 31 196 88
2053 29 104 85
2054 28 210 85
2055 26 228 83
2056 25 152 83
2057 23 75 81
2058 22 50 81
2059 20 96 80
2060 19 231 79
2061 17 170 78
2062 16 31 77
2063 14 49 76
2064 13 55 77
2065 11 53 76
2066 10 123 76
2067 8 152 75
2068 38 121 94
2069 36 231 92
2070 35 186 91
2071 33 232 89
2072 32 165 89
2073 30 104 87
2074 29 53 86
2075 27 228 85
2076 26 187 84
2077 24 75 83
2078 23 238 82
2079 21 215 81
2080 20 231 81
2081 18 178 79
2082 17 31 79
2083 15 49 78
2084 14 159 77
2085 12 210 77
2086 11 70 77
2087 39 71 95
2088 37 32 93
2089 36 186 93
2090 34 232 91
2091 33 98 90
2092 31 104 89
2093 30 53 88
2094 28 149 86
2095 27 187 86
2096 25 188 84
2097 24 238 84
2098 22 48 82
2099 21 16 82
2100 19 85 80
2101 18 116 80
2102 16 156 78
2103 15 159 79
2104 13 158 78
2105 40 71 97
2106 38 32 95
2107 37 77 94
2108 35 147 92
2109 34 98 92
2110 32 211 90
2111 31 53 90
2112 29 114 87
2113 28 38 87
2114 26 169 85
2115 25 25 85
2116 23 239 83
2117 22 247 83
2118 20 85 82
2119 19 147 81
2120 17 156 80
2121 16 211 79
2122 41 192 98
2123 39 247 96
2124 38 77 96
2125 36 147 94
2126 35 214 93
2127 33 52 91
2128 32 105 91
2129 30 114 89
2130 29 225 88
2131 27 169 87
2132 26 119 86
2133 24 239 85
2134 23 8 84
2135 21 89 83
2136 20 147 83
2137 18 185 81
2138 42 192 100
2139 40 247 98
2140 39 93 97
2141 37 116 95
2142 36 214 95
2143 34 52 93
2144 33 158 92
2145 31 114 91
2146 30 225 90
2147 28 47 88
2148 27 119 88
2149 25 24 86
2150 24 8 86
2151 22 174 84
2152 21 58 84
2153 43 167 101
2154 41 16 99
2155 40 93 99
2156 38 116 97
2157 37 49 96
2158 35 237 94
2159 34 158 94
2160 32 206 92
2161 31 225 92
2162 29 216 89
2163 28 72 89
2164 26 251 87
2165 25 255 87
2166 23 176 85
2167 44 167 103
2168 42 16 101
2169 41 170 100
2170 39 205 98
2171 38 49 98
2172 36 237 96
2173 35 184 95
2174 33 57 93
2175 32 19 93
2176 30 216 91
2177 29 191 90
2178 27 251 89
2179 26 4 88
2180 45 96 104
2181 43 255 102
2182 42 170 102
2183 40 205 100
2184 39 107 99
2185 37 26 97
2186 36 184 97
2187 34 57 95
2188 33 244 94
2189 31 216 93
2190 30 191 92
2191 28 6 90
2192 46 96 106
2193 44 255 104
2194 43 178 103
2195 41 58 101
2196 40 107 101
2197 38 26 99
2198 37 79 98
2199 35 103 96
2200 34 244 96
2201 32 155 94
2202 31 191 94
2203 47 96 108
2204 45 8 105
2205 44 178 105
2206 42 58 103
2207 41 156 102
2208 39 250 100
2209 38 79 100
2210 36 103 98
2211 35 141 97
2212 33 108 95
2213 48 215 109
2214 46 8 107
2215 45 85 106
2216 43 234 104
2217 42 156 104
2218 40 250 102
2219 39 92 101
2220 37 160 99
2221 36 141 99
2222 49 48 110
2223 47 8 109
2224 46 85 108
2225 44 234 106
2226 43 185 105
2227 41 13 103
2228 40 92 103
2229 38 160 101
2230 50 48 112
2231 48 259 110
2232 47 85 110
2233 45 29 107
2234 44 185 107
2235 42 13 105
2236 41 171 104
2237 51 48 114
2238 49 4 111
2239 48 89 111
2240 46 29 109
2241 45 78 108
2242 43 125 106
2243 52 239 115
2244 50 4 113
2245 49 174 112
2246 47 29 111
2247 46 78 110
2248 53 24 116
2249 51 4 115
2250 50 174 114
2251 48 117 112
2252 54 24 118
2253 52 261 116
2254 51 174 116
2255 55 24 120
2256 53 2 117
2257 56 24 122
2258 57 208 122
2259 54 256 119
2260 52 204 117
2261 49 194 113
2262 47 36 112
2263 44 79 108
2264 42 167 106
2265 39 140 102
2266 37 256 100
2267 34 133 97
2268 32 69 95
2269 29 259 91
2270 27 105 90
2271 24 109 87
2272 22 34 85
2273 19 143 82
2274 17 257 81
2275 14 114 78
2276 58 208 124
2277 55 256 121
2278 53 59 118
2279 50 194 115
2280 48 245 113
2281 45 184 109
2282 43 48 107
2283 40 140 104
2284 38 256 102
2285 35 65 98
2286 33 194 96
2287 30 259 93
2288 28 79 91
2289 25 154 88
2290 23 246 86
2291 20 143 84
2292 18 3 82
2293 59 208 126
2294 56 256 123
2295 54 59 120
2296 51 194 117
2297 49 18 114
2298 46 184 111
2299 44 48 109
2300 41 123 105
2301 39 135 103
2302 36 65 100
2303 34 194 98
2304 31 259 95
2305 29 184 92
2306 26 186 89
2307 24 246 88
2308 21 60 85
2309 60 208 128
2310 57 128 123
2311 55 59 122
2312 52 166 118
2313 50 18 116
2314 47 184 113
2315 45 215 110
2316 42 123 107
2317 40 135 105
2318 37 198 101
2319 35 166 99
2320 32 2 96
2321 30 184 94
2322 27 186 91
2323 25 17 89
2324 61 104 128
2325 58 128 125
2326 56 59 124
2327 53 97 119
2328 51 18 118
2329 48 171 114
2330 46 215 112
2331 43 70 108
2332 41 128 106
2333 38 198 103
2334 36 166 101
2335 33 261 97
2336 31 184 96
2337 28 170 92
2338 62 104 130
2339 59 128 127
2340 57 161 124
2341 54 97 121
2342 52 254 119
2343 49 92 115
2344 47 215 114
2345 44 70 110
2346 42 128 108
2347 39 164 104
2348 37 97 102
2349 34 261 99
2350 32 171 97
2351 63 104 132
2352 60 128 129
2353 58 161 126
2354 55 97 123
2355 53 9 120
2356 50 92 117
2357 48 24 115
2358 45 193 111
2359 43 199 109
2360 40 164 106
2361 38 97 104
2362 35 1 100
2363 64 104 134
2364 61 64 129
2365 59 161 128
2366 56 97 125
2367 54 9 122
2368 51 92 119
2369 49 239 116
2370 46 193 113
2371 44 199 111
2372 41 99 107
2373 39 83 105
2374 65 159 135
2375 62 64 131
2376 60 161 130
2377 57 180 125
2378 55 9 124
2379 52 217 120
2380 50 239 118
2381 47 193 115
2382 45 64 112
2383 42 99 109
2384 66 52 136
2385 63 64 133
2386 61 212 130
2387 58 180 127
2388 56 9 126
2389 53 46 121
2390 51 239 120
2391 48 35 116
2392 46 64 114
2393 67 52 138
2394 64 64 135
2395 62 212 132
2396 59 180 129
2397 57 136 126
2398 54 46 123
2399 52 12 121
2400 49 228 117
2401 68 52 140
2402 65 199 136
2403 63 212 134
2404 60 180 131
2405 58 136 128
2406 55 46 125
2407 53 251 122
2408 69 211 141
2409 66 32 137
2410 64 212 136
2411 61 90 131
2412 59 136 130
2413 56 46 127
2414 70 26 142
2415 67 32 139
2416 65 51 137
2417 62 90 133
2418 60 136 132
2419 71 26 144
2420 68 32 141
2421 66 106 138
2422 63 90 135
2423 72 26 146
2424 69 231 142
2425 67 106 140
2426 73 237 147
2427 70 16 143
2428 74 237 149
2429 6 129 76
2430 7 180 76
2431 8 190 76
2432 5 53 77
2433 6 153 77
2434 7 64 77
2435 8 203 77
2436 9 140 77
2437 10 103 77
2438 5 88 78
2439 6 22 78
2440 10 243 78
2441 11 254 78
2442 12 185 78
2443 4 209 79
2444 5 20 79
2445 12 1 79
2446 13 208 79
2447 14 128 79
2448 4 94 80
2449 7 129 78
2450 8 180 78
2451 9 190 78
2452 6 53 79
2453 7 153 79
2454 8 64 79
2455 9 203 79
2456 10 140 79
2457 11 103 79
2458 5 175 80
2459 6 196 80
2460 7 173 80
2461 11 202 80
2462 12 171 80
2463 13 72 80
2464 14 129 80
2465 15 48 80
2466 16 13 80
2467 3 244 81
2468 8 129 80
2469 9 180 80
2470 10 190 80
2471 4 201 81
2472 5 139 81
2473 6 211 81
2474 7 21 81
2475 8 244 81
2476 9 110 81
2477 10 90 81
2478 11 164 81
2479 12 146 81
2480 13 104 81
2481 14 218 81
2482 15 64 81
2483 16 44 81
2484 3 14 82
2485 4 104 82
2486 5 192 82
2487 6 3 82
2488 7 222 82
2489 8 58 82
2490 9 20 82
2491 10 4 82
2492 11 90 82
2493 12 262 82
2494 13 144 82
2495 14 167 82
2496 15 251 82
2497 16 146 82
2498 17 202 82
2499 2 20 83
2500 3 50 83
2501 4 141 83
2502 5 154 83
2503 6 11 83
2504 7 190 83
2505 8 69 83
2506 9 34 83
2507 10 229 83
2508 11 43 83
2509 12 12 83
2510 13 207 83
2511 14 20 83
2512 15 16 83
2513 16 250 83
2514 17 169 83
2515 18 11 83
2516 19 233 83
2517 2 185 84
2518 3 223 84
2519 4 98 84
2520 5 130 84
2521 6 65 84
2522 7 206 84
2523 8 109 84
2524 9 19 84
2525 10 55 84
2526 11 38 84
2527 12 45 84
2528 13 100 84
2529 14 103 84
2530 15 39 84
2531 16 201 84
2532 17 120 84
2533 18 168 84
2534 19 70 84
2535 1 141 85
2536 2 46 85
2537 3 2 85
2538 4 227 85
2539 5 137 85
2540 6 66 85
2541 7 84 85
2542 8 256 85
2543 9 164 85
2544 10 162 85
2545 11 83 85
2546 12 148 85
2547 13 167 85
2548 14 143 85
2549 15 229 85
2550 16 225 85
2551 17 127 85
2552 18 193 85
2553 19 71 85
2554 20 113 85
2555 1 146 86
2556 2 148 86
2557 3 116 86
2558 4 27 86
2559 5 156 86
2560 6 96 86
2561 7 249 86
2562 8 176 86
2563 9 94 86
2564 10 98 86
2565 11 93 86
2566 12 91 86
2567 13 134 86
2568 14 177 86
2569 15 55 86
2570 16 138 86
2571 17 32 86
2572 18 147 86
2573 19 84 86
2574 20 65 86
2575 21 26 86
2576 22 3 86
2577 0 28 87
2578 1 3 87
2579 2 132 87
2580 3 228 87
2581 4 127 87
2582 5 143 87
2583 6 141 87
2584 7 44 87
2585 8 185 87
2586 9 114 87
2587 10 132 87
2588 11 218 87
2589 12 257 87
2590 13 163 87
2591 14 73 87
2592 15 162 87
2593 16 151 87
2594 17 242 87
2595 18 236 87
2596 19 116 87
2597 20 198 87
2598 21 39 87
2599 22 20 87
2600 23 14 87
2601 0 47 88
2602 1 172 88
2603 2 27 88
2604 3 140 88
2605 4 15 88
2606 5 56 88
2607 6 19 88
2608 7 86 88
2609 8 51 88
2610 9 137 88
2611 10 202 88
2612 11 223 88
2613 12 198 88
2614 13 230 88
2615 14 147 88
2616 15 57 88
2617 16 179 88
2618 17 43 88
2619 18 218 88
2620 19 214 88
2621 20 120 88
2622 21 260 88
2623 22 182 88
2624 23 30 88
2625 0 16 89
2626 1 221 89
2627 2 27 89
2628 3 46 89
2629 4 130 89
2630 5 79 89
2631 6 215 89
2632 7 11 89
2633 8 252 89
2634 9 258 89
2635 10 135 89
2636 11 120 89
2637 12 40 89
2638 13 112 89
2639 14 192 89
2640 15 31 89
2641 16 173 89
2642 17 68 89
2643 18 19 89
2644 19 168 89
2645 20 135 89
2646 21 197 89
2647 22 117 89
2648 23 208 89
2649 24 214 89
2650 0 91 90
2651 1 208 90
2652 2 125 90
2653 3 165 90
2654 4 201 90
2655 5 129 90
2656 6 95 90
2657 7 247 90
2658 8 127 90
2659 9 173 90
2660 10 140 90
2661 11 236 90
2662 12 42 90
2663 13 186 90
2664 14 92 90
2665 15 42 90
2666 16 129 90
2667 17 254 90
2668 18 137 90
2669 19 205 90
2670 20 126 90
2671 21 189 90
2672 22 109 90
2673 23 163 90
2674 24 12 90
2675 25 137 90
2676 26 58 90
2677 0 167 91
2678 1 202 91
2679 2 6 91
2680 3 112 91
2681 4 84 91
2682 5 80 91
2683 6 232 91
2684 7 245 91
2685 8 102 91
2686 9 206 91
2687 10 62 91
2688 11 34 91
2689 12 111 91
2690 13 47 91
2691 14 181 91
2692 15 100 91
2693 16 230 91
2694 17 77 91
2695 18 80 91
2696 19 191 91
2697 20 102 91
2698 21 62 91
2699 22 7 91
2700 23 95 91
2701 24 235 91
2702 25 213 91
2703 26 96 91
2704 0 59 92
2705 1 137 92
2706 2 30 92
2707 3 209 92
2708 4 38 92
2709 5 68 92
2710 6 93 92
2711 7 2 92
2712 8 145 92
2713 9 60 92
2714 10 37 92
2715 11 217 92
2716 12 202 92
2717 13 6 92
2718 14 152 92
2719 15 85 92
2720 16 61 92
2721 17 118 92
2722 18 122 92
2723 19 13 92
2724 20 221 92
2725 21 181 92
2726 22 151 92
2727 23 122 92
2728 24 30 92
2729 25 81 92
2730 26 87 92
2731 27 101 92
2732 0 184 93
2733 1 190 93
2734 2 199 93
2735 3 95 93
2736 4 60 93
2737 5 164 93
2738 6 95 93
2739 7 98 93
2740 8 155 93
2741 9 174 93
2742 10 232 93
2743 11 166 93
2744 12 214 93
2745 13 110 93
2746 14 3 93
2747 15 18 93
2748 16 87 93
2749 17 64 93
2750 18 113 93
2751 19 224 93
2752 20 217 93
2753 21 83 93
2754 22 4 93
2755 23 260 93
2756 24 9 93
2757 25 96 93
2758 26 186 93
2759 27 235 93
2760 28 187 93
2761 29 213 93
2762 0 16 94
2763 1 37 94
2764 2 240 94
2765 3 93 94
2766 4 169 94
2767 5 224 94
2768 6 31 94
2769 7 18 94
2770 8 84 94
2771 9 168 94
2772 10 144 94
2773 11 152 94
2774 12 162 94
2775 13 147 94
2776 14 5 94
2777 15 145 94
2778 16 221 94
2779 17 50 94
2780 18 181 94
2781 19 18 94
2782 20 143 94
2783 21 81 94
2784 22 29 94
2785 23 241 94
2786 24 42 94
2787 25 150 94
2788 26 96 94
2789 27 133 94
2790 28 196 94
2791 29 7 94
2792 0 250 95
2793 1 87 95
2794 2 100 95
2795 3 97 95
2796 4 51 95
2797 5 218 95
2798 6 136 95
2799 7 44 95
2800 8 246 95
2801 9 187 95
2802 10 80 95
2803 11 148 95
2804 12 34 95
2805 13 79 95
2806 14 152 95
2807 15 132 95
2808 16 90 95
2809 17 104 95
2810 18 253 95
2811 19 244 95
2812 20 222 95
2813 21 64 95
2814 22 54 95
2815 23 71 95
2816 24 101 95
2817 25 165 95
2818 26 158 95
2819 27 188 95
2820 28 168 95
2821 29 246 95
2822 30 208 95
2823 0 123 96
2824 1 23 96
2825 2 152 96
2826 3 137 96
2827 4 57 96
2828 5 214 96
2829 6 53 96
2830 7 183 96
2831 8 149 96
2832 9 204 96
2833 11 209 96
2834 13 84 96
2835 15 182 96
2836 17 190 96
2837 18 245 96
2838 19 60 96
2839 20 59 96
2840 21 182 96
2841 22 137 96
2842 23 126 96
2843 24 5 96
2844 25 24 96
2845 26 47 96
2846 27 184 96
2847 28 183 96
2848 29 33 96
2849 30 118 96
2850 0 168 97
2851 1 146 97
2852 2 171 97
2853 3 248 97
2854 4 70 97
2855 5 50 97
2856 17 135 97
2857 18 28 97
2858 19 165 97
2859 20 226 97
2860 21 87 97
2861 22 99 97
2862 23 247 97
2863 24 125 97
2864 25 49 97
2865 26 214 97
2866 27 10 97
2867 28 25 97
2868 29 48 97
2869 30 256 97
2870 31 132 97
2871 0 100 98
2872 1 168 98
2873 2 97 98
2874 3 30 98
2875 4 69 98
2876 5 189 98
2877 20 231 98
2878 21 195 98
2879 22 159 98
2880 23 116 98
2881 24 3 98
2882 25 14 98
2883 26 41 98
2884 27 39 98
2885 28 212 98
2886 29 149 98
2887 30 193 98
2888 31 262 98
2889 32 148 98
2890 33 206 98
2891 0 232 99
2892 1 223 99
2893 2 136 99
2894 3 57 99
2895 4 183 99
2896 5 47 99
2897 21 131 99
2898 23 46 99
2899 24 7 99
2900 25 70 99
2901 26 26 99
2902 27 132 99
2903 28 42 99
2904 29 61 99
2905 30 206 99
2906 31 82 99
2907 32 212 99
2908 33 216 99
2909 0 144 100
2910 1 90 100
2911 2 11 100
2912 3 230 100
2913 4 50 100
2914 24 150 100
2915 25 194 100
2916 26 137 100
2917 27 72 100
2918 28 112 100
2919 29 237 100
2920 30 98 100
2921 31 41 100
2922 32 93 100
2923 33 233 100
2924 34 192 100
2925 0 213 101
2926 1 242 101
2927 2 198 101
2928 3 220 101
2929 4 151 101
2930 25 197 101
2931 27 108 101
2932 28 140 101
2933 31 140 101
2934 30 187 101
2935 29 15 101
2936 32 217 101
2937 33 113 101
2938 34 165 101
2939 35 117 101
2940 0 7 102
2941 1 81 102
2942 2 252 102
2943 3 243 102
2944 4 117 102
2945 27 215 102
2946 28 188 102
2947 31 225 102
2948 32 177 102
2949 33 12 102
2950 30 38 102
2951 34 43 102
2952 35 207 102
2953 29 225 102
2954 36 57 102
2955 0 223 103
2956 1 5 103
2957 2 229 103
2958 3 199 103
2959 30 197 103
2960 31 245 103
2961 32 188 103
2962 33 150 103
2963 34 256 103
2964 35 137 103
2965 36 231 103
2966 37 83 103
2967 0 123 104
2968 1 13 104
2969 2 215 104
2970 3 28 104
2971 31 213 104
2972 32 200 104
2973 34 75 104
2974 33 169 104
2975 35 259 104
2976 36 252 104
2977 37 36 104
2978 0 183 105
2979 1 22 105
2980 2 65 105
2981 3 261 105
2982 31 171 105
2983 32 219 105
2984 36 213 105
2985 35 238 105
2986 34 94 105
2987 37 25 105
2988 38 100 105
2989 33 169 105
2990 0 205 106
2991 1 243 106
2992 38 238 106
2993 2 161 106
2994 34 201 106
2995 37 25 106
2996 36 25 106
2997 35 144 106
2998 39 38 106
2999 0 45 107
3000 1 122 107
3001 2 51 107
3002 39 96 107
3003 38 144 107
3004 35 253 107
3005 40 73 107
3006 37 119 107
3007 36 119 107
3008 0 221 108
3009 1 169 108
3010 2 204 108
3011 40 167 108
3012 39 215 108
3013 38 191 108
3014 41 87 108
3015 0 180 109
3016 37 72 108
3017 1 205 109
3018 38 2 109
3019 41 48 109
3020 40 48 109
3021 39 24 109
3022 0 245 110
3023 1 216 110
3024 42 24 110
3025 39 64 110
3026 43 185 110
3027 41 239 110
3028 40 239 110
3029 0 49 111
3030 1 44 111
3031 42 251 111
3032 43 16 111
3033 0 60 112
3034 41 12 111
3035 44 8 112
3036 42 17 112
3037 0 174 113
3038 43 255 112
3039 45 259 113
3040 44 259 113
3041 0 175 114
3042 46 259 115
3043 45 2 114
3044 47 4 116
3045 48 211 117
3046 46 125 116
3047 44 143 114
3048 42 248 113
3049 40 67 111
3050 38 107 110
3051 36 13 108
3052 34 166 107
3053 32 233 106
3054 30 201 104
3055 28 214 103
3056 26 39 101
3057 24 56 101
3058 22 256 99
3059 20 199 99
3060 18 170 98
3061 16 176 96
3062 14 219 96
3063 12 33 96
3064 10 189 96
3065 6 150 97
3066 7 38 97
3067 8 56 97
3068 9 135 97
3069 10 1 97
3070 49 26 118
3071 47 138 117
3072 45 60 115
3073 43 258 113
3074 41 98 112
3075 39 52 111
3076 37 125 109
3077 35 120 108
3078 33 248 106
3079 31 201 106
3080 29 107 103
3081 27 39 103
3082 25 235 102
3083 23 90 100
3084 21 109 100
3085 19 85 98
3086 17 176 98
3087 15 44 97
3088 13 252 97
3089 11 200 97
3090 12 176 97
3091 14 136 97
3092 16 176 97
3093 6 169 98
3094 50 237 119
3095 48 217 118
3096 46 60 117
3097 44 258 115
3098 42 98 114
3099 40 211 112
3100 38 125 111
3101 36 143 109
3102 34 248 108
3103 32 196 107
3104 30 107 105
3105 28 250 104
3106 26 166 102
3107 24 90 102
3108 22 186 100
3109 20 85 100
3110 18 29 99
3111 7 261 98
3112 8 142 98
3113 9 88 98
3114 10 122 98
3115 11 56 98
3116 12 175 98
3117 51 237 121
3118 49 23 119
3119 47 203 118
3120 45 134 116
3121 43 208 114
3122 41 26 113
3123 39 46 112
3124 37 60 110
3125 35 5 109
3126 33 98 107
3127 31 107 107
3128 29 125 104
3129 27 166 104
3130 25 218 103
3131 23 201 101
3132 21 147 101
3133 19 146 99
3134 17 95 99
3135 15 221 98
3136 13 142 98
3137 14 32 98
3138 16 225 98
3139 52 184 122
3140 50 240 120
3141 48 20 119
3142 46 134 118
3143 44 208 116
3144 42 26 115
3145 40 217 113
3146 38 60 112
3147 36 258 110
3148 34 98 109
3149 32 52 108
3150 30 125 106
3151 28 120 105
3152 26 248 103
3153 24 201 103
3154 22 205 101
3155 20 146 101
3156 18 56 100
3157 6 174 99
3158 7 39 99
3159 8 128 99
3160 53 171 123
3161 51 240 122
3162 49 253 120
3163 47 129 119
3164 45 159 117
3165 43 184 115
3166 41 23 114
3167 39 243 113
3168 37 134 111
3169 35 55 110
3170 33 26 108
3171 31 125 108
3172 29 60 105
3173 27 248 105
3174 25 31 104
3175 23 107 102
3176 21 39 102
3177 19 28 100
3178 17 256 100
3179 15 64 99
3180 54 92 124
3181 52 183 123
3182 50 10 121
3183 48 220 120
3184 46 159 119
3185 44 184 117
3186 42 23 116
3187 40 20 114
3188 38 134 113
3189 36 208 111
3190 34 26 110
3191 32 46 109
3192 30 60 107
3193 28 5 106
3194 26 98 104
3195 24 107 104
3196 22 151 102
3197 20 28 102
3198 18 90 101
3199 55 92 126
3200 53 40 124
3201 51 10 123
3202 49 153 121
3203 47 104 120
3204 45 171 118
3205 43 183 116
3206 41 253 115
3207 39 43 114
3208 37 159 112
3209 35 79 111
3210 33 23 109
3211 31 60 109
3212 29 134 106
3213 27 98 106
3214 25 78 105
3215 23 125 103
3216 21 166 103
3217 57 110 127
3218 54 223 125
3219 52 172 124
3220 50 110 122
3221 48 53 121
3222 46 171 120
3223 44 183 118
3224 42 253 117
3225 40 220 115
3226 38 159 114
3227 36 184 112
3228 34 23 111
3229 32 243 110
3230 30 134 108
3231 28 55 107
3232 26 26 105
3233 24 125 105
3234 56 177 128
3235 55 223 127
3236 53 177 125
3237 51 110 124
3238 49 105 122
3239 47 92 121
3240 45 40 119
3241 43 172 117
3242 41 153 116
3243 39 210 115
3244 37 171 113
3245 35 80 112
3246 33 253 110
3247 31 134 110
3248 29 159 107
3249 27 26 107
3250 58 160 129
3251 57 179 128
3252 54 86 126
3253 52 51 125
3254 50 158 123
3255 48 57 122
3256 46 40 121
3257 44 172 119
3258 42 153 118
3259 40 53 116
3260 38 171 115
3261 36 183 113
3262 34 253 112
3263 32 43 111
3264 30 159 109
3265 59 160 131
3266 56 1 129
3267 55 86 128
3268 53 106 126
3269 51 158 125
3270 49 103 123
3271 47 223 122
3272 45 177 120
3273 43 51 118
3274 41 105 117
3275 39 206 116
3276 37 40 114
3277 35 91 113
3278 33 153 111
3279 61 233 132
3280 58 182 130
3281 57 96 129
3282 54 157 127
3283 52 35 126
3284 50 160 124
3285 48 101 123
3286 46 177 122
3287 44 51 120
3288 42 105 119
3289 40 57 117
3290 38 40 116
3291 36 172 114
3292 60 150 133
3293 59 182 132
3294 56 190 130
3295 55 157 129
3296 53 114 127
3297 51 160 126
3298 49 81 124
3299 47 86 123
3300 45 106 121
3301 43 35 119
3302 41 103 118
3303 39 162 117
3304 62 61 134
3305 61 61 133
3306 58 161 131
3307 57 178 130
3308 54 149 128
3309 52 122 127
3310 50 182 125
3311 48 59 124
3312 46 106 123
3313 44 35 121
3314 42 103 120
3315 63 61 136
3316 60 102 134
3317 59 161 133
3318 56 242 131
3319 55 149 130
3320 53 202 128
3321 51 182 127
3322 49 102 125
3323 47 157 124
3324 45 114 122
3325 64 202 137
3326 62 145 135
3327 61 238 134
3328 58 193 132
3329 57 190 131
3330 54 61 129
3331 52 27 128
3332 50 161 126
3333 48 123 125
3334 65 162 138
3335 63 145 137
3336 60 120 135
3337 59 193 134
3338 56 64 132
3339 55 61 131
3340 53 118 129
3341 51 161 128
3342 66 209 139
3343 64 118 138
3344 62 17 136
3345 61 222 135
3346 58 19 133
3347 56 61 133
3348 54 145 130
3349 67 209 141
3350 65 204 139
3351 63 17 138
3352 60 149 136
3353 59 19 135
3354 57 209 132
3355 68 54 142
3356 66 195 140
3357 64 246 139
3358 62 187 137
3359 61 19 136
3360 69 236 143
3361 67 195 142
3362 65 140 140
3363 63 187 139
3364 70 9 144
3365 68 68 143
3366 66 41 141
3367 71 254 145
3368 69 229 144
3369 72 254 147
3370 9 57 99
3371 10 238 99
3372 11 86 99
3373 12 100 99
3374 13 202 99
3375 14 97 99
3376 16 124 99
3377 5 48 100
3378 6 160 100
3379 7 19 100
3380 8 103 100
3381 9 232 100
3382 10 228 100
3383 13 6 100
3384 5 201 101
3385 5 201 102
3386 4 167 103
3387 5 106 103
3388 4 31 104
3389 4 31 105
3390 3 234 106
3391 4 124 106
3392 3 116 107
3393 3 116 108
3394 2 53 109
3395 3 251 109
3396 11 253 100
3397 12 92 100
3398 14 146 100
3399 15 142 100
3400 16 59 100
3401 6 126 101
3402 7 39 101
3403 8 26 101
3404 9 33 101
3405 10 158 101
3406 11 148 101
3407 12 166 101
3408 13 88 101
3409 14 99 101
3410 15 78 101
3411 17 116 101
3412 19 176 101
3413 6 107 102
3414 6 107 103
3415 5 161 104
3416 6 252 104
3417 5 78 105
3418 5 78 106
3419 4 256 107
3420 16 105 101
3421 7 138 102
3422 8 3 102
3423 9 261 102
3424 10 179 102
3425 11 124 102
3426 12 83 102
3427 13 217 102
3428 14 253 102
3429 15 196 102
3430 16 83 102
3431 17 184 102
3432 18 181 102
3433 19 152 102
3434 7 136 103
3435 8 64 103
3436 9 261 103
3437 10 103 103
3438 11 13 103
3439 18 209 103
3440 22 169 103
3441 7 125 104
3442 12 222 103
3443 13 16 103
3444 14 3 103
3445 15 125 103
3446 16 195 103
3447 17 107 103
3448 19 7 103
3449 20 210 103
3450 8 168 104
3451 9 38 104
3452 10 42 104
3453 11 161 104
3454 12 82 104
3455 13 5 104
3456 14 141 104
3457 15 110 104
3458 16 156 104
3459 17 261 104
3460 18 91 104
3461 19 238 104
3462 20 216 104
3463 21 116 104
3464 22 176 104
3465 23 82 104
3466 6 258 105
3467 7 43 105
3468 8 13 105
3469 9 189 105
3470 10 109 105
3471 11 157 105
3472 12 221 105
3473 13 156 105
3474 14 62 105
3475 15 44 105
3476 16 91 105
3477 17 145 105
3478 18 137 105
3479 19 225 105
3480 20 105 105
3481 21 82 105
3482 22 78 105
3483 23 144 105
3484 6 46 106
3485 7 161 106
3486 8 194 106
3487 9 56 106
3488 10 101 106
3489 11 175 106
3490 12 82 106
3491 13 241 106
3492 14 30 106
3493 15 261 106
3494 16 235 106
3495 17 15 106
3496 18 168 106
3497 19 209 106
3498 20 5 106
3499 21 99 106
3500 22 106 106
3501 23 178 106
3502 24 15 106
3503 25 229 106
3504 26 215 106
3505 5 1 107
3506 6 206 107
3507 7 209 107
3508 8 256 107
3509 9 199 107
3510 10 7 107
3511 11 160 107
3512 12 195 107
3513 13 81 107
3514 14 160 107
3515 15 121 107
3516 16 115 107
3517 17 105 107
3518 18 5 107
3519 19 47 107
3520 21 74 107
3521 20 169 107
3522 22 143 107
3523 23 126 107
3524 24 187 107
3525 25 12 107
3526 26 102 107
3527 4 30 108
3528 5 121 108
3529 6 192 108
3530 7 172 108
3531 8 76 108
3532 9 88 108
3533 10 23 108
3534 11 182 108
3535 12 213 108
3536 13 180 108
3537 14 129 108
3538 15 151 108
3539 16 227 108
3540 17 248 108
3541 18 143 108
3542 19 194 108
3543 20 246 108
3544 21 56 108
3545 22 7 108
3546 23 53 108
3547 24 114 108
3548 25 82 108
3549 26 127 108
3550 27 24 108
3551 28 16 108
3552 29 5 108
3553 4 40 109
3554 5 45 109
3555 6 81 109
3556 7 193 109
3557 8 18 109
3558 9 133 109
3559 10 111 109
3560 11 20 109
3561 12 210 109
3562 13 258 109
3563 14 180 109
3564 15 71 109
3565 16 112 109
3566 17 158 109
3567 18 120 109
3568 19 17 109
3569 20 188 109
3570 21 196 109
3571 22 240 109
3572 23 173 109
3573 24 31 109
3574 25 56 109
3575 26 205 109
3576 27 250 109
3577 28 121 109
3578 29 141 109
3579 2 209 110
3580 3 133 110
3581 4 146 110
3582 5 213 110
3583 6 185 110
3584 7 20 110
3585 8 125 110
3586 9 42 110
3587 10 252 110
3588 11 213 110
3589 12 110 110
3590 13 101 110
3591 14 164 110
3592 15 54 110
3593 16 195 110
3594 17 118 110
3595 18 152 110
3596 19 132 110
3597 20 139 110
3598 21 225 110
3599 22 82 110
3600 23 47 110
3601 24 82 110
3602 25 77 110
3603 26 175 110
3604 27 128 110
3605 28 125 110
3606 29 176 110
3607 30 45 110
3608 2 136 111
3609 3 49 111
3610 4 167 111
3611 5 24 111
3612 6 68 111
3613 7 232 111
3614 8 95 111
3615 9 246 111
3616 10 30 111
3617 11 154 111
3618 12 75 111
3619 13 54 111
3620 14 46 111
3621 15 81 111
3622 16 171 111
3623 17 71 111
3624 18 193 111
3625 19 6 111
3626 20 80 111
3627 21 109 111
3628 22 24 111
3629 23 212 111
3630 24 155 111
3631 25 160 111
3632 26 63 111
3633 27 201 111
3634 28 36 111
3635 29 61 111
3636 30 177 111
3637 31 69 111
3638 1 188 112
3639 2 137 112
3640 3 140 112
3641 4 17 112
3642 5 47 112
3643 6 182 112
3644 7 195 112
3645 8 193 112
3646 9 140 112
3647 10 255 112
3648 11 229 112
3649 12 202 112
3650 13 211 112
3651 14 170 112
3652 15 232 112
3653 16 17 112
3654 17 33 112
3655 18 69 112
3656 19 193 112
3657 20 4 112
3658 21 255 112
3659 22 167 112
3660 23 6 112
3661 24 31 112
3662 25 13 112
3663 26 41 112
3664 27 168 112
3665 28 218 112
3666 29 184 112
3667 30 163 112
3668 31 195 112
3669 32 210 112
3670 33 260 112
3671 1 67 113
3672 2 17 113
3673 3 43 113
3674 4 22 113
3675 5 43 113
3676 6 122 113
3677 7 66 113
3678 8 236 113
3679 9 95 113
3680 10 2 113
3681 11 89 113
3682 12 100 113
3683 13 97 113
3684 14 70 113
3685 15 219 113
3686 16 29 113
3687 17 184 113
3688 18 47 113
3689 19 81 113
3690 20 249 113
3691 21 199 113
3692 22 104 113
3693 23 112 113
3694 24 7 113
3695 25 58 113
3696 26 215 113
3697 27 188 113
3698 28 199 113
3699 29 98 113
3700 30 132 113
3701 31 85 113
3702 32 146 113
3703 33 167 113
3704 34 130 113
3705 1 28 114
3706 2 193 114
3707 3 204 114
3708 4 140 114
3709 5 53 114
3710 6 255 114
3711 7 134 114
3712 8 76 114
3713 9 74 114
3714 10 78 114
3715 11 203 114
3716 12 182 114
3717 13 149 114
3718 14 8 114
3719 15 240 114
3720 16 88 114
3721 17 160 114
3722 18 48 114
3723 19 22 114
3724 20 226 114
3725 21 11 114
3726 22 236 114
3727 23 241 114
3728 24 136 114
3729 25 232 114
3730 26 9 114
3731 27 178 114
3732 28 236 114
3733 29 108 114
3734 30 43 114
3735 31 114 114
3736 32 131 114
3737 33 96 114
3738 34 63 114
3739 35 191 114
3740 0 44 115
3741 1 155 115
3742 2 77 115
3743 3 178 115
3744 4 47 115
3745 5 72 115
3746 6 44 115
3747 7 59 115
3748 8 62 115
3749 9 221 115
3750 10 63 115
3751 11 238 115
3752 12 37 115
3753 13 244 115
3754 14 51 115
3755 15 93 115
3756 16 252 115
3757 17 239 115
3758 18 164 115
3759 19 125 115
3760 20 174 115
3761 21 134 115
3762 22 26 115
3763 23 195 115
3764 24 160 115
3765 25 43 115
3766 26 147 115
3767 27 217 115
3768 28 60 115
3769 29 100 115
3770 30 198 115
3771 31 190 115
3772 32 12 115
3773 33 89 115
3774 34 125 115
3775 35 246 115
3776 36 142 115
3777 37 238 115
3778 0 244 116
3779 1 211 116
3780 2 251 116
3781 3 248 116
3782 4 3 116
3783 5 190 116
3784 6 42 116
3785 7 4 116
3786 8 199 116
3787 9 180 116
3788 10 170 116
3789 11 132 116
3790 12 42 116
3791 13 202 116
3792 14 198 116
3793 15 145 116
3794 16 59 116
3795 17 5 116
3796 18 235 116
3797 19 141 116
3798 20 66 116
3799 21 143 116
3800 22 210 116
3801 23 130 116
3802 24 107 116
3803 25 157 116
3804 26 203 116
3805 27 141 116
3806 28 118 116
3807 29 145 116
3808 30 225 116
3809 31 232 116
3810 32 117 116
3811 33 195 116
3812 34 82 116
3813 35 23 116
3814 36 55 116
3815 37 7 116
3816 0 258 117
3817 1 75 117
3818 2 218 117
3819 3 160 117
3820 4 128 117
3821 5 224 117
3822 6 225 117
3823 7 137 117
3824 8 56 117
3825 9 32 117
3826 10 94 117
3827 11 77 117
3828 12 121 117
3829 13 178 117
3830 14 26 117
3831 15 33 117
3832 16 104 117
3833 17 109 117
3834 18 58 117
3835 19 80 117
3836 20 150 117
3837 21 68 117
3838 22 150 117
3839 23 261 117
3840 24 149 117
3841 25 80 117
3842 26 99 117
3843 27 239 117
3844 28 17 117
3845 29 187 117
3846 30 27 117
3847 31 47 117
3848 32 207 117
3849 33 148 117
3850 34 240 117
3851 35 252 117
3852 36 262 117
3853 37 8 117
3854 38 164 117
3855 0 100 118
3856 1 209 118
3857 2 109 118
3858 3 172 118
3859 4 25 118
3860 5 129 118
3861 6 132 118
3862 7 249 118
3863 8 200 118
3864 9 94 118
3865 10 21 118
3866 11 261 118
3867 12 217 118
3868 13 114 118
3869 14 87 118
3870 15 30 118
3871 16 183 118
3872 17 136 118
3873 18 74 118
3874 19 94 118
3875 20 91 118
3876 21 127 118
3877 22 204 118
3878 23 97 118
3879 24 175 118
3880 25 42 118
3881 26 177 118
3882 27 233 118
3883 28 234 118
3884 29 236 118
3885 30 166 118
3886 31 108 118
3887 32 49 118
3888 33 212 118
3889 34 32 118
3890 35 54 118
3891 36 88 118
3892 37 174 118
3893 38 181 118
3894 39 254 118
3895 40 120 118
3896 0 205 119
3897 1 224 119
3898 2 166 119
3899 3 83 119
3900 4 183 119
3901 5 121 119
3902 6 88 119
3903 7 136 119
3904 8 25 119
3905 9 178 119
3906 10 52 119
3907 11 1 119
3908 12 167 119
3909 13 22 119
3910 14 221 119
3911 15 99 119
3912 16 167 119
3913 17 13 119
3914 18 1 119
3915 19 7 119
3916 20 195 119
3917 21 33 119
3918 22 39 119
3919 23 53 119
3920 24 258 119
3921 25 43 119
3922 26 182 119
3923 27 231 119
3924 28 63 119
3925 29 129 119
3926 30 136 119
3927 31 6 119
3928 32 255 119
3929 33 188 119
3930 34 61 119
3931 39 57 119
3932 35 59 119
3933 36 241 119
3934 37 88 119
3935 38 160 119
3936 40 209 119
3937 41 232 119
3938 0 17 120
3939 1 261 120
3940 2 174 120
3941 3 147 120
3942 4 139 120
3943 5 216 120
3944 6 173 120
3945 7 210 120
3946 8 141 120
3947 9 128 120
3948 10 134 120
3949 11 154 120
3950 12 140 120
3951 13 1 120
3952 14 119 120
3953 15 256 120
3954 16 200 120
3955 17 108 120
3956 18 45 120
3957 19 92 120
3958 20 209 120
3959 21 200 120
3960 22 259 120
3961 23 76 120
3962 24 160 120
3963 25 89 120
3964 26 97 120
3965 27 7 120
3966 28 169 120
3967 29 241 120
3968 30 189 120
3969 31 50 120
3970 32 76 120
3971 33 19 120
3972 34 10 120
3973 35 81 120
3974 36 83 120
3975 37 157 120
3976 38 64 120
3977 39 83 120
3978 40 207 120
3979 41 220 120
3980 43 213 120
3981 0 125 121
3982 1 179 121
3983 2 212 121
3984 3 143 121
3985 4 58 121
3986 5 116 121
3987 6 214 121
3988 7 226 121
3989 8 154 121
3990 9 63 121
3991 10 147 121
3992 11 195 121
3993 12 94 121
3994 13 128 121
3995 14 111 121
3996 15 117 121
3997 16 211 121
3998 17 258 121
3999 18 170 121
4000 19 210 121
4001 20 197 121
4002 21 121 121
4003 22 26 121
4004 23 88 121
4005 24 113 121
4006 25 206 121
4007 26 31 121
4008 27 121 121
4009 28 161 121
4010 29 239 121
4011 30 149 121
4012 31 29 121
4013 32 97 121
4014 33 142 121
4015 34 17 121
4016 35 49 121
4017 36 146 121
4018 37 238 121
4019 38 56 121
4020 39 227 121
4021 40 157 121
4022 41 93 121
4023 42 65 121
4024 43 87 121
4025 0 90 122
4026 1 198 122
4027 2 49 122
4028 3 124 122
4029 4 255 122
4030 5 64 122
4031 6 224 122
4032 7 179 122
4033 8 130 122
4034 9 231 122
4035 10 211 122
4036 11 44 122
4037 12 217 122
4038 13 177 122
4039 14 4 122
4040 15 183 122
4041 16 154 122
4042 17 12 122
4043 18 115 122
4044 19 54 122
4045 20 57 122
4046 21 230 122
4047 22 100 122
4048 23 58 122
4049 24 200 122
4050 25 123 122
4051 26 137 122
4052 27 131 122
4053 28 238 122
4054 29 6 122
4055 30 243 122
4056 31 148 122
4057 32 38 122
4058 33 261 122
4059 34 165 122
4060 35 212 122
4061 36 220 122
4062 37 246 122
4063 38 161 122
4064 39 54 122
4065 40 192 122
4066 41 213 122
4067 42 100 122
4068 43 6 122
4069 44 28 122
4070 0 137 123
4071 1 50 123
4072 2 162 123
4073 3 50 123
4074 4 12 123
4075 5 154 123
4076 6 154 123
4077 7 47 123
4078 8 133 123
4079 9 26 123
4080 10 187 123
4081 11 96 123
4082 12 19 123
4083 13 154 123
4084 14 158 123
4085 15 46 123
4086 16 48 123
4087 17 11 123
4088 18 65 123
4089 19 114 123
4090 20 37 123
4091 21 12 123
4092 22 61 123
4093 23 191 123
4094 24 126 123
4095 25 146 123
4096 26 193 123
4097 27 240 123
4098 28 163 123
4099 29 145 123
4100 30 143 123
4101 31 98 123
4102 32 91 123
4103 33 183 123
4104 34 26 123
4105 45 182 123
4106 44 182 123
4107 35 49 123
4108 36 20 123
4109 42 174 123
4110 37 92 123
4111 39 12 123
4112 38 164 123
4113 40 114 123
4114 41 232 123
4115 43 240 123
4116 0 239 124
4117 1 204 124
4118 2 226 124
4119 3 208 124
4120 4 195 124
4121 5 173 124
4122 6 239 124
4123 7 47 124
4124 8 241 124
4125 9 172 124
4126 10 117 124
4127 11 157 124
4128 12 262 124
4129 13 108 124
4130 14 45 124
4131 15 124 124
4132 16 130 124
4133 17 189 124
4134 18 220 124
4135 19 95 124
4136 20 71 124
4137 46 81 124
4138 45 27 124
4139 21 83 124
4140 22 163 124
4141 42 233 124
4142 23 42 124
4143 24 219 124
4144 25 72 124
4145 39 259 124
4146 38 170 124
4147 26 23 124
4148 27 116 124
4149 28 49 124
4150 29 228 124
4151 30 201 124
4152 31 113 124
4153 32 43 124
4154 33 100 124
4155 34 131 124
4156 35 131 124
4157 36 199 124
4158 37 78 124
4159 40 167 124
4160 41 67 124
4161 43 66 124
4162 44 108 124
4163 0 134 125
4164 1 256 125
4165 2 212 125
4166 3 107 125
4167 4 52 125
4168 47 91 125
4169 46 236 125
4170 5 169 125
4171 6 13 125
4172 44 254 125
4173 7 197 125
4174 8 21 125
4175 9 29 125
4176 10 95 125
4177 39 89 125
4178 11 179 125
4179 12 96 125
4180 13 78 125
4181 14 109 125
4182 16 249 125
4183 15 20 125
4184 17 257 125
4185 32 161 125
4186 18 79 125
4187 19 121 125
4188 30 130 125
4189 20 251 125
4190 21 259 125
4191 22 260 125
4192 24 95 125
4193 25 147 125
4194 23 149 125
4195 26 116 125
4196 27 166 125
4197 28 162 125
4198 48 43 126
4199 47 145 126
4200 45 68 125
4201 0 42 126
4202 45 3 126
4203 42 230 125
4204 43 77 125
4205 1 199 126
4206 41 176 125
4207 40 176 125
4208 38 58 125
4209 2 85 126
4210 38 165 126
4211 36 107 125
4212 35 159 125
4213 37 71 125
4214 34 212 125
4215 33 246 125
4216 31 34 125
4217 3 45 126
4218 4 173 126
4219 29 161 125
4220 5 9 126
4221 6 128 126
4222 7 196 126
4223 8 183 126
4224 24 234 126
4225 9 219 126
4226 25 103 126
4227 49 102 126
4228 48 161 127
4229 46 195 126
4230 0 142 127
4231 46 260 127
4232 44 65 126
4233 42 152 126
4234 1 247 127
4235 43 216 126
4236 41 29 126
4237 39 117 126
4238 40 29 126
4239 2 184 127
4240 31 178 126
4241 36 52 126
4242 37 106 126
4243 35 210 126
4244 34 17 126
4245 32 123 126
4246 33 181 126
4247 3 129 127
4248 30 230 126
4249 27 193 126
4250 4 180 127
4251 28 241 126
4252 29 175 126
4253 26 246 126
4254 5 89 127
4255 50 212 127
4256 49 229 127
4257 47 34 127
4258 0 167 128
4259 47 133 128
4260 45 66 127
4261 44 66 127
4262 1 259 128
4263 42 203 127
4264 43 169 127
4265 39 3 127
4266 41 78 127
4267 40 78 127
4268 38 211 127
4269 6 175 127
4270 2 58 128
4271 36 158 127
4272 35 193 127
4273 32 47 127
4274 34 82 127
4275 33 115 127
4276 31 33 127
4277 30 11 127
4278 37 196 127
4279 27 28 127
4280 28 95 127
4281 24 134 127
4282 51 212 129
4283 50 17 128
4284 48 123 128
4285 49 99 128
4286 0 178 129
4287 46 197 128
4288 45 241 128
4289 1 262 129
4290 44 241 128
4291 42 172 128
4292 3 144 128
4293 43 253 128
4294 41 237 128
4295 39 13 128
4296 38 105 128
4297 40 229 128
4298 4 35 128
4299 36 35 128
4300 5 227 128
4301 35 111 128
4302 34 148 128
4303 32 189 128
4304 31 252 128
4305 33 157 128
4306 30 84 128
4307 29 235 127
4308 52 53 129
4309 51 17 130
4310 48 106 129
4311 50 82 129
4312 49 230 129
4313 47 33 129
4314 46 22 129
4315 0 106 130
4316 45 95 129
4317 44 95 129
4318 2 63 129
4319 42 16 129
4320 43 147 129
4321 3 236 129
4322 39 171 129
4323 40 184 129
4324 38 228 129
4325 37 187 128
4326 4 259 129
4327 36 76 129
4328 35 226 129
4329 5 171 129
4330 32 200 129
4331 33 42 129
4332 31 179 129
4333 53 70 130
4334 52 70 130
4335 1 205 130
4336 0 130 131
4337 50 148 130
4338 48 189 130
4339 47 252 130
4340 49 125 130
4341 46 168 130
4342 45 56 130
4343 2 213 130
4344 44 56 130
4345 42 243 130
4346 41 217 129
4347 3 239 130
4348 41 114 130
4349 39 206 130
4350 38 187 130
4351 4 262 130
4352 37 113 129
4353 36 150 130
4354 34 100 129
4355 5 252 130
4356 34 221 130
4357 54 228 131
4358 53 152 131
4359 51 111 131
4360 52 152 131
4361 0 82 132
4362 1 184 131
4363 48 200 131
4364 49 84 131
4365 47 179 131
4366 46 207 131
4367 2 119 131
4368 45 69 131
4369 44 69 131
4370 43 235 130
4371 3 257 131
4372 42 113 131
4373 40 103 130
4374 39 19 131
4375 4 197 131
4376 38 113 131
4377 37 50 130
4378 35 238 130
4379 5 63 131
4380 55 35 132
4381 54 187 132
4382 51 189 132
4383 53 37 132
4384 52 37 132
4385 50 100 131
4386 1 188 132
4387 50 221 132
4388 48 21 132
4389 47 28 132
4390 2 227 132
4391 46 194 132
4392 45 240 132
4393 43 38 131
4394 3 130 132
4395 42 45 132
4396 41 141 131
4397 40 141 131
4398 4 115 132
4399 39 169 132
4400 38 50 132
4401 36 144 131
4402 57 22 133
4403 55 76 133
4404 0 76 133
4405 54 113 133
4406 53 163 133
4407 51 100 133
4408 1 47 133
4409 52 55 133
4410 49 7 132
4411 48 256 133
4412 2 254 133
4413 47 166 133
4414 46 23 133
4415 44 203 132
4416 3 164 133
4417 44 183 133
4418 43 122 132
4419 41 216 132
4420 4 226 133
4421 40 216 132
4422 39 119 133
4423 56 218 134
4424 57 46 134
4425 0 19 134
4426 55 150 134
4427 54 50 134
4428 1 146 134
4429 51 142 134
4430 52 121 134
4431 50 128 133
4432 49 173 133
4433 2 195 134
4434 48 90 134
4435 47 120 134
4436 45 20 133
4437 3 41 134
4438 45 202 134
4439 42 81 133
4440 43 128 133
4441 4 188 134
4442 41 191 133
4443 58 122 134
4444 56 192 135
4445 0 202 135
4446 57 138 135
4447 55 213 135
4448 53 167 134
4449 1 118 135
4450 53 135 135
4451 51 128 135
4452 50 45 134
4453 2 246 135
4454 49 30 134
4455 48 233 135
4456 46 243 134
4457 3 76 135
4458 46 61 135
4459 44 81 134
4460 42 62 134
4461 4 47 135
4462 59 122 136
4463 58 47 135
4464 0 182 136
4465 56 124 136
4466 57 145 136
4467 54 48 135
4468 1 161 136
4469 54 64 136
4470 52 32 135
4471 51 45 136
4472 2 193 136
4473 50 248 135
4474 49 253 135
4475 47 10 135
4476 3 19 136
4477 47 101 136
4478 45 236 135
4479 44 236 135
4480 60 127 137
4481 59 47 137
4482 0 177 137
4483 58 72 136
4484 56 235 137
4485 55 215 136
4486 1 106 137
4487 55 199 137
4488 53 77 136
4489 52 77 136
4490 2 114 137
4491 51 248 137
4492 50 5 136
4493 48 129 136
4494 49 91 136
4495 3 99 137
4496 46 27 136
4497 61 57 137
4498 60 106 138
4499 0 110 138
4500 59 72 138
4501 58 239 137
4502 57 20 137
4503 1 158 138
4504 56 119 138
4505 54 93 137
4506 53 62 137
4507 2 160 138
4508 52 62 137
4509 51 5 138
4510 48 69 137
4511 50 86 137
4512 49 145 137
4513 62 27 138
4514 61 63 138
4515 0 159 139
4516 60 161 139
4517 59 239 139
4518 57 24 138
4519 58 8 138
4520 1 22 139
4521 55 170 138
4522 54 232 138
4523 2 40 139
4524 53 67 138
4525 52 67 138
4526 3 177 138
4527 3 177 139
4528 63 27 140
4529 62 254 139
4530 0 237 140
4531 61 199 139
4532 60 31 140
4533 56 194 139
4534 1 240 140
4535 58 85 139
4536 56 170 140
4537 55 31 139
4538 57 227 139
4539 54 98 139
4540 53 153 139
4541 51 110 139
4542 64 145 140
4543 63 254 141
4544 0 125 141
4545 62 3 140
4546 61 145 140
4547 59 261 140
4548 1 60 141
4549 59 85 141
4550 2 65 140
4551 57 234 140
4552 58 33 140
4553 55 165 140
4554 54 55 140
4555 65 127 141
4556 64 127 141
4557 0 97 142
4558 63 3 142
4559 62 262 141
4560 60 2 141
4561 61 175 141
4562 1 57 142
4563 2 209 141
4564 56 98 141
4565 58 214 141
4566 57 3 141
4567 66 34 142
4568 65 133 142
4569 0 90 143
4570 64 133 142
4571 63 262 143
4572 60 1 142
4573 62 88 142
4574 61 21 142
4575 59 29 142
4576 2 107 142
4577 1 104 143
4578 67 229 143
4579 66 164 143
4580 0 154 144
4581 65 131 143
4582 64 131 143
4583 2 174 143
4584 1 116 144
4585 62 146 143
4586 60 5 143
4587 59 78 143
4588 68 17 144
4589 67 99 144
4590 0 170 145
4591 66 33 144
4592 65 44 144
4593 63 241 144
4594 64 44 144
4595 1 181 145
4596 61 167 143
4597 69 82 145
4598 68 82 145
4599 70 169 145
4600 67 230 145
4601 66 252 145
4602 63 53 145
4603 65 73 145
4604 64 73 145
4605 0 231 146
4606 69 148 146
4607 70 115 146
4608 68 148 146
4609 67 11 146
4610 1 84 146
4611 66 179 146
4612 71 187 146
4613 0 241 147
4614 71 74 147
4615 69 126 147
4616 68 126 147
4617 1 21 147
4618 72 187 148
4619 0 126 148
4620 73 5 148
4621 70 163 147
4622 69 221 148
4623 0 165 149
4624 72 113 149
4625 73 200 149
4626 71 50 148
4627 74 150 150
4628 0 238 150
4629 0 238 151
4630 75 188 151
4631 74 213 151
4632 76 188 153
4633 10 201 126
4634 11 103 126
4635 12 83 126
4636 13 158 126
4637 14 55 126
4638 15 36 126
4639 16 257 126
4640 17 93 126
4641 18 4 126
4642 19 216 126
4643 20 121 126
4644 21 90 126
4645 22 109 126
4646 23 143 126
4647 7 138 127
4648 8 146 127
4649 9 236 127
4650 10 1 127
4651 11 45 127
4652 12 133 127
4653 13 73 127
4654 14 201 127
4655 15 155 127
4656 16 141 127
4657 17 85 127
4658 18 184 127
4659 19 109 127
4660 20 207 127
4661 21 125 127
4662 22 4 127
4663 23 245 127
4664 25 13 127
4665 26 250 127
4666 6 7 128
4667 7 252 128
4668 8 192 128
4669 9 121 128
4670 10 37 128
4671 11 200 128
4672 12 247 128
4673 13 180 128
4674 14 254 128
4675 15 61 128
4676 16 202 128
4677 17 76 128
4678 18 238 128
4679 19 140 128
4680 20 160 128
4681 21 96 128
4682 22 107 128
4683 23 164 128
4684 24 3 128
4685 25 93 128
4686 26 119 128
4687 27 206 128
4688 28 49 128
4689 29 39 128
4690 6 95 129
4691 7 222 129
4692 8 60 129
4693 9 69 129
4694 10 92 129
4695 11 230 129
4696 12 249 129
4697 13 209 129
4698 14 12 129
4699 16 227 129
4700 15 180 129
4701 17 164 129
4702 18 161 129
4703 19 233 129
4704 20 130 129
4705 21 136 129
4706 22 59 129
4707 23 63 129
4708 24 202 129
4709 25 189 129
4710 26 151 129
4711 27 21 129
4712 28 51 129
4713 29 181 129
4714 30 42 129
4715 6 253 130
4716 7 258 130
4717 8 174 130
4718 9 74 130
4719 10 43 130
4720 11 172 130
4721 12 156 130
4722 13 196 130
4723 14 21 130
4724 16 85 130
4725 15 35 130
4726 17 12 130
4727 18 158 130
4728 19 23 130
4729 20 224 130
4730 21 204 130
4731 22 77 130
4732 23 249 130
4733 24 252 130
4734 25 102 130
4735 26 146 130
4736 27 83 130
4737 28 44 130
4738 29 173 130
4739 30 248 130
4740 31 148 130
4741 32 220 130
4742 33 197 130
4743 6 181 131
4744 7 41 131
4745 8 234 131
4746 9 156 131
4747 10 19 131
4748 11 49 131
4749 12 96 131
4750 13 4 131
4751 14 173 131
4752 15 102 131
4753 16 9 131
4754 17 238 131
4755 18 141 131
4756 19 82 131
4757 20 118 131
4758 21 203 131
4759 22 5 131
4760 23 183 131
4761 24 98 131
4762 25 191 131
4763 26 112 131
4764 27 83 131
4765 28 165 131
4766 29 258 131
4767 30 20 131
4768 31 86 131
4769 32 256 131
4770 33 55 131
4771 34 253 131
4772 35 106 131
4773 37 80 131
4774 5 124 132
4775 6 114 132
4776 7 3 132
4777 8 42 132
4778 9 45 132
4779 10 41 132
4780 11 169 132
4781 12 183 132
4782 13 13 132
4783 14 201 132
4784 15 63 132
4785 16 131 132
4786 17 107 132
4787 18 160 132
4788 19 223 132
4789 20 174 132
4790 21 22 132
4791 22 251 132
4792 23 231 132
4793 24 94 132
4794 25 85 132
4795 26 181 132
4796 27 236 132
4797 28 250 132
4798 29 214 132
4799 30 165 132
4800 31 184 132
4801 32 62 132
4802 33 67 132
4803 34 90 132
4804 35 144 132
4805 36 137 132
4806 37 179 132
4807 5 20 133
4808 6 131 133
4809 7 174 133
4810 8 30 133
4811 9 140 133
4812 10 135 133
4813 11 216 133
4814 12 13 133
4815 13 23 133
4816 14 106 133
4817 15 153 133
4818 16 11 133
4819 17 90 133
4820 18 57 133
4821 19 183 133
4822 20 226 133
4823 21 107 133
4824 22 17 133
4825 23 241 133
4826 24 82 133
4827 25 9 133
4828 26 250 133
4829 28 169 133
4830 27 10 133
4831 29 38 133
4832 30 12 133
4833 31 251 133
4834 32 233 133
4835 33 169 133
4836 34 26 133
4837 35 157 133
4838 36 19 133
4839 37 132 133
4840 38 183 133
4841 40 186 133
4842 5 29 134
4843 6 228 134
4844 7 157 134
4845 8 132 134
4846 9 121 134
4847 10 158 134
4848 11 9 134
4849 12 136 134
4850 13 9 134
4851 14 71 134
4852 15 176 134
4853 16 227 134
4854 17 78 134
4855 18 25 134
4856 19 186 134
4857 20 199 134
4858 21 127 134
4859 22 99 134
4860 23 14 134
4861 24 117 134
4862 25 210 134
4863 26 80 134
4864 27 237 134
4865 28 15 134
4866 29 115 134
4867 30 166 134
4868 31 231 134
4869 32 118 134
4870 33 257 134
4871 34 261 134
4872 35 203 134
4873 36 164 134
4874 37 137 134
4875 38 137 134
4876 39 52 134
4877 40 90 134
4878 41 39 134
4879 43 235 134
4880 5 226 135
4881 6 176 135
4882 7 255 135
4883 8 50 135
4884 9 216 135
4885 10 25 135
4886 11 5 135
4887 12 152 135
4888 13 176 135
4889 14 206 135
4890 15 126 135
4891 16 61 135
4892 17 156 135
4893 18 135 135
4894 19 84 135
4895 20 207 135
4896 21 62 135
4897 22 148 135
4898 23 78 135
4899 24 26 135
4900 25 17 135
4901 26 128 135
4902 27 242 135
4903 28 81 135
4904 29 72 135
4905 30 249 135
4906 31 54 135
4907 32 129 135
4908 33 63 135
4909 34 163 135
4910 35 218 135
4911 36 230 135
4912 37 121 135
4913 38 117 135
4914 39 90 135
4915 40 1 135
4916 41 12 135
4917 42 24 135
4918 43 148 135
4919 4 257 136
4920 5 115 136
4921 6 153 136
4922 7 255 136
4923 8 49 136
4924 9 71 136
4925 10 72 136
4926 11 243 136
4927 12 61 136
4928 13 68 136
4929 14 157 136
4930 15 231 136
4931 16 90 136
4932 17 133 136
4933 18 184 136
4934 19 258 136
4935 20 259 136
4936 21 261 136
4937 22 130 136
4938 23 92 136
4939 24 194 136
4940 25 128 136
4941 26 118 136
4942 27 204 136
4943 28 124 136
4944 29 14 136
4945 30 46 136
4946 31 165 136
4947 32 118 136
4948 33 111 136
4949 34 51 136
4950 35 169 136
4951 36 198 136
4952 37 19 136
4953 38 167 136
4954 39 134 136
4955 40 182 136
4956 41 36 136
4957 42 191 136
4958 43 247 136
4959 44 202 136
4960 45 138 136
4961 4 107 137
4962 5 152 137
4963 6 108 137
4964 7 82 137
4965 8 140 137
4966 9 123 137
4967 10 47 137
4968 11 137 137
4969 12 4 137
4970 13 116 137
4971 14 235 137
4972 15 247 137
4973 16 252 137
4974 17 183 137
4975 18 240 137
4976 19 100 137
4977 20 67 137
4978 21 229 137
4979 22 104 137
4980 23 44 137
4981 24 215 137
4982 25 21 137
4983 26 113 137
4984 27 7 137
4985 28 156 137
4986 29 4 137
4987 30 139 137
4988 31 118 137
4989 32 112 137
4990 33 101 137
4991 34 73 137
4992 35 179 137
4993 36 80 137
4994 37 141 137
4995 38 241 137
4996 39 69 137
4997 40 44 137
4998 41 106 137
4999 42 224 137
5000 43 164 137
5001 44 88 137
5002 45 218 137
5003 46 77 137
5004 47 170 137
5005 4 113 138
5006 5 223 138
5007 6 193 138
5008 7 230 138
5009 8 83 138
5010 9 26 138
5011 10 194 138
5012 11 248 138
5013 12 191 138
5014 13 231 138
5015 14 81 138
5016 15 123 138
5017 16 145 138
5018 17 179 138
5019 18 63 138
5020 19 104 138
5021 20 102 138
5022 21 169 138
5023 22 99 138
5024 23 255 138
5025 24 66 138
5026 25 196 138
5027 26 5 138
5028 27 12 138
5029 28 25 138
5030 29 220 138
5031 30 199 138
5032 31 38 138
5033 32 221 138
5034 33 52 138
5035 34 42 138
5036 35 237 138
5037 36 53 138
5038 37 206 138
5039 38 246 138
5040 39 22 138
5041 40 43 138
5042 41 48 138
5043 42 219 138
5044 43 56 138
5045 44 191 138
5046 45 159 138
5047 46 133 138
5048 47 180 138
5049 48 130 138
5050 49 128 138
5051 50 24 138
5052 4 135 139
5053 5 175 139
5054 6 222 139
5055 7 90 139
5056 8 133 139
5057 9 21 139
5058 10 103 139
5059 11 227 139
5060 12 72 139
5061 13 76 139
5062 14 132 139
5063 15 146 139
5064 16 258 139
5065 17 4 139
5066 18 245 139
5067 19 8 139
5068 20 21 139
5069 21 132 139
5070 22 74 139
5071 23 237 139
5072 24 232 139
5073 25 213 139
5074 26 135 139
5075 27 15 139
5076 28 126 139
5077 29 212 139
5078 30 68 139
5079 31 256 139
5080 32 24 139
5081 33 215 139
5082 34 230 139
5083 35 173 139
5084 36 122 139
5085 37 60 139
5086 38 197 139
5087 39 103 139
5088 40 8 139
5089 41 129 139
5090 42 210 139
5091 43 64 139
5092 44 144 139
5093 45 223 139
5094 46 167 139
5095 47 233 139
5096 48 92 139
5097 49 41 139
5098 50 157 139
5099 52 6 139
5100 3 157 140
5101 4 18 140
5102 5 110 140
5103 6 202 140
5104 7 58 140
5105 8 93 140
5106 9 69 140
5107 10 111 140
5108 11 155 140
5109 12 71 140
5110 13 218 140
5111 14 48 140
5112 15 78 140
5113 16 249 140
5114 17 251 140
5115 18 120 140
5116 19 261 140
5117 20 204 140
5118 21 201 140
5119 22 191 140
5120 23 181 140
5121 24 86 140
5122 26 196 140
5123 25 1 140
5124 27 48 140
5125 28 257 140
5126 29 25 140
5127 30 9 140
5128 31 63 140
5129 32 186 140
5130 33 218 140
5131 34 100 140
5132 35 240 140
5133 36 70 140
5134 37 258 140
5135 38 262 140
5136 39 200 140
5137 40 126 140
5138 41 101 140
5139 42 142 140
5140 43 23 140
5141 44 190 140
5142 45 140 140
5143 46 256 140
5144 47 223 140
5145 48 92 140
5146 49 218 140
5147 50 17 140
5148 51 109 140
5149 52 212 140
5150 53 86 140
5151 3 54 141
5152 4 103 141
5153 5 194 141
5154 6 138 141
5155 7 83 141
5156 8 97 141
5157 9 117 141
5158 10 72 141
5159 11 81 141
5160 12 30 141
5161 13 185 141
5162 14 144 141
5163 15 152 141
5164 16 41 141
5165 17 11 141
5166 18 143 141
5167 19 98 141
5168 20 3 141
5169 21 105 141
5170 22 151 141
5171 23 247 141
5172 25 14 141
5173 24 230 141
5174 26 31 141
5175 27 259 141
5176 28 177 141
5177 30 132 141
5178 29 205 141
5179 31 221 141
5180 32 69 141
5181 33 102 141
5182 34 174 141
5183 35 214 141
5184 36 141 141
5185 37 90 141
5186 38 35 141
5187 39 171 141
5188 40 168 141
5189 41 104 141
5190 42 196 141
5191 43 207 141
5192 44 217 141
5193 45 133 141
5194 46 227 141
5195 47 22 141
5196 48 218 141
5197 49 79 141
5198 50 230 141
5199 51 214 141
5200 52 50 141
5201 53 60 141
5202 54 164 141
5203 55 184 141
5204 3 178 142
5205 4 145 142
5206 5 118 142
5207 6 58 142
5208 7 87 142
5209 8 113 142
5210 9 214 142
5211 10 92 142
5212 11 21 142
5213 12 77 142
5214 13 215 142
5215 14 252 142
5216 15 150 142
5217 16 205 142
5218 17 183 142
5219 18 49 142
5220 19 9 142
5221 20 41 142
5222 21 59 142
5223 22 181 142
5224 23 218 142
5225 24 127 142
5226 25 20 142
5227 26 211 142
5228 27 220 142
5229 28 115 142
5230 29 18 142
5231 30 5 142
5232 31 193 142
5233 32 228 142
5234 33 185 142
5235 34 40 142
5236 35 225 142
5237 36 173 142
5238 37 83 142
5239 38 147 142
5240 39 167 142
5241 40 205 142
5242 41 170 142
5243 42 243 142
5244 43 233 142
5245 44 162 142
5246 45 126 142
5247 46 78 142
5248 47 180 142
5249 48 119 142
5250 49 88 142
5251 50 149 142
5252 51 193 142
5253 52 200 142
5254 53 198 142
5255 54 120 142
5256 55 127 142
5257 56 229 142
5258 57 59 142
5259 58 224 142
5260 3 184 143
5261 4 11 143
5262 5 1 143
5263 6 140 143
5264 7 150 143
5265 8 141 143
5266 9 117 143
5267 10 50 143
5268 11 237 143
5269 12 116 143
5270 13 262 143
5271 14 41 143
5272 15 179 143
5273 16 19 143
5274 17 26 143
5275 18 223 143
5276 19 217 143
5277 20 73 143
5278 21 5 143
5279 22 113 143
5280 23 186 143
5281 24 26 143
5282 25 88 143
5283 26 118 143
5284 27 248 143
5285 28 177 143
5286 29 47 143
5287 30 134 143
5288 31 15 143
5289 32 44 143
5290 33 135 143
5291 34 137 143
5292 35 121 143
5293 36 35 143
5294 37 220 143
5295 38 71 143
5296 39 64 143
5297 40 94 143
5298 41 11 143
5299 42 60 143
5300 43 242 143
5301 44 11 143
5302 45 19 143
5303 46 92 143
5304 47 158 143
5305 48 105 143
5306 49 70 143
5307 50 196 143
5308 51 127 143
5309 52 213 143
5310 53 37 143
5311 54 151 143
5312 55 22 143
5313 56 104 143
5314 57 188 143
5315 58 77 143
5316 2 19 144
5317 3 116 144
5318 4 63 144
5319 5 154 144
5320 6 212 144
5321 7 240 144
5322 8 125 144
5323 9 229 144
5324 10 185 144
5325 11 140 144
5326 12 9 144
5327 13 150 144
5328 14 134 144
5329 15 7 144
5330 16 46 144
5331 17 163 144
5332 18 67 144
5333 2 197 145
5334 19 54 144
5335 2 230 146
5336 20 114 144
5337 21 155 144
5338 22 69 144
5339 23 18 144
5340 24 213 144
5341 25 85 144
5342 26 50 144
5343 27 236 144
5344 28 77 144
5345 29 58 144
5346 30 44 144
5347 31 91 144
5348 32 146 144
5349 33 176 144
5350 34 44 144
5351 35 26 144
5352 36 213 144
5353 37 167 144
5354 38 113 144
5355 39 152 144
5356 40 44 144
5357 41 231 144
5358 42 106 144
5359 43 253 144
5360 44 11 144
5361 45 147 144
5362 46 11 144
5363 47 5 144
5364 48 105 144
5365 49 215 144
5366 50 133 144
5367 51 237 144
5368 52 178 144
5369 53 150 144
5370 54 35 144
5371 55 54 144
5372 56 228 144
5373 57 223 144
5374 58 246 144
5375 3 29 145
5376 59 164 144
5377 60 245 144
5378 61 251 144
5379 62 239 144
5380 4 116 145
5381 5 244 145
5382 6 210 145
5383 7 151 145
5384 8 12 145
5385 9 155 145
5386 10 143 145
5387 11 231 145
5388 12 237 145
5389 13 79 145
5390 14 114 145
5391 15 209 145
5392 16 180 145
5393 17 217 145
5394 18 188 145
5395 19 186 145
5396 20 95 145
5397 21 9 145
5398 22 154 145
5399 23 255 145
5400 24 73 145
5401 25 58 145
5402 26 205 145
5403 27 250 145
5404 28 43 145
5405 29 5 145
5406 30 197 145
5407 31 123 145
5408 32 13 145
5409 33 36 145
5410 34 152 145
5411 35 222 145
5412 36 239 145
5413 37 120 145
5414 38 63 145
5415 39 183 145
5416 40 257 145
5417 41 52 145
5418 42 93 145
5419 43 254 145
5420 44 209 145
5421 45 135 145
5422 46 244 145
5423 47 231 145
5424 48 235 145
5425 49 217 145
5426 50 253 145
5427 51 35 145
5428 52 112 145
5429 53 206 145
5430 54 234 145
5431 55 253 145
5432 56 141 145
5433 57 104 145
5434 58 217 145
5435 59 257 145
5436 60 239 145
5437 61 42 145
5438 62 127 145
5439 3 60 146
5440 4 143 146
5441 5 166 146
5442 6 179 146
5443 7 102 146
5444 8 239 146
5445 9 47 146
5446 10 5 146
5447 11 260 146
5448 12 7 146
5449 13 155 146
5450 14 43 146
5451 15 115 146
5452 16 170 146
5453 17 219 146
5454 18 101 146
5455 19 39 146
5456 20 179 146
5457 22 55 146
5458 21 25 146
5459 23 245 146
5460 24 212 146
5461 25 81 146
5462 26 159 146
5463 27 72 146
5464 28 76 146
5465 29 128 146
5466 30 132 146
5467 31 215 146
5468 32 92 146
5469 33 44 146
5470 34 226 146
5471 35 180 146
5472 36 38 146
5473 37 65 146
5474 38 150 146
5475 39 233 146
5476 40 119 146
5477 41 262 146
5478 42 154 146
5479 43 209 146
5480 44 212 146
5481 45 73 146
5482 46 106 146
5483 47 252 146
5484 48 167 146
5485 49 233 146
5486 50 137 146
5487 51 163 146
5488 52 50 146
5489 53 168 146
5490 54 166 146
5491 55 74 146
5492 56 138 146
5493 57 23 146
5494 58 59 146
5495 59 250 146
5496 60 158 146
5497 61 83 146
5498 62 101 146
5499 63 53 146
5500 64 183 146
5501 65 103 146
5502 2 168 147
5503 3 6 147
5504 4 104 147
5505 5 51 147
5506 6 208 147
5507 7 207 147
5508 8 83 147
5509 9 178 147
5510 10 44 147
5511 11 189 147
5512 12 150 147
5513 13 70 147
5514 14 221 147
5515 15 29 147
5516 16 73 147
5517 17 50 147
5518 18 149 147
5519 19 96 147
5520 20 258 147
5521 21 256 147
5522 22 172 147
5523 23 156 147
5524 24 128 147
5525 25 141 147
5526 26 147 147
5527 27 1 147
5528 28 210 147
5529 29 240 147
5530 30 4 147
5531 31 261 147
5532 32 146 147
5533 33 211 147
5534 34 14 147
5535 35 180 147
5536 36 36 147
5537 37 1 147
5538 38 16 147
5539 39 159 147
5540 40 31 147
5541 41 257 147
5542 42 4 147
5543 43 255 147
5544 44 70 147
5545 45 63 147
5546 46 65 147
5547 47 27 147
5548 48 20 147
5549 49 29 147
5550 50 203 147
5551 51 220 147
5552 52 152 147
5553 53 30 147
5554 54 231 147
5555 55 10 147
5556 56 160 147
5557 57 56 147
5558 58 72 147
5559 59 17 147
5560 60 82 147
5561 61 215 147
5562 62 193 147
5563 63 121 147
5564 64 216 147
5565 65 3 147
5566 66 26 147
5567 67 148 147
5568 1 30 148
5569 2 152 148
5570 3 244 148
5571 4 48 148
5572 5 246 148
5573 6 215 148
5574 7 109 148
5575 8 42 148
5576 9 64 148
5577 10 75 148
5578 11 120 148
5579 12 211 148
5580 13 26 148
5581 14 246 148
5582 15 75 148
5583 16 213 148
5584 17 229 148
5585 18 89 148
5586 19 157 148
5587 20 162 148
5588 21 200 148
5589 22 148 148
5590 23 88 148
5591 24 227 148
5592 25 229 148
5593 26 252 148
5594 27 72 148
5595 28 248 148
5596 29 252 148
5597 30 244 148
5598 31 183 148
5599 32 68 148
5600 33 126 148
5601 34 243 148
5602 35 48 148
5603 36 146 148
5604 37 108 148
5605 38 231 148
5606 39 32 148
5607 40 128 148
5608 41 99 148
5609 42 26 148
5610 43 144 148
5611 44 239 148
5612 45 262 148
5613 46 47 148
5614 47 163 148
5615 48 35 148
5616 49 237 148
5617 50 67 148
5618 51 158 148
5619 52 86 148
5620 53 112 148
5621 54 73 148
5622 55 94 148
5623 56 204 148
5624 57 171 148
5625 58 181 148
5626 59 129 148
5627 60 252 148
5628 61 61 148
5629 62 253 148
5630 63 52 148
5631 64 102 148
5632 65 236 148
5633 66 49 148
5634 67 2 148
5635 68 118 148
5636 70 171 148
5637 1 153 149
5638 2 124 149
5639 3 247 149
5640 4 54 149
5641 5 109 149
5642 6 224 149
5643 7 177 149
5644 8 154 149
5645 9 166 149
5646 10 63 149
5647 11 199 149
5648 12 224 149
5649 13 144 149
5650 14 23 149
5651 15 101 149
5652 16 51 149
5653 17 49 149
5654 18 174 149
5655 19 87 149
5656 20 33 149
5657 21 74 149
5658 22 44 149
5659 23 19 149
5660 24 57 149
5661 25 251 149
5662 26 81 149
5663 27 129 149
5664 28 78 149
5665 29 200 149
5666 30 96 149
5667 31 32 149
5668 32 26 149
5669 33 169 149
5670 34 9 149
5671 35 252 149
5672 36 184 149
5673 37 42 149
5674 38 2 149
5675 39 75 149
5676 40 257 149
5677 41 96 149
5678 42 89 149
5679 43 189 149
5680 44 70 149
5681 45 104 149
5682 46 102 149
5683 47 166 149
5684 48 31 149
5685 49 236 149
5686 50 142 149
5687 51 177 149
5688 52 68 149
5689 53 122 149
5690 54 46 149
5691 55 11 149
5692 56 247 149
5693 57 149 149
5694 58 94 149
5695 59 80 149
5696 60 87 149
5697 61 73 149
5698 62 142 149
5699 63 156 149
5700 64 57 149
5701 65 107 149
5702 66 167 149
5703 67 192 149
5704 68 116 149
5705 69 32 149
5706 70 101 149
5707 71 99 149
5708 1 8 150
5709 2 33 150
5710 3 78 150
5711 4 189 150
5712 5 183 150
5713 6 16 150
5714 7 57 150
5715 8 103 150
5716 9 178 150
5717 10 15 150
5718 11 36 150
5719 12 65 150
5720 13 79 150
5721 14 117 150
5722 15 74 150
5723 16 177 150
5724 17 246 150
5725 18 56 150
5726 19 210 150
5727 20 98 150
5728 21 187 150
5729 22 185 150
5730 23 19 150
5731 24 122 150
5732 25 24 150
5733 26 236 150
5734 27 104 150
5735 28 3 150
5736 29 145 150
5737 30 213 150
5738 31 12 150
5739 32 218 150
5740 33 136 150
5741 34 83 150
5742 35 251 150
5743 36 258 150
5744 37 34 150
5745 38 153 150
5746 39 112 150
5747 40 136 150
5748 41 157 150
5749 42 236 150
5750 43 86 150
5751 44 258 150
5752 45 178 150
5753 46 261 150
5754 47 254 150
5755 48 209 150
5756 49 120 150
5757 50 92 150
5758 51 97 150
5759 52 5 150
5760 53 20 150
5761 54 17 150
5762 55 222 150
5763 56 128 150
5764 57 103 150
5765 58 260 150
5766 59 232 150
5767 60 178 150
5768 61 217 150
5769 62 24 150
5770 63 109 150
5771 64 248 150
5772 65 162 150
5773 66 133 150
5774 67 125 150
5775 68 39 150
5776 69 231 150
5777 70 33 150
5778 71 147 150
5779 72 25 150
5780 73 245 150
5781 1 30 151
5782 2 261 151
5783 3 132 151
5784 4 76 151
5785 5 216 151
5786 6 135 151
5787 7 110 151
5788 8 255 151
5789 9 31 151
5790 10 243 151
5791 11 72 151
5792 12 96 151
5793 13 44 151
5794 14 40 151
5795 15 250 151
5796 16 48 151
5797 17 150 151
5798 18 119 151
5799 19 222 151
5800 20 258 151
5801 21 261 151
5802 22 171 151
5803 23 49 151
5804 24 18 151
5805 25 197 151
5806 26 142 151
5807 27 88 151
5808 28 31 151
5809 29 242 151
5810 30 89 151
5811 31 58 151
5812 32 36 151
5813 33 182 151
5814 34 116 151
5815 35 25 151
5816 36 159 151
5817 37 39 151
5818 38 183 151
5819 39 108 151
5820 40 29 151
5821 41 206 151
5822 42 167 151
5823 43 261 151
5824 44 39 151
5825 45 45 151
5826 46 115 151
5827 47 109 151
5828 48 168 151
5829 49 40 151
5830 50 110 151
5831 51 125 151
5832 52 230 151
5833 53 87 151
5834 54 131 151
5835 55 76 151
5836 56 124 151
5837 57 194 151
5838 58 37 151
5839 59 82 151
5840 60 54 151
5841 61 162 151
5842 62 165 151
5843 63 257 151
5844 64 251 151
5845 65 112 151
5846 66 12 151
5847 67 25 151
5848 68 243 151
5849 69 258 151
5850 70 71 151
5851 71 70 151
5852 72 208 151
5853 73 215 151
5854 0 141 152
5855 1 47 152
5856 2 69 152
5857 3 197 152
5858 4 93 152
5859 5 131 152
5860 6 30 152
5861 7 183 152
5862 8 228 152
5863 9 126 152
5864 10 96 152
5865 11 143 152
5866 12 182 152
5867 13 31 152
5868 14 197 152
5869 15 212 152
5870 16 228 152
5871 17 197 152
5872 18 177 152
5873 19 78 152
5874 20 114 152
5875 21 178 152
5876 22 80 152
5877 23 19 152
5878 24 79 152
5879 25 175 152
5880 26 74 152
5881 27 48 152
5882 28 46 152
5883 29 55 152
5884 30 102 152
5885 31 107 152
5886 32 79 152
5887 33 183 152
5888 34 260 152
5889 35 165 152
5890 36 50 152
5891 37 72 152
5892 38 69 152
5893 39 227 152
5894 40 116 152
5895 41 79 152
5896 42 63 152
5897 43 192 152
5898 44 262 152
5899 45 226 152
5900 46 93 152
5901 47 257 152
5902 48 71 152
5903 49 194 152
5904 50 122 152
5905 51 214 152
5906 52 243 152
5907 53 217 152
5908 54 108 152
5909 55 84 152
5910 56 10 152
5911 57 223 152
5912 58 231 152
5913 59 14 152
5914 60 44 152
5915 61 63 152
5916 62 245 152
5917 63 249 152
5918 64 11 152
5919 65 127 152
5920 66 257 152
5921 67 219 152
5922 68 228 152
5923 69 114 152
5924 70 7 152
5925 71 237 152
5926 72 165 152
5927 73 224 152
5928 74 87 152
5929 75 55 152
5930 0 53 153
5931 1 178 153
5932 2 73 153
5933 3 158 153
5934 4 112 153
5935 5 18 153
5936 6 148 153
5937 7 157 153
5938 8 15 153
5939 9 46 153
5940 10 11 153
5941 11 7 153
5942 12 193 153
5943 13 67 153
5944 14 155 153
5945 15 37 153
5946 16 72 153
5947 17 4 153
5948 18 191 153
5949 19 40 153
5950 20 159 153
5951 21 220 153
5952 22 230 153
5953 23 182 153
5954 24 47 153
5955 25 124 153
5956 26 150 153
5957 27 69 153
5958 28 66 153
5959 29 179 153
5960 30 87 153
5961 31 62 153
5962 32 37 153
5963 33 177 153
5964 34 251 153
5965 35 91 153
5966 36 74 153
5967 37 112 153
5968 38 191 153
5969 39 203 153
5970 40 75 153
5971 41 98 153
5972 42 110 153
5973 43 252 153
5974 44 83 153
5975 45 150 153
5976 46 122 153
5977 47 10 153
5978 48 44 153
5979 49 127 153
5980 50 62 153
5981 51 80 153
5982 52 202 153
5983 53 73 153
5984 54 175 153
5985 55 150 153
5986 56 231 153
5987 57 170 153
5988 58 261 153
5989 59 131 153
5990 60 105 153
5991 61 255 153
5992 62 47 153
5993 63 90 153
5994 64 104 153
5995 65 32 153
5996 66 176 153
5997 67 214 153
5998 68 201 153
5999 69 65 153
6000 70 256 153
6001 71 167 153
6002 72 58 153
6003 73 48 153
6004 74 35 153
6005 75 260 153
6006 0 24 154
6007 1 87 154
6008 2 146 154
6009 3 158 154
6010 4 193 154
6011 5 126 154
6012 6 10 154
6013 7 76 154
6014 8 121 154
6015 9 3 154
6016 10 195 154
6017 11 223 154
6018 12 83 154
6019 13 259 154
6020 14 239 154
6021 15 144 154
6022 16 205 154
6023 17 246 154
6024 18 181 154
6025 19 226 154
6026 20 116 154
6027 21 163 154
6028 22 186 154
6029 23 84 154
6030 24 97 154
6031 25 140 154
6032 26 225 154
6033 27 37 154
6034 28 155 154
6035 29 15 154
6036 30 222 154
6037 31 136 154
6038 32 193 154
6039 33 88 154
6040 34 176 154
6041 35 38 154
6042 36 87 154
6043 37 42 154
6044 38 260 154
6045 39 181 154
6046 40 57 154
6047 41 162 154
6048 42 22 154
6049 43 206 154
6050 44 24 154
6051 45 110 154
6052 46 170 154
6053 47 8 154
6054 48 80 154
6055 49 15 154
6056 50 236 154
6057 51 261 154
6058 52 135 154
6059 53 250 154
6060 54 245 154
6061 55 219 154
6062 56 258 154
6063 57 152 154
6064 58 108 154
6065 59 27 154
6066 60 217 154
6067 61 46 154
6068 62 83 154
6069 63 35 154
6070 64 23 154
6071 65 252 154
6072 66 167 154
6073 67 44 154
6074 68 243 154
6075 69 193 154
6076 70 183 154
6077 71 25 154
6078 72 162 154
6079 73 110 154
6080 74 132 154
6081 75 148 154
6082 76 132 154
6083 77 110 154
6084 0 39 155
6085 1 107 155
6086 2 111 155
6087 3 57 155
6088 4 16 155
6089 5 103 155
6090 6 140 155
6091 7 3 155
6092 8 86 155
6093 9 253 155
6094 10 76 155
6095 11 36 155
6096 12 55 155
6097 13 187 155
6098 14 81 155
6099 15 74 155
6100 16 127 155
6101 17 89 155
6102 18 252 155
6103 19 232 155
6104 20 261 155
6105 21 66 155
6106 22 42 155
6107 23 126 155
6108 24 210 155
6109 25 239 155
6110 26 22 155
6111 27 244 155
6112 28 120 155
6113 29 34 155
6114 30 75 155
6115 31 220 155
6116 32 225 155
6117 33 107 155
6118 34 110 155
6119 35 19 155
6120 36 191 155
6121 37 101 155
6122 38 29 155
6123 39 96 155
6124 40 250 155
6125 41 197 155
6126 42 45 155
6127 43 84 155
6128 44 70 155
6129 45 162 155
6130 46 83 155
6131 47 235 155
6132 48 214 155
6133 49 31 155
6134 50 102 155
6135 51 142 155
6136 52 24 155
6137 53 248 155
6138 54 249 155
6139 55 199 155
6140 56 96 155
6141 57 221 155
6142 58 68 155
6143 59 203 155
6144 60 16 155
6145 61 177 155
6146 62 153 155
6147 63 140 155
6148 64 176 155
6149 65 259 155
6150 66 130 155
6151 67 5 155
6152 68 230 155
6153 69 98 155
6154 70 12 155
6155 71 17 155
weights 156 156 156 156 156 156 156 156 156 156 156 156 156 156 156 156 156 156 156 156 156 156 156 156 156 156 156 156 156 156 156 156 156 156 156 156 156 156 156 156 156 156 156 156 156 156 156 156 156 156 156 156 156 156 156 156 156 156 156 156 156 156 156 156 156 156 156 156 156 156 156 156 155 155 155 155 155 155
