p 257 h 77 constraints 6158
0 0 1 0
1 0 1 1
2 0 1 2
3 0 1 3
4 0 1 4
5 0 1 5
6 0 1 6
7 0 1 7
8 0 1 8
9 0 1 9
10 0 1 10
11 0 1 11
12 0 1 12
13 0 1 13
14 0 1 14
15 0 1 15
16 0 1 16
17 0 1 17
18 0 1 18
19 0 1 19
20 0 1 20
21 0 1 21
22 0 1 22
23 0 1 23
24 0 1 24
25 0 1 25
26 0 1 26
27 0 1 27
28 0 1 28
29 0 1 29
30 0 1 30
31 0 1 31
32 0 1 32
33 0 1 33
34 0 1 34
35 0 1 35
36 0 1 36
37 0 1 37
38 0 1 38
39 0 1 39
40 1 1 2
41 1 1 3
42 1 1 4
43 1 1 5
44 1 1 6
45 1 1 7
46 1 1 8
47 1 1 9
48 1 1 10
49 1 1 11
50 1 1 12
51 1 1 13
52 1 1 14
53 1 1 15
54 1 1 16
55 1 1 17
56 1 1 18
57 1 1 19
58 1 1 20
59 1 1 21
60 1 1 22
61 1 1 23
62 1 1 24
63 1 1 25
64 1 1 26
65 1 1 27
66 1 1 28
67 1 1 29
68 1 1 30
69 1 1 31
70 1 1 32
71 1 1 33
72 1 1 34
73 1 1 35
74 1 1 36
75 1 1 37
76 1 1 38
77 1 1 39
78 1 1 40
79 2 1 4
80 2 1 5
81 2 1 6
82 2 1 7
83 2 1 8
84 2 1 9
85 2 1 10
86 2 1 11
87 2 1 12
88 2 1 13
89 2 1 14
90 2 1 15
91 2 1 16
92 2 1 17
93 2 1 18
94 2 1 19
95 2 1 20
96 2 1 21
97 2 1 22
98 2 1 23
99 2 1 24
100 2 1 25
101 2 1 26
102 2 1 27
103 2 1 28
104 2 1 29
105 2 1 30
106 2 1 31
107 2 1 32
108 2 1 33
109 2 1 34
110 2 1 35
111 2 1 36
112 2 1 37
113 2 1 38
114 2 1 39
115 2 1 40
116 2 1 41
117 3 1 6
118 3 1 7
119 3 1 8
120 3 1 9
121 3 1 10
122 3 1 11
123 3 1 12
124 3 1 13
125 3 1 14
126 3 1 15
127 3 1 16
128 3 1 17
129 3 1 18
130 3 1 19
131 3 1 20
132 3 1 21
133 3 1 22
134 3 1 23
135 3 1 24
136 3 1 25
137 3 1 26
138 3 1 27
139 3 1 28
140 3 1 29
141 3 1 30
142 3 1 31
143 3 1 32
144 3 1 33
145 3 1 34
146 3 1 35
147 3 1 36
148 3 1 37
149 3 1 38
150 3 1 39
151 3 1 40
152 3 1 41
153 3 1 42
154 4 1 8
155 4 1 9
156 4 1 10
157 4 1 11
158 4 1 12
159 4 1 13
160 4 1 14
161 4 1 15
162 4 1 16
163 4 1 17
164 4 1 18
165 4 1 19
166 4 1 20
167 4 1 21
168 4 1 22
169 4 1 23
170 4 1 24
171 4 1 25
172 4 1 26
173 4 1 27
174 4 1 28
175 4 1 29
176 4 1 30
177 4 1 31
178 4 1 32
179 4 1 33
180 4 1 34
181 4 1 35
182 4 1 36
183 4 1 37
184 4 1 38
185 4 1 39
186 4 1 40
187 4 1 41
188 4 1 42
189 4 1 43
190 5 1 10
191 5 1 11
192 5 1 12
193 5 1 13
194 5 1 14
195 5 1 15
196 5 1 16
197 5 1 17
198 5 1 18
199 5 1 19
200 5 1 20
201 5 1 21
202 5 1 22
203 5 1 23
204 5 1 24
205 5 1 25
206 5 1 26
207 5 1 27
208 5 1 28
209 5 1 29
210 5 1 30
211 5 1 31
212 5 1 32
213 5 1 33
214 5 1 34
215 5 1 35
216 5 1 36
217 5 1 37
218 5 1 38
219 5 1 39
220 5 1 40
221 5 1 41
222 5 1 42
223 5 1 43
224 5 1 44
225 6 1 12
226 6 1 13
227 6 1 14
228 6 1 15
229 6 1 16
230 6 1 17
231 6 1 18
232 6 1 19
233 6 1 20
234 6 1 21
235 6 1 22
236 6 1 23
237 6 1 24
238 6 1 25
239 6 1 26
240 6 1 27
241 6 1 28
242 6 1 29
243 6 1 30
244 6 1 31
245 6 1 32
246 6 1 33
247 6 1 34
248 6 1 35
249 6 1 36
250 6 1 37
251 6 1 38
252 6 1 39
253 6 1 40
254 6 1 41
255 6 1 42
256 6 1 43
257 6 1 44
258 6 1 45
259 7 1 14
260 7 1 15
261 7 1 16
262 7 1 17
263 7 1 18
264 7 1 19
265 7 1 20
266 7 1 21
267 7 1 22
268 7 1 23
269 7 1 24
270 7 1 25
271 7 1 26
272 7 1 27
273 7 1 28
274 7 1 29
275 7 1 30
276 7 1 31
277 7 1 32
278 7 1 33
279 7 1 34
280 7 1 35
281 7 1 36
282 7 1 37
283 7 1 38
284 7 1 39
285 7 1 40
286 7 1 41
287 7 1 42
288 7 1 43
289 7 1 44
290 7 1 45
291 7 1 46
292 8 1 16
293 8 1 17
294 8 1 18
295 8 1 19
296 8 1 20
297 8 1 21
298 8 1 22
299 8 1 23
300 8 1 24
301 8 1 25
302 8 1 26
303 8 1 27
304 8 1 28
305 8 1 29
306 8 1 30
307 8 1 31
308 8 1 32
309 8 1 33
310 8 1 34
311 8 1 35
312 8 1 36
313 8 1 37
314 8 1 38
315 8 1 39
316 8 1 40
317 8 1 41
318 8 1 42
319 8 1 43
320 8 1 44
321 8 1 45
322 8 1 46
323 8 1 47
324 9 1 18
325 9 1 19
326 9 1 20
327 9 1 21
328 9 1 22
329 9 1 23
330 9 1 24
331 9 1 25
332 9 1 26
333 9 1 27
334 9 1 28
335 9 1 29
336 9 1 30
337 9 1 31
338 9 1 32
339 9 1 33
340 9 1 34
341 9 1 35
342 9 1 36
343 9 1 37
344 9 1 38
345 9 1 39
346 9 1 40
347 9 1 41
348 9 1 42
349 9 1 43
350 9 1 44
351 9 1 45
352 9 1 46
353 9 1 47
354 9 1 48
355 10 1 20
356 10 1 21
357 10 1 22
358 10 1 23
359 10 1 24
360 10 1 25
361 10 1 26
362 10 1 27
363 10 1 28
364 10 1 29
365 10 1 30
366 10 1 31
367 10 1 32
368 10 1 33
369 10 1 34
370 10 1 35
371 10 1 36
372 10 1 37
373 10 1 38
374 10 1 39
375 10 1 40
376 10 1 41
377 10 1 42
378 10 1 43
379 10 1 44
380 10 1 45
381 10 1 46
382 10 1 47
383 10 1 48
384 10 1 49
385 11 1 22
386 11 1 23
387 11 1 24
388 11 1 25
389 11 1 26
390 11 1 27
391 11 1 28
392 11 1 29
393 11 1 30
394 11 1 31
395 11 1 32
396 11 1 33
397 11 1 34
398 11 1 35
399 11 1 36
400 11 1 37
401 11 1 38
402 11 1 39
403 11 1 40
404 11 1 41
405 11 1 42
406 11 1 43
407 11 1 44
408 11 1 45
409 11 1 46
410 11 1 47
411 11 1 48
412 11 1 49
413 11 1 50
414 12 1 24
415 12 1 25
416 12 1 26
417 12 1 27
418 12 1 28
419 12 1 29
420 12 1 30
421 12 1 31
422 12 1 32
423 12 1 33
424 12 1 34
425 12 1 35
426 12 1 36
427 12 1 37
428 12 1 38
429 12 1 39
430 12 1 40
431 12 1 41
432 12 1 42
433 12 1 43
434 12 1 44
435 12 1 45
436 12 1 46
437 12 1 47
438 12 1 48
439 12 1 49
440 12 1 50
441 12 1 51
442 13 1 26
443 13 1 27
444 13 1 28
445 13 1 29
446 13 1 30
447 13 1 31
448 13 1 32
449 13 1 33
450 13 1 34
451 13 1 35
452 13 1 36
453 13 1 37
454 13 1 38
455 13 1 39
456 13 1 40
457 13 1 41
458 13 1 42
459 13 1 43
460 13 1 44
461 13 1 45
462 13 1 46
463 13 1 47
464 13 1 48
465 13 1 49
466 13 1 50
467 13 1 51
468 13 1 52
469 14 1 28
470 14 1 29
471 14 1 30
472 14 1 31
473 14 1 32
474 14 1 33
475 14 1 34
476 14 1 35
477 14 1 36
478 14 1 37
479 14 1 38
480 14 1 39
481 14 1 40
482 14 1 41
483 14 1 42
484 14 1 43
485 14 1 44
486 14 1 45
487 14 1 46
488 14 1 47
489 14 1 48
490 14 1 49
491 14 1 50
492 14 1 51
493 14 1 52
494 14 1 53
495 15 1 30
496 15 1 31
497 15 1 32
498 15 1 33
499 15 1 34
500 15 1 35
501 15 1 36
502 15 1 37
503 15 1 38
504 15 1 39
505 15 1 40
506 15 1 41
507 15 1 42
508 15 1 43
509 15 1 44
510 15 1 45
511 15 1 46
512 15 1 47
513 15 1 48
514 15 1 49
515 15 1 50
516 15 1 51
517 15 1 52
518 15 1 53
519 15 1 54
520 16 1 32
521 16 1 33
522 16 1 34
523 16 1 35
524 16 1 36
525 16 1 37
526 16 1 38
527 16 1 39
528 16 1 40
529 16 1 41
530 16 1 42
531 16 1 43
532 16 1 44
533 16 1 45
534 16 1 46
535 16 1 47
536 16 1 48
537 16 1 49
538 16 1 50
539 16 1 51
540 16 1 52
541 16 1 53
542 16 1 54
543 16 1 55
544 17 1 34
545 17 1 35
546 17 1 36
547 17 1 37
548 17 1 38
549 17 1 39
550 17 1 40
551 17 1 41
552 17 1 42
553 17 1 43
554 17 1 44
555 17 1 45
556 17 1 46
557 17 1 47
558 17 1 48
559 17 1 49
560 17 1 50
561 17 1 51
562 17 1 52
563 17 1 53
564 17 1 54
565 17 1 55
566 17 1 56
567 18 1 36
568 18 1 37
569 18 1 38
570 18 1 39
571 18 1 40
572 18 1 41
573 18 1 42
574 18 1 43
575 18 1 44
576 18 1 45
577 18 1 46
578 18 1 47
579 18 1 48
580 18 1 49
581 18 1 50
582 18 1 51
583 18 1 52
584 18 1 53
585 18 1 54
586 18 1 55
587 18 1 56
588 18 1 57
589 19 1 38
590 19 1 39
591 19 1 40
592 19 1 41
593 19 1 42
594 19 1 43
595 19 1 44
596 19 1 45
597 19 1 46
598 19 1 47
599 19 1 48
600 19 1 49
601 19 1 50
602 19 1 51
603 19 1 52
604 19 1 53
605 19 1 54
606 19 1 55
607 19 1 56
608 19 1 57
609 19 1 58
610 20 1 40
611 20 1 41
612 20 1 42
613 20 1 43
614 20 1 44
615 20 1 45
616 20 1 46
617 20 1 47
618 20 1 48
619 20 1 49
620 20 1 50
621 20 1 51
622 20 1 52
623 20 1 53
624 20 1 54
625 20 1 55
626 20 1 56
627 20 1 57
628 20 1 58
629 20 1 59
630 21 1 42
631 21 1 43
632 21 1 44
633 21 1 45
634 21 1 46
635 21 1 47
636 21 1 48
637 21 1 49
638 21 1 50
639 21 1 51
640 21 1 52
641 21 1 53
642 21 1 54
643 21 1 55
644 21 1 56
645 21 1 57
646 21 1 58
647 21 1 59
648 21 1 60
649 22 1 44
650 22 1 45
651 22 1 46
652 22 1 47
653 22 1 48
654 22 1 49
655 22 1 50
656 22 1 51
657 22 1 52
658 22 1 53
659 22 1 54
660 22 1 55
661 22 1 56
662 22 1 57
663 22 1 58
664 22 1 59
665 22 1 60
666 22 1 61
667 23 1 46
668 23 1 47
669 23 1 48
670 23 1 49
671 23 1 50
672 23 1 51
673 23 1 52
674 23 1 53
675 23 1 54
676 23 1 55
677 23 1 56
678 23 1 57
679 23 1 58
680 23 1 59
681 23 1 60
682 23 1 61
683 23 1 62
684 24 1 48
685 24 1 49
686 24 1 50
687 24 1 51
688 24 1 52
689 24 1 53
690 24 1 54
691 24 1 55
692 24 1 56
693 24 1 57
694 24 1 58
695 24 1 59
696 24 1 60
697 24 1 61
698 24 1 62
699 24 1 63
700 25 1 50
701 25 1 51
702 25 1 52
703 25 1 53
704 25 1 54
705 25 1 55
706 25 1 56
707 25 1 57
708 25 1 58
709 25 1 59
710 25 1 60
711 25 1 61
712 25 1 62
713 25 1 63
714 25 1 64
715 26 1 52
716 26 1 53
717 26 1 54
718 26 1 55
719 26 1 56
720 26 1 57
721 26 1 58
722 26 1 59
723 26 1 60
724 26 1 61
725 26 1 62
726 26 1 63
727 26 1 64
728 26 1 65
729 27 1 54
730 27 1 55
731 27 1 56
732 27 1 57
733 27 1 58
734 27 1 59
735 27 1 60
736 27 1 61
737 27 1 62
738 27 1 63
739 27 1 64
740 27 1 65
741 27 1 66
742 28 1 56
743 28 1 57
744 28 1 58
745 28 1 59
746 28 1 60
747 28 1 61
748 28 1 62
749 28 1 63
750 28 1 64
751 28 1 65
752 28 1 66
753 28 1 67
754 29 1 58
755 29 1 59
756 29 1 60
757 29 1 61
758 29 1 62
759 29 1 63
760 29 1 64
761 29 1 65
762 29 1 66
763 29 1 67
764 29 1 68
765 30 1 60
766 30 1 61
767 30 1 62
768 30 1 63
769 30 1 64
770 30 1 65
771 30 1 66
772 30 1 67
773 30 1 68
774 30 1 69
775 31 1 62
776 31 1 63
777 31 1 64
778 31 1 65
779 31 1 66
780 31 1 67
781 31 1 68
782 31 1 69
783 31 1 70
784 32 1 64
785 32 1 65
786 32 1 66
787 32 1 67
788 32 1 68
789 32 1 69
790 32 1 70
791 32 1 71
792 33 1 66
793 33 1 67
794 33 1 68
795 33 1 69
796 33 1 70
797 33 1 71
798 33 1 72
799 34 1 68
800 34 1 69
801 34 1 70
802 34 1 71
803 34 1 72
804 34 1 73
805 35 1 70
806 35 1 71
807 35 1 72
808 35 1 73
809 35 1 74
810 36 1 72
811 36 1 73
812 36 1 74
813 36 1 75
814 37 1 74
815 37 1 75
816 37 1 76
817 38 1 76
818 38 1 77
819 39 1 78
820 40 256 80
821 39 128 79
822 38 64 78
823 37 32 77
824 36 16 76
825 35 8 75
826 34 4 74
827 33 2 73
828 32 1 72
829 31 129 71
830 30 193 70
831 29 225 69
832 28 241 68
833 27 249 67
834 26 253 66
835 25 255 65
836 24 256 64
837 23 128 63
838 22 64 62
839 21 32 61
840 20 16 60
841 19 8 59
842 18 4 58
843 17 2 57
844 16 1 56
845 15 129 55
846 14 193 54
847 13 225 53
848 12 241 52
849 11 249 51
850 10 253 50
851 9 255 49
852 8 256 48
853 7 128 47
854 6 64 46
855 5 32 45
856 4 16 44
857 41 256 82
858 40 128 81
859 39 64 80
860 38 32 79
861 37 16 78
862 36 8 77
863 35 4 76
864 34 2 75
865 33 1 74
866 32 129 73
867 31 193 72
868 30 225 71
869 29 241 70
870 28 249 69
871 27 253 68
872 26 255 67
873 25 256 66
874 24 128 65
875 23 64 64
876 22 32 63
877 21 16 62
878 20 8 61
879 19 4 60
880 18 2 59
881 17 1 58
882 16 129 57
883 15 193 56
884 14 225 55
885 13 241 54
886 12 249 53
887 11 253 52
888 10 255 51
889 9 256 50
890 8 128 49
891 7 64 48
892 6 32 47
893 42 256 84
894 41 128 83
895 40 64 82
896 39 32 81
897 38 16 80
898 37 8 79
899 36 4 78
900 35 2 77
901 34 1 76
902 33 129 75
903 32 193 74
904 31 225 73
905 30 241 72
906 29 249 71
907 28 253 70
908 27 255 69
909 26 256 68
910 25 128 67
911 24 64 66
912 23 32 65
913 22 16 64
914 21 8 63
915 20 4 62
916 19 2 61
917 18 1 60
918 17 129 59
919 16 193 58
920 15 225 57
921 14 241 56
922 13 249 55
923 12 253 54
924 11 255 53
925 10 256 52
926 9 128 51
927 8 64 50
928 43 256 86
929 42 128 85
930 41 64 84
931 40 32 83
932 39 16 82
933 38 8 81
934 37 4 80
935 36 2 79
936 35 1 78
937 34 129 77
938 33 193 76
939 32 225 75
940 31 241 74
941 30 249 73
942 29 253 72
943 28 255 71
944 27 256 70
945 26 128 69
946 25 64 68
947 24 32 67
948 23 16 66
949 22 8 65
950 21 4 64
951 20 2 63
952 19 1 62
953 18 129 61
954 17 193 60
955 16 225 59
956 15 241 58
957 14 249 57
958 13 253 56
959 12 255 55
960 11 256 54
961 10 128 53
962 44 256 88
963 43 128 87
964 42 64 86
965 41 32 85
966 40 16 84
967 39 8 83
968 38 4 82
969 37 2 81
970 36 1 80
971 35 129 79
972 34 193 78
973 33 225 77
974 32 241 76
975 31 249 75
976 30 253 74
977 29 255 73
978 28 256 72
979 27 128 71
980 26 64 70
981 25 32 69
982 24 16 68
983 23 8 67
984 22 4 66
985 21 2 65
986 20 1 64
987 19 129 63
988 18 193 62
989 17 225 61
990 16 241 60
991 15 249 59
992 14 253 58
993 13 255 57
994 12 256 56
995 45 256 90
996 44 128 89
997 43 64 88
998 42 32 87
999 41 16 86
1000 40 8 85
1001 39 4 84
1002 38 2 83
1003 37 1 82
1004 36 129 81
1005 35 193 80
1006 34 225 79
1007 33 241 78
1008 32 249 77
1009 31 253 76
1010 30 255 75
1011 29 256 74
1012 28 128 73
1013 27 64 72
1014 26 32 71
1015 25 16 70
1016 24 8 69
1017 23 4 68
1018 22 2 67
1019 21 1 66
1020 20 129 65
1021 19 193 64
1022 18 225 63
1023 17 241 62
1024 16 249 61
1025 15 253 60
1026 14 255 59
1027 46 256 92
1028 45 128 91
1029 44 64 90
1030 43 32 89
1031 42 16 88
1032 41 8 87
1033 40 4 86
1034 39 2 85
1035 38 1 84
1036 37 129 83
1037 36 193 82
1038 35 225 81
1039 34 241 80
1040 33 249 79
1041 32 253 78
1042 31 255 77
1043 30 256 76
1044 29 128 75
1045 28 64 74
1046 27 32 73
1047 26 16 72
1048 25 8 71
1049 24 4 70
1050 23 2 69
1051 22 1 68
1052 21 129 67
1053 20 193 66
1054 19 225 65
1055 18 241 64
1056 17 249 63
1057 16 253 62
1058 47 256 94
1059 46 128 93
1060 45 64 92
1061 44 32 91
1062 43 16 90
1063 42 8 89
1064 41 4 88
1065 40 2 87
1066 39 1 86
1067 38 129 85
1068 37 193 84
1069 36 225 83
1070 35 241 82
1071 34 249 81
1072 33 253 80
1073 32 255 79
1074 31 256 78
1075 30 128 77
1076 29 64 76
1077 28 32 75
1078 27 16 74
1079 26 8 73
1080 25 4 72
1081 24 2 71
1082 23 1 70
1083 22 129 69
1084 21 193 68
1085 20 225 67
1086 19 241 66
1087 18 249 65
1088 48 256 96
1089 47 128 95
1090 46 64 94
1091 45 32 93
1092 44 16 92
1093 43 8 91
1094 42 4 90
1095 41 2 89
1096 40 1 88
1097 39 129 87
1098 38 193 86
1099 37 225 85
1100 36 241 84
1101 35 249 83
1102 34 253 82
1103 33 255 81
1104 32 256 80
1105 31 128 79
1106 30 64 78
1107 29 32 77
1108 28 16 76
1109 27 8 75
1110 26 4 74
1111 25 2 73
1112 24 1 72
1113 23 129 71
1114 22 193 70
1115 21 225 69
1116 20 241 68
1117 49 256 98
1118 48 128 97
1119 47 64 96
1120 46 32 95
1121 45 16 94
1122 44 8 93
1123 43 4 92
1124 42 2 91
1125 41 1 90
1126 40 129 89
1127 39 193 88
1128 38 225 87
1129 37 241 86
1130 36 249 85
1131 35 253 84
1132 34 255 83
1133 33 256 82
1134 32 128 81
1135 31 64 80
1136 30 32 79
1137 29 16 78
1138 28 8 77
1139 27 4 76
1140 26 2 75
1141 25 1 74
1142 24 129 73
1143 23 193 72
1144 22 225 71
1145 50 256 100
1146 49 128 99
1147 48 64 98
1148 47 32 97
1149 46 16 96
1150 45 8 95
1151 44 4 94
1152 43 2 93
1153 42 1 92
1154 41 129 91
1155 40 193 90
1156 39 225 89
1157 38 241 88
1158 37 249 87
1159 36 253 86
1160 35 255 85
1161 34 256 84
1162 33 128 83
1163 32 64 82
1164 31 32 81
1165 30 16 80
1166 29 8 79
1167 28 4 78
1168 27 2 77
1169 26 1 76
1170 25 129 75
1171 24 193 74
1172 51 256 102
1173 50 128 101
1174 49 64 100
1175 48 32 99
1176 47 16 98
1177 46 8 97
1178 45 4 96
1179 44 2 95
1180 43 1 94
1181 42 129 93
1182 41 193 92
1183 40 225 91
1184 39 241 90
1185 38 249 89
1186 37 253 88
1187 36 255 87
1188 35 256 86
1189 34 128 85
1190 33 64 84
1191 32 32 83
1192 31 16 82
1193 30 8 81
1194 29 4 80
1195 28 2 79
1196 27 1 78
1197 26 129 77
1198 52 256 104
1199 51 128 103
1200 50 64 102
1201 49 32 101
1202 48 16 100
1203 47 8 99
1204 46 4 98
1205 45 2 97
1206 44 1 96
1207 43 129 95
1208 42 193 94
1209 41 225 93
1210 40 241 92
1211 39 249 91
1212 38 253 90
1213 37 255 89
1214 36 256 88
1215 35 128 87
1216 34 64 86
1217 33 32 85
1218 32 16 84
1219 31 8 83
1220 30 4 82
1221 29 2 81
1222 28 1 80
1223 53 256 106
1224 52 128 105
1225 51 64 104
1226 50 32 103
1227 49 16 102
1228 48 8 101
1229 47 4 100
1230 46 2 99
1231 45 1 98
1232 44 129 97
1233 43 193 96
1234 42 225 95
1235 41 241 94
1236 40 249 93
1237 39 253 92
1238 38 255 91
1239 37 256 90
1240 36 128 89
1241 35 64 88
1242 34 32 87
1243 33 16 86
1244 32 8 85
1245 31 4 84
1246 30 2 83
1247 54 256 108
1248 53 128 107
1249 52 64 106
1250 51 32 105
1251 50 16 104
1252 49 8 103
1253 48 4 102
1254 47 2 101
1255 46 1 100
1256 45 129 99
1257 44 193 98
1258 43 225 97
1259 42 241 96
1260 41 249 95
1261 40 253 94
1262 39 255 93
1263 38 256 92
1264 37 128 91
1265 36 64 90
1266 35 32 89
1267 34 16 88
1268 33 8 87
1269 32 4 86
1270 55 256 110
1271 54 128 109
1272 53 64 108
1273 52 32 107
1274 51 16 106
1275 50 8 105
1276 49 4 104
1277 48 2 103
1278 47 1 102
1279 46 129 101
1280 45 193 100
1281 44 225 99
1282 43 241 98
1283 42 249 97
1284 41 253 96
1285 40 255 95
1286 39 256 94
1287 38 128 93
1288 37 64 92
1289 36 32 91
1290 35 16 90
1291 34 8 89
1292 56 256 112
1293 55 128 111
1294 54 64 110
1295 53 32 109
1296 52 16 108
1297 51 8 107
1298 50 4 106
1299 49 2 105
1300 48 1 104
1301 47 129 103
1302 46 193 102
1303 45 225 101
1304 44 241 100
1305 43 249 99
1306 42 253 98
1307 41 255 97
1308 40 256 96
1309 39 128 95
1310 38 64 94
1311 37 32 93
1312 36 16 92
1313 57 256 114
1314 56 128 113
1315 55 64 112
1316 54 32 111
1317 53 16 110
1318 52 8 109
1319 51 4 108
1320 50 2 107
1321 49 1 106
1322 48 129 105
1323 47 193 104
1324 46 225 103
1325 45 241 102
1326 44 249 101
1327 43 253 100
1328 42 255 99
1329 41 256 98
1330 40 128 97
1331 39 64 96
1332 38 32 95
1333 58 256 116
1334 57 128 115
1335 56 64 114
1336 55 32 113
1337 54 16 112
1338 53 8 111
1339 52 4 110
1340 51 2 109
1341 50 1 108
1342 49 129 107
1343 48 193 106
1344 47 225 105
1345 46 241 104
1346 45 249 103
1347 44 253 102
1348 43 255 101
1349 42 256 100
1350 41 128 99
1351 40 64 98
1352 59 256 118
1353 58 128 117
1354 57 64 116
1355 56 32 115
1356 55 16 114
1357 54 8 113
1358 53 4 112
1359 52 2 111
1360 51 1 110
1361 50 129 109
1362 49 193 108
1363 48 225 107
1364 47 241 106
1365 46 249 105
1366 45 253 104
1367 44 255 103
1368 43 256 102
1369 42 128 101
1370 60 256 120
1371 59 128 119
1372 58 64 118
1373 57 32 117
1374 56 16 116
1375 55 8 115
1376 54 4 114
1377 53 2 113
1378 52 1 112
1379 51 129 111
1380 50 193 110
1381 49 225 109
1382 48 241 108
1383 47 249 107
1384 46 253 106
1385 45 255 105
1386 44 256 104
1387 61 256 122
1388 60 128 121
1389 59 64 120
1390 58 32 119
1391 57 16 118
1392 56 8 117
1393 55 4 116
1394 54 2 115
1395 53 1 114
1396 52 129 113
1397 51 193 112
1398 50 225 111
1399 49 241 110
1400 48 249 109
1401 47 253 108
1402 46 255 107
1403 62 256 124
1404 61 128 123
1405 60 64 122
1406 59 32 121
1407 58 16 120
1408 57 8 119
1409 56 4 118
1410 55 2 117
1411 54 1 116
1412 53 129 115
1413 52 193 114
1414 51 225 113
1415 50 241 112
1416 49 249 111
1417 48 253 110
1418 63 256 126
1419 62 128 125
1420 61 64 124
1421 60 32 123
1422 59 16 122
1423 58 8 121
1424 57 4 120
1425 56 2 119
1426 55 1 118
1427 54 129 117
1428 53 193 116
1429 52 225 115
1430 51 241 114
1431 50 249 113
1432 64 256 128
1433 63 128 127
1434 62 64 126
1435 61 32 125
1436 60 16 124
1437 59 8 123
1438 58 4 122
1439 57 2 121
1440 56 1 120
1441 55 129 119
1442 54 193 118
1443 53 225 117
1444 52 241 116
1445 65 256 130
1446 64 128 129
1447 63 64 128
1448 62 32 127
1449 61 16 126
1450 60 8 125
1451 59 4 124
1452 58 2 123
1453 57 1 122
1454 56 129 121
1455 55 193 120
1456 54 225 119
1457 66 256 132
1458 65 128 131
1459 64 64 130
1460 63 32 129
1461 62 16 128
1462 61 8 127
1463 60 4 126
1464 59 2 125
1465 58 1 124
1466 57 129 123
1467 56 193 122
1468 67 256 134
1469 66 128 133
1470 65 64 132
1471 64 32 131
1472 63 16 130
1473 62 8 129
1474 61 4 128
1475 60 2 127
1476 59 1 126
1477 58 129 125
1478 68 256 136
1479 67 128 135
1480 66 64 134
1481 65 32 133
1482 64 16 132
1483 63 8 131
1484 62 4 130
1485 61 2 129
1486 60 1 128
1487 69 256 138
1488 68 128 137
1489 67 64 136
1490 66 32 135
1491 65 16 134
1492 64 8 133
1493 63 4 132
1494 62 2 131
1495 70 256 140
1496 69 128 139
1497 68 64 138
1498 67 32 137
1499 66 16 136
1500 65 8 135
1501 64 4 134
1502 71 256 142
1503 70 128 141
1504 69 64 140
1505 68 32 139
1506 67 16 138
1507 66 8 137
1508 72 256 144
1509 71 128 143
1510 70 64 142
1511 69 32 141
1512 68 16 140
1513 73 256 146
1514 72 128 145
1515 71 64 144
1516 70 32 143
1517 74 256 148
1518 73 128 147
1519 72 64 146
1520 75 256 150
1521 74 128 149
1522 76 256 152
1523 0 1 40
1524 0 1 41
1525 0 1 42
1526 0 1 43
1527 0 1 44
1528 0 1 45
1529 0 1 46
1530 0 1 47
1531 0 1 48
1532 0 1 49
1533 0 1 50
1534 0 1 51
1535 0 1 52
1536 0 1 53
1537 0 1 54
1538 0 1 55
1539 0 1 56
1540 0 1 57
1541 0 1 58
1542 0 1 59
1543 0 1 60
1544 0 1 61
1545 0 1 62
1546 0 1 63
1547 0 1 64
1548 0 1 65
1549 0 1 66
1550 0 1 67
1551 0 1 68
1552 0 1 69
1553 0 1 70
1554 0 1 71
1555 0 1 72
1556 0 1 73
1557 0 1 74
1558 0 1 75
1559 0 1 76
1560 1 1 41
1561 1 1 42
1562 1 1 43
1563 1 1 44
1564 1 1 45
1565 1 1 46
1566 1 1 47
1567 1 1 48
1568 1 1 49
1569 1 1 50
1570 1 1 51
1571 1 1 52
1572 1 1 53
1573 1 1 54
1574 1 1 55
1575 1 1 56
1576 1 1 57
1577 1 1 58
1578 1 1 59
1579 1 1 60
1580 1 1 61
1581 1 1 62
1582 1 1 63
1583 1 1 64
1584 1 1 65
1585 1 1 66
1586 1 1 67
1587 1 1 68
1588 1 1 69
1589 1 1 70
1590 1 1 71
1591 1 1 72
1592 1 1 73
1593 1 1 74
1594 1 1 75
1595 1 1 76
1596 2 1 42
1597 2 1 43
1598 2 1 44
1599 2 1 45
1600 2 1 46
1601 2 1 47
1602 2 1 48
1603 2 1 49
1604 2 1 50
1605 2 1 51
1606 2 1 52
1607 2 1 53
1608 2 1 54
1609 2 1 55
1610 2 1 56
1611 2 1 57
1612 2 1 58
1613 2 1 59
1614 2 1 60
1615 2 1 61
1616 2 1 62
1617 2 1 63
1618 2 1 64
1619 2 1 65
1620 2 1 66
1621 2 1 67
1622 2 1 68
1623 2 1 69
1624 2 1 70
1625 2 1 71
1626 2 1 72
1627 2 1 73
1628 2 1 74
1629 2 1 75
1630 2 1 76
1631 3 1 43
1632 3 1 44
1633 3 1 45
1634 3 1 46
1635 3 1 47
1636 3 1 48
1637 3 1 49
1638 3 1 50
1639 3 1 51
1640 3 1 52
1641 3 1 53
1642 3 1 54
1643 3 1 55
1644 3 1 56
1645 3 1 57
1646 3 1 58
1647 3 1 59
1648 3 1 60
1649 3 1 61
1650 3 1 62
1651 3 1 63
1652 3 1 64
1653 3 1 65
1654 3 1 66
1655 3 1 67
1656 3 1 68
1657 3 1 69
1658 3 1 70
1659 3 1 71
1660 3 1 72
1661 3 1 73
1662 3 1 74
1663 3 1 75
1664 3 1 76
1665 4 1 45
1666 4 1 46
1667 5 255 46
1668 4 1 47
1669 4 1 48
1670 4 1 49
1671 4 1 50
1672 4 1 51
1673 4 1 52
1674 4 1 53
1675 4 1 54
1676 4 1 55
1677 4 1 56
1678 4 1 57
1679 4 1 58
1680 4 1 59
1681 4 1 60
1682 4 1 61
1683 4 1 62
1684 4 1 63
1685 4 1 64
1686 4 1 65
1687 4 1 66
1688 4 1 67
1689 4 1 68
1690 4 1 69
1691 4 1 70
1692 4 1 71
1693 4 1 72
1694 4 1 73
1695 4 1 74
1696 4 1 75
1697 4 1 76
1698 5 1 47
1699 5 1 48
1700 6 255 48
1701 5 1 49
1702 7 4 49
1703 5 1 50
1704 5 1 51
1705 5 1 52
1706 5 1 53
1707 5 1 54
1708 5 1 55
1709 5 1 56
1710 5 1 57
1711 5 1 58
1712 5 1 59
1713 5 1 60
1714 5 1 61
1715 5 1 62
1716 5 1 63
1717 5 1 64
1718 5 1 65
1719 5 1 66
1720 5 1 67
1721 5 1 68
1722 5 1 69
1723 5 1 70
1724 5 1 71
1725 5 1 72
1726 5 1 73
1727 5 1 74
1728 5 1 75
1729 5 1 76
1730 6 1 49
1731 6 1 50
1732 7 255 50
1733 6 1 51
1734 8 4 51
1735 6 1 52
1736 9 249 52
1737 6 1 53
1738 6 1 54
1739 6 1 55
1740 6 1 56
1741 6 1 57
1742 6 1 58
1743 6 1 59
1744 6 1 60
1745 6 1 61
1746 6 1 62
1747 6 1 63
1748 6 1 64
1749 6 1 65
1750 6 1 66
1751 6 1 67
1752 6 1 68
1753 6 1 69
1754 6 1 70
1755 6 1 71
1756 6 1 72
1757 6 1 73
1758 6 1 74
1759 6 1 75
1760 6 1 76
1761 7 1 51
1762 7 1 52
1763 8 255 52
1764 7 1 53
1765 9 4 53
1766 7 1 54
1767 10 249 54
1768 7 1 55
1769 11 16 55
1770 7 1 56
1771 7 1 57
1772 7 1 58
1773 7 1 59
1774 7 1 60
1775 7 1 61
1776 7 1 62
1777 7 1 63
1778 7 1 64
1779 7 1 65
1780 7 1 66
1781 7 1 67
1782 7 1 68
1783 7 1 69
1784 7 1 70
1785 7 1 71
1786 7 1 72
1787 7 1 73
1788 7 1 74
1789 7 1 75
1790 7 1 76
1791 8 1 53
1792 8 1 54
1793 9 255 54
1794 8 1 55
1795 10 4 55
1796 8 1 56
1797 11 249 56
1798 8 1 57
1799 12 16 57
1800 8 1 58
1801 13 225 58
1802 8 1 59
1803 8 1 60
1804 8 1 61
1805 8 1 62
1806 8 1 63
1807 8 1 64
1808 8 1 65
1809 8 1 66
1810 8 1 67
1811 8 1 68
1812 8 1 69
1813 8 1 70
1814 8 1 71
1815 8 1 72
1816 8 1 73
1817 8 1 74
1818 8 1 75
1819 8 1 76
1820 9 1 55
1821 9 1 56
1822 10 255 56
1823 9 1 57
1824 11 4 57
1825 9 1 58
1826 12 249 58
1827 9 1 59
1828 13 16 59
1829 9 1 60
1830 14 225 60
1831 9 1 61
1832 15 64 61
1833 9 1 62
1834 9 1 63
1835 9 1 64
1836 9 1 65
1837 9 1 66
1838 9 1 67
1839 9 1 68
1840 9 1 69
1841 9 1 70
1842 9 1 71
1843 9 1 72
1844 9 1 73
1845 9 1 74
1846 9 1 75
1847 9 1 76
1848 10 1 57
1849 10 1 58
1850 11 255 58
1851 10 1 59
1852 12 4 59
1853 10 1 60
1854 13 249 60
1855 10 1 61
1856 14 16 61
1857 10 1 62
1858 15 225 62
1859 10 1 63
1860 16 64 63
1861 10 1 64
1862 17 129 64
1863 10 1 65
1864 10 1 66
1865 10 1 67
1866 10 1 68
1867 10 1 69
1868 10 1 70
1869 10 1 71
1870 10 1 72
1871 10 1 73
1872 10 1 74
1873 10 1 75
1874 10 1 76
1875 11 1 59
1876 11 1 60
1877 12 255 60
1878 11 1 61
1879 13 4 61
1880 11 1 62
1881 14 249 62
1882 11 1 63
1883 15 16 63
1884 11 1 64
1885 16 225 64
1886 11 1 65
1887 17 64 65
1888 11 1 66
1889 18 129 66
1890 11 1 67
1891 19 256 67
1892 11 1 68
1893 11 1 69
1894 11 1 70
1895 11 1 71
1896 11 1 72
1897 11 1 73
1898 11 1 74
1899 11 1 75
1900 11 1 76
1901 12 1 61
1902 12 1 62
1903 13 255 62
1904 12 1 63
1905 14 4 63
1906 12 1 64
1907 15 249 64
1908 12 1 65
1909 16 16 65
1910 12 1 66
1911 17 225 66
1912 12 1 67
1913 18 64 67
1914 12 1 68
1915 19 129 68
1916 12 1 69
1917 20 256 69
1918 12 1 70
1919 21 2 70
1920 12 1 71
1921 12 1 72
1922 12 1 73
1923 12 1 74
1924 12 1 75
1925 12 1 76
1926 13 1 63
1927 13 1 64
1928 14 255 64
1929 13 1 65
1930 15 4 65
1931 13 1 66
1932 16 249 66
1933 13 1 67
1934 17 16 67
1935 13 1 68
1936 18 225 68
1937 13 1 69
1938 19 64 69
1939 13 1 70
1940 20 129 70
1941 13 1 71
1942 21 256 71
1943 13 1 72
1944 22 2 72
1945 13 1 73
1946 23 253 73
1947 13 1 74
1948 13 1 75
1949 13 1 76
1950 14 1 65
1951 14 1 66
1952 15 255 66
1953 14 1 67
1954 16 4 67
1955 14 1 68
1956 17 249 68
1957 14 1 69
1958 18 16 69
1959 14 1 70
1960 19 225 70
1961 14 1 71
1962 20 64 71
1963 14 1 72
1964 21 129 72
1965 14 1 73
1966 22 256 73
1967 14 1 74
1968 23 2 74
1969 14 1 75
1970 24 253 75
1971 14 1 76
1972 25 8 76
1973 15 1 67
1974 15 1 68
1975 16 255 68
1976 15 1 69
1977 17 4 69
1978 15 1 70
1979 18 249 70
1980 15 1 71
1981 19 16 71
1982 15 1 72
1983 20 225 72
1984 15 1 73
1985 21 64 73
1986 15 1 74
1987 22 129 74
1988 15 1 75
1989 23 256 75
1990 15 1 76
1991 24 2 76
1992 13 78 77
1993 14 134 77
1994 15 1 77
1995 16 1 69
1996 16 1 70
1997 17 255 70
1998 16 1 71
1999 18 4 71
2000 16 1 72
2001 19 249 72
2002 16 1 73
2003 20 16 73
2004 16 1 74
2005 21 225 74
2006 16 1 75
2007 22 64 75
2008 16 1 76
2009 23 129 76
2010 11 89 77
2011 12 47 77
2012 16 1 77
2013 25 8 77
2014 15 131 78
2015 16 1 78
2016 17 1 71
2017 17 1 72
2018 18 255 72
2019 17 1 73
2020 19 4 73
2021 17 1 74
2022 20 249 74
2023 17 1 75
2024 21 16 75
2025 17 1 76
2026 22 225 76
2027 9 255 77
2028 10 166 77
2029 17 1 77
2030 24 151 77
2031 13 229 78
2032 14 222 78
2033 17 1 78
2034 26 44 78
2035 17 1 79
2036 18 1 73
2037 18 1 74
2038 19 255 74
2039 18 1 75
2040 20 4 75
2041 18 1 76
2042 21 249 76
2043 7 83 77
2044 8 71 77
2045 18 1 77
2046 23 93 77
2047 11 59 78
2048 12 243 78
2049 18 1 78
2050 25 54 78
2051 15 130 79
2052 16 34 79
2053 18 1 79
2054 27 183 79
2055 19 1 75
2056 19 1 76
2057 20 255 76
2058 5 60 77
2059 6 69 77
2060 19 1 77
2061 22 247 77
2062 9 122 78
2063 10 157 78
2064 19 1 78
2065 24 119 78
2066 13 191 79
2067 14 81 79
2068 19 1 79
2069 26 20 79
2070 17 78 80
2071 18 226 80
2072 19 1 80
2073 4 1 77
2074 20 1 77
2075 21 15 77
2076 7 8 78
2077 8 112 78
2078 20 1 78
2079 23 34 78
2080 11 255 79
2081 12 246 79
2082 20 1 79
2083 25 204 79
2084 15 221 80
2085 16 161 80
2086 20 1 80
2087 27 238 80
2088 19 155 81
2089 20 1 81
2090 6 225 78
2091 21 1 78
2092 22 218 78
2093 9 39 79
2094 10 32 79
2095 21 1 79
2096 24 147 79
2097 13 256 80
2098 14 123 80
2099 21 1 80
2100 26 117 80
2101 17 74 81
2102 18 26 81
2103 21 1 81
2104 28 43 81
2105 21 1 82
2106 8 60 79
2107 22 1 79
2108 23 215 79
2109 11 18 80
2110 12 252 80
2111 22 1 80
2112 25 196 80
2113 15 46 81
2114 16 253 81
2115 22 1 81
2116 27 234 81
2117 19 225 82
2118 20 86 82
2119 22 1 82
2120 29 87 82
2121 10 246 80
2122 23 1 80
2123 24 83 80
2124 13 12 81
2125 14 168 81
2126 23 1 81
2127 26 141 81
2128 17 46 82
2129 18 253 82
2130 23 1 82
2131 28 141 82
2132 21 209 83
2133 22 129 83
2134 23 1 83
2135 12 13 81
2136 24 1 81
2137 25 184 81
2138 15 81 82
2139 16 106 82
2140 24 1 82
2141 27 128 82
2142 19 147 83
2143 20 166 83
2144 24 1 83
2145 29 119 83
2146 23 161 84
2147 24 1 84
2148 14 225 82
2149 25 1 82
2150 26 151 82
2151 17 200 83
2152 18 230 83
2153 25 1 83
2154 28 192 83
2155 21 193 84
2156 22 162 84
2157 25 1 84
2158 30 31 84
2159 25 1 85
2160 16 152 83
2161 26 1 83
2162 27 25 83
2163 19 254 84
2164 20 215 84
2165 26 1 84
2166 29 153 84
2167 23 74 85
2168 24 150 85
2169 26 1 85
2170 31 186 85
2171 18 110 84
2172 27 1 84
2173 28 253 84
2174 21 251 85
2175 22 173 85
2176 27 1 85
2177 30 75 85
2178 25 222 86
2179 26 193 86
2180 27 1 86
2181 20 167 85
2182 28 1 85
2183 29 179 85
2184 23 58 86
2185 24 41 86
2186 28 1 86
2187 31 150 86
2188 27 117 87
2189 28 1 87
2190 22 183 86
2191 29 1 86
2192 30 166 86
2193 25 22 87
2194 26 51 87
2195 29 1 87
2196 32 118 87
2197 29 1 88
2198 24 119 87
2199 30 1 87
2200 31 45 87
2201 27 251 88
2202 28 173 88
2203 30 1 88
2204 33 215 88
2205 26 8 88
2206 31 1 88
2207 32 249 88
2208 29 221 89
2209 30 10 89
2210 31 1 89
2211 28 244 89
2212 32 1 89
2213 33 75 89
2214 31 202 90
2215 32 1 90
2216 30 44 90
2217 33 1 90
2218 34 241 90
2219 33 1 91
2220 32 68 91
2221 34 1 91
2222 35 225 91
2223 34 249 92
2224 35 1 92
2225 36 1 93
2226 37 132 94
2227 36 44 94
2228 35 186 93
2229 34 62 93
2230 33 192 92
2231 32 64 92
2232 31 107 91
2233 30 207 91
2234 29 69 90
2235 28 23 90
2236 27 179 89
2237 26 231 89
2238 25 77 88
2239 24 197 88
2240 23 237 87
2241 22 79 87
2242 21 112 86
2243 20 123 86
2244 19 41 85
2245 18 185 85
2246 17 233 84
2247 16 249 84
2248 15 83 83
2249 14 199 83
2250 13 152 82
2251 12 222 82
2252 11 74 81
2253 38 132 96
2254 37 44 95
2255 36 186 95
2256 35 62 94
2257 34 192 94
2258 33 64 93
2259 32 107 93
2260 31 207 92
2261 30 69 92
2262 29 23 91
2263 28 179 91
2264 27 231 90
2265 26 77 90
2266 25 197 89
2267 24 237 89
2268 23 79 88
2269 22 112 88
2270 21 123 87
2271 20 41 87
2272 19 185 86
2273 18 233 86
2274 17 249 85
2275 16 83 85
2276 15 199 84
2277 14 152 84
2278 13 222 83
2279 39 132 97
2280 38 44 97
2281 37 186 96
2282 36 62 96
2283 35 192 95
2284 34 64 95
2285 33 107 94
2286 32 207 94
2287 31 69 93
2288 30 23 93
2289 29 179 92
2290 28 231 92
2291 27 77 91
2292 26 197 91
2293 25 237 90
2294 24 79 90
2295 23 112 89
2296 22 123 89
2297 21 41 88
2298 20 185 88
2299 19 233 87
2300 18 249 87
2301 17 83 86
2302 16 199 86
2303 15 152 85
2304 40 132 99
2305 39 44 98
2306 38 186 98
2307 37 62 97
2308 36 192 97
2309 35 64 96
2310 34 107 96
2311 33 207 95
2312 32 69 95
2313 31 23 94
2314 30 179 94
2315 29 231 93
2316 28 77 93
2317 27 197 92
2318 26 237 92
2319 25 79 91
2320 24 112 91
2321 23 123 90
2322 22 41 90
2323 21 185 89
2324 20 233 89
2325 19 249 88
2326 18 83 88
2327 17 199 87
2328 41 132 100
2329 40 44 100
2330 39 186 99
2331 38 62 99
2332 37 192 98
2333 36 64 98
2334 35 107 97
2335 34 207 97
2336 33 69 96
2337 32 23 96
2338 31 179 95
2339 30 231 95
2340 29 77 94
2341 28 197 94
2342 27 237 93
2343 26 79 93
2344 25 112 92
2345 24 123 92
2346 23 41 91
2347 22 185 91
2348 21 233 90
2349 20 249 90
2350 19 83 89
2351 42 132 102
2352 41 44 101
2353 40 186 101
2354 39 62 100
2355 38 192 100
2356 37 64 99
2357 36 107 99
2358 35 207 98
2359 34 69 98
2360 33 23 97
2361 32 179 97
2362 31 231 96
2363 30 77 96
2364 29 197 95
2365 28 237 95
2366 27 79 94
2367 26 112 94
2368 25 123 93
2369 24 41 93
2370 23 185 92
2371 22 233 92
2372 21 249 91
2373 43 132 103
2374 42 44 103
2375 41 186 102
2376 40 62 102
2377 39 192 101
2378 38 64 101
2379 37 107 100
2380 36 207 100
2381 35 69 99
2382 34 23 99
2383 33 179 98
2384 32 231 98
2385 31 77 97
2386 30 197 97
2387 29 237 96
2388 28 79 96
2389 27 112 95
2390 26 123 95
2391 25 41 94
2392 24 185 94
2393 23 233 93
2394 44 132 105
2395 43 44 104
2396 42 186 104
2397 41 62 103
2398 40 192 103
2399 39 64 102
2400 38 107 102
2401 37 207 101
2402 36 69 101
2403 35 23 100
2404 34 179 100
2405 33 231 99
2406 32 77 99
2407 31 197 98
2408 30 237 98
2409 29 79 97
2410 28 112 97
2411 27 123 96
2412 26 41 96
2413 25 185 95
2414 45 132 106
2415 44 44 106
2416 43 186 105
2417 42 62 105
2418 41 192 104
2419 40 64 104
2420 39 107 103
2421 38 207 103
2422 37 69 102
2423 36 23 102
2424 35 179 101
2425 34 231 101
2426 33 77 100
2427 32 197 100
2428 31 237 99
2429 30 79 99
2430 29 112 98
2431 28 123 98
2432 27 41 97
2433 46 132 108
2434 45 44 107
2435 44 186 107
2436 43 62 106
2437 42 192 106
2438 41 64 105
2439 40 107 105
2440 39 207 104
2441 38 69 104
2442 37 23 103
2443 36 179 103
2444 35 231 102
2445 34 77 102
2446 33 197 101
2447 32 237 101
2448 31 79 100
2449 30 112 100
2450 29 123 99
2451 47 132 109
2452 46 44 109
2453 45 186 108
2454 44 62 108
2455 43 192 107
2456 42 64 107
2457 41 107 106
2458 40 207 106
2459 39 69 105
2460 38 23 105
2461 37 179 104
2462 36 231 104
2463 35 77 103
2464 34 197 103
2465 33 237 102
2466 32 79 102
2467 31 112 101
2468 48 132 111
2469 47 44 110
2470 46 186 110
2471 45 62 109
2472 44 192 109
2473 43 64 108
2474 42 107 108
2475 41 207 107
2476 40 69 107
2477 39 23 106
2478 38 179 106
2479 37 231 105
2480 36 77 105
2481 35 197 104
2482 34 237 104
2483 33 79 103
2484 49 132 112
2485 48 44 112
2486 47 186 111
2487 46 62 111
2488 45 192 110
2489 44 64 110
2490 43 107 109
2491 42 207 109
2492 41 69 108
2493 40 23 108
2494 39 179 107
2495 38 231 107
2496 37 77 106
2497 36 197 106
2498 35 237 105
2499 50 132 114
2500 49 44 113
2501 48 186 113
2502 47 62 112
2503 46 192 112
2504 45 64 111
2505 44 107 111
2506 43 207 110
2507 42 69 110
2508 41 23 109
2509 40 179 109
2510 39 231 108
2511 38 77 108
2512 37 197 107
2513 51 132 115
2514 50 44 115
2515 49 186 114
2516 48 62 114
2517 47 192 113
2518 46 64 113
2519 45 107 112
2520 44 207 112
2521 43 69 111
2522 42 23 111
2523 41 179 110
2524 40 231 110
2525 39 77 109
2526 52 132 117
2527 51 44 116
2528 50 186 116
2529 49 62 115
2530 48 192 115
2531 47 64 114
2532 46 107 114
2533 45 207 113
2534 44 69 113
2535 43 23 112
2536 42 179 112
2537 41 231 111
2538 53 132 118
2539 52 44 118
2540 51 186 117
2541 50 62 117
2542 49 192 116
2543 48 64 116
2544 47 107 115
2545 46 207 115
2546 45 69 114
2547 44 23 114
2548 43 179 113
2549 54 132 120
2550 53 44 119
2551 52 186 119
2552 51 62 118
2553 50 192 118
2554 49 64 117
2555 48 107 117
2556 47 207 116
2557 46 69 116
2558 45 23 115
2559 55 132 121
2560 54 44 121
2561 53 186 120
2562 52 62 120
2563 51 192 119
2564 50 64 119
2565 49 107 118
2566 48 207 118
2567 47 69 117
2568 56 132 123
2569 55 44 122
2570 54 186 122
2571 53 62 121
2572 52 192 121
2573 51 64 120
2574 50 107 120
2575 49 207 119
2576 57 132 124
2577 56 44 124
2578 55 186 123
2579 54 62 123
2580 53 192 122
2581 52 64 122
2582 51 107 121
2583 58 132 126
2584 57 44 125
2585 56 186 125
2586 55 62 124
2587 54 192 124
2588 53 64 123
2589 59 132 127
2590 58 44 127
2591 57 186 126
2592 56 62 126
2593 55 192 125
2594 60 132 129
2595 59 44 128
2596 58 186 128
2597 57 62 127
2598 61 132 130
2599 60 44 130
2600 59 186 129
2601 62 132 132
2602 61 44 131
2603 63 132 133
2604 64 253 135
2605 62 256 133
2606 60 64 131
2607 58 16 129
2608 56 4 127
2609 54 1 125
2610 52 193 123
2611 50 241 121
2612 48 253 119
2613 46 256 117
2614 44 64 115
2615 42 16 113
2616 40 4 111
2617 38 1 109
2618 36 193 107
2619 34 241 105
2620 32 253 103
2621 30 256 101
2622 28 64 99
2623 26 16 97
2624 24 4 95
2625 22 1 93
2626 20 193 91
2627 18 241 89
2628 16 253 87
2629 14 256 85
2630 65 253 136
2631 63 256 134
2632 61 64 132
2633 59 16 130
2634 57 4 128
2635 55 1 126
2636 53 193 124
2637 51 241 122
2638 49 253 120
2639 47 256 118
2640 45 64 116
2641 43 16 114
2642 41 4 112
2643 39 1 110
2644 37 193 108
2645 35 241 106
2646 33 253 104
2647 31 256 102
2648 29 64 100
2649 27 16 98
2650 25 4 96
2651 23 1 94
2652 21 193 92
2653 19 241 90
2654 66 253 138
2655 64 256 136
2656 62 64 134
2657 60 16 132
2658 58 4 130
2659 56 1 128
2660 54 193 126
2661 52 241 124
2662 50 253 122
2663 48 256 120
2664 46 64 118
2665 44 16 116
2666 42 4 114
2667 40 1 112
2668 38 193 110
2669 36 241 108
2670 34 253 106
2671 32 256 104
2672 30 64 102
2673 28 16 100
2674 26 4 98
2675 24 1 96
2676 67 253 139
2677 65 256 137
2678 63 64 135
2679 61 16 133
2680 59 4 131
2681 57 1 129
2682 55 193 127
2683 53 241 125
2684 51 253 123
2685 49 256 121
2686 47 64 119
2687 45 16 117
2688 43 4 115
2689 41 1 113
2690 39 193 111
2691 37 241 109
2692 35 253 107
2693 33 256 105
2694 31 64 103
2695 29 16 101
2696 68 253 141
2697 66 256 139
2698 64 64 137
2699 62 16 135
2700 60 4 133
2701 58 1 131
2702 56 193 129
2703 54 241 127
2704 52 253 125
2705 50 256 123
2706 48 64 121
2707 46 16 119
2708 44 4 117
2709 42 1 115
2710 40 193 113
2711 38 241 111
2712 36 253 109
2713 34 256 107
2714 69 253 142
2715 67 256 140
2716 65 64 138
2717 63 16 136
2718 61 4 134
2719 59 1 132
2720 57 193 130
2721 55 241 128
2722 53 253 126
2723 51 256 124
2724 49 64 122
2725 47 16 120
2726 45 4 118
2727 43 1 116
2728 41 193 114
2729 39 241 112
2730 70 253 144
2731 68 256 142
2732 66 64 140
2733 64 16 138
2734 62 4 136
2735 60 1 134
2736 58 193 132
2737 56 241 130
2738 54 253 128
2739 52 256 126
2740 50 64 124
2741 48 16 122
2742 46 4 120
2743 44 1 118
2744 71 253 145
2745 69 256 143
2746 67 64 141
2747 65 16 139
2748 63 4 137
2749 61 1 135
2750 59 193 133
2751 57 241 131
2752 55 253 129
2753 53 256 127
2754 51 64 125
2755 49 16 123
2756 72 253 147
2757 70 256 145
2758 68 64 143
2759 66 16 141
2760 64 4 139
2761 62 1 137
2762 60 193 135
2763 58 241 133
2764 56 253 131
2765 54 256 129
2766 73 253 148
2767 71 256 146
2768 69 64 144
2769 67 16 142
2770 65 4 140
2771 63 1 138
2772 61 193 136
2773 59 241 134
2774 74 253 150
2775 72 256 148
2776 70 64 146
2777 68 16 144
2778 66 4 142
2779 64 1 140
2780 75 253 151
2781 73 256 149
2782 71 64 147
2783 69 16 145
2784 76 253 153
2785 74 256 151
2786 0 256 77
2787 0 256 78
2788 0 256 79
2789 0 256 80
2790 0 256 81
2791 0 256 82
2792 0 256 83
2793 0 256 84
2794 0 256 85
2795 0 256 86
2796 0 256 87
2797 0 256 88
2798 0 256 89
2799 0 256 90
2800 0 256 91
2801 0 256 92
2802 0 256 93
2803 0 256 94
2804 0 256 95
2805 0 256 96
2806 0 256 97
2807 0 256 98
2808 0 256 99
2809 0 256 100
2810 1 128 77
2811 1 128 78
2812 1 128 79
2813 1 128 80
2814 1 128 81
2815 1 128 82
2816 1 128 83
2817 1 128 84
2818 1 128 85
2819 1 128 86
2820 1 128 87
2821 1 128 88
2822 1 128 89
2823 1 128 90
2824 1 128 91
2825 1 128 92
2826 1 128 93
2827 1 128 94
2828 1 128 95
2829 1 128 96
2830 1 128 97
2831 1 128 98
2832 1 128 99
2833 2 64 77
2834 2 64 78
2835 2 64 79
2836 2 64 80
2837 2 64 81
2838 2 64 82
2839 2 64 83
2840 2 64 84
2841 2 64 85
2842 2 64 86
2843 2 64 87
2844 2 64 88
2845 2 64 89
2846 2 64 90
2847 2 64 91
2848 2 64 92
2849 2 64 93
2850 2 64 94
2851 2 64 95
2852 2 64 96
2853 2 64 97
2854 2 64 98
2855 3 32 77
2856 3 32 78
2857 3 32 79
2858 3 32 80
2859 3 32 81
2860 3 32 82
2861 3 32 83
2862 3 32 84
2863 3 32 85
2864 3 32 86
2865 3 32 87
2866 3 32 88
2867 3 32 89
2868 3 32 90
2869 3 32 91
2870 3 32 92
2871 3 32 93
2872 3 32 94
2873 3 32 95
2874 3 32 96
2875 3 32 97
2876 4 32 78
2877 5 241 78
2878 4 16 79
2879 4 16 80
2880 4 16 81
2881 4 16 82
2882 4 16 83
2883 4 16 84
2884 4 16 85
2885 4 16 86
2886 4 16 87
2887 4 16 88
2888 4 16 89
2889 4 16 90
2890 4 16 91
2891 4 16 92
2892 4 16 93
2893 4 16 94
2894 4 16 95
2895 4 16 96
2896 5 32 79
2897 6 241 79
2898 7 8 79
2899 5 8 80
2900 5 8 81
2901 5 8 82
2902 5 8 83
2903 5 8 84
2904 5 8 85
2905 5 8 86
2906 5 8 87
2907 5 8 88
2908 5 8 89
2909 5 8 90
2910 5 8 91
2911 5 8 92
2912 5 8 93
2913 5 8 94
2914 5 8 95
2915 6 32 80
2916 7 241 80
2917 8 8 80
2918 9 253 80
2919 6 4 81
2920 6 4 82
2921 6 4 83
2922 6 4 84
2923 6 4 85
2924 6 4 86
2925 6 4 87
2926 6 4 88
2927 6 4 89
2928 6 4 90
2929 6 4 91
2930 6 4 92
2931 6 4 93
2932 6 4 94
2933 7 32 81
2934 8 241 81
2935 9 8 81
2936 10 253 81
2937 7 4 82
2938 11 1 82
2939 7 2 83
2940 7 2 84
2941 7 2 85
2942 7 2 86
2943 7 2 87
2944 7 2 88
2945 7 2 89
2946 7 2 90
2947 7 2 91
2948 7 2 92
2949 7 2 93
2950 8 32 82
2951 9 241 82
2952 10 8 82
2953 8 8 83
2954 11 255 83
2955 12 1 83
2956 8 2 84
2957 13 64 84
2958 8 1 85
2959 8 1 86
2960 8 1 87
2961 8 1 88
2962 8 1 89
2963 8 1 90
2964 8 1 91
2965 8 1 92
2966 9 32 83
2967 10 241 83
2968 9 16 84
2969 11 4 84
2970 12 255 84
2971 9 4 85
2972 13 129 85
2973 9 2 86
2974 14 32 86
2975 15 241 86
2976 9 129 87
2977 9 129 88
2978 9 129 89
2979 9 129 90
2980 9 129 91
2981 10 32 84
2982 10 32 85
2983 11 249 85
2984 12 4 85
2985 10 8 86
2986 13 256 86
2987 10 4 87
2988 14 193 87
2989 15 32 87
2990 10 1 88
2991 16 249 88
2992 17 4 88
2993 10 193 89
2994 10 193 90
2995 11 32 86
2996 12 80 86
2997 11 138 87
2998 12 19 87
2999 13 2 87
3000 11 8 88
3001 14 128 88
3002 15 193 88
3003 11 2 89
3004 16 16 89
3005 17 249 89
3006 11 129 90
3007 18 2 90
3008 12 32 88
3009 13 80 88
3010 12 138 89
3011 13 19 89
3012 14 2 89
3013 15 30 89
3014 12 248 90
3015 15 242 90
3016 16 225 90
3017 17 16 90
3018 10 56 91
3019 11 65 91
3020 13 32 90
3021 14 80 90
3022 12 83 91
3023 13 10 91
3024 14 22 91
3025 15 87 91
3026 16 88 91
3027 17 51 91
3028 18 88 91
3029 19 3 91
3030 9 206 92
3031 10 79 92
3032 11 117 92
3033 12 67 92
3034 13 214 92
3035 14 10 92
3036 15 191 92
3037 16 97 92
3038 17 12 92
3039 18 90 92
3040 19 161 92
3041 20 252 92
3042 8 29 93
3043 9 125 93
3044 10 238 93
3045 11 82 93
3046 12 32 93
3047 13 230 93
3048 14 100 93
3049 15 49 93
3050 16 19 93
3051 17 76 93
3052 18 12 93
3053 19 101 93
3054 20 35 93
3055 21 233 93
3056 7 8 94
3057 8 161 94
3058 9 205 94
3059 10 126 94
3060 11 7 94
3061 12 117 94
3062 13 107 94
3063 14 81 94
3064 15 124 94
3065 16 254 94
3066 17 203 94
3067 18 162 94
3068 19 137 94
3069 20 93 94
3070 21 109 94
3071 22 133 94
3072 6 57 95
3073 7 9 95
3074 8 2 95
3075 14 23 95
3076 16 28 95
3077 18 4 95
3078 19 111 95
3079 20 8 95
3080 21 184 95
3081 22 166 95
3082 23 249 95
3083 5 32 96
3084 6 241 96
3085 4 32 97
3086 24 249 97
3087 23 255 96
3088 22 256 96
3089 21 64 96
3090 20 32 96
3091 19 8 96
3092 18 4 96
3093 17 1 95
3094 16 129 96
3095 15 225 95
3096 14 241 96
3097 13 253 95
3098 12 255 95
3099 11 128 95
3100 10 64 95
3101 9 16 95
3102 8 8 96
3103 7 2 96
3104 9 58 96
3105 10 150 96
3106 11 81 96
3107 12 144 96
3108 13 89 96
3109 15 87 96
3110 17 214 96
3111 5 69 97
3112 6 216 97
3113 25 253 97
3114 24 255 98
3115 23 128 97
3116 22 64 97
3117 21 16 97
3118 20 8 97
3119 19 2 97
3120 18 1 97
3121 7 62 97
3122 16 225 97
3123 8 23 97
3124 14 253 97
3125 9 211 97
3126 12 128 97
3127 11 64 97
3128 10 16 97
3129 13 146 97
3130 15 210 97
3131 17 237 97
3132 3 228 98
3133 4 243 98
3134 5 52 98
3135 6 227 98
3136 7 127 98
3137 8 226 98
3138 9 208 98
3139 26 253 99
3140 25 256 98
3141 24 128 99
3142 23 32 98
3143 22 16 98
3144 21 4 98
3145 20 2 98
3146 19 129 98
3147 18 193 98
3148 10 228 98
3149 16 249 98
3150 11 120 98
3151 14 256 98
3152 12 209 98
3153 13 57 98
3154 15 15 98
3155 17 105 98
3156 2 142 99
3157 3 131 99
3158 4 64 99
3159 5 120 99
3160 6 172 99
3161 7 68 99
3162 8 28 99
3163 9 242 99
3164 27 255 99
3165 26 256 100
3166 25 64 99
3167 24 32 100
3168 23 8 99
3169 22 4 99
3170 21 1 99
3171 20 129 99
3172 19 225 99
3173 18 241 99
3174 10 27 99
3175 16 255 99
3176 11 50 99
3177 14 64 99
3178 12 37 99
3179 13 44 99
3180 15 187 99
3181 17 240 99
3182 1 49 100
3183 2 40 100
3184 3 41 100
3185 4 87 100
3186 5 131 100
3187 6 87 100
3188 28 255 101
3189 27 128 100
3190 26 64 101
3191 25 16 100
3192 24 8 101
3193 23 2 100
3194 22 1 100
3195 21 193 100
3196 20 225 100
3197 19 249 100
3198 18 253 100
3199 7 37 100
3200 16 128 100
3201 8 201 100
3202 14 16 100
3203 9 85 100
3204 10 6 100
3205 11 116 100
3206 13 143 100
3207 12 250 100
3208 15 225 100
3209 17 139 100
3210 0 26 101
3211 29 256 102
3212 28 128 102
3213 27 32 101
3214 26 16 102
3215 25 4 101
3216 24 2 102
3217 23 129 101
3218 22 193 101
3219 21 241 101
3220 20 249 101
3221 19 255 101
3222 18 256 101
3223 1 70 101
3224 16 32 101
3225 2 218 101
3226 14 4 101
3227 4 34 101
3228 6 64 101
3229 8 15 101
3230 10 5 101
3231 11 48 101
3232 12 109 101
3233 30 256 103
3234 29 64 103
3235 28 32 103
3236 27 8 102
3237 26 4 103
3238 25 1 102
3239 24 129 103
3240 23 225 102
3241 22 241 102
3242 21 253 102
3243 20 255 102
3244 19 128 102
3245 18 64 102
3246 17 16 101
3247 16 8 102
3248 15 2 101
3249 14 1 102
3250 13 193 101
3251 0 232 102
3252 1 219 102
3253 12 48 102
3254 31 128 104
3255 30 64 104
3256 29 16 104
3257 28 8 104
3258 27 2 103
3259 26 1 104
3260 25 193 103
3261 24 225 104
3262 23 249 103
3263 22 253 103
3264 21 256 103
3265 20 128 103
3266 19 32 103
3267 18 16 103
3268 17 4 102
3269 16 2 103
3270 15 129 102
3271 14 193 103
3272 13 241 102
3273 0 155 103
3274 32 128 105
3275 31 32 105
3276 30 16 105
3277 29 4 105
3278 28 2 105
3279 27 129 104
3280 26 193 105
3281 25 241 104
3282 24 249 105
3283 23 255 104
3284 22 256 104
3285 21 64 104
3286 20 32 104
3287 19 8 104
3288 18 4 104
3289 17 1 103
3290 16 129 104
3291 15 225 103
3292 14 241 104
3293 33 64 106
3294 32 32 106
3295 31 8 106
3296 30 4 106
3297 29 1 106
3298 28 129 106
3299 27 225 105
3300 26 241 106
3301 25 253 105
3302 24 255 106
3303 23 128 105
3304 22 64 105
3305 21 16 105
3306 20 8 105
3307 19 2 105
3308 18 1 105
3309 17 193 104
3310 16 225 105
3311 34 64 108
3312 33 16 107
3313 32 8 107
3314 31 2 107
3315 30 1 107
3316 29 193 107
3317 28 225 107
3318 27 249 106
3319 26 253 107
3320 25 256 106
3321 24 128 107
3322 23 32 106
3323 22 16 106
3324 21 4 106
3325 20 2 106
3326 19 129 106
3327 18 193 106
3328 35 32 108
3329 34 16 109
3330 33 4 108
3331 32 2 108
3332 31 129 108
3333 30 193 108
3334 29 241 108
3335 28 249 108
3336 27 255 107
3337 26 256 108
3338 25 64 107
3339 24 32 108
3340 23 8 107
3341 22 4 107
3342 21 1 107
3343 20 129 107
3344 36 32 110
3345 35 8 109
3346 34 4 110
3347 33 1 109
3348 32 129 109
3349 31 225 109
3350 30 241 109
3351 29 253 109
3352 28 255 109
3353 27 128 108
3354 26 64 109
3355 25 16 108
3356 24 8 109
3357 23 2 108
3358 22 1 108
3359 37 16 110
3360 36 8 111
3361 35 2 110
3362 34 1 111
3363 33 193 110
3364 32 225 110
3365 31 249 110
3366 30 253 110
3367 29 256 110
3368 28 128 110
3369 27 32 109
3370 26 16 110
3371 25 4 109
3372 24 2 110
3373 38 16 112
3374 37 4 111
3375 36 2 112
3376 35 129 111
3377 34 193 112
3378 33 241 111
3379 32 249 111
3380 31 255 111
3381 30 256 111
3382 29 64 111
3383 28 32 111
3384 27 8 110
3385 26 4 111
3386 39 8 113
3387 38 4 113
3388 37 1 112
3389 36 129 113
3390 35 225 112
3391 34 241 113
3392 33 253 112
3393 32 255 112
3394 31 128 112
3395 30 64 112
3396 29 16 112
3397 28 8 112
3398 40 8 114
3399 39 2 114
3400 38 1 114
3401 37 193 113
3402 36 225 114
3403 35 249 113
3404 34 253 114
3405 33 256 113
3406 32 128 113
3407 31 32 113
3408 30 16 113
3409 41 4 115
3410 40 2 115
3411 39 129 115
3412 38 193 115
3413 37 241 114
3414 36 249 115
3415 35 255 114
3416 34 256 115
3417 33 64 114
3418 32 32 114
3419 42 4 116
3420 41 1 116
3421 40 129 116
3422 39 225 116
3423 38 241 116
3424 37 253 115
3425 36 255 116
3426 35 128 115
3427 34 64 116
3428 43 2 117
3429 42 1 117
3430 41 193 117
3431 40 225 117
3432 39 249 117
3433 38 253 117
3434 37 256 116
3435 36 128 117
3436 44 2 119
3437 43 129 118
3438 42 193 118
3439 41 241 118
3440 40 249 118
3441 39 255 118
3442 38 256 118
3443 45 1 119
3444 44 129 120
3445 43 225 119
3446 42 241 119
3447 41 253 119
3448 40 255 119
3449 46 1 121
3450 45 193 120
3451 44 225 121
3452 43 249 120
3453 42 253 120
3454 47 129 121
3455 46 193 122
3456 45 241 121
3457 44 249 122
3458 48 129 123
3459 47 225 122
3460 46 241 123
3461 49 193 124
3462 48 225 124
3463 50 193 125
3464 51 197 126
3465 49 247 125
3466 47 84 123
3467 45 14 122
3468 43 88 121
3469 41 186 120
3470 39 31 119
3471 37 48 117
3472 35 8 116
3473 33 87 115
3474 31 143 114
3475 29 238 113
3476 27 211 111
3477 25 78 110
3478 23 13 109
3479 21 45 108
3480 19 136 107
3481 17 194 105
3482 15 118 104
3483 52 197 127
3484 50 247 126
3485 48 84 125
3486 46 14 124
3487 44 88 123
3488 42 186 121
3489 40 31 120
3490 38 48 119
3491 36 8 118
3492 34 87 117
3493 32 143 115
3494 30 238 114
3495 28 211 113
3496 26 78 112
3497 24 13 111
3498 22 45 109
3499 20 136 108
3500 18 194 107
3501 53 227 128
3502 51 252 127
3503 49 42 126
3504 47 7 124
3505 45 44 123
3506 43 93 122
3507 41 144 121
3508 39 24 120
3509 37 4 118
3510 35 172 117
3511 33 200 116
3512 31 119 115
3513 29 234 114
3514 27 39 112
3515 25 135 111
3516 23 151 110
3517 21 68 109
3518 54 227 130
3519 52 252 128
3520 50 42 127
3521 48 7 126
3522 46 44 125
3523 44 93 124
3524 42 144 122
3525 40 24 121
3526 38 4 120
3527 36 172 119
3528 34 200 118
3529 32 119 116
3530 30 234 115
3531 28 39 114
3532 26 135 113
3533 24 151 112
3534 55 242 130
3535 53 126 129
3536 51 21 128
3537 49 132 127
3538 47 22 125
3539 45 175 124
3540 43 72 123
3541 41 12 122
3542 39 2 121
3543 37 86 119
3544 35 100 118
3545 33 188 117
3546 31 117 116
3547 29 148 115
3548 27 196 113
3549 56 242 132
3550 54 126 131
3551 52 21 129
3552 50 132 128
3553 48 22 127
3554 46 175 126
3555 44 72 125
3556 42 12 123
3557 40 2 122
3558 38 86 121
3559 36 100 120
3560 34 188 119
3561 32 117 117
3562 30 148 116
3563 57 121 132
3564 55 63 131
3565 53 139 130
3566 51 66 129
3567 49 11 128
3568 47 216 126
3569 45 36 125
3570 43 6 124
3571 41 1 123
3572 39 43 122
3573 37 50 120
3574 35 94 119
3575 33 187 118
3576 58 121 134
3577 56 63 133
3578 54 139 132
3579 52 66 130
3580 50 11 129
3581 48 216 128
3582 46 36 127
3583 44 6 126
3584 42 1 124
3585 40 43 123
3586 38 50 122
3587 36 94 121
3588 59 189 135
3589 57 160 133
3590 55 198 132
3591 53 33 131
3592 51 134 130
3593 49 108 129
3594 47 18 127
3595 45 3 126
3596 43 129 125
3597 41 150 124
3598 39 25 123
3599 60 189 136
3600 58 160 135
3601 56 198 134
3602 54 33 133
3603 52 134 131
3604 50 108 130
3605 48 18 129
3606 46 3 128
3607 44 129 127
3608 42 150 125
3609 61 223 137
3610 59 80 136
3611 57 99 134
3612 55 145 133
3613 53 67 132
3614 51 54 131
3615 49 9 130
3616 47 130 128
3617 45 193 127
3618 62 223 138
3619 60 80 137
3620 58 99 136
3621 56 145 135
3622 54 67 134
3623 52 54 132
3624 50 9 131
3625 48 130 130
3626 63 240 139
3627 61 40 138
3628 59 178 137
3629 57 201 135
3630 55 162 134
3631 53 27 133
3632 51 133 132
3633 64 240 141
3634 62 40 139
3635 60 178 138
3636 58 201 137
3637 56 162 136
3638 54 27 135
3639 65 120 141
3640 63 20 140
3641 61 89 139
3642 59 229 138
3643 57 81 136
3644 66 120 143
3645 64 20 142
3646 62 89 140
3647 60 229 139
3648 67 60 143
3649 65 10 142
3650 63 173 141
3651 68 60 145
3652 66 10 144
3653 69 30 146
3654 3 223 101
3655 2 17 102
3656 1 120 103
3657 0 197 104
3658 0 197 105
3659 0 197 106
3660 0 197 107
3661 0 197 108
3662 0 197 109
3663 0 197 110
3664 0 197 111
3665 0 197 112
3666 0 197 113
3667 0 197 114
3668 0 197 115
3669 0 197 116
3670 0 197 117
3671 0 197 118
3672 5 211 101
3673 3 84 102
3674 4 82 102
3675 2 20 103
3676 1 247 104
3677 1 247 105
3678 1 247 106
3679 1 247 107
3680 1 247 108
3681 1 247 109
3682 1 247 110
3683 1 247 111
3684 1 247 112
3685 1 247 113
3686 1 247 114
3687 1 247 115
3688 1 247 116
3689 7 225 101
3690 5 159 102
3691 6 247 102
3692 3 211 103
3693 4 254 103
3694 2 84 104
3695 2 84 105
3696 2 84 106
3697 2 84 107
3698 2 84 108
3699 2 84 109
3700 2 84 110
3701 2 84 111
3702 2 84 112
3703 2 84 113
3704 2 84 114
3705 9 123 101
3706 7 200 102
3707 8 183 102
3708 5 225 103
3709 6 132 103
3710 3 25 104
3711 4 54 104
3712 3 14 105
3713 3 14 106
3714 3 14 107
3715 3 14 108
3716 3 14 109
3717 3 14 110
3718 3 14 111
3719 3 14 112
3720 9 54 102
3721 10 216 102
3722 11 175 102
3723 7 123 103
3724 8 103 103
3725 5 185 104
3726 6 194 104
3727 4 163 105
3728 5 242 105
3729 4 88 106
3730 4 88 107
3731 4 88 108
3732 4 88 109
3733 4 88 110
3734 9 124 103
3735 10 239 103
3736 11 221 103
3737 12 113 103
3738 13 226 103
3739 7 84 104
3740 8 202 104
3741 6 24 105
3742 7 146 105
3743 5 163 106
3744 6 70 106
3745 5 186 107
3746 5 186 108
3747 9 161 104
3748 10 130 104
3749 11 3 104
3750 12 12 104
3751 13 24 104
3752 8 41 105
3753 9 222 105
3754 14 165 105
3755 7 229 106
3756 8 251 106
3757 16 227 106
3758 6 36 107
3759 10 209 105
3760 11 252 105
3761 12 179 105
3762 13 250 105
3763 15 217 105
3764 9 152 106
3765 10 9 106
3766 11 234 106
3767 14 77 106
3768 17 73 106
3769 7 156 107
3770 12 40 106
3771 13 47 106
3772 15 53 106
3773 8 193 107
3774 9 149 107
3775 10 176 107
3776 11 3 107
3777 12 166 107
3778 13 256 107
3779 14 17 107
3780 15 165 107
3781 16 108 107
3782 17 216 107
3783 6 189 108
3784 7 113 108
3785 8 173 108
3786 9 135 108
3787 10 251 108
3788 11 78 108
3789 12 85 108
3790 13 78 108
3791 14 185 108
3792 15 73 108
3793 16 167 108
3794 17 202 108
3795 18 211 108
3796 19 213 108
3797 5 80 109
3798 6 198 109
3799 7 17 109
3800 8 4 109
3801 9 219 109
3802 10 88 109
3803 11 136 109
3804 12 218 109
3805 13 40 109
3806 14 114 109
3807 15 111 109
3808 16 204 109
3809 17 151 109
3810 18 84 109
3811 19 79 109
3812 20 2 109
3813 5 123 110
3814 7 159 110
3815 6 110 110
3816 8 7 110
3817 9 36 110
3818 10 94 110
3819 11 254 110
3820 12 44 110
3821 13 85 110
3822 14 44 110
3823 15 85 110
3824 16 189 110
3825 17 218 110
3826 18 58 110
3827 19 52 110
3828 20 68 110
3829 21 92 110
3830 22 209 110
3831 4 244 111
3832 5 222 111
3833 6 71 111
3834 7 39 111
3835 8 169 111
3836 9 225 111
3837 10 119 111
3838 11 147 111
3839 12 34 111
3840 13 88 111
3841 14 201 111
3842 15 61 111
3843 16 17 111
3844 17 179 111
3845 18 63 111
3846 19 106 111
3847 20 13 111
3848 21 127 111
3849 22 78 111
3850 23 235 111
3851 4 161 112
3852 5 49 112
3853 6 146 112
3854 7 4 112
3855 8 131 112
3856 9 7 112
3857 10 212 112
3858 11 87 112
3859 12 103 112
3860 13 24 112
3861 14 117 112
3862 15 206 112
3863 16 144 112
3864 17 181 112
3865 18 174 112
3866 19 13 112
3867 20 157 112
3868 21 129 112
3869 22 224 112
3870 23 145 112
3871 25 12 112
3872 3 106 113
3873 4 197 113
3874 5 184 113
3875 6 114 113
3876 7 161 113
3877 8 49 113
3878 9 6 113
3879 10 12 113
3880 11 203 113
3881 12 113 113
3882 13 82 113
3883 14 150 113
3884 15 250 113
3885 16 159 113
3886 17 223 113
3887 18 155 113
3888 19 216 113
3889 20 50 113
3890 21 1 113
3891 22 56 113
3892 23 2 113
3893 24 61 113
3894 25 133 113
3895 3 243 114
3896 4 193 114
3897 5 154 114
3898 6 249 114
3899 7 153 114
3900 8 207 114
3901 9 128 114
3902 10 175 114
3903 11 148 114
3904 12 40 114
3905 13 210 114
3906 14 165 114
3907 15 225 114
3908 16 92 114
3909 17 236 114
3910 18 133 114
3911 19 134 114
3912 20 145 114
3913 21 203 114
3914 22 116 114
3915 23 166 114
3916 24 206 114
3917 25 39 114
3918 26 137 114
3919 27 39 114
3920 2 39 115
3921 3 203 115
3922 4 120 115
3923 5 236 115
3924 6 62 115
3925 7 211 115
3926 8 173 115
3927 9 44 115
3928 10 212 115
3929 11 149 115
3930 12 4 115
3931 13 54 115
3932 14 212 115
3933 15 178 115
3934 16 40 115
3935 17 146 115
3936 18 86 115
3937 19 201 115
3938 20 30 115
3939 21 16 115
3940 22 45 115
3941 23 110 115
3942 24 47 115
3943 25 66 115
3944 26 168 115
3945 27 188 115
3946 28 21 115
3947 2 167 116
3948 3 172 116
3949 4 196 116
3950 5 177 116
3951 6 90 116
3952 7 126 116
3953 8 242 116
3954 9 70 116
3955 10 175 116
3956 11 39 116
3957 12 163 116
3958 13 251 116
3959 14 92 116
3960 15 183 116
3961 16 4 116
3962 17 110 116
3963 18 111 116
3964 19 12 116
3965 20 66 116
3966 21 159 116
3967 22 54 116
3968 23 215 116
3969 24 80 116
3970 25 66 116
3971 26 106 116
3972 27 223 116
3973 28 123 116
3974 29 128 116
3975 1 246 117
3976 2 175 117
3977 3 94 117
3978 4 234 117
3979 5 71 117
3980 6 229 117
3981 7 243 117
3982 8 119 117
3983 9 96 117
3984 10 81 117
3985 11 231 117
3986 12 18 117
3987 13 133 117
3988 14 246 117
3989 15 202 117
3990 16 228 117
3991 17 104 117
3992 18 169 117
3993 19 213 117
3994 20 131 117
3995 21 248 117
3996 22 168 117
3997 23 73 117
3998 24 130 117
3999 25 255 117
4000 26 2 117
4001 27 112 117
4002 28 7 117
4003 29 86 117
4004 30 68 117
4005 31 108 117
4006 1 56 118
4007 2 110 118
4008 3 165 118
4009 4 41 118
4010 5 126 118
4011 6 57 118
4012 7 34 118
4013 18 7 118
4014 20 76 118
4015 21 237 118
4016 24 239 118
4017 25 219 118
4018 23 60 118
4019 22 36 118
4020 26 55 118
4021 30 214 118
4022 29 137 118
4023 28 185 118
4024 27 37 118
4025 31 45 118
4026 32 89 118
4027 24 57 119
4028 25 203 119
4029 26 13 119
4030 30 197 119
4031 29 233 119
4032 28 37 119
4033 27 213 119
4034 31 205 119
4035 33 88 119
4036 32 207 119
4037 26 218 120
4038 30 245 120
4039 29 98 120
4040 28 213 120
4041 34 88 120
4042 33 69 120
4043 32 247 120
4044 31 253 120
4045 35 22 120
4046 30 53 121
4047 34 69 121
4048 33 168 121
4049 32 255 121
4050 37 2 121
4051 35 140 121
4052 34 168 122
4053 36 201 122
4054 37 237 122
4055 38 31 123
4056 39 137 124
4057 36 152 123
4058 35 189 122
4059 33 240 122
4060 31 60 121
4061 29 15 121
4062 27 34 120
4063 24 228 120
4064 23 227 119
4065 21 121 119
4066 19 223 118
4067 8 78 118
4068 9 123 118
4069 10 103 118
4070 11 54 118
4071 12 33 118
4072 13 184 118
4073 14 184 118
4074 15 165 118
4075 16 220 118
4076 17 113 118
4077 0 22 119
4078 1 142 119
4079 2 198 119
4080 3 207 119
4081 4 256 119
4082 40 197 124
4083 38 242 124
4084 37 191 123
4085 34 240 123
4086 32 30 122
4087 30 136 122
4088 28 34 121
4089 26 137 121
4090 25 78 120
4091 22 189 119
4092 20 240 119
4093 18 60 119
4094 5 167 119
4095 6 91 119
4096 7 240 119
4097 8 183 119
4098 9 134 119
4099 10 62 119
4100 12 6 119
4101 11 20 119
4102 13 144 119
4103 14 56 119
4104 15 233 119
4105 16 93 119
4106 17 198 119
4107 41 237 125
4108 39 252 125
4109 36 61 124
4110 35 40 123
4111 33 10 123
4112 31 131 122
4113 29 97 122
4114 27 237 121
4115 24 176 121
4116 23 63 120
4117 21 80 120
4118 19 20 119
4119 0 145 120
4120 1 239 120
4121 2 237 120
4122 3 181 120
4123 4 168 120
4124 5 50 120
4125 6 55 120
4126 7 192 120
4127 8 104 120
4128 9 194 120
4129 10 154 120
4130 11 97 120
4131 42 247 126
4132 40 126 125
4133 38 160 125
4134 37 92 124
4135 34 10 124
4136 32 194 123
4137 30 177 123
4138 28 237 122
4139 26 252 122
4140 25 183 121
4141 22 40 120
4142 20 10 120
4143 18 131 120
4144 12 76 120
4145 13 211 120
4146 14 66 120
4147 15 22 120
4148 16 60 120
4149 17 131 120
4150 19 130 120
4151 0 19 121
4152 1 184 121
4153 2 61 121
4154 43 168 126
4155 41 42 126
4156 39 139 126
4157 36 12 125
4158 35 173 124
4159 33 236 124
4160 31 59 123
4161 29 79 123
4162 27 42 122
4163 24 226 122
4164 23 99 121
4165 21 89 121
4166 3 92 121
4167 4 135 121
4168 5 256 121
4169 6 209 121
4170 7 173 121
4171 8 76 121
4172 9 25 121
4173 10 35 121
4174 11 152 121
4175 12 120 121
4176 44 168 128
4177 42 21 127
4178 40 198 126
4179 38 178 126
4180 37 64 125
4181 34 236 125
4182 32 158 124
4183 30 168 124
4184 28 42 123
4185 26 139 123
4186 25 157 122
4187 22 173 121
4188 20 236 121
4189 18 59 121
4190 13 2 121
4191 14 142 121
4192 15 148 121
4193 16 94 121
4194 17 232 121
4195 19 74 121
4196 0 183 122
4197 45 28 128
4198 43 7 127
4199 41 66 127
4200 39 145 127
4201 36 78 126
4202 35 125 125
4203 33 224 125
4204 31 56 124
4205 29 14 124
4206 27 66 123
4207 24 105 123
4208 23 229 122
4209 21 250 122
4210 1 99 122
4211 2 162 122
4212 3 250 122
4213 4 63 122
4214 5 116 122
4215 6 231 122
4216 7 100 122
4217 46 28 129
4218 44 7 129
4219 42 33 128
4220 40 201 127
4221 38 243 127
4222 37 189 126
4223 34 224 126
4224 32 28 125
4225 30 7 125
4226 28 66 124
4227 26 145 124
4228 25 73 123
4229 22 125 122
4230 20 224 122
4231 18 56 122
4232 8 81 122
4233 9 221 122
4234 10 4 122
4235 11 123 122
4236 47 176 129
4237 45 44 129
4238 43 11 128
4239 41 67 128
4240 39 81 128
4241 36 209 127
4242 35 123 126
4243 33 95 126
4244 31 88 125
4245 29 22 125
4246 27 67 124
4247 24 105 124
4248 23 213 123
4249 21 246 123
4250 19 190 122
4251 12 101 122
4252 14 179 122
4253 15 45 122
4254 48 176 131
4255 46 44 130
4256 44 11 130
4257 42 162 129
4258 40 169 128
4259 38 235 128
4260 37 137 127
4261 34 95 127
4262 32 44 126
4263 30 11 126
4264 28 67 125
4265 26 81 125
4266 25 83 124
4267 22 123 123
4268 20 95 123
4269 18 88 123
4270 16 22 122
4271 49 230 131
4272 47 93 130
4273 45 216 130
4274 43 54 129
4275 41 142 129
4276 39 164 129
4277 36 172 128
4278 35 230 127
4279 33 186 127
4280 31 175 126
4281 29 108 126
4282 27 142 125
4283 24 121 125
4284 23 41 124
4285 21 203 124
4286 19 115 123
4287 50 115 132
4288 48 93 132
4289 46 216 131
4290 44 54 131
4291 42 71 130
4292 40 82 129
4293 38 149 129
4294 37 74 128
4295 34 186 128
4296 32 216 127
4297 30 54 127
4298 28 142 126
4299 26 164 126
4300 25 175 125
4301 22 230 124
4302 51 124 133
4303 49 31 132
4304 47 36 131
4305 45 9 131
4306 43 195 130
4307 41 113 130
4308 39 221 130
4309 36 205 129
4310 35 31 128
4311 33 72 128
4312 31 18 127
4313 29 133 127
4314 27 113 126
4315 24 239 126
4316 52 62 133
4317 50 144 133
4318 48 36 133
4319 46 9 132
4320 44 195 132
4321 42 185 131
4322 40 239 130
4323 38 124 130
4324 37 167 129
4325 34 72 129
4326 32 9 128
4327 30 195 128
4328 28 113 127
4329 53 192 134
4330 51 48 134
4331 49 12 133
4332 47 130 132
4333 45 161 132
4334 43 233 131
4335 41 251 131
4336 39 127 131
4337 36 205 130
4338 35 12 129
4339 33 3 129
4340 31 65 128
4341 55 233 135
4342 52 24 134
4343 50 6 134
4344 48 130 134
4345 46 161 133
4346 44 233 133
4347 42 254 132
4348 40 192 131
4349 38 48 131
4350 37 211 130
4351 34 3 130
4352 54 256 136
4353 53 8 135
4354 51 2 135
4355 49 129 134
4356 47 241 133
4357 45 253 133
4358 43 256 132
4359 41 64 132
4360 39 16 132
4361 36 224 131
4362 56 32 137
4363 55 185 136
4364 52 1 135
4365 50 193 135
4366 48 241 135
4367 46 253 134
4368 44 256 134
4369 42 32 133
4370 40 8 132
4371 57 91 137
4372 54 181 137
4373 53 86 136
4374 51 150 136
4375 49 166 135
4376 47 85 134
4377 45 214 134
4378 43 182 133
4379 58 91 138
4380 56 87 138
4381 55 69 137
4382 52 75 136
4383 50 83 136
4384 48 85 136
4385 46 214 135
4386 59 116 139
4387 57 143 138
4388 54 2 138
4389 53 25 137
4390 51 199 137
4391 49 114 136
4392 60 58 140
4393 58 143 139
4394 56 100 139
4395 55 38 138
4396 52 228 137
4397 61 105 140
4398 59 219 140
4399 57 188 139
4400 54 57 139
4401 62 181 141
4402 60 238 141
4403 58 188 140
4404 63 146 142
4405 61 165 141
4406 64 146 143
4407 65 104 143
4408 62 52 142
4409 59 103 141
4410 56 180 140
4411 53 30 138
4412 50 15 137
4413 47 131 135
4414 44 131 135
4415 41 236 133
4416 38 118 132
4417 35 191 130
4418 32 224 129
4419 29 246 128
4420 26 123 127
4421 23 149 125
4422 20 203 124
4423 17 248 122
4424 0 215 123
4425 13 124 122
4426 67 251 144
4427 63 103 143
4428 60 180 142
4429 57 30 140
4430 55 162 139
4431 51 5 138
4432 48 131 137
4433 45 236 135
4434 42 118 134
4435 39 125 133
4436 37 110 131
4437 33 246 130
4438 30 123 129
4439 27 149 127
4440 25 239 126
4441 21 239 125
4442 18 248 124
4443 66 72 145
4444 64 103 144
4445 61 60 142
4446 58 30 141
4447 54 218 140
4448 52 131 138
4449 49 215 137
4450 46 236 136
4451 43 125 134
4452 40 191 133
4453 36 199 132
4454 34 246 131
4455 31 41 129
4456 28 149 128
4457 24 108 127
4458 68 103 146
4459 65 60 144
4460 62 30 143
4461 59 10 142
4462 56 5 141
4463 53 215 139
4464 50 236 138
4465 47 125 136
4466 44 125 136
4467 41 235 134
4468 38 246 133
4469 35 41 131
4470 32 149 130
4471 69 120 147
4472 67 97 145
4473 63 10 144
4474 60 5 143
4475 57 215 141
4476 55 35 140
4477 51 250 139
4478 48 125 138
4479 45 235 136
4480 42 246 135
4481 39 82 134
4482 70 60 147
4483 66 68 146
4484 64 10 145
4485 61 173 143
4486 58 215 142
4487 54 43 141
4488 52 125 139
4489 49 213 138
4490 46 235 137
4491 71 20 148
4492 68 10 147
4493 65 173 145
4494 62 215 144
4495 59 243 143
4496 56 250 142
4497 53 213 140
4498 72 10 149
4499 69 89 148
4500 67 28 146
4501 63 243 145
4502 60 250 144
4503 73 89 150
4504 70 173 148
4505 66 215 147
4506 74 89 152
4507 1 134 123
4508 2 206 123
4509 3 25 123
4510 4 122 123
4511 5 192 123
4512 0 125 124
4513 0 125 125
4514 0 125 126
4515 0 125 127
4516 0 125 128
4517 0 125 129
4518 0 125 130
4519 0 125 131
4520 6 184 123
4521 7 83 123
4522 8 202 123
4523 9 32 123
4524 10 82 123
4525 11 5 123
4526 12 2 123
4527 1 123 124
4528 1 123 125
4529 1 123 126
4530 1 123 127
4531 1 123 128
4532 13 34 123
4533 14 233 123
4534 15 222 123
4535 16 77 123
4536 17 134 123
4537 2 45 124
4538 3 88 124
4539 4 211 124
4540 5 17 124
4541 19 192 124
4542 2 230 125
4543 6 112 124
4544 7 81 124
4545 8 203 124
4546 9 33 124
4547 10 120 124
4548 11 122 124
4549 12 248 124
4550 13 33 124
4551 14 184 124
4552 15 247 124
4553 16 105 124
4554 17 232 124
4555 3 149 125
4556 4 36 125
4557 5 216 125
4558 6 115 125
4559 7 19 125
4560 8 136 125
4561 9 175 125
4562 10 33 125
4563 11 4 125
4564 12 26 125
4565 13 206 125
4566 14 133 125
4567 15 231 125
4568 16 182 125
4569 17 240 125
4570 18 135 125
4571 19 177 125
4572 20 255 125
4573 22 243 125
4574 2 137 126
4575 3 48 126
4576 4 179 126
4577 5 183 126
4578 6 17 126
4579 7 220 126
4580 8 217 126
4581 9 120 126
4582 10 67 126
4583 11 40 126
4584 12 46 126
4585 13 146 126
4586 14 43 126
4587 15 31 126
4588 16 101 126
4589 17 22 126
4590 18 215 126
4591 19 18 126
4592 20 218 126
4593 21 92 126
4594 22 69 126
4595 23 143 126
4596 2 128 127
4597 3 68 127
4598 4 52 127
4599 5 62 127
4600 6 20 127
4601 7 215 127
4602 8 94 127
4603 9 9 127
4604 10 109 127
4605 11 120 127
4606 12 136 127
4607 13 26 127
4608 14 28 127
4609 15 154 127
4610 16 180 127
4611 17 56 127
4612 18 168 127
4613 19 30 127
4614 20 161 127
4615 21 73 127
4616 22 86 127
4617 23 235 127
4618 25 118 127
4619 2 152 128
4620 3 220 128
4621 4 120 128
4622 5 130 128
4623 6 148 128
4624 7 79 128
4625 8 139 128
4626 9 147 128
4627 10 206 128
4628 11 172 128
4629 12 64 128
4630 13 186 128
4631 14 6 128
4632 15 165 128
4633 16 146 128
4634 17 137 128
4635 18 28 128
4636 19 31 128
4637 20 13 128
4638 21 256 128
4639 22 246 128
4640 23 251 128
4641 24 251 128
4642 25 121 128
4643 26 171 128
4644 27 79 128
4645 1 11 129
4646 2 37 129
4647 3 97 129
4648 4 175 129
4649 5 198 129
4650 6 140 129
4651 7 50 129
4652 8 32 129
4653 9 12 129
4654 10 136 129
4655 11 66 129
4656 12 208 129
4657 13 54 129
4658 14 131 129
4659 15 122 129
4660 16 16 129
4661 17 73 129
4662 18 84 129
4663 19 169 129
4664 20 248 129
4665 21 168 129
4666 22 98 129
4667 23 252 129
4668 24 69 129
4669 25 217 129
4670 26 156 129
4671 27 182 129
4672 28 27 129
4673 29 151 129
4674 1 60 130
4675 2 109 130
4676 3 31 130
4677 4 157 130
4678 5 243 130
4679 6 203 130
4680 7 69 130
4681 8 208 130
4682 9 62 130
4683 10 232 130
4684 11 79 130
4685 12 7 130
4686 13 1 130
4687 14 89 130
4688 15 251 130
4689 16 83 130
4690 17 236 130
4691 18 196 130
4692 19 176 130
4693 20 144 130
4694 21 218 130
4695 22 216 130
4696 23 180 130
4697 24 99 130
4698 25 7 130
4699 26 208 130
4700 27 91 130
4701 28 155 130
4702 29 184 130
4703 30 182 130
4704 31 148 130
4705 1 123 131
4706 2 167 131
4707 3 172 131
4708 4 10 131
4709 5 122 131
4710 6 36 131
4711 7 203 131
4712 8 237 131
4713 9 15 131
4714 10 248 131
4715 11 208 131
4716 12 124 131
4717 13 82 131
4718 14 63 131
4719 15 76 131
4720 16 2 131
4721 17 218 131
4722 18 255 131
4723 19 35 131
4724 20 168 131
4725 21 108 131
4726 22 255 131
4727 23 89 131
4728 24 247 131
4729 25 70 131
4730 26 49 131
4731 27 228 131
4732 28 170 131
4733 29 97 131
4734 30 141 131
4735 31 135 131
4736 32 22 131
4737 33 255 131
4738 0 6 132
4739 1 164 132
4740 2 107 132
4741 3 21 132
4742 4 17 132
4743 5 180 132
4744 6 25 132
4745 7 41 132
4746 8 239 132
4747 9 190 132
4748 10 119 132
4749 11 74 132
4750 12 136 132
4751 13 205 132
4752 14 245 132
4753 16 99 132
4754 15 238 132
4755 17 23 132
4756 18 47 132
4757 19 219 132
4758 20 117 132
4759 21 153 132
4760 22 49 132
4761 23 20 132
4762 24 234 132
4763 25 63 132
4764 26 89 132
4765 27 28 132
4766 29 5 132
4767 28 42 132
4768 30 164 132
4769 31 203 132
4770 32 15 132
4771 33 254 132
4772 34 238 132
4773 35 103 132
4774 37 15 132
4775 0 253 133
4776 1 62 133
4777 2 73 133
4778 3 232 133
4779 4 72 133
4780 5 3 133
4781 6 25 133
4782 7 255 133
4783 8 140 133
4784 9 164 133
4785 10 27 133
4786 11 53 133
4787 12 135 133
4788 13 252 133
4789 14 234 133
4790 15 185 133
4791 16 124 133
4792 17 140 133
4793 18 133 133
4794 19 214 133
4795 20 76 133
4796 21 168 133
4797 22 140 133
4798 23 137 133
4799 24 40 133
4800 25 188 133
4801 26 15 133
4802 27 249 133
4803 28 207 133
4804 29 228 133
4805 30 173 133
4806 31 125 133
4807 32 181 133
4808 33 95 133
4809 34 89 133
4810 35 142 133
4811 36 78 133
4812 37 80 133
4813 0 226 134
4814 1 1 134
4815 2 61 134
4816 3 91 134
4817 4 50 134
4818 5 73 134
4819 6 66 134
4820 7 91 134
4821 8 189 134
4822 9 121 134
4823 10 29 134
4824 11 114 134
4825 12 92 134
4826 13 254 134
4827 14 225 134
4828 15 187 134
4829 16 115 134
4830 17 41 134
4831 18 166 134
4832 19 97 134
4833 20 227 134
4834 21 13 134
4835 22 100 134
4836 23 4 134
4837 24 205 134
4838 25 141 134
4839 26 247 134
4840 27 255 134
4841 28 132 134
4842 29 223 134
4843 30 12 134
4844 31 50 134
4845 32 178 134
4846 33 134 134
4847 34 24 134
4848 35 236 134
4849 36 91 134
4850 37 125 134
4851 38 46 134
4852 40 225 134
4853 0 251 135
4854 1 211 135
4855 2 197 135
4856 3 220 135
4857 4 95 135
4858 5 36 135
4859 6 24 135
4860 8 11 135
4861 7 157 135
4862 9 111 135
4863 10 240 135
4864 11 164 135
4865 12 209 135
4866 13 193 135
4867 14 72 135
4868 15 47 135
4869 16 79 135
4870 17 87 135
4871 18 208 135
4872 19 175 135
4873 20 219 135
4874 21 222 135
4875 22 155 135
4876 23 7 135
4877 24 209 135
4878 25 134 135
4879 26 35 135
4880 27 4 135
4881 28 179 135
4882 29 35 135
4883 30 121 135
4884 31 95 135
4885 32 180 135
4886 33 188 135
4887 34 230 135
4888 35 244 135
4889 36 234 135
4890 37 243 135
4891 38 220 135
4892 39 84 135
4893 40 44 135
4894 41 71 135
4895 43 126 135
4896 0 67 136
4897 1 119 136
4898 2 34 136
4899 3 209 136
4900 4 99 136
4901 5 163 136
4902 6 71 136
4903 7 179 136
4904 8 86 136
4905 9 43 136
4906 10 104 136
4907 11 168 136
4908 12 39 136
4909 13 195 136
4910 14 213 136
4911 15 162 136
4912 16 119 136
4913 17 46 136
4914 18 179 136
4915 19 112 136
4916 20 145 136
4917 21 241 136
4918 22 45 136
4919 23 83 136
4920 24 238 136
4921 25 192 136
4922 26 78 136
4923 27 192 136
4924 28 94 136
4925 29 7 136
4926 30 174 136
4927 31 179 136
4928 32 167 136
4929 33 95 136
4930 39 25 136
4931 38 138 136
4932 34 168 136
4933 35 17 136
4934 36 74 136
4935 37 113 136
4936 40 242 136
4937 42 207 136
4938 41 186 136
4939 43 202 136
4940 0 196 137
4941 1 155 137
4942 2 120 137
4943 3 103 137
4944 44 53 137
4945 4 153 137
4946 39 110 137
4947 38 42 137
4948 5 96 137
4949 34 244 137
4950 45 240 137
4951 42 214 137
4952 41 146 137
4953 40 158 137
4954 36 49 137
4955 47 62 137
4956 44 72 138
4957 43 78 137
4958 39 7 138
4959 46 105 138
4960 45 6 138
4961 42 74 138
4962 48 10 139
4963 47 95 138
4964 49 194 139
4965 50 121 139
4966 46 44 139
4967 44 126 139
4968 41 21 138
4969 38 14 138
4970 35 88 137
4971 32 230 137
4972 6 153 137
4973 7 89 137
4974 8 122 137
4975 9 77 137
4976 10 246 137
4977 11 92 137
4978 12 73 137
4979 13 238 137
4980 14 49 137
4981 15 76 137
4982 16 155 137
4983 17 162 137
4984 18 196 137
4985 19 93 137
4986 20 166 137
4987 21 192 137
4988 22 146 137
4989 23 5 137
4990 24 87 137
4991 25 187 137
4992 51 223 140
4993 48 63 140
4994 45 139 139
4995 43 225 138
4996 40 106 138
4997 37 233 137
4998 33 186 137
4999 30 124 137
5000 26 23 137
5001 27 220 137
5002 28 3 137
5003 29 63 137
5004 31 9 137
5005 0 27 138
5006 1 181 138
5007 2 31 138
5008 3 190 138
5009 4 49 138
5010 5 30 138
5011 6 114 138
5012 7 117 138
5013 8 123 138
5014 9 235 138
5015 10 101 138
5016 11 188 138
5017 12 29 138
5018 52 80 140
5019 49 40 140
5020 47 175 139
5021 42 208 139
5022 39 249 139
5023 36 42 138
5024 34 93 138
5025 13 91 138
5026 14 130 138
5027 15 124 138
5028 16 240 138
5029 17 182 138
5030 18 68 138
5031 19 172 138
5032 20 155 138
5033 21 95 138
5034 22 82 138
5035 23 26 138
5036 24 60 138
5037 25 227 138
5038 26 109 138
5039 27 118 138
5040 28 137 138
5041 29 67 138
5042 30 67 138
5043 53 20 141
5044 50 99 140
5045 46 137 140
5046 44 33 140
5047 41 134 139
5048 38 175 139
5049 35 72 138
5050 32 48 138
5051 31 170 138
5052 33 172 138
5053 37 64 138
5054 0 187 139
5055 1 26 139
5056 2 12 139
5057 3 103 139
5058 4 123 139
5059 5 227 139
5060 6 231 139
5061 7 130 139
5062 8 154 139
5063 9 174 139
5064 10 96 139
5065 11 217 139
5066 12 29 139
5067 55 172 141
5068 51 89 141
5069 48 145 141
5070 45 67 140
5071 43 140 139
5072 40 143 139
5073 13 207 139
5074 14 238 139
5075 15 85 139
5076 16 164 139
5077 17 110 139
5078 18 222 139
5079 19 124 139
5080 20 13 139
5081 21 66 139
5082 22 33 139
5083 23 124 139
5084 24 198 139
5085 25 243 139
5086 26 193 139
5087 27 167 139
5088 28 218 139
5089 29 64 139
5090 54 232 142
5091 52 229 141
5092 49 243 141
5093 47 16 140
5094 42 208 140
5095 39 247 140
5096 36 78 139
5097 34 6 139
5098 30 117 139
5099 31 153 139
5100 32 77 139
5101 33 236 139
5102 35 135 139
5103 37 19 139
5104 0 25 140
5105 1 203 140
5106 2 251 140
5107 3 214 140
5108 4 17 140
5109 5 129 140
5110 6 213 140
5111 7 211 140
5112 57 93 142
5113 53 250 142
5114 50 81 141
5115 46 40 141
5116 44 27 141
5117 41 133 140
5118 38 3 140
5119 8 131 140
5120 9 156 140
5121 10 147 140
5122 11 58 140
5123 12 122 140
5124 13 101 140
5125 14 210 140
5126 15 64 140
5127 16 204 140
5128 17 88 140
5129 18 142 140
5130 19 216 140
5131 20 218 140
5132 21 186 140
5133 56 15 143
5134 55 131 142
5135 51 213 142
5136 48 142 142
5137 45 195 141
5138 43 19 140
5139 40 248 140
5140 22 245 140
5141 23 98 140
5142 24 176 140
5143 25 200 140
5144 26 194 140
5145 27 212 140
5146 28 125 140
5147 29 191 140
5148 30 150 140
5149 31 38 140
5150 32 99 140
5151 33 138 140
5152 34 54 140
5153 58 191 143
5154 54 72 143
5155 52 164 142
5156 49 82 142
5157 47 234 141
5158 42 112 141
5159 39 83 141
5160 36 15 140
5161 35 138 140
5162 37 178 140
5163 0 176 141
5164 1 50 141
5165 2 11 141
5166 3 119 141
5167 4 214 141
5168 5 108 141
5169 6 43 141
5170 7 160 141
5171 8 154 141
5172 59 112 144
5173 57 159 143
5174 53 41 143
5175 50 113 142
5176 46 10 142
5177 44 209 142
5178 41 249 141
5179 38 166 141
5180 9 89 141
5181 10 130 141
5182 11 6 141
5183 12 187 141
5184 13 198 141
5185 14 151 141
5186 15 217 141
5187 16 191 141
5188 17 232 141
5189 18 223 141
5190 61 230 144
5191 56 138 144
5192 55 44 143
5193 51 221 143
5194 48 233 143
5195 45 253 142
5196 43 188 141
5197 40 240 141
5198 19 119 141
5199 20 220 141
5200 21 226 141
5201 22 136 141
5202 23 125 141
5203 24 98 141
5204 25 246 141
5205 26 62 141
5206 27 112 141
5207 60 145 145
5208 58 203 144
5209 54 96 144
5210 52 251 143
5211 49 254 143
5212 47 9 142
5213 42 161 142
5214 39 112 142
5215 36 217 141
5216 34 38 141
5217 29 205 141
5218 28 227 141
5219 30 212 141
5220 31 92 141
5221 32 223 141
5222 33 39 141
5223 62 230 145
5224 59 115 145
5225 57 45 144
5226 53 127 144
5227 50 256 143
5228 46 19 143
5229 44 171 143
5230 41 157 142
5231 38 19 142
5232 35 46 141
5233 37 222 141
5234 0 57 142
5235 1 13 142
5236 2 111 142
5237 3 235 142
5238 63 186 146
5239 61 101 145
5240 56 244 145
5241 55 99 144
5242 51 64 144
5243 48 214 144
5244 45 207 143
5245 43 125 142
5246 40 146 142
5247 4 176 142
5248 5 80 142
5249 6 88 142
5250 7 55 142
5251 8 74 142
5252 64 93 146
5253 60 154 146
5254 58 96 145
5255 54 156 145
5256 52 182 144
5257 49 91 144
5258 47 28 143
5259 42 56 143
5260 39 219 143
5261 36 28 142
5262 34 218 142
5263 9 25 142
5264 10 31 142
5265 65 72 146
5266 62 48 146
5267 59 24 146
5268 57 118 145
5269 53 174 145
5270 50 116 144
5271 46 158 144
5272 44 210 144
5273 41 35 143
5274 38 109 143
5275 35 61 142
5276 32 212 142
5277 67 107 147
5278 63 12 147
5279 61 126 146
5280 56 206 146
5281 55 226 145
5282 51 29 145
5283 48 105 145
5284 45 146 144
5285 43 221 143
5286 40 74 143
5287 36 61 143
5288 66 22 148
5289 64 6 147
5290 60 106 147
5291 58 172 146
5292 54 78 146
5293 52 219 145
5294 49 238 145
5295 47 129 144
5296 42 44 144
5297 39 104 144
5298 68 3 148
5299 65 129 147
5300 62 86 147
5301 59 43 147
5302 57 95 146
5303 53 119 146
5304 50 165 145
5305 46 97 145
5306 44 55 145
5307 69 65 149
5308 67 160 148
5309 63 150 148
5310 61 26 147
5311 56 10 147
5312 55 140 146
5313 51 234 146
5314 48 156 146
5315 70 225 149
5316 66 30 149
5317 64 75 148
5318 60 31 148
5319 58 94 147
5320 54 188 147
5321 52 39 146
5322 71 249 149
5323 68 166 149
5324 65 199 148
5325 62 47 148
5326 59 152 148
5327 56 187 148
5328 72 83 150
5329 69 170 150
5330 67 67 149
5331 63 76 149
5332 61 109 148
5333 73 85 151
5334 70 114 150
5335 66 97 150
5336 64 38 149
5337 75 172 152
5338 71 157 150
5339 68 19 150
5340 74 157 153
5341 72 138 151
5342 76 157 154
5343 11 232 142
5344 12 25 142
5345 13 194 142
5346 14 226 142
5347 15 137 142
5348 16 196 142
5349 17 217 142
5350 18 159 142
5351 19 97 142
5352 20 137 142
5353 21 222 142
5354 22 176 142
5355 23 85 142
5356 24 124 142
5357 25 155 142
5358 26 24 142
5359 27 85 142
5360 28 234 142
5361 29 9 142
5362 30 93 142
5363 31 106 142
5364 33 135 142
5365 37 87 142
5366 0 53 143
5367 1 154 143
5368 2 8 143
5369 3 4 143
5370 4 64 143
5371 5 92 143
5372 6 243 143
5373 7 210 143
5374 8 17 143
5375 9 233 143
5376 10 84 143
5377 11 164 143
5378 12 130 143
5379 13 24 143
5380 14 234 143
5381 15 80 143
5382 16 43 143
5383 17 48 143
5384 18 163 143
5385 19 199 143
5386 20 9 143
5387 21 151 143
5388 22 135 143
5389 23 82 143
5390 24 240 143
5391 25 169 143
5392 26 105 143
5393 27 210 143
5394 28 244 143
5395 29 168 143
5396 30 225 143
5397 31 55 143
5398 32 61 143
5399 33 78 143
5400 34 200 143
5401 35 122 143
5402 37 230 143
5403 0 221 144
5404 1 92 144
5405 2 87 144
5406 3 133 144
5407 4 44 144
5408 5 29 144
5409 6 196 144
5410 7 191 144
5411 8 138 144
5412 9 64 144
5413 10 9 144
5414 11 57 144
5415 12 154 144
5416 13 193 144
5417 14 60 144
5418 15 70 144
5419 16 54 144
5420 17 219 144
5421 18 174 144
5422 19 95 144
5423 20 76 144
5424 21 245 144
5425 22 5 144
5426 23 60 144
5427 24 229 144
5428 25 230 144
5429 26 243 144
5430 27 190 144
5431 28 197 144
5432 29 194 144
5433 30 201 144
5434 31 19 144
5435 32 146 144
5436 33 203 144
5437 34 225 144
5438 35 137 144
5439 36 183 144
5440 37 193 144
5441 38 212 144
5442 40 89 144
5443 41 118 144
5444 43 43 144
5445 0 4 145
5446 1 106 145
5447 2 156 145
5448 3 53 145
5449 4 29 145
5450 5 57 145
5451 6 219 145
5452 7 199 145
5453 8 26 145
5454 9 73 145
5455 10 141 145
5456 11 197 145
5457 12 172 145
5458 13 85 145
5459 14 212 145
5460 15 26 145
5461 16 224 145
5462 17 136 145
5463 18 187 145
5464 19 13 145
5465 20 95 145
5466 21 249 145
5467 22 177 145
5468 24 169 145
5469 23 81 145
5470 25 8 145
5471 26 134 145
5472 27 251 145
5473 28 201 145
5474 29 223 145
5475 30 117 145
5476 31 18 145
5477 32 90 145
5478 33 171 145
5479 34 229 145
5480 35 112 145
5481 36 231 145
5482 37 253 145
5483 38 221 145
5484 39 202 145
5485 40 22 145
5486 41 191 145
5487 42 219 145
5488 43 79 145
5489 45 34 145
5490 47 54 145
5491 0 31 146
5492 1 127 146
5493 2 240 146
5494 3 254 146
5495 4 219 146
5496 5 135 146
5497 6 59 146
5498 7 75 146
5499 8 102 146
5500 9 250 146
5501 10 69 146
5502 11 219 146
5503 12 137 146
5504 13 103 146
5505 14 210 146
5506 15 73 146
5507 16 228 146
5508 17 210 146
5509 18 221 146
5510 19 190 146
5511 20 22 146
5512 21 70 146
5513 22 166 146
5514 23 75 146
5515 24 130 146
5516 25 217 146
5517 26 64 146
5518 27 76 146
5519 28 46 146
5520 29 160 146
5521 30 13 146
5522 31 70 146
5523 32 212 146
5524 33 158 146
5525 34 142 146
5526 35 206 146
5527 36 81 146
5528 37 39 146
5529 38 113 146
5530 39 225 146
5531 40 239 146
5532 41 114 146
5533 42 126 146
5534 43 3 146
5535 44 215 146
5536 45 34 146
5537 46 235 146
5538 47 23 146
5539 49 100 146
5540 50 60 146
5541 0 37 147
5542 1 236 147
5543 2 235 147
5544 3 188 147
5545 4 5 147
5546 5 69 147
5547 6 228 147
5548 8 239 147
5549 7 9 147
5550 9 90 147
5551 10 31 147
5552 11 231 147
5553 12 221 147
5554 13 225 147
5555 14 233 147
5556 15 158 147
5557 16 129 147
5558 17 62 147
5559 18 123 147
5560 19 90 147
5561 20 164 147
5562 21 30 147
5563 22 147 147
5564 23 203 147
5565 24 112 147
5566 25 181 147
5567 26 223 147
5568 27 194 147
5569 28 16 147
5570 29 129 147
5571 30 215 147
5572 31 147 147
5573 32 77 147
5574 33 90 147
5575 34 84 147
5576 35 107 147
5577 36 44 147
5578 37 59 147
5579 38 186 147
5580 39 242 147
5581 40 7 147
5582 41 131 147
5583 42 69 147
5584 43 191 147
5585 44 205 147
5586 45 7 147
5587 46 102 147
5588 47 104 147
5589 48 80 147
5590 49 237 147
5591 50 86 147
5592 51 88 147
5593 52 122 147
5594 53 121 147
5595 55 169 147
5596 57 157 147
5597 0 12 148
5598 1 54 148
5599 2 132 148
5600 3 88 148
5601 4 177 148
5602 5 107 148
5603 6 13 148
5604 7 170 148
5605 8 235 148
5606 9 7 148
5607 10 196 148
5608 11 219 148
5609 12 93 148
5610 13 96 148
5611 14 206 148
5612 15 144 148
5613 16 57 148
5614 17 81 148
5615 18 119 148
5616 19 22 148
5617 20 13 148
5618 21 122 148
5619 22 158 148
5620 23 50 148
5621 24 135 148
5622 25 143 148
5623 26 204 148
5624 27 52 148
5625 28 101 148
5626 30 97 148
5627 29 201 148
5628 31 7 148
5629 32 216 148
5630 33 239 148
5631 34 228 148
5632 35 204 148
5633 36 187 148
5634 37 35 148
5635 38 204 148
5636 39 138 148
5637 40 175 148
5638 41 160 148
5639 42 106 148
5640 43 37 148
5641 44 164 148
5642 45 3 148
5643 46 122 148
5644 47 77 148
5645 48 79 148
5646 49 39 148
5647 50 244 148
5648 51 198 148
5649 52 143 148
5650 53 89 148
5651 54 246 148
5652 55 76 148
5653 57 20 148
5654 58 83 148
5655 0 217 149
5656 1 44 149
5657 2 55 149
5658 3 195 149
5659 4 86 149
5660 5 148 149
5661 6 229 149
5662 7 245 149
5663 8 164 149
5664 9 248 149
5665 10 171 149
5666 11 60 149
5667 12 16 149
5668 13 153 149
5669 14 162 149
5670 15 189 149
5671 16 127 149
5672 17 225 149
5673 18 204 149
5674 19 39 149
5675 20 48 149
5676 21 115 149
5677 22 78 149
5678 23 127 149
5679 24 11 149
5680 25 248 149
5681 26 1 149
5682 27 88 149
5683 28 164 149
5684 29 232 149
5685 30 147 149
5686 31 153 149
5687 32 71 149
5688 33 141 149
5689 34 99 149
5690 35 104 149
5691 36 59 149
5692 37 7 149
5693 38 146 149
5694 39 48 149
5695 40 254 149
5696 41 209 149
5697 42 207 149
5698 43 40 149
5699 44 194 149
5700 45 256 149
5701 46 250 149
5702 47 160 149
5703 48 207 149
5704 49 9 149
5705 50 82 149
5706 51 227 149
5707 52 234 149
5708 53 6 149
5709 54 31 149
5710 55 40 149
5711 56 57 149
5712 57 50 149
5713 58 44 149
5714 59 87 149
5715 60 122 149
5716 61 200 149
5717 62 232 149
5718 65 254 149
5719 0 34 150
5720 1 119 150
5721 2 6 150
5722 3 31 150
5723 4 110 150
5724 5 120 150
5725 6 235 150
5726 7 243 150
5727 8 253 150
5728 9 185 150
5729 10 62 150
5730 11 155 150
5731 12 94 150
5732 13 95 150
5733 14 198 150
5734 15 99 150
5735 16 32 150
5736 17 213 150
5737 18 22 150
5738 19 8 150
5739 20 159 150
5740 21 151 150
5741 22 6 150
5742 23 12 150
5743 24 1 150
5744 25 197 150
5745 26 144 150
5746 27 3 150
5747 28 77 150
5748 29 62 150
5749 30 162 150
5750 31 55 150
5751 32 218 150
5752 33 135 150
5753 34 247 150
5754 35 160 150
5755 36 235 150
5756 37 109 150
5757 38 133 150
5758 39 26 150
5759 40 200 150
5760 41 189 150
5761 42 113 150
5762 43 128 150
5763 44 110 150
5764 45 201 150
5765 46 88 150
5766 47 25 150
5767 48 101 150
5768 49 103 150
5769 50 130 150
5770 51 145 150
5771 52 101 150
5772 53 254 150
5773 54 116 150
5774 55 248 150
5775 56 199 150
5776 57 226 150
5777 58 144 150
5778 59 107 150
5779 60 219 150
5780 61 176 150
5781 62 41 150
5782 63 192 150
5783 64 88 150
5784 65 109 150
5785 67 129 150
5786 0 212 151
5787 1 135 151
5788 2 23 151
5789 3 96 151
5790 4 83 151
5791 5 255 151
5792 6 65 151
5793 7 195 151
5794 8 122 151
5795 9 3 151
5796 10 21 151
5797 11 128 151
5798 12 83 151
5799 13 183 151
5800 14 2 151
5801 15 203 151
5802 16 235 151
5803 17 4 151
5804 18 180 151
5805 19 25 151
5806 20 215 151
5807 21 16 151
5808 22 75 151
5809 23 82 151
5810 24 186 151
5811 25 251 151
5812 26 234 151
5813 27 48 151
5814 28 254 151
5815 29 39 151
5816 30 165 151
5817 31 256 151
5818 32 5 151
5819 33 208 151
5820 34 113 151
5821 35 181 151
5822 36 102 151
5823 37 139 151
5824 38 158 151
5825 39 26 151
5826 40 75 151
5827 41 18 151
5828 42 79 151
5829 43 256 151
5830 44 101 151
5831 0 217 152
5832 45 89 151
5833 0 158 153
5834 46 140 151
5835 47 109 151
5836 48 103 151
5837 49 176 151
5838 50 15 151
5839 51 23 151
5840 52 237 151
5841 53 56 151
5842 54 130 151
5843 55 210 151
5844 56 177 151
5845 57 246 151
5846 58 208 151
5847 59 12 151
5848 60 112 151
5849 61 61 151
5850 62 198 151
5851 63 203 151
5852 64 26 151
5853 65 169 151
5854 66 205 151
5855 67 137 151
5856 68 150 151
5857 69 147 151
5858 70 62 151
5859 71 28 151
5860 1 30 152
5861 2 178 152
5862 3 64 152
5863 4 163 152
5864 5 155 152
5865 6 206 152
5866 73 164 152
5867 1 154 153
5868 75 29 153
5869 7 77 152
5870 8 148 152
5871 9 234 152
5872 10 37 152
5873 11 147 152
5874 12 72 152
5875 13 238 152
5876 14 217 152
5877 15 156 152
5878 16 69 152
5879 17 232 152
5880 18 229 152
5881 19 251 152
5882 20 160 152
5883 21 138 152
5884 22 52 152
5885 23 14 152
5886 24 124 152
5887 25 124 152
5888 26 127 152
5889 27 78 152
5890 28 171 152
5891 29 56 152
5892 30 185 152
5893 31 168 152
5894 32 183 152
5895 33 34 152
5896 34 227 152
5897 35 195 152
5898 36 39 152
5899 37 51 152
5900 38 40 152
5901 39 133 152
5902 40 154 152
5903 41 101 152
5904 42 23 152
5905 43 241 152
5906 44 5 152
5907 45 27 152
5908 46 210 152
5909 47 202 152
5910 48 86 152
5911 49 5 152
5912 50 51 152
5913 51 189 152
5914 52 10 152
5915 53 118 152
5916 54 251 152
5917 55 100 152
5918 56 232 152
5919 57 173 152
5920 58 197 152
5921 59 210 152
5922 60 138 152
5923 61 78 152
5924 62 183 152
5925 63 154 152
5926 64 242 152
5927 65 39 152
5928 66 17 152
5929 67 227 152
5930 68 96 152
5931 69 54 152
5932 70 114 152
5933 71 21 152
5934 72 63 152
5935 2 171 153
5936 3 214 153
5937 4 231 153
5938 5 213 153
5939 6 105 153
5940 7 139 153
5941 8 239 153
5942 9 80 153
5943 10 173 153
5944 11 239 153
5945 12 42 153
5946 13 56 153
5947 14 228 153
5948 15 83 153
5949 16 36 153
5950 17 240 153
5951 18 91 153
5952 19 3 153
5953 20 171 153
5954 21 129 153
5955 22 155 153
5956 23 123 153
5957 24 219 153
5958 25 228 153
5959 26 152 153
5960 27 33 153
5961 28 242 153
5962 29 42 153
5963 30 76 153
5964 31 142 153
5965 32 113 153
5966 33 218 153
5967 34 217 153
5968 35 7 153
5969 36 210 153
5970 37 169 153
5971 38 17 153
5972 39 142 153
5973 40 94 153
5974 41 42 153
5975 42 14 153
5976 43 94 153
5977 44 88 153
5978 45 215 153
5979 46 24 153
5980 47 111 153
5981 48 98 153
5982 49 34 153
5983 50 103 153
5984 51 66 153
5985 52 38 153
5986 53 222 153
5987 54 129 153
5988 55 4 153
5989 56 107 153
5990 57 210 153
5991 58 75 153
5992 59 152 153
5993 60 70 153
5994 61 2 153
5995 62 225 153
5996 63 85 153
5997 64 178 153
5998 65 86 153
5999 66 50 153
6000 67 125 153
6001 68 28 153
6002 69 153 153
6003 70 50 153
6004 71 109 153
6005 72 64 153
6006 73 252 153
6007 0 50 154
6008 1 131 154
6009 2 129 154
6010 3 131 154
6011 4 115 154
6012 5 159 154
6013 6 145 154
6014 7 152 154
6015 8 6 154
6016 9 127 154
6017 10 138 154
6018 11 72 154
6019 12 73 154
6020 13 128 154
6021 14 183 154
6022 15 52 154
6023 16 217 154
6024 17 17 154
6025 18 197 154
6026 19 157 154
6027 20 78 154
6028 21 123 154
6029 22 190 154
6030 23 250 154
6031 24 192 154
6032 25 117 154
6033 26 118 154
6034 27 84 154
6035 28 23 154
6036 29 222 154
6037 30 87 154
6038 31 101 154
6039 32 150 154
6040 33 225 154
6041 34 29 154
6042 35 139 154
6043 36 12 154
6044 37 154 154
6045 38 242 154
6046 39 207 154
6047 40 35 154
6048 41 103 154
6049 42 184 154
6050 43 50 154
6051 44 159 154
6052 45 37 154
6053 46 223 154
6054 47 123 154
6055 48 96 154
6056 49 216 154
6057 50 246 154
6058 51 144 154
6059 52 167 154
6060 53 107 154
6061 54 78 154
6062 55 65 154
6063 56 196 154
6064 57 161 154
6065 58 56 154
6066 59 206 154
6067 60 122 154
6068 61 93 154
6069 62 74 154
6070 63 143 154
6071 64 125 154
6072 65 216 154
6073 66 81 154
6074 67 200 154
6075 68 235 154
6076 69 16 154
6077 70 247 154
6078 71 135 154
6079 72 45 154
6080 73 78 154
6081 74 131 154
6082 75 64 154
6083 77 37 154
6084 0 34 155
6085 1 91 155
6086 2 234 155
6087 3 80 155
6088 4 69 155
6089 5 20 155
6090 6 102 155
6091 7 144 155
6092 8 90 155
6093 9 105 155
6094 10 129 155
6095 11 201 155
6096 12 147 155
6097 13 136 155
6098 14 252 155
6099 15 172 155
6100 16 251 155
6101 17 20 155
6102 18 60 155
6103 19 97 155
6104 20 110 155
6105 21 234 155
6106 22 33 155
6107 23 224 155
6108 24 85 155
6109 25 102 155
6110 26 23 155
6111 27 158 155
6112 28 4 155
6113 29 178 155
6114 30 222 155
6115 31 125 155
6116 32 245 155
6117 33 139 155
6118 34 220 155
6119 35 10 155
6120 36 89 155
6121 37 190 155
6122 38 197 155
6123 39 132 155
6124 40 167 155
6125 41 94 155
6126 42 90 155
6127 43 72 155
6128 44 28 155
6129 45 47 155
6130 46 184 155
6131 47 71 155
6132 48 218 155
6133 49 241 155
6134 50 104 155
6135 51 43 155
6136 52 155 155
6137 53 130 155
6138 54 17 155
6139 55 115 155
6140 56 68 155
6141 57 52 155
6142 58 98 155
6143 59 183 155
6144 60 70 155
6145 61 217 155
6146 62 219 155
6147 63 200 155
6148 64 16 155
6149 65 121 155
6150 66 146 155
6151 67 75 155
6152 68 32 155
6153 69 37 155
6154 70 120 155
6155 71 255 155
6156 72 137 155
6157 73 187 155
weights 156 156 156 156 156 156 156 156 156 156 156 156 156 156 156 156 156 156 156 156 156 156 156 156 156 156 156 156 156 156 156 156 156 156 156 156 156 156 156 156 156 156 156 156 156 156 156 156 156 156 156 156 156 156 156 156 156 156 156 156 156 156 156 156 156 156 156 156 156 156 156 156 156 156 155 155 155 155
