37 0 0 1291 14 23 17 12 8 14 13 10 11 12 8 6 9 9 8 11 8 5 8 11 5
37 0 0 1295 15 22 15 14 8 12 15 10 11 10 12 4 10 9 5 13 10 4 8 10 5
37 0 0 1290 15 22 15 15 7 12 15 10 11 9 13 4 10 6 10 11 8 7 5 12 5
37 0 0 1283 15 22 15 15 7 13 12 12 11 9 13 4 9 9 7 12 8 7 5 12 5
37 0 0 1277 15 22 15 15 7 14 10 13 11 11 11 4 9 11 7 10 10 5 7 10 5
37 0 0 1292 15 22 15 16 6 13 13 11 12 8 11 6 10 8 6 13 8 5 12 7 5
37 0 0 1294 15 22 15 17 5 13 14 10 11 11 11 4 10 7 11 9 10 3 9 10 5
37 0 0 1289 15 22 15 17 5 14 11 12 11 11 11 4 9 10 8 10 10 3 9 10 5
37 0 0 1293 15 22 16 13 8 13 13 11 11 9 13 4 9 8 8 12 7 8 4 13 5
37 0 0 1294 15 22 16 15 6 13 14 10 11 9 13 4 9 7 9 12 7 6 6 13 5
37 0 0 1294 15 22 16 15 6 13 15 9 11 11 11 4 10 6 12 9 9 4 8 11 5
37 0 0 1278 15 22 16 15 6 14 12 11 11 11 11 4 9 9 9 10 9 4 8 11 5
37 0 0 1296 15 22 16 15 6 15 9 13 11 11 11 4 8 12 6 11 9 4 8 11 5
37 0 0 1296 15 22 16 17 4 15 10 12 12 9 10 6 9 8 10 10 7 5 12 8 5
37 0 0 1282 15 22 17 13 7 14 13 10 11 11 11 4 9 8 10 10 8 5 7 12 5
37 0 0 1289 15 22 17 13 7 15 10 12 11 11 11 4 8 11 7 11 8 5 7 12 5
37 0 0 1285 15 22 18 12 7 15 12 10 12 10 9 6 9 8 10 10 5 10 7 10 5
37 0 0 1296 15 22 18 12 7 16 9 12 12 10 9 6 8 11 7 11 5 10 7 10 5
37 0 0 1296 15 22 18 13 6 15 12 10 11 12 7 7 8 8 12 9 5 7 10 10 5
37 0 0 1292 15 22 18 14 5 15 13 9 12 10 9 6 9 7 11 10 5 8 9 10 5
37 0 0 1292 15 22 18 14 5 16 10 11 12 10 9 6 8 10 8 11 5 8 9 10 5
37 0 0 1286 16 21 14 15 8 11 16 10 12 8 10 7 12 5 8 12 9 8 8 7 5
37 0 0 1293 16 21 15 12 10 11 16 10 10 12 9 6 10 8 7 12 10 5 6 11 5
37 0 0 1275 16 21 15 13 9 13 11 13 10 13 8 6 9 10 9 9 10 6 5 11 5
37 0 0 1292 16 21 15 15 7 12 15 10 10 13 8 6 10 6 13 8 10 4 7 11 5
37 0 0 1295 16 21 15 16 6 14 10 13 13 6 12 6 10 9 6 12 6 11 10 5 5
37 0 0 1287 16 21 16 12 9 13 13 11 12 8 13 4 10 9 6 12 7 11 5 9 5
37 0 0 1289 16 21 16 13 8 12 15 10 11 8 13 5 9 7 8 13 5 10 6 11 5
37 0 0 1291 16 21 16 13 8 12 16 9 12 8 10 7 11 5 8 13 7 8 8 9 5
37 0 0 1278 16 21 16 13 8 13 13 11 10 13 8 6 9 8 11 9 9 5 6 12 5
37 0 0 1276 16 21 16 13 8 14 10 13 11 10 11 5 8 12 5 12 7 8 8 9 5
37 0 0 1296 16 21 16 14 7 12 17 8 12 8 13 4 11 5 10 11 7 9 7 9 5
37 0 0 1275 16 21 16 14 7 13 14 10 12 8 13 4 10 8 7 12 7 9 7 9 5
37 0 0 1288 16 21 16 14 7 14 11 12 12 8 13 4 9 11 4 13 7 9 7 9 5
37 0 0 1294 16 21 16 15 6 12 16 9 11 8 13 5 9 6 9 13 5 8 8 11 5
37 0 0 1293 16 21 16 15 6 12 17 8 11 10 11 5 10 5 12 10 7 6 10 9 5
37 0 0 1292 16 21 16 15 6 13 14 10 10 13 8 6 9 7 12 9 9 3 8 12 5
37 0 0 1266 16 21 16 15 6 13 14 10 11 10 11 5 9 8 9 11 7 6 10 9 5
37 0 0 1273 16 21 16 15 6 14 11 12 11 10 11 5 8 11 6 12 7 6 10 9 5
37 0 0 1295 16 21 16 16 5 13 14 10 10 12 9 6 8 8 11 10 7 3 13 9 5
37 0 0 1296 16 21 16 16 5 13 14 10 11 9 12 5 9 5 14 9 5 9 7 11 5
37 0 0 1287 16 21 16 16 5 13 15 9 12 8 13 4 10 7 8 12 7 7 9 9 5
37 0 0 1289 16 21 16 16 5 14 12 11 12 8 13 4 9 10 5 13 7 7 9 9 5
37 0 0 1296 16 21 16 16 5 14 12 11 13 6 12 6 10 7 8 12 5 10 11 6 5
37 0 0 1274 16 21 16 16 5 15 9 13 11 11 10 5 8 10 11 8 7 7 9 9 5
37 0 0 1291 16 21 17 11 9 14 11 12 10 13 8 6 8 10 9 10 8 6 5 13 5
37 0 0 1291 16 21 17 12 8 13 15 9 12 8 13 4 10 7 8 12 6 10 6 10 5
37 0 0 1293 16 21 17 12 8 14 12 11 12 8 13 4 9 10 5 13 6 10 6 10 5
37 0 0 1274 16 21 17 13 7 13 15 9 11 10 11 5 9 7 10 11 6 7 9 10 5
37 0 0 1270 16 21 17 13 7 14 12 11 11 10 11 5 8 10 7 12 6 7 9 10 5
37 0 0 1295 16 21 17 14 6 13 16 8 12 8 13 4 10 6 9 12 6 8 8 10 5
37 0 0 1285 16 21 17 14 6 14 12 11 10 12 9 6 7 10 9 11 6 4 12 10 5
37 0 0 1288 16 21 17 14 6 14 12 11 11 9 12 5 8 7 12 10 4 10 6 12 5
37 0 0 1286 16 21 17 14 6 14 13 10 12 8 13 4 9 9 6 13 6 8 8 10 5
37 0 0 1289 16 21 17 14 6 16 7 14 11 11 10 5 7 12 9 9 6 8 8 10 5
37 0 0 1283 16 21 17 15 5 14 13 10 11 10 11 5 8 9 8 12 6 5 11 10 5
37 0 0 1290 16 21 17 16 4 15 11 11 11 11 10 5 8 8 13 8 6 6 10 10 5
37 0 0 1296 16 21 17 16 4 16 8 13 11 11 10 5 7 11 10 9 6 6 10 10 5
37 0 0 1282 16 21 18 11 8 14 13 10 11 10 11 5 8 9 8 12 5 8 8 11 5
37 0 0 1287 16 21 18 13 6 14 14 9 11 10 11 5 8 8 9 12 5 6 10 11 5
37 0 0 1295 16 21 18 13 6 15 11 11 11 10 11 5 7 11 6 13 5 6 10 11 5
37 0 0 1295 16 21 18 14 5 15 12 10 11 11 10 5 8 7 14 8 5 7 9 11 5
37 0 0 1290 16 21 18 14 5 16 9 12 11 11 10 5 7 10 11 9 5 7 9 11 5
37 0 0 1281 17 20 13 15 9 11 13 13 10 11 12 4 10 10 6 11 12 5 5 10 5
37 0 0 1287 17 20 13 18 6 12 12 13 10 12 11 4 10 8 12 7 12 4 6 10 5
37 0 0 1278 17 20 14 15 8 11 15 11 10 11 12 4 10 8 8 11 11 4 6 11 5
37 0 0 1275 17 20 14 16 7 13 10 14 10 12 11 4 9 10 10 8 11 5 5 11 5
37 0 0 1278 17 20 14 18 5 13 11 13 11 9 14 3 9 10 8 10 9 6 9 8 5
37 0 0 1287 17 20 15 13 9 11 16 10 10 11 12 4 10 7 9 11 10 5 5 12 5
37 0 0 1282 17 20 15 13 9 12 13 12 10 11 12 4 9 10 6 12 10 5 5 12 5
37 0 0 1295 17 20 15 14 8 12 13 12 10 11 9 7 9 7 11 10 7 9 6 5 10
37 0 0 1292 17 20 15 16 6 12 14 11 10 10 13 4 8 10 6 13 8 3 12 9 5
37 0 0 1295 17 20 15 16 6 12 14 11 11 7 16 3 9 7 9 12 6 9 6 11 5
37 0 0 1279 17 20 15 16 6 13 12 12 10 12 11 4 9 8 12 8 10 4 6 12 5
37 0 0 1284 17 20 15 16 6 14 9 14 11 9 14 3 8 12 6 11 8 7 8 9 5
37 0 0 1288 17 20 15 18 4 13 13 11 11 9 14 3 9 8 10 10 8 5 10 9 5
37 0 0 1296 17 20 15 18 4 14 10 13 11 9 14 3 8 11 7 11 8 5 10 9 5
37 0 0 1295 17 20 16 11 10 12 14 11 10 11 12 4 9 9 7 12 9 6 4 13 5
37 0 0 1293 17 20 16 12 9 12 15 10 10 13 7 7 9 10 6 12 9 4 11 8 5
37 0 0 1273 17 20 16 12 9 12 15 10 11 10 10 6 10 7 9 11 7 10 5 10 5
37 0 0 1287 17 20 16 13 8 12 15 10 10 11 12 4 9 8 8 12 9 4 6 13 5
37 0 0 1269 17 20 16 13 8 12 15 10 10 12 8 7 9 7 11 10 7 7 8 10 5
37 0 0 1278 17 20 16 13 8 13 13 11 10 14 6 7 9 9 11 8 9 5 10 8 5
37 0 0 1286 17 20 16 13 8 13 13 11 11 11 9 6 10 6 14 7 7 11 4 10 5
37 0 0 1284 17 20 16 13 8 14 10 13 10 14 6 7 8 12 8 9 9 5 10 8 5
37 0 0 1272 17 20 16 13 8 14 10 13 11 11 9 6 9 9 11 8 7 11 4 10 5
37 0 0 1271 17 20 16 14 7 12 16 9 11 10 10 6 10 6 10 11 7 8 7 10 5
37 0 0 1292 17 20 16 14 7 13 12 12 10 11 9 7 8 8 10 11 6 8 7 6 10
37 0 0 1285 17 20 16 14 7 13 13 11 10 12 11 4 9 7 13 8 9 5 5 13 5
37 0 0 1279 17 20 16 14 7 14 10 13 10 12 11 4 8 10 10 9 9 5 5 13 5
37 0 0 1292 17 20 16 15 6 12 16 9 11 9 11 6 10 4 12 11 7 5 10 10 5
37 0 0 1289 17 20 16 15 6 13 14 10 11 11 9 6 10 5 15 7 7 9 6 10 5
37 0 0 1264 17 20 16 15 6 14 11 12 11 11 9 6 9 8 12 8 7 9 6 10 5
37 0 0 1293 17 20 16 16 5 12 17 8 11 10 10 6 10 5 11 11 7 6 9 10 5
37 0 0 1282 17 20 16 16 5 13 14 10 11 9 14 3 9 7 11 10 7 6 9 10 5
37 0 0 1279 17 20 16 16 5 14 11 12 11 9 14 3 8 10 8 11 7 6 9 10 5
37 0 0 1295 17 20 16 17 4 14 11 12 10 11 12 4 7 10 10 10 7 3 12 10 5
37 0 0 1293 17 20 17 10 10 13 13 11 11 10 10 6 9 9 7 12 6 11 4 11 5
37 0 0 1293 17 20 17 11 9 12 16 9 10 12 8 7 9 6 12 10 6 8 7 11 5
37 0 0 1284 17 20 17 11 9 14 11 12 10 14 6 7 8 11 9 9 8 6 9 9 5
37 0 0 1294 17 20 17 11 9 14 11 12 11 11 9 6 9 8 12 8 6 12 3 11 5
37 0 0 1295 17 20 17 12 8 12 17 8 11 10 10 6 10 5 11 11 6 9 6 11 5
37 0 0 1272 17 20 17 12 8 13 14 10 11 10 10 6 9 8 8 12 6 9 6 11 5
37 0 0 1289 17 20 17 12 8 14 11 12 10 12 11 4 8 9 11 9 8 6 4 14 5
37 0 0 1295 17 20 17 13 7 12 17 8 11 9 11 6 9 6 10 12 4 9 11 8 5
37 0 0 1280 17 20 17 13 7 13 14 10 11 9 11 6 8 9 7 13 4 9 11 8 5
37 0 0 1286 17 20 17 13 7 14 12 11 10 14 6 7 8 10 10 9 8 4 11 9 5
37 0 0 1278 17 20 17 13 7 14 12 11 11 11 9 6 8 11 7 11 6 7 13 6 5
37 0 0 1278 17 20 17 13 7 14 12 11 11 11 9 6 9 7 13 8 6 10 5 11 5
37 0 0 1281 17 20 17 13 7 14 12 11 12 8 12 5 9 8 10 10 4 13 7 8 5
37 0 0 1293 17 20 17 13 7 15 9 13 12 8 12 5 8 11 7 11 4 13 7 8 5
37 0 0 1291 17 20 17 14 6 14 12 11 10 12 11 4 8 8 12 9 8 4 6 14 5
37 0 0 1295 17 20 17 14 6 14 12 11 10 13 7 7 8 7 15 7 6 7 8 11 5
37 0 0 1277 17 20 17 14 6 14 12 11 11 9 14 3 8 9 9 11 6 7 8 11 5
37 0 0 1278 17 20 17 14 6 15 9 13 11 10 10 6 7 11 9 10 4 10 10 8 5
37 0 0 1286 17 20 17 15 5 14 13 10 11 11 9 6 9 6 14 8 6 8 7 11 5
37 0 0 1283 17 20 17 15 5 14 13 10 12 8 12 5 9 7 11 10 4 11 9 8 5
37 0 0 1284 17 20 17 15 5 15 10 12 12 8 12 5 8 10 8 11 4 11 9 8 5
37 0 0 1294 17 20 17 16 4 14 13 10 11 10 10 6 8 7 13 9 4 8 12 8 5
37 0 0 1294 17 20 18 11 8 13 15 9 10 12 8 7 8 7 11 11 5 7 8 12 5
37 0 0 1296 17 20 18 11 8 13 15 9 11 9 11 6 8 8 8 13 3 10 10 9 5
37 0 0 1293 17 20 18 11 8 14 13 10 10 14 6 7 8 9 11 9 7 5 10 10 5
37 0 0 1294 17 20 18 11 8 15 10 12 11 11 9 6 8 9 11 9 5 11 4 12 5
37 0 0 1295 17 20 18 12 7 13 16 8 11 10 10 6 9 6 10 12 5 8 7 12 5
37 0 0 1293 17 20 18 13 6 14 14 9 11 11 9 6 8 9 9 11 5 6 14 7 5
37 0 0 1283 17 20 18 13 6 15 11 11 11 11 9 6 8 8 12 9 5 9 6 12 5
37 0 0 1290 17 20 18 13 6 15 11 11 12 8 12 5 8 9 9 11 3 12 8 9 5
37 0 0 1287 17 20 18 14 5 15 11 11 11 10 10 6 7 9 11 10 3 9 11 9 5
37 0 0 1296 17 20 19 10 8 15 12 10 10 14 9 4 7 11 11 8 6 7 8 11 5
37 0 0 1273 18 19 14 15 8 10 17 10 10 10 12 5 10 7 8 12 9 6 8 9 5
37 0 0 1268 18 19 14 15 8 11 15 11 10 12 10 5 10 9 8 10 11 4 10 7 5
37 0 0 1276 18 19 14 15 8 11 15 11 11 9 13 4 11 6 11 9 9 10 4 9 5
37 0 0 1276 18 19 14 15 8 12 12 13 10 12 10 5 9 12 5 11 11 4 10 7 5
37 0 0 1264 18 19 14 15 8 12 12 13 11 9 13 4 10 9 8 10 9 10 4 9 5
37 0 0 1294 18 19 14 17 6 11 16 10 10 12 10 5 10 8 9 10 11 2 12 7 5
37 0 0 1284 18 19 14 17 6 11 16 10 11 9 13 4 11 5 12 9 9 8 6 9 5
37 0 0 1261 18 19 14 17 6 12 13 12 11 9 13 4 10 8 9 10 9 8 6 9 5
37 0 0 1295 18 19 14 18 5 11 16 10 10 11 11 5 10 5 14 8 9 5 9 9 5
37 0 0 1286 18 19 15 13 9 10 18 9 10 10 12 5 10 6 9 12 8 7 7 10 5
37 0 0 1265 18 19 15 13 9 12 13 12 10 12 10 5 9 11 6 11 10 5 9 8 5
37 0 0 1275 18 19 15 13 9 12 13 12 11 9 13 4 10 8 9 10 8 11 3 10 5
37 0 0 1286 18 19 15 13 9 13 10 14 11 9 13 4 9 11 6 11 8 11 3 10 5
37 0 0 1292 18 19 15 14 8 11 16 10 11 8 14 4 10 8 5 14 8 8 6 10 5
37 0 0 1295 18 19 15 14 8 11 16 10 12 6 13 6 11 5 8 13 6 11 8 7 5
37 0 0 1291 18 19 15 14 8 12 13 12 10 11 11 5 9 9 8 11 9 6 8 4 10
37 0 0 1286 18 19 15 15 7 11 17 9 10 12 10 5 10 7 10 10 10 3 11 8 5
37 0 0 1272 18 19 15 15 7 12 14 11 10 12 10 5 9 10 7 11 10 3 11 8 5
37 0 0 1295 18 19 15 15 7 12 14 11 11 9 13 4 9 11 4 13 8 6 13 5 5
37 0 0 1264 18 19 15 15 7 12 14 11 11 9 13 4 10 7 10 10 8 9 5 10 5
37 0 0 1292 18 19 15 15 7 13 10 14 10 10 12 5 8 9 10 10 7 9 5 6 10
37 0 0 1261 18 19 15 16 6 12 14 11 10 11 11 5 9 7 12 9 8 6 8 10 5
37 0 0 1277 18 19 15 16 6 13 11 13 11 8 14 4 8 11 6 12 6 9 10 7 5
37 0 0 1277 18 19 15 17 5 12 15 10 11 9 13 4 10 6 11 10 8 7 7 10 5
37 0 0 1296 18 19 15 17 5 13 11 13 10 10 12 5 8 8 11 10 7 7 7 6 10
37 0 0 1296 18 19 15 18 4 12 15 10 11 8 14 4 9 7 10 11 6 7 12 7 5
37 0 0 1295 18 19 15 18 4 13 13 11 11 10 12 4 9 9 10 9 8 5 14 5 5
37 0 0 1287 18 19 16 11 10 11 16 10 10 10 12 5 9 8 7 13 7 8 6 11 5
37 0 0 1289 18 19 16 11 10 13 11 13 10 12 10 5 8 13 4 12 9 6 8 9 5
37 0 0 1283 18 19 16 13 8 11 17 9 10 10 12 5 9 7 8 13 7 6 8 11 5
37 0 0 1293 18 19 16 13 8 11 18 8 10 12 10 5 10 6 11 10 9 4 10 9 5
37 0 0 1268 18 19 16 13 8 12 15 10 10 12 10 5 9 9 8 11 9 4 10 9 5
37 0 0 1282 18 19 16 13 8 12 15 10 11 9 13 4 10 6 11 10 7 10 4 11 5
37 0 0 1277 18 19 16 13 8 13 12 12 10 12 10 5 8 12 5 12 9 4 10 9 5
37 0 0 1271 18 19 16 13 8 13 12 12 11 9 13 4 9 9 8 11 7 10 4 11 5
37 0 0 1296 18 19 16 14 7 12 15 10 9 13 12 3 8 9 10 10 9 4 5 14 5
37 0 0 1271 18 19 16 14 7 12 15 10 10 11 11 5 9 6 13 9 7 7 7 11 5
37 0 0 1296 18 19 16 14 7 13 12 12 10 11 11 5 8 10 7 12 8 5 9 5 10
37 0 0 1291 18 19 16 15 6 12 16 9 10 12 10 5 9 8 9 11 9 2 12 9 5
37 0 0 1287 18 19 16 15 6 12 16 9 11 9 13 4 10 5 12 10 7 8 6 11 5
37 0 0 1294 18 19 16 15 6 13 12 12 10 10 12 5 8 7 12 10 6 8 6 7 10
37 0 0 1265 18 19 16 15 6 13 13 11 11 9 13 4 9 8 9 11 7 8 6 11 5
37 0 0 1280 18 19 16 15 6 13 13 11 12 7 12 6 10 5 12 10 5 11 8 8 5
37 0 0 1296 18 19 16 16 5 12 16 9 10 11 11 5 9 5 14 9 7 5 9 11 5
37 0 0 1294 18 19 16 16 5 12 16 9 11 8 14 4 9 6 11 11 5 8 11 8 5
37 0 0 1280 18 19 16 16 5 13 13 11 11 8 14 4 8 9 8 12 5 8 11 8 5
37 0 0 1279 18 19 16 16 5 14 11 12 11 10 12 4 8 11 8 10 7 6 13 6 5
37 0 0 1294 18 19 16 16 5 14 11 12 12 7 15 3 9 8 11 9 5 12 7 8 5
37 0 0 1293 18 19 16 17 4 15 8 14 11 9 13 4 7 11 10 9 5 9 10 8 5
37 0 0 1292 18 19 17 10 10 12 16 9 11 11 8 7 10 7 10 10 6 11 8 7 5
