p 263 h 75 constraints 5855
0 0 1 0
1 0 1 1
2 0 1 2
3 0 1 3
4 0 1 4
5 0 1 5
6 0 1 6
7 0 1 7
8 0 1 8
9 0 1 9
10 0 1 10
11 0 1 11
12 0 1 12
13 0 1 13
14 0 1 14
15 0 1 15
16 0 1 16
17 0 1 17
18 0 1 18
19 0 1 19
20 0 1 20
21 0 1 21
22 0 1 22
23 0 1 23
24 0 1 24
25 0 1 25
26 0 1 26
27 0 1 27
28 0 1 28
29 0 1 29
30 0 1 30
31 0 1 31
32 0 1 32
33 1 1 2
34 1 1 3
35 1 1 4
36 1 1 5
37 1 1 6
38 1 1 7
39 1 1 8
40 1 1 9
41 1 1 10
42 1 1 11
43 1 1 12
44 1 1 13
45 1 1 14
46 1 1 15
47 1 1 16
48 1 1 17
49 1 1 18
50 1 1 19
51 1 1 20
52 1 1 21
53 1 1 22
54 1 1 23
55 1 1 24
56 1 1 25
57 1 1 26
58 1 1 27
59 1 1 28
60 1 1 29
61 1 1 30
62 1 1 31
63 1 1 32
64 2 1 4
65 2 1 5
66 2 1 6
67 2 1 7
68 2 1 8
69 2 1 9
70 2 1 10
71 2 1 11
72 2 1 12
73 2 1 13
74 2 1 14
75 2 1 15
76 2 1 16
77 2 1 17
78 2 1 18
79 2 1 19
80 2 1 20
81 2 1 21
82 2 1 22
83 2 1 23
84 2 1 24
85 2 1 25
86 2 1 26
87 2 1 27
88 2 1 28
89 2 1 29
90 2 1 30
91 2 1 31
92 2 1 32
93 3 1 6
94 3 1 7
95 3 1 8
96 3 1 9
97 3 1 10
98 3 1 11
99 3 1 12
100 3 1 13
101 3 1 14
102 3 1 15
103 3 1 16
104 3 1 17
105 3 1 18
106 3 1 19
107 3 1 20
108 3 1 21
109 3 1 22
110 3 1 23
111 3 1 24
112 3 1 25
113 3 1 26
114 3 1 27
115 3 1 28
116 3 1 29
117 3 1 30
118 3 1 31
119 3 1 32
120 4 1 8
121 4 1 9
122 4 1 10
123 4 1 11
124 4 1 12
125 4 1 13
126 4 1 14
127 4 1 15
128 4 1 16
129 4 1 17
130 4 1 18
131 4 1 19
132 4 1 20
133 4 1 21
134 4 1 22
135 4 1 23
136 4 1 24
137 4 1 25
138 4 1 26
139 4 1 27
140 4 1 28
141 4 1 29
142 4 1 30
143 4 1 31
144 4 1 32
145 5 1 10
146 5 1 11
147 5 1 12
148 5 1 13
149 5 1 14
150 5 1 15
151 5 1 16
152 5 1 17
153 5 1 18
154 5 1 19
155 5 1 20
156 5 1 21
157 5 1 22
158 5 1 23
159 5 1 24
160 5 1 25
161 5 1 26
162 5 1 27
163 5 1 28
164 5 1 29
165 5 1 30
166 5 1 31
167 5 1 32
168 6 1 12
169 6 1 13
170 6 1 14
171 6 1 15
172 6 1 16
173 6 1 17
174 6 1 18
175 6 1 19
176 6 1 20
177 6 1 21
178 6 1 22
179 6 1 23
180 6 1 24
181 6 1 25
182 6 1 26
183 6 1 27
184 6 1 28
185 6 1 29
186 6 1 30
187 6 1 31
188 6 1 32
189 7 1 14
190 7 1 15
191 7 1 16
192 7 1 17
193 7 1 18
194 7 1 19
195 7 1 20
196 7 1 21
197 7 1 22
198 7 1 23
199 7 1 24
200 7 1 25
201 7 1 26
202 7 1 27
203 7 1 28
204 7 1 29
205 7 1 30
206 7 1 31
207 7 1 32
208 8 1 16
209 8 1 17
210 8 1 18
211 8 1 19
212 8 1 20
213 8 1 21
214 8 1 22
215 8 1 23
216 8 1 24
217 8 1 25
218 8 1 26
219 8 1 27
220 8 1 28
221 8 1 29
222 8 1 30
223 8 1 31
224 8 1 32
225 9 1 18
226 9 1 19
227 9 1 20
228 9 1 21
229 9 1 22
230 9 1 23
231 9 1 24
232 9 1 25
233 9 1 26
234 9 1 27
235 9 1 28
236 9 1 29
237 9 1 30
238 9 1 31
239 9 1 32
240 10 1 20
241 10 1 21
242 10 1 22
243 10 1 23
244 10 1 24
245 10 1 25
246 10 1 26
247 10 1 27
248 10 1 28
249 10 1 29
250 10 1 30
251 10 1 31
252 10 1 32
253 11 1 22
254 11 1 23
255 11 1 24
256 11 1 25
257 11 1 26
258 11 1 27
259 11 1 28
260 11 1 29
261 11 1 30
262 11 1 31
263 11 1 32
264 12 1 24
265 12 1 25
266 12 1 26
267 12 1 27
268 12 1 28
269 12 1 29
270 12 1 30
271 12 1 31
272 12 1 32
273 13 1 26
274 13 1 27
275 13 1 28
276 13 1 29
277 13 1 30
278 13 1 31
279 13 1 32
280 14 1 28
281 14 1 29
282 14 1 30
283 14 1 31
284 14 1 32
285 15 1 30
286 15 1 31
287 15 1 32
288 16 1 32
289 17 262 34
290 16 1 33
291 16 1 34
292 15 262 33
293 15 262 34
294 14 1 33
295 14 1 34
296 13 262 33
297 13 262 34
298 12 1 33
299 12 1 34
300 11 262 33
301 11 262 34
302 10 1 33
303 10 1 34
304 9 262 33
305 9 262 34
306 8 1 33
307 8 1 34
308 7 262 33
309 18 262 36
310 17 1 35
311 17 1 36
312 16 262 35
313 16 262 36
314 15 1 35
315 15 1 36
316 14 262 35
317 14 262 36
318 13 1 35
319 13 1 36
320 12 262 35
321 12 262 36
322 11 1 35
323 11 1 36
324 10 262 35
325 10 262 36
326 9 1 35
327 9 1 36
328 19 262 38
329 18 1 37
330 18 1 38
331 17 262 37
332 17 262 38
333 16 1 37
334 16 1 38
335 15 262 37
336 15 262 38
337 14 1 37
338 14 1 38
339 13 262 37
340 13 262 38
341 12 1 37
342 12 1 38
343 11 262 37
344 11 262 38
345 10 1 37
346 20 262 40
347 19 1 39
348 19 1 40
349 18 262 39
350 18 262 40
351 17 1 39
352 17 1 40
353 16 262 39
354 16 262 40
355 15 1 39
356 15 1 40
357 14 262 39
358 14 262 40
359 13 1 39
360 13 1 40
361 12 262 39
362 12 262 40
363 21 262 42
364 20 1 41
365 20 1 42
366 19 262 41
367 19 262 42
368 18 1 41
369 18 1 42
370 17 262 41
371 17 262 42
372 16 1 41
373 16 1 42
374 15 262 41
375 15 262 42
376 14 1 41
377 14 1 42
378 13 262 41
379 22 262 44
380 21 1 43
381 21 1 44
382 20 262 43
383 20 262 44
384 19 1 43
385 19 1 44
386 18 262 43
387 18 262 44
388 17 1 43
389 17 1 44
390 16 262 43
391 16 262 44
392 15 1 43
393 15 1 44
394 23 262 46
395 22 1 45
396 22 1 46
397 21 262 45
398 21 262 46
399 20 1 45
400 20 1 46
401 19 262 45
402 19 262 46
403 18 1 45
404 18 1 46
405 17 262 45
406 17 262 46
407 16 1 45
408 24 262 48
409 23 1 47
410 23 1 48
411 22 262 47
412 22 262 48
413 21 1 47
414 21 1 48
415 20 262 47
416 20 262 48
417 19 1 47
418 19 1 48
419 18 262 47
420 18 262 48
421 25 262 50
422 24 1 49
423 24 1 50
424 23 262 49
425 23 262 50
426 22 1 49
427 22 1 50
428 21 262 49
429 21 262 50
430 20 1 49
431 20 1 50
432 19 262 49
433 26 262 52
434 25 1 51
435 25 1 52
436 24 262 51
437 24 262 52
438 23 1 51
439 23 1 52
440 22 262 51
441 22 262 52
442 21 1 51
443 21 1 52
444 27 262 54
445 26 1 53
446 26 1 54
447 25 262 53
448 25 262 54
449 24 1 53
450 24 1 54
451 23 262 53
452 23 262 54
453 22 1 53
454 28 262 56
455 27 1 55
456 27 1 56
457 26 262 55
458 26 262 56
459 25 1 55
460 25 1 56
461 24 262 55
462 24 262 56
463 29 262 58
464 28 1 57
465 28 1 58
466 27 262 57
467 27 262 58
468 26 1 57
469 26 1 58
470 25 262 57
471 30 262 60
472 29 1 59
473 29 1 60
474 28 262 59
475 28 262 60
476 27 1 59
477 27 1 60
478 31 262 62
479 30 1 61
480 30 1 62
481 29 262 61
482 29 262 62
483 28 1 61
484 32 262 64
485 31 1 63
486 31 1 64
487 30 262 63
488 30 262 64
489 33 262 66
490 32 1 65
491 32 1 66
492 31 262 65
493 34 262 68
494 33 1 67
495 33 1 68
496 35 262 70
497 34 1 69
498 36 262 72
499 37 94 74
500 35 227 71
501 34 12 70
502 32 1 67
503 31 175 66
504 29 168 63
505 28 207 62
506 26 83 59
507 25 60 58
508 23 5 55
509 22 86 54
510 20 51 51
511 19 246 50
512 17 152 47
513 38 94 76
514 36 227 73
515 35 12 72
516 33 1 69
517 32 175 68
518 30 168 65
519 29 207 64
520 27 83 61
521 26 60 60
522 24 5 57
523 23 86 56
524 21 51 53
525 20 246 52
526 39 94 78
527 37 227 75
528 36 12 74
529 34 1 71
530 33 175 70
531 31 168 67
532 30 207 66
533 28 83 63
534 27 60 62
535 25 5 59
536 24 86 58
537 22 51 55
538 40 94 80
539 38 227 77
540 37 12 76
541 35 1 73
542 34 175 72
543 32 168 69
544 31 207 68
545 29 83 65
546 28 60 64
547 26 5 61
548 25 86 60
549 41 94 82
550 39 227 79
551 38 12 78
552 36 1 75
553 35 175 74
554 33 168 71
555 32 207 70
556 30 83 67
557 29 60 66
558 27 5 63
559 42 94 84
560 40 227 81
561 39 12 80
562 37 1 77
563 36 175 76
564 34 168 73
565 33 207 72
566 31 83 69
567 30 60 68
568 43 94 86
569 41 227 83
570 40 12 82
571 38 1 79
572 37 175 78
573 35 168 75
574 34 207 74
575 32 83 71
576 44 94 88
577 42 227 85
578 41 12 84
579 39 1 81
580 38 175 80
581 36 168 77
582 35 207 76
583 45 94 90
584 43 227 87
585 42 12 86
586 40 1 83
587 39 175 82
588 37 168 79
589 46 94 92
590 44 227 89
591 43 12 88
592 41 1 85
593 40 175 84
594 47 94 94
595 45 227 91
596 44 12 90
597 42 1 87
598 48 94 96
599 46 227 93
600 45 12 92
601 49 94 98
602 47 227 95
603 50 94 100
604 51 67 102
605 48 21 97
606 46 86 94
607 43 235 89
608 41 236 86
609 38 125 81
610 36 36 78
611 33 184 73
612 31 215 70
613 52 67 104
614 49 21 99
615 47 86 96
616 44 235 91
617 42 236 88
618 39 125 83
619 37 36 80
620 34 184 75
621 53 67 106
622 50 21 101
623 48 86 98
624 45 235 93
625 43 236 90
626 40 125 85
627 38 36 82
628 54 67 108
629 51 21 103
630 49 86 100
631 46 235 95
632 44 236 92
633 41 125 87
634 55 67 110
635 52 21 105
636 50 86 102
637 47 235 97
638 45 236 94
639 56 67 112
640 53 21 107
641 51 86 104
642 48 235 99
643 57 67 114
644 54 21 109
645 52 86 106
646 58 67 116
647 55 21 111
648 59 67 118
649 60 161 120
650 56 241 113
651 53 210 108
652 49 200 101
653 46 171 96
654 42 238 89
655 61 161 122
656 57 241 115
657 54 210 110
658 50 200 103
659 47 171 98
660 62 161 124
661 58 241 117
662 55 210 112
663 51 200 105
664 63 161 126
665 59 241 119
666 56 210 114
667 64 161 128
668 60 241 121
669 65 161 130
670 0 262 33
671 1 4 33
672 2 247 33
673 3 64 33
674 4 7 33
675 5 235 33
676 6 112 33
677 0 97 34
678 1 219 34
679 2 247 34
680 3 98 34
681 4 168 34
682 5 164 34
683 6 16 34
684 7 185 34
685 0 1 35
686 8 29 35
687 0 262 36
688 0 262 37
689 0 262 38
690 10 178 38
691 0 1 39
692 11 8 39
693 0 262 40
694 0 262 41
695 0 262 42
696 1 262 35
697 2 4 35
698 3 247 35
699 4 64 35
700 5 7 35
701 6 235 35
702 7 112 35
703 1 97 36
704 2 219 36
705 3 247 36
706 4 98 36
707 5 168 36
708 6 164 36
709 7 16 36
710 8 185 36
711 1 1 37
712 9 29 37
713 1 262 38
714 1 262 39
715 1 262 40
716 11 178 40
717 1 1 41
718 12 8 41
719 1 262 42
720 13 81 42
721 2 262 37
722 3 4 37
723 4 247 37
724 5 64 37
725 6 7 37
726 7 235 37
727 8 112 37
728 2 97 38
729 3 219 38
730 4 247 38
731 5 98 38
732 6 168 38
733 7 164 38
734 8 16 38
735 9 185 38
736 2 1 39
737 10 29 39
738 2 262 40
739 2 262 41
740 2 262 42
741 12 178 42
742 0 246 43
743 1 243 43
744 2 1 43
745 3 262 39
746 4 4 39
747 5 247 39
748 6 64 39
749 7 7 39
750 8 235 39
751 9 112 39
752 3 97 40
753 4 219 40
754 5 247 40
755 6 98 40
756 7 168 40
757 8 164 40
758 9 16 40
759 10 185 40
760 3 1 41
761 11 29 41
762 3 262 42
763 3 262 43
764 13 129 43
765 14 149 43
766 0 222 44
767 2 232 44
768 4 262 41
769 5 4 41
770 6 247 41
771 7 64 41
772 8 7 41
773 9 235 41
774 10 112 41
775 4 97 42
776 5 219 42
777 6 247 42
778 7 98 42
779 8 168 42
780 9 164 42
781 10 16 42
782 11 185 42
783 4 1 43
784 12 29 43
785 1 260 44
786 3 68 44
787 4 112 44
788 13 25 44
789 14 175 44
790 5 262 43
791 6 4 43
792 7 247 43
793 8 64 43
794 9 7 43
795 10 235 43
796 11 112 43
797 5 97 44
798 6 219 44
799 7 247 44
800 8 98 44
801 9 168 44
802 10 164 44
803 11 16 44
804 12 185 44
805 0 195 45
806 1 43 45
807 2 97 45
808 3 253 45
809 4 235 45
810 5 262 45
811 6 262 45
812 7 4 45
813 8 247 45
814 9 64 45
815 10 7 45
816 11 235 45
817 12 112 45
818 13 105 45
819 14 245 45
820 15 261 45
821 0 32 46
822 1 81 46
823 2 121 46
824 3 74 46
825 4 94 46
826 5 228 46
827 6 158 46
828 7 5 46
829 8 240 46
830 9 93 46
831 10 86 46
832 11 51 46
833 12 221 46
834 13 183 46
835 14 253 46
836 15 207 46
837 16 32 46
838 0 190 47
839 1 110 47
840 2 171 47
841 3 37 47
842 4 31 47
843 5 168 47
844 6 74 47
845 7 187 47
846 8 139 47
847 9 228 47
848 0 214 48
849 1 47 48
850 10 44 47
851 11 45 47
852 12 178 47
853 13 8 47
854 14 142 47
855 15 140 47
856 16 163 47
857 2 125 48
858 3 199 48
859 4 1 48
860 5 21 48
861 6 126 48
862 7 205 48
863 8 36 48
864 9 156 48
865 10 176 48
866 0 4 49
867 1 171 49
868 11 44 48
869 12 200 48
870 13 134 48
871 14 200 48
872 15 244 48
873 16 180 48
874 17 222 48
875 2 212 49
876 3 17 49
877 4 200 49
878 5 67 49
879 6 179 49
880 7 55 49
881 8 198 49
882 9 50 49
883 10 24 49
884 18 163 49
885 11 144 49
886 12 110 49
887 13 235 49
888 14 201 49
889 15 74 49
890 16 228 49
891 17 11 49
892 0 217 50
893 1 38 50
894 2 221 50
895 3 84 50
896 4 261 50
897 5 186 50
898 6 119 50
899 7 107 50
900 8 188 50
901 9 132 50
902 10 153 50
903 11 18 50
904 12 78 50
905 13 108 50
906 14 173 50
907 15 13 50
908 16 225 50
909 17 67 50
910 18 224 50
911 0 105 51
912 1 11 51
913 2 165 51
914 3 29 51
915 4 22 51
916 5 142 51
917 6 181 51
918 7 1 51
919 8 152 51
920 9 126 51
921 10 199 51
922 11 199 51
923 12 111 51
924 13 200 51
925 14 164 51
926 15 247 51
927 16 156 51
928 17 240 51
929 18 125 51
930 19 41 51
931 0 9 52
932 1 4 52
933 2 23 52
934 3 184 52
935 4 121 52
936 5 34 52
937 6 113 52
938 7 183 52
939 8 143 52
940 9 40 52
941 10 78 52
942 11 188 52
943 12 116 52
944 13 96 52
945 14 72 52
946 15 213 52
947 16 179 52
948 17 111 52
949 18 155 52
950 19 124 52
951 0 51 53
952 1 210 53
953 2 201 53
954 3 30 53
955 4 146 53
956 5 17 53
957 9 148 53
958 10 257 53
959 11 156 53
960 12 167 53
961 13 247 53
962 14 209 53
963 15 107 53
964 16 216 53
965 17 204 53
966 18 11 53
967 19 124 53
968 20 161 53
969 0 208 54
970 1 3 54
971 2 68 54
972 3 84 54
973 4 57 54
974 12 257 54
975 16 262 54
976 13 113 54
977 14 22 54
978 17 46 54
979 15 189 54
980 18 236 54
981 19 151 54
982 20 11 54
983 21 252 54
984 0 187 55
985 1 50 55
986 2 11 55
987 3 182 55
988 15 8 55
989 16 161 55
990 17 221 55
991 18 206 55
992 19 17 55
993 20 26 55
994 21 109 55
995 0 254 56
996 1 76 56
997 2 1 56
998 18 32 56
999 19 1 56
1000 17 112 56
1001 20 73 56
1002 21 145 56
1003 22 149 56
1004 0 218 57
1005 20 1 57
1006 1 257 57
1007 21 36 57
1008 19 97 57
1009 22 146 57
1010 23 238 57
1011 0 112 58
1012 20 202 58
1013 21 87 58
1014 22 262 58
1015 23 1 58
1016 22 163 59
1017 23 262 59
1018 24 262 59
1019 24 262 60
1020 25 262 61
1021 26 206 62
1022 25 103 62
1023 24 80 61
1024 23 223 60
1025 22 243 60
1026 21 10 59
1027 20 5 59
1028 19 129 58
1029 18 67 57
1030 17 165 57
1031 16 49 56
1032 15 156 56
1033 14 185 55
1034 13 224 55
1035 12 112 55
1036 11 207 54
1037 10 235 54
1038 9 249 54
1039 8 7 53
1040 7 135 53
1041 27 206 64
1042 26 160 63
1043 25 80 63
1044 24 223 62
1045 23 20 61
1046 22 10 61
1047 21 258 60
1048 20 129 60
1049 19 67 59
1050 18 98 58
1051 17 49 58
1052 16 107 57
1053 15 185 57
1054 14 39 56
1055 13 151 56
1056 12 207 56
1057 11 28 55
1058 10 14 55
1059 9 7 55
1060 28 57 65
1061 27 160 65
1062 26 183 64
1063 25 223 64
1064 24 20 63
1065 23 253 62
1066 22 258 62
1067 21 134 61
1068 20 67 61
1069 19 98 60
1070 18 214 59
1071 17 107 59
1072 16 78 58
1073 15 39 58
1074 14 112 57
1075 13 56 57
1076 12 28 57
1077 11 249 56
1078 29 57 67
1079 28 103 66
1080 27 183 66
1081 26 40 65
1082 25 20 65
1083 24 253 64
1084 23 5 63
1085 22 134 63
1086 21 196 62
1087 20 98 62
1088 19 214 61
1089 18 156 60
1090 17 78 60
1091 16 224 59
1092 15 112 59
1093 14 207 58
1094 13 235 58
1095 30 57 69
1096 29 103 68
1097 28 80 67
1098 27 40 67
1099 26 243 66
1100 25 253 66
1101 24 5 65
1102 23 129 64
1103 22 196 64
1104 21 165 63
1105 20 214 63
1106 19 156 62
1107 18 185 61
1108 17 224 61
1109 16 151 60
1110 15 207 60
1111 31 57 71
1112 30 103 70
1113 29 80 69
1114 28 223 68
1115 27 243 68
1116 26 10 67
1117 25 5 67
1118 24 129 66
1119 23 67 65
1120 22 165 65
1121 21 49 64
1122 20 156 64
1123 19 185 63
1124 18 39 62
1125 17 151 62
1126 32 206 72
1127 31 103 72
1128 30 80 71
1129 29 223 70
1130 28 20 69
1131 27 10 69
1132 26 258 68
1133 25 129 68
1134 24 67 67
1135 23 98 66
1136 22 49 66
1137 21 107 65
1138 20 185 65
1139 19 39 64
1140 33 206 74
1141 32 160 73
1142 31 80 73
1143 30 223 72
1144 29 20 71
1145 28 253 70
1146 27 258 70
1147 26 134 69
1148 25 67 69
1149 24 98 68
1150 23 214 67
1151 22 107 67
1152 21 78 66
1153 34 206 76
1154 33 160 75
1155 32 183 74
1156 31 223 74
1157 30 20 73
1158 29 253 72
1159 28 5 71
1160 27 134 71
1161 26 196 70
1162 25 98 70
1163 24 214 69
1164 23 156 68
1165 35 57 77
1166 34 160 77
1167 33 183 76
1168 32 40 75
1169 31 20 75
1170 30 253 74
1171 29 5 73
1172 28 129 72
1173 27 196 72
1174 26 165 71
1175 25 214 71
1176 36 57 79
1177 35 103 78
1178 34 183 78
1179 33 40 77
1180 32 243 76
1181 31 253 76
1182 30 5 75
1183 29 129 74
1184 28 67 73
1185 27 165 73
1186 37 57 81
1187 36 103 80
1188 35 80 79
1189 34 40 79
1190 33 243 78
1191 32 10 77
1192 31 5 77
1193 30 129 76
1194 29 67 75
1195 38 57 83
1196 37 103 82
1197 36 80 81
1198 35 223 80
1199 34 243 80
1200 33 10 79
1201 32 258 78
1202 31 129 78
1203 39 206 84
1204 38 103 84
1205 37 80 83
1206 36 223 82
1207 35 20 81
1208 34 10 81
1209 33 258 80
1210 40 206 86
1211 39 160 85
1212 38 80 85
1213 37 223 84
1214 36 20 83
1215 35 253 82
1216 41 206 88
1217 40 160 87
1218 39 183 86
1219 38 223 86
1220 37 20 85
1221 42 206 90
1222 41 160 89
1223 40 183 88
1224 39 40 87
1225 43 57 91
1226 42 160 91
1227 41 183 90
1228 44 57 93
1229 43 103 92
1230 45 57 95
1231 46 230 97
1232 44 163 94
1233 42 48 92
1234 40 2 89
1235 38 241 87
1236 36 21 84
1237 34 32 82
1238 32 89 79
1239 30 73 77
1240 28 14 74
1241 26 109 72
1242 24 116 70
1243 22 39 68
1244 20 97 66
1245 18 15 63
1246 47 230 99
1247 45 163 96
1248 43 215 93
1249 41 2 91
1250 39 22 88
1251 37 21 86
1252 35 231 83
1253 33 89 81
1254 31 73 79
1255 29 14 76
1256 27 109 74
1257 25 116 72
1258 23 224 69
1259 21 166 67
1260 48 33 100
1261 46 163 98
1262 44 215 95
1263 42 2 93
1264 40 22 90
1265 38 21 88
1266 36 231 85
1267 34 89 83
1268 32 190 80
1269 30 14 78
1270 28 154 75
1271 26 147 73
1272 24 224 71
1273 49 33 102
1274 47 163 100
1275 45 215 97
1276 43 261 94
1277 41 22 92
1278 39 242 89
1279 37 231 87
1280 35 174 84
1281 33 190 82
1282 31 14 80
1283 29 154 77
1284 27 147 75
1285 50 33 104
1286 48 100 101
1287 46 215 99
1288 44 261 96
1289 42 22 94
1290 40 242 91
1291 38 231 89
1292 36 174 86
1293 34 190 84
1294 32 249 81
1295 30 154 79
1296 51 33 106
1297 49 100 103
1298 47 215 101
1299 45 261 98
1300 43 241 95
1301 41 242 93
1302 39 32 90
1303 37 174 88
1304 35 73 85
1305 33 249 83
1306 52 230 107
1307 50 100 105
1308 48 48 102
1309 46 261 100
1310 44 241 97
1311 42 242 95
1312 40 32 92
1313 38 174 90
1314 36 73 87
1315 53 230 109
1316 51 100 107
1317 49 48 104
1318 47 261 102
1319 45 241 99
1320 43 21 96
1321 41 32 94
1322 39 89 91
1323 54 230 111
1324 52 163 108
1325 50 48 106
1326 48 2 103
1327 46 241 101
1328 44 21 98
1329 42 32 96
1330 55 230 113
1331 53 163 110
1332 51 48 108
1333 49 2 105
1334 47 241 103
1335 45 21 100
1336 56 230 115
1337 54 163 112
1338 52 215 109
1339 50 2 107
1340 48 22 104
1341 57 33 116
1342 55 163 114
1343 53 215 111
1344 51 2 109
1345 58 33 118
1346 56 163 116
1347 54 215 113
1348 59 33 120
1349 57 100 117
1350 60 33 122
1351 61 242 123
1352 58 229 119
1353 55 233 115
1354 52 11 110
1355 49 118 106
1356 46 166 102
1357 43 132 97
1358 40 101 93
1359 37 151 89
1360 34 257 85
1361 31 103 81
1362 28 234 76
1363 62 242 125
1364 59 229 121
1365 56 233 117
1366 53 11 112
1367 50 118 108
1368 47 166 104
1369 44 132 99
1370 41 101 95
1371 38 151 91
1372 35 6 86
1373 32 160 82
1374 63 242 127
1375 60 229 123
1376 57 30 118
1377 54 11 114
1378 51 118 110
1379 48 97 105
1380 45 132 101
1381 42 101 97
1382 39 112 92
1383 36 6 88
1384 64 242 129
1385 61 34 124
1386 58 30 120
1387 55 11 116
1388 52 145 111
1389 49 97 107
1390 46 132 103
1391 43 162 98
1392 40 112 94
1393 65 242 131
1394 62 34 126
1395 59 30 122
1396 56 11 118
1397 53 145 113
1398 50 97 109
1399 47 132 105
1400 44 162 100
1401 66 21 132
1402 63 34 128
1403 60 30 124
1404 57 252 119
1405 54 145 115
1406 51 97 111
1407 48 131 106
1408 67 21 134
1409 64 34 130
1410 61 233 125
1411 58 252 121
1412 55 145 117
1413 52 166 112
1414 68 21 136
1415 65 34 132
1416 62 233 127
1417 59 252 123
1418 56 145 119
1419 69 21 138
1420 66 229 133
1421 63 233 129
1422 60 252 125
1423 70 21 140
1424 67 229 135
1425 64 233 131
1426 71 21 142
1427 68 229 137
1428 72 21 144
1429 6 10 53
1430 5 40 54
1431 6 134 54
1432 7 165 54
1433 4 50 55
1434 5 132 55
1435 3 193 56
1436 4 56 56
1437 2 90 57
1438 3 161 57
1439 1 153 58
1440 2 203 58
1441 0 130 59
1442 1 71 59
1443 0 258 60
1444 0 258 61
1445 0 258 62
1446 0 258 63
1447 0 258 64
1448 8 109 54
1449 6 223 55
1450 7 129 55
1451 5 26 56
1452 8 107 55
1453 6 47 56
1454 7 62 56
1455 4 223 57
1456 5 156 57
1457 3 50 58
1458 4 33 58
1459 2 203 59
1460 3 104 59
1461 1 70 60
1462 2 249 60
1463 1 129 61
1464 1 129 62
1465 8 173 56
1466 10 48 56
1467 9 170 56
1468 6 28 57
1469 7 148 57
1470 8 67 57
1471 9 39 57
1472 5 84 58
1473 6 53 58
1474 7 231 58
1475 4 159 59
1476 5 15 59
1477 3 99 60
1478 4 48 60
1479 2 169 61
1480 10 71 57
1481 8 97 58
1482 11 12 57
1483 9 109 58
1484 10 89 58
1485 6 114 59
1486 11 241 58
1487 7 80 59
1488 8 101 59
1489 5 147 60
1490 9 177 59
1491 6 154 60
1492 7 258 60
1493 12 169 58
1494 10 242 59
1495 11 48 59
1496 13 27 59
1497 12 260 59
1498 8 138 60
1499 9 42 60
1500 10 154 60
1501 11 183 60
1502 3 65 61
1503 4 51 61
1504 14 80 59
1505 12 113 60
1506 13 155 60
1507 5 87 61
1508 14 204 60
1509 6 129 61
1510 7 4 61
1511 2 107 62
1512 8 180 61
1513 14 57 61
1514 16 180 61
1515 15 243 61
1516 3 156 62
1517 4 255 62
1518 5 153 62
1519 15 212 62
1520 16 69 62
1521 1 11 63
1522 2 50 63
1523 17 218 63
1524 3 227 63
1525 1 44 64
1526 0 176 65
1527 2 63 64
1528 19 261 65
1529 9 86 61
1530 10 10 61
1531 12 10 61
1532 11 10 61
1533 13 243 61
1534 6 243 62
1535 7 213 62
1536 8 254 62
1537 9 113 62
1538 10 18 62
1539 11 49 62
1540 12 59 62
1541 13 207 62
1542 14 74 62
1543 4 177 63
1544 5 206 63
1545 6 96 63
1546 7 221 63
1547 8 224 63
1548 9 130 63
1549 15 260 63
1550 16 215 63
1551 3 140 64
1552 4 254 64
1553 5 24 64
1554 6 184 64
1555 10 86 63
1556 11 10 63
1557 13 10 63
1558 12 10 63
1559 14 243 63
1560 7 243 64
1561 8 213 64
1562 9 254 64
1563 10 113 64
1564 11 18 64
1565 12 49 64
1566 13 59 64
1567 14 207 64
1568 15 74 64
1569 16 217 64
1570 17 49 64
1571 18 195 64
1572 1 123 65
1573 2 94 65
1574 3 168 65
1575 4 22 65
1576 5 95 65
1577 6 1 65
1578 7 107 65
1579 8 189 65
1580 9 124 65
1581 10 156 65
1582 11 5 65
1583 12 253 65
1584 13 171 65
1585 14 153 65
1586 15 251 65
1587 16 201 65
1588 17 106 65
1589 18 116 65
1590 0 52 66
1591 1 168 66
1592 2 12 66
1593 3 138 66
1594 4 68 66
1595 5 42 66
1596 6 112 66
1597 7 123 66
1598 8 171 66
1599 9 91 66
1600 10 239 66
1601 11 241 66
1602 12 112 66
1603 13 152 66
1604 14 204 66
1605 15 102 66
1606 16 1 66
1607 17 40 66
1608 18 66 66
1609 19 231 66
1610 0 28 67
1611 1 120 67
1612 2 149 67
1613 3 227 67
1614 4 178 67
1615 5 112 67
1616 6 124 67
1617 7 147 67
1618 8 228 67
1619 9 24 67
1620 11 45 67
1621 10 262 67
1622 12 102 67
1623 13 90 67
1624 14 37 67
1625 15 254 67
1626 16 97 67
1627 17 250 67
1628 18 135 67
1629 19 177 67
1630 20 52 67
1631 0 205 68
1632 1 148 68
1633 2 182 68
1634 3 111 68
1635 4 92 68
1636 5 155 68
1637 6 261 68
1638 7 240 68
1639 8 138 68
1640 9 21 68
1641 10 122 68
1642 11 237 68
1643 12 194 68
1644 13 6 68
1645 14 15 68
1646 15 127 68
1647 16 155 68
1648 17 199 68
1649 18 10 68
1650 19 18 68
1651 20 220 68
1652 21 51 68
1653 0 132 69
1654 1 83 69
1655 2 261 69
1656 3 25 69
1657 4 178 69
1658 5 214 69
1659 6 250 69
1660 7 94 69
1661 8 81 69
1662 9 107 69
1663 10 29 69
1664 11 172 69
1665 12 52 69
1666 13 101 69
1667 14 241 69
1668 16 112 69
1669 15 161 69
1670 17 124 69
1671 18 150 69
1672 19 133 69
1673 20 223 69
1674 21 198 69
1675 22 175 69
1676 0 164 70
1677 1 206 70
1678 2 198 70
1679 3 156 70
1680 4 126 70
1681 5 154 70
1682 6 99 70
1683 7 222 70
1684 8 80 70
1685 9 127 70
1686 10 37 70
1687 11 25 70
1688 12 85 70
1689 13 169 70
1690 14 66 70
1691 15 20 70
1692 16 227 70
1693 17 159 70
1694 18 40 70
1695 19 110 70
1696 20 178 70
1697 21 179 70
1698 22 148 70
1699 23 102 70
1700 0 104 71
1701 1 184 71
1702 2 163 71
1703 3 34 71
1704 4 240 71
1705 5 171 71
1706 6 109 71
1707 7 174 71
1708 8 150 71
1709 9 200 71
1710 10 173 71
1711 11 41 71
1712 12 222 71
1713 13 198 71
1714 14 14 71
1715 15 233 71
1716 16 119 71
1717 17 233 71
1718 18 201 71
1719 19 171 71
1720 20 28 71
1721 21 7 71
1722 22 211 71
1723 23 103 71
1724 0 251 72
1725 1 154 72
1726 2 35 72
1727 3 219 72
1728 4 58 72
1729 5 174 72
1730 6 165 72
1731 7 148 72
1732 8 122 72
1733 9 252 72
1734 10 187 72
1735 11 125 72
1736 12 155 72
1737 13 21 72
1738 14 244 72
1739 15 17 72
1740 16 94 72
1741 17 118 72
1742 18 258 72
1743 19 223 72
1744 20 13 72
1745 21 86 72
1746 22 112 72
1747 23 148 72
1748 24 61 72
1749 0 193 73
1750 1 119 73
1751 2 38 73
1752 3 59 73
1753 4 259 73
1754 5 60 73
1755 9 52 73
1756 11 88 73
1757 12 53 73
1758 13 13 73
1759 14 196 73
1760 15 128 73
1761 16 44 73
1762 17 241 73
1763 18 24 73
1764 19 215 73
1765 20 230 73
1766 21 214 73
1767 22 165 73
1768 23 211 73
1769 24 60 73
1770 25 91 73
1771 0 228 74
1772 1 253 74
1773 2 248 74
1774 3 142 74
1775 4 136 74
1776 5 248 74
1777 15 242 74
1778 17 244 74
1779 18 142 74
1780 19 171 74
1781 20 1 74
1782 21 87 74
1783 22 165 74
1784 23 127 74
1785 24 179 74
1786 25 116 74
1787 26 65 74
1788 0 83 75
1789 1 79 75
1790 2 217 75
1791 3 156 75
1792 4 70 75
1793 17 53 75
1794 18 200 75
1795 19 93 75
1796 20 4 75
1797 21 246 75
1798 22 140 75
1799 23 69 75
1800 24 230 75
1801 25 216 75
1802 26 196 75
1803 0 139 76
1804 1 153 76
1805 2 145 76
1806 3 54 76
1807 4 51 76
1808 20 43 76
1809 21 112 76
1810 22 198 76
1811 23 121 76
1812 24 142 76
1813 25 34 76
1814 26 126 76
1815 27 162 76
1816 0 95 77
1817 1 198 77
1818 2 142 77
1819 3 231 77
1820 20 56 77
1821 21 238 77
1822 22 64 77
1823 23 112 77
1824 24 9 77
1825 25 148 77
1826 26 22 77
1827 27 106 77
1828 28 248 77
1829 0 146 78
1830 1 32 78
1831 2 136 78
1832 3 16 78
1833 23 144 78
1834 24 137 78
1835 25 150 78
1836 26 34 78
1837 27 46 78
1838 29 241 78
1839 28 249 78
1840 0 205 79
1841 1 87 79
1842 2 19 79
1843 24 46 79
1844 25 6 79
1845 26 103 79
1846 27 79 79
1847 28 148 79
1848 29 34 79
1849 0 172 80
1850 1 67 80
1851 2 94 80
1852 26 34 80
1853 27 120 80
1854 28 53 80
1855 29 198 80
1856 30 98 80
1857 0 23 81
1858 1 253 81
1859 27 55 81
1860 28 51 81
1861 29 37 81
1862 30 44 81
1863 0 206 82
1864 1 137 82
1865 31 249 82
1866 29 155 82
1867 30 14 82
1868 0 94 83
1869 30 56 83
1870 32 7 83
1871 31 14 83
1872 31 14 84
1873 0 155 84
1874 33 256 84
1875 32 256 84
1876 32 256 85
1877 34 256 86
1878 33 7 85
1879 35 135 87
1880 36 71 89
1881 34 32 87
1882 33 77 86
1883 31 232 85
1884 30 98 84
1885 28 211 82
1886 27 53 82
1887 25 35 80
1888 24 187 80
1889 22 188 78
1890 21 238 78
1891 19 48 76
1892 18 16 76
1893 16 85 74
1894 15 31 75
1895 13 49 74
1896 12 208 74
1897 10 210 73
1898 9 123 74
1899 7 152 73
1900 6 189 73
1901 37 192 90
1902 35 247 88
1903 34 77 88
1904 32 147 86
1905 31 98 86
1906 29 52 83
1907 28 105 83
1908 26 114 81
1909 25 76 81
1910 23 169 79
1911 22 25 79
1912 20 48 78
1913 19 247 77
1914 17 85 76
1915 16 147 75
1916 14 156 74
1917 13 159 75
1918 11 158 74
1919 10 193 74
1920 8 76 73
1921 38 192 92
1922 36 247 90
1923 35 93 89
1924 33 116 87
1925 32 214 87
1926 30 52 85
1927 29 158 84
1928 27 114 83
1929 26 225 82
1930 24 169 81
1931 23 119 80
1932 21 239 79
1933 20 247 79
1934 18 89 77
1935 17 147 77
1936 15 156 76
1937 14 211 75
1938 12 105 75
1939 11 35 75
1940 39 167 93
1941 37 16 91
1942 36 93 91
1943 34 116 89
1944 33 49 88
1945 31 52 87
1946 30 158 86
1947 28 206 84
1948 27 225 84
1949 25 94 82
1950 24 119 82
1951 22 24 80
1952 21 8 80
1953 19 174 78
1954 18 58 78
1955 16 78 76
1956 15 211 77
1957 13 79 76
1958 40 167 95
1959 38 16 93
1960 37 170 92
1961 35 205 90
1962 34 49 90
1963 32 237 88
1964 31 158 88
1965 29 57 85
1966 28 19 85
1967 26 216 83
1968 25 144 83
1969 23 251 81
1970 22 255 81
1971 20 174 80
1972 19 205 79
1973 17 78 78
1974 16 237 77
1975 41 96 96
1976 39 255 94
1977 38 170 94
1978 36 205 92
1979 35 107 91
1980 33 26 89
1981 32 184 89
1982 30 57 87
1983 29 244 86
1984 27 216 85
1985 26 191 84
1986 24 251 83
1987 23 4 82
1988 21 176 81
1989 20 205 81
1990 18 224 79
1991 42 96 98
1992 40 255 96
1993 39 178 95
1994 37 58 93
1995 36 107 93
1996 34 26 91
1997 33 79 90
1998 31 57 89
1999 30 244 88
2000 28 155 86
2001 27 191 86
2002 25 12 84
2003 24 4 84
2004 22 87 82
2005 21 29 82
2006 43 215 99
2007 41 8 97
2008 40 178 97
2009 38 58 95
2010 37 156 94
2011 35 250 92
2012 34 79 92
2013 32 103 90
2014 31 244 90
2015 29 108 87
2016 28 36 87
2017 26 257 85
2018 25 259 85
2019 23 88 83
2020 44 215 101
2021 42 8 99
2022 41 85 98
2023 39 234 96
2024 38 156 96
2025 36 250 94
2026 35 92 93
2027 33 160 91
2028 32 141 91
2029 30 108 89
2030 29 227 88
2031 27 257 87
2032 26 2 86
2033 45 48 102
2034 43 259 100
2035 42 85 100
2036 40 234 98
2037 39 185 97
2038 37 13 95
2039 36 92 95
2040 34 160 93
2041 33 122 92
2042 31 108 91
2043 30 227 90
2044 28 3 88
2045 46 48 104
2046 44 259 102
2047 43 89 101
2048 41 29 99
2049 40 185 99
2050 38 13 97
2051 37 171 96
2052 35 183 94
2053 34 122 94
2054 32 209 92
2055 31 227 92
2056 47 48 106
2057 45 4 103
2058 44 89 103
2059 42 29 101
2060 41 78 100
2061 39 125 98
2062 38 171 98
2063 36 183 96
2064 35 202 95
2065 33 54 93
2066 48 239 107
2067 46 4 105
2068 45 174 104
2069 43 117 102
2070 42 78 102
2071 40 125 100
2072 39 46 99
2073 37 80 97
2074 36 202 97
2075 49 24 108
2076 47 4 107
2077 46 174 106
2078 44 117 104
2079 43 224 103
2080 41 138 101
2081 40 46 101
2082 38 80 99
2083 50 24 110
2084 48 261 108
2085 47 174 108
2086 45 146 105
2087 44 224 105
2088 42 138 103
2089 41 217 102
2090 51 24 112
2091 49 2 109
2092 48 176 109
2093 46 146 107
2094 45 39 106
2095 43 194 104
2096 52 251 113
2097 50 2 111
2098 49 87 110
2099 47 146 109
2100 46 39 108
2101 53 12 114
2102 51 2 113
2103 50 87 112
2104 48 190 110
2105 54 12 116
2106 52 262 114
2107 51 87 114
2108 55 12 118
2109 53 1 115
2110 56 12 120
2111 57 104 120
2112 54 128 117
2113 52 102 115
2114 49 97 111
2115 47 18 110
2116 44 171 106
2117 42 215 104
2118 39 70 100
2119 37 128 98
2120 34 198 95
2121 32 166 93
2122 29 261 89
2123 27 184 88
2124 24 186 85
2125 22 17 83
2126 19 203 80
2127 17 260 79
2128 14 57 76
2129 58 104 122
2130 55 128 119
2131 53 161 116
2132 50 97 113
2133 48 254 111
2134 45 92 107
2135 43 24 105
2136 40 70 102
2137 38 128 100
2138 35 164 96
2139 33 97 94
2140 30 261 91
2141 28 171 89
2142 25 77 86
2143 23 123 84
2144 20 203 82
2145 18 133 80
2146 59 104 124
2147 56 128 121
2148 54 161 118
2149 51 97 115
2150 49 9 112
2151 46 92 109
2152 44 24 107
2153 41 193 103
2154 39 199 101
2155 36 164 98
2156 34 97 96
2157 31 261 93
2158 29 92 90
2159 26 93 87
2160 24 123 86
2161 21 30 83
2162 60 104 126
2163 57 64 121
2164 55 161 120
2165 52 83 116
2166 50 9 114
2167 47 92 111
2168 45 239 108
2169 42 193 105
2170 40 199 103
2171 37 99 99
2172 35 83 97
2173 32 1 94
2174 30 92 92
2175 27 93 89
2176 25 140 87
2177 61 52 126
2178 58 64 123
2179 56 161 122
2180 53 180 117
2181 51 9 116
2182 48 217 112
2183 46 239 110
2184 43 35 106
2185 41 64 104
2186 38 99 101
2187 36 83 99
2188 33 262 95
2189 31 92 94
2190 28 85 90
2191 62 52 128
2192 59 64 125
2193 57 212 122
2194 54 180 119
2195 52 127 117
2196 49 46 113
2197 47 239 112
2198 44 35 108
2199 42 64 106
2200 39 82 102
2201 37 180 100
2202 34 262 97
2203 32 217 95
2204 63 52 130
2205 60 64 127
2206 58 212 124
2207 55 180 121
2208 53 136 118
2209 50 46 115
2210 48 12 113
2211 45 228 109
2212 43 231 107
2213 40 82 104
2214 38 180 102
2215 35 132 98
2216 64 52 132
2217 61 32 127
2218 59 212 126
2219 56 180 123
2220 54 136 120
2221 51 46 117
2222 49 251 114
2223 46 228 111
2224 44 231 109
2225 41 181 105
2226 39 173 103
2227 65 211 133
2228 62 32 129
2229 60 212 128
2230 57 90 123
2231 55 136 122
2232 52 240 118
2233 50 251 116
2234 47 228 113
2235 45 32 110
2236 42 181 107
2237 66 26 134
2238 63 32 131
2239 61 106 128
2240 58 90 125
2241 56 136 124
2242 53 23 119
2243 51 251 118
2244 48 149 114
2245 46 32 112
2246 67 26 136
2247 64 32 133
2248 62 106 130
2249 59 90 127
2250 57 68 124
2251 54 23 121
2252 52 6 119
2253 49 114 115
2254 68 26 138
2255 65 231 134
2256 63 106 132
2257 60 90 129
2258 58 68 126
2259 55 23 123
2260 53 257 120
2261 69 237 139
2262 66 16 135
2263 64 106 134
2264 61 45 129
2265 59 68 128
2266 56 23 125
2267 70 237 141
2268 67 16 137
2269 65 157 135
2270 62 45 131
2271 60 68 130
2272 71 237 143
2273 68 16 139
2274 66 53 136
2275 63 45 133
2276 72 237 145
2277 69 247 140
2278 67 53 138
2279 73 26 146
2280 70 247 142
2281 74 26 148
2282 6 153 74
2283 7 30 74
2284 8 207 74
2285 5 228 75
2286 6 157 75
2287 7 186 75
2288 8 253 75
2289 9 111 75
2290 10 61 75
2291 5 190 76
2292 6 179 76
2293 10 172 76
2294 11 130 76
2295 12 250 76
2296 4 254 77
2297 5 91 77
2298 12 44 77
2299 13 210 77
2300 14 109 77
2301 4 191 78
2302 7 153 76
2303 8 30 76
2304 9 207 76
2305 6 228 77
2306 7 157 77
2307 8 186 77
2308 9 253 77
2309 10 111 77
2310 11 61 77
2311 5 73 78
2312 6 208 78
2313 7 248 78
2314 11 209 78
2315 12 160 78
2316 13 12 78
2317 14 153 78
2318 15 8 78
2319 16 46 78
2320 3 216 79
2321 8 153 78
2322 9 30 78
2323 10 207 78
2324 4 165 79
2325 5 67 79
2326 6 79 79
2327 7 135 79
2328 8 216 79
2329 9 106 79
2330 10 15 79
2331 11 115 79
2332 12 112 79
2333 13 105 79
2334 14 124 79
2335 15 186 79
2336 16 95 79
2337 3 90 80
2338 4 105 80
2339 5 32 80
2340 6 132 80
2341 7 37 80
2342 8 185 80
2343 9 91 80
2344 10 176 80
2345 11 15 80
2346 12 219 80
2347 13 24 80
2348 14 247 80
2349 15 261 80
2350 16 112 80
2351 17 209 80
2352 2 91 81
2353 3 96 81
2354 4 155 81
2355 5 201 81
2356 6 221 81
2357 7 207 81
2358 8 143 81
2359 9 181 81
2360 10 82 81
2361 11 51 81
2362 12 2 81
2363 13 166 81
2364 14 91 81
2365 15 178 81
2366 16 217 81
2367 17 72 81
2368 18 221 81
2369 19 258 81
2370 2 250 82
2371 3 81 82
2372 4 104 82
2373 5 197 82
2374 6 230 82
2375 7 122 82
2376 8 62 82
2377 9 47 82
2378 10 53 82
2379 11 94 82
2380 12 139 82
2381 13 192 82
2382 14 61 82
2383 15 138 82
2384 16 165 82
2385 17 20 82
2386 18 28 82
2387 19 187 82
2388 1 155 83
2389 2 183 83
2390 3 88 83
2391 4 257 83
2392 5 242 83
2393 6 11 83
2394 7 14 83
2395 8 218 83
2396 9 115 83
2397 10 27 83
2398 11 233 83
2399 12 200 83
2400 13 247 83
2401 14 243 83
2402 15 82 83
2403 16 169 83
2404 17 65 83
2405 18 76 83
2406 19 231 83
2407 20 238 83
2408 1 112 84
2409 2 200 84
2410 3 107 84
2411 4 136 84
2412 5 26 84
2413 6 16 84
2414 7 173 84
2415 8 117 84
2416 9 191 84
2417 10 104 84
2418 11 147 84
2419 12 59 84
2420 13 110 84
2421 14 161 84
2422 15 53 84
2423 16 23 84
2424 17 93 84
2425 18 156 84
2426 19 14 84
2427 20 230 84
2428 21 92 84
2429 22 132 84
2430 0 180 85
2431 1 132 85
2432 2 22 85
2433 3 38 85
2434 4 65 85
2435 5 243 85
2436 6 155 85
2437 7 95 85
2438 8 250 85
2439 9 19 85
2440 10 22 85
2441 11 124 85
2442 12 262 85
2443 13 71 85
2444 14 56 85
2445 15 27 85
2446 16 69 85
2447 17 128 85
2448 18 127 85
2449 19 107 85
2450 20 33 85
2451 21 138 85
2452 22 91 85
2453 23 90 85
2454 0 227 86
2455 1 204 86
2456 2 136 86
2457 3 111 86
2458 4 134 86
2459 5 97 86
2460 6 47 86
2461 7 102 86
2462 8 140 86
2463 9 242 86
2464 10 209 86
2465 11 81 86
2466 12 33 86
2467 13 126 86
2468 14 156 86
2469 15 141 86
2470 16 249 86
2471 17 51 86
2472 18 124 86
2473 19 211 86
2474 20 20 86
2475 21 131 86
2476 22 118 86
2477 23 5 86
2478 0 178 87
2479 1 256 87
2480 2 136 87
2481 3 183 87
2482 4 197 87
2483 5 57 87
2484 6 255 87
2485 7 221 87
2486 8 42 87
2487 9 43 87
2488 10 154 87
2489 11 20 87
2490 12 182 87
2491 13 194 87
2492 14 32 87
2493 15 49 87
2494 16 248 87
2495 17 99 87
2496 18 47 87
2497 19 28 87
2498 20 154 87
2499 21 252 87
2500 22 151 87
2501 23 210 87
2502 24 211 87
2503 0 59 88
2504 1 210 88
2505 2 240 88
2506 3 159 88
2507 4 165 88
2508 5 153 88
2509 6 235 88
2510 7 85 88
2511 8 65 88
2512 9 248 88
2513 10 111 88
2514 11 127 88
2515 12 7 88
2516 13 31 88
2517 14 103 88
2518 15 7 88
2519 16 153 88
2520 17 130 88
2521 18 242 88
2522 19 78 88
2523 20 21 88
2524 21 163 88
2525 22 62 88
2526 23 71 88
2527 24 2 88
2528 25 242 88
2529 26 185 88
2530 0 247 89
2531 1 209 89
2532 2 1 89
2533 3 194 89
2534 4 14 89
2535 5 101 89
2536 6 214 89
2537 7 260 89
2538 8 17 89
2539 9 122 89
2540 10 98 89
2541 11 181 89
2542 12 150 89
2543 13 227 89
2544 14 74 89
2545 15 192 89
2546 16 126 89
2547 17 232 89
2548 18 101 89
2549 19 251 89
2550 20 17 89
2551 21 98 89
2552 22 45 89
2553 23 235 89
2554 24 83 89
2555 25 167 89
2556 26 16 89
2557 0 229 90
2558 1 242 90
2559 2 5 90
2560 3 254 90
2561 4 94 90
2562 5 99 90
2563 6 147 90
2564 7 88 90
2565 8 68 90
2566 9 10 90
2567 10 50 90
2568 11 80 90
2569 12 209 90
2570 13 1 90
2571 14 113 90
2572 15 58 90
2573 16 54 90
2574 17 195 90
2575 18 108 90
2576 19 46 90
2577 20 256 90
2578 21 74 90
2579 22 69 90
2580 23 108 90
2581 24 5 90
2582 25 145 90
2583 26 146 90
2584 27 236 90
2585 0 206 91
2586 1 207 91
2587 2 77 91
2588 3 235 91
2589 4 10 91
2590 5 115 91
2591 6 235 91
2592 7 104 91
2593 8 245 91
2594 9 29 91
2595 10 214 91
2596 11 203 91
2597 12 211 91
2598 13 106 91
2599 14 132 91
2600 15 3 91
2601 16 146 91
2602 17 186 91
2603 18 238 91
2604 19 125 91
2605 20 80 91
2606 21 233 91
2607 22 176 91
2608 23 131 91
2609 24 133 91
2610 25 16 91
2611 26 31 91
2612 27 83 91
2613 28 75 91
2614 29 167 91
2615 0 178 92
2616 1 50 92
2617 2 40 92
2618 3 147 92
2619 4 72 92
2620 5 125 92
2621 6 49 92
2622 7 3 92
2623 8 14 92
2624 9 28 92
2625 10 24 92
2626 11 113 92
2627 12 27 92
2628 13 156 92
2629 14 220 92
2630 15 68 92
2631 16 256 92
2632 17 96 92
2633 18 74 92
2634 19 3 92
2635 20 243 92
2636 21 145 92
2637 22 224 92
2638 23 84 92
2639 24 7 92
2640 25 25 92
2641 26 16 92
2642 27 66 92
2643 28 208 92
2644 29 45 92
2645 0 217 93
2646 1 146 93
2647 2 192 93
2648 3 60 93
2649 4 140 93
2650 5 124 93
2651 6 198 93
2652 7 95 93
2653 8 41 93
2654 9 75 93
2655 10 101 93
2656 11 200 93
2657 12 181 93
2658 13 57 93
2659 14 113 93
2660 15 22 93
2661 16 15 93
2662 17 105 93
2663 18 86 93
2664 19 216 93
2665 20 37 93
2666 21 186 93
2667 22 9 93
2668 23 231 93
2669 24 236 93
2670 25 159 93
2671 26 114 93
2672 27 119 93
2673 28 28 93
2674 29 41 93
2675 30 210 93
2676 0 152 94
2677 1 223 94
2678 2 113 94
2679 3 242 94
2680 4 141 94
2681 5 211 94
2682 6 228 94
2683 7 162 94
2684 8 244 94
2685 9 34 94
2686 11 254 94
2687 13 14 94
2688 15 118 94
2689 17 207 94
2690 18 260 94
2691 19 10 94
2692 20 229 94
2693 21 118 94
2694 22 242 94
2695 23 21 94
2696 24 220 94
2697 25 4 94
2698 26 227 94
2699 27 206 94
2700 28 162 94
2701 29 137 94
2702 30 195 94
2703 0 28 95
2704 1 112 95
2705 2 160 95
2706 3 129 95
2707 4 187 95
2708 5 96 95
2709 17 154 95
2710 18 180 95
2711 19 159 95
2712 20 213 95
2713 21 146 95
2714 22 148 95
2715 23 85 95
2716 24 240 95
2717 25 52 95
2718 26 211 95
2719 27 177 95
2720 28 48 95
2721 29 8 95
2722 30 218 95
2723 31 22 95
2724 0 192 96
2725 1 28 96
2726 2 60 96
2727 3 5 96
2728 4 143 96
2729 5 163 96
2730 20 170 96
2731 21 164 96
2732 22 158 96
2733 23 107 96
2734 24 132 96
2735 25 90 96
2736 26 226 96
2737 27 138 96
2738 28 123 96
2739 29 244 96
2740 30 76 96
2741 31 219 96
2742 32 200 96
2743 33 122 96
2744 0 214 97
2745 1 81 97
2746 2 198 97
2747 3 141 97
2748 4 162 97
2749 5 227 97
2750 21 241 97
2751 23 183 97
2752 24 45 97
2753 25 187 97
2754 26 92 97
2755 27 22 97
2756 28 7 97
2757 29 54 97
2758 30 122 97
2759 31 189 97
2760 32 123 97
2761 33 36 97
2762 0 24 98
2763 1 15 98
2764 2 221 98
2765 3 126 98
2766 4 96 98
2767 24 25 98
2768 25 120 98
2769 26 242 98
2770 27 12 98
2771 28 194 98
2772 29 171 98
2773 30 104 98
2774 31 226 98
2775 32 147 98
2776 33 258 98
2777 34 32 98
2778 0 167 99
2779 1 128 99
2780 2 33 99
2781 3 212 99
2782 4 69 99
2783 25 252 99
2784 27 18 99
2785 28 111 99
2786 31 111 99
2787 30 75 99
2788 29 134 99
2789 32 80 99
2790 33 238 99
2791 34 159 99
2792 35 151 99
2793 0 45 100
2794 1 145 100
2795 2 42 100
2796 3 172 100
2797 4 151 100
2798 27 255 100
2799 28 119 100
2800 31 169 100
2801 32 161 100
2802 33 2 100
2803 30 94 100
2804 34 51 100
2805 35 166 100
2806 29 169 100
2807 36 141 100
2808 0 81 101
2809 1 220 101
2810 2 82 101
2811 3 77 101
2812 30 252 101
2813 31 260 101
2814 32 119 101
2815 33 25 101
2816 34 218 101
2817 35 242 101
2818 36 170 101
2819 37 233 101
2820 0 152 102
2821 1 46 102
2822 2 255 102
2823 3 180 102
2824 31 167 102
2825 32 121 102
2826 34 144 102
2827 33 72 102
2828 35 87 102
2829 36 42 102
2830 37 6 102
2831 0 162 103
2832 1 179 103
2833 2 230 103
2834 3 175 103
2835 31 160 103
2836 32 168 103
2837 36 167 103
2838 35 215 103
2839 34 191 103
2840 37 48 103
2841 38 192 103
2842 33 72 103
2843 0 78 104
2844 1 172 104
2845 38 215 104
2846 2 246 104
2847 34 165 104
2848 37 48 104
2849 36 48 104
2850 35 24 104
2851 39 94 104
2852 0 139 105
2853 1 108 105
2854 2 140 105
2855 39 16 105
2856 38 24 105
2857 35 86 105
2858 40 56 105
2859 37 239 105
2860 36 239 105
2861 0 256 106
2862 1 72 106
2863 2 34 106
2864 40 247 106
2865 39 255 106
2866 38 251 106
2867 41 146 106
2868 0 30 107
2869 37 12 106
2870 1 78 107
2871 38 88 107
2872 41 8 107
2873 40 8 107
2874 39 4 107
2875 0 260 108
2876 1 36 108
2877 42 4 108
2878 39 186 108
2879 43 250 108
2880 41 259 108
2881 40 259 108
2882 0 52 109
2883 1 95 109
2884 42 261 109
2885 43 178 109
2886 0 10 110
2887 41 2 109
2888 44 89 110
2889 42 222 110
2890 0 29 111
2891 43 174 110
2892 45 87 111
2893 44 87 111
2894 0 73 112
2895 46 87 113
2896 45 88 112
2897 47 176 114
2898 48 79 115
2899 46 240 114
2900 44 243 112
2901 42 129 111
2902 40 55 109
2903 38 237 108
2904 36 46 106
2905 34 203 105
2906 32 258 104
2907 30 165 102
2908 28 211 101
2909 26 138 99
2910 24 97 99
2911 22 218 97
2912 20 77 97
2913 18 116 96
2914 16 117 94
2915 14 168 94
2916 12 137 94
2917 10 163 94
2918 6 25 95
2919 7 94 95
2920 8 97 95
2921 9 154 95
2922 10 44 95
2923 49 92 116
2924 47 23 115
2925 45 10 113
2926 43 43 111
2927 41 104 110
2928 39 184 109
2929 37 240 107
2930 35 20 106
2931 33 129 104
2932 31 165 104
2933 29 237 101
2934 27 138 101
2935 25 83 100
2936 23 15 98
2937 21 62 98
2938 19 58 96
2939 17 117 96
2940 15 95 95
2941 13 42 95
2942 11 121 95
2943 12 117 95
2944 14 198 95
2945 16 117 95
2946 6 72 96
2947 50 171 117
2948 48 80 116
2949 46 10 115
2950 44 43 113
2951 42 104 112
2952 40 79 110
2953 38 240 109
2954 36 243 107
2955 34 129 106
2956 32 208 105
2957 30 237 103
2958 28 217 102
2959 26 203 100
2960 24 15 100
2961 22 31 98
2962 20 58 98
2963 18 224 97
2964 7 175 96
2965 8 199 96
2966 9 190 96
2967 10 108 96
2968 11 97 96
2969 12 73 96
2970 51 171 119
2971 49 223 117
2972 47 253 116
2973 45 110 114
2974 43 210 112
2975 41 92 111
2976 39 183 110
2977 37 10 108
2978 35 220 107
2979 33 104 105
2980 31 237 105
2981 29 240 102
2982 27 203 102
2983 25 124 101
2984 23 165 99
2985 21 156 99
2986 19 112 97
2987 17 235 97
2988 15 256 96
2989 13 199 96
2990 14 93 96
2991 16 169 96
2992 52 206 120
2993 50 40 118
2994 48 91 117
2995 46 110 116
2996 44 210 114
2997 42 92 113
2998 40 80 111
2999 38 10 110
3000 36 43 108
3001 34 104 107
3002 32 184 106
3003 30 240 104
3004 28 20 103
3005 26 129 101
3006 24 165 101
3007 22 78 99
3008 20 112 99
3009 18 97 98
3010 6 29 97
3011 7 138 97
3012 8 109 97
3013 53 160 121
3014 51 40 120
3015 49 86 118
3016 47 153 117
3017 45 158 115
3018 43 206 113
3019 41 223 112
3020 39 172 111
3021 37 110 109
3022 35 53 108
3023 33 92 106
3024 31 240 106
3025 29 10 103
3026 27 129 103
3027 25 49 102
3028 23 237 100
3029 21 138 100
3030 19 180 98
3031 17 218 98
3032 15 186 97
3033 54 103 122
3034 52 162 121
3035 50 177 119
3036 48 212 118
3037 46 158 117
3038 44 206 115
3039 42 223 114
3040 40 91 112
3041 38 110 111
3042 36 210 109
3043 34 92 108
3044 32 183 107
3045 30 10 105
3046 28 220 104
3047 26 104 102
3048 24 237 102
3049 22 69 100
3050 20 180 100
3051 18 15 99
3052 55 103 124
3053 53 182 122
3054 51 177 121
3055 49 157 119
3056 47 105 118
3057 45 160 116
3058 43 162 114
3059 41 86 113
3060 39 51 112
3061 37 158 110
3062 35 57 109
3063 33 223 107
3064 31 10 107
3065 29 110 104
3066 27 104 104
3067 25 13 103
3068 23 240 101
3069 21 203 101
3070 57 106 125
3071 54 81 123
3072 52 204 122
3073 50 106 120
3074 48 228 119
3075 46 160 118
3076 44 162 116
3077 42 86 115
3078 40 212 113
3079 38 158 112
3080 36 206 110
3081 34 223 109
3082 32 172 108
3083 30 110 106
3084 28 53 105
3085 26 92 103
3086 24 240 103
3087 56 161 126
3088 55 81 125
3089 53 161 123
3090 51 106 122
3091 49 149 120
3092 47 103 119
3093 45 182 117
3094 43 204 115
3095 41 157 114
3096 39 35 113
3097 37 160 111
3098 35 101 110
3099 33 86 108
3100 31 110 108
3101 29 158 105
3102 27 92 105
3103 58 202 127
3104 57 249 126
3105 54 102 124
3106 52 140 123
3107 50 114 121
3108 48 141 120
3109 46 182 119
3110 44 204 117
3111 42 157 116
3112 40 228 114
3113 38 160 113
3114 36 162 111
3115 34 86 110
3116 32 51 109
3117 30 158 107
3118 59 202 129
3119 56 44 127
3120 55 102 126
3121 53 193 124
3122 51 114 123
3123 49 61 121
3124 47 81 120
3125 45 161 118
3126 43 140 116
3127 41 149 115
3128 39 122 114
3129 37 182 112
3130 35 59 111
3131 33 157 109
3132 61 258 130
3133 58 118 128
3134 57 16 127
3135 54 70 125
3136 52 225 124
3137 50 202 122
3138 48 236 121
3139 46 161 120
3140 44 140 118
3141 42 149 117
3142 40 141 115
3143 38 182 114
3144 36 204 112
3145 60 25 131
3146 59 118 130
3147 56 207 128
3148 55 70 127
3149 53 19 125
3150 51 202 124
3151 49 145 122
3152 47 102 121
3153 45 193 119
3154 43 225 117
3155 41 61 116
3156 39 27 115
3157 62 54 132
3158 61 54 131
3159 58 246 129
3160 57 205 128
3161 54 244 126
3162 52 108 125
3163 50 118 123
3164 48 229 122
3165 46 193 121
3166 44 225 119
3167 42 61 118
3168 63 54 134
3169 60 17 132
3170 59 246 131
3171 56 128 129
3172 55 244 128
3173 53 209 126
3174 51 118 125
3175 49 17 123
3176 47 70 122
3177 45 19 120
3178 64 209 135
3179 62 68 133
3180 61 215 132
3181 58 76 130
3182 57 207 129
3183 54 54 127
3184 52 136 126
3185 50 246 124
3186 48 152 123
3187 65 27 136
3188 63 68 135
3189 60 20 133
3190 59 76 132
3191 56 186 130
3192 55 54 129
3193 53 195 127
3194 51 246 126
3195 66 254 137
3196 64 195 136
3197 62 222 134
3198 61 37 133
3199 58 47 131
3200 56 54 131
3201 54 68 128
3202 67 254 139
3203 65 34 137
3204 63 222 136
3205 60 244 134
3206 59 47 133
3207 57 254 130
3208 68 9 140
3209 66 164 138
3210 64 41 137
3211 62 75 135
3212 61 47 134
3213 69 127 141
3214 67 164 140
3215 65 111 138
3216 63 75 137
3217 70 127 143
3218 68 99 141
3219 66 226 139
3220 71 136 144
3221 69 82 142
3222 72 136 146
3223 9 202 97
3224 10 239 97
3225 11 51 97
3226 12 96 97
3227 13 236 97
3228 14 30 97
3229 16 98 97
3230 5 4 98
3231 6 101 98
3232 7 155 98
3233 8 162 98
3234 9 107 98
3235 10 19 98
3236 13 132 98
3237 5 214 99
3238 5 214 100
3239 4 255 101
3240 5 228 101
3241 4 156 102
3242 4 156 103
3243 3 151 104
3244 4 98 104
3245 3 185 105
3246 3 185 106
3247 2 114 107
3248 11 43 98
3249 12 183 98
3250 14 56 98
3251 15 231 98
3252 16 246 98
3253 6 142 99
3254 7 69 99
3255 8 46 99
3256 9 200 99
3257 10 57 99
3258 11 100 99
3259 12 233 99
3260 13 95 99
3261 14 74 99
3262 15 138 99
3263 17 185 99
3264 19 190 99
3265 6 250 100
3266 6 250 101
3267 5 123 102
3268 6 21 102
3269 5 138 103
3270 5 138 104
3271 16 206 99
3272 7 143 100
3273 8 66 100
3274 9 219 100
3275 10 256 100
3276 11 98 100
3277 12 248 100
3278 13 40 100
3279 14 43 100
3280 15 104 100
3281 16 248 100
3282 17 103 100
3283 18 37 100
3284 19 188 100
3285 7 99 101
3286 8 93 101
3287 9 219 101
3288 10 162 101
3289 11 23 101
3290 18 127 101
3291 22 36 101
3292 12 150 101
3293 13 89 101
3294 14 66 101
3295 15 120 101
3296 16 82 101
3297 17 250 101
3298 19 154 101
3299 20 149 101
3300 7 262 102
3301 8 140 102
3302 9 104 102
3303 10 26 102
3304 11 159 102
3305 12 153 102
3306 13 40 102
3307 14 236 102
3308 15 151 102
3309 16 51 102
3310 17 233 102
3311 18 243 102
3312 19 77 102
3313 20 72 102
3314 21 7 102
3315 22 110 102
3316 23 111 102
3317 6 198 103
3318 7 24 103
3319 8 103 103
3320 9 27 103
3321 10 43 103
3322 11 201 103
3323 12 27 103
3324 13 222 103
3325 14 85 103
3326 15 180 103
3327 16 109 103
3328 17 237 103
3329 18 142 103
3330 19 40 103
3331 20 98 103
3332 21 131 103
3333 22 129 103
3334 23 117 103
3335 6 86 104
3336 7 155 104
3337 8 194 104
3338 9 171 104
3339 10 162 104
3340 11 106 104
3341 12 232 104
3342 13 27 104
3343 14 255 104
3344 15 182 104
3345 16 170 104
3346 17 172 104
3347 18 230 104
3348 19 23 104
3349 20 147 104
3350 21 128 104
3351 22 156 104
3352 23 144 104
3353 25 116 104
3354 24 15 104
3355 26 15 104
3356 4 152 105
3357 5 88 105
3358 6 90 105
3359 7 18 105
3360 8 23 105
3361 9 125 105
3362 10 100 105
3363 11 55 105
3364 12 169 105
3365 13 119 105
3366 14 57 105
3367 15 157 105
3368 16 202 105
3369 17 130 105
3370 18 154 105
3371 19 2 105
3372 20 228 105
3373 21 178 105
3374 22 105 105
3375 23 219 105
3376 24 110 105
3377 25 56 105
3378 26 92 105
3379 4 144 106
3380 5 31 106
3381 6 130 106
3382 7 64 106
3383 8 11 106
3384 9 261 106
3385 10 154 106
3386 11 20 106
3387 12 258 106
3388 13 115 106
3389 14 28 106
3390 15 93 106
3391 16 258 106
3392 17 51 106
3393 18 200 106
3394 19 1 106
3395 20 69 106
3396 21 136 106
3397 22 161 106
3398 23 252 106
3399 24 67 106
3400 25 245 106
3401 26 231 106
3402 27 29 106
3403 28 109 106
3404 29 92 106
3405 3 3 107
3406 4 83 107
3407 5 2 107
3408 6 202 107
3409 7 164 107
3410 8 174 107
3411 9 23 107
3412 10 237 107
3413 11 12 107
3414 12 220 107
3415 13 8 107
3416 14 234 107
3417 15 138 107
3418 16 137 107
3419 17 249 107
3420 18 114 107
3421 19 252 107
3422 20 105 107
3423 21 120 107
3424 22 188 107
3425 23 136 107
3426 24 101 107
3427 25 127 107
3428 26 259 107
3429 27 191 107
3430 28 36 107
3431 29 232 107
3432 2 23 108
3433 3 56 108
3434 4 16 108
3435 5 81 108
3436 6 187 108
3437 7 135 108
3438 8 76 108
3439 9 12 108
3440 10 52 108
3441 11 256 108
3442 12 59 108
3443 13 169 108
3444 14 216 108
3445 15 217 108
3446 16 202 108
3447 17 160 108
3448 18 92 108
3449 19 208 108
3450 20 216 108
3451 21 76 108
3452 22 241 108
3453 23 177 108
3454 24 58 108
3455 25 75 108
3456 26 122 108
3457 27 37 108
3458 28 197 108
3459 29 76 108
3460 30 189 108
3461 2 189 109
3462 3 228 109
3463 4 180 109
3464 5 97 109
3465 6 160 109
3466 7 193 109
3467 8 202 109
3468 9 26 109
3469 10 149 109
3470 11 229 109
3471 12 138 109
3472 13 233 109
3473 14 252 109
3474 15 244 109
3475 16 101 109
3476 17 10 109
3477 18 99 109
3478 19 169 109
3479 20 66 109
3480 21 198 109
3481 22 154 109
3482 23 184 109
3483 24 261 109
3484 25 91 109
3485 26 257 109
3486 27 111 109
3487 28 234 109
3488 29 203 109
3489 30 33 109
3490 31 153 109
3491 1 221 110
3492 2 86 110
3493 3 72 110
3494 4 65 110
3495 5 41 110
3496 6 29 110
3497 7 210 110
3498 8 137 110
3499 9 110 110
3500 10 231 110
3501 11 122 110
3502 12 239 110
3503 13 253 110
3504 14 207 110
3505 15 80 110
3506 16 123 110
3507 17 69 110
3508 18 37 110
3509 19 216 110
3510 20 235 110
3511 21 74 110
3512 22 213 110
3513 23 41 110
3514 24 24 110
3515 25 39 110
3516 26 56 110
3517 27 119 110
3518 28 69 110
3519 29 141 110
3520 30 16 110
3521 31 35 110
3522 32 24 110
3523 33 79 110
3524 1 98 111
3525 2 236 111
3526 3 180 111
3527 4 152 111
3528 5 258 111
3529 6 220 111
3530 7 38 111
3531 8 254 111
3532 9 56 111
3533 10 257 111
3534 11 223 111
3535 12 144 111
3536 13 174 111
3537 14 25 111
3538 15 62 111
3539 17 39 111
3540 16 172 111
3541 18 26 111
3542 19 132 111
3543 20 45 111
3544 21 95 111
3545 22 130 111
3546 23 209 111
3547 24 204 111
3548 25 169 111
3549 26 11 111
3550 27 242 111
3551 28 65 111
3552 29 101 111
3553 30 129 111
3554 31 236 111
3555 32 116 111
3556 33 43 111
3557 34 19 111
3558 1 96 112
3559 2 210 112
3560 3 196 112
3561 4 65 112
3562 5 74 112
3563 6 38 112
3564 7 139 112
3565 8 123 112
3566 9 11 112
3567 10 195 112
3568 11 126 112
3569 12 51 112
3570 14 125 112
3571 13 7 112
3572 15 162 112
3573 16 248 112
3574 17 50 112
3575 18 236 112
3576 19 191 112
3577 20 151 112
3578 21 237 112
3579 22 262 112
3580 23 121 112
3581 24 134 112
3582 25 245 112
3583 26 180 112
3584 27 40 112
3585 28 162 112
3586 29 72 112
3587 30 173 112
3588 31 238 112
3589 32 130 112
3590 33 14 112
3591 34 1 112
3592 35 61 112
3593 0 132 113
3594 1 136 113
3595 2 155 113
3596 3 8 113
3597 4 165 113
3598 5 113 113
3599 6 229 113
3600 7 104 113
3601 8 98 113
3602 9 236 113
3603 10 157 113
3604 11 13 113
3605 12 254 113
3606 13 108 113
3607 14 14 113
3608 15 75 113
3609 16 97 113
3610 17 243 113
3611 18 167 113
3612 19 201 113
3613 20 126 113
3614 21 194 113
3615 22 236 113
3616 23 151 113
3617 24 43 113
3618 25 227 113
3619 26 72 113
3620 27 247 113
3621 28 162 113
3622 30 52 113
3623 29 172 113
3624 31 225 113
3625 32 233 113
3626 33 148 113
3627 34 252 113
3628 35 145 113
3629 36 72 113
3630 37 133 113
3631 0 198 114
3632 1 52 114
3633 2 195 114
3634 3 167 114
3635 4 169 114
3636 5 233 114
3637 6 244 114
3638 8 198 114
3639 7 21 114
3640 9 54 114
3641 10 259 114
3642 11 222 114
3643 12 123 114
3644 13 155 114
3645 14 128 114
3646 15 173 114
3647 16 3 114
3648 17 43 114
3649 18 97 114
3650 19 44 114
3651 20 173 114
3652 21 239 114
3653 22 20 114
3654 23 78 114
3655 24 124 114
3656 25 160 114
3657 26 160 114
3658 27 28 114
3659 28 58 114
3660 29 197 114
3661 30 107 114
3662 31 209 114
3663 32 242 114
3664 33 119 114
3665 34 65 114
3666 35 62 114
3667 36 7 114
3668 37 207 114
3669 0 130 115
3670 1 195 115
3671 2 35 115
3672 3 226 115
3673 4 174 115
3674 5 72 115
3675 6 78 115
3676 7 40 115
3677 8 224 115
3678 9 255 115
3679 10 226 115
3680 11 168 115
3681 12 226 115
3682 13 88 115
3683 14 240 115
3684 15 225 115
3685 16 141 115
3686 17 19 115
3687 18 231 115
3688 19 208 115
3689 20 73 115
3690 21 33 115
3691 22 259 115
3692 23 91 115
3693 24 128 115
3694 25 255 115
3695 26 67 115
3696 27 189 115
3697 28 64 115
3698 29 175 115
3699 30 232 115
3700 31 151 115
3701 32 70 115
3702 33 1 115
3703 34 145 115
3704 35 70 115
3705 36 2 115
3706 37 115 115
3707 38 18 115
3708 0 166 116
3709 1 212 116
3710 2 198 116
3711 3 20 116
3712 4 245 116
3713 5 173 116
3714 6 59 116
3715 7 130 116
3716 8 219 116
3717 9 52 116
3718 10 128 116
3719 11 64 116
3720 12 205 116
3721 13 55 116
3722 14 65 116
3723 15 58 116
3724 16 186 116
3725 17 221 116
3726 18 176 116
3727 19 132 116
3728 20 25 116
3729 21 85 116
3730 22 41 116
3731 23 258 116
3732 24 249 116
3733 25 224 116
3734 26 140 116
3735 27 142 116
3736 28 182 116
3737 29 69 116
3738 30 158 116
3739 31 35 116
3740 32 42 116
3741 33 129 116
3742 34 242 116
3743 39 202 116
3744 35 246 116
3745 36 42 116
3746 37 95 116
3747 38 101 116
3748 40 127 116
3749 0 185 117
3750 1 102 117
3751 2 206 117
3752 3 169 117
3753 4 130 117
3754 5 52 117
3755 6 49 117
3756 7 238 117
3757 8 173 117
3758 9 7 117
3759 10 33 117
3760 11 154 117
3761 12 25 117
3762 13 111 117
3763 14 34 117
3764 15 65 117
3765 16 33 117
3766 17 180 117
3767 18 146 117
3768 19 60 117
3769 20 27 117
3770 21 88 117
3771 22 156 117
3772 23 195 117
3773 24 57 117
3774 25 24 117
3775 26 204 117
3776 27 77 117
3777 28 245 117
3778 29 3 117
3779 30 213 117
3780 31 48 117
3781 32 94 117
3782 33 155 117
3783 34 220 117
3784 35 204 117
3785 36 248 117
3786 37 35 117
3787 38 93 117
3788 39 248 117
3789 40 83 117
3790 41 106 117
3791 0 243 118
3792 1 87 118
3793 2 59 118
3794 3 91 118
3795 4 216 118
3796 5 166 118
3797 6 129 118
3798 7 145 118
3799 8 200 118
3800 9 74 118
3801 10 242 118
3802 11 178 118
3803 12 101 118
3804 13 158 118
3805 14 77 118
3806 15 228 118
3807 16 217 118
3808 17 6 118
3809 18 63 118
3810 19 191 118
3811 20 153 118
3812 21 133 118
3813 22 91 118
3814 23 95 118
3815 24 119 118
3816 25 61 118
3817 26 156 118
3818 27 32 118
3819 28 123 118
3820 29 261 118
3821 30 122 118
3822 31 112 118
3823 32 30 118
3824 33 231 118
3825 34 111 118
3826 35 26 118
3827 36 56 118
3828 37 239 118
3829 38 180 118
3830 39 260 118
3831 40 35 118
3832 41 205 118
3833 43 123 118
3834 0 28 119
3835 1 57 119
3836 2 18 119
3837 3 247 119
3838 4 225 119
3839 5 39 119
3840 6 121 119
3841 7 75 119
3842 8 170 119
3843 9 199 119
3844 10 27 119
3845 11 219 119
3846 12 29 119
3847 13 97 119
3848 14 88 119
3849 15 81 119
3850 16 232 119
3851 17 1 119
3852 18 163 119
3853 19 136 119
3854 20 202 119
3855 21 63 119
3856 22 96 119
3857 23 224 119
3858 24 192 119
3859 25 76 119
3860 26 121 119
3861 27 252 119
3862 28 239 119
3863 29 132 119
3864 30 86 119
3865 31 100 119
3866 32 47 119
3867 33 219 119
3868 34 211 119
3869 35 193 119
3870 36 106 119
3871 37 152 119
3872 38 123 119
3873 39 136 119
3874 40 16 119
3875 41 215 119
3876 42 96 119
3877 43 132 119
3878 0 224 120
3879 1 96 120
3880 2 174 120
3881 3 48 120
3882 4 1 120
3883 5 232 120
3884 6 232 120
3885 7 245 120
3886 8 33 120
3887 9 46 120
3888 10 169 120
3889 11 8 120
3890 12 155 120
3891 13 232 120
3892 14 57 120
3893 15 223 120
3894 16 4 120
3895 17 242 120
3896 18 115 120
3897 19 141 120
3898 20 25 120
3899 21 1 120
3900 22 27 120
3901 23 257 120
3902 24 142 120
3903 25 56 120
3904 26 38 120
3905 27 20 120
3906 28 167 120
3907 29 34 120
3908 30 253 120
3909 31 52 120
3910 32 161 120
3911 33 81 120
3912 34 46 120
3913 44 59 120
3914 35 26 120
3915 36 177 120
3916 42 146 120
3917 37 183 120
3918 39 1 120
3919 38 189 120
3920 40 141 120
3921 41 107 120
3922 43 20 120
3923 0 261 121
3924 1 17 121
3925 2 238 121
3926 3 105 121
3927 4 82 121
3928 5 124 121
3929 6 261 121
3930 7 245 121
3931 8 42 121
3932 9 102 121
3933 10 207 121
3934 11 35 121
3935 12 241 121
3936 13 9 121
3937 14 201 121
3938 15 98 121
3939 16 230 121
3940 17 213 121
3941 18 106 121
3942 19 249 121
3943 20 247 121
3944 45 68 121
3945 21 248 121
3946 22 167 121
3947 42 129 121
3948 23 135 121
3949 24 84 121
3950 25 6 121
3951 39 175 121
3952 38 58 121
3953 26 243 121
3954 27 185 121
3955 28 26 121
3956 29 19 121
3957 30 214 121
3958 31 119 121
3959 32 157 121
3960 33 96 121
3961 34 252 121
3962 35 252 121
3963 36 170 121
3964 37 138 121
3965 40 255 121
3966 41 159 121
3967 43 137 121
3968 44 9 121
3969 0 55 122
3970 1 109 122
3971 2 193 122
3972 3 250 122
3973 4 92 122
3974 46 195 122
3975 5 36 122
3976 6 23 122
3977 44 65 122
3978 7 126 122
3979 8 199 122
3980 9 112 122
3981 10 249 122
3982 39 117 122
3983 11 256 122
3984 12 8 122
3985 13 138 122
3986 14 31 122
3987 16 218 122
3988 15 177 122
3989 17 131 122
3990 32 123 122
3991 18 160 122
3992 19 32 122
3993 30 230 122
3994 20 262 122
3995 21 175 122
3996 22 197 122
3997 24 249 122
3998 25 78 122
3999 23 122 122
4000 26 185 122
4001 27 233 122
4002 28 145 122
4003 47 34 123
4004 45 181 122
4005 0 135 123
4006 45 66 123
4007 42 63 122
4008 43 116 122
4009 1 170 123
4010 41 190 122
4011 40 190 122
4012 38 224 122
4013 2 29 123
4014 38 211 123
4015 36 250 122
4016 35 79 122
4017 37 247 122
4018 34 193 122
4019 33 152 122
4020 31 222 122
4021 3 201 123
4022 4 124 123
4023 29 123 122
4024 5 198 123
4025 6 186 123
4026 7 104 123
4027 8 81 123
4028 24 151 123
4029 9 84 123
4030 25 162 123
4031 48 123 124
4032 46 82 123
4033 0 231 124
4034 46 197 124
4035 44 115 123
4036 42 188 123
4037 1 174 124
4038 43 18 123
4039 41 112 123
4040 39 207 123
4041 40 112 123
4042 2 103 124
4043 31 234 123
4044 36 92 123
4045 37 228 123
4046 35 149 123
4047 34 111 123
4048 32 76 123
4049 33 37 123
4050 3 208 124
4051 30 63 123
4052 27 38 123
4053 4 15 124
4054 28 42 123
4055 29 168 123
4056 26 152 123
4057 5 117 124
4058 49 41 124
4059 47 222 124
4060 0 255 125
4061 47 33 125
4062 45 137 124
4063 44 137 124
4064 1 175 125
4065 42 258 124
4066 43 36 124
4067 39 66 124
4068 41 138 124
4069 40 138 124
4070 38 171 124
4071 6 168 124
4072 2 224 125
4073 36 57 124
4074 35 38 124
4075 32 245 124
4076 34 226 124
4077 33 163 124
4078 31 200 124
4079 30 242 124
4080 37 104 124
4081 27 90 124
4082 28 249 124
4083 24 55 124
4084 50 111 125
4085 48 76 125
4086 49 74 125
4087 0 234 126
4088 46 126 125
4089 45 42 125
4090 1 241 126
4091 44 42 125
4092 42 102 125
4093 3 12 125
4094 43 43 125
4095 41 217 125
4096 39 23 125
4097 38 206 125
4098 40 41 125
4099 4 244 125
4100 36 244 125
4101 5 260 125
4102 35 75 125
4103 34 100 125
4104 32 213 125
4105 31 21 125
4106 33 35 125
4107 30 7 125
4108 29 173 124
4109 51 111 127
4110 48 228 126
4111 50 226 126
4112 49 63 126
4113 47 200 126
4114 46 221 126
4115 0 228 127
4116 45 249 126
4117 44 249 126
4118 2 71 126
4119 42 89 126
4120 43 78 126
4121 3 195 126
4122 39 80 126
4123 40 103 126
4124 38 19 126
4125 37 169 125
4126 4 175 126
4127 36 94 126
4128 35 238 126
4129 5 80 126
4130 32 192 126
4131 33 135 126
4132 31 256 126
4133 52 225 127
4134 1 39 127
4135 0 230 128
4136 50 100 127
4137 48 213 127
4138 47 21 127
4139 49 120 127
4140 46 14 127
4141 45 180 127
4142 2 215 127
4143 44 180 127
4144 42 86 127
4145 41 40 126
4146 3 261 127
4147 41 141 127
4148 39 61 127
4149 38 169 127
4150 4 241 127
4151 37 119 126
4152 36 144 127
4153 34 96 126
4154 5 21 127
4155 34 128 127
4156 53 188 128
4157 51 75 128
4158 52 188 128
4159 0 226 129
4160 1 103 128
4161 48 192 128
4162 49 7 128
4163 47 256 128
4164 46 83 128
4165 2 251 128
4166 45 203 128
4167 44 203 128
4168 43 173 127
4169 3 131 128
4170 42 119 128
4171 40 162 127
4172 39 155 128
4173 4 126 128
4174 38 119 128
4175 37 48 127
4176 35 239 127
4177 5 71 128
4178 54 169 129
4179 51 213 129
4180 53 25 129
4181 52 25 129
4182 50 96 128
4183 1 191 129
4184 50 128 129
4185 48 199 129
4186 47 90 129
4187 2 260 129
4188 46 60 129
4189 45 20 129
4190 43 47 128
4191 3 230 129
4192 42 201 129
4193 41 209 128
4194 40 209 128
4195 4 163 129
4196 39 36 129
4197 38 48 129
4198 36 12 128
4199 55 94 130
4200 0 94 130
4201 54 119 130
4202 53 167 130
4203 51 96 130
4204 1 245 130
4205 52 158 130
4206 49 154 129
4207 48 109 130
4208 2 65 130
4209 47 233 130
4210 46 243 130
4211 44 258 129
4212 3 189 130
4213 44 81 130
4214 43 54 129
4215 41 18 129
4216 4 238 130
4217 40 18 129
4218 39 251 130
4219 57 223 131
4220 0 155 131
4221 55 144 131
4222 54 48 131
4223 1 56 131
4224 51 231 131
4225 52 32 131
4226 50 186 130
4227 49 124 130
4228 2 82 131
4229 48 139 131
4230 47 10 131
4231 45 177 130
4232 3 113 131
4233 45 236 131
4234 42 204 130
4235 43 186 130
4236 4 191 131
4237 41 257 130
4238 56 16 132
4239 0 236 132
4240 57 143 132
4241 55 215 132
4242 53 255 131
4243 1 229 132
4244 53 77 132
4245 51 186 132
4246 50 201 131
4247 2 152 132
4248 49 134 131
4249 48 129 132
4250 46 86 131
4251 3 94 132
4252 46 27 132
4253 44 204 131
4254 42 49 131
4255 4 245 132
4256 58 245 132
4257 0 59 133
4258 56 98 133
4259 57 34 133
4260 54 4 132
4261 1 123 133
4262 54 93 133
4263 52 178 132
4264 51 201 133
4265 2 38 133
4266 50 196 132
4267 49 43 132
4268 47 220 132
4269 3 155 133
4270 47 118 133
4271 45 195 132
4272 44 195 132
4273 59 245 134
4274 0 212 134
4275 58 6 133
4276 56 173 134
4277 55 259 133
4278 1 228 134
4279 55 170 134
4280 53 116 133
4281 52 116 133
4282 2 141 134
4283 51 196 134
4284 50 110 133
4285 48 208 133
4286 49 161 133
4287 3 74 134
4288 46 68 133
4289 60 228 135
4290 0 53 135
4291 59 6 135
4292 58 261 134
4293 57 177 134
4294 1 57 135
4295 56 251 135
4296 54 205 134
4297 53 49 134
4298 2 101 135
4299 52 49 134
4300 51 110 135
4301 48 203 134
4302 50 51 134
4303 49 34 134
4304 61 71 135
4305 0 79 136
4306 60 123 136
4307 59 261 136
4308 57 2 135
4309 58 176 135
4310 1 221 136
4311 55 58 135
4312 54 107 135
4313 2 91 136
4314 53 159 135
4315 52 159 135
4316 3 212 135
4317 3 212 136
4318 62 65 136
4319 0 217 137
4320 61 170 136
4321 60 156 137
4322 56 60 136
4323 1 20 137
4324 58 29 136
4325 56 58 137
4326 55 156 136
4327 57 260 136
4328 54 52 136
4329 53 210 136
4330 51 53 136
4331 63 65 138
4332 0 120 138
4333 62 66 137
4334 61 34 137
4335 59 219 137
4336 1 5 138
4337 59 29 138
4338 2 115 137
4339 57 151 137
4340 58 200 137
4341 55 211 137
4342 54 158 137
4343 64 164 138
4344 0 30 139
4345 63 66 139
4346 62 241 138
4347 60 44 138
4348 61 168 138
4349 1 202 139
4350 2 127 138
4351 56 52 138
4352 58 237 138
4353 57 66 138
4354 65 33 139
4355 0 139 140
4356 64 33 139
4357 63 241 140
4358 60 22 139
4359 62 95 139
4360 61 199 139
4361 59 112 139
4362 2 250 139
4363 1 184 140
4364 66 189 140
4365 0 232 141
4366 65 252 140
4367 64 252 140
4368 2 146 140
4369 1 185 141
4370 62 56 140
4371 60 110 140
4372 59 138 140
4373 67 74 141
4374 0 58 142
4375 66 200 141
4376 65 179 141
4377 63 42 141
4378 64 179 141
4379 1 37 142
4380 61 255 140
4381 68 226 142
4382 0 146 143
4383 67 63 142
4384 66 21 142
4385 63 114 142
4386 65 28 142
4387 64 28 142
4388 69 100 143
4389 0 168 144
4390 68 100 143
4391 67 242 143
4392 1 7 143
4393 66 256 143
4394 70 163 144
4395 0 42 145
4396 69 142 144
4397 68 142 144
4398 1 199 144
4399 71 50 145
4400 0 142 146
4401 70 121 145
4402 69 128 145
4403 72 50 147
4404 0 167 147
4405 71 71 146
4406 73 192 147
4407 0 239 148
4408 74 192 149
4409 10 82 123
4410 11 8 123
4411 12 9 123
4412 13 71 123
4413 14 63 123
4414 15 156 123
4415 16 237 123
4416 17 140 123
4417 18 105 123
4418 19 147 123
4419 20 86 123
4420 21 127 123
4421 22 34 123
4422 23 6 123
4423 7 72 124
4424 8 19 124
4425 9 146 124
4426 10 92 124
4427 11 195 124
4428 12 138 124
4429 13 141 124
4430 14 82 124
4431 15 58 124
4432 16 85 124
4433 17 193 124
4434 18 96 124
4435 19 34 124
4436 20 108 124
4437 21 191 124
4438 22 105 124
4439 23 185 124
4440 25 144 124
4441 26 119 124
4442 6 118 125
4443 7 40 125
4444 8 43 125
4445 9 186 125
4446 10 228 125
4447 11 121 125
4448 12 68 125
4449 13 2 125
4450 14 6 125
4451 15 148 125
4452 16 156 125
4453 17 162 125
4454 18 134 125
4455 19 29 125
4456 20 148 125
4457 21 96 125
4458 22 180 125
4459 23 28 125
4460 24 101 125
4461 25 19 125
4462 26 137 125
4463 27 115 125
4464 28 149 125
4465 29 154 125
4466 6 200 126
4467 7 133 126
4468 8 15 126
4469 9 41 126
4470 10 245 126
4471 11 261 126
4472 12 136 126
4473 13 202 126
4474 14 38 126
4475 15 254 126
4476 16 60 126
4477 17 88 126
4478 18 181 126
4479 19 120 126
4480 20 141 126
4481 21 259 126
4482 22 64 126
4483 23 175 126
4484 24 239 126
4485 25 161 126
4486 26 16 126
4487 27 8 126
4488 28 101 126
4489 29 81 126
4490 30 241 126
4491 6 140 127
4492 7 254 127
4493 8 211 127
4494 9 109 127
4495 10 56 127
4496 11 89 127
4497 12 127 127
4498 13 66 127
4499 14 248 127
4500 15 106 127
4501 16 19 127
4502 17 253 127
4503 18 155 127
4504 19 262 127
4505 20 212 127
4506 21 48 127
4507 22 183 127
4508 23 57 127
4509 24 108 127
4510 25 195 127
4511 26 155 127
4512 27 205 127
4513 28 129 127
4514 29 259 127
4515 30 78 127
4516 31 30 127
4517 32 251 127
4518 33 189 127
4519 6 166 128
4520 7 79 128
4521 8 98 128
4522 9 43 128
4523 10 118 128
4524 11 241 128
4525 12 193 128
4526 13 152 128
4527 14 111 128
4528 15 123 128
4529 16 189 128
4530 17 70 128
4531 18 127 128
4532 19 102 128
4533 20 259 128
4534 21 172 128
4535 22 20 128
4536 23 106 128
4537 24 150 128
4538 25 79 128
4539 26 193 128
4540 28 25 128
4541 27 122 128
4542 29 22 128
4543 30 119 128
4544 31 41 128
4545 32 55 128
4546 33 54 128
4547 34 9 128
4548 35 79 128
4549 37 79 128
4550 5 235 129
4551 6 123 129
4552 7 237 129
4553 8 51 129
4554 9 196 129
4555 10 115 129
4556 11 212 129
4557 12 188 129
4558 13 104 129
4559 14 204 129
4560 15 113 129
4561 16 83 129
4562 17 151 129
4563 18 19 129
4564 19 158 129
4565 20 209 129
4566 21 116 129
4567 22 142 129
4568 23 172 129
4569 24 20 129
4570 25 115 129
4571 26 75 129
4572 27 161 129
4573 28 210 129
4574 29 78 129
4575 30 123 129
4576 31 27 129
4577 32 133 129
4578 33 92 129
4579 34 111 129
4580 35 84 129
4581 36 116 129
4582 37 158 129
4583 5 83 130
4584 6 129 130
4585 7 74 130
4586 8 28 130
4587 9 142 130
4588 10 53 130
4589 11 74 130
4590 12 57 130
4591 13 170 130
4592 14 13 130
4593 15 156 130
4594 16 190 130
4595 17 182 130
4596 18 247 130
4597 19 258 130
4598 20 34 130
4599 21 149 130
4600 22 107 130
4601 23 142 130
4602 24 261 130
4603 25 138 130
4604 26 29 130
4605 27 70 130
4606 28 242 130
4607 29 38 130
4608 30 231 130
4609 31 155 130
4610 32 159 130
4611 33 211 130
4612 34 97 130
4613 35 254 130
4614 36 63 130
4615 37 19 130
4616 38 258 130
4617 40 15 130
4618 5 228 131
4619 6 166 131
4620 7 220 131
4621 8 256 131
4622 9 63 131
4623 10 117 131
4624 11 136 131
4625 12 53 131
4626 13 3 131
4627 14 35 131
4628 15 197 131
4629 16 39 131
4630 17 199 131
4631 18 170 131
4632 19 127 131
4633 20 126 131
4634 21 192 131
4635 22 64 131
4636 23 78 131
4637 24 118 131
4638 25 193 131
4639 26 235 131
4640 27 159 131
4641 28 150 131
4642 29 33 131
4643 30 141 131
4644 31 122 131
4645 32 216 131
4646 33 237 131
4647 34 246 131
4648 35 21 131
4649 36 170 131
4650 37 156 131
4651 38 21 131
4652 39 92 131
4653 40 114 131
4654 41 78 131
4655 43 244 131
4656 5 84 132
4657 6 51 132
4658 7 92 132
4659 8 206 132
4660 9 78 132
4661 10 243 132
4662 11 16 132
4663 12 89 132
4664 13 171 132
4665 14 64 132
4666 15 98 132
4667 16 78 132
4668 17 25 132
4669 18 238 132
4670 19 48 132
4671 20 86 132
4672 21 33 132
4673 22 256 132
4674 23 57 132
4675 24 63 132
4676 25 137 132
4677 26 76 132
4678 27 33 132
4679 28 93 132
4680 29 100 132
4681 30 245 132
4682 31 179 132
4683 32 143 132
4684 33 256 132
4685 34 161 132
4686 35 45 132
4687 36 141 132
4688 37 48 132
4689 38 17 132
4690 39 93 132
4691 40 157 132
4692 41 111 132
4693 42 210 132
4694 43 121 132
4695 4 58 133
4696 5 232 133
4697 6 46 133
4698 7 123 133
4699 8 122 133
4700 9 209 133
4701 10 42 133
4702 11 176 133
4703 12 85 133
4704 13 43 133
4705 14 55 133
4706 15 243 133
4707 16 82 133
4708 17 34 133
4709 18 75 133
4710 19 186 133
4711 20 98 133
4712 21 124 133
4713 22 189 133
4714 23 150 133
4715 24 159 133
4716 25 117 133
4717 26 20 133
4718 27 261 133
4719 28 193 133
4720 29 216 133
4721 30 253 133
4722 31 252 133
4723 32 110 133
4724 33 82 133
4725 34 147 133
4726 35 7 133
4727 36 140 133
4728 37 216 133
4729 38 116 133
4730 39 88 133
4731 40 128 133
4732 41 127 133
4733 42 167 133
4734 43 118 133
4735 44 10 133
4736 45 146 133
4737 4 250 134
4738 5 166 134
4739 6 243 134
4740 7 148 134
4741 8 81 134
4742 9 108 134
4743 10 229 134
4744 11 106 134
4745 12 193 134
4746 13 101 134
4747 14 137 134
4748 15 255 134
4749 16 230 134
4750 17 39 134
4751 18 222 134
4752 19 253 134
4753 20 199 134
4754 21 257 134
4755 22 90 134
4756 23 178 134
4757 24 18 134
4758 25 233 134
4759 26 123 134
4760 27 42 134
4761 28 230 134
4762 29 89 134
4763 30 60 134
4764 31 100 134
4765 32 140 134
4766 33 130 134
4767 34 157 134
4768 35 158 134
4769 36 79 134
4770 37 23 134
4771 38 23 134
4772 39 141 134
4773 40 213 134
4774 41 122 134
4775 42 150 134
4776 43 45 134
4777 44 125 134
4778 45 54 134
4779 46 25 134
4780 47 123 134
4781 4 148 135
4782 5 209 135
4783 6 17 135
4784 7 115 135
4785 8 174 135
4786 9 24 135
4787 10 92 135
4788 11 163 135
4789 12 30 135
4790 13 22 135
4791 14 230 135
4792 15 19 135
4793 16 125 135
4794 17 95 135
4795 18 262 135
4796 19 33 135
4797 20 21 135
4798 21 112 135
4799 22 71 135
4800 23 240 135
4801 24 35 135
4802 25 164 135
4803 26 134 135
4804 27 51 135
4805 28 89 135
4806 29 106 135
4807 30 225 135
4808 31 37 135
4809 32 235 135
4810 33 129 135
4811 34 260 135
4812 35 222 135
4813 36 29 135
4814 37 54 135
4815 38 76 135
4816 39 159 135
4817 40 228 135
4818 41 20 135
4819 42 244 135
4820 43 99 135
4821 44 143 135
4822 45 142 135
4823 46 237 135
4824 47 182 135
4825 48 93 135
4826 49 171 135
4827 50 180 135
4828 4 2 136
4829 5 60 136
4830 6 31 136
4831 7 188 136
4832 8 161 136
4833 9 132 136
4834 10 57 136
4835 11 154 136
4836 12 257 136
4837 13 159 136
4838 14 17 136
4839 15 91 136
4840 16 178 136
4841 17 250 136
4842 18 218 136
4843 19 63 136
4844 20 97 136
4845 21 136 136
4846 22 39 136
4847 23 123 136
4848 24 170 136
4849 25 83 136
4850 26 6 136
4851 27 110 136
4852 28 37 136
4853 29 123 136
4854 30 71 136
4855 31 87 136
4856 32 147 136
4857 33 95 136
4858 34 171 136
4859 35 109 136
4860 36 107 136
4861 37 215 136
4862 38 68 136
4863 39 144 136
4864 40 37 136
4865 41 118 136
4866 42 119 136
4867 43 48 136
4868 44 150 136
4869 45 154 136
4870 46 80 136
4871 47 15 136
4872 48 35 136
4873 49 238 136
4874 50 30 136
4875 52 200 136
4876 3 167 137
4877 4 183 137
4878 5 91 137
4879 6 96 137
4880 7 122 137
4881 8 171 137
4882 9 116 137
4883 10 215 137
4884 11 222 137
4885 12 10 137
4886 13 219 137
4887 14 130 137
4888 15 147 137
4889 16 100 137
4890 17 115 137
4891 18 8 137
4892 19 143 137
4893 20 151 137
4894 21 221 137
4895 22 67 137
4896 23 96 137
4897 24 12 137
4898 25 158 137
4899 26 155 137
4900 27 254 137
4901 28 47 137
4902 29 259 137
4903 30 173 137
4904 31 99 137
4905 32 98 137
4906 33 65 137
4907 34 70 137
4908 35 220 137
4909 36 239 137
4910 37 230 137
4911 38 10 137
4912 39 48 137
4913 40 160 137
4914 41 177 137
4915 42 34 137
4916 43 257 137
4917 44 35 137
4918 45 49 137
4919 46 47 137
4920 47 258 137
4921 48 182 137
4922 49 53 137
4923 50 158 137
4924 51 72 137
4925 52 57 137
4926 53 130 137
4927 3 76 138
4928 4 162 138
4929 5 69 138
4930 6 115 138
4931 7 63 138
4932 8 252 138
4933 9 29 138
4934 10 48 138
4935 11 68 138
4936 12 44 138
4937 13 239 138
4938 14 142 138
4939 15 65 138
4940 16 176 138
4941 17 181 138
4942 18 196 138
4943 19 254 138
4944 20 115 138
4945 21 55 138
4946 22 19 138
4947 23 201 138
4948 24 118 138
4949 25 148 138
4950 26 54 138
4951 27 122 138
4952 28 108 138
4953 29 101 138
4954 30 86 138
4955 31 34 138
4956 32 19 138
4957 33 47 138
4958 34 91 138
4959 35 138 138
4960 36 144 138
4961 37 217 138
4962 38 121 138
4963 39 143 138
4964 40 190 138
4965 41 64 138
4966 42 109 138
4967 43 251 138
4968 44 62 138
4969 45 171 138
4970 46 242 138
4971 47 76 138
4972 48 95 138
4973 49 173 138
4974 50 160 138
4975 51 78 138
4976 52 13 138
4977 53 229 138
4978 54 177 138
4979 55 211 138
4980 3 232 139
4981 4 58 139
4982 5 86 139
4983 6 108 139
4984 7 187 139
4985 8 116 139
4986 9 171 139
4987 10 209 139
4988 11 48 139
4989 12 3 139
4990 13 220 139
4991 14 116 139
4992 15 118 139
4993 16 245 139
4994 17 95 139
4995 18 253 139
4996 19 127 139
4997 20 29 139
4998 21 96 139
4999 22 157 139
5000 23 81 139
5001 24 237 139
5002 25 33 139
5003 26 115 139
5004 27 211 139
5005 28 81 139
5006 29 69 139
5007 30 218 139
5008 31 253 139
5009 32 256 139
5010 33 39 139
5011 34 18 139
5012 35 126 139
5013 36 38 139
5014 37 11 139
5015 38 132 139
5016 39 218 139
5017 40 123 139
5018 41 25 139
5019 42 84 139
5020 43 156 139
5021 44 71 139
5022 45 236 139
5023 46 146 139
5024 47 76 139
5025 48 101 139
5026 49 261 139
5027 50 36 139
5028 51 67 139
5029 52 163 139
5030 53 66 139
5031 54 78 139
5032 56 138 139
5033 55 152 139
5034 57 53 139
5035 58 258 139
5036 3 63 140
5037 4 40 140
5038 5 239 140
5039 6 153 140
5040 7 119 140
5041 8 242 140
5042 9 46 140
5043 10 233 140
5044 11 122 140
5045 12 183 140
5046 13 68 140
5047 14 185 140
5048 15 112 140
5049 16 177 140
5050 17 49 140
5051 18 63 140
5052 19 13 140
5053 21 188 140
5054 20 32 140
5055 22 9 140
5056 23 169 140
5057 24 31 140
5058 25 207 140
5059 26 259 140
5060 27 255 140
5061 28 11 140
5062 30 78 140
5063 29 101 140
5064 31 119 140
5065 32 121 140
5066 33 11 140
5067 34 55 140
5068 35 209 140
5069 2 47 141
5070 36 128 140
5071 37 71 140
5072 3 29 141
5073 38 83 140
5074 2 240 142
5075 39 203 140
5076 40 210 140
5077 41 59 140
5078 42 42 140
5079 43 40 140
5080 44 40 140
5081 45 171 140
5082 46 31 140
5083 47 209 140
5084 48 98 140
5085 49 224 140
5086 50 51 140
5087 51 217 140
5088 52 18 140
5089 53 132 140
5090 54 18 140
5091 55 39 140
5092 56 85 140
5093 57 245 140
5094 58 196 140
5095 4 219 141
5096 5 22 141
5097 6 248 141
5098 7 103 141
5099 8 184 141
5100 9 109 141
5101 10 194 141
5102 11 258 141
5103 12 188 141
5104 13 102 141
5105 14 139 141
5106 15 222 141
5107 16 161 141
5108 17 4 141
5109 18 249 141
5110 19 1 141
5111 20 90 141
5112 21 51 141
5113 22 28 141
5114 23 124 141
5115 24 146 141
5116 25 203 141
5117 26 216 141
5118 27 126 141
5119 28 35 141
5120 29 183 141
5121 30 97 141
5122 31 69 141
5123 32 136 141
5124 33 192 141
5125 34 186 141
5126 35 245 141
5127 36 88 141
5128 37 44 141
5129 38 106 141
5130 39 100 141
5131 40 211 141
5132 41 135 141
5133 42 248 141
5134 43 136 141
5135 44 225 141
5136 45 164 141
5137 46 138 141
5138 47 137 141
5139 48 180 141
5140 49 58 141
5141 50 240 141
5142 51 21 141
5143 52 109 141
5144 53 141 141
5145 54 221 141
5146 55 98 141
5147 56 217 141
5148 57 153 141
5149 58 92 141
5150 59 104 141
5151 60 155 141
5152 61 235 141
5153 62 139 141
5154 3 162 142
5155 4 218 142
5156 5 192 142
5157 6 140 142
5158 7 218 142
5159 8 233 142
5160 9 74 142
5161 10 102 142
5162 11 248 142
5163 12 141 142
5164 13 134 142
5165 14 110 142
5166 15 211 142
5167 16 147 142
5168 17 40 142
5169 18 214 142
5170 19 188 142
5171 20 91 142
5172 21 27 142
5173 22 116 142
5174 23 64 142
5175 24 224 142
5176 25 103 142
5177 26 137 142
5178 27 126 142
5179 28 112 142
5180 29 131 142
5181 30 217 142
5182 31 28 142
5183 32 181 142
5184 33 133 142
5185 34 250 142
5186 35 253 142
5187 36 66 142
5188 37 88 142
5189 38 97 142
5190 39 40 142
5191 40 33 142
5192 41 67 142
5193 42 223 142
5194 43 43 142
5195 44 24 142
5196 45 196 142
5197 46 92 142
5198 47 140 142
5199 48 156 142
5200 49 26 142
5201 50 12 142
5202 51 21 142
5203 52 158 142
5204 53 164 142
5205 54 187 142
5206 55 98 142
5207 56 63 142
5208 57 83 142
5209 58 237 142
5210 59 223 142
5211 60 95 142
5212 61 150 142
5213 62 162 142
5214 2 3 143
5215 3 5 143
5216 4 106 143
5217 5 136 143
5218 6 116 143
5219 7 114 143
5220 8 151 143
5221 9 161 143
5222 10 111 143
5223 11 38 143
5224 12 92 143
5225 13 61 143
5226 14 45 143
5227 15 18 143
5228 16 148 143
5229 17 22 143
5230 18 112 143
5231 19 79 143
5232 20 124 143
5233 21 241 143
5234 22 137 143
5235 23 76 143
5236 24 199 143
5237 25 53 143
5238 26 187 143
5239 27 234 143
5240 28 38 143
5241 29 233 143
5242 30 43 143
5243 31 226 143
5244 32 220 143
5245 33 52 143
5246 34 37 143
5247 35 211 143
5248 36 93 143
5249 37 39 143
5250 38 55 143
5251 39 209 143
5252 40 114 143
5253 41 69 143
5254 42 197 143
5255 43 48 143
5256 44 229 143
5257 45 100 143
5258 46 150 143
5259 47 33 143
5260 48 186 143
5261 49 126 143
5262 50 70 143
5263 51 254 143
5264 52 18 143
5265 53 39 143
5266 54 133 143
5267 55 62 143
5268 56 16 143
5269 57 253 143
5270 58 76 143
5271 59 186 143
5272 60 112 143
5273 61 206 143
5274 62 100 143
5275 63 32 143
5276 64 17 143
5277 65 163 143
5278 2 129 144
5279 3 135 144
5280 4 32 144
5281 5 198 144
5282 6 52 144
5283 7 166 144
5284 8 231 144
5285 9 227 144
5286 10 202 144
5287 11 241 144
5288 12 25 144
5289 13 259 144
5290 14 83 144
5291 15 152 144
5292 16 150 144
5293 17 251 144
5294 18 195 144
5295 19 166 144
5296 20 2 144
5297 21 146 144
5298 22 22 144
5299 23 102 144
5300 24 23 144
5301 25 216 144
5302 26 46 144
5303 27 53 144
5304 28 69 144
5305 29 143 144
5306 30 247 144
5307 31 227 144
5308 32 188 144
5309 33 150 144
5310 34 114 144
5311 35 241 144
5312 36 82 144
5313 37 176 144
5314 38 102 144
5315 39 71 144
5316 40 211 144
5317 41 151 144
5318 42 149 144
5319 43 152 144
5320 44 223 144
5321 45 241 144
5322 46 254 144
5323 47 223 144
5324 48 191 144
5325 49 204 144
5326 50 179 144
5327 51 39 144
5328 52 203 144
5329 53 155 144
5330 54 175 144
5331 55 25 144
5332 56 3 144
5333 57 218 144
5334 58 132 144
5335 59 3 144
5336 60 73 144
5337 61 165 144
5338 62 155 144
5339 63 140 144
5340 64 134 144
5341 65 236 144
5342 66 148 144
5343 67 180 144
5344 1 107 145
5345 2 10 145
5346 3 256 145
5347 4 86 145
5348 5 182 145
5349 6 97 145
5350 7 255 145
5351 8 210 145
5352 9 183 145
5353 10 40 145
5354 11 166 145
5355 12 200 145
5356 13 101 145
5357 14 240 145
5358 15 203 145
5359 16 35 145
5360 17 86 145
5361 18 53 145
5362 19 143 145
5363 20 129 145
5364 21 10 145
5365 22 199 145
5366 23 137 145
5367 24 180 145
5368 25 63 145
5369 26 183 145
5370 27 5 145
5371 28 231 145
5372 29 24 145
5373 30 26 145
5374 31 45 145
5375 32 187 145
5376 33 202 145
5377 34 140 145
5378 35 225 145
5379 36 157 145
5380 37 186 145
5381 38 38 145
5382 39 255 145
5383 40 120 145
5384 41 215 145
5385 42 216 145
5386 43 55 145
5387 44 60 145
5388 45 244 145
5389 46 65 145
5390 47 189 145
5391 48 166 145
5392 49 150 145
5393 50 202 145
5394 51 146 145
5395 52 252 145
5396 53 258 145
5397 54 124 145
5398 55 109 145
5399 56 157 145
5400 57 243 145
5401 58 250 145
5402 59 214 145
5403 60 23 145
5404 61 255 145
5405 62 81 145
5406 63 204 145
5407 64 92 145
5408 65 102 145
5409 66 95 145
5410 67 2 145
5411 68 182 145
5412 1 248 146
5413 2 218 146
5414 3 205 146
5415 4 161 146
5416 5 93 146
5417 6 52 146
5418 7 84 146
5419 8 144 146
5420 9 211 146
5421 10 29 146
5422 11 13 146
5423 12 8 146
5424 13 42 146
5425 14 90 146
5426 15 65 146
5427 16 203 146
5428 17 138 146
5429 18 93 146
5430 19 182 146
5431 20 163 146
5432 21 32 146
5433 22 41 146
5434 23 104 146
5435 24 237 146
5436 25 214 146
5437 26 260 146
5438 27 250 146
5439 28 171 146
5440 29 243 146
5441 30 138 146
5442 31 229 146
5443 32 58 146
5444 33 191 146
5445 34 144 146
5446 35 173 146
5447 36 95 146
5448 37 131 146
5449 38 108 146
5450 39 102 146
5451 40 39 146
5452 41 144 146
5453 42 203 146
5454 43 3 146
5455 44 177 146
5456 45 239 146
5457 46 108 146
5458 47 29 146
5459 48 63 146
5460 49 40 146
5461 50 257 146
5462 51 206 146
5463 52 217 146
5464 53 102 146
5465 54 65 146
5466 55 122 146
5467 56 81 146
5468 57 119 146
5469 58 9 146
5470 59 164 146
5471 60 169 146
5472 61 37 146
5473 62 38 146
5474 63 226 146
5475 64 258 146
5476 65 179 146
5477 66 81 146
5478 67 207 146
5479 68 10 146
5480 69 226 146
5481 70 23 146
5482 1 240 147
5483 2 195 147
5484 3 47 147
5485 4 48 147
5486 5 138 147
5487 6 53 147
5488 7 170 147
5489 8 171 147
5490 9 68 147
5491 10 127 147
5492 11 174 147
5493 12 219 147
5494 13 41 147
5495 14 222 147
5496 15 217 147
5497 16 215 147
5498 17 74 147
5499 18 25 147
5500 19 109 147
5501 20 167 147
5502 21 252 147
5503 22 108 147
5504 23 208 147
5505 24 24 147
5506 25 234 147
5507 26 226 147
5508 27 27 147
5509 28 121 147
5510 29 59 147
5511 30 259 147
5512 31 45 147
5513 32 107 147
5514 33 19 147
5515 34 148 147
5516 35 112 147
5517 36 93 147
5518 37 107 147
5519 38 215 147
5520 39 216 147
5521 40 39 147
5522 41 185 147
5523 42 42 147
5524 43 98 147
5525 44 260 147
5526 45 175 147
5527 46 236 147
5528 47 156 147
5529 48 169 147
5530 49 117 147
5531 50 122 147
5532 51 115 147
5533 52 255 147
5534 53 35 147
5535 54 237 147
5536 55 174 147
5537 56 241 147
5538 57 206 147
5539 58 36 147
5540 59 126 147
5541 60 239 147
5542 61 5 147
5543 62 29 147
5544 63 221 147
5545 64 96 147
5546 65 241 147
5547 66 212 147
5548 67 151 147
5549 68 172 147
5550 69 54 147
5551 70 202 147
5552 71 146 147
5553 1 197 148
5554 2 156 148
5555 3 176 148
5556 4 198 148
5557 5 89 148
5558 6 181 148
5559 7 181 148
5560 8 248 148
5561 9 133 148
5562 10 232 148
5563 11 243 148
5564 12 183 148
5565 13 190 148
5566 14 33 148
5567 15 135 148
5568 16 37 148
5569 17 77 148
5570 18 255 148
5571 19 221 148
5572 20 199 148
5573 21 48 148
5574 22 257 148
5575 23 185 148
5576 24 59 148
5577 25 249 148
5578 26 201 148
5579 27 65 148
5580 28 88 148
5581 29 56 148
5582 30 206 148
5583 31 116 148
5584 32 47 148
5585 33 150 148
5586 34 30 148
5587 35 21 148
5588 36 1 148
5589 37 259 148
5590 38 161 148
5591 39 251 148
5592 40 55 148
5593 41 215 148
5594 42 58 148
5595 43 116 148
5596 45 61 148
5597 44 99 148
5598 46 221 148
5599 47 252 148
5600 48 163 148
5601 49 89 148
5602 50 139 148
5603 51 156 148
5604 52 205 148
5605 53 195 148
5606 54 56 148
5607 55 10 148
5608 56 168 148
5609 57 17 148
5610 58 57 148
5611 59 220 148
5612 60 162 148
5613 61 65 148
5614 62 88 148
5615 63 138 148
5616 64 53 148
5617 65 260 148
5618 66 32 148
5619 67 159 148
5620 68 94 148
5621 69 21 148
5622 70 184 148
5623 71 254 148
5624 72 77 148
5625 73 232 148
5626 0 120 149
5627 1 43 149
5628 2 77 149
5629 3 23 149
5630 4 191 149
5631 5 124 149
5632 6 246 149
5633 7 167 149
5634 8 261 149
5635 9 34 149
5636 10 188 149
5637 11 205 149
5638 12 101 149
5639 13 114 149
5640 14 111 149
5641 15 50 149
5642 16 9 149
5643 17 204 149
5644 18 164 149
5645 19 11 149
5646 20 215 149
5647 21 42 149
5648 22 233 149
5649 23 158 149
5650 24 48 149
5651 25 176 149
5652 26 202 149
5653 27 38 149
5654 28 32 149
5655 29 53 149
5656 30 209 149
5657 31 156 149
5658 32 240 149
5659 33 262 149
5660 34 203 149
5661 35 240 149
5662 36 17 149
5663 37 37 149
5664 38 10 149
5665 39 35 149
5666 40 143 149
5667 41 159 149
5668 42 35 149
5669 43 41 149
5670 44 187 149
5671 45 98 149
5672 46 23 149
5673 47 83 149
5674 48 15 149
5675 49 170 149
5676 50 238 149
5677 51 54 149
5678 52 40 149
5679 53 57 149
5680 54 211 149
5681 55 225 149
5682 56 23 149
5683 57 161 149
5684 58 234 149
5685 59 28 149
5686 60 167 149
5687 61 253 149
5688 62 63 149
5689 63 260 149
5690 64 104 149
5691 65 95 149
5692 66 22 149
5693 67 97 149
5694 68 143 149
5695 69 169 149
5696 70 56 149
5697 71 119 149
5698 72 230 149
5699 73 168 149
5700 0 249 150
5701 1 47 150
5702 2 131 150
5703 3 129 150
5704 4 136 150
5705 5 40 150
5706 6 77 150
5707 7 60 150
5708 8 87 150
5709 9 147 150
5710 10 260 150
5711 11 192 150
5712 12 111 150
5713 13 150 150
5714 14 190 150
5715 15 102 150
5716 16 156 150
5717 17 190 150
5718 18 47 150
5719 19 122 150
5720 20 187 150
5721 21 213 150
5722 22 195 150
5723 23 185 150
5724 24 217 150
5725 25 6 150
5726 26 152 150
5727 27 24 150
5728 28 99 150
5729 29 72 150
5730 30 208 150
5731 31 120 150
5732 32 35 150
5733 33 4 150
5734 34 174 150
5735 35 22 150
5736 36 47 150
5737 37 86 150
5738 38 260 150
5739 39 261 150
5740 40 127 150
5741 41 184 150
5742 42 46 150
5743 43 51 150
5744 44 53 150
5745 45 115 150
5746 46 190 150
5747 47 191 150
5748 48 117 150
5749 49 30 150
5750 50 80 150
5751 51 6 150
5752 52 173 150
5753 53 177 150
5754 54 134 150
5755 55 248 150
5756 56 115 150
5757 57 110 150
5758 58 58 150
5759 59 92 150
5760 60 164 150
5761 61 235 150
5762 62 87 150
5763 63 262 150
5764 64 227 150
5765 65 89 150
5766 66 76 150
5767 67 199 150
5768 68 233 150
5769 69 68 150
5770 70 52 150
5771 71 96 150
5772 72 202 150
5773 73 32 150
5774 74 22 150
5775 75 213 150
5776 0 184 151
5777 1 199 151
5778 2 234 151
5779 3 113 151
5780 4 111 151
5781 5 195 151
5782 6 125 151
5783 7 176 151
5784 8 209 151
5785 9 136 151
5786 10 12 151
5787 11 14 151
5788 12 101 151
5789 13 50 151
5790 14 193 151
5791 15 137 151
5792 16 249 151
5793 17 147 151
5794 18 225 151
5795 19 109 151
5796 20 77 151
5797 21 14 151
5798 22 9 151
5799 23 186 151
5800 24 163 151
5801 25 146 151
5802 26 210 151
5803 27 152 151
5804 28 221 151
5805 29 81 151
5806 30 97 151
5807 31 6 151
5808 32 191 151
5809 33 81 151
5810 34 94 151
5811 35 48 151
5812 36 74 151
5813 37 86 151
5814 38 7 151
5815 39 116 151
5816 40 49 151
5817 41 113 151
5818 42 207 151
5819 43 195 151
5820 44 169 151
5821 45 89 151
5822 46 40 151
5823 47 226 151
5824 48 154 151
5825 49 60 151
5826 50 77 151
5827 51 47 151
5828 52 88 151
5829 53 67 151
5830 54 150 151
5831 55 17 151
5832 56 207 151
5833 57 179 151
5834 58 14 151
5835 59 58 151
5836 60 98 151
5837 61 200 151
5838 62 103 151
5839 63 221 151
5840 64 4 151
5841 65 111 151
5842 66 12 151
5843 67 39 151
5844 68 199 151
5845 69 100 151
5846 70 131 151
5847 71 175 151
5848 72 55 151
5849 73 30 151
5850 74 54 151
5851 75 249 151
5852 0 203 152
5853 1 258 152
5854 2 195 152
weights 153 153 153 152 152 152 152 152 152 152 152 152 152 152 152 152 152 152 152 152 152 152 152 152 152 152 152 152 152 152 152 152 152 152 152 152 152 152 152 152 152 152 152 152 152 152 152 152 152 152 152 152 152 152 152 152 152 152 152 152 152 152 152 152 152 152 152 152 152 152 152 152 152 152 152 152
