37 0 0 1291 14 23 17 12 8 14 13 10 11 12 8 6 9 9 8 11 8 5 8 11 5
37 0 0 1295 15 22 15 14 8 12 15 10 11 10 12 4 10 9 5 13 10 4 8 10 5
37 0 0 1290 15 22 15 15 7 12 15 10 11 9 13 4 10 6 10 11 8 7 5 12 5
37 0 0 1283 15 22 15 15 7 13 12 12 11 9 13 4 9 9 7 12 8 7 5 12 5
37 0 0 1277 15 22 15 15 7 14 10 13 11 11 11 4 9 11 7 10 10 5 7 10 5
37 0 0 1292 15 22 15 16 6 13 13 11 12 8 11 6 10 8 6 13 8 5 12 7 5
37 0 0 1294 15 22 15 17 5 13 14 10 11 11 11 4 10 7 11 9 10 3 9 10 5
37 0 0 1289 15 22 15 17 5 14 11 12 11 11 11 4 9 10 8 10 10 3 9 10 5
37 0 0 1293 15 22 16 13 8 13 13 11 11 9 13 4 9 8 8 12 7 8 4 13 5
37 0 0 1294 15 22 16 15 6 13 14 10 11 9 13 4 9 7 9 12 7 6 6 13 5
37 0 0 1294 15 22 16 15 6 13 15 9 11 11 11 4 10 6 12 9 9 4 8 11 5
37 0 0 1278 15 22 16 15 6 14 12 11 11 11 11 4 9 9 9 10 9 4 8 11 5
37 0 0 1296 15 22 16 15 6 15 9 13 11 11 11 4 8 12 6 11 9 4 8 11 5
37 0 0 1296 15 22 16 17 4 15 10 12 12 9 10 6 9 8 10 10 7 5 12 8 5
37 0 0 1282 15 22 17 13 7 14 13 10 11 11 11 4 9 8 10 10 8 5 7 12 5
37 0 0 1289 15 22 17 13 7 15 10 12 11 11 11 4 8 11 7 11 8 5 7 12 5
37 0 0 1285 15 22 18 12 7 15 12 10 12 10 9 6 9 8 10 10 5 10 7 10 5
37 0 0 1296 15 22 18 12 7 16 9 12 12 10 9 6 8 11 7 11 5 10 7 10 5
37 0 0 1296 15 22 18 13 6 15 12 10 11 12 7 7 8 8 12 9 5 7 10 10 5
37 0 0 1292 15 22 18 14 5 15 13 9 12 10 9 6 9 7 11 10 5 8 9 10 5
37 0 0 1292 15 22 18 14 5 16 10 11 12 10 9 6 8 10 8 11 5 8 9 10 5
37 0 0 1286 16 21 14 15 8 11 16 10 12 8 10 7 12 5 8 12 9 8 8 7 5
37 0 0 1293 16 21 15 12 10 11 16 10 10 12 9 6 10 8 7 12 10 5 6 11 5
37 0 0 1275 16 21 15 13 9 13 11 13 10 13 8 6 9 10 9 9 10 6 5 11 5
37 0 0 1292 16 21 15 15 7 12 15 10 10 13 8 6 10 6 13 8 10 4 7 11 5
37 0 0 1295 16 21 15 16 6 14 10 13 13 6 12 6 10 9 6 12 6 11 10 5 5
37 0 0 1287 16 21 16 12 9 13 13 11 12 8 13 4 10 9 6 12 7 11 5 9 5
37 0 0 1289 16 21 16 13 8 12 15 10 11 8 13 5 9 7 8 13 5 10 6 11 5
37 0 0 1291 16 21 16 13 8 12 16 9 12 8 10 7 11 5 8 13 7 8 8 9 5
37 0 0 1278 16 21 16 13 8 13 13 11 10 13 8 6 9 8 11 9 9 5 6 12 5
37 0 0 1276 16 21 16 13 8 14 10 13 11 10 11 5 8 12 5 12 7 8 8 9 5
37 0 0 1296 16 21 16 14 7 12 17 8 12 8 13 4 11 5 10 11 7 9 7 9 5
37 0 0 1275 16 21 16 14 7 13 14 10 12 8 13 4 10 8 7 12 7 9 7 9 5
37 0 0 1288 16 21 16 14 7 14 11 12 12 8 13 4 9 11 4 13 7 9 7 9 5
37 0 0 1294 16 21 16 15 6 12 16 9 11 8 13 5 9 6 9 13 5 8 8 11 5
37 0 0 1293 16 21 16 15 6 12 17 8 11 10 11 5 10 5 12 10 7 6 10 9 5
37 0 0 1292 16 21 16 15 6 13 14 10 10 13 8 6 9 7 12 9 9 3 8 12 5
37 0 0 1266 16 21 16 15 6 13 14 10 11 10 11 5 9 8 9 11 7 6 10 9 5
37 0 0 1273 16 21 16 15 6 14 11 12 11 10 11 5 8 11 6 12 7 6 10 9 5
37 0 0 1295 16 21 16 16 5 13 14 10 10 12 9 6 8 8 11 10 7 3 13 9 5
37 0 0 1296 16 21 16 16 5 13 14 10 11 9 12 5 9 5 14 9 5 9 7 11 5
37 0 0 1287 16 21 16 16 5 13 15 9 12 8 13 4 10 7 8 12 7 7 9 9 5
37 0 0 1289 16 21 16 16 5 14 12 11 12 8 13 4 9 10 5 13 7 7 9 9 5
37 0 0 1296 16 21 16 16 5 14 12 11 13 6 12 6 10 7 8 12 5 10 11 6 5
37 0 0 1274 16 21 16 16 5 15 9 13 11 11 10 5 8 10 11 8 7 7 9 9 5
37 0 0 1291 16 21 17 11 9 14 11 12 10 13 8 6 8 10 9 10 8 6 5 13 5
37 0 0 1291 16 21 17 12 8 13 15 9 12 8 13 4 10 7 8 12 6 10 6 10 5
37 0 0 1293 16 21 17 12 8 14 12 11 12 8 13 4 9 10 5 13 6 10 6 10 5
37 0 0 1274 16 21 17 13 7 13 15 9 11 10 11 5 9 7 10 11 6 7 9 10 5
37 0 0 1270 16 21 17 13 7 14 12 11 11 10 11 5 8 10 7 12 6 7 9 10 5
37 0 0 1295 16 21 17 14 6 13 16 8 12 8 13 4 10 6 9 12 6 8 8 10 5
37 0 0 1285 16 21 17 14 6 14 12 11 10 12 9 6 7 10 9 11 6 4 12 10 5
37 0 0 1288 16 21 17 14 6 14 12 11 11 9 12 5 8 7 12 10 4 10 6 12 5
37 0 0 1286 16 21 17 14 6 14 13 10 12 8 13 4 9 9 6 13 6 8 8 10 5
37 0 0 1289 16 21 17 14 6 16 7 14 11 11 10 5 7 12 9 9 6 8 8 10 5
37 0 0 1283 16 21 17 15 5 14 13 10 11 10 11 5 8 9 8 12 6 5 11 10 5
37 0 0 1290 16 21 17 16 4 15 11 11 11 11 10 5 8 8 13 8 6 6 10 10 5
37 0 0 1296 16 21 17 16 4 16 8 13 11 11 10 5 7 11 10 9 6 6 10 10 5
37 0 0 1282 16 21 18 11 8 14 13 10 11 10 11 5 8 9 8 12 5 8 8 11 5
37 0 0 1287 16 21 18 13 6 14 14 9 11 10 11 5 8 8 9 12 5 6 10 11 5
37 0 0 1295 16 21 18 13 6 15 11 11 11 10 11 5 7 11 6 13 5 6 10 11 5
37 0 0 1295 16 21 18 14 5 15 12 10 11 11 10 5 8 7 14 8 5 7 9 11 5
37 0 0 1290 16 21 18 14 5 16 9 12 11 11 10 5 7 10 11 9 5 7 9 11 5
37 0 0 1281 17 20 13 15 9 11 13 13 10 11 12 4 10 10 6 11 12 5 5 10 5
37 0 0 1287 17 20 13 18 6 12 12 13 10 12 11 4 10 8 12 7 12 4 6 10 5
37 0 0 1278 17 20 14 15 8 11 15 11 10 11 12 4 10 8 8 11 11 4 6 11 5
37 0 0 1275 17 20 14 16 7 13 10 14 10 12 11 4 9 10 10 8 11 5 5 11 5
37 0 0 1278 17 20 14 18 5 13 11 13 11 9 14 3 9 10 8 10 9 6 9 8 5
37 0 0 1287 17 20 15 13 9 11 16 10 10 11 12 4 10 7 9 11 10 5 5 12 5
37 0 0 1282 17 20 15 13 9 12 13 12 10 11 12 4 9 10 6 12 10 5 5 12 5
37 0 0 1295 17 20 15 14 8 12 13 12 10 11 9 7 9 7 11 10 7 9 6 5 10
37 0 0 1292 17 20 15 16 6 12 14 11 10 10 13 4 8 10 6 13 8 3 12 9 5
37 0 0 1295 17 20 15 16 6 12 14 11 11 7 16 3 9 7 9 12 6 9 6 11 5
37 0 0 1279 17 20 15 16 6 13 12 12 10 12 11 4 9 8 12 8 10 4 6 12 5
37 0 0 1284 17 20 15 16 6 14 9 14 11 9 14 3 8 12 6 11 8 7 8 9 5
37 0 0 1288 17 20 15 18 4 13 13 11 11 9 14 3 9 8 10 10 8 5 10 9 5
37 0 0 1296 17 20 15 18 4 14 10 13 11 9 14 3 8 11 7 11 8 5 10 9 5
37 0 0 1295 17 20 16 11 10 12 14 11 10 11 12 4 9 9 7 12 9 6 4 13 5
37 0 0 1293 17 20 16 12 9 12 15 10 10 13 7 7 9 10 6 12 9 4 11 8 5
37 0 0 1273 17 20 16 12 9 12 15 10 11 10 10 6 10 7 9 11 7 10 5 10 5
37 0 0 1287 17 20 16 13 8 12 15 10 10 11 12 4 9 8 8 12 9 4 6 13 5
37 0 0 1269 17 20 16 13 8 12 15 10 10 12 8 7 9 7 11 10 7 7 8 10 5
37 0 0 1278 17 20 16 13 8 13 13 11 10 14 6 7 9 9 11 8 9 5 10 8 5
37 0 0 1286 17 20 16 13 8 13 13 11 11 11 9 6 10 6 14 7 7 11 4 10 5
37 0 0 1284 17 20 16 13 8 14 10 13 10 14 6 7 8 12 8 9 9 5 10 8 5
37 0 0 1272 17 20 16 13 8 14 10 13 11 11 9 6 9 9 11 8 7 11 4 10 5
37 0 0 1271 17 20 16 14 7 12 16 9 11 10 10 6 10 6 10 11 7 8 7 10 5
37 0 0 1292 17 20 16 14 7 13 12 12 10 11 9 7 8 8 10 11 6 8 7 6 10
37 0 0 1285 17 20 16 14 7 13 13 11 10 12 11 4 9 7 13 8 9 5 5 13 5
37 0 0 1279 17 20 16 14 7 14 10 13 10 12 11 4 8 10 10 9 9 5 5 13 5
37 0 0 1292 17 20 16 15 6 12 16 9 11 9 11 6 10 4 12 11 7 5 10 10 5
37 0 0 1289 17 20 16 15 6 13 14 10 11 11 9 6 10 5 15 7 7 9 6 10 5
37 0 0 1264 17 20 16 15 6 14 11 12 11 11 9 6 9 8 12 8 7 9 6 10 5
37 0 0 1293 17 20 16 16 5 12 17 8 11 10 10 6 10 5 11 11 7 6 9 10 5
37 0 0 1282 17 20 16 16 5 13 14 10 11 9 14 3 9 7 11 10 7 6 9 10 5
37 0 0 1279 17 20 16 16 5 14 11 12 11 9 14 3 8 10 8 11 7 6 9 10 5
37 0 0 1295 17 20 16 17 4 14 11 12 10 11 12 4 7 10 10 10 7 3 12 10 5
37 0 0 1293 17 20 17 10 10 13 13 11 11 10 10 6 9 9 7 12 6 11 4 11 5
37 0 0 1293 17 20 17 11 9 12 16 9 10 12 8 7 9 6 12 10 6 8 7 11 5
37 0 0 1284 17 20 17 11 9 14 11 12 10 14 6 7 8 11 9 9 8 6 9 9 5
37 0 0 1294 17 20 17 11 9 14 11 12 11 11 9 6 9 8 12 8 6 12 3 11 5
37 0 0 1295 17 20 17 12 8 12 17 8 11 10 10 6 10 5 11 11 6 9 6 11 5
37 0 0 1272 17 20 17 12 8 13 14 10 11 10 10 6 9 8 8 12 6 9 6 11 5
37 0 0 1289 17 20 17 12 8 14 11 12 10 12 11 4 8 9 11 9 8 6 4 14 5
37 0 0 1295 17 20 17 13 7 12 17 8 11 9 11 6 9 6 10 12 4 9 11 8 5
37 0 0 1280 17 20 17 13 7 13 14 10 11 9 11 6 8 9 7 13 4 9 11 8 5
37 0 0 1286 17 20 17 13 7 14 12 11 10 14 6 7 8 10 10 9 8 4 11 9 5
37 0 0 1278 17 20 17 13 7 14 12 11 11 11 9 6 8 11 7 11 6 7 13 6 5
37 0 0 1278 17 20 17 13 7 14 12 11 11 11 9 6 9 7 13 8 6 10 5 11 5
37 0 0 1281 17 20 17 13 7 14 12 11 12 8 12 5 9 8 10 10 4 13 7 8 5
37 0 0 1293 17 20 17 13 7 15 9 13 12 8 12 5 8 11 7 11 4 13 7 8 5
37 0 0 1291 17 20 17 14 6 14 12 11 10 12 11 4 8 8 12 9 8 4 6 14 5
37 0 0 1295 17 20 17 14 6 14 12 11 10 13 7 7 8 7 15 7 6 7 8 11 5
37 0 0 1277 17 20 17 14 6 14 12 11 11 9 14 3 8 9 9 11 6 7 8 11 5
37 0 0 1278 17 20 17 14 6 15 9 13 11 10 10 6 7 11 9 10 4 10 10 8 5
37 0 0 1286 17 20 17 15 5 14 13 10 11 11 9 6 9 6 14 8 6 8 7 11 5
37 0 0 1283 17 20 17 15 5 14 13 10 12 8 12 5 9 7 11 10 4 11 9 8 5
37 0 0 1284 17 20 17 15 5 15 10 12 12 8 12 5 8 10 8 11 4 11 9 8 5
37 0 0 1294 17 20 17 16 4 14 13 10 11 10 10 6 8 7 13 9 4 8 12 8 5
37 0 0 1294 17 20 18 11 8 13 15 9 10 12 8 7 8 7 11 11 5 7 8 12 5
37 0 0 1296 17 20 18 11 8 13 15 9 11 9 11 6 8 8 8 13 3 10 10 9 5
37 0 0 1293 17 20 18 11 8 14 13 10 10 14 6 7 8 9 11 9 7 5 10 10 5
37 0 0 1294 17 20 18 11 8 15 10 12 11 11 9 6 8 9 11 9 5 11 4 12 5
37 0 0 1295 17 20 18 12 7 13 16 8 11 10 10 6 9 6 10 12 5 8 7 12 5
37 0 0 1293 17 20 18 13 6 14 14 9 11 11 9 6 8 9 9 11 5 6 14 7 5
37 0 0 1283 17 20 18 13 6 15 11 11 11 11 9 6 8 8 12 9 5 9 6 12 5
37 0 0 1290 17 20 18 13 6 15 11 11 12 8 12 5 8 9 9 11 3 12 8 9 5
37 0 0 1287 17 20 18 14 5 15 11 11 11 10 10 6 7 9 11 10 3 9 11 9 5
37 0 0 1296 17 20 19 10 8 15 12 10 10 14 9 4 7 11 11 8 6 7 8 11 5
37 0 0 1273 18 19 14 15 8 10 17 10 10 10 12 5 10 7 8 12 9 6 8 9 5
37 0 0 1268 18 19 14 15 8 11 15 11 10 12 10 5 10 9 8 10 11 4 10 7 5
37 0 0 1276 18 19 14 15 8 11 15 11 11 9 13 4 11 6 11 9 9 10 4 9 5
37 0 0 1276 18 19 14 15 8 12 12 13 10 12 10 5 9 12 5 11 11 4 10 7 5
37 0 0 1264 18 19 14 15 8 12 12 13 11 9 13 4 10 9 8 10 9 10 4 9 5
37 0 0 1294 18 19 14 17 6 11 16 10 10 12 10 5 10 8 9 10 11 2 12 7 5
37 0 0 1284 18 19 14 17 6 11 16 10 11 9 13 4 11 5 12 9 9 8 6 9 5
37 0 0 1261 18 19 14 17 6 12 13 12 11 9 13 4 10 8 9 10 9 8 6 9 5
37 0 0 1295 18 19 14 18 5 11 16 10 10 11 11 5 10 5 14 8 9 5 9 9 5
37 0 0 1286 18 19 15 13 9 10 18 9 10 10 12 5 10 6 9 12 8 7 7 10 5
37 0 0 1265 18 19 15 13 9 12 13 12 10 12 10 5 9 11 6 11 10 5 9 8 5
37 0 0 1275 18 19 15 13 9 12 13 12 11 9 13 4 10 8 9 10 8 11 3 10 5
37 0 0 1286 18 19 15 13 9 13 10 14 11 9 13 4 9 11 6 11 8 11 3 10 5
37 0 0 1292 18 19 15 14 8 11 16 10 11 8 14 4 10 8 5 14 8 8 6 10 5
37 0 0 1295 18 19 15 14 8 11 16 10 12 6 13 6 11 5 8 13 6 11 8 7 5
37 0 0 1291 18 19 15 14 8 12 13 12 10 11 11 5 9 9 8 11 9 6 8 4 10
37 0 0 1286 18 19 15 15 7 11 17 9 10 12 10 5 10 7 10 10 10 3 11 8 5
37 0 0 1272 18 19 15 15 7 12 14 11 10 12 10 5 9 10 7 11 10 3 11 8 5
37 0 0 1295 18 19 15 15 7 12 14 11 11 9 13 4 9 11 4 13 8 6 13 5 5
37 0 0 1264 18 19 15 15 7 12 14 11 11 9 13 4 10 7 10 10 8 9 5 10 5
37 0 0 1292 18 19 15 15 7 13 10 14 10 10 12 5 8 9 10 10 7 9 5 6 10
37 0 0 1261 18 19 15 16 6 12 14 11 10 11 11 5 9 7 12 9 8 6 8 10 5
37 0 0 1277 18 19 15 16 6 13 11 13 11 8 14 4 8 11 6 12 6 9 10 7 5
37 0 0 1277 18 19 15 17 5 12 15 10 11 9 13 4 10 6 11 10 8 7 7 10 5
37 0 0 1296 18 19 15 17 5 13 11 13 10 10 12 5 8 8 11 10 7 7 7 6 10
37 0 0 1296 18 19 15 18 4 12 15 10 11 8 14 4 9 7 10 11 6 7 12 7 5
37 0 0 1295 18 19 15 18 4 13 13 11 11 10 12 4 9 9 10 9 8 5 14 5 5
37 0 0 1287 18 19 16 11 10 11 16 10 10 10 12 5 9 8 7 13 7 8 6 11 5
37 0 0 1289 18 19 16 11 10 13 11 13 10 12 10 5 8 13 4 12 9 6 8 9 5
37 0 0 1283 18 19 16 13 8 11 17 9 10 10 12 5 9 7 8 13 7 6 8 11 5
37 0 0 1293 18 19 16 13 8 11 18 8 10 12 10 5 10 6 11 10 9 4 10 9 5
37 0 0 1268 18 19 16 13 8 12 15 10 10 12 10 5 9 9 8 11 9 4 10 9 5
37 0 0 1282 18 19 16 13 8 12 15 10 11 9 13 4 10 6 11 10 7 10 4 11 5
37 0 0 1277 18 19 16 13 8 13 12 12 10 12 10 5 8 12 5 12 9 4 10 9 5
37 0 0 1271 18 19 16 13 8 13 12 12 11 9 13 4 9 9 8 11 7 10 4 11 5
37 0 0 1296 18 19 16 14 7 12 15 10 9 13 12 3 8 9 10 10 9 4 5 14 5
37 0 0 1271 18 19 16 14 7 12 15 10 10 11 11 5 9 6 13 9 7 7 7 11 5
37 0 0 1296 18 19 16 14 7 13 12 12 10 11 11 5 8 10 7 12 8 5 9 5 10
37 0 0 1291 18 19 16 15 6 12 16 9 10 12 10 5 9 8 9 11 9 2 12 9 5
37 0 0 1287 18 19 16 15 6 12 16 9 11 9 13 4 10 5 12 10 7 8 6 11 5
37 0 0 1294 18 19 16 15 6 13 12 12 10 10 12 5 8 7 12 10 6 8 6 7 10
37 0 0 1265 18 19 16 15 6 13 13 11 11 9 13 4 9 8 9 11 7 8 6 11 5
37 0 0 1280 18 19 16 15 6 13 13 11 12 7 12 6 10 5 12 10 5 11 8 8 5
37 0 0 1296 18 19 16 16 5 12 16 9 10 11 11 5 9 5 14 9 7 5 9 11 5
37 0 0 1294 18 19 16 16 5 12 16 9 11 8 14 4 9 6 11 11 5 8 11 8 5
37 0 0 1280 18 19 16 16 5 13 13 11 11 8 14 4 8 9 8 12 5 8 11 8 5
37 0 0 1279 18 19 16 16 5 14 11 12 11 10 12 4 8 11 8 10 7 6 13 6 5
37 0 0 1294 18 19 16 16 5 14 11 12 12 7 15 3 9 8 11 9 5 12 7 8 5
37 0 0 1293 18 19 16 17 4 15 8 14 11 9 13 4 7 11 10 9 5 9 10 8 5
37 0 0 1292 18 19 17 10 10 12 16 9 11 11 8 7 10 7 10 10 6 11 8 7 5
37 0 0 1282 18 19 17 10 10 13 13 11 11 11 8 7 9 10 7 11 6 11 8 7 5
37 0 0 1279 18 19 17 11 9 12 16 9 10 12 10 5 9 8 9 11 8 5 9 10 5
37 0 0 1277 18 19 17 11 9 13 13 11 10 12 10 5 8 11 6 12 8 5 9 10 5
37 0 0 1285 18 19 17 11 9 13 13 11 10 13 6 8 8 10 9 10 6 8 11 7 5
37 0 0 1293 18 19 17 11 9 13 13 11 11 9 13 4 9 8 9 11 6 11 3 12 5
37 0 0 1289 18 19 17 12 8 12 17 8 11 11 8 7 10 6 11 10 6 9 10 7 5
37 0 0 1268 18 19 17 12 8 13 13 11 10 11 11 5 8 8 11 10 6 8 6 12 5
37 0 0 1295 18 19 17 12 8 13 13 11 10 11 11 5 8 9 8 12 7 6 8 6 10
37 0 0 1279 18 19 17 12 8 13 14 10 10 12 13 2 8 11 8 10 8 6 8 10 5
37 0 0 1268 18 19 17 12 8 13 14 10 11 11 8 7 9 9 8 11 6 9 10 7 5
37 0 0 1292 18 19 17 13 7 12 16 9 9 12 13 3 7 9 10 11 6 5 9 12 5
37 0 0 1294 18 19 17 13 7 12 17 8 10 12 10 5 9 7 10 11 8 3 11 10 5
37 0 0 1292 18 19 17 13 7 13 13 11 9 12 13 3 6 12 7 12 6 5 9 12 5
37 0 0 1281 18 19 17 13 7 13 14 10 10 12 10 5 8 10 7 12 8 3 11 10 5
37 0 0 1291 18 19 17 13 7 13 14 10 10 13 6 8 8 9 10 10 6 6 13 7 5
37 0 0 1279 18 19 17 13 7 13 14 10 11 9 13 4 9 7 10 11 6 9 5 12 5
37 0 0 1286 18 19 17 13 7 13 14 10 11 10 9 7 9 6 13 9 4 12 7 9 5
37 0 0 1289 18 19 17 13 7 14 11 12 10 11 14 2 7 11 10 9 6 9 5 12 5
37 0 0 1274 18 19 17 14 6 13 14 10 10 11 11 5 8 7 12 10 6 6 8 12 5
37 0 0 1282 18 19 17 14 6 13 14 10 11 8 14 4 8 8 9 12 4 9 10 9 5
37 0 0 1289 18 19 17 14 6 13 15 9 10 12 13 2 8 10 9 10 8 4 10 10 5
37 0 0 1278 18 19 17 14 6 13 15 9 11 11 8 7 9 8 9 11 6 7 12 7 5
37 0 0 1291 18 19 17 14 6 14 11 12 11 8 14 4 7 11 6 13 4 9 10 9 5
37 0 0 1290 18 19 17 14 6 15 9 13 11 10 12 4 7 13 6 11 6 7 12 7 5
37 0 0 1289 18 19 17 15 5 13 15 9 11 9 13 4 9 6 11 11 6 7 7 12 5
37 0 0 1290 18 19 17 15 5 14 12 11 10 11 14 2 7 10 11 9 6 7 7 12 5
37 0 0 1295 18 19 17 16 4 14 13 10 11 10 12 4 8 9 10 10 6 5 14 7 5
37 0 0 1292 18 19 18 9 10 13 14 10 10 12 10 5 8 10 7 12 7 6 8 11 5
37 0 0 1287 18 19 18 10 9 13 15 9 11 11 8 7 9 8 9 11 5 10 9 8 5
37 0 0 1292 18 19 18 10 9 14 11 12 10 11 11 5 7 10 9 11 5 9 5 13 5
37 0 0 1289 18 19 18 10 9 14 12 11 11 11 8 7 8 11 6 12 5 10 9 8 5
37 0 0 1288 18 19 18 11 8 13 15 9 10 12 10 5 8 9 8 12 7 4 10 11 5
37 0 0 1295 18 19 18 11 8 14 12 11 11 10 9 7 8 8 11 10 3 13 6 10 5
37 0 0 1295 18 19 18 12 7 13 15 9 10 11 11 5 8 6 13 10 5 7 7 13 5
37 0 0 1289 18 19 18 12 7 13 16 8 11 11 8 7 9 7 10 11 5 8 11 8 5
37 0 0 1295 18 19 18 12 7 14 13 10 10 12 13 2 7 12 7 11 7 5 9 11 5
37 0 0 1280 18 19 18 12 7 14 13 10 11 11 8 7 8 10 7 12 5 8 11 8 5
37 0 0 1289 18 19 18 13 6 14 13 10 11 9 13 4 8 8 9 12 5 8 6 13 5
37 0 0 1296 18 19 18 13 6 15 11 11 12 9 10 6 8 10 9 10 3 12 12 5 5
37 0 0 1291 18 19 18 14 5 14 14 9 11 10 12 4 8 8 11 10 5 6 13 8 5
37 0 0 1291 18 19 18 14 5 15 11 11 11 10 12 4 7 11 8 11 5 6 13 8 5
37 0 0 1295 18 19 19 10 8 14 14 9 11 11 8 7 8 9 8 12 4 9 10 9 5
37 0 0 1291 18 19 19 12 6 15 12 10 11 10 12 4 7 10 9 11 4 7 12 9 5
37 0 0 1293 19 18 13 18 6 10 16 11 10 9 15 3 10 7 9 11 10 5 8 9 5
37 0 0 1288 19 18 14 13 10 10 16 11 9 14 7 7 10 8 10 9 11 5 8 8 5
37 0 0 1296 19 18 14 15 8 11 14 12 10 11 10 6 10 8 8 11 10 7 6 4 10
37 0 0 1292 19 18 14 16 7 10 17 10 10 9 15 3 10 6 10 11 9 6 7 10 5
37 0 0 1295 19 18 15 12 10 10 18 9 11 9 12 5 11 7 7 12 8 10 8 6 5
37 0 0 1287 19 18 15 12 10 11 15 11 11 9 12 5 10 10 4 13 8 10 8 6 5
37 0 0 1270 19 18 15 13 9 11 15 11 10 11 10 6 9 10 6 12 8 7 11 6 5
37 0 0 1283 19 18 15 13 9 11 15 11 11 8 13 5 10 7 9 11 6 13 5 8 5
37 0 0 1280 19 18 15 14 8 11 15 11 10 9 15 3 9 8 8 12 8 7 6 11 5
37 0 0 1278 19 18 15 14 8 11 16 10 11 9 12 5 10 9 5 13 8 8 10 6 5
37 0 0 1293 19 18 15 14 8 12 13 12 9 15 6 7 9 8 14 6 10 5 8 9 5
37 0 0 1281 19 18 15 15 7 11 16 10 10 11 10 6 9 9 7 12 8 5 13 6 5
37 0 0 1276 19 18 15 15 7 11 16 10 11 8 13 5 10 6 10 11 6 11 7 8 5
37 0 0 1291 19 18 15 16 6 11 16 10 10 9 15 3 9 7 9 12 8 5 8 11 5
37 0 0 1293 19 18 15 16 6 11 17 9 11 9 12 5 10 8 6 13 8 6 12 6 5
37 0 0 1270 19 18 15 16 6 12 14 11 10 12 9 6 9 8 12 8 8 6 12 6 5
37 0 0 1293 19 18 15 16 6 12 14 11 11 9 12 5 10 5 15 7 6 12 6 8 5
37 0 0 1269 19 18 15 16 6 13 11 13 11 9 12 5 9 8 12 8 6 12 6 8 5
37 0 0 1293 19 18 15 17 5 11 17 9 11 8 13 5 10 5 11 11 6 9 9 8 5
37 0 0 1293 19 18 15 17 5 12 14 11 10 10 14 3 9 6 14 8 8 6 7 11 5
37 0 0 1292 19 18 16 11 10 11 16 10 9 14 7 7 9 8 10 10 9 5 8 10 5
37 0 0 1287 19 18 16 11 10 12 13 12 10 11 10 6 8 12 4 13 7 8 10 7 5
37 0 0 1286 19 18 16 12 9 11 17 9 11 9 12 5 10 8 6 13 7 9 9 7 5
37 0 0 1295 19 18 16 12 9 12 13 12 10 9 15 3 8 10 6 13 7 8 5 12 5
37 0 0 1290 19 18 16 12 9 12 14 11 11 9 12 5 9 11 3 14 7 9 9 7 5
37 0 0 1281 19 18 16 13 8 11 17 9 10 11 10 6 9 8 8 12 7 6 12 7 5
37 0 0 1295 19 18 16 13 8 12 14 11 9 13 11 4 8 9 11 9 8 7 6 6 10
37 0 0 1292 19 18 16 13 8 12 14 11 10 11 10 6 9 8 8 12 8 7 6 6 10
37 0 0 1276 19 18 16 13 8 12 14 11 11 8 13 5 9 8 8 12 5 12 6 9 5
37 0 0 1286 19 18 16 14 7 11 17 9 10 10 11 6 9 5 13 10 5 9 9 9 5
37 0 0 1293 19 18 16 14 7 11 18 8 11 9 12 5 10 7 7 13 7 7 11 7 5
37 0 0 1286 19 18 16 14 7 12 15 10 11 9 12 5 9 10 4 14 7 7 11 7 5
37 0 0 1256 19 18 16 14 7 13 12 12 10 12 9 6 8 10 10 9 7 7 11 7 5
37 0 0 1281 19 18 16 14 7 13 12 12 11 9 12 5 9 7 13 8 5 13 5 9 5
37 0 0 1294 19 18 16 15 6 13 12 12 9 13 11 4 7 11 9 10 9 1 12 10 5
37 0 0 1277 19 18 16 15 6 13 12 12 10 10 14 3 8 8 12 9 7 7 6 12 5
37 0 0 1277 19 18 16 16 5 13 13 11 10 12 9 6 8 9 11 9 7 5 13 7 5
37 0 0 1284 19 18 16 16 5 13 13 11 11 9 12 5 9 6 14 8 5 11 7 9 5
37 0 0 1288 19 18 17 10 10 12 15 10 9 14 10 4 8 10 10 9 8 7 6 11 5
37 0 0 1293 19 18 17 10 10 13 12 12 9 14 10 4 7 13 7 10 8 7 6 11 5
37 0 0 1296 19 18 17 11 9 11 18 8 10 11 10 6 9 7 9 12 6 7 11 8 5
37 0 0 1283 19 18 17 11 9 12 15 10 10 11 10 6 8 10 6 13 6 7 11 8 5
37 0 0 1287 19 18 17 12 8 12 15 10 9 12 12 4 7 10 8 12 6 7 6 13 5
37 0 0 1276 19 18 17 12 8 12 15 10 10 10 11 6 8 7 11 11 4 10 8 10 5
37 0 0 1284 19 18 17 12 8 12 16 9 9 14 10 4 8 9 11 9 8 5 8 11 5
37 0 0 1290 19 18 17 12 8 12 16 9 11 9 12 5 9 9 5 14 6 8 10 8 5
37 0 0 1278 19 18 17 12 8 13 13 11 9 14 10 4 7 12 8 10 8 5 8 11 5
37 0 0 1269 19 18 17 12 8 14 10 13 10 12 9 6 7 12 8 10 6 8 10 8 5
37 0 0 1296 19 18 17 12 8 14 10 13 11 9 12 5 8 9 11 9 4 14 4 10 5
37 0 0 1291 19 18 17 13 7 12 16 9 10 11 10 6 8 9 7 13 6 5 13 8 5
37 0 0 1292 19 18 17 13 7 12 16 9 11 8 13 5 9 6 10 12 4 11 7 10 5
37 0 0 1286 19 18 17 13 7 13 13 11 9 13 11 4 7 9 13 8 6 8 5 13 5
37 0 0 1296 19 18 17 13 7 13 13 11 9 13 11 4 7 10 10 10 7 6 7 7 10
37 0 0 1288 19 18 17 13 7 14 10 13 10 10 14 3 7 10 10 10 6 8 5 13 5
37 0 0 1289 19 18 17 13 7 14 11 12 9 15 9 4 7 11 13 6 8 6 7 11 5
37 0 0 1287 19 18 17 14 6 13 14 10 9 14 10 4 7 11 9 10 8 3 10 11 5
37 0 0 1292 19 18 17 14 6 13 14 10 10 11 13 3 8 8 12 9 6 9 4 13 5
37 0 0 1274 19 18 17 14 6 13 14 10 10 12 9 6 8 8 12 9 6 6 12 8 5
37 0 0 1289 19 18 17 14 6 14 11 12 10 11 13 3 7 11 9 10 6 9 4 13 5
37 0 0 1280 19 18 17 14 6 14 11 12 11 9 12 5 8 8 12 9 4 12 6 10 5
37 0 0 1296 19 18 17 15 5 15 9 13 10 13 8 6 7 10 14 6 6 7 11 8 5
37 0 0 1292 19 18 18 10 9 13 14 10 9 14 10 4 7 11 9 10 7 6 7 12 5
37 0 0 1293 19 18 18 12 7 13 15 9 9 14 10 4 7 10 10 10 7 4 9 12 5
37 0 0 1293 19 18 18 12 7 13 15 9 10 11 13 3 7 11 7 12 5 7 11 9 5
37 0 0 1286 19 18 18 12 7 13 15 9 10 12 9 6 8 7 13 9 5 7 11 9 5
37 0 0 1272 19 18 18 12 7 14 12 11 10 12 9 6 7 10 10 10 5 7 11 9 5
37 0 0 1296 19 18 18 13 6 14 12 11 10 10 14 3 6 11 9 11 3 10 8 11 5
37 0 0 1281 19 18 18 13 6 14 13 10 10 12 12 3 7 10 12 8 5 8 10 9 5
37 0 0 1288 19 18 18 13 6 15 10 12 10 12 12 3 6 13 9 9 5 8 10 9 5
37 0 0 1290 19 18 18 14 5 14 13 10 10 12 9 6 7 9 11 10 5 5 13 9 5
37 0 0 1288 19 18 19 10 8 14 13 10 10 12 9 6 7 9 11 10 4 8 10 10 5
37 0 0 1295 19 18 19 11 7 15 11 11 10 12 12 3 6 12 10 9 4 9 9 10 5
37 0 0 1279 20 17 13 16 8 10 15 12 9 13 10 5 10 8 11 8 12 4 8 8 5
37 0 0 1292 20 17 13 18 6 10 16 11 10 10 13 4 10 8 9 10 10 5 12 5 5
37 0 0 1293 20 17 13 18 6 11 13 13 11 7 16 3 10 8 9 10 8 11 6 7 5
37 0 0 1296 20 17 14 15 8 11 13 13 9 12 11 5 9 8 11 9 10 6 6 5 10
37 0 0 1269 20 17 14 16 7 11 14 12 10 10 13 4 9 10 7 11 9 6 11 6 5
37 0 0 1294 20 17 14 16 7 11 14 12 11 7 16 3 10 7 10 10 7 12 5 8 5
37 0 0 1295 20 17 14 18 5 11 15 11 10 10 13 4 9 9 8 11 9 4 13 6 5
37 0 0 1272 20 17 15 13 9 11 15 11 10 12 8 7 10 7 12 8 8 10 7 7 5
37 0 0 1296 20 17 15 13 9 12 11 14 9 12 11 5 8 10 9 10 9 7 5 6 10
37 0 0 1292 20 17 15 14 8 10 17 10 10 8 15 4 9 7 8 13 6 9 8 9 5
37 0 0 1271 20 17 15 14 8 11 15 11 9 13 10 5 9 8 11 9 10 4 8 10 5
37 0 0 1273 20 17 15 14 8 12 12 13 10 10 13 4 8 12 5 12 8 7 10 7 5
37 0 0 1290 20 17 15 15 7 11 15 11 9 11 15 2 8 9 10 10 8 7 5 12 5
37 0 0 1296 20 17 15 15 7 11 16 10 9 13 13 2 9 8 13 7 10 5 7 10 5
37 0 0 1278 20 17 15 15 7 11 16 10 10 12 8 7 10 6 13 8 8 8 9 7 5
37 0 0 1291 20 17 15 15 7 12 12 13 9 12 11 5 8 9 10 10 9 5 7 6 10
37 0 0 1279 20 17 15 15 7 12 13 12 9 13 13 2 8 11 10 8 10 5 7 10 5
37 0 0 1296 20 17 15 15 7 13 10 14 9 13 13 2 7 14 7 9 10 5 7 10 5
37 0 0 1293 20 17 15 16 6 11 15 11 8 13 13 3 7 9 12 9 8 4 8 12 5
37 0 0 1281 20 17 15 16 6 11 16 10 10 10 13 4 9 8 9 11 8 5 12 7 5
37 0 0 1289 20 17 15 16 6 12 13 12 11 7 16 3 9 8 9 11 6 11 6 9 5
37 0 0 1271 20 17 15 17 5 13 11 13 10 11 12 4 8 10 11 8 8 6 11 7 5
37 0 0 1274 20 17 16 11 10 12 13 12 10 12 8 7 9 9 10 9 7 11 6 8 5
37 0 0 1284 20 17 16 12 9 11 16 10 9 13 10 5 9 7 12 9 9 5 7 11 5
37 0 0 1295 20 17 16 13 8 11 17 9 10 12 8 7 10 5 14 8 7 9 8 8 5
37 0 0 1294 20 17 16 13 8 11 17 9 11 9 11 6 10 6 11 10 5 12 10 5 5
37 0 0 1292 20 17 16 13 8 12 13 12 9 12 11 5 8 8 11 10 8 6 6 7 10
37 0 0 1283 20 17 16 13 8 12 14 11 9 13 13 2 8 10 11 8 9 6 6 11 5
37 0 0 1274 20 17 16 13 8 12 14 11 11 9 11 6 9 9 8 11 5 12 10 5 5
37 0 0 1289 20 17 16 13 8 13 11 13 9 13 13 2 7 13 8 9 9 6 6 11 5
37 0 0 1282 20 17 16 14 7 11 17 9 10 10 13 4 9 7 10 11 7 6 11 8 5
37 0 0 1294 20 17 16 14 7 12 14 11 9 13 10 5 8 9 10 10 8 7 5 7 10
37 0 0 1270 20 17 16 14 7 12 14 11 10 10 13 4 8 10 7 12 7 6 11 8 5
37 0 0 1277 20 17 16 14 7 12 14 11 10 11 9 7 8 9 10 10 5 9 13 5 5
37 0 0 1282 20 17 16 14 7 14 9 14 11 10 10 6 8 11 10 8 5 13 9 5 5
37 0 0 1276 20 17 16 15 6 12 14 11 10 9 14 4 8 7 12 10 5 9 8 10 5
37 0 0 1294 20 17 16 15 6 12 15 10 9 13 13 2 8 9 12 8 9 4 8 11 5
37 0 0 1296 20 17 16 15 6 12 15 10 10 10 16 1 8 10 9 10 7 7 10 8 5
37 0 0 1279 20 17 16 15 6 12 15 10 11 9 11 6 9 8 9 11 5 10 12 5 5
37 0 0 1289 20 17 16 15 6 13 12 12 9 13 13 2 7 12 9 9 9 4 8 11 5
37 0 0 1271 20 17 16 15 6 14 9 14 10 11 12 4 7 12 9 9 7 7 10 8 5
37 0 0 1293 20 17 16 16 5 12 15 10 10 10 13 4 8 9 8 12 7 4 13 8 5
37 0 0 1291 20 17 16 16 5 13 13 11 11 10 10 6 9 7 14 7 5 11 11 5 5
37 0 0 1281 20 17 16 16 5 14 10 13 11 10 10 6 8 10 11 8 5 11 11 5 5
37 0 0 1290 20 17 16 17 4 13 13 11 10 11 12 4 8 8 13 8 7 5 12 8 5
37 0 0 1286 20 17 17 10 10 12 14 11 9 13 10 5 8 9 10 10 8 6 6 12 5
37 0 0 1287 20 17 17 11 9 12 15 10 9 14 9 5 8 10 9 10 8 7 5 12 5
37 0 0 1282 20 17 17 11 9 12 15 10 10 12 8 7 9 7 12 9 6 10 7 9 5
37 0 0 1291 20 17 17 11 9 12 15 10 11 9 11 6 9 8 9 11 4 13 9 6 5
37 0 0 1294 20 17 17 11 9 13 12 12 11 9 11 6 8 11 6 12 4 13 9 6 5
37 0 0 1283 20 17 17 12 8 12 15 10 9 13 10 5 8 8 11 10 8 4 8 12 5
37 0 0 1275 20 17 17 12 8 12 15 10 10 10 13 4 8 9 8 12 6 7 10 9 5
37 0 0 1286 20 17 17 12 8 13 12 12 10 10 13 4 7 12 5 13 6 7 10 9 5
37 0 0 1286 20 17 17 13 7 12 16 9 9 14 9 5 8 9 10 10 8 5 7 12 5
37 0 0 1285 20 17 17 13 7 12 16 9 10 12 8 7 9 6 13 9 6 8 9 9 5
37 0 0 1288 20 17 17 13 7 12 16 9 11 9 11 6 9 7 10 11 4 11 11 6 5
37 0 0 1296 20 17 17 13 7 13 12 12 9 12 11 5 7 9 10 11 7 5 7 8 10
37 0 0 1289 20 17 17 13 7 13 13 11 9 13 13 2 7 11 10 9 8 5 7 12 5
37 0 0 1280 20 17 17 13 7 13 13 11 11 9 11 6 8 10 7 12 4 11 11 6 5
37 0 0 1290 20 17 17 14 6 12 16 9 10 10 13 4 8 8 9 12 6 5 12 9 5
37 0 0 1280 20 17 17 14 6 14 11 12 11 10 10 6 8 9 12 8 4 12 10 6 5
37 0 0 1288 20 17 17 15 5 13 14 10 10 11 12 4 8 7 14 8 6 6 11 9 5
37 0 0 1275 20 17 17 15 5 14 11 12 10 11 12 4 7 10 11 9 6 6 11 9 5
37 0 0 1295 20 17 17 16 4 14 12 11 11 10 10 6 8 8 13 8 4 10 12 6 5
37 0 0 1296 20 17 18 9 10 13 13 11 10 12 8 7 8 9 10 10 5 11 6 10 5
37 0 0 1293 20 17 18 10 9 12 16 9 9 13 10 5 7 10 9 11 5 8 9 10 5
37 0 0 1295 20 17 18 10 9 13 13 11 10 10 13 4 7 11 6 13 5 8 9 10 5
37 0 0 1296 20 17 18 10 9 14 11 12 10 12 11 4 7 12 9 9 5 12 5 10 5
37 0 0 1295 20 17 18 11 8 12 17 8 10 11 12 4 8 9 8 12 5 9 8 10 5
37 0 0 1295 20 17 18 11 8 13 14 10 9 14 9 5 7 9 14 7 5 9 8 10 5
37 0 0 1296 20 17 18 11 8 13 14 10 10 11 12 4 7 12 5 13 5 9 8 10 5
37 0 0 1293 20 17 18 11 8 13 14 10 11 9 11 6 8 9 8 12 3 12 10 7 5
37 0 0 1288 20 17 18 11 8 14 11 12 9 14 9 5 6 12 11 8 5 9 8 10 5
37 0 0 1293 20 17 18 12 7 13 14 10 9 13 10 5 6 12 7 12 5 6 11 10 5
37 0 0 1291 20 17 18 12 7 13 14 10 10 10 13 4 7 10 7 13 5 6 11 10 5
37 0 0 1294 20 17 18 12 7 13 14 10 10 11 9 7 7 9 10 11 3 9 13 7 5
37 0 0 1287 20 17 18 12 7 13 15 9 10 12 11 4 8 8 13 8 5 10 7 10 5
37 0 0 1275 20 17 18 12 7 14 12 11 10 12 11 4 7 11 10 9 5 10 7 10 5
37 0 0 1294 20 17 18 12 7 14 12 11 11 10 10 6 8 8 13 8 3 13 9 7 5
37 0 0 1296 20 17 18 12 7 15 9 13 11 10 10 6 7 11 10 9 3 13 9 7 5
37 0 0 1294 20 17 18 13 6 13 15 9 10 11 12 4 7 11 6 13 5 7 10 10 5
37 0 0 1295 20 17 18 13 6 13 15 9 11 9 11 6 8 8 9 12 3 10 12 7 5
37 0 0 1287 20 17 18 13 6 14 12 11 9 14 9 5 6 11 12 8 5 7 10 10 5
37 0 0 1277 20 17 18 13 6 14 12 11 10 11 12 4 7 9 12 9 5 7 10 10 5
37 0 0 1287 20 17 18 13 6 15 9 13 10 11 12 4 6 12 9 10 5 7 10 10 5
37 0 0 1278 20 17 18 14 5 14 13 10 10 12 11 4 7 10 11 9 5 8 9 10 5
37 0 0 1289 20 17 18 14 5 15 10 12 10 12 11 4 6 13 8 10 5 8 9 10 5
37 0 0 1292 20 17 18 14 5 15 10 12 11 10 10 6 7 10 11 9 3 11 11 7 5
37 0 0 1293 20 17 19 11 7 15 10 12 10 11 12 4 6 11 10 10 4 8 9 11 5
37 0 0 1293 20 17 19 12 6 14 14 9 10 12 11 4 7 9 12 9 4 9 8 11 5
37 0 0 1293 20 17 19 12 6 15 11 11 10 12 11 4 6 12 9 10 4 9 8 11 5
37 0 0 1282 21 16 13 15 9 9 17 11 10 10 12 5 11 7 9 10 10 9 7 6 5
37 0 0 1293 21 16 13 17 7 9 18 10 10 10 12 5 11 6 10 10 10 7 9 6 5
37 0 0 1296 21 16 14 13 10 9 18 10 10 10 12 5 11 6 10 10 9 10 6 7 5
37 0 0 1275 21 16 14 13 10 10 15 12 10 10 12 5 10 9 7 11 9 10 6 7 5
37 0 0 1294 21 16 14 16 7 10 16 11 10 9 13 5 9 9 7 12 7 8 13 4 5
37 0 0 1287 21 16 14 16 7 12 11 14 11 8 14 4 9 11 7 10 7 12 9 4 5
37 0 0 1291 21 16 14 18 5 12 12 13 11 8 14 4 9 10 8 10 7 10 11 4 5
37 0 0 1293 21 16 15 11 11 10 16 11 10 10 12 5 10 8 8 11 8 11 5 8 5
37 0 0 1277 21 16 15 13 9 10 17 10 10 10 12 5 10 7 9 11 8 9 7 8 5
37 0 0 1292 21 16 15 13 9 11 14 12 8 15 10 4 8 10 12 7 10 6 5 11 5
37 0 0 1285 21 16 15 15 7 10 18 9 10 10 12 5 10 6 10 11 8 7 9 8 5
37 0 0 1279 21 16 15 16 6 12 13 12 11 8 14 4 9 9 9 10 6 11 10 5 5
37 0 0 1283 21 16 15 17 5 12 13 12 10 10 12 5 8 9 11 9 6 8 13 5 5
37 0 0 1282 21 16 16 11 10 11 15 11 10 10 12 5 9 9 7 12 7 10 6 9 5
37 0 0 1295 21 16 16 12 9 10 18 9 9 12 10 6 9 6 12 10 7 7 9 9 5
37 0 0 1296 21 16 16 13 8 11 15 11 9 10 15 3 7 10 8 12 5 10 6 11 5
37 0 0 1278 21 16 16 13 8 11 16 10 9 12 13 3 8 9 11 9 7 8 8 9 5
37 0 0 1290 21 16 16 13 8 12 13 12 8 15 10 4 7 11 11 8 9 5 6 12 5
37 0 0 1273 21 16 16 13 8 12 13 12 9 12 13 3 7 12 8 10 7 8 8 9 5
37 0 0 1296 21 16 16 14 7 11 16 10 10 9 13 5 8 9 7 13 5 8 13 6 5
37 0 0 1295 21 16 16 14 7 11 17 9 10 10 15 2 9 8 10 10 7 9 7 9 5
37 0 0 1283 21 16 16 14 7 12 13 12 8 14 11 4 6 12 10 9 7 5 11 9 5
37 0 0 1294 21 16 16 14 7 12 13 12 9 11 14 3 7 9 13 8 5 11 5 11 5
37 0 0 1285 21 16 16 14 7 12 14 11 10 10 15 2 8 11 7 11 7 9 7 9 5
37 0 0 1296 21 16 16 14 7 12 14 11 10 11 11 5 8 11 7 11 7 6 15 4 5
37 0 0 1282 21 16 16 14 7 12 14 11 11 8 14 4 9 8 10 10 5 12 9 6 5
37 0 0 1286 21 16 16 14 7 13 11 13 11 8 14 4 8 11 7 11 5 12 9 6 5
37 0 0 1293 21 16 16 15 6 11 17 9 9 12 13 3 8 8 12 9 7 6 10 9 5
37 0 0 1277 21 16 16 15 6 12 14 11 9 12 13 3 7 11 9 10 7 6 10 9 5
37 0 0 1292 21 16 16 15 6 12 14 11 10 9 16 2 8 9 9 11 7 6 10 9 5
37 0 0 1293 21 16 16 16 5 12 15 10 10 10 15 2 8 10 8 11 7 7 9 9 5
37 0 0 1294 21 16 16 16 5 12 15 10 11 8 14 4 9 7 11 10 5 10 11 6 5
37 0 0 1292 21 16 16 16 5 13 12 12 9 13 12 3 7 10 14 6 7 7 9 9 5
37 0 0 1287 21 16 16 16 5 13 12 12 11 8 14 4 8 10 8 11 5 10 11 6 5
37 0 0 1290 21 16 17 10 10 11 16 10 9 12 10 6 8 8 10 11 6 8 8 10 5
37 0 0 1292 21 16 17 11 9 11 17 9 10 10 12 5 9 7 9 12 6 9 7 10 5
37 0 0 1285 21 16 17 11 9 12 14 11 9 12 13 3 7 11 9 10 6 9 7 10 5
37 0 0 1293 21 16 17 12 8 13 12 12 11 8 14 4 8 10 8 11 4 13 8 7 5
37 0 0 1281 21 16 17 13 7 12 15 10 9 12 13 3 7 10 10 10 6 7 9 10 5
37 0 0 1288 21 16 17 13 7 13 12 12 9 12 13 3 6 13 7 11 6 7 9 10 5
37 0 0 1286 21 16 17 14 6 13 13 11 11 8 14 4 8 9 9 11 4 11 10 7 5
37 0 0 1291 21 16 17 14 6 14 10 13 9 13 12 3 6 12 12 7 6 8 8 10 5
37 0 0 1288 21 16 17 15 5 13 13 11 10 10 12 5 7 9 11 10 4 8 13 7 5
37 0 0 1296 21 16 18 11 8 13 13 11 9 12 13 3 6 12 8 11 5 8 8 11 5
37 0 0 1294 21 16 18 11 8 13 13 11 9 13 9 6 7 8 14 8 5 8 8 11 5
37 0 0 1295 21 16 18 12 7 13 14 10 9 14 8 6 7 9 13 8 5 9 7 11 5
37 0 0 1294 21 16 18 13 6 13 14 10 10 10 12 5 7 8 12 10 3 9 12 8 5
37 0 0 1292 22 15 14 16 7 10 16 11 10 10 11 6 10 6 13 8 7 11 9 5 5
37 0 0 1295 22 15 15 15 7 10 17 10 9 11 13 4 9 6 13 9 8 6 9 9 5
37 0 0 1291 22 15 16 11 10 11 14 12 8 14 10 5 7 11 10 9 7 9 6 10 5
37 0 0 1284 22 15 16 12 9 11 15 11 9 12 12 4 8 10 9 10 7 10 5 10 5
37 0 0 1293 22 15 16 12 9 11 15 11 10 10 11 6 9 7 12 9 5 13 7 7 5
37 0 0 1277 22 15 16 13 8 11 15 11 9 11 13 4 8 8 11 10 7 7 8 10 5
37 0 0 1295 22 15 16 13 8 13 10 14 9 13 11 4 7 12 11 7 7 11 4 10 5
37 0 0 1278 22 15 16 14 7 11 16 10 9 12 12 4 8 9 10 10 7 8 7 10 5
37 0 0 1291 22 15 16 14 7 11 16 10 10 10 11 6 9 6 13 9 5 11 9 7 5
37 0 0 1295 22 15 17 13 7 12 15 10 9 13 11 4 7 11 10 9 6 7 13 6 5
37 0 0 1293 22 15 17 13 7 13 12 12 9 13 11 4 7 10 13 7 6 10 5 11 5
37 0 0 1291 22 15 17 14 6 13 12 12 9 12 12 4 6 11 12 8 4 10 10 8 5
37 0 0 1292 23 14 15 14 8 11 13 13 8 13 13 3 7 11 11 8 8 8 6 10 5
37 0 0 1290 23 14 15 15 7 11 14 12 9 12 11 5 8 10 10 9 8 6 13 5 5
37 0 0 1290 23 14 17 12 8 12 14 11 9 13 10 5 7 12 8 10 6 9 10 7 5
37 0 0 1294 23 14 17 13 7 12 14 11 9 12 11 5 7 10 10 10 6 6 13 7 5
37 0 0 1296 23 14 17 14 6 12 15 10 9 13 10 5 7 11 9 10 6 7 12 7 5
