7353 117 100000000 4761 500
2 56 1
4 28 1
5 21 1
6 19 1
8 14 1
10 56 5
11 21 2
12 19 2
16 7 1
18 19 3
22 21 4
24 19 4
25 14 3
27 56 13
29 4 1
30 42 11
33 7 2
35 56 17
36 42 13
41 14 5
43 19 7
47 42 17
48 56 23
49 19 8
50 7 3
52 56 25
54 28 13
55 19 9
58 2 1
60 56 29
61 21 11
64 42 23
66 7 4
71 28 17
72 21 13
73 8 5
75 14 9
77 56 37
79 28 19
80 19 13
83 7 5
85 56 41
86 19 14
89 21 16
91 14 11
94 56 45
96 28 23
97 6 5
98 56 47
100 7 6
102 8 7
103 42 37
104 28 25
108 14 13
110 56 53
114 42 41
116 1 1
119 56 57
121 28 29
122 21 22
123 19 20
125 14 15
127 56 61
128 21 23
129 19 21
133 7 8
135 19 22
139 21 25
141 19 23
142 14 17
144 56 69
146 4 5
147 42 53
150 7 9
152 56 73
153 42 55
158 14 19
160 19 26
164 42 59
165 56 79
166 19 27
167 7 10
169 56 81
171 28 41
172 19 28
175 2 3
177 56 85
178 21 32
181 42 65
183 7 11
188 28 45
189 21 34
190 8 13
192 14 23
194 56 93
196 28 47
197 19 32
200 7 12
202 56 97
203 19 33
206 21 37
208 14 25
211 56 101
213 28 51
214 6 11
215 56 103
217 7 13
219 8 15
220 42 79
221 28 53
225 14 27
227 56 109
231 42 83
233 1 2
236 56 113
238 28 57
239 21 43
240 19 39
242 14 29
244 56 117
245 21 44
246 19 40
250 7 15
252 19 41
256 21 46
258 19 42
259 14 31
261 56 125
263 4 9
264 42 95
267 7 16
269 56 129
270 42 97
275 14 33
277 19 45
281 42 101
282 56 135
283 19 46
284 7 17
286 56 137
288 28 69
289 19 47
292 2 5
294 56 141
295 21 53
298 42 107
300 7 18
305 28 73
306 21 55
307 8 21
309 14 37
311 56 149
313 28 75
314 19 51
317 7 19
319 56 153
320 19 52
323 21 58
325 14 39
328 56 157
330 28 79
331 6 17
332 56 159
334 7 20
336 8 23
337 42 121
338 28 81
342 14 41
344 56 165
348 42 125
350 1 3
353 56 169
355 28 85
356 21 64
357 19 58
359 14 43
361 56 173
362 21 65
363 19 59
367 7 22
369 19 60
373 21 67
375 19 61
376 14 45
378 56 181
380 4 13
381 42 137
384 7 23
386 56 185
387 42 139
392 14 47
394 19 64
398 42 143
399 56 191
400 19 65
401 7 24
403 56 193
405 28 97
406 19 66
409 2 7
411 56 197
412 21 74
415 42 149
417 7 25
422 28 101
423 21 76
424 8 29
426 14 51
428 56 205
430 28 103
431 19 70
434 7 26
436 56 209
437 19 71
440 21 79
442 14 53
445 56 213
447 28 107
448 6 23
449 56 215
451 7 27
453 8 31
454 42 163
455 28 109
459 14 55
461 56 221
465 42 167
467 1 4
470 56 225
472 28 113
473 21 85
474 19 77
476 14 57
478 56 229
479 21 86
480 19 78
484 7 29
486 19 79
490 21 88
492 19 80
493 14 59
495 56 237
497 4 17
498 42 179
501 7 30
503 56 241
504 42 181
509 14 61
511 19 83
515 42 185
516 56 247
517 19 84
518 7 31
520 56 249
522 28 125
523 19 85
526 2 9
528 56 253
529 21 95
532 42 191
534 7 32
539 28 129
540 21 97
541 8 37
543 14 65
545 56 261
547 28 131
548 19 89
551 7 33
553 56 265
554 19 90
557 21 100
559 14 67
562 56 269
564 28 135
565 6 29
566 56 271
568 7 34
570 8 39
571 42 205
572 28 137
576 14 69
578 56 277
582 42 209
584 1 5
587 56 281
589 28 141
590 21 106
591 19 96
593 14 71
595 56 285
596 21 107
597 19 97
601 7 36
603 19 98
607 21 109
609 19 99
610 14 73
612 56 293
614 4 21
615 42 221
618 7 37
620 56 297
621 42 223
626 14 75
628 19 102
632 42 227
633 56 303
634 19 103
635 7 38
637 56 305
639 28 153
640 19 104
643 2 11
645 56 309
646 21 116
649 42 233
651 7 39
656 28 157
657 21 118
658 8 45
660 14 79
662 56 317
664 28 159
665 19 108
668 7 40
670 56 321
671 19 109
674 21 121
676 14 81
679 56 325
681 28 163
682 6 35
683 56 327
685 7 41
687 8 47
688 42 247
689 28 165
693 14 83
695 56 333
699 42 251
701 1 6
704 56 337
706 28 169
707 21 127
708 19 115
710 14 85
712 56 341
713 21 128
714 19 116
718 7 43
720 19 117
724 21 130
726 19 118
727 14 87
729 56 349
731 4 25
732 42 263
735 7 44
737 56 353
738 42 265
743 14 89
745 19 121
749 42 269
750 56 359
751 19 122
752 7 45
754 56 361
756 28 181
757 19 123
760 2 13
762 56 365
763 21 137
766 42 275
768 7 46
773 28 185
774 21 139
775 8 53
777 14 93
779 56 373
781 28 187
782 19 127
785 7 47
787 56 377
788 19 128
791 21 142
793 14 95
796 56 381
798 28 191
799 6 41
800 56 383
802 7 48
804 8 55
805 42 289
806 28 193
810 14 97
812 56 389
816 42 293
818 1 7
821 56 393
823 28 197
824 21 148
825 19 134
827 14 99
829 56 397
830 21 149
831 19 135
835 7 50
837 19 136
841 21 151
843 19 137
844 14 101
846 56 405
848 4 29
849 42 305
852 7 51
854 56 409
855 42 307
860 14 103
862 19 140
866 42 311
867 56 415
868 19 141
869 7 52
871 56 417
873 28 209
874 19 142
877 2 15
879 56 421
880 21 158
883 42 317
885 7 53
890 28 213
891 21 160
892 8 61
894 14 107
896 56 429
898 28 215
899 19 146
902 7 54
904 56 433
905 19 147
908 21 163
910 14 109
913 56 437
915 28 219
916 6 47
917 56 439
919 7 55
921 8 63
922 42 331
923 28 221
927 14 111
929 56 445
933 42 335
935 1 8
938 56 449
940 28 225
941 21 169
942 19 153
944 14 113
946 56 453
947 21 170
948 19 154
952 7 57
954 19 155
958 21 172
960 19 156
961 14 115
963 56 461
965 4 33
966 42 347
969 7 58
971 56 465
972 42 349
977 14 117
979 19 159
983 42 353
984 56 471
985 19 160
986 7 59
988 56 473
990 28 237
991 19 161
994 2 17
996 56 477
997 21 179
1000 42 359
1002 7 60
1007 28 241
1008 21 181
1009 8 69
1011 14 121
1013 56 485
1015 28 243
1016 19 165
1019 7 61
1021 56 489
1022 19 166
1025 21 184
1027 14 123
1030 56 493
1032 28 247
1033 6 53
1034 56 495
1036 7 62
1038 8 71
1039 42 373
1040 28 249
1044 14 125
1046 56 501
1050 42 377
1052 1 9
1055 56 505
1057 28 253
1058 21 190
1059 19 172
1061 14 127
1063 56 509
1064 21 191
1065 19 173
1069 7 64
1071 19 174
1075 21 193
1077 19 175
1078 14 129
1080 56 517
1082 4 37
1083 42 389
1086 7 65
1088 56 521
1089 42 391
1094 14 131
1096 19 178
1100 42 395
1101 56 527
1102 19 179
1103 7 66
1105 56 529
1107 28 265
1108 19 180
1111 2 19
1113 56 533
1114 21 200
1117 42 401
1119 7 67
1124 28 269
1125 21 202
1126 8 77
1128 14 135
1130 56 541
1132 28 271
1133 19 184
1136 7 68
1138 56 545
1139 19 185
1142 21 205
1144 14 137
1147 56 549
1149 28 275
1150 6 59
1151 56 551
1153 7 69
1155 8 79
1156 42 415
1157 28 277
1161 14 139
1163 56 557
1167 42 419
1169 1 10
1172 56 561
1174 28 281
1175 21 211
1176 19 191
1178 14 141
1180 56 565
1181 21 212
1182 19 192
1186 7 71
1188 19 193
1192 21 214
1194 19 194
1195 14 143
1197 56 573
1199 4 41
1200 42 431
1203 7 72
1205 56 577
1206 42 433
1211 14 145
1213 19 197
1217 42 437
1218 56 583
1219 19 198
1220 7 73
1222 56 585
1224 28 293
1225 19 199
1228 2 21
1230 56 589
1231 21 221
1234 42 443
1236 7 74
1241 28 297
1242 21 223
1243 8 85
1245 14 149
1247 56 597
1249 28 299
1250 19 203
1253 7 75
1255 56 601
1256 19 204
1259 21 226
1261 14 151
1264 56 605
1266 28 303
1267 6 65
1268 56 607
1270 7 76
1272 8 87
1273 42 457
1274 28 305
1278 14 153
1280 56 613
1284 42 461
1286 1 11
1289 56 617
1291 28 309
1292 21 232
1293 19 210
1295 14 155
1297 56 621
1298 21 233
1299 19 211
1303 7 78
1305 19 212
1309 21 235
1311 19 213
1312 14 157
1314 56 629
1316 4 45
1317 42 473
1320 7 79
1322 56 633
1323 42 475
1328 14 159
1330 19 216
1334 42 479
1335 56 639
1336 19 217
1337 7 80
1339 56 641
1341 28 321
1342 19 218
1345 2 23
1347 56 645
1348 21 242
1351 42 485
1353 7 81
1358 28 325
1359 21 244
1360 8 93
1362 14 163
1364 56 653
1366 28 327
1367 19 222
1370 7 82
1372 56 657
1373 19 223
1376 21 247
1378 14 165
1381 56 661
1383 28 331
1384 6 71
1385 56 663
1387 7 83
1389 8 95
1390 42 499
1391 28 333
1395 14 167
1397 56 669
1401 42 503
1403 1 12
1406 56 673
1408 28 337
1409 21 253
1410 19 229
1412 14 169
1414 56 677
1415 21 254
1416 19 230
1420 7 85
1422 19 231
1426 21 256
1428 19 232
1429 14 171
1431 56 685
1433 4 49
1434 42 515
1437 7 86
1439 56 689
1440 42 517
1445 14 173
1447 19 235
1451 42 521
1452 56 695
1453 19 236
1454 7 87
1456 56 697
1458 28 349
1459 19 237
1462 2 25
1464 56 701
1465 21 263
1468 42 527
1470 7 88
1475 28 353
1476 21 265
1477 8 101
1479 14 177
1481 56 709
1483 28 355
1484 19 241
1487 7 89
1489 56 713
1490 19 242
1493 21 268
1495 14 179
1498 56 717
1500 28 359
1501 6 77
1502 56 719
1504 7 90
1506 8 103
1507 42 541
1508 28 361
1512 14 181
1514 56 725
1518 42 545
1520 1 13
1523 56 729
1525 28 365
1526 21 274
1527 19 248
1529 14 183
1531 56 733
1532 21 275
1533 19 249
1537 7 92
1539 19 250
1543 21 277
1545 19 251
1546 14 185
1548 56 741
1550 4 53
1551 42 557
1554 7 93
1556 56 745
1557 42 559
1562 14 187
1564 19 254
1568 42 563
1569 56 751
1570 19 255
1571 7 94
1573 56 753
1575 28 377
1576 19 256
1579 2 27
1581 56 757
1582 21 284
1585 42 569
1587 7 95
1592 28 381
1593 21 286
1594 8 109
1596 14 191
1598 56 765
1600 28 383
1601 19 260
1604 7 96
1606 56 769
1607 19 261
1610 21 289
1612 14 193
1615 56 773
1617 28 387
1618 6 83
1619 56 775
1621 7 97
1623 8 111
1624 42 583
1625 28 389
1629 14 195
1631 56 781
1635 42 587
1637 1 14
1640 56 785
1642 28 393
1643 21 295
1644 19 267
1646 14 197
1648 56 789
1649 21 296
1650 19 268
1654 7 99
1656 19 269
1660 21 298
1662 19 270
1663 14 199
1665 56 797
1667 4 57
1668 42 599
1671 7 100
1673 56 801
1674 42 601
1679 14 201
1681 19 273
1685 42 605
1686 56 807
1687 19 274
1688 7 101
1690 56 809
1692 28 405
1693 19 275
1696 2 29
1698 56 813
1699 21 305
1702 42 611
1704 7 102
1709 28 409
1710 21 307
1711 8 117
1713 14 205
1715 56 821
1717 28 411
1718 19 279
1721 7 103
1723 56 825
1724 19 280
1727 21 310
1729 14 207
1732 56 829
1734 28 415
1735 6 89
1736 56 831
1738 7 104
1740 8 119
1741 42 625
1742 28 417
1746 14 209
1748 56 837
1752 42 629
1754 1 15
1757 56 841
1759 28 421
1760 21 316
1761 19 286
1763 14 211
1765 56 845
1766 21 317
1767 19 287
1771 7 106
1773 19 288
1777 21 319
1779 19 289
1780 14 213
1782 56 853
1784 4 61
1785 42 641
1788 7 107
1790 56 857
1791 42 643
1796 14 215
1798 19 292
1802 42 647
1803 56 863
1804 19 293
1805 7 108
1807 56 865
1809 28 433
1810 19 294
1813 2 31
1815 56 869
1816 21 326
1819 42 653
1821 7 109
1826 28 437
1827 21 328
1828 8 125
1830 14 219
1832 56 877
1834 28 439
1835 19 298
1838 7 110
1840 56 881
1841 19 299
1844 21 331
1846 14 221
1849 56 885
1851 28 443
1852 6 95
1853 56 887
1855 7 111
1857 8 127
1858 42 667
1859 28 445
1863 14 223
1865 56 893
1869 42 671
1871 1 16
1874 56 897
1876 28 449
1877 21 337
1878 19 305
1880 14 225
1882 56 901
1883 21 338
1884 19 306
1888 7 113
1890 19 307
1894 21 340
1896 19 308
1897 14 227
1899 56 909
1901 4 65
1902 42 683
1905 7 114
1907 56 913
1908 42 685
1913 14 229
1915 19 311
1919 42 689
1920 56 919
1921 19 312
1922 7 115
1924 56 921
1926 28 461
1927 19 313
1930 2 33
1932 56 925
1933 21 347
1936 42 695
1938 7 116
1943 28 465
1944 21 349
1945 8 133
1947 14 233
1949 56 933
1951 28 467
1952 19 317
1955 7 117
1957 56 937
1958 19 318
1961 21 352
1963 14 235
1966 56 941
1968 28 471
1969 6 101
1970 56 943
1972 7 118
1974 8 135
1975 42 709
1976 28 473
1980 14 237
1982 56 949
1986 42 713
1988 1 17
1991 56 953
1993 28 477
1994 21 358
1995 19 324
1997 14 239
1999 56 957
2000 21 359
2001 19 325
2005 7 120
2007 19 326
2011 21 361
2013 19 327
2014 14 241
2016 56 965
2018 4 69
2019 42 725
2022 7 121
2024 56 969
2025 42 727
2030 14 243
2032 19 330
2036 42 731
2037 56 975
2038 19 331
2039 7 122
2041 56 977
2043 28 489
2044 19 332
2047 2 35
2049 56 981
2050 21 368
2053 42 737
2055 7 123
2060 28 493
2061 21 370
2062 8 141
2064 14 247
2066 56 989
2068 28 495
2069 19 336
2072 7 124
2074 56 993
2075 19 337
2078 21 373
2080 14 249
2083 56 997
2085 28 499
2086 6 107
2087 56 999
2089 7 125
2091 8 143
2092 42 751
2093 28 501
2097 14 251
2099 56 1005
2103 42 755
2105 1 18
2108 56 1009
2110 28 505
2111 21 379
2112 19 343
2114 14 253
2116 56 1013
2117 21 380
2118 19 344
2122 7 127
2124 19 345
2128 21 382
2130 19 346
2131 14 255
2133 56 1021
2135 4 73
2136 42 767
2139 7 128
2141 56 1025
2142 42 769
2147 14 257
2149 19 349
2153 42 773
2154 56 1031
2155 19 350
2156 7 129
2158 56 1033
2160 28 517
2161 19 351
2164 2 37
2166 56 1037
2167 21 389
2170 42 779
2172 7 130
2177 28 521
2178 21 391
2179 8 149
2181 14 261
2183 56 1045
2185 28 523
2186 19 355
2189 7 131
2191 56 1049
2192 19 356
2195 21 394
2197 14 263
2200 56 1053
2202 28 527
2203 6 113
2204 56 1055
2206 7 132
2208 8 151
2209 42 793
2210 28 529
2214 14 265
2216 56 1061
2220 42 797
2222 1 19
2225 56 1065
2227 28 533
2228 21 400
2229 19 362
2231 14 267
2233 56 1069
2234 21 401
2235 19 363
2239 7 134
2241 19 364
2245 21 403
2247 19 365
2248 14 269
2250 56 1077
2252 4 77
2253 42 809
2256 7 135
2258 56 1081
2259 42 811
2264 14 271
2266 19 368
2270 42 815
2271 56 1087
2272 19 369
2273 7 136
2275 56 1089
2277 28 545
2278 19 370
2281 2 39
2283 56 1093
2284 21 410
2287 42 821
2289 7 137
2294 28 549
2295 21 412
2296 8 157
2298 14 275
2300 56 1101
2302 28 551
2303 19 374
2306 7 138
2308 56 1105
2309 19 375
2312 21 415
2314 14 277
2317 56 1109
2319 28 555
2320 6 119
2321 56 1111
2323 7 139
2325 8 159
2326 42 835
2327 28 557
2331 14 279
2333 56 1117
2337 42 839
2339 1 20
2342 56 1121
2344 28 561
2345 21 421
2346 19 381
2348 14 281
2350 56 1125
2351 21 422
2352 19 382
2356 7 141
2358 19 383
2362 21 424
2364 19 384
2365 14 283
2367 56 1133
2369 4 81
2370 42 851
2373 7 142
2375 56 1137
2376 42 853
2381 14 285
2383 19 387
2387 42 857
2388 56 1143
2389 19 388
2390 7 143
2392 56 1145
2394 28 573
2395 19 389
2398 2 41
2400 56 1149
2401 21 431
2404 42 863
2406 7 144
2411 28 577
2412 21 433
2413 8 165
2415 14 289
2417 56 1157
2419 28 579
2420 19 393
2423 7 145
2425 56 1161
2426 19 394
2429 21 436
2431 14 291
2434 56 1165
2436 28 583
2437 6 125
2438 56 1167
2440 7 146
2442 8 167
2443 42 877
2444 28 585
2448 14 293
2450 56 1173
2454 42 881
2456 1 21
2459 56 1177
2461 28 589
2462 21 442
2463 19 400
2465 14 295
2467 56 1181
2468 21 443
2469 19 401
2473 7 148
2475 19 402
2479 21 445
2481 19 403
2482 14 297
2484 56 1189
2486 4 85
2487 42 893
2490 7 149
2492 56 1193
2493 42 895
2498 14 299
2500 19 406
2504 42 899
2505 56 1199
2506 19 407
2507 7 150
2509 56 1201
2511 28 601
2512 19 408
2515 2 43
2517 56 1205
2518 21 452
2521 42 905
2523 7 151
2528 28 605
2529 21 454
2530 8 173
2532 14 303
2534 56 1213
2536 28 607
2537 19 412
2540 7 152
2542 56 1217
2543 19 413
2546 21 457
2548 14 305
2551 56 1221
2553 28 611
2554 6 131
2555 56 1223
2557 7 153
2559 8 175
2560 42 919
2561 28 613
2565 14 307
2567 56 1229
2571 42 923
2573 1 22
2576 56 1233
2578 28 617
2579 21 463
2580 19 419
2582 14 309
2584 56 1237
2585 21 464
2586 19 420
2590 7 155
2592 19 421
2596 21 466
2598 19 422
2599 14 311
2601 56 1245
2603 4 89
2604 42 935
2607 7 156
2609 56 1249
2610 42 937
2615 14 313
2617 19 425
2621 42 941
2622 56 1255
2623 19 426
2624 7 157
2626 56 1257
2628 28 629
2629 19 427
2632 2 45
2634 56 1261
2635 21 473
2638 42 947
2640 7 158
2645 28 633
2646 21 475
2647 8 181
2649 14 317
2651 56 1269
2653 28 635
2654 19 431
2657 7 159
2659 56 1273
2660 19 432
2663 21 478
2665 14 319
2668 56 1277
2670 28 639
2671 6 137
2672 56 1279
2674 7 160
2676 8 183
2677 42 961
2678 28 641
2682 14 321
2684 56 1285
2688 42 965
2690 1 23
2693 56 1289
2695 28 645
2696 21 484
2697 19 438
2699 14 323
2701 56 1293
2702 21 485
2703 19 439
2707 7 162
2709 19 440
2713 21 487
2715 19 441
2716 14 325
2718 56 1301
2720 4 93
2721 42 977
2724 7 163
2726 56 1305
2727 42 979
2732 14 327
2734 19 444
2738 42 983
2739 56 1311
2740 19 445
2741 7 164
2743 56 1313
2745 28 657
2746 19 446
2749 2 47
2751 56 1317
2752 21 494
2755 42 989
2757 7 165
2762 28 661
2763 21 496
2764 8 189
2766 14 331
2768 56 1325
2770 28 663
2771 19 450
2774 7 166
2776 56 1329
2777 19 451
2780 21 499
2782 14 333
2785 56 1333
2787 28 667
2788 6 143
2789 56 1335
2791 7 167
2793 8 191
2794 42 1003
2795 28 669
2799 14 335
2801 56 1341
2805 42 1007
2807 1 24
2810 56 1345
2812 28 673
2813 21 505
2814 19 457
2816 14 337
2818 56 1349
2819 21 506
2820 19 458
2824 7 169
2826 19 459
2830 21 508
2832 19 460
2833 14 339
2835 56 1357
2837 4 97
2838 42 1019
2841 7 170
2843 56 1361
2844 42 1021
2849 14 341
2851 19 463
2855 42 1025
2856 56 1367
2857 19 464
2858 7 171
2860 56 1369
2862 28 685
2863 19 465
2866 2 49
2868 56 1373
2869 21 515
2872 42 1031
2874 7 172
2879 28 689
2880 21 517
2881 8 197
2883 14 345
2885 56 1381
2887 28 691
2888 19 469
2891 7 173
2893 56 1385
2894 19 470
2897 21 520
2899 14 347
2902 56 1389
2904 28 695
2905 6 149
2906 56 1391
2908 7 174
2910 8 199
2911 42 1045
2912 28 697
2916 14 349
2918 56 1397
2922 42 1049
2924 1 25
2927 56 1401
2929 28 701
2930 21 526
2931 19 476
2933 14 351
2935 56 1405
2936 21 527
2937 19 477
2941 7 176
2943 19 478
2947 21 529
2949 19 479
2950 14 353
2952 56 1413
2954 4 101
2955 42 1061
2958 7 177
2960 56 1417
2961 42 1063
2966 14 355
2968 19 482
2972 42 1067
2973 56 1423
2974 19 483
2975 7 178
2977 56 1425
2979 28 713
2980 19 484
2983 2 51
2985 56 1429
2986 21 536
2989 42 1073
2991 7 179
2996 28 717
2997 21 538
2998 8 205
3000 14 359
3002 56 1437
3004 28 719
3005 19 488
3008 7 180
3010 56 1441
3011 19 489
3014 21 541
3016 14 361
3019 56 1445
3021 28 723
3022 6 155
3023 56 1447
3025 7 181
3027 8 207
3028 42 1087
3029 28 725
3033 14 363
3035 56 1453
3039 42 1091
3041 1 26
3044 56 1457
3046 28 729
3047 21 547
3048 19 495
3050 14 365
3052 56 1461
3053 21 548
3054 19 496
3058 7 183
3060 19 497
3064 21 550
3066 19 498
3067 14 367
3069 56 1469
3071 4 105
3072 42 1103
3075 7 184
3077 56 1473
3078 42 1105
3083 14 369
3085 19 501
3089 42 1109
3090 56 1479
3091 19 502
3092 7 185
3094 56 1481
3096 28 741
3097 19 503
3100 2 53
3102 56 1485
3103 21 557
3106 42 1115
3108 7 186
3113 28 745
3114 21 559
3115 8 213
3117 14 373
3119 56 1493
3121 28 747
3122 19 507
3125 7 187
3127 56 1497
3128 19 508
3131 21 562
3133 14 375
3136 56 1501
3138 28 751
3139 6 161
3140 56 1503
3142 7 188
3144 8 215
3145 42 1129
3146 28 753
3150 14 377
3152 56 1509
3156 42 1133
3158 1 27
3161 56 1513
3163 28 757
3164 21 568
3165 19 514
3167 14 379
3169 56 1517
3170 21 569
3171 19 515
3175 7 190
3177 19 516
3181 21 571
3183 19 517
3184 14 381
3186 56 1525
3188 4 109
3189 42 1145
3192 7 191
3194 56 1529
3195 42 1147
3200 14 383
3202 19 520
3206 42 1151
3207 56 1535
3208 19 521
3209 7 192
3211 56 1537
3213 28 769
3214 19 522
3217 2 55
3219 56 1541
3220 21 578
3223 42 1157
3225 7 193
3230 28 773
3231 21 580
3232 8 221
3234 14 387
3236 56 1549
3238 28 775
3239 19 526
3242 7 194
3244 56 1553
3245 19 527
3248 21 583
3250 14 389
3253 56 1557
3255 28 779
3256 6 167
3257 56 1559
3259 7 195
3261 8 223
3262 42 1171
3263 28 781
3267 14 391
3269 56 1565
3273 42 1175
3275 1 28
3278 56 1569
3280 28 785
3281 21 589
3282 19 533
3284 14 393
3286 56 1573
3287 21 590
3288 19 534
3292 7 197
3294 19 535
3298 21 592
3300 19 536
3301 14 395
3303 56 1581
3305 4 113
3306 42 1187
3309 7 198
3311 56 1585
3312 42 1189
3317 14 397
3319 19 539
3323 42 1193
3324 56 1591
3325 19 540
3326 7 199
3328 56 1593
3330 28 797
3331 19 541
3334 2 57
3336 56 1597
3337 21 599
3340 42 1199
3342 7 200
3347 28 801
3348 21 601
3349 8 229
3351 14 401
3353 56 1605
3355 28 803
3356 19 545
3359 7 201
3361 56 1609
3362 19 546
3365 21 604
3367 14 403
3370 56 1613
3372 28 807
3373 6 173
3374 56 1615
3376 7 202
3378 8 231
3379 42 1213
3380 28 809
3384 14 405
3386 56 1621
3390 42 1217
3392 1 29
3395 56 1625
3397 28 813
3398 21 610
3399 19 552
3401 14 407
3403 56 1629
3404 21 611
3405 19 553
3409 7 204
3411 19 554
3415 21 613
3417 19 555
3418 14 409
3420 56 1637
3422 4 117
3423 42 1229
3426 7 205
3428 56 1641
3429 42 1231
3434 14 411
3436 19 558
3440 42 1235
3441 56 1647
3442 19 559
3443 7 206
3445 56 1649
3447 28 825
3448 19 560
3451 2 59
3453 56 1653
3454 21 620
3457 42 1241
3459 7 207
3464 28 829
3465 21 622
3466 8 237
3468 14 415
3470 56 1661
3472 28 831
3473 19 564
3476 7 208
3478 56 1665
3479 19 565
3482 21 625
3484 14 417
3487 56 1669
3489 28 835
3490 6 179
3491 56 1671
3493 7 209
3495 8 239
3496 42 1255
3497 28 837
3501 14 419
3503 56 1677
3507 42 1259
3509 1 30
3512 56 1681
3514 28 841
3515 21 631
3516 19 571
3518 14 421
3520 56 1685
3521 21 632
3522 19 572
3526 7 211
3528 19 573
3532 21 634
3534 19 574
3535 14 423
3537 56 1693
3539 4 121
3540 42 1271
3543 7 212
3545 56 1697
3546 42 1273
3551 14 425
3553 19 577
3557 42 1277
3558 56 1703
3559 19 578
3560 7 213
3562 56 1705
3564 28 853
3565 19 579
3568 2 61
3570 56 1709
3571 21 641
3574 42 1283
3576 7 214
3581 28 857
3582 21 643
3583 8 245
3585 14 429
3587 56 1717
3589 28 859
3590 19 583
3593 7 215
3595 56 1721
3596 19 584
3599 21 646
3601 14 431
3604 56 1725
3606 28 863
3607 6 185
3608 56 1727
3610 7 216
3612 8 247
3613 42 1297
3614 28 865
3618 14 433
3620 56 1733
3624 42 1301
3626 1 31
3629 56 1737
3631 28 869
3632 21 652
3633 19 590
3635 14 435
3637 56 1741
3638 21 653
3639 19 591
3643 7 218
3645 19 592
3649 21 655
3651 19 593
3652 14 437
3654 56 1749
3656 4 125
3657 42 1313
3660 7 219
3662 56 1753
3663 42 1315
3668 14 439
3670 19 596
3674 42 1319
3675 56 1759
3676 19 597
3677 7 220
3679 56 1761
3681 28 881
3682 19 598
3685 2 63
3687 56 1765
3688 21 662
3691 42 1325
3693 7 221
3698 28 885
3699 21 664
3700 8 253
3702 14 443
3704 56 1773
3706 28 887
3707 19 602
3710 7 222
3712 56 1777
3713 19 603
3716 21 667
3718 14 445
3721 56 1781
3723 28 891
3724 6 191
3725 56 1783
3727 7 223
3729 8 255
3730 42 1339
3731 28 893
3735 14 447
3737 56 1789
3741 42 1343
3743 1 32
3746 56 1793
3748 28 897
3749 21 673
3750 19 609
3752 14 449
3754 56 1797
3755 21 674
3756 19 610
3760 7 225
3762 19 611
3766 21 676
3768 19 612
3769 14 451
3771 56 1805
3773 4 129
3774 42 1355
3777 7 226
3779 56 1809
3780 42 1357
3785 14 453
3787 19 615
3791 42 1361
3792 56 1815
3793 19 616
3794 7 227
3796 56 1817
3798 28 909
3799 19 617
3802 2 65
3804 56 1821
3805 21 683
3808 42 1367
3810 7 228
3815 28 913
3816 21 685
3817 8 261
3819 14 457
3821 56 1829
3823 28 915
3824 19 621
3827 7 229
3829 56 1833
3830 19 622
3833 21 688
3835 14 459
3838 56 1837
3840 28 919
3841 6 197
3842 56 1839
3844 7 230
3846 8 263
3847 42 1381
3848 28 921
3852 14 461
3854 56 1845
3858 42 1385
3860 1 33
3863 56 1849
3865 28 925
3866 21 694
3867 19 628
3869 14 463
3871 56 1853
3872 21 695
3873 19 629
3877 7 232
3879 19 630
3883 21 697
3885 19 631
3886 14 465
3888 56 1861
3890 4 133
3891 42 1397
3894 7 233
3896 56 1865
3897 42 1399
3902 14 467
3904 19 634
3908 42 1403
3909 56 1871
3910 19 635
3911 7 234
3913 56 1873
3915 28 937
3916 19 636
3919 2 67
3921 56 1877
3922 21 704
3925 42 1409
3927 7 235
3932 28 941
3933 21 706
3934 8 269
3936 14 471
3938 56 1885
3940 28 943
3941 19 640
3944 7 236
3946 56 1889
3947 19 641
3950 21 709
3952 14 473
3955 56 1893
3957 28 947
3958 6 203
3959 56 1895
3961 7 237
3963 8 271
3964 42 1423
3965 28 949
3969 14 475
3971 56 1901
3975 42 1427
3977 1 34
3980 56 1905
3982 28 953
3983 21 715
3984 19 647
3986 14 477
3988 56 1909
3989 21 716
3990 19 648
3994 7 239
3996 19 649
4000 21 718
4002 19 650
4003 14 479
4005 56 1917
4007 4 137
4008 42 1439
4011 7 240
4013 56 1921
4014 42 1441
4019 14 481
4021 19 653
4025 42 1445
4026 56 1927
4027 19 654
4028 7 241
4030 56 1929
4032 28 965
4033 19 655
4036 2 69
4038 56 1933
4039 21 725
4042 42 1451
4044 7 242
4049 28 969
4050 21 727
4051 8 277
4053 14 485
4055 56 1941
4057 28 971
4058 19 659
4061 7 243
4063 56 1945
4064 19 660
4067 21 730
4069 14 487
4072 56 1949
4074 28 975
4075 6 209
4076 56 1951
4078 7 244
4080 8 279
4081 42 1465
4082 28 977
4086 14 489
4088 56 1957
4092 42 1469
4094 1 35
4097 56 1961
4099 28 981
4100 21 736
4101 19 666
4103 14 491
4105 56 1965
4106 21 737
4107 19 667
4111 7 246
4113 19 668
4117 21 739
4119 19 669
4120 14 493
4122 56 1973
4124 4 141
4125 42 1481
4128 7 247
4130 56 1977
4131 42 1483
4136 14 495
4138 19 672
4142 42 1487
4143 56 1983
4144 19 673
4145 7 248
4147 56 1985
4149 28 993
4150 19 674
4153 2 71
4155 56 1989
4156 21 746
4159 42 1493
4161 7 249
4166 28 997
4167 21 748
4168 8 285
4170 14 499
4172 56 1997
4174 28 999
4175 19 678
4178 7 250
4180 56 2001
4181 19 679
4184 21 751
4186 14 501
4189 56 2005
4191 28 1003
4192 6 215
4193 56 2007
4195 7 251
4197 8 287
4198 42 1507
4199 28 1005
4203 14 503
4205 56 2013
4209 42 1511
4211 1 36
4214 56 2017
4216 28 1009
4217 21 757
4218 19 685
4220 14 505
4222 56 2021
4223 21 758
4224 19 686
4228 7 253
4230 19 687
4234 21 760
4236 19 688
4237 14 507
4239 56 2029
4241 4 145
4242 42 1523
4245 7 254
4247 56 2033
4248 42 1525
4253 14 509
4255 19 691
4259 42 1529
4260 56 2039
4261 19 692
4262 7 255
4264 56 2041
4266 28 1021
4267 19 693
4270 2 73
4272 56 2045
4273 21 767
4276 42 1535
4278 7 256
4283 28 1025
4284 21 769
4285 8 293
4287 14 513
4289 56 2053
4291 28 1027
4292 19 697
4295 7 257
4297 56 2057
4298 19 698
4301 21 772
4303 14 515
4306 56 2061
4308 28 1031
4309 6 221
4310 56 2063
4312 7 258
4314 8 295
4315 42 1549
4316 28 1033
4320 14 517
4322 56 2069
4326 42 1553
4328 1 37
4331 56 2073
4333 28 1037
4334 21 778
4335 19 704
4337 14 519
4339 56 2077
4340 21 779
4341 19 705
4345 7 260
4347 19 706
4351 21 781
4353 19 707
4354 14 521
4356 56 2085
4358 4 149
4359 42 1565
4362 7 261
4364 56 2089
4365 42 1567
4370 14 523
4372 19 710
4376 42 1571
4377 56 2095
4378 19 711
4379 7 262
4381 56 2097
4383 28 1049
4384 19 712
4387 2 75
4389 56 2101
4390 21 788
4393 42 1577
4395 7 263
4400 28 1053
4401 21 790
4402 8 301
4404 14 527
4406 56 2109
4408 28 1055
4409 19 716
4412 7 264
4414 56 2113
4415 19 717
4418 21 793
4420 14 529
4423 56 2117
4425 28 1059
4426 6 227
4427 56 2119
4429 7 265
4431 8 303
4432 42 1591
4433 28 1061
4437 14 531
4439 56 2125
4443 42 1595
4445 1 38
4448 56 2129
4450 28 1065
4451 21 799
4452 19 723
4454 14 533
4456 56 2133
4457 21 800
4458 19 724
4462 7 267
4464 19 725
4468 21 802
4470 19 726
4471 14 535
4473 56 2141
4475 4 153
4476 42 1607
4479 7 268
4481 56 2145
4482 42 1609
4487 14 537
4489 19 729
4493 42 1613
4494 56 2151
4495 19 730
4496 7 269
4498 56 2153
4500 28 1077
4501 19 731
4504 2 77
4506 56 2157
4507 21 809
4510 42 1619
4512 7 270
4517 28 1081
4518 21 811
4519 8 309
4521 14 541
4523 56 2165
4525 28 1083
4526 19 735
4529 7 271
4531 56 2169
4532 19 736
4535 21 814
4537 14 543
4540 56 2173
4542 28 1087
4543 6 233
4544 56 2175
4546 7 272
4548 8 311
4549 42 1633
4550 28 1089
4554 14 545
4556 56 2181
4560 42 1637
4562 1 39
4565 56 2185
4567 28 1093
4568 21 820
4569 19 742
4571 14 547
4573 56 2189
4574 21 821
4575 19 743
4579 7 274
4581 19 744
4585 21 823
4587 19 745
4588 14 549
4590 56 2197
4592 4 157
4593 42 1649
4596 7 275
4598 56 2201
4599 42 1651
4604 14 551
4606 19 748
4610 42 1655
4611 56 2207
4612 19 749
4613 7 276
4615 56 2209
4617 28 1105
4618 19 750
4621 2 79
4623 56 2213
4624 21 830
4627 42 1661
4629 7 277
4634 28 1109
4635 21 832
4636 8 317
4638 14 555
4640 56 2221
4642 28 1111
4643 19 754
4646 7 278
4648 56 2225
4649 19 755
4652 21 835
4654 14 557
4657 56 2229
4659 28 1115
4660 6 239
4661 56 2231
4663 7 279
4665 8 319
4666 42 1675
4667 28 1117
4671 14 559
4673 56 2237
4677 42 1679
4679 1 40
4682 56 2241
4684 28 1121
4685 21 841
4686 19 761
4688 14 561
4690 56 2245
4691 21 842
4692 19 762
4696 7 281
4698 19 763
4702 21 844
4704 19 764
4705 14 563
4707 56 2253
4709 4 161
4710 42 1691
4713 7 282
4715 56 2257
4716 42 1693
4721 14 565
4723 19 767
4727 42 1697
4728 56 2263
4729 19 768
4730 7 283
4732 56 2265
4734 28 1133
4735 19 769
4738 2 81
4740 56 2269
4741 21 851
4744 42 1703
4746 7 284
4751 28 1137
4752 21 853
4753 8 325
4755 14 569
4757 56 2277
4759 28 1139
4760 19 773
4763 7 285
4765 56 2281
4766 19 774
4769 21 856
4771 14 571
4774 56 2285
4776 28 1143
4777 6 245
4778 56 2287
4780 7 286
4782 8 327
4783 42 1717
4784 28 1145
4788 14 573
4790 56 2293
4794 42 1721
4796 1 41
4799 56 2297
4801 28 1149
4802 21 862
4803 19 780
4805 14 575
4807 56 2301
4808 21 863
4809 19 781
4813 7 288
4815 19 782
4819 21 865
4821 19 783
4822 14 577
4824 56 2309
4826 4 165
4827 42 1733
4830 7 289
4832 56 2313
4833 42 1735
4838 14 579
4840 19 786
4844 42 1739
4845 56 2319
4846 19 787
4847 7 290
4849 56 2321
4851 28 1161
4852 19 788
4855 2 83
4857 56 2325
4858 21 872
4861 42 1745
4863 7 291
4868 28 1165
4869 21 874
4870 8 333
4872 14 583
4874 56 2333
4876 28 1167
4877 19 792
4880 7 292
4882 56 2337
4883 19 793
4886 21 877
4888 14 585
4891 56 2341
4893 28 1171
4894 6 251
4895 56 2343
4897 7 293
4899 8 335
4900 42 1759
4901 28 1173
4905 14 587
4907 56 2349
4911 42 1763
4913 1 42
4916 56 2353
4918 28 1177
4919 21 883
4920 19 799
4922 14 589
4924 56 2357
4925 21 884
4926 19 800
4930 7 295
4932 19 801
4936 21 886
4938 19 802
4939 14 591
4941 56 2365
4943 4 169
4944 42 1775
4947 7 296
4949 56 2369
4950 42 1777
4955 14 593
4957 19 805
4961 42 1781
4962 56 2375
4963 19 806
4964 7 297
4966 56 2377
4968 28 1189
4969 19 807
4972 2 85
4974 56 2381
4975 21 893
4978 42 1787
4980 7 298
4985 28 1193
4986 21 895
4987 8 341
4989 14 597
4991 56 2389
4993 28 1195
4994 19 811
4997 7 299
4999 56 2393
5000 19 812
5003 21 898
5005 14 599
5008 56 2397
5010 28 1199
5011 6 257
5012 56 2399
5014 7 300
5016 8 343
5017 42 1801
5018 28 1201
5022 14 601
5024 56 2405
5028 42 1805
5030 1 43
5033 56 2409
5035 28 1205
5036 21 904
5037 19 818
5039 14 603
5041 56 2413
5042 21 905
5043 19 819
5047 7 302
5049 19 820
5053 21 907
5055 19 821
5056 14 605
5058 56 2421
5060 4 173
5061 42 1817
5064 7 303
5066 56 2425
5067 42 1819
5072 14 607
5074 19 824
5078 42 1823
5079 56 2431
5080 19 825
5081 7 304
5083 56 2433
5085 28 1217
5086 19 826
5089 2 87
5091 56 2437
5092 21 914
5095 42 1829
5097 7 305
5102 28 1221
5103 21 916
5104 8 349
5106 14 611
5108 56 2445
5110 28 1223
5111 19 830
5114 7 306
5116 56 2449
5117 19 831
5120 21 919
5122 14 613
5125 56 2453
5127 28 1227
5128 6 263
5129 56 2455
5131 7 307
5133 8 351
5134 42 1843
5135 28 1229
5139 14 615
5141 56 2461
5145 42 1847
5147 1 44
5150 56 2465
5152 28 1233
5153 21 925
5154 19 837
5156 14 617
5158 56 2469
5159 21 926
5160 19 838
5164 7 309
5166 19 839
5170 21 928
5172 19 840
5173 14 619
5175 56 2477
5177 4 177
5178 42 1859
5181 7 310
5183 56 2481
5184 42 1861
5189 14 621
5191 19 843
5195 42 1865
5196 56 2487
5197 19 844
5198 7 311
5200 56 2489
5202 28 1245
5203 19 845
5206 2 89
5208 56 2493
5209 21 935
5212 42 1871
5214 7 312
5219 28 1249
5220 21 937
5221 8 357
5223 14 625
5225 56 2501
5227 28 1251
5228 19 849
5231 7 313
5233 56 2505
5234 19 850
5237 21 940
5239 14 627
5242 56 2509
5244 28 1255
5245 6 269
5246 56 2511
5248 7 314
5250 8 359
5251 42 1885
5252 28 1257
5256 14 629
5258 56 2517
5262 42 1889
5264 1 45
5267 56 2521
5269 28 1261
5270 21 946
5271 19 856
5273 14 631
5275 56 2525
5276 21 947
5277 19 857
5281 7 316
5283 19 858
5287 21 949
5289 19 859
5290 14 633
5292 56 2533
5294 4 181
5295 42 1901
5298 7 317
5300 56 2537
5301 42 1903
5306 14 635
5308 19 862
5312 42 1907
5313 56 2543
5314 19 863
5315 7 318
5317 56 2545
5319 28 1273
5320 19 864
5323 2 91
5325 56 2549
5326 21 956
5329 42 1913
5331 7 319
5336 28 1277
5337 21 958
5338 8 365
5340 14 639
5342 56 2557
5344 28 1279
5345 19 868
5348 7 320
5350 56 2561
5351 19 869
5354 21 961
5356 14 641
5359 56 2565
5361 28 1283
5362 6 275
5363 56 2567
5365 7 321
5367 8 367
5368 42 1927
5369 28 1285
5373 14 643
5375 56 2573
5379 42 1931
5381 1 46
5384 56 2577
5386 28 1289
5387 21 967
5388 19 875
5390 14 645
5392 56 2581
5393 21 968
5394 19 876
5398 7 323
5400 19 877
5404 21 970
5406 19 878
5407 14 647
5409 56 2589
5411 4 185
5412 42 1943
5415 7 324
5417 56 2593
5418 42 1945
5423 14 649
5425 19 881
5429 42 1949
5430 56 2599
5431 19 882
5432 7 325
5434 56 2601
5436 28 1301
5437 19 883
5440 2 93
5442 56 2605
5443 21 977
5446 42 1955
5448 7 326
5453 28 1305
5454 21 979
5455 8 373
5457 14 653
5459 56 2613
5461 28 1307
5462 19 887
5465 7 327
5467 56 2617
5468 19 888
5471 21 982
5473 14 655
5476 56 2621
5478 28 1311
5479 6 281
5480 56 2623
5482 7 328
5484 8 375
5485 42 1969
5486 28 1313
5490 14 657
5492 56 2629
5496 42 1973
5498 1 47
5501 56 2633
5503 28 1317
5504 21 988
5505 19 894
5507 14 659
5509 56 2637
5510 21 989
5511 19 895
5515 7 330
5517 19 896
5521 21 991
5523 19 897
5524 14 661
5526 56 2645
5528 4 189
5529 42 1985
5532 7 331
5534 56 2649
5535 42 1987
5540 14 663
5542 19 900
5546 42 1991
5547 56 2655
5548 19 901
5549 7 332
5551 56 2657
5553 28 1329
5554 19 902
5557 2 95
5559 56 2661
5560 21 998
5563 42 1997
5565 7 333
5570 28 1333
5571 21 1000
5572 8 381
5574 14 667
5576 56 2669
5578 28 1335
5579 19 906
5582 7 334
5584 56 2673
5585 19 907
5588 21 1003
5590 14 669
5593 56 2677
5595 28 1339
5596 6 287
5597 56 2679
5599 7 335
5601 8 383
5602 42 2011
5603 28 1341
5607 14 671
5609 56 2685
5613 42 2015
5615 1 48
5618 56 2689
5620 28 1345
5621 21 1009
5622 19 913
5624 14 673
5626 56 2693
5627 21 1010
5628 19 914
5632 7 337
5634 19 915
5638 21 1012
5640 19 916
5641 14 675
5643 56 2701
5645 4 193
5646 42 2027
5649 7 338
5651 56 2705
5652 42 2029
5657 14 677
5659 19 919
5663 42 2033
5664 56 2711
5665 19 920
5666 7 339
5668 56 2713
5670 28 1357
5671 19 921
5674 2 97
5676 56 2717
5677 21 1019
5680 42 2039
5682 7 340
5687 28 1361
5688 21 1021
5689 8 389
5691 14 681
5693 56 2725
5695 28 1363
5696 19 925
5699 7 341
5701 56 2729
5702 19 926
5705 21 1024
5707 14 683
5710 56 2733
5712 28 1367
5713 6 293
5714 56 2735
5716 7 342
5718 8 391
5719 42 2053
5720 28 1369
5724 14 685
5726 56 2741
5730 42 2057
5732 1 49
5735 56 2745
5737 28 1373
5738 21 1030
5739 19 932
5741 14 687
5743 56 2749
5744 21 1031
5745 19 933
5749 7 344
5751 19 934
5755 21 1033
5757 19 935
5758 14 689
5760 56 2757
5762 4 197
5763 42 2069
5766 7 345
5768 56 2761
5769 42 2071
5774 14 691
5776 19 938
5780 42 2075
5781 56 2767
5782 19 939
5783 7 346
5785 56 2769
5787 28 1385
5788 19 940
5791 2 99
5793 56 2773
5794 21 1040
5797 42 2081
5799 7 347
5804 28 1389
5805 21 1042
5806 8 397
5808 14 695
5810 56 2781
5812 28 1391
5813 19 944
5816 7 348
5818 56 2785
5819 19 945
5822 21 1045
5824 14 697
5827 56 2789
5829 28 1395
5830 6 299
5831 56 2791
5833 7 349
5835 8 399
5836 42 2095
5837 28 1397
5841 14 699
5843 56 2797
5847 42 2099
5849 1 50
5852 56 2801
5854 28 1401
5855 21 1051
5856 19 951
5858 14 701
5860 56 2805
5861 21 1052
5862 19 952
5866 7 351
5868 19 953
5872 21 1054
5874 19 954
5875 14 703
5877 56 2813
5879 4 201
5880 42 2111
5883 7 352
5885 56 2817
5886 42 2113
5891 14 705
5893 19 957
5897 42 2117
5898 56 2823
5899 19 958
5900 7 353
5902 56 2825
5904 28 1413
5905 19 959
5908 2 101
5910 56 2829
5911 21 1061
5914 42 2123
5916 7 354
5921 28 1417
5922 21 1063
5923 8 405
5925 14 709
5927 56 2837
5929 28 1419
5930 19 963
5933 7 355
5935 56 2841
5936 19 964
5939 21 1066
5941 14 711
5944 56 2845
5946 28 1423
5947 6 305
5948 56 2847
5950 7 356
5952 8 407
5953 42 2137
5954 28 1425
5958 14 713
5960 56 2853
5964 42 2141
5966 1 51
5969 56 2857
5971 28 1429
5972 21 1072
5973 19 970
5975 14 715
5977 56 2861
5978 21 1073
5979 19 971
5983 7 358
5985 19 972
5989 21 1075
5991 19 973
5992 14 717
5994 56 2869
5996 4 205
5997 42 2153
6000 7 359
6002 56 2873
6003 42 2155
6008 14 719
6010 19 976
6014 42 2159
6015 56 2879
6016 19 977
6017 7 360
6019 56 2881
6021 28 1441
6022 19 978
6025 2 103
6027 56 2885
6028 21 1082
6031 42 2165
6033 7 361
6038 28 1445
6039 21 1084
6040 8 413
6042 14 723
6044 56 2893
6046 28 1447
6047 19 982
6050 7 362
6052 56 2897
6053 19 983
6056 21 1087
6058 14 725
6061 56 2901
6063 28 1451
6064 6 311
6065 56 2903
6067 7 363
6069 8 415
6070 42 2179
6071 28 1453
6075 14 727
6077 56 2909
6081 42 2183
6083 1 52
6086 56 2913
6088 28 1457
6089 21 1093
6090 19 989
6092 14 729
6094 56 2917
6095 21 1094
6096 19 990
6100 7 365
6102 19 991
6106 21 1096
6108 19 992
6109 14 731
6111 56 2925
6113 4 209
6114 42 2195
6117 7 366
6119 56 2929
6120 42 2197
6125 14 733
6127 19 995
6131 42 2201
6132 56 2935
6133 19 996
6134 7 367
6136 56 2937
6138 28 1469
6139 19 997
6142 2 105
6144 56 2941
6145 21 1103
6148 42 2207
6150 7 368
6155 28 1473
6156 21 1105
6157 8 421
6159 14 737
6161 56 2949
6163 28 1475
6164 19 1001
6167 7 369
6169 56 2953
6170 19 1002
6173 21 1108
6175 14 739
6178 56 2957
6180 28 1479
6181 6 317
6182 56 2959
6184 7 370
6186 8 423
6187 42 2221
6188 28 1481
6192 14 741
6194 56 2965
6198 42 2225
6200 1 53
6203 56 2969
6205 28 1485
6206 21 1114
6207 19 1008
6209 14 743
6211 56 2973
6212 21 1115
6213 19 1009
6217 7 372
6219 19 1010
6223 21 1117
6225 19 1011
6226 14 745
6228 56 2981
6230 4 213
6231 42 2237
6234 7 373
6236 56 2985
6237 42 2239
6242 14 747
6244 19 1014
6248 42 2243
6249 56 2991
6250 19 1015
6251 7 374
6253 56 2993
6255 28 1497
6256 19 1016
6259 2 107
6261 56 2997
6262 21 1124
6265 42 2249
6267 7 375
6272 28 1501
6273 21 1126
6274 8 429
6276 14 751
6278 56 3005
6280 28 1503
6281 19 1020
6284 7 376
6286 56 3009
6287 19 1021
6290 21 1129
6292 14 753
6295 56 3013
6297 28 1507
6298 6 323
6299 56 3015
6301 7 377
6303 8 431
6304 42 2263
6305 28 1509
6309 14 755
6311 56 3021
6315 42 2267
6317 1 54
6320 56 3025
6322 28 1513
6323 21 1135
6324 19 1027
6326 14 757
6328 56 3029
6329 21 1136
6330 19 1028
6334 7 379
6336 19 1029
6340 21 1138
6342 19 1030
6343 14 759
6345 56 3037
6347 4 217
6348 42 2279
6351 7 380
6353 56 3041
6354 42 2281
6359 14 761
6361 19 1033
6365 42 2285
6366 56 3047
6367 19 1034
6368 7 381
6370 56 3049
6372 28 1525
6373 19 1035
6376 2 109
6378 56 3053
6379 21 1145
6382 42 2291
6384 7 382
6389 28 1529
6390 21 1147
6391 8 437
6393 14 765
6395 56 3061
6397 28 1531
6398 19 1039
6401 7 383
6403 56 3065
6404 19 1040
6407 21 1150
6409 14 767
6412 56 3069
6414 28 1535
6415 6 329
6416 56 3071
6418 7 384
6420 8 439
6421 42 2305
6422 28 1537
6426 14 769
6428 56 3077
6432 42 2309
6434 1 55
6437 56 3081
6439 28 1541
6440 21 1156
6441 19 1046
6443 14 771
6445 56 3085
6446 21 1157
6447 19 1047
6451 7 386
6453 19 1048
6457 21 1159
6459 19 1049
6460 14 773
6462 56 3093
6464 4 221
6465 42 2321
6468 7 387
6470 56 3097
6471 42 2323
6476 14 775
6478 19 1052
6482 42 2327
6483 56 3103
6484 19 1053
6485 7 388
6487 56 3105
6489 28 1553
6490 19 1054
6493 2 111
6495 56 3109
6496 21 1166
6499 42 2333
6501 7 389
6506 28 1557
6507 21 1168
6508 8 445
6510 14 779
6512 56 3117
6514 28 1559
6515 19 1058
6518 7 390
6520 56 3121
6521 19 1059
6524 21 1171
6526 14 781
6529 56 3125
6531 28 1563
6532 6 335
6533 56 3127
6535 7 391
6537 8 447
6538 42 2347
6539 28 1565
6543 14 783
6545 56 3133
6549 42 2351
6551 1 56
6554 56 3137
6556 28 1569
6557 21 1177
6558 19 1065
6560 14 785
6562 56 3141
6563 21 1178
6564 19 1066
6568 7 393
6570 19 1067
6574 21 1180
6576 19 1068
6577 14 787
6579 56 3149
6581 4 225
6582 42 2363
6585 7 394
6587 56 3153
6588 42 2365
6593 14 789
6595 19 1071
6599 42 2369
6600 56 3159
6601 19 1072
6602 7 395
6604 56 3161
6606 28 1581
6607 19 1073
6610 2 113
6612 56 3165
6613 21 1187
6616 42 2375
6618 7 396
6623 28 1585
6624 21 1189
6625 8 453
6627 14 793
6629 56 3173
6631 28 1587
6632 19 1077
6635 7 397
6637 56 3177
6638 19 1078
6641 21 1192
6643 14 795
6646 56 3181
6648 28 1591
6649 6 341
6650 56 3183
6652 7 398
6654 8 455
6655 42 2389
6656 28 1593
6660 14 797
6662 56 3189
6666 42 2393
6668 1 57
6671 56 3193
6673 28 1597
6674 21 1198
6675 19 1084
6677 14 799
6679 56 3197
6680 21 1199
6681 19 1085
6685 7 400
6687 19 1086
6691 21 1201
6693 19 1087
6694 14 801
6696 56 3205
6698 4 229
6699 42 2405
6702 7 401
6704 56 3209
6705 42 2407
6710 14 803
6712 19 1090
6716 42 2411
6717 56 3215
6718 19 1091
6719 7 402
6721 56 3217
6723 28 1609
6724 19 1092
6727 2 115
6729 56 3221
6730 21 1208
6733 42 2417
6735 7 403
6740 28 1613
6741 21 1210
6742 8 461
6744 14 807
6746 56 3229
6748 28 1615
6749 19 1096
6752 7 404
6754 56 3233
6755 19 1097
6758 21 1213
6760 14 809
6763 56 3237
6765 28 1619
6766 6 347
6767 56 3239
6769 7 405
6771 8 463
6772 42 2431
6773 28 1621
6777 14 811
6779 56 3245
6783 42 2435
6785 1 58
6788 56 3249
6790 28 1625
6791 21 1219
6792 19 1103
6794 14 813
6796 56 3253
6797 21 1220
6798 19 1104
6802 7 407
6804 19 1105
6808 21 1222
6810 19 1106
6811 14 815
6813 56 3261
6815 4 233
6816 42 2447
6819 7 408
6821 56 3265
6822 42 2449
6827 14 817
6829 19 1109
6833 42 2453
6834 56 3271
6835 19 1110
6836 7 409
6838 56 3273
6840 28 1637
6841 19 1111
6844 2 117
6846 56 3277
6847 21 1229
6850 42 2459
6852 7 410
6857 28 1641
6858 21 1231
6859 8 469
6861 14 821
6863 56 3285
6865 28 1643
6866 19 1115
6869 7 411
6871 56 3289
6872 19 1116
6875 21 1234
6877 14 823
6880 56 3293
6882 28 1647
6883 6 353
6884 56 3295
6886 7 412
6888 8 471
6889 42 2473
6890 28 1649
6894 14 825
6896 56 3301
6900 42 2477
6902 1 59
6905 56 3305
6907 28 1653
6908 21 1240
6909 19 1122
6911 14 827
6913 56 3309
6914 21 1241
6915 19 1123
6919 7 414
6921 19 1124
6925 21 1243
6927 19 1125
6928 14 829
6930 56 3317
6932 4 237
6933 42 2489
6936 7 415
6938 56 3321
6939 42 2491
6944 14 831
6946 19 1128
6950 42 2495
6951 56 3327
6952 19 1129
6953 7 416
6955 56 3329
6957 28 1665
6958 19 1130
6961 2 119
6963 56 3333
6964 21 1250
6967 42 2501
6969 7 417
6974 28 1669
6975 21 1252
6976 8 477
6978 14 835
6980 56 3341
6982 28 1671
6983 19 1134
6986 7 418
6988 56 3345
6989 19 1135
6992 21 1255
6994 14 837
6997 56 3349
6999 28 1675
7000 6 359
7001 56 3351
7003 7 419
7005 8 479
7006 42 2515
7007 28 1677
7011 14 839
7013 56 3357
7017 42 2519
7019 1 60
7022 56 3361
7024 28 1681
7025 21 1261
7026 19 1141
7028 14 841
7030 56 3365
7031 21 1262
7032 19 1142
7036 7 421
7038 19 1143
7042 21 1264
7044 19 1144
7045 14 843
7047 56 3373
7049 4 241
7050 42 2531
7053 7 422
7055 56 3377
7056 42 2533
7061 14 845
7063 19 1147
7067 42 2537
7068 56 3383
7069 19 1148
7070 7 423
7072 56 3385
7074 28 1693
7075 19 1149
7078 2 121
7080 56 3389
7081 21 1271
7084 42 2543
7086 7 424
7091 28 1697
7092 21 1273
7093 8 485
7095 14 849
7097 56 3397
7099 28 1699
7100 19 1153
7103 7 425
7105 56 3401
7106 19 1154
7109 21 1276
7111 14 851
7114 56 3405
7116 28 1703
7117 6 365
7118 56 3407
7120 7 426
7122 8 487
7123 42 2557
7124 28 1705
7128 14 853
7130 56 3413
7134 42 2561
7136 1 61
7139 56 3417
7141 28 1709
7142 21 1282
7143 19 1160
7145 14 855
7147 56 3421
7148 21 1283
7149 19 1161
7153 7 428
7155 19 1162
7159 21 1285
7161 19 1163
7162 14 857
7164 56 3429
7166 4 245
7167 42 2573
7170 7 429
7172 56 3433
7173 42 2575
7178 14 859
7180 19 1166
7184 42 2579
7185 56 3439
7186 19 1167
7187 7 430
7189 56 3441
7191 28 1721
7192 19 1168
7195 2 123
7197 56 3445
7198 21 1292
7201 42 2585
7203 7 431
7208 28 1725
7209 21 1294
7210 8 493
7212 14 863
7214 56 3453
7216 28 1727
7217 19 1172
7220 7 432
7222 56 3457
7223 19 1173
7226 21 1297
7228 14 865
7231 56 3461
7233 28 1731
7234 6 371
7235 56 3463
7237 7 433
7239 8 495
7240 42 2599
7241 28 1733
7245 14 867
7247 56 3469
7251 42 2603
7253 1 62
7256 56 3473
7258 28 1737
7259 21 1303
7260 19 1179
7262 14 869
7264 56 3477
7265 21 1304
7266 19 1180
7270 7 435
7272 19 1181
7276 21 1306
7278 19 1182
7279 14 871
7281 56 3485
7283 4 249
7284 42 2615
7287 7 436
7289 56 3489
7290 42 2617
7295 14 873
7297 19 1185
7301 42 2621
7302 56 3495
7303 19 1186
7304 7 437
7306 56 3497
7308 28 1749
7309 19 1187
7312 2 125
7314 56 3501
7315 21 1313
7318 42 2627
7320 7 438
7325 28 1753
7326 21 1315
7327 8 501
7329 14 877
7331 56 3509
7333 28 1755
7334 19 1191
7337 7 439
7339 56 3513
7340 19 1192
7343 21 1318
7345 14 879
7348 56 3517
7350 28 1759
7351 6 377
7352 56 3519
7354 7 440
7356 8 503
7357 42 2641
7358 28 1761
7362 14 881
7364 56 3525
7368 42 2645
7370 1 63
7373 56 3529
7375 28 1765
7376 21 1324
7377 19 1198
7379 14 883
7381 56 3533
7382 21 1325
7383 19 1199
7387 7 442
7389 19 1200
7393 21 1327
7395 19 1201
7396 14 885
7398 56 3541
7400 4 253
7401 42 2657
7404 7 443
7406 56 3545
7407 42 2659
7412 14 887
7414 19 1204
7418 42 2663
7419 56 3551
7420 19 1205
7421 7 444
7423 56 3553
7425 28 1777
7426 19 1206
7429 2 127
7431 56 3557
7432 21 1334
7435 42 2669
7437 7 445
7442 28 1781
7443 21 1336
7444 8 509
7446 14 891
7448 56 3565
7450 28 1783
7451 19 1210
7454 7 446
7456 56 3569
7457 19 1211
7460 21 1339
7462 14 893
7465 56 3573
7467 28 1787
7468 6 383
7469 56 3575
7471 7 447
7473 8 511
7474 42 2683
7475 28 1789
7479 14 895
7481 56 3581
7485 42 2687
7487 1 64
7490 56 3585
7492 28 1793
7493 21 1345
7494 19 1217
7496 14 897
7498 56 3589
7499 21 1346
7500 19 1218
7504 7 449
7506 19 1219
7510 21 1348
7512 19 1220
7513 14 899
7515 56 3597
7517 4 257
7518 42 2699
7521 7 450
7523 56 3601
7524 42 2701
7529 14 901
7531 19 1223
7535 42 2705
7536 56 3607
7537 19 1224
7538 7 451
7540 56 3609
7542 28 1805
7543 19 1225
7546 2 129
7548 56 3613
7549 21 1355
7552 42 2711
7554 7 452
7559 28 1809
7560 21 1357
7561 8 517
7563 14 905
7565 56 3621
7567 28 1811
7568 19 1229
7571 7 453
7573 56 3625
7574 19 1230
7577 21 1360
7579 14 907
7582 56 3629
7584 28 1815
7585 6 389
7586 56 3631
7588 7 454
7590 8 519
7591 42 2725
7592 28 1817
7596 14 909
7598 56 3637
7602 42 2729
7604 1 65
7607 56 3641
7609 28 1821
7610 21 1366
7611 19 1236
7613 14 911
7615 56 3645
7616 21 1367
7617 19 1237
7621 7 456
7623 19 1238
7627 21 1369
7629 19 1239
7630 14 913
7632 56 3653
7634 4 261
7635 42 2741
7638 7 457
7640 56 3657
7641 42 2743
7646 14 915
7648 19 1242
7652 42 2747
7653 56 3663
7654 19 1243
7655 7 458
7657 56 3665
7659 28 1833
7660 19 1244
7663 2 131
7665 56 3669
7666 21 1376
7669 42 2753
7671 7 459
7676 28 1837
7677 21 1378
7678 8 525
7680 14 919
7682 56 3677
7684 28 1839
7685 19 1248
7688 7 460
7690 56 3681
7691 19 1249
7694 21 1381
7696 14 921
7699 56 3685
7701 28 1843
7702 6 395
7703 56 3687
7705 7 461
7707 8 527
7708 42 2767
7709 28 1845
7713 14 923
7715 56 3693
7719 42 2771
7721 1 66
7724 56 3697
7726 28 1849
7727 21 1387
7728 19 1255
7730 14 925
7732 56 3701
7733 21 1388
7734 19 1256
7738 7 463
7740 19 1257
7744 21 1390
7746 19 1258
7747 14 927
7749 56 3709
7751 4 265
7752 42 2783
7755 7 464
7757 56 3713
7758 42 2785
7763 14 929
7765 19 1261
7769 42 2789
7770 56 3719
7771 19 1262
7772 7 465
7774 56 3721
7776 28 1861
7777 19 1263
7780 2 133
7782 56 3725
7783 21 1397
7786 42 2795
7788 7 466
7793 28 1865
7794 21 1399
7795 8 533
7797 14 933
7799 56 3733
7801 28 1867
7802 19 1267
7805 7 467
7807 56 3737
7808 19 1268
7811 21 1402
7813 14 935
7816 56 3741
7818 28 1871
7819 6 401
7820 56 3743
7822 7 468
7824 8 535
7825 42 2809
7826 28 1873
7830 14 937
7832 56 3749
7836 42 2813
7838 1 67
7841 56 3753
7843 28 1877
7844 21 1408
7845 19 1274
7847 14 939
7849 56 3757
7850 21 1409
7851 19 1275
7855 7 470
7857 19 1276
7861 21 1411
7863 19 1277
7864 14 941
7866 56 3765
7868 4 269
7869 42 2825
7872 7 471
7874 56 3769
7875 42 2827
7880 14 943
7882 19 1280
7886 42 2831
7887 56 3775
7888 19 1281
7889 7 472
7891 56 3777
7893 28 1889
7894 19 1282
7897 2 135
7899 56 3781
7900 21 1418
7903 42 2837
7905 7 473
7910 28 1893
7911 21 1420
7912 8 541
7914 14 947
7916 56 3789
7918 28 1895
7919 19 1286
7922 7 474
7924 56 3793
7925 19 1287
7928 21 1423
7930 14 949
7933 56 3797
7935 28 1899
7936 6 407
7937 56 3799
7939 7 475
7941 8 543
7942 42 2851
7943 28 1901
7947 14 951
7949 56 3805
7953 42 2855
7955 1 68
7958 56 3809
7960 28 1905
7961 21 1429
7962 19 1293
7964 14 953
7966 56 3813
7967 21 1430
7968 19 1294
7972 7 477
7974 19 1295
7978 21 1432
7980 19 1296
7981 14 955
7983 56 3821
7985 4 273
7986 42 2867
7989 7 478
7991 56 3825
7992 42 2869
7997 14 957
7999 19 1299
8003 42 2873
8004 56 3831
8005 19 1300
8006 7 479
8008 56 3833
8010 28 1917
8011 19 1301
8014 2 137
8016 56 3837
8017 21 1439
8020 42 2879
8022 7 480
8027 28 1921
8028 21 1441
8029 8 549
8031 14 961
8033 56 3845
8035 28 1923
8036 19 1305
8039 7 481
8041 56 3849
8042 19 1306
8045 21 1444
8047 14 963
8050 56 3853
8052 28 1927
8053 6 413
8054 56 3855
8056 7 482
8058 8 551
8059 42 2893
8060 28 1929
8064 14 965
8066 56 3861
8070 42 2897
8072 1 69
8075 56 3865
8077 28 1933
8078 21 1450
8079 19 1312
8081 14 967
8083 56 3869
8084 21 1451
8085 19 1313
8089 7 484
8091 19 1314
8095 21 1453
8097 19 1315
8098 14 969
8100 56 3877
8102 4 277
8103 42 2909
8106 7 485
8108 56 3881
8109 42 2911
8114 14 971
8116 19 1318
8120 42 2915
8121 56 3887
8122 19 1319
8123 7 486
8125 56 3889
8127 28 1945
8128 19 1320
8131 2 139
8133 56 3893
8134 21 1460
8137 42 2921
8139 7 487
8144 28 1949
8145 21 1462
8146 8 557
8148 14 975
8150 56 3901
8152 28 1951
8153 19 1324
8156 7 488
8158 56 3905
8159 19 1325
8162 21 1465
8164 14 977
8167 56 3909
8169 28 1955
8170 6 419
8171 56 3911
8173 7 489
8175 8 559
8176 42 2935
8177 28 1957
8181 14 979
8183 56 3917
8187 42 2939
8189 1 70
8192 56 3921
8194 28 1961
8195 21 1471
8196 19 1331
8198 14 981
8200 56 3925
8201 21 1472
8202 19 1332
8206 7 491
8208 19 1333
8212 21 1474
8214 19 1334
8215 14 983
8217 56 3933
8219 4 281
8220 42 2951
8223 7 492
8225 56 3937
8226 42 2953
8231 14 985
8233 19 1337
8237 42 2957
8238 56 3943
8239 19 1338
8240 7 493
8242 56 3945
8244 28 1973
8245 19 1339
8248 2 141
8250 56 3949
8251 21 1481
8254 42 2963
8256 7 494
8261 28 1977
8262 21 1483
8263 8 565
8265 14 989
8267 56 3957
8269 28 1979
8270 19 1343
8273 7 495
8275 56 3961
8276 19 1344
8279 21 1486
8281 14 991
8284 56 3965
8286 28 1983
8287 6 425
8288 56 3967
8290 7 496
8292 8 567
8293 42 2977
8294 28 1985
8298 14 993
8300 56 3973
8304 42 2981
8306 1 71
8309 56 3977
8311 28 1989
8312 21 1492
8313 19 1350
8315 14 995
8317 56 3981
8318 21 1493
8319 19 1351
8323 7 498
8325 19 1352
8329 21 1495
8331 19 1353
8332 14 997
8334 56 3989
8336 4 285
8337 42 2993
8340 7 499
8342 56 3993
8343 42 2995
8348 14 999
8350 19 1356
8354 42 2999
8355 56 3999
8356 19 1357
8357 7 500
8359 56 4001
8361 28 2001
8362 19 1358
8365 2 143
8367 56 4005
8368 21 1502
8371 42 3005
8373 7 501
8378 28 2005
8379 21 1504
8380 8 573
8382 14 1003
8384 56 4013
8386 28 2007
8387 19 1362
8390 7 502
8392 56 4017
8393 19 1363
8396 21 1507
8398 14 1005
8401 56 4021
8403 28 2011
8404 6 431
8405 56 4023
8407 7 503
8409 8 575
8410 42 3019
8411 28 2013
8415 14 1007
8417 56 4029
8421 42 3023
8423 1 72
8426 56 4033
8428 28 2017
8429 21 1513
8430 19 1369
8432 14 1009
8434 56 4037
8435 21 1514
8436 19 1370
8440 7 505
8442 19 1371
8446 21 1516
8448 19 1372
8449 14 1011
8451 56 4045
8453 4 289
8454 42 3035
8457 7 506
8459 56 4049
8460 42 3037
8465 14 1013
8467 19 1375
8471 42 3041
8472 56 4055
8473 19 1376
8474 7 507
8476 56 4057
8478 28 2029
8479 19 1377
8482 2 145
8484 56 4061
8485 21 1523
8488 42 3047
8490 7 508
8495 28 2033
8496 21 1525
8497 8 581
8499 14 1017
8501 56 4069
8503 28 2035
8504 19 1381
8507 7 509
8509 56 4073
8510 19 1382
8513 21 1528
8515 14 1019
8518 56 4077
8520 28 2039
8521 6 437
8522 56 4079
8524 7 510
8526 8 583
8527 42 3061
8528 28 2041
8532 14 1021
8534 56 4085
8538 42 3065
8540 1 73
8543 56 4089
8545 28 2045
8546 21 1534
8547 19 1388
8549 14 1023
8551 56 4093
8552 21 1535
8553 19 1389
8557 7 512
8559 19 1390
8563 21 1537
8565 19 1391
8566 14 1025
8568 56 4101
8570 4 293
8571 42 3077
8574 7 513
8576 56 4105
8577 42 3079
8582 14 1027
8584 19 1394
8588 42 3083
8589 56 4111
8590 19 1395
8591 7 514
8593 56 4113
8595 28 2057
8596 19 1396
8599 2 147
8601 56 4117
8602 21 1544
8605 42 3089
8607 7 515
8612 28 2061
8613 21 1546
8614 8 589
8616 14 1031
8618 56 4125
8620 28 2063
8621 19 1400
8624 7 516
8626 56 4129
8627 19 1401
8630 21 1549
8632 14 1033
8635 56 4133
8637 28 2067
8638 6 443
8639 56 4135
8641 7 517
8643 8 591
8644 42 3103
8645 28 2069
8649 14 1035
8651 56 4141
8655 42 3107
8657 1 74
8660 56 4145
8662 28 2073
8663 21 1555
8664 19 1407
8666 14 1037
8668 56 4149
8669 21 1556
8670 19 1408
8674 7 519
8676 19 1409
8680 21 1558
8682 19 1410
8683 14 1039
8685 56 4157
8687 4 297
8688 42 3119
8691 7 520
8693 56 4161
8694 42 3121
8699 14 1041
8701 19 1413
8705 42 3125
8706 56 4167
8707 19 1414
8708 7 521
8710 56 4169
8712 28 2085
8713 19 1415
8716 2 149
8718 56 4173
8719 21 1565
8722 42 3131
8724 7 522
8729 28 2089
8730 21 1567
8731 8 597
8733 14 1045
8735 56 4181
8737 28 2091
8738 19 1419
8741 7 523
8743 56 4185
8744 19 1420
8747 21 1570
8749 14 1047
8752 56 4189
8754 28 2095
8755 6 449
8756 56 4191
8758 7 524
8760 8 599
8761 42 3145
8762 28 2097
8766 14 1049
8768 56 4197
8772 42 3149
8774 1 75
8777 56 4201
8779 28 2101
8780 21 1576
8781 19 1426
8783 14 1051
8785 56 4205
8786 21 1577
8787 19 1427
8791 7 526
8793 19 1428
8797 21 1579
8799 19 1429
8800 14 1053
8802 56 4213
8804 4 301
8805 42 3161
8808 7 527
8810 56 4217
8811 42 3163
8816 14 1055
8818 19 1432
8822 42 3167
8823 56 4223
8824 19 1433
8825 7 528
8827 56 4225
8829 28 2113
8830 19 1434
8833 2 151
8835 56 4229
8836 21 1586
8839 42 3173
8841 7 529
8846 28 2117
8847 21 1588
8848 8 605
8850 14 1059
8852 56 4237
8854 28 2119
8855 19 1438
8858 7 530
8860 56 4241
8861 19 1439
8864 21 1591
8866 14 1061
8869 56 4245
8871 28 2123
8872 6 455
8873 56 4247
8875 7 531
8877 8 607
8878 42 3187
8879 28 2125
8883 14 1063
8885 56 4253
8889 42 3191
8891 1 76
8894 56 4257
8896 28 2129
8897 21 1597
8898 19 1445
8900 14 1065
8902 56 4261
8903 21 1598
8904 19 1446
8908 7 533
8910 19 1447
8914 21 1600
8916 19 1448
8917 14 1067
8919 56 4269
8921 4 305
8922 42 3203
8925 7 534
8927 56 4273
8928 42 3205
8933 14 1069
8935 19 1451
8939 42 3209
8940 56 4279
8941 19 1452
8942 7 535
8944 56 4281
8946 28 2141
8947 19 1453
8950 2 153
8952 56 4285
8953 21 1607
8956 42 3215
8958 7 536
8963 28 2145
8964 21 1609
8965 8 613
8967 14 1073
8969 56 4293
8971 28 2147
8972 19 1457
8975 7 537
8977 56 4297
8978 19 1458
8981 21 1612
8983 14 1075
8986 56 4301
8988 28 2151
8989 6 461
8990 56 4303
8992 7 538
8994 8 615
8995 42 3229
8996 28 2153
9000 14 1077
9002 56 4309
9006 42 3233
9008 1 77
9011 56 4313
9013 28 2157
9014 21 1618
9015 19 1464
9017 14 1079
9019 56 4317
9020 21 1619
9021 19 1465
9025 7 540
9027 19 1466
9031 21 1621
9033 19 1467
9034 14 1081
9036 56 4325
9038 4 309
9039 42 3245
9042 7 541
9044 56 4329
9045 42 3247
9050 14 1083
9052 19 1470
9056 42 3251
9057 56 4335
9058 19 1471
9059 7 542
9061 56 4337
9063 28 2169
9064 19 1472
9067 2 155
9069 56 4341
9070 21 1628
9073 42 3257
9075 7 543
9080 28 2173
9081 21 1630
9082 8 621
9084 14 1087
9086 56 4349
9088 28 2175
9089 19 1476
9092 7 544
9094 56 4353
9095 19 1477
9098 21 1633
9100 14 1089
9103 56 4357
9105 28 2179
9106 6 467
9107 56 4359
9109 7 545
9111 8 623
9112 42 3271
9113 28 2181
9117 14 1091
9119 56 4365
9123 42 3275
9125 1 78
9128 56 4369
9130 28 2185
9131 21 1639
9132 19 1483
9134 14 1093
9136 56 4373
9137 21 1640
9138 19 1484
9142 7 547
9144 19 1485
9148 21 1642
9150 19 1486
9151 14 1095
9153 56 4381
9155 4 313
9156 42 3287
9159 7 548
9161 56 4385
9162 42 3289
9167 14 1097
9169 19 1489
9173 42 3293
9174 56 4391
9175 19 1490
9176 7 549
9178 56 4393
9180 28 2197
9181 19 1491
9184 2 157
9186 56 4397
9187 21 1649
9190 42 3299
9192 7 550
9197 28 2201
9198 21 1651
9199 8 629
9201 14 1101
9203 56 4405
9205 28 2203
9206 19 1495
9209 7 551
9211 56 4409
9212 19 1496
9215 21 1654
9217 14 1103
9220 56 4413
9222 28 2207
9223 6 473
9224 56 4415
9226 7 552
9228 8 631
9229 42 3313
9230 28 2209
9234 14 1105
9236 56 4421
9240 42 3317
9242 1 79
9245 56 4425
9247 28 2213
9248 21 1660
9249 19 1502
9251 14 1107
9253 56 4429
9254 21 1661
9255 19 1503
9259 7 554
9261 19 1504
9265 21 1663
9267 19 1505
9268 14 1109
9270 56 4437
9272 4 317
9273 42 3329
9276 7 555
9278 56 4441
9279 42 3331
9284 14 1111
9286 19 1508
9290 42 3335
9291 56 4447
9292 19 1509
9293 7 556
9295 56 4449
9297 28 2225
9298 19 1510
9301 2 159
9303 56 4453
9304 21 1670
9307 42 3341
9309 7 557
9314 28 2229
9315 21 1672
9316 8 637
9318 14 1115
9320 56 4461
9322 28 2231
9323 19 1514
9326 7 558
9328 56 4465
9329 19 1515
9332 21 1675
9334 14 1117
9337 56 4469
9339 28 2235
9340 6 479
9341 56 4471
9343 7 559
9345 8 639
9346 42 3355
9347 28 2237
9351 14 1119
9353 56 4477
9357 42 3359
9359 1 80
9362 56 4481
9364 28 2241
9365 21 1681
9366 19 1521
9368 14 1121
9370 56 4485
9371 21 1682
9372 19 1522
9376 7 561
9378 19 1523
9382 21 1684
9384 19 1524
9385 14 1123
9387 56 4493
9389 4 321
9390 42 3371
9393 7 562
9395 56 4497
9396 42 3373
9401 14 1125
9403 19 1527
9407 42 3377
9408 56 4503
9409 19 1528
9410 7 563
9412 56 4505
9414 28 2253
9415 19 1529
9418 2 161
9420 56 4509
9421 21 1691
9424 42 3383
9426 7 564
9431 28 2257
9432 21 1693
9433 8 645
9435 14 1129
9437 56 4517
9439 28 2259
9440 19 1533
9443 7 565
9445 56 4521
9446 19 1534
9449 21 1696
9451 14 1131
9454 56 4525
9456 28 2263
9457 6 485
9458 56 4527
9460 7 566
9462 8 647
9463 42 3397
9464 28 2265
9468 14 1133
9470 56 4533
9474 42 3401
9476 1 81
9479 56 4537
9481 28 2269
9482 21 1702
9483 19 1540
9485 14 1135
9487 56 4541
9488 21 1703
9489 19 1541
9493 7 568
9495 19 1542
9499 21 1705
9501 19 1543
9502 14 1137
9504 56 4549
9506 4 325
9507 42 3413
9510 7 569
9512 56 4553
9513 42 3415
9518 14 1139
9520 19 1546
9524 42 3419
9525 56 4559
9526 19 1547
9527 7 570
9529 56 4561
9531 28 2281
9532 19 1548
9535 2 163
9537 56 4565
9538 21 1712
9541 42 3425
9543 7 571
9548 28 2285
9549 21 1714
9550 8 653
9552 14 1143
9554 56 4573
9556 28 2287
9557 19 1552
9560 7 572
9562 56 4577
9563 19 1553
9566 21 1717
9568 14 1145
9571 56 4581
9573 28 2291
9574 6 491
9575 56 4583
9577 7 573
9579 8 655
9580 42 3439
9581 28 2293
9585 14 1147
9587 56 4589
9591 42 3443
9593 1 82
9596 56 4593
9598 28 2297
9599 21 1723
9600 19 1559
9602 14 1149
9604 56 4597
9605 21 1724
9606 19 1560
9610 7 575
9612 19 1561
9616 21 1726
9618 19 1562
9619 14 1151
9621 56 4605
9623 4 329
9624 42 3455
9627 7 576
9629 56 4609
9630 42 3457
9635 14 1153
9637 19 1565
9641 42 3461
9642 56 4615
9643 19 1566
9644 7 577
9646 56 4617
9648 28 2309
9649 19 1567
9652 2 165
9654 56 4621
9655 21 1733
9658 42 3467
9660 7 578
9665 28 2313
9666 21 1735
9667 8 661
9669 14 1157
9671 56 4629
9673 28 2315
9674 19 1571
9677 7 579
9679 56 4633
9680 19 1572
9683 21 1738
9685 14 1159
9688 56 4637
9690 28 2319
9691 6 497
9692 56 4639
9694 7 580
9696 8 663
9697 42 3481
9698 28 2321
9702 14 1161
9704 56 4645
9708 42 3485
9710 1 83
9713 56 4649
9715 28 2325
9716 21 1744
9717 19 1578
9719 14 1163
9721 56 4653
9722 21 1745
9723 19 1579
9727 7 582
9729 19 1580
9733 21 1747
9735 19 1581
9736 14 1165
9738 56 4661
9740 4 333
9741 42 3497
9744 7 583
9746 56 4665
9747 42 3499
9752 14 1167
9754 19 1584
9758 42 3503
9759 56 4671
9760 19 1585
9761 7 584
9763 56 4673
9765 28 2337
9766 19 1586
9769 2 167
9771 56 4677
9772 21 1754
9775 42 3509
9777 7 585
9782 28 2341
9783 21 1756
9784 8 669
9786 14 1171
9788 56 4685
9790 28 2343
9791 19 1590
9794 7 586
9796 56 4689
9797 19 1591
9800 21 1759
9802 14 1173
9805 56 4693
9807 28 2347
9808 6 503
9809 56 4695
9811 7 587
9813 8 671
9814 42 3523
9815 28 2349
9819 14 1175
9821 56 4701
9825 42 3527
9827 1 84
9830 56 4705
9832 28 2353
9833 21 1765
9834 19 1597
9836 14 1177
9838 56 4709
9839 21 1766
9840 19 1598
9844 7 589
9846 19 1599
9850 21 1768
9852 19 1600
9853 14 1179
9855 56 4717
9857 4 337
9858 42 3539
9861 7 590
9863 56 4721
9864 42 3541
9869 14 1181
9871 19 1603
9875 42 3545
9876 56 4727
9877 19 1604
9878 7 591
9880 56 4729
9882 28 2365
9883 19 1605
9886 2 169
9888 56 4733
9889 21 1775
9892 42 3551
9894 7 592
9899 28 2369
9900 21 1777
9901 8 677
9903 14 1185
9905 56 4741
9907 28 2371
9908 19 1609
9911 7 593
9913 56 4745
9914 19 1610
9917 21 1780
9919 14 1187
9922 56 4749
9924 28 2375
9925 6 509
9926 56 4751
9928 7 594
9930 8 679
9931 42 3565
9932 28 2377
9936 14 1189
9938 56 4757
9942 42 3569
9944 1 85
9947 56 4761
9949 28 2381
9950 21 1786
9951 19 1616
9953 14 1191
9955 56 4765
9956 21 1787
9957 19 1617
9961 7 596
9963 19 1618
9967 21 1789
9969 19 1619
9970 14 1193
9972 56 4773
9974 4 341
9975 42 3581
9978 7 597
9980 56 4777
9981 42 3583
9986 14 1195
9988 19 1622
9992 42 3587
9993 56 4783
9994 19 1623
9995 7 598
9997 56 4785
9999 28 2393
10000 19 1624
10003 2 171
10005 56 4789
10006 21 1796
10009 42 3593
10011 7 599
10016 28 2397
10017 21 1798
10018 8 685
10020 14 1199
10022 56 4797
10024 28 2399
10025 19 1628
10028 7 600
10030 56 4801
10031 19 1629
10034 21 1801
10036 14 1201
10039 56 4805
10041 28 2403
10042 6 515
10043 56 4807
10045 7 601
10047 8 687
10048 42 3607
10049 28 2405
10053 14 1203
10055 56 4813
10059 42 3611
10061 1 86
10064 56 4817
10066 28 2409
10067 21 1807
10068 19 1635
10070 14 1205
10072 56 4821
10073 21 1808
10074 19 1636
10078 7 603
10080 19 1637
10084 21 1810
10086 19 1638
10087 14 1207
10089 56 4829
10091 4 345
10092 42 3623
10095 7 604
10097 56 4833
10098 42 3625
10103 14 1209
10105 19 1641
10109 42 3629
10110 56 4839
10111 19 1642
10112 7 605
10114 56 4841
10116 28 2421
10117 19 1643
10120 2 173
10122 56 4845
10123 21 1817
10126 42 3635
10128 7 606
10133 28 2425
10134 21 1819
10135 8 693
10137 14 1213
10139 56 4853
10141 28 2427
10142 19 1647
10145 7 607
10147 56 4857
10148 19 1648
10151 21 1822
10153 14 1215
10156 56 4861
10158 28 2431
10159 6 521
10160 56 4863
10162 7 608
10164 8 695
10165 42 3649
10166 28 2433
10170 14 1217
10172 56 4869
10176 42 3653
10178 1 87
10181 56 4873
10183 28 2437
10184 21 1828
10185 19 1654
10187 14 1219
10189 56 4877
10190 21 1829
10191 19 1655
10195 7 610
10197 19 1656
10201 21 1831
10203 19 1657
10204 14 1221
10206 56 4885
10208 4 349
10209 42 3665
10212 7 611
10214 56 4889
10215 42 3667
10220 14 1223
10222 19 1660
10226 42 3671
10227 56 4895
10228 19 1661
10229 7 612
10231 56 4897
10233 28 2449
10234 19 1662
10237 2 175
10239 56 4901
10240 21 1838
10243 42 3677
10245 7 613
10250 28 2453
10251 21 1840
10252 8 701
10254 14 1227
10256 56 4909
10258 28 2455
10259 19 1666
10262 7 614
10264 56 4913
10265 19 1667
10268 21 1843
10270 14 1229
10273 56 4917
10275 28 2459
10276 6 527
10277 56 4919
10279 7 615
10281 8 703
10282 42 3691
10283 28 2461
10287 14 1231
10289 56 4925
10293 42 3695
10295 1 88
10298 56 4929
10300 28 2465
10301 21 1849
10302 19 1673
10304 14 1233
10306 56 4933
10307 21 1850
10308 19 1674
10312 7 617
10314 19 1675
10318 21 1852
10320 19 1676
10321 14 1235
10323 56 4941
10325 4 353
10326 42 3707
10329 7 618
10331 56 4945
10332 42 3709
10337 14 1237
10339 19 1679
10343 42 3713
10344 56 4951
10345 19 1680
10346 7 619
10348 56 4953
10350 28 2477
10351 19 1681
10354 2 177
10356 56 4957
10357 21 1859
10360 42 3719
10362 7 620
10367 28 2481
10368 21 1861
10369 8 709
10371 14 1241
10373 56 4965
10375 28 2483
10376 19 1685
10379 7 621
10381 56 4969
10382 19 1686
10385 21 1864
10387 14 1243
10390 56 4973
10392 28 2487
10393 6 533
10394 56 4975
10396 7 622
10398 8 711
10399 42 3733
10400 28 2489
10404 14 1245
10406 56 4981
10410 42 3737
10412 1 89
10415 56 4985
10417 28 2493
10418 21 1870
10419 19 1692
10421 14 1247
10423 56 4989
10424 21 1871
10425 19 1693
10429 7 624
10431 19 1694
10435 21 1873
10437 19 1695
10438 14 1249
10440 56 4997
10442 4 357
10443 42 3749
10446 7 625
10448 56 5001
10449 42 3751
10454 14 1251
10456 19 1698
10460 42 3755
10461 56 5007
10462 19 1699
10463 7 626
10465 56 5009
10467 28 2505
10468 19 1700
10471 2 179
10473 56 5013
10474 21 1880
10477 42 3761
10479 7 627
10484 28 2509
10485 21 1882
10486 8 717
10488 14 1255
10490 56 5021
10492 28 2511
10493 19 1704
10496 7 628
10498 56 5025
10499 19 1705
10502 21 1885
10504 14 1257
10507 56 5029
10509 28 2515
10510 6 539
10511 56 5031
10513 7 629
10515 8 719
10516 42 3775
10517 28 2517
10521 14 1259
10523 56 5037
10527 42 3779
10529 1 90
10532 56 5041
10534 28 2521
10535 21 1891
10536 19 1711
10538 14 1261
10540 56 5045
10541 21 1892
10542 19 1712
10546 7 631
10548 19 1713
10552 21 1894
10554 19 1714
10555 14 1263
10557 56 5053
10559 4 361
10560 42 3791
10563 7 632
10565 56 5057
10566 42 3793
10571 14 1265
10573 19 1717
10577 42 3797
10578 56 5063
10579 19 1718
10580 7 633
10582 56 5065
10584 28 2533
10585 19 1719
10588 2 181
10590 56 5069
10591 21 1901
10594 42 3803
10596 7 634
10601 28 2537
10602 21 1903
10603 8 725
10605 14 1269
10607 56 5077
10609 28 2539
10610 19 1723
10613 7 635
10615 56 5081
10616 19 1724
10619 21 1906
10621 14 1271
10624 56 5085
10626 28 2543
10627 6 545
10628 56 5087
10630 7 636
10632 8 727
10633 42 3817
10634 28 2545
10638 14 1273
10640 56 5093
10644 42 3821
10646 1 91
10649 56 5097
10651 28 2549
10652 21 1912
10653 19 1730
10655 14 1275
10657 56 5101
10658 21 1913
10659 19 1731
10663 7 638
10665 19 1732
10669 21 1915
10671 19 1733
10672 14 1277
10674 56 5109
10676 4 365
10677 42 3833
10680 7 639
10682 56 5113
10683 42 3835
10688 14 1279
10690 19 1736
10694 42 3839
10695 56 5119
10696 19 1737
10697 7 640
10699 56 5121
10701 28 2561
10702 19 1738
10705 2 183
10707 56 5125
10708 21 1922
10711 42 3845
10713 7 641
10718 28 2565
10719 21 1924
10720 8 733
10722 14 1283
10724 56 5133
10726 28 2567
10727 19 1742
10730 7 642
10732 56 5137
10733 19 1743
10736 21 1927
10738 14 1285
10741 56 5141
10743 28 2571
10744 6 551
10745 56 5143
10747 7 643
10749 8 735
10750 42 3859
10751 28 2573
10755 14 1287
10757 56 5149
10761 42 3863
10763 1 92
10766 56 5153
10768 28 2577
10769 21 1933
10770 19 1749
10772 14 1289
10774 56 5157
10775 21 1934
10776 19 1750
10780 7 645
10782 19 1751
10786 21 1936
10788 19 1752
10789 14 1291
10791 56 5165
10793 4 369
10794 42 3875
10797 7 646
10799 56 5169
10800 42 3877
10805 14 1293
10807 19 1755
10811 42 3881
10812 56 5175
10813 19 1756
10814 7 647
10816 56 5177
10818 28 2589
10819 19 1757
10822 2 185
10824 56 5181
10825 21 1943
10828 42 3887
10830 7 648
10835 28 2593
10836 21 1945
10837 8 741
10839 14 1297
10841 56 5189
10843 28 2595
10844 19 1761
10847 7 649
10849 56 5193
10850 19 1762
10853 21 1948
10855 14 1299
10858 56 5197
10860 28 2599
10861 6 557
10862 56 5199
10864 7 650
10866 8 743
10867 42 3901
10868 28 2601
10872 14 1301
10874 56 5205
10878 42 3905
10880 1 93
10883 56 5209
10885 28 2605
10886 21 1954
10887 19 1768
10889 14 1303
10891 56 5213
10892 21 1955
10893 19 1769
10897 7 652
10899 19 1770
10903 21 1957
10905 19 1771
10906 14 1305
10908 56 5221
10910 4 373
10911 42 3917
10914 7 653
10916 56 5225
10917 42 3919
10922 14 1307
10924 19 1774
10928 42 3923
10929 56 5231
10930 19 1775
10931 7 654
10933 56 5233
10935 28 2617
10936 19 1776
10939 2 187
10941 56 5237
10942 21 1964
10945 42 3929
10947 7 655
10952 28 2621
10953 21 1966
10954 8 749
10956 14 1311
10958 56 5245
10960 28 2623
10961 19 1780
10964 7 656
10966 56 5249
10967 19 1781
10970 21 1969
10972 14 1313
10975 56 5253
10977 28 2627
10978 6 563
10979 56 5255
10981 7 657
10983 8 751
10984 42 3943
10985 28 2629
10989 14 1315
10991 56 5261
10995 42 3947
10997 1 94
11000 56 5265
11002 28 2633
11003 21 1975
11004 19 1787
11006 14 1317
11008 56 5269
11009 21 1976
11010 19 1788
11014 7 659
11016 19 1789
11020 21 1978
11022 19 1790
11023 14 1319
11025 56 5277
11027 4 377
11028 42 3959
11031 7 660
11033 56 5281
11034 42 3961
11039 14 1321
11041 19 1793
11045 42 3965
11046 56 5287
11047 19 1794
11048 7 661
11050 56 5289
11052 28 2645
11053 19 1795
11056 2 189
11058 56 5293
11059 21 1985
11062 42 3971
11064 7 662
11069 28 2649
11070 21 1987
11071 8 757
11073 14 1325
11075 56 5301
11077 28 2651
11078 19 1799
11081 7 663
11083 56 5305
11084 19 1800
11087 21 1990
11089 14 1327
11092 56 5309
11094 28 2655
11095 6 569
11096 56 5311
11098 7 664
11100 8 759
11101 42 3985
11102 28 2657
11106 14 1329
11108 56 5317
11112 42 3989
11114 1 95
11117 56 5321
11119 28 2661
11120 21 1996
11121 19 1806
11123 14 1331
11125 56 5325
11126 21 1997
11127 19 1807
11131 7 666
11133 19 1808
11137 21 1999
11139 19 1809
11140 14 1333
11142 56 5333
11144 4 381
11145 42 4001
11148 7 667
11150 56 5337
11151 42 4003
11156 14 1335
11158 19 1812
11162 42 4007
11163 56 5343
11164 19 1813
11165 7 668
11167 56 5345
11169 28 2673
11170 19 1814
11173 2 191
11175 56 5349
11176 21 2006
11179 42 4013
11181 7 669
11186 28 2677
11187 21 2008
11188 8 765
11190 14 1339
11192 56 5357
11194 28 2679
11195 19 1818
11198 7 670
11200 56 5361
11201 19 1819
11204 21 2011
11206 14 1341
11209 56 5365
11211 28 2683
11212 6 575
11213 56 5367
11215 7 671
11217 8 767
11218 42 4027
11219 28 2685
11223 14 1343
11225 56 5373
11229 42 4031
11231 1 96
11234 56 5377
11236 28 2689
11237 21 2017
11238 19 1825
11240 14 1345
11242 56 5381
11243 21 2018
11244 19 1826
11248 7 673
11250 19 1827
11254 21 2020
11256 19 1828
11257 14 1347
11259 56 5389
11261 4 385
11262 42 4043
11265 7 674
11267 56 5393
11268 42 4045
11273 14 1349
11275 19 1831
11279 42 4049
11280 56 5399
11281 19 1832
11282 7 675
11284 56 5401
11286 28 2701
11287 19 1833
11290 2 193
11292 56 5405
11293 21 2027
11296 42 4055
11298 7 676
11303 28 2705
11304 21 2029
11305 8 773
11307 14 1353
11309 56 5413
11311 28 2707
11312 19 1837
11315 7 677
11317 56 5417
11318 19 1838
11321 21 2032
11323 14 1355
11326 56 5421
11328 28 2711
11329 6 581
11330 56 5423
11332 7 678
11334 8 775
11335 42 4069
11336 28 2713
11340 14 1357
11342 56 5429
11346 42 4073
11348 1 97
11351 56 5433
11353 28 2717
11354 21 2038
11355 19 1844
11357 14 1359
11359 56 5437
11360 21 2039
11361 19 1845
11365 7 680
11367 19 1846
11371 21 2041
11373 19 1847
11374 14 1361
11376 56 5445
11378 4 389
11379 42 4085
11382 7 681
11384 56 5449
11385 42 4087
11390 14 1363
11392 19 1850
11396 42 4091
11397 56 5455
11398 19 1851
11399 7 682
11401 56 5457
11403 28 2729
11404 19 1852
11407 2 195
11409 56 5461
11410 21 2048
11413 42 4097
11415 7 683
11420 28 2733
11421 21 2050
11422 8 781
11424 14 1367
11426 56 5469
11428 28 2735
11429 19 1856
11432 7 684
11434 56 5473
11435 19 1857
11438 21 2053
11440 14 1369
11443 56 5477
11445 28 2739
11446 6 587
11447 56 5479
11449 7 685
11451 8 783
11452 42 4111
11453 28 2741
11457 14 1371
11459 56 5485
11463 42 4115
11465 1 98
11468 56 5489
11470 28 2745
11471 21 2059
11472 19 1863
11474 14 1373
11476 56 5493
11477 21 2060
11478 19 1864
11482 7 687
11484 19 1865
11488 21 2062
11490 19 1866
11491 14 1375
11493 56 5501
11495 4 393
11496 42 4127
11499 7 688
11501 56 5505
11502 42 4129
11507 14 1377
11509 19 1869
11513 42 4133
11514 56 5511
11515 19 1870
11516 7 689
11518 56 5513
11520 28 2757
11521 19 1871
11524 2 197
11526 56 5517
11527 21 2069
11530 42 4139
11532 7 690
11537 28 2761
11538 21 2071
11539 8 789
11541 14 1381
11543 56 5525
11545 28 2763
11546 19 1875
11549 7 691
11551 56 5529
11552 19 1876
11555 21 2074
11557 14 1383
11560 56 5533
11562 28 2767
11563 6 593
11564 56 5535
11566 7 692
11568 8 791
11569 42 4153
11570 28 2769
11574 14 1385
11576 56 5541
11580 42 4157
11582 1 99
11585 56 5545
11587 28 2773
11588 21 2080
11589 19 1882
11591 14 1387
11593 56 5549
11594 21 2081
11595 19 1883
11599 7 694
11601 19 1884
11605 21 2083
11607 19 1885
11608 14 1389
11610 56 5557
11612 4 397
11613 42 4169
11616 7 695
11618 56 5561
11619 42 4171
11624 14 1391
11626 19 1888
11630 42 4175
11631 56 5567
11632 19 1889
11633 7 696
11635 56 5569
11637 28 2785
11638 19 1890
11641 2 199
11643 56 5573
11644 21 2090
11647 42 4181
11649 7 697
11654 28 2789
11655 21 2092
11656 8 797
11658 14 1395
11660 56 5581
11662 28 2791
11663 19 1894
11666 7 698
11668 56 5585
11669 19 1895
11672 21 2095
11674 14 1397
11677 56 5589
11679 28 2795
11680 6 599
11681 56 5591
11683 7 699
11685 8 799
11686 42 4195
11687 28 2797
11691 14 1399
11693 56 5597
11697 42 4199
11699 1 100
11702 56 5601
11704 28 2801
11705 21 2101
11706 19 1901
11708 14 1401
11710 56 5605
11711 21 2102
11712 19 1902
11716 7 701
11718 19 1903
11722 21 2104
11724 19 1904
11725 14 1403
11727 56 5613
11729 4 401
11730 42 4211
11733 7 702
11735 56 5617
11736 42 4213
11741 14 1405
11743 19 1907
11747 42 4217
11748 56 5623
11749 19 1908
11750 7 703
11752 56 5625
11754 28 2813
11755 19 1909
11758 2 201
11760 56 5629
11761 21 2111
11764 42 4223
11766 7 704
11771 28 2817
11772 21 2113
11773 8 805
11775 14 1409
11777 56 5637
11779 28 2819
11780 19 1913
11783 7 705
11785 56 5641
11786 19 1914
11789 21 2116
11791 14 1411
11794 56 5645
11796 28 2823
11797 6 605
11798 56 5647
11800 7 706
11802 8 807
11803 42 4237
11804 28 2825
11808 14 1413
11810 56 5653
11814 42 4241
11816 1 101
11819 56 5657
11821 28 2829
11822 21 2122
11823 19 1920
11825 14 1415
11827 56 5661
11828 21 2123
11829 19 1921
11833 7 708
11835 19 1922
11839 21 2125
11841 19 1923
11842 14 1417
11844 56 5669
11846 4 405
11847 42 4253
11850 7 709
11852 56 5673
11853 42 4255
11858 14 1419
11860 19 1926
11864 42 4259
11865 56 5679
11866 19 1927
11867 7 710
11869 56 5681
11871 28 2841
11872 19 1928
11875 2 203
11877 56 5685
11878 21 2132
11881 42 4265
11883 7 711
11888 28 2845
11889 21 2134
11890 8 813
11892 14 1423
11894 56 5693
11896 28 2847
11897 19 1932
11900 7 712
11902 56 5697
11903 19 1933
11906 21 2137
11908 14 1425
11911 56 5701
11913 28 2851
11914 6 611
11915 56 5703
11917 7 713
11919 8 815
11920 42 4279
11921 28 2853
11925 14 1427
11927 56 5709
11931 42 4283
11933 1 102
11936 56 5713
11938 28 2857
11939 21 2143
11940 19 1939
11942 14 1429
11944 56 5717
11945 21 2144
11946 19 1940
11950 7 715
11952 19 1941
11956 21 2146
11958 19 1942
11959 14 1431
11961 56 5725
11963 4 409
11964 42 4295
11967 7 716
11969 56 5729
11970 42 4297
11975 14 1433
11977 19 1945
11981 42 4301
11982 56 5735
11983 19 1946
11984 7 717
11986 56 5737
11988 28 2869
11989 19 1947
11992 2 205
11994 56 5741
11995 21 2153
11998 42 4307
12000 7 718
12005 28 2873
12006 21 2155
12007 8 821
12009 14 1437
12011 56 5749
12013 28 2875
12014 19 1951
12017 7 719
12019 56 5753
12020 19 1952
12023 21 2158
12025 14 1439
12028 56 5757
12030 28 2879
12031 6 617
12032 56 5759
12034 7 720
12036 8 823
12037 42 4321
12038 28 2881
12042 14 1441
12044 56 5765
12048 42 4325
12050 1 103
12053 56 5769
12055 28 2885
12056 21 2164
12057 19 1958
12059 14 1443
12061 56 5773
12062 21 2165
12063 19 1959
12067 7 722
12069 19 1960
12073 21 2167
12075 19 1961
12076 14 1445
12078 56 5781
12080 4 413
12081 42 4337
12084 7 723
12086 56 5785
12087 42 4339
12092 14 1447
12094 19 1964
12098 42 4343
12099 56 5791
12100 19 1965
12101 7 724
12103 56 5793
12105 28 2897
12106 19 1966
12109 2 207
12111 56 5797
12112 21 2174
12115 42 4349
12117 7 725
12122 28 2901
12123 21 2176
12124 8 829
12126 14 1451
12128 56 5805
12130 28 2903
12131 19 1970
12134 7 726
12136 56 5809
12137 19 1971
12140 21 2179
12142 14 1453
12145 56 5813
12147 28 2907
12148 6 623
12149 56 5815
12151 7 727
12153 8 831
12154 42 4363
12155 28 2909
12159 14 1455
12161 56 5821
12165 42 4367
12167 1 104
12170 56 5825
12172 28 2913
12173 21 2185
12174 19 1977
12176 14 1457
12178 56 5829
12179 21 2186
12180 19 1978
12184 7 729
12186 19 1979
12190 21 2188
12192 19 1980
12193 14 1459
12195 56 5837
12197 4 417
12198 42 4379
12201 7 730
12203 56 5841
12204 42 4381
12209 14 1461
12211 19 1983
12215 42 4385
12216 56 5847
12217 19 1984
12218 7 731
12220 56 5849
12222 28 2925
12223 19 1985
12226 2 209
12228 56 5853
12229 21 2195
12232 42 4391
12234 7 732
12239 28 2929
12240 21 2197
12241 8 837
12243 14 1465
12245 56 5861
12247 28 2931
12248 19 1989
12251 7 733
12253 56 5865
12254 19 1990
12257 21 2200
12259 14 1467
12262 56 5869
12264 28 2935
12265 6 629
12266 56 5871
12268 7 734
12270 8 839
12271 42 4405
12272 28 2937
12276 14 1469
12278 56 5877
12282 42 4409
12284 1 105
12287 56 5881
12289 28 2941
12290 21 2206
12291 19 1996
12293 14 1471
12295 56 5885
12296 21 2207
12297 19 1997
12301 7 736
12303 19 1998
12307 21 2209
12309 19 1999
12310 14 1473
12312 56 5893
12314 4 421
12315 42 4421
12318 7 737
12320 56 5897
12321 42 4423
12326 14 1475
12328 19 2002
12332 42 4427
12333 56 5903
12334 19 2003
12335 7 738
12337 56 5905
12339 28 2953
12340 19 2004
12343 2 211
12345 56 5909
12346 21 2216
12349 42 4433
12351 7 739
12356 28 2957
12357 21 2218
12358 8 845
12360 14 1479
12362 56 5917
12364 28 2959
12365 19 2008
12368 7 740
12370 56 5921
12371 19 2009
12374 21 2221
12376 14 1481
12379 56 5925
12381 28 2963
12382 6 635
12383 56 5927
12385 7 741
12387 8 847
12388 42 4447
12389 28 2965
12393 14 1483
12395 56 5933
12399 42 4451
12401 1 106
12404 56 5937
12406 28 2969
12407 21 2227
12408 19 2015
12410 14 1485
12412 56 5941
12413 21 2228
12414 19 2016
12418 7 743
12420 19 2017
12424 21 2230
12426 19 2018
12427 14 1487
12429 56 5949
12431 4 425
12432 42 4463
12435 7 744
12437 56 5953
12438 42 4465
12443 14 1489
12445 19 2021
12449 42 4469
12450 56 5959
12451 19 2022
12452 7 745
12454 56 5961
12456 28 2981
12457 19 2023
12460 2 213
12462 56 5965
12463 21 2237
12466 42 4475
12468 7 746
12473 28 2985
12474 21 2239
12475 8 853
12477 14 1493
12479 56 5973
12481 28 2987
12482 19 2027
12485 7 747
12487 56 5977
12488 19 2028
12491 21 2242
12493 14 1495
12496 56 5981
12498 28 2991
12499 6 641
12500 56 5983
12502 7 748
12504 8 855
12505 42 4489
12506 28 2993
12510 14 1497
12512 56 5989
12516 42 4493
12518 1 107
12521 56 5993
12523 28 2997
12524 21 2248
12525 19 2034
12527 14 1499
12529 56 5997
12530 21 2249
12531 19 2035
12535 7 750
12537 19 2036
12541 21 2251
12543 19 2037
12544 14 1501
12546 56 6005
12548 4 429
12549 42 4505
12552 7 751
12554 56 6009
12555 42 4507
12560 14 1503
12562 19 2040
12566 42 4511
12567 56 6015
12568 19 2041
12569 7 752
12571 56 6017
12573 28 3009
12574 19 2042
12577 2 215
12579 56 6021
12580 21 2258
12583 42 4517
12585 7 753
12590 28 3013
12591 21 2260
12592 8 861
12594 14 1507
12596 56 6029
12598 28 3015
12599 19 2046
12602 7 754
12604 56 6033
12605 19 2047
12608 21 2263
12610 14 1509
12613 56 6037
12615 28 3019
12616 6 647
12617 56 6039
12619 7 755
12621 8 863
12622 42 4531
12623 28 3021
12627 14 1511
12629 56 6045
12633 42 4535
12635 1 108
12638 56 6049
12640 28 3025
12641 21 2269
12642 19 2053
12644 14 1513
12646 56 6053
12647 21 2270
12648 19 2054
12652 7 757
12654 19 2055
12658 21 2272
12660 19 2056
12661 14 1515
12663 56 6061
12665 4 433
12666 42 4547
12669 7 758
12671 56 6065
12672 42 4549
12677 14 1517
12679 19 2059
12683 42 4553
12684 56 6071
12685 19 2060
12686 7 759
12688 56 6073
12690 28 3037
12691 19 2061
12694 2 217
12696 56 6077
12697 21 2279
12700 42 4559
12702 7 760
12707 28 3041
12708 21 2281
12709 8 869
12711 14 1521
12713 56 6085
12715 28 3043
12716 19 2065
12719 7 761
12721 56 6089
12722 19 2066
12725 21 2284
12727 14 1523
12730 56 6093
12732 28 3047
12733 6 653
12734 56 6095
12736 7 762
12738 8 871
12739 42 4573
12740 28 3049
12744 14 1525
12746 56 6101
12750 42 4577
12752 1 109
12755 56 6105
12757 28 3053
12758 21 2290
12759 19 2072
12761 14 1527
12763 56 6109
12764 21 2291
12765 19 2073
12769 7 764
12771 19 2074
12775 21 2293
12777 19 2075
12778 14 1529
12780 56 6117
12782 4 437
12783 42 4589
12786 7 765
12788 56 6121
12789 42 4591
12794 14 1531
12796 19 2078
12800 42 4595
12801 56 6127
12802 19 2079
12803 7 766
12805 56 6129
12807 28 3065
12808 19 2080
12811 2 219
12813 56 6133
12814 21 2300
12817 42 4601
12819 7 767
12824 28 3069
12825 21 2302
12826 8 877
12828 14 1535
12830 56 6141
12832 28 3071
12833 19 2084
12836 7 768
12838 56 6145
12839 19 2085
12842 21 2305
12844 14 1537
12847 56 6149
12849 28 3075
12850 6 659
12851 56 6151
12853 7 769
12855 8 879
12856 42 4615
12857 28 3077
12861 14 1539
12863 56 6157
12867 42 4619
12869 1 110
12872 56 6161
12874 28 3081
12875 21 2311
12876 19 2091
12878 14 1541
12880 56 6165
12881 21 2312
12882 19 2092
12886 7 771
12888 19 2093
12892 21 2314
12894 19 2094
12895 14 1543
12897 56 6173
12899 4 441
12900 42 4631
12903 7 772
12905 56 6177
12906 42 4633
12911 14 1545
12913 19 2097
12917 42 4637
12918 56 6183
12919 19 2098
12920 7 773
12922 56 6185
12924 28 3093
12925 19 2099
12928 2 221
12930 56 6189
12931 21 2321
12934 42 4643
12936 7 774
12941 28 3097
12942 21 2323
12943 8 885
12945 14 1549
12947 56 6197
12949 28 3099
12950 19 2103
12953 7 775
12955 56 6201
12956 19 2104
12959 21 2326
12961 14 1551
12964 56 6205
12966 28 3103
12967 6 665
12968 56 6207
12970 7 776
12972 8 887
12973 42 4657
12974 28 3105
12978 14 1553
12980 56 6213
12984 42 4661
12986 1 111
12989 56 6217
12991 28 3109
12992 21 2332
12993 19 2110
12995 14 1555
12997 56 6221
12998 21 2333
12999 19 2111
13003 7 778
13005 19 2112
13009 21 2335
13011 19 2113
13012 14 1557
13014 56 6229
13016 4 445
13017 42 4673
13020 7 779
13022 56 6233
13023 42 4675
13028 14 1559
13030 19 2116
13034 42 4679
13035 56 6239
13036 19 2117
13037 7 780
13039 56 6241
13041 28 3121
13042 19 2118
13045 2 223
13047 56 6245
13048 21 2342
13051 42 4685
13053 7 781
13058 28 3125
13059 21 2344
13060 8 893
13062 14 1563
13064 56 6253
13066 28 3127
13067 19 2122
13070 7 782
13072 56 6257
13073 19 2123
13076 21 2347
13078 14 1565
13081 56 6261
13083 28 3131
13084 6 671
13085 56 6263
13087 7 783
13089 8 895
13090 42 4699
13091 28 3133
13095 14 1567
13097 56 6269
13101 42 4703
13103 1 112
13106 56 6273
13108 28 3137
13109 21 2353
13110 19 2129
13112 14 1569
13114 56 6277
13115 21 2354
13116 19 2130
13120 7 785
13122 19 2131
13126 21 2356
13128 19 2132
13129 14 1571
13131 56 6285
13133 4 449
13134 42 4715
13137 7 786
13139 56 6289
13140 42 4717
13145 14 1573
13147 19 2135
13151 42 4721
13152 56 6295
13153 19 2136
13154 7 787
13156 56 6297
13158 28 3149
13159 19 2137
13162 2 225
13164 56 6301
13165 21 2363
13168 42 4727
13170 7 788
13175 28 3153
13176 21 2365
13177 8 901
13179 14 1577
13181 56 6309
13183 28 3155
13184 19 2141
13187 7 789
13189 56 6313
13190 19 2142
13193 21 2368
13195 14 1579
13198 56 6317
13200 28 3159
13201 6 677
13202 56 6319
13204 7 790
13206 8 903
13207 42 4741
13208 28 3161
13212 14 1581
13214 56 6325
13218 42 4745
13220 1 113
13223 56 6329
13225 28 3165
13226 21 2374
13227 19 2148
13229 14 1583
13231 56 6333
13232 21 2375
13233 19 2149
13237 7 792
13239 19 2150
13243 21 2377
13245 19 2151
13246 14 1585
13248 56 6341
13250 4 453
13251 42 4757
13254 7 793
13256 56 6345
13257 42 4759
13262 14 1587
13264 19 2154
13268 42 4763
13269 56 6351
13270 19 2155
13271 7 794
13273 56 6353
13275 28 3177
13276 19 2156
13279 2 227
13281 56 6357
13282 21 2384
13285 42 4769
13287 7 795
13292 28 3181
13293 21 2386
13294 8 909
13296 14 1591
13298 56 6365
13300 28 3183
13301 19 2160
13304 7 796
13306 56 6369
13307 19 2161
13310 21 2389
13312 14 1593
13315 56 6373
13317 28 3187
13318 6 683
13319 56 6375
13321 7 797
13323 8 911
13324 42 4783
13325 28 3189
13329 14 1595
13331 56 6381
13335 42 4787
13337 1 114
13340 56 6385
13342 28 3193
13343 21 2395
13344 19 2167
13346 14 1597
13348 56 6389
13349 21 2396
13350 19 2168
13354 7 799
13356 19 2169
13360 21 2398
13362 19 2170
13363 14 1599
13365 56 6397
13367 4 457
13368 42 4799
13371 7 800
13373 56 6401
13374 42 4801
13379 14 1601
13381 19 2173
13385 42 4805
13386 56 6407
13387 19 2174
13388 7 801
13390 56 6409
13392 28 3205
13393 19 2175
13396 2 229
13398 56 6413
13399 21 2405
13402 42 4811
13404 7 802
13409 28 3209
13410 21 2407
13411 8 917
13413 14 1605
13415 56 6421
13417 28 3211
13418 19 2179
13421 7 803
13423 56 6425
13424 19 2180
13427 21 2410
13429 14 1607
13432 56 6429
13434 28 3215
13435 6 689
13436 56 6431
13438 7 804
13440 8 919
13441 42 4825
13442 28 3217
13446 14 1609
13448 56 6437
13452 42 4829
13454 1 115
13457 56 6441
13459 28 3221
13460 21 2416
13461 19 2186
13463 14 1611
13465 56 6445
13466 21 2417
13467 19 2187
13471 7 806
13473 19 2188
13477 21 2419
13479 19 2189
13480 14 1613
13482 56 6453
13484 4 461
13485 42 4841
13488 7 807
13490 56 6457
13491 42 4843
13496 14 1615
13498 19 2192
13502 42 4847
13503 56 6463
13504 19 2193
13505 7 808
13507 56 6465
13509 28 3233
13510 19 2194
13513 2 231
13515 56 6469
13516 21 2426
13519 42 4853
13521 7 809
13526 28 3237
13527 21 2428
13528 8 925
13530 14 1619
13532 56 6477
13534 28 3239
13535 19 2198
13538 7 810
13540 56 6481
13541 19 2199
13544 21 2431
13546 14 1621
13549 56 6485
13551 28 3243
13552 6 695
13553 56 6487
13555 7 811
13557 8 927
13558 42 4867
13559 28 3245
13563 14 1623
13565 56 6493
13569 42 4871
13571 1 116
13574 56 6497
13576 28 3249
13577 21 2437
13578 19 2205
13580 14 1625
13582 56 6501
13583 21 2438
13584 19 2206
13588 7 813
13590 19 2207
13594 21 2440
13596 19 2208
13597 14 1627
13599 56 6509
13601 4 465
13602 42 4883
13605 7 814
13607 56 6513
13608 42 4885
13613 14 1629
13615 19 2211
13619 42 4889
13620 56 6519
13621 19 2212
13622 7 815
13624 56 6521
13626 28 3261
13627 19 2213
13630 2 233
13632 56 6525
13633 21 2447
13636 42 4895
13638 7 816
13643 28 3265
13644 21 2449
13645 8 933
13647 14 1633
13649 56 6533
13651 28 3267
13652 19 2217
13655 7 817
13657 56 6537
13658 19 2218
13661 21 2452
13663 14 1635
13666 56 6541
13668 28 3271
13669 6 701
13670 56 6543
13672 7 818
13674 8 935
13675 42 4909
13676 28 3273
13680 14 1637
13682 56 6549
13686 42 4913
13688 1 117
13691 56 6553
13693 28 3277
13694 21 2458
13695 19 2224
13697 14 1639
13699 56 6557
13700 21 2459
13701 19 2225
13705 7 820
13707 19 2226
13711 21 2461
13713 19 2227
13714 14 1641
13716 56 6565
13718 4 469
13719 42 4925
13722 7 821
13724 56 6569
13725 42 4927
13730 14 1643
13732 19 2230
13736 42 4931
13737 56 6575
13738 19 2231
13739 7 822
13741 56 6577
13743 28 3289
13744 19 2232
13747 2 235
13749 56 6581
13750 21 2468
13753 42 4937
13755 7 823
13760 28 3293
13761 21 2470
13762 8 941
13764 14 1647
13766 56 6589
13768 28 3295
13769 19 2236
13772 7 824
13774 56 6593
13775 19 2237
13778 21 2473
13780 14 1649
13783 56 6597
13785 28 3299
13786 6 707
13787 56 6599
13789 7 825
13791 8 943
13792 42 4951
13793 28 3301
13797 14 1651
13799 56 6605
13803 42 4955
13805 1 118
13808 56 6609
13810 28 3305
13811 21 2479
13812 19 2243
13814 14 1653
13816 56 6613
13817 21 2480
13818 19 2244
13822 7 827
13824 19 2245
13828 21 2482
13830 19 2246
13831 14 1655
13833 56 6621
13835 4 473
13836 42 4967
13839 7 828
13841 56 6625
13842 42 4969
13847 14 1657
13849 19 2249
13853 42 4973
13854 56 6631
13855 19 2250
13856 7 829
13858 56 6633
13860 28 3317
13861 19 2251
13864 2 237
13866 56 6637
13867 21 2489
13870 42 4979
13872 7 830
13877 28 3321
13878 21 2491
13879 8 949
13881 14 1661
13883 56 6645
13885 28 3323
13886 19 2255
13889 7 831
13891 56 6649
13892 19 2256
13895 21 2494
13897 14 1663
13900 56 6653
13902 28 3327
13903 6 713
13904 56 6655
13906 7 832
13908 8 951
13909 42 4993
13910 28 3329
13914 14 1665
13916 56 6661
13920 42 4997
13922 1 119
13925 56 6665
13927 28 3333
13928 21 2500
13929 19 2262
13931 14 1667
13933 56 6669
13934 21 2501
13935 19 2263
13939 7 834
13941 19 2264
13945 21 2503
13947 19 2265
13948 14 1669
13950 56 6677
13952 4 477
13953 42 5009
13956 7 835
13958 56 6681
13959 42 5011
13964 14 1671
13966 19 2268
13970 42 5015
13971 56 6687
13972 19 2269
13973 7 836
13975 56 6689
13977 28 3345
13978 19 2270
13981 2 239
13983 56 6693
13984 21 2510
13987 42 5021
13989 7 837
13994 28 3349
13995 21 2512
13996 8 957
13998 14 1675
14000 56 6701
14002 28 3351
14003 19 2274
14006 7 838
14008 56 6705
14009 19 2275
14012 21 2515
14014 14 1677
14017 56 6709
14019 28 3355
14020 6 719
14021 56 6711
14023 7 839
14025 8 959
14026 42 5035
14027 28 3357
14031 14 1679
14033 56 6717
14037 42 5039
14039 1 120
14042 56 6721
14044 28 3361
14045 21 2521
14046 19 2281
14048 14 1681
14050 56 6725
14051 21 2522
14052 19 2282
14056 7 841
14058 19 2283
14062 21 2524
14064 19 2284
14065 14 1683
14067 56 6733
14069 4 481
14070 42 5051
14073 7 842
14075 56 6737
14076 42 5053
14081 14 1685
14083 19 2287
14087 42 5057
14088 56 6743
14089 19 2288
14090 7 843
14092 56 6745
14094 28 3373
14095 19 2289
14098 2 241
14100 56 6749
14101 21 2531
14104 42 5063
14106 7 844
14111 28 3377
14112 21 2533
14113 8 965
14115 14 1689
14117 56 6757
14119 28 3379
14120 19 2293
14123 7 845
14125 56 6761
14126 19 2294
14129 21 2536
14131 14 1691
14134 56 6765
14136 28 3383
14137 6 725
14138 56 6767
14140 7 846
14142 8 967
14143 42 5077
14144 28 3385
14148 14 1693
14150 56 6773
14154 42 5081
14156 1 121
14159 56 6777
14161 28 3389
14162 21 2542
14163 19 2300
14165 14 1695
14167 56 6781
14168 21 2543
14169 19 2301
14173 7 848
14175 19 2302
14179 21 2545
14181 19 2303
14182 14 1697
14184 56 6789
14186 4 485
14187 42 5093
14190 7 849
14192 56 6793
14193 42 5095
14198 14 1699
14200 19 2306
14204 42 5099
14205 56 6799
14206 19 2307
14207 7 850
14209 56 6801
14211 28 3401
14212 19 2308
14215 2 243
14217 56 6805
14218 21 2552
14221 42 5105
14223 7 851
14228 28 3405
14229 21 2554
14230 8 973
14232 14 1703
14234 56 6813
14236 28 3407
14237 19 2312
14240 7 852
14242 56 6817
14243 19 2313
14246 21 2557
14248 14 1705
14251 56 6821
14253 28 3411
14254 6 731
14255 56 6823
14257 7 853
14259 8 975
14260 42 5119
14261 28 3413
14265 14 1707
14267 56 6829
14271 42 5123
14273 1 122
14276 56 6833
14278 28 3417
14279 21 2563
14280 19 2319
14282 14 1709
14284 56 6837
14285 21 2564
14286 19 2320
14290 7 855
14292 19 2321
14296 21 2566
14298 19 2322
14299 14 1711
14301 56 6845
14303 4 489
14304 42 5135
14307 7 856
14309 56 6849
14310 42 5137
14315 14 1713
14317 19 2325
14321 42 5141
14322 56 6855
14323 19 2326
14324 7 857
14326 56 6857
14328 28 3429
14329 19 2327
14332 2 245
14334 56 6861
14335 21 2573
14338 42 5147
14340 7 858
14345 28 3433
14346 21 2575
14347 8 981
14349 14 1717
14351 56 6869
14353 28 3435
14354 19 2331
14357 7 859
14359 56 6873
14360 19 2332
14363 21 2578
14365 14 1719
14368 56 6877
14370 28 3439
14371 6 737
14372 56 6879
14374 7 860
14376 8 983
14377 42 5161
14378 28 3441
14382 14 1721
14384 56 6885
14388 42 5165
14390 1 123
14393 56 6889
14395 28 3445
14396 21 2584
14397 19 2338
14399 14 1723
14401 56 6893
14402 21 2585
14403 19 2339
14407 7 862
14409 19 2340
14413 21 2587
14415 19 2341
14416 14 1725
14418 56 6901
14420 4 493
14421 42 5177
14424 7 863
14426 56 6905
14427 42 5179
14432 14 1727
14434 19 2344
14438 42 5183
14439 56 6911
14440 19 2345
14441 7 864
14443 56 6913
14445 28 3457
14446 19 2346
14449 2 247
14451 56 6917
14452 21 2594
14455 42 5189
14457 7 865
14462 28 3461
14463 21 2596
14464 8 989
14466 14 1731
14468 56 6925
14470 28 3463
14471 19 2350
14474 7 866
14476 56 6929
14477 19 2351
14480 21 2599
14482 14 1733
14485 56 6933
14487 28 3467
14488 6 743
14489 56 6935
14491 7 867
14493 8 991
14494 42 5203
14495 28 3469
14499 14 1735
14501 56 6941
14505 42 5207
14507 1 124
14510 56 6945
14512 28 3473
14513 21 2605
14514 19 2357
14516 14 1737
14518 56 6949
14519 21 2606
14520 19 2358
14524 7 869
14526 19 2359
14530 21 2608
14532 19 2360
14533 14 1739
14535 56 6957
14537 4 497
14538 42 5219
14541 7 870
14543 56 6961
14544 42 5221
14549 14 1741
14551 19 2363
14555 42 5225
14556 56 6967
14557 19 2364
14558 7 871
14560 56 6969
14562 28 3485
14563 19 2365
14566 2 249
14568 56 6973
14569 21 2615
14572 42 5231
14574 7 872
14579 28 3489
14580 21 2617
14581 8 997
14583 14 1745
14585 56 6981
14587 28 3491
14588 19 2369
14591 7 873
14593 56 6985
14594 19 2370
14597 21 2620
14599 14 1747
14602 56 6989
14604 28 3495
14605 6 749
14606 56 6991
14608 7 874
14610 8 999
14611 42 5245
14612 28 3497
14616 14 1749
14618 56 6997
14622 42 5249
14624 1 125
14627 56 7001
14629 28 3501
14630 21 2626
14631 19 2376
14633 14 1751
14635 56 7005
14636 21 2627
14637 19 2377
14641 7 876
14643 19 2378
14647 21 2629
14649 19 2379
14650 14 1753
14652 56 7013
14654 4 501
14655 42 5261
14658 7 877
14660 56 7017
14661 42 5263
14666 14 1755
14668 19 2382
14672 42 5267
14673 56 7023
14674 19 2383
14675 7 878
14677 56 7025
14679 28 3513
14680 19 2384
14683 2 251
14685 56 7029
14686 21 2636
14689 42 5273
14691 7 879
14696 28 3517
14697 21 2638
14698 8 1005
14700 14 1759
14702 56 7037
14704 28 3519
14705 19 2388
14708 7 880
14710 56 7041
14711 19 2389
14714 21 2641
14716 14 1761
14719 56 7045
14721 28 3523
14722 6 755
14723 56 7047
14725 7 881
14727 8 1007
14728 42 5287
14729 28 3525
14733 14 1763
14735 56 7053
14739 42 5291
14741 1 126
14744 56 7057
14746 28 3529
14747 21 2647
14748 19 2395
14750 14 1765
14752 56 7061
14753 21 2648
14754 19 2396
14758 7 883
14760 19 2397
14764 21 2650
14766 19 2398
14767 14 1767
14769 56 7069
14771 4 505
14772 42 5303
14775 7 884
14777 56 7073
14778 42 5305
14783 14 1769
14785 19 2401
14789 42 5309
14790 56 7079
14791 19 2402
14792 7 885
14794 56 7081
14796 28 3541
14797 19 2403
14800 2 253
14802 56 7085
14803 21 2657
14806 42 5315
14808 7 886
14813 28 3545
14814 21 2659
14815 8 1013
14817 14 1773
14819 56 7093
14821 28 3547
14822 19 2407
14825 7 887
14827 56 7097
14828 19 2408
14831 21 2662
14833 14 1775
14836 56 7101
14838 28 3551
14839 6 761
14840 56 7103
14842 7 888
14844 8 1015
14845 42 5329
14846 28 3553
14850 14 1777
14852 56 7109
14856 42 5333
14858 1 127
14861 56 7113
14863 28 3557
14864 21 2668
14865 19 2414
14867 14 1779
14869 56 7117
14870 21 2669
14871 19 2415
14875 7 890
14877 19 2416
14881 21 2671
14883 19 2417
14884 14 1781
14886 56 7125
14888 4 509
14889 42 5345
14892 7 891
14894 56 7129
14895 42 5347
14900 14 1783
14902 19 2420
14906 42 5351
14907 56 7135
14908 19 2421
14909 7 892
14911 56 7137
14913 28 3569
14914 19 2422
14917 2 255
14919 56 7141
14920 21 2678
14923 42 5357
14925 7 893
14930 28 3573
14931 21 2680
14932 8 1021
14934 14 1787
14936 56 7149
14938 28 3575
14939 19 2426
14942 7 894
14944 56 7153
14945 19 2427
14948 21 2683
14950 14 1789
14953 56 7157
14955 28 3579
14956 6 767
14957 56 7159
14959 7 895
14961 8 1023
14962 42 5371
14963 28 3581
14967 14 1791
14969 56 7165
14973 42 5375
14975 1 128
14978 56 7169
14980 28 3585
14981 21 2689
14982 19 2433
14984 14 1793
14986 56 7173
14987 21 2690
14988 19 2434
14992 7 897
14994 19 2435
14998 21 2692
15000 19 2436
15001 14 1795
15003 56 7181
15005 4 513
15006 42 5387
15009 7 898
15011 56 7185
15012 42 5389
15017 14 1797
15019 19 2439
15023 42 5393
15024 56 7191
15025 19 2440
15026 7 899
15028 56 7193
15030 28 3597
15031 19 2441
15034 2 257
15036 56 7197
15037 21 2699
15040 42 5399
15042 7 900
15047 28 3601
15048 21 2701
15049 8 1029
15051 14 1801
15053 56 7205
15055 28 3603
15056 19 2445
15059 7 901
15061 56 7209
15062 19 2446
15065 21 2704
15067 14 1803
15070 56 7213
15072 28 3607
15073 6 773
15074 56 7215
15076 7 902
15078 8 1031
15079 42 5413
15080 28 3609
15084 14 1805
15086 56 7221
15090 42 5417
15092 1 129
