7740 121 100000000 1837 250
2 60 1
3 37 1
4 30 1
5 24 1
6 20 1
8 15 1
9 37 3
10 12 1
12 10 1
13 37 4
14 60 7
15 8 1
16 15 2
18 20 3
19 37 6
20 6 1
22 60 11
24 5 1
25 24 5
26 37 8
28 30 7
29 37 9
30 4 1
32 15 4
34 60 17
35 24 7
38 60 19
39 37 12
40 3 1
42 20 7
44 30 11
45 8 3
48 5 2
49 37 15
50 12 5
52 37 16
54 20 9
55 24 11
58 60 29
60 2 1
62 37 19
64 15 8
65 37 20
68 30 17
70 12 7
74 60 37
75 37 23
78 37 24
80 3 2
84 10 7
85 37 26
88 37 27
90 4 3
94 60 47
98 37 30
100 6 5
104 37 32
110 12 11
114 37 35
120 1 1
123 60 61
124 37 38
125 30 31
126 24 25
127 20 21
129 15 16
130 37 40
131 12 13
133 10 11
134 37 41
135 60 67
136 8 9
137 15 17
139 20 23
140 37 43
141 6 7
143 60 71
145 5 6
146 24 29
147 37 45
149 30 37
150 37 46
151 4 5
153 15 19
155 60 77
156 24 31
159 60 79
160 37 49
161 3 4
163 20 27
165 30 41
166 8 11
169 5 7
170 37 52
171 12 17
173 37 53
175 20 29
176 24 35
179 60 89
181 2 3
183 37 56
185 15 23
186 37 57
189 30 47
191 12 19
195 60 97
196 37 60
199 37 61
201 3 5
205 10 17
206 37 63
209 37 64
211 4 7
215 60 107
219 37 67
221 6 11
225 37 69
231 12 23
235 37 72
241 1 2
244 60 121
245 37 75
246 30 61
247 24 49
248 20 41
250 15 31
251 37 77
252 12 25
254 10 21
255 37 78
256 60 127
257 8 17
258 15 32
260 20 43
261 37 80
262 6 13
264 60 131
266 5 11
267 24 53
268 37 82
270 30 67
271 37 83
272 4 9
274 15 34
276 60 137
277 24 55
280 60 139
281 37 86
282 3 7
284 20 47
286 30 71
287 8 19
290 5 12
291 37 89
292 12 29
294 37 90
296 20 49
297 24 59
300 60 149
302 2 5
304 37 93
306 15 38
307 37 94
310 30 77
312 12 31
316 60 157
317 37 97
320 37 98
322 3 8
326 10 27
327 37 100
330 37 101
332 4 11
336 60 167
340 37 104
342 6 17
346 37 106
352 12 35
356 37 109
362 1 3
365 60 181
366 37 112
367 30 91
368 24 73
369 20 61
371 15 46
372 37 114
373 12 37
375 10 31
376 37 115
377 60 187
378 8 25
379 15 47
381 20 63
382 37 117
383 6 19
385 60 191
387 5 16
388 24 77
389 37 119
391 30 97
392 37 120
393 4 13
395 15 49
397 60 197
398 24 79
401 60 199
402 37 123
403 3 10
405 20 67
407 30 101
408 8 27
411 5 17
412 37 126
413 12 41
415 37 127
417 20 69
418 24 83
421 60 209
423 2 7
425 37 130
427 15 53
428 37 131
431 30 107
433 12 43
437 60 217
438 37 134
441 37 135
443 3 11
447 10 37
448 37 137
451 37 138
453 4 15
457 60 227
461 37 141
463 6 23
467 37 143
473 12 47
477 37 146
483 1 4
486 60 241
487 37 149
488 30 121
489 24 97
490 20 81
492 15 61
493 37 151
494 12 49
496 10 41
497 37 152
498 60 247
499 8 33
500 15 62
502 20 83
503 37 154
504 6 25
506 60 251
508 5 21
509 24 101
510 37 156
512 30 127
513 37 157
514 4 17
516 15 64
518 60 257
519 24 103
522 60 259
523 37 160
524 3 13
526 20 87
528 30 131
529 8 35
532 5 22
533 37 163
534 12 53
536 37 164
538 20 89
539 24 107
542 60 269
544 2 9
546 37 167
548 15 68
549 37 168
552 30 137
554 12 55
558 60 277
559 37 171
562 37 172
564 3 14
568 10 47
569 37 174
572 37 175
574 4 19
578 60 287
582 37 178
584 6 29
588 37 180
594 12 59
598 37 183
604 1 5
607 60 301
608 37 186
609 30 151
610 24 121
611 20 101
613 15 76
614 37 188
615 12 61
617 10 51
618 37 189
619 60 307
620 8 41
621 15 77
623 20 103
624 37 191
625 6 31
627 60 311
629 5 26
630 24 125
631 37 193
633 30 157
634 37 194
635 4 21
637 15 79
639 60 317
640 24 127
643 60 319
644 37 197
645 3 16
647 20 107
649 30 161
650 8 43
653 5 27
654 37 200
655 12 65
657 37 201
659 20 109
660 24 131
663 60 329
665 2 11
667 37 204
669 15 83
670 37 205
673 30 167
675 12 67
679 60 337
680 37 208
683 37 209
685 3 17
689 10 57
690 37 211
693 37 212
695 4 23
699 60 347
703 37 215
705 6 35
709 37 217
715 12 71
719 37 220
725 1 6
728 60 361
729 37 223
730 30 181
731 24 145
732 20 121
734 15 91
735 37 225
736 12 73
738 10 61
739 37 226
740 60 367
741 8 49
742 15 92
744 20 123
745 37 228
746 6 37
748 60 371
750 5 31
751 24 149
752 37 230
754 30 187
755 37 231
756 4 25
758 15 94
760 60 377
761 24 151
764 60 379
765 37 234
766 3 19
768 20 127
770 30 191
771 8 51
774 5 32
775 37 237
776 12 77
778 37 238
780 20 129
781 24 155
784 60 389
786 2 13
788 37 241
790 15 98
791 37 242
794 30 197
796 12 79
800 60 397
801 37 245
804 37 246
806 3 20
810 10 67
811 37 248
814 37 249
816 4 27
820 60 407
824 37 252
826 6 41
830 37 254
836 12 83
840 37 257
846 1 7
849 60 421
850 37 260
851 30 211
852 24 169
853 20 141
855 15 106
856 37 262
857 12 85
859 10 71
860 37 263
861 60 427
862 8 57
863 15 107
865 20 143
866 37 265
867 6 43
869 60 431
871 5 36
872 24 173
873 37 267
875 30 217
876 37 268
877 4 29
879 15 109
881 60 437
882 24 175
885 60 439
886 37 271
887 3 22
889 20 147
891 30 221
892 8 59
895 5 37
896 37 274
897 12 89
899 37 275
901 20 149
902 24 179
905 60 449
907 2 15
909 37 278
911 15 113
912 37 279
915 30 227
917 12 91
921 60 457
922 37 282
925 37 283
927 3 23
931 10 77
932 37 285
935 37 286
937 4 31
941 60 467
945 37 289
947 6 47
951 37 291
957 12 95
961 37 294
967 1 8
970 60 481
971 37 297
972 30 241
973 24 193
974 20 161
976 15 121
977 37 299
978 12 97
980 10 81
981 37 300
982 60 487
983 8 65
984 15 122
986 20 163
987 37 302
988 6 49
990 60 491
992 5 41
993 24 197
994 37 304
996 30 247
997 37 305
998 4 33
1000 15 124
1002 60 497
1003 24 199
1006 60 499
1007 37 308
1008 3 25
1010 20 167
1012 30 251
1013 8 67
1016 5 42
1017 37 311
1018 12 101
1020 37 312
1022 20 169
1023 24 203
1026 60 509
1028 2 17
1030 37 315
1032 15 128
1033 37 316
1036 30 257
1038 12 103
1042 60 517
1043 37 319
1046 37 320
1048 3 26
1052 10 87
1053 37 322
1056 37 323
1058 4 35
1062 60 527
1066 37 326
1068 6 53
1072 37 328
1078 12 107
1082 37 331
1088 1 9
1091 60 541
1092 37 334
1093 30 271
1094 24 217
1095 20 181
1097 15 136
1098 37 336
1099 12 109
1101 10 91
1102 37 337
1103 60 547
1104 8 73
1105 15 137
1107 20 183
1108 37 339
1109 6 55
1111 60 551
1113 5 46
1114 24 221
1115 37 341
1117 30 277
1118 37 342
1119 4 37
1121 15 139
1123 60 557
1124 24 223
1127 60 559
1128 37 345
1129 3 28
1131 20 187
1133 30 281
1134 8 75
1137 5 47
1138 37 348
1139 12 113
1141 37 349
1143 20 189
1144 24 227
1147 60 569
1149 2 19
1151 37 352
1153 15 143
1154 37 353
1157 30 287
1159 12 115
1163 60 577
1164 37 356
1167 37 357
1169 3 29
1173 10 97
1174 37 359
1177 37 360
1179 4 39
1183 60 587
1187 37 363
1189 6 59
1193 37 365
1199 12 119
1203 37 368
1209 1 10
1212 60 601
1213 37 371
1214 30 301
1215 24 241
1216 20 201
1218 15 151
1219 37 373
1220 12 121
1222 10 101
1223 37 374
1224 60 607
1225 8 81
1226 15 152
1228 20 203
1229 37 376
1230 6 61
1232 60 611
1234 5 51
1235 24 245
1236 37 378
1238 30 307
1239 37 379
1240 4 41
1242 15 154
1244 60 617
1245 24 247
1248 60 619
1249 37 382
1250 3 31
1252 20 207
1254 30 311
1255 8 83
1258 5 52
1259 37 385
1260 12 125
1262 37 386
1264 20 209
1265 24 251
1268 60 629
1270 2 21
1272 37 389
1274 15 158
1275 37 390
1278 30 317
1280 12 127
1284 60 637
1285 37 393
1288 37 394
1290 3 32
1294 10 107
1295 37 396
1298 37 397
1300 4 43
1304 60 647
1308 37 400
1310 6 65
1314 37 402
1320 12 131
1324 37 405
1330 1 11
1333 60 661
1334 37 408
1335 30 331
1336 24 265
1337 20 221
1339 15 166
1340 37 410
1341 12 133
1343 10 111
1344 37 411
1345 60 667
1346 8 89
1347 15 167
1349 20 223
1350 37 413
1351 6 67
1353 60 671
1355 5 56
1356 24 269
1357 37 415
1359 30 337
1360 37 416
1361 4 45
1363 15 169
1365 60 677
1366 24 271
1369 60 679
1370 37 419
1371 3 34
1373 20 227
1375 30 341
1376 8 91
1379 5 57
1380 37 422
1381 12 137
1383 37 423
1385 20 229
1386 24 275
1389 60 689
1391 2 23
1393 37 426
1395 15 173
1396 37 427
1399 30 347
1401 12 139
1405 60 697
1406 37 430
1409 37 431
1411 3 35
1415 10 117
1416 37 433
1419 37 434
1421 4 47
1425 60 707
1429 37 437
1431 6 71
1435 37 439
1441 12 143
1445 37 442
1451 1 12
1454 60 721
1455 37 445
1456 30 361
1457 24 289
1458 20 241
1460 15 181
1461 37 447
1462 12 145
1464 10 121
1465 37 448
1466 60 727
1467 8 97
1468 15 182
1470 20 243
1471 37 450
1472 6 73
1474 60 731
1476 5 61
1477 24 293
1478 37 452
1480 30 367
1481 37 453
1482 4 49
1484 15 184
1486 60 737
1487 24 295
1490 60 739
1491 37 456
1492 3 37
1494 20 247
1496 30 371
1497 8 99
1500 5 62
1501 37 459
1502 12 149
1504 37 460
1506 20 249
1507 24 299
1510 60 749
1512 2 25
1514 37 463
1516 15 188
1517 37 464
1520 30 377
1522 12 151
1526 60 757
1527 37 467
1530 37 468
1532 3 38
1536 10 127
1537 37 470
1540 37 471
1542 4 51
1546 60 767
1550 37 474
1552 6 77
1556 37 476
1562 12 155
1566 37 479
1572 1 13
1575 60 781
1576 37 482
1577 30 391
1578 24 313
1579 20 261
1581 15 196
1582 37 484
1583 12 157
1585 10 131
1586 37 485
1587 60 787
1588 8 105
1589 15 197
1591 20 263
1592 37 487
1593 6 79
1595 60 791
1597 5 66
1598 24 317
1599 37 489
1601 30 397
1602 37 490
1603 4 53
1605 15 199
1607 60 797
1608 24 319
1611 60 799
1612 37 493
1613 3 40
1615 20 267
1617 30 401
1618 8 107
1621 5 67
1622 37 496
1623 12 161
1625 37 497
1627 20 269
1628 24 323
1631 60 809
1633 2 27
1635 37 500
1637 15 203
1638 37 501
1641 30 407
1643 12 163
1647 60 817
1648 37 504
1651 37 505
1653 3 41
1657 10 137
1658 37 507
1661 37 508
1663 4 55
1667 60 827
1671 37 511
1673 6 83
1677 37 513
1683 12 167
1687 37 516
1693 1 14
1696 60 841
1697 37 519
1698 30 421
1699 24 337
1700 20 281
1702 15 211
1703 37 521
1704 12 169
1706 10 141
1707 37 522
1708 60 847
1709 8 113
1710 15 212
1712 20 283
1713 37 524
1714 6 85
1716 60 851
1718 5 71
1719 24 341
1720 37 526
1722 30 427
1723 37 527
1724 4 57
1726 15 214
1728 60 857
1729 24 343
1732 60 859
1733 37 530
1734 3 43
1736 20 287
1738 30 431
1739 8 115
1742 5 72
1743 37 533
1744 12 173
1746 37 534
1748 20 289
1749 24 347
1752 60 869
1754 2 29
1756 37 537
1758 15 218
1759 37 538
1762 30 437
1764 12 175
1768 60 877
1769 37 541
1772 37 542
1774 3 44
1778 10 147
1779 37 544
1782 37 545
1784 4 59
1788 60 887
1792 37 548
1794 6 89
1798 37 550
1804 12 179
1808 37 553
1814 1 15
1817 60 901
1818 37 556
1819 30 451
1820 24 361
1821 20 301
1823 15 226
1824 37 558
1825 12 181
1827 10 151
1828 37 559
1829 60 907
1830 8 121
1831 15 227
1833 20 303
1834 37 561
1835 6 91
1837 60 911
1839 5 76
1840 24 365
1841 37 563
1843 30 457
1844 37 564
1845 4 61
1847 15 229
1849 60 917
1850 24 367
1853 60 919
1854 37 567
1855 3 46
1857 20 307
1859 30 461
1860 8 123
1863 5 77
1864 37 570
1865 12 185
1867 37 571
1869 20 309
1870 24 371
1873 60 929
1875 2 31
1877 37 574
1879 15 233
1880 37 575
1883 30 467
1885 12 187
1889 60 937
1890 37 578
1893 37 579
1895 3 47
1899 10 157
1900 37 581
1903 37 582
1905 4 63
1909 60 947
1913 37 585
1915 6 95
1919 37 587
1925 12 191
1929 37 590
1935 1 16
1938 60 961
1939 37 593
1940 30 481
1941 24 385
1942 20 321
1944 15 241
1945 37 595
1946 12 193
1948 10 161
1949 37 596
1950 60 967
1951 8 129
1952 15 242
1954 20 323
1955 37 598
1956 6 97
1958 60 971
1960 5 81
1961 24 389
1962 37 600
1964 30 487
1965 37 601
1966 4 65
1968 15 244
1970 60 977
1971 24 391
1974 60 979
1975 37 604
1976 3 49
1978 20 327
1980 30 491
1981 8 131
1984 5 82
1985 37 607
1986 12 197
1988 37 608
1990 20 329
1991 24 395
1994 60 989
1996 2 33
1998 37 611
2000 15 248
2001 37 612
2004 30 497
2006 12 199
2010 60 997
2011 37 615
2014 37 616
2016 3 50
2020 10 167
2021 37 618
2024 37 619
2026 4 67
2030 60 1007
2034 37 622
2036 6 101
2040 37 624
2046 12 203
2050 37 627
2056 1 17
2059 60 1021
2060 37 630
2061 30 511
2062 24 409
2063 20 341
2065 15 256
2066 37 632
2067 12 205
2069 10 171
2070 37 633
2071 60 1027
2072 8 137
2073 15 257
2075 20 343
2076 37 635
2077 6 103
2079 60 1031
2081 5 86
2082 24 413
2083 37 637
2085 30 517
2086 37 638
2087 4 69
2089 15 259
2091 60 1037
2092 24 415
2095 60 1039
2096 37 641
2097 3 52
2099 20 347
2101 30 521
2102 8 139
2105 5 87
2106 37 644
2107 12 209
2109 37 645
2111 20 349
2112 24 419
2115 60 1049
2117 2 35
2119 37 648
2121 15 263
2122 37 649
2125 30 527
2127 12 211
2131 60 1057
2132 37 652
2135 37 653
2137 3 53
2141 10 177
2142 37 655
2145 37 656
2147 4 71
2151 60 1067
2155 37 659
2157 6 107
2161 37 661
2167 12 215
2171 37 664
2177 1 18
2180 60 1081
2181 37 667
2182 30 541
2183 24 433
2184 20 361
2186 15 271
2187 37 669
2188 12 217
2190 10 181
2191 37 670
2192 60 1087
2193 8 145
2194 15 272
2196 20 363
2197 37 672
2198 6 109
2200 60 1091
2202 5 91
2203 24 437
2204 37 674
2206 30 547
2207 37 675
2208 4 73
2210 15 274
2212 60 1097
2213 24 439
2216 60 1099
2217 37 678
2218 3 55
2220 20 367
2222 30 551
2223 8 147
2226 5 92
2227 37 681
2228 12 221
2230 37 682
2232 20 369
2233 24 443
2236 60 1109
2238 2 37
2240 37 685
2242 15 278
2243 37 686
2246 30 557
2248 12 223
2252 60 1117
2253 37 689
2256 37 690
2258 3 56
2262 10 187
2263 37 692
2266 37 693
2268 4 75
2272 60 1127
2276 37 696
2278 6 113
2282 37 698
2288 12 227
2292 37 701
2298 1 19
2301 60 1141
2302 37 704
2303 30 571
2304 24 457
2305 20 381
2307 15 286
2308 37 706
2309 12 229
2311 10 191
2312 37 707
2313 60 1147
2314 8 153
2315 15 287
2317 20 383
2318 37 709
2319 6 115
2321 60 1151
2323 5 96
2324 24 461
2325 37 711
2327 30 577
2328 37 712
2329 4 77
2331 15 289
2333 60 1157
2334 24 463
2337 60 1159
2338 37 715
2339 3 58
2341 20 387
2343 30 581
2344 8 155
2347 5 97
2348 37 718
2349 12 233
2351 37 719
2353 20 389
2354 24 467
2357 60 1169
2359 2 39
2361 37 722
2363 15 293
2364 37 723
2367 30 587
2369 12 235
2373 60 1177
2374 37 726
2377 37 727
2379 3 59
2383 10 197
2384 37 729
2387 37 730
2389 4 79
2393 60 1187
2397 37 733
2399 6 119
2403 37 735
2409 12 239
2413 37 738
2419 1 20
2422 60 1201
2423 37 741
2424 30 601
2425 24 481
2426 20 401
2428 15 301
2429 37 743
2430 12 241
2432 10 201
2433 37 744
2434 60 1207
2435 8 161
2436 15 302
2438 20 403
2439 37 746
2440 6 121
2442 60 1211
2444 5 101
2445 24 485
2446 37 748
2448 30 607
2449 37 749
2450 4 81
2452 15 304
2454 60 1217
2455 24 487
2458 60 1219
2459 37 752
2460 3 61
2462 20 407
2464 30 611
2465 8 163
2468 5 102
2469 37 755
2470 12 245
2472 37 756
2474 20 409
2475 24 491
2478 60 1229
2480 2 41
2482 37 759
2484 15 308
2485 37 760
2488 30 617
2490 12 247
2494 60 1237
2495 37 763
2498 37 764
2500 3 62
2504 10 207
2505 37 766
2508 37 767
2510 4 83
2514 60 1247
2518 37 770
2520 6 125
2524 37 772
2530 12 251
2534 37 775
2540 1 21
2543 60 1261
2544 37 778
2545 30 631
2546 24 505
2547 20 421
2549 15 316
2550 37 780
2551 12 253
2553 10 211
2554 37 781
2555 60 1267
2556 8 169
2557 15 317
2559 20 423
2560 37 783
2561 6 127
2563 60 1271
2565 5 106
2566 24 509
2567 37 785
2569 30 637
2570 37 786
2571 4 85
2573 15 319
2575 60 1277
2576 24 511
2579 60 1279
2580 37 789
2581 3 64
2583 20 427
2585 30 641
2586 8 171
2589 5 107
2590 37 792
2591 12 257
2593 37 793
2595 20 429
2596 24 515
2599 60 1289
2601 2 43
2603 37 796
2605 15 323
2606 37 797
2609 30 647
2611 12 259
2615 60 1297
2616 37 800
2619 37 801
2621 3 65
2625 10 217
2626 37 803
2629 37 804
2631 4 87
2635 60 1307
2639 37 807
2641 6 131
2645 37 809
2651 12 263
2655 37 812
2661 1 22
2664 60 1321
2665 37 815
2666 30 661
2667 24 529
2668 20 441
2670 15 331
2671 37 817
2672 12 265
2674 10 221
2675 37 818
2676 60 1327
2677 8 177
2678 15 332
2680 20 443
2681 37 820
2682 6 133
2684 60 1331
2686 5 111
2687 24 533
2688 37 822
2690 30 667
2691 37 823
2692 4 89
2694 15 334
2696 60 1337
2697 24 535
2700 60 1339
2701 37 826
2702 3 67
2704 20 447
2706 30 671
2707 8 179
2710 5 112
2711 37 829
2712 12 269
2714 37 830
2716 20 449
2717 24 539
2720 60 1349
2722 2 45
2724 37 833
2726 15 338
2727 37 834
2730 30 677
2732 12 271
2736 60 1357
2737 37 837
2740 37 838
2742 3 68
2746 10 227
2747 37 840
2750 37 841
2752 4 91
2756 60 1367
2760 37 844
2762 6 137
2766 37 846
2772 12 275
2776 37 849
2782 1 23
2785 60 1381
2786 37 852
2787 30 691
2788 24 553
2789 20 461
2791 15 346
2792 37 854
2793 12 277
2795 10 231
2796 37 855
2797 60 1387
2798 8 185
2799 15 347
2801 20 463
2802 37 857
2803 6 139
2805 60 1391
2807 5 116
2808 24 557
2809 37 859
2811 30 697
2812 37 860
2813 4 93
2815 15 349
2817 60 1397
2818 24 559
2821 60 1399
2822 37 863
2823 3 70
2825 20 467
2827 30 701
2828 8 187
2831 5 117
2832 37 866
2833 12 281
2835 37 867
2837 20 469
2838 24 563
2841 60 1409
2843 2 47
2845 37 870
2847 15 353
2848 37 871
2851 30 707
2853 12 283
2857 60 1417
2858 37 874
2861 37 875
2863 3 71
2867 10 237
2868 37 877
2871 37 878
2873 4 95
2877 60 1427
2881 37 881
2883 6 143
2887 37 883
2893 12 287
2897 37 886
2903 1 24
2906 60 1441
2907 37 889
2908 30 721
2909 24 577
2910 20 481
2912 15 361
2913 37 891
2914 12 289
2916 10 241
2917 37 892
2918 60 1447
2919 8 193
2920 15 362
2922 20 483
2923 37 894
2924 6 145
2926 60 1451
2928 5 121
2929 24 581
2930 37 896
2932 30 727
2933 37 897
2934 4 97
2936 15 364
2938 60 1457
2939 24 583
2942 60 1459
2943 37 900
2944 3 73
2946 20 487
2948 30 731
2949 8 195
2952 5 122
2953 37 903
2954 12 293
2956 37 904
2958 20 489
2959 24 587
2962 60 1469
2964 2 49
2966 37 907
2968 15 368
2969 37 908
2972 30 737
2974 12 295
2978 60 1477
2979 37 911
2982 37 912
2984 3 74
2988 10 247
2989 37 914
2992 37 915
2994 4 99
2998 60 1487
3002 37 918
3004 6 149
3008 37 920
3014 12 299
3018 37 923
3024 1 25
3027 60 1501
3028 37 926
3029 30 751
3030 24 601
3031 20 501
3033 15 376
3034 37 928
3035 12 301
3037 10 251
3038 37 929
3039 60 1507
3040 8 201
3041 15 377
3043 20 503
3044 37 931
3045 6 151
3047 60 1511
3049 5 126
3050 24 605
3051 37 933
3053 30 757
3054 37 934
3055 4 101
3057 15 379
3059 60 1517
3060 24 607
3063 60 1519
3064 37 937
3065 3 76
3067 20 507
3069 30 761
3070 8 203
3073 5 127
3074 37 940
3075 12 305
3077 37 941
3079 20 509
3080 24 611
3083 60 1529
3085 2 51
3087 37 944
3089 15 383
3090 37 945
3093 30 767
3095 12 307
3099 60 1537
3100 37 948
3103 37 949
3105 3 77
3109 10 257
3110 37 951
3113 37 952
3115 4 103
3119 60 1547
3123 37 955
3125 6 155
3129 37 957
3135 12 311
3139 37 960
3145 1 26
3148 60 1561
3149 37 963
3150 30 781
3151 24 625
3152 20 521
3154 15 391
3155 37 965
3156 12 313
3158 10 261
3159 37 966
3160 60 1567
3161 8 209
3162 15 392
3164 20 523
3165 37 968
3166 6 157
3168 60 1571
3170 5 131
3171 24 629
3172 37 970
3174 30 787
3175 37 971
3176 4 105
3178 15 394
3180 60 1577
3181 24 631
3184 60 1579
3185 37 974
3186 3 79
3188 20 527
3190 30 791
3191 8 211
3194 5 132
3195 37 977
3196 12 317
3198 37 978
3200 20 529
3201 24 635
3204 60 1589
3206 2 53
3208 37 981
3210 15 398
3211 37 982
3214 30 797
3216 12 319
3220 60 1597
3221 37 985
3224 37 986
3226 3 80
3230 10 267
3231 37 988
3234 37 989
3236 4 107
3240 60 1607
3244 37 992
3246 6 161
3250 37 994
3256 12 323
3260 37 997
3266 1 27
3269 60 1621
3270 37 1000
3271 30 811
3272 24 649
3273 20 541
3275 15 406
3276 37 1002
3277 12 325
3279 10 271
3280 37 1003
3281 60 1627
3282 8 217
3283 15 407
3285 20 543
3286 37 1005
3287 6 163
3289 60 1631
3291 5 136
3292 24 653
3293 37 1007
3295 30 817
3296 37 1008
3297 4 109
3299 15 409
3301 60 1637
3302 24 655
3305 60 1639
3306 37 1011
3307 3 82
3309 20 547
3311 30 821
3312 8 219
3315 5 137
3316 37 1014
3317 12 329
3319 37 1015
3321 20 549
3322 24 659
3325 60 1649
3327 2 55
3329 37 1018
3331 15 413
3332 37 1019
3335 30 827
3337 12 331
3341 60 1657
3342 37 1022
3345 37 1023
3347 3 83
3351 10 277
3352 37 1025
3355 37 1026
3357 4 111
3361 60 1667
3365 37 1029
3367 6 167
3371 37 1031
3377 12 335
3381 37 1034
3387 1 28
3390 60 1681
3391 37 1037
3392 30 841
3393 24 673
3394 20 561
3396 15 421
3397 37 1039
3398 12 337
3400 10 281
3401 37 1040
3402 60 1687
3403 8 225
3404 15 422
3406 20 563
3407 37 1042
3408 6 169
3410 60 1691
3412 5 141
3413 24 677
3414 37 1044
3416 30 847
3417 37 1045
3418 4 113
3420 15 424
3422 60 1697
3423 24 679
3426 60 1699
3427 37 1048
3428 3 85
3430 20 567
3432 30 851
3433 8 227
3436 5 142
3437 37 1051
3438 12 341
3440 37 1052
3442 20 569
3443 24 683
3446 60 1709
3448 2 57
3450 37 1055
3452 15 428
3453 37 1056
3456 30 857
3458 12 343
3462 60 1717
3463 37 1059
3466 37 1060
3468 3 86
3472 10 287
3473 37 1062
3476 37 1063
3478 4 115
3482 60 1727
3486 37 1066
3488 6 173
3492 37 1068
3498 12 347
3502 37 1071
3508 1 29
3511 60 1741
3512 37 1074
3513 30 871
3514 24 697
3515 20 581
3517 15 436
3518 37 1076
3519 12 349
3521 10 291
3522 37 1077
3523 60 1747
3524 8 233
3525 15 437
3527 20 583
3528 37 1079
3529 6 175
3531 60 1751
3533 5 146
3534 24 701
3535 37 1081
3537 30 877
3538 37 1082
3539 4 117
3541 15 439
3543 60 1757
3544 24 703
3547 60 1759
3548 37 1085
3549 3 88
3551 20 587
3553 30 881
3554 8 235
3557 5 147
3558 37 1088
3559 12 353
3561 37 1089
3563 20 589
3564 24 707
3567 60 1769
3569 2 59
3571 37 1092
3573 15 443
3574 37 1093
3577 30 887
3579 12 355
3583 60 1777
3584 37 1096
3587 37 1097
3589 3 89
3593 10 297
3594 37 1099
3597 37 1100
3599 4 119
3603 60 1787
3607 37 1103
3609 6 179
3613 37 1105
3619 12 359
3623 37 1108
3629 1 30
3632 60 1801
3633 37 1111
3634 30 901
3635 24 721
3636 20 601
3638 15 451
3639 37 1113
3640 12 361
3642 10 301
3643 37 1114
3644 60 1807
3645 8 241
3646 15 452
3648 20 603
3649 37 1116
3650 6 181
3652 60 1811
3654 5 151
3655 24 725
3656 37 1118
3658 30 907
3659 37 1119
3660 4 121
3662 15 454
3664 60 1817
3665 24 727
3668 60 1819
3669 37 1122
3670 3 91
3672 20 607
3674 30 911
3675 8 243
3678 5 152
3679 37 1125
3680 12 365
3682 37 1126
3684 20 609
3685 24 731
3688 60 1829
3690 2 61
3692 37 1129
3694 15 458
3695 37 1130
3698 30 917
3700 12 367
3704 60 1837
3705 37 1133
3708 37 1134
3710 3 92
3714 10 307
3715 37 1136
3718 37 1137
3720 4 123
3724 60 1847
3728 37 1140
3730 6 185
3734 37 1142
3740 12 371
3744 37 1145
3750 1 31
3753 60 1861
3754 37 1148
3755 30 931
3756 24 745
3757 20 621
3759 15 466
3760 37 1150
3761 12 373
3763 10 311
3764 37 1151
3765 60 1867
3766 8 249
3767 15 467
3769 20 623
3770 37 1153
3771 6 187
3773 60 1871
3775 5 156
3776 24 749
3777 37 1155
3779 30 937
3780 37 1156
3781 4 125
3783 15 469
3785 60 1877
3786 24 751
3789 60 1879
3790 37 1159
3791 3 94
3793 20 627
3795 30 941
3796 8 251
3799 5 157
3800 37 1162
3801 12 377
3803 37 1163
3805 20 629
3806 24 755
3809 60 1889
3811 2 63
3813 37 1166
3815 15 473
3816 37 1167
3819 30 947
3821 12 379
3825 60 1897
3826 37 1170
3829 37 1171
3831 3 95
3835 10 317
3836 37 1173
3839 37 1174
3841 4 127
3845 60 1907
3849 37 1177
3851 6 191
3855 37 1179
3861 12 383
3865 37 1182
3871 1 32
3874 60 1921
3875 37 1185
3876 30 961
3877 24 769
3878 20 641
3880 15 481
3881 37 1187
3882 12 385
3884 10 321
3885 37 1188
3886 60 1927
3887 8 257
3888 15 482
3890 20 643
3891 37 1190
3892 6 193
3894 60 1931
3896 5 161
3897 24 773
3898 37 1192
3900 30 967
3901 37 1193
3902 4 129
3904 15 484
3906 60 1937
3907 24 775
3910 60 1939
3911 37 1196
3912 3 97
3914 20 647
3916 30 971
3917 8 259
3920 5 162
3921 37 1199
3922 12 389
3924 37 1200
3926 20 649
3927 24 779
3930 60 1949
3932 2 65
3934 37 1203
3936 15 488
3937 37 1204
3940 30 977
3942 12 391
3946 60 1957
3947 37 1207
3950 37 1208
3952 3 98
3956 10 327
3957 37 1210
3960 37 1211
3962 4 131
3966 60 1967
3970 37 1214
3972 6 197
3976 37 1216
3982 12 395
3986 37 1219
3992 1 33
3995 60 1981
3996 37 1222
3997 30 991
3998 24 793
3999 20 661
4001 15 496
4002 37 1224
4003 12 397
4005 10 331
4006 37 1225
4007 60 1987
4008 8 265
4009 15 497
4011 20 663
4012 37 1227
4013 6 199
4015 60 1991
4017 5 166
4018 24 797
4019 37 1229
4021 30 997
4022 37 1230
4023 4 133
4025 15 499
4027 60 1997
4028 24 799
4031 60 1999
4032 37 1233
4033 3 100
4035 20 667
4037 30 1001
4038 8 267
4041 5 167
4042 37 1236
4043 12 401
4045 37 1237
4047 20 669
4048 24 803
4051 60 2009
4053 2 67
4055 37 1240
4057 15 503
4058 37 1241
4061 30 1007
4063 12 403
4067 60 2017
4068 37 1244
4071 37 1245
4073 3 101
4077 10 337
4078 37 1247
4081 37 1248
4083 4 135
4087 60 2027
4091 37 1251
4093 6 203
4097 37 1253
4103 12 407
4107 37 1256
4113 1 34
4116 60 2041
4117 37 1259
4118 30 1021
4119 24 817
4120 20 681
4122 15 511
4123 37 1261
4124 12 409
4126 10 341
4127 37 1262
4128 60 2047
4129 8 273
4130 15 512
4132 20 683
4133 37 1264
4134 6 205
4136 60 2051
4138 5 171
4139 24 821
4140 37 1266
4142 30 1027
4143 37 1267
4144 4 137
4146 15 514
4148 60 2057
4149 24 823
4152 60 2059
4153 37 1270
4154 3 103
4156 20 687
4158 30 1031
4159 8 275
4162 5 172
4163 37 1273
4164 12 413
4166 37 1274
4168 20 689
4169 24 827
4172 60 2069
4174 2 69
4176 37 1277
4178 15 518
4179 37 1278
4182 30 1037
4184 12 415
4188 60 2077
4189 37 1281
4192 37 1282
4194 3 104
4198 10 347
4199 37 1284
4202 37 1285
4204 4 139
4208 60 2087
4212 37 1288
4214 6 209
4218 37 1290
4224 12 419
4228 37 1293
4234 1 35
4237 60 2101
4238 37 1296
4239 30 1051
4240 24 841
4241 20 701
4243 15 526
4244 37 1298
4245 12 421
4247 10 351
4248 37 1299
4249 60 2107
4250 8 281
4251 15 527
4253 20 703
4254 37 1301
4255 6 211
4257 60 2111
4259 5 176
4260 24 845
4261 37 1303
4263 30 1057
4264 37 1304
4265 4 141
4267 15 529
4269 60 2117
4270 24 847
4273 60 2119
4274 37 1307
4275 3 106
4277 20 707
4279 30 1061
4280 8 283
4283 5 177
4284 37 1310
4285 12 425
4287 37 1311
4289 20 709
4290 24 851
4293 60 2129
4295 2 71
4297 37 1314
4299 15 533
4300 37 1315
4303 30 1067
4305 12 427
4309 60 2137
4310 37 1318
4313 37 1319
4315 3 107
4319 10 357
4320 37 1321
4323 37 1322
4325 4 143
4329 60 2147
4333 37 1325
4335 6 215
4339 37 1327
4345 12 431
4349 37 1330
4355 1 36
4358 60 2161
4359 37 1333
4360 30 1081
4361 24 865
4362 20 721
4364 15 541
4365 37 1335
4366 12 433
4368 10 361
4369 37 1336
4370 60 2167
4371 8 289
4372 15 542
4374 20 723
4375 37 1338
4376 6 217
4378 60 2171
4380 5 181
4381 24 869
4382 37 1340
4384 30 1087
4385 37 1341
4386 4 145
4388 15 544
4390 60 2177
4391 24 871
4394 60 2179
4395 37 1344
4396 3 109
4398 20 727
4400 30 1091
4401 8 291
4404 5 182
4405 37 1347
4406 12 437
4408 37 1348
4410 20 729
4411 24 875
4414 60 2189
4416 2 73
4418 37 1351
4420 15 548
4421 37 1352
4424 30 1097
4426 12 439
4430 60 2197
4431 37 1355
4434 37 1356
4436 3 110
4440 10 367
4441 37 1358
4444 37 1359
4446 4 147
4450 60 2207
4454 37 1362
4456 6 221
4460 37 1364
4466 12 443
4470 37 1367
4476 1 37
4479 60 2221
4480 37 1370
4481 30 1111
4482 24 889
4483 20 741
4485 15 556
4486 37 1372
4487 12 445
4489 10 371
4490 37 1373
4491 60 2227
4492 8 297
4493 15 557
4495 20 743
4496 37 1375
4497 6 223
4499 60 2231
4501 5 186
4502 24 893
4503 37 1377
4505 30 1117
4506 37 1378
4507 4 149
4509 15 559
4511 60 2237
4512 24 895
4515 60 2239
4516 37 1381
4517 3 112
4519 20 747
4521 30 1121
4522 8 299
4525 5 187
4526 37 1384
4527 12 449
4529 37 1385
4531 20 749
4532 24 899
4535 60 2249
4537 2 75
4539 37 1388
4541 15 563
4542 37 1389
4545 30 1127
4547 12 451
4551 60 2257
4552 37 1392
4555 37 1393
4557 3 113
4561 10 377
4562 37 1395
4565 37 1396
4567 4 151
4571 60 2267
4575 37 1399
4577 6 227
4581 37 1401
4587 12 455
4591 37 1404
4597 1 38
4600 60 2281
4601 37 1407
4602 30 1141
4603 24 913
4604 20 761
4606 15 571
4607 37 1409
4608 12 457
4610 10 381
4611 37 1410
4612 60 2287
4613 8 305
4614 15 572
4616 20 763
4617 37 1412
4618 6 229
4620 60 2291
4622 5 191
4623 24 917
4624 37 1414
4626 30 1147
4627 37 1415
4628 4 153
4630 15 574
4632 60 2297
4633 24 919
4636 60 2299
4637 37 1418
4638 3 115
4640 20 767
4642 30 1151
4643 8 307
4646 5 192
4647 37 1421
4648 12 461
4650 37 1422
4652 20 769
4653 24 923
4656 60 2309
4658 2 77
4660 37 1425
4662 15 578
4663 37 1426
4666 30 1157
4668 12 463
4672 60 2317
4673 37 1429
4676 37 1430
4678 3 116
4682 10 387
4683 37 1432
4686 37 1433
4688 4 155
4692 60 2327
4696 37 1436
4698 6 233
4702 37 1438
4708 12 467
4712 37 1441
4718 1 39
4721 60 2341
4722 37 1444
4723 30 1171
4724 24 937
4725 20 781
4727 15 586
4728 37 1446
4729 12 469
4731 10 391
4732 37 1447
4733 60 2347
4734 8 313
4735 15 587
4737 20 783
4738 37 1449
4739 6 235
4741 60 2351
4743 5 196
4744 24 941
4745 37 1451
4747 30 1177
4748 37 1452
4749 4 157
4751 15 589
4753 60 2357
4754 24 943
4757 60 2359
4758 37 1455
4759 3 118
4761 20 787
4763 30 1181
4764 8 315
4767 5 197
4768 37 1458
4769 12 473
4771 37 1459
4773 20 789
4774 24 947
4777 60 2369
4779 2 79
4781 37 1462
4783 15 593
4784 37 1463
4787 30 1187
4789 12 475
4793 60 2377
4794 37 1466
4797 37 1467
4799 3 119
4803 10 397
4804 37 1469
4807 37 1470
4809 4 159
4813 60 2387
4817 37 1473
4819 6 239
4823 37 1475
4829 12 479
4833 37 1478
4839 1 40
4842 60 2401
4843 37 1481
4844 30 1201
4845 24 961
4846 20 801
4848 15 601
4849 37 1483
4850 12 481
4852 10 401
4853 37 1484
4854 60 2407
4855 8 321
4856 15 602
4858 20 803
4859 37 1486
4860 6 241
4862 60 2411
4864 5 201
4865 24 965
4866 37 1488
4868 30 1207
4869 37 1489
4870 4 161
4872 15 604
4874 60 2417
4875 24 967
4878 60 2419
4879 37 1492
4880 3 121
4882 20 807
4884 30 1211
4885 8 323
4888 5 202
4889 37 1495
4890 12 485
4892 37 1496
4894 20 809
4895 24 971
4898 60 2429
4900 2 81
4902 37 1499
4904 15 608
4905 37 1500
4908 30 1217
4910 12 487
4914 60 2437
4915 37 1503
4918 37 1504
4920 3 122
4924 10 407
4925 37 1506
4928 37 1507
4930 4 163
4934 60 2447
4938 37 1510
4940 6 245
4944 37 1512
4950 12 491
4954 37 1515
4960 1 41
4963 60 2461
4964 37 1518
4965 30 1231
4966 24 985
4967 20 821
4969 15 616
4970 37 1520
4971 12 493
4973 10 411
4974 37 1521
4975 60 2467
4976 8 329
4977 15 617
4979 20 823
4980 37 1523
4981 6 247
4983 60 2471
4985 5 206
4986 24 989
4987 37 1525
4989 30 1237
4990 37 1526
4991 4 165
4993 15 619
4995 60 2477
4996 24 991
4999 60 2479
5000 37 1529
5001 3 124
5003 20 827
5005 30 1241
5006 8 331
5009 5 207
5010 37 1532
5011 12 497
5013 37 1533
5015 20 829
5016 24 995
5019 60 2489
5021 2 83
5023 37 1536
5025 15 623
5026 37 1537
5029 30 1247
5031 12 499
5035 60 2497
5036 37 1540
5039 37 1541
5041 3 125
5045 10 417
5046 37 1543
5049 37 1544
5051 4 167
5055 60 2507
5059 37 1547
5061 6 251
5065 37 1549
5071 12 503
5075 37 1552
5081 1 42
5084 60 2521
5085 37 1555
5086 30 1261
5087 24 1009
5088 20 841
5090 15 631
5091 37 1557
5092 12 505
5094 10 421
5095 37 1558
5096 60 2527
5097 8 337
5098 15 632
5100 20 843
5101 37 1560
5102 6 253
5104 60 2531
5106 5 211
5107 24 1013
5108 37 1562
5110 30 1267
5111 37 1563
5112 4 169
5114 15 634
5116 60 2537
5117 24 1015
5120 60 2539
5121 37 1566
5122 3 127
5124 20 847
5126 30 1271
5127 8 339
5130 5 212
5131 37 1569
5132 12 509
5134 37 1570
5136 20 849
5137 24 1019
5140 60 2549
5142 2 85
5144 37 1573
5146 15 638
5147 37 1574
5150 30 1277
5152 12 511
5156 60 2557
5157 37 1577
5160 37 1578
5162 3 128
5166 10 427
5167 37 1580
5170 37 1581
5172 4 171
5176 60 2567
5180 37 1584
5182 6 257
5186 37 1586
5192 12 515
5196 37 1589
5202 1 43
5205 60 2581
5206 37 1592
5207 30 1291
5208 24 1033
5209 20 861
5211 15 646
5212 37 1594
5213 12 517
5215 10 431
5216 37 1595
5217 60 2587
5218 8 345
5219 15 647
5221 20 863
5222 37 1597
5223 6 259
5225 60 2591
5227 5 216
5228 24 1037
5229 37 1599
5231 30 1297
5232 37 1600
5233 4 173
5235 15 649
5237 60 2597
5238 24 1039
5241 60 2599
5242 37 1603
5243 3 130
5245 20 867
5247 30 1301
5248 8 347
5251 5 217
5252 37 1606
5253 12 521
5255 37 1607
5257 20 869
5258 24 1043
5261 60 2609
5263 2 87
5265 37 1610
5267 15 653
5268 37 1611
5271 30 1307
5273 12 523
5277 60 2617
5278 37 1614
5281 37 1615
5283 3 131
5287 10 437
5288 37 1617
5291 37 1618
5293 4 175
5297 60 2627
5301 37 1621
5303 6 263
5307 37 1623
5313 12 527
5317 37 1626
5323 1 44
5326 60 2641
5327 37 1629
5328 30 1321
5329 24 1057
5330 20 881
5332 15 661
5333 37 1631
5334 12 529
5336 10 441
5337 37 1632
5338 60 2647
5339 8 353
5340 15 662
5342 20 883
5343 37 1634
5344 6 265
5346 60 2651
5348 5 221
5349 24 1061
5350 37 1636
5352 30 1327
5353 37 1637
5354 4 177
5356 15 664
5358 60 2657
5359 24 1063
5362 60 2659
5363 37 1640
5364 3 133
5366 20 887
5368 30 1331
5369 8 355
5372 5 222
5373 37 1643
5374 12 533
5376 37 1644
5378 20 889
5379 24 1067
5382 60 2669
5384 2 89
5386 37 1647
5388 15 668
5389 37 1648
5392 30 1337
5394 12 535
5398 60 2677
5399 37 1651
5402 37 1652
5404 3 134
5408 10 447
5409 37 1654
5412 37 1655
5414 4 179
5418 60 2687
5422 37 1658
5424 6 269
5428 37 1660
5434 12 539
5438 37 1663
5444 1 45
5447 60 2701
5448 37 1666
5449 30 1351
5450 24 1081
5451 20 901
5453 15 676
5454 37 1668
5455 12 541
5457 10 451
5458 37 1669
5459 60 2707
5460 8 361
5461 15 677
5463 20 903
5464 37 1671
5465 6 271
5467 60 2711
5469 5 226
5470 24 1085
5471 37 1673
5473 30 1357
5474 37 1674
5475 4 181
5477 15 679
5479 60 2717
5480 24 1087
5483 60 2719
5484 37 1677
5485 3 136
5487 20 907
5489 30 1361
5490 8 363
5493 5 227
5494 37 1680
5495 12 545
5497 37 1681
5499 20 909
5500 24 1091
5503 60 2729
5505 2 91
5507 37 1684
5509 15 683
5510 37 1685
5513 30 1367
5515 12 547
5519 60 2737
5520 37 1688
5523 37 1689
5525 3 137
5529 10 457
5530 37 1691
5533 37 1692
5535 4 183
5539 60 2747
5543 37 1695
5545 6 275
5549 37 1697
5555 12 551
5559 37 1700
5565 1 46
5568 60 2761
5569 37 1703
5570 30 1381
5571 24 1105
5572 20 921
5574 15 691
5575 37 1705
5576 12 553
5578 10 461
5579 37 1706
5580 60 2767
5581 8 369
5582 15 692
5584 20 923
5585 37 1708
5586 6 277
5588 60 2771
5590 5 231
5591 24 1109
5592 37 1710
5594 30 1387
5595 37 1711
5596 4 185
5598 15 694
5600 60 2777
5601 24 1111
5604 60 2779
5605 37 1714
5606 3 139
5608 20 927
5610 30 1391
5611 8 371
5614 5 232
5615 37 1717
5616 12 557
5618 37 1718
5620 20 929
5621 24 1115
5624 60 2789
5626 2 93
5628 37 1721
5630 15 698
5631 37 1722
5634 30 1397
5636 12 559
5640 60 2797
5641 37 1725
5644 37 1726
5646 3 140
5650 10 467
5651 37 1728
5654 37 1729
5656 4 187
5660 60 2807
5664 37 1732
5666 6 281
5670 37 1734
5676 12 563
5680 37 1737
5686 1 47
5689 60 2821
5690 37 1740
5691 30 1411
5692 24 1129
5693 20 941
5695 15 706
5696 37 1742
5697 12 565
5699 10 471
5700 37 1743
5701 60 2827
5702 8 377
5703 15 707
5705 20 943
5706 37 1745
5707 6 283
5709 60 2831
5711 5 236
5712 24 1133
5713 37 1747
5715 30 1417
5716 37 1748
5717 4 189
5719 15 709
5721 60 2837
5722 24 1135
5725 60 2839
5726 37 1751
5727 3 142
5729 20 947
5731 30 1421
5732 8 379
5735 5 237
5736 37 1754
5737 12 569
5739 37 1755
5741 20 949
5742 24 1139
5745 60 2849
5747 2 95
5749 37 1758
5751 15 713
5752 37 1759
5755 30 1427
5757 12 571
5761 60 2857
5762 37 1762
5765 37 1763
5767 3 143
5771 10 477
5772 37 1765
5775 37 1766
5777 4 191
5781 60 2867
5785 37 1769
5787 6 287
5791 37 1771
5797 12 575
5801 37 1774
5807 1 48
5810 60 2881
5811 37 1777
5812 30 1441
5813 24 1153
5814 20 961
5816 15 721
5817 37 1779
5818 12 577
5820 10 481
5821 37 1780
5822 60 2887
5823 8 385
5824 15 722
5826 20 963
5827 37 1782
5828 6 289
5830 60 2891
5832 5 241
5833 24 1157
5834 37 1784
5836 30 1447
5837 37 1785
5838 4 193
5840 15 724
5842 60 2897
5843 24 1159
5846 60 2899
5847 37 1788
5848 3 145
5850 20 967
5852 30 1451
5853 8 387
5856 5 242
5857 37 1791
5858 12 581
5860 37 1792
5862 20 969
5863 24 1163
5866 60 2909
5868 2 97
5870 37 1795
5872 15 728
5873 37 1796
5876 30 1457
5878 12 583
5882 60 2917
5883 37 1799
5886 37 1800
5888 3 146
5892 10 487
5893 37 1802
5896 37 1803
5898 4 195
5902 60 2927
5906 37 1806
5908 6 293
5912 37 1808
5918 12 587
5922 37 1811
5928 1 49
5931 60 2941
5932 37 1814
5933 30 1471
5934 24 1177
5935 20 981
5937 15 736
5938 37 1816
5939 12 589
5941 10 491
5942 37 1817
5943 60 2947
5944 8 393
5945 15 737
5947 20 983
5948 37 1819
5949 6 295
5951 60 2951
5953 5 246
5954 24 1181
5955 37 1821
5957 30 1477
5958 37 1822
5959 4 197
5961 15 739
5963 60 2957
5964 24 1183
5967 60 2959
5968 37 1825
5969 3 148
5971 20 987
5973 30 1481
5974 8 395
5977 5 247
5978 37 1828
5979 12 593
5981 37 1829
5983 20 989
5984 24 1187
5987 60 2969
5989 2 99
5991 37 1832
5993 15 743
5994 37 1833
5997 30 1487
5999 12 595
6003 60 2977
6004 37 1836
6007 37 1837
6009 3 149
6013 10 497
6014 37 1839
6017 37 1840
6019 4 199
6023 60 2987
6027 37 1843
6029 6 299
6033 37 1845
6039 12 599
6043 37 1848
6049 1 50
6052 60 3001
6053 37 1851
6054 30 1501
6055 24 1201
6056 20 1001
6058 15 751
6059 37 1853
6060 12 601
6062 10 501
6063 37 1854
6064 60 3007
6065 8 401
6066 15 752
6068 20 1003
6069 37 1856
6070 6 301
6072 60 3011
6074 5 251
6075 24 1205
6076 37 1858
6078 30 1507
6079 37 1859
6080 4 201
6082 15 754
6084 60 3017
6085 24 1207
6088 60 3019
6089 37 1862
6090 3 151
6092 20 1007
6094 30 1511
6095 8 403
6098 5 252
6099 37 1865
6100 12 605
6102 37 1866
6104 20 1009
6105 24 1211
6108 60 3029
6110 2 101
6112 37 1869
6114 15 758
6115 37 1870
6118 30 1517
6120 12 607
6124 60 3037
6125 37 1873
6128 37 1874
6130 3 152
6134 10 507
6135 37 1876
6138 37 1877
6140 4 203
6144 60 3047
6148 37 1880
6150 6 305
6154 37 1882
6160 12 611
6164 37 1885
6170 1 51
6173 60 3061
6174 37 1888
6175 30 1531
6176 24 1225
6177 20 1021
6179 15 766
6180 37 1890
6181 12 613
6183 10 511
6184 37 1891
6185 60 3067
6186 8 409
6187 15 767
6189 20 1023
6190 37 1893
6191 6 307
6193 60 3071
6195 5 256
6196 24 1229
6197 37 1895
6199 30 1537
6200 37 1896
6201 4 205
6203 15 769
6205 60 3077
6206 24 1231
6209 60 3079
6210 37 1899
6211 3 154
6213 20 1027
6215 30 1541
6216 8 411
6219 5 257
6220 37 1902
6221 12 617
6223 37 1903
6225 20 1029
6226 24 1235
6229 60 3089
6231 2 103
6233 37 1906
6235 15 773
6236 37 1907
6239 30 1547
6241 12 619
6245 60 3097
6246 37 1910
6249 37 1911
6251 3 155
6255 10 517
6256 37 1913
6259 37 1914
6261 4 207
6265 60 3107
6269 37 1917
6271 6 311
6275 37 1919
6281 12 623
6285 37 1922
6291 1 52
6294 60 3121
6295 37 1925
6296 30 1561
6297 24 1249
6298 20 1041
6300 15 781
6301 37 1927
6302 12 625
6304 10 521
6305 37 1928
6306 60 3127
6307 8 417
6308 15 782
6310 20 1043
6311 37 1930
6312 6 313
6314 60 3131
6316 5 261
6317 24 1253
6318 37 1932
6320 30 1567
6321 37 1933
6322 4 209
6324 15 784
6326 60 3137
6327 24 1255
6330 60 3139
6331 37 1936
6332 3 157
6334 20 1047
6336 30 1571
6337 8 419
6340 5 262
6341 37 1939
6342 12 629
6344 37 1940
6346 20 1049
6347 24 1259
6350 60 3149
6352 2 105
6354 37 1943
6356 15 788
6357 37 1944
6360 30 1577
6362 12 631
6366 60 3157
6367 37 1947
6370 37 1948
6372 3 158
6376 10 527
6377 37 1950
6380 37 1951
6382 4 211
6386 60 3167
6390 37 1954
6392 6 317
6396 37 1956
6402 12 635
6406 37 1959
6412 1 53
6415 60 3181
6416 37 1962
6417 30 1591
6418 24 1273
6419 20 1061
6421 15 796
6422 37 1964
6423 12 637
6425 10 531
6426 37 1965
6427 60 3187
6428 8 425
6429 15 797
6431 20 1063
6432 37 1967
6433 6 319
6435 60 3191
6437 5 266
6438 24 1277
6439 37 1969
6441 30 1597
6442 37 1970
6443 4 213
6445 15 799
6447 60 3197
6448 24 1279
6451 60 3199
6452 37 1973
6453 3 160
6455 20 1067
6457 30 1601
6458 8 427
6461 5 267
6462 37 1976
6463 12 641
6465 37 1977
6467 20 1069
6468 24 1283
6471 60 3209
6473 2 107
6475 37 1980
6477 15 803
6478 37 1981
6481 30 1607
6483 12 643
6487 60 3217
6488 37 1984
6491 37 1985
6493 3 161
6497 10 537
6498 37 1987
6501 37 1988
6503 4 215
6507 60 3227
6511 37 1991
6513 6 323
6517 37 1993
6523 12 647
6527 37 1996
6533 1 54
6536 60 3241
6537 37 1999
6538 30 1621
6539 24 1297
6540 20 1081
6542 15 811
6543 37 2001
6544 12 649
6546 10 541
6547 37 2002
6548 60 3247
6549 8 433
6550 15 812
6552 20 1083
6553 37 2004
6554 6 325
6556 60 3251
6558 5 271
6559 24 1301
6560 37 2006
6562 30 1627
6563 37 2007
6564 4 217
6566 15 814
6568 60 3257
6569 24 1303
6572 60 3259
6573 37 2010
6574 3 163
6576 20 1087
6578 30 1631
6579 8 435
6582 5 272
6583 37 2013
6584 12 653
6586 37 2014
6588 20 1089
6589 24 1307
6592 60 3269
6594 2 109
6596 37 2017
6598 15 818
6599 37 2018
6602 30 1637
6604 12 655
6608 60 3277
6609 37 2021
6612 37 2022
6614 3 164
6618 10 547
6619 37 2024
6622 37 2025
6624 4 219
6628 60 3287
6632 37 2028
6634 6 329
6638 37 2030
6644 12 659
6648 37 2033
6654 1 55
6657 60 3301
6658 37 2036
6659 30 1651
6660 24 1321
6661 20 1101
6663 15 826
6664 37 2038
6665 12 661
6667 10 551
6668 37 2039
6669 60 3307
6670 8 441
6671 15 827
6673 20 1103
6674 37 2041
6675 6 331
6677 60 3311
6679 5 276
6680 24 1325
6681 37 2043
6683 30 1657
6684 37 2044
6685 4 221
6687 15 829
6689 60 3317
6690 24 1327
6693 60 3319
6694 37 2047
6695 3 166
6697 20 1107
6699 30 1661
6700 8 443
6703 5 277
6704 37 2050
6705 12 665
6707 37 2051
6709 20 1109
6710 24 1331
6713 60 3329
6715 2 111
6717 37 2054
6719 15 833
6720 37 2055
6723 30 1667
6725 12 667
6729 60 3337
6730 37 2058
6733 37 2059
6735 3 167
6739 10 557
6740 37 2061
6743 37 2062
6745 4 223
6749 60 3347
6753 37 2065
6755 6 335
6759 37 2067
6765 12 671
6769 37 2070
6775 1 56
6778 60 3361
6779 37 2073
6780 30 1681
6781 24 1345
6782 20 1121
6784 15 841
6785 37 2075
6786 12 673
6788 10 561
6789 37 2076
6790 60 3367
6791 8 449
6792 15 842
6794 20 1123
6795 37 2078
6796 6 337
6798 60 3371
6800 5 281
6801 24 1349
6802 37 2080
6804 30 1687
6805 37 2081
6806 4 225
6808 15 844
6810 60 3377
6811 24 1351
6814 60 3379
6815 37 2084
6816 3 169
6818 20 1127
6820 30 1691
6821 8 451
6824 5 282
6825 37 2087
6826 12 677
6828 37 2088
6830 20 1129
6831 24 1355
6834 60 3389
6836 2 113
6838 37 2091
6840 15 848
6841 37 2092
6844 30 1697
6846 12 679
6850 60 3397
6851 37 2095
6854 37 2096
6856 3 170
6860 10 567
6861 37 2098
6864 37 2099
6866 4 227
6870 60 3407
6874 37 2102
6876 6 341
6880 37 2104
6886 12 683
6890 37 2107
6896 1 57
6899 60 3421
6900 37 2110
6901 30 1711
6902 24 1369
6903 20 1141
6905 15 856
6906 37 2112
6907 12 685
6909 10 571
6910 37 2113
6911 60 3427
6912 8 457
6913 15 857
6915 20 1143
6916 37 2115
6917 6 343
6919 60 3431
6921 5 286
6922 24 1373
6923 37 2117
6925 30 1717
6926 37 2118
6927 4 229
6929 15 859
6931 60 3437
6932 24 1375
6935 60 3439
6936 37 2121
6937 3 172
6939 20 1147
6941 30 1721
6942 8 459
6945 5 287
6946 37 2124
6947 12 689
6949 37 2125
6951 20 1149
6952 24 1379
6955 60 3449
6957 2 115
6959 37 2128
6961 15 863
6962 37 2129
6965 30 1727
6967 12 691
6971 60 3457
6972 37 2132
6975 37 2133
6977 3 173
6981 10 577
6982 37 2135
6985 37 2136
6987 4 231
6991 60 3467
6995 37 2139
6997 6 347
7001 37 2141
7007 12 695
7011 37 2144
7017 1 58
7020 60 3481
7021 37 2147
7022 30 1741
7023 24 1393
7024 20 1161
7026 15 871
7027 37 2149
7028 12 697
7030 10 581
7031 37 2150
7032 60 3487
7033 8 465
7034 15 872
7036 20 1163
7037 37 2152
7038 6 349
7040 60 3491
7042 5 291
7043 24 1397
7044 37 2154
7046 30 1747
7047 37 2155
7048 4 233
7050 15 874
7052 60 3497
7053 24 1399
7056 60 3499
7057 37 2158
7058 3 175
7060 20 1167
7062 30 1751
7063 8 467
7066 5 292
7067 37 2161
7068 12 701
7070 37 2162
7072 20 1169
7073 24 1403
7076 60 3509
7078 2 117
7080 37 2165
7082 15 878
7083 37 2166
7086 30 1757
7088 12 703
7092 60 3517
7093 37 2169
7096 37 2170
7098 3 176
7102 10 587
7103 37 2172
7106 37 2173
7108 4 235
7112 60 3527
7116 37 2176
7118 6 353
7122 37 2178
7128 12 707
7132 37 2181
7138 1 59
7141 60 3541
7142 37 2184
7143 30 1771
7144 24 1417
7145 20 1181
7147 15 886
7148 37 2186
7149 12 709
7151 10 591
7152 37 2187
7153 60 3547
7154 8 473
7155 15 887
7157 20 1183
7158 37 2189
7159 6 355
7161 60 3551
7163 5 296
7164 24 1421
7165 37 2191
7167 30 1777
7168 37 2192
7169 4 237
7171 15 889
7173 60 3557
7174 24 1423
7177 60 3559
7178 37 2195
7179 3 178
7181 20 1187
7183 30 1781
7184 8 475
7187 5 297
7188 37 2198
7189 12 713
7191 37 2199
7193 20 1189
7194 24 1427
7197 60 3569
7199 2 119
7201 37 2202
7203 15 893
7204 37 2203
7207 30 1787
7209 12 715
7213 60 3577
7214 37 2206
7217 37 2207
7219 3 179
7223 10 597
7224 37 2209
7227 37 2210
7229 4 239
7233 60 3587
7237 37 2213
7239 6 359
7243 37 2215
7249 12 719
7253 37 2218
7259 1 60
7262 60 3601
7263 37 2221
7264 30 1801
7265 24 1441
7266 20 1201
7268 15 901
7269 37 2223
7270 12 721
7272 10 601
7273 37 2224
7274 60 3607
7275 8 481
7276 15 902
7278 20 1203
7279 37 2226
7280 6 361
7282 60 3611
7284 5 301
7285 24 1445
7286 37 2228
7288 30 1807
7289 37 2229
7290 4 241
7292 15 904
7294 60 3617
7295 24 1447
7298 60 3619
7299 37 2232
7300 3 181
7302 20 1207
7304 30 1811
7305 8 483
7308 5 302
7309 37 2235
7310 12 725
7312 37 2236
7314 20 1209
7315 24 1451
7318 60 3629
7320 2 121
7322 37 2239
7324 15 908
7325 37 2240
7328 30 1817
7330 12 727
7334 60 3637
7335 37 2243
7338 37 2244
7340 3 182
7344 10 607
7345 37 2246
7348 37 2247
7350 4 243
7354 60 3647
7358 37 2250
7360 6 365
7364 37 2252
7370 12 731
7374 37 2255
7380 1 61
7383 60 3661
7384 37 2258
7385 30 1831
7386 24 1465
7387 20 1221
7389 15 916
7390 37 2260
7391 12 733
7393 10 611
7394 37 2261
7395 60 3667
7396 8 489
7397 15 917
7399 20 1223
7400 37 2263
7401 6 367
7403 60 3671
7405 5 306
7406 24 1469
7407 37 2265
7409 30 1837
7410 37 2266
7411 4 245
7413 15 919
7415 60 3677
7416 24 1471
7419 60 3679
7420 37 2269
7421 3 184
7423 20 1227
7425 30 1841
7426 8 491
7429 5 307
7430 37 2272
7431 12 737
7433 37 2273
7435 20 1229
7436 24 1475
7439 60 3689
7441 2 123
7443 37 2276
7445 15 923
7446 37 2277
7449 30 1847
7451 12 739
7455 60 3697
7456 37 2280
7459 37 2281
7461 3 185
7465 10 617
7466 37 2283
7469 37 2284
7471 4 247
7475 60 3707
7479 37 2287
7481 6 371
7485 37 2289
7491 12 743
7495 37 2292
7501 1 62
7504 60 3721
7505 37 2295
7506 30 1861
7507 24 1489
7508 20 1241
7510 15 931
7511 37 2297
7512 12 745
7514 10 621
7515 37 2298
7516 60 3727
7517 8 497
7518 15 932
7520 20 1243
7521 37 2300
7522 6 373
7524 60 3731
7526 5 311
7527 24 1493
7528 37 2302
7530 30 1867
7531 37 2303
7532 4 249
7534 15 934
7536 60 3737
7537 24 1495
7540 60 3739
7541 37 2306
7542 3 187
7544 20 1247
7546 30 1871
7547 8 499
7550 5 312
7551 37 2309
7552 12 749
7554 37 2310
7556 20 1249
7557 24 1499
7560 60 3749
7562 2 125
7564 37 2313
7566 15 938
7567 37 2314
7570 30 1877
7572 12 751
7576 60 3757
7577 37 2317
7580 37 2318
7582 3 188
7586 10 627
7587 37 2320
7590 37 2321
7592 4 251
7596 60 3767
7600 37 2324
7602 6 377
7606 37 2326
7612 12 755
7616 37 2329
7622 1 63
7625 60 3781
7626 37 2332
7627 30 1891
7628 24 1513
7629 20 1261
7631 15 946
7632 37 2334
7633 12 757
7635 10 631
7636 37 2335
7637 60 3787
7638 8 505
7639 15 947
7641 20 1263
7642 37 2337
7643 6 379
7645 60 3791
7647 5 316
7648 24 1517
7649 37 2339
7651 30 1897
7652 37 2340
7653 4 253
7655 15 949
7657 60 3797
7658 24 1519
7661 60 3799
7662 37 2343
7663 3 190
7665 20 1267
7667 30 1901
7668 8 507
7671 5 317
7672 37 2346
7673 12 761
7675 37 2347
7677 20 1269
7678 24 1523
7681 60 3809
7683 2 127
7685 37 2350
7687 15 953
7688 37 2351
7691 30 1907
7693 12 763
7697 60 3817
7698 37 2354
7701 37 2355
7703 3 191
7707 10 637
7708 37 2357
7711 37 2358
7713 4 255
7717 60 3827
7721 37 2361
7723 6 383
7727 37 2363
7733 12 767
7737 37 2366
7743 1 64
7746 60 3841
7747 37 2369
7748 30 1921
7749 24 1537
7750 20 1281
7752 15 961
7753 37 2371
7754 12 769
7756 10 641
7757 37 2372
7758 60 3847
7759 8 513
7760 15 962
7762 20 1283
7763 37 2374
7764 6 385
7766 60 3851
7768 5 321
7769 24 1541
7770 37 2376
7772 30 1927
7773 37 2377
7774 4 257
7776 15 964
7778 60 3857
7779 24 1543
7782 60 3859
7783 37 2380
7784 3 193
7786 20 1287
7788 30 1931
7789 8 515
7792 5 322
7793 37 2383
7794 12 773
7796 37 2384
7798 20 1289
7799 24 1547
7802 60 3869
7804 2 129
7806 37 2387
7808 15 968
7809 37 2388
7812 30 1937
7814 12 775
7818 60 3877
7819 37 2391
7822 37 2392
7824 3 194
7828 10 647
7829 37 2394
7832 37 2395
7834 4 259
7838 60 3887
7842 37 2398
7844 6 389
7848 37 2400
7854 12 779
7858 37 2403
7864 1 65
7867 60 3901
7868 37 2406
7869 30 1951
7870 24 1561
7871 20 1301
7873 15 976
7874 37 2408
7875 12 781
7877 10 651
7878 37 2409
7879 60 3907
7880 8 521
7881 15 977
7883 20 1303
7884 37 2411
7885 6 391
7887 60 3911
7889 5 326
7890 24 1565
7891 37 2413
7893 30 1957
7894 37 2414
7895 4 261
7897 15 979
7899 60 3917
7900 24 1567
7903 60 3919
7904 37 2417
7905 3 196
7907 20 1307
7909 30 1961
7910 8 523
7913 5 327
7914 37 2420
7915 12 785
7917 37 2421
7919 20 1309
7920 24 1571
7923 60 3929
7925 2 131
7927 37 2424
7929 15 983
7930 37 2425
7933 30 1967
7935 12 787
7939 60 3937
7940 37 2428
7943 37 2429
7945 3 197
7949 10 657
7950 37 2431
7953 37 2432
7955 4 263
7959 60 3947
7963 37 2435
7965 6 395
7969 37 2437
7975 12 791
7979 37 2440
7985 1 66
7988 60 3961
7989 37 2443
7990 30 1981
7991 24 1585
7992 20 1321
7994 15 991
7995 37 2445
7996 12 793
7998 10 661
7999 37 2446
8000 60 3967
8001 8 529
8002 15 992
8004 20 1323
8005 37 2448
8006 6 397
8008 60 3971
8010 5 331
8011 24 1589
8012 37 2450
8014 30 1987
8015 37 2451
8016 4 265
8018 15 994
8020 60 3977
8021 24 1591
8024 60 3979
8025 37 2454
8026 3 199
8028 20 1327
8030 30 1991
8031 8 531
8034 5 332
8035 37 2457
8036 12 797
8038 37 2458
8040 20 1329
8041 24 1595
8044 60 3989
8046 2 133
8048 37 2461
8050 15 998
8051 37 2462
8054 30 1997
8056 12 799
8060 60 3997
8061 37 2465
8064 37 2466
8066 3 200
8070 10 667
8071 37 2468
8074 37 2469
8076 4 267
8080 60 4007
8084 37 2472
8086 6 401
8090 37 2474
8096 12 803
8100 37 2477
8106 1 67
8109 60 4021
8110 37 2480
8111 30 2011
8112 24 1609
8113 20 1341
8115 15 1006
8116 37 2482
8117 12 805
8119 10 671
8120 37 2483
8121 60 4027
8122 8 537
8123 15 1007
8125 20 1343
8126 37 2485
8127 6 403
8129 60 4031
8131 5 336
8132 24 1613
8133 37 2487
8135 30 2017
8136 37 2488
8137 4 269
8139 15 1009
8141 60 4037
8142 24 1615
8145 60 4039
8146 37 2491
8147 3 202
8149 20 1347
8151 30 2021
8152 8 539
8155 5 337
8156 37 2494
8157 12 809
8159 37 2495
8161 20 1349
8162 24 1619
8165 60 4049
8167 2 135
8169 37 2498
8171 15 1013
8172 37 2499
8175 30 2027
8177 12 811
8181 60 4057
8182 37 2502
8185 37 2503
8187 3 203
8191 10 677
8192 37 2505
8195 37 2506
8197 4 271
8201 60 4067
8205 37 2509
8207 6 407
8211 37 2511
8217 12 815
8221 37 2514
8227 1 68
8230 60 4081
8231 37 2517
8232 30 2041
8233 24 1633
8234 20 1361
8236 15 1021
8237 37 2519
8238 12 817
8240 10 681
8241 37 2520
8242 60 4087
8243 8 545
8244 15 1022
8246 20 1363
8247 37 2522
8248 6 409
8250 60 4091
8252 5 341
8253 24 1637
8254 37 2524
8256 30 2047
8257 37 2525
8258 4 273
8260 15 1024
8262 60 4097
8263 24 1639
8266 60 4099
8267 37 2528
8268 3 205
8270 20 1367
8272 30 2051
8273 8 547
8276 5 342
8277 37 2531
8278 12 821
8280 37 2532
8282 20 1369
8283 24 1643
8286 60 4109
8288 2 137
8290 37 2535
8292 15 1028
8293 37 2536
8296 30 2057
8298 12 823
8302 60 4117
8303 37 2539
8306 37 2540
8308 3 206
8312 10 687
8313 37 2542
8316 37 2543
8318 4 275
8322 60 4127
8326 37 2546
8328 6 413
8332 37 2548
8338 12 827
8342 37 2551
8348 1 69
8351 60 4141
8352 37 2554
8353 30 2071
8354 24 1657
8355 20 1381
8357 15 1036
8358 37 2556
8359 12 829
8361 10 691
8362 37 2557
8363 60 4147
8364 8 553
8365 15 1037
8367 20 1383
8368 37 2559
8369 6 415
8371 60 4151
8373 5 346
8374 24 1661
8375 37 2561
8377 30 2077
8378 37 2562
8379 4 277
8381 15 1039
8383 60 4157
8384 24 1663
8387 60 4159
8388 37 2565
8389 3 208
8391 20 1387
8393 30 2081
8394 8 555
8397 5 347
8398 37 2568
8399 12 833
8401 37 2569
8403 20 1389
8404 24 1667
8407 60 4169
8409 2 139
8411 37 2572
8413 15 1043
8414 37 2573
8417 30 2087
8419 12 835
8423 60 4177
8424 37 2576
8427 37 2577
8429 3 209
8433 10 697
8434 37 2579
8437 37 2580
8439 4 279
8443 60 4187
8447 37 2583
8449 6 419
8453 37 2585
8459 12 839
8463 37 2588
8469 1 70
8472 60 4201
8473 37 2591
8474 30 2101
8475 24 1681
8476 20 1401
8478 15 1051
8479 37 2593
8480 12 841
8482 10 701
8483 37 2594
8484 60 4207
8485 8 561
8486 15 1052
8488 20 1403
8489 37 2596
8490 6 421
8492 60 4211
8494 5 351
8495 24 1685
8496 37 2598
8498 30 2107
8499 37 2599
8500 4 281
8502 15 1054
8504 60 4217
8505 24 1687
8508 60 4219
8509 37 2602
8510 3 211
8512 20 1407
8514 30 2111
8515 8 563
8518 5 352
8519 37 2605
8520 12 845
8522 37 2606
8524 20 1409
8525 24 1691
8528 60 4229
8530 2 141
8532 37 2609
8534 15 1058
8535 37 2610
8538 30 2117
8540 12 847
8544 60 4237
8545 37 2613
8548 37 2614
8550 3 212
8554 10 707
8555 37 2616
8558 37 2617
8560 4 283
8564 60 4247
8568 37 2620
8570 6 425
8574 37 2622
8580 12 851
8584 37 2625
8590 1 71
8593 60 4261
8594 37 2628
8595 30 2131
8596 24 1705
8597 20 1421
8599 15 1066
8600 37 2630
8601 12 853
8603 10 711
8604 37 2631
8605 60 4267
8606 8 569
8607 15 1067
8609 20 1423
8610 37 2633
8611 6 427
8613 60 4271
8615 5 356
8616 24 1709
8617 37 2635
8619 30 2137
8620 37 2636
8621 4 285
8623 15 1069
8625 60 4277
8626 24 1711
8629 60 4279
8630 37 2639
8631 3 214
8633 20 1427
8635 30 2141
8636 8 571
8639 5 357
8640 37 2642
8641 12 857
8643 37 2643
8645 20 1429
8646 24 1715
8649 60 4289
8651 2 143
8653 37 2646
8655 15 1073
8656 37 2647
8659 30 2147
8661 12 859
8665 60 4297
8666 37 2650
8669 37 2651
8671 3 215
8675 10 717
8676 37 2653
8679 37 2654
8681 4 287
8685 60 4307
8689 37 2657
8691 6 431
8695 37 2659
8701 12 863
8705 37 2662
8711 1 72
8714 60 4321
8715 37 2665
8716 30 2161
8717 24 1729
8718 20 1441
8720 15 1081
8721 37 2667
8722 12 865
8724 10 721
8725 37 2668
8726 60 4327
8727 8 577
8728 15 1082
8730 20 1443
8731 37 2670
8732 6 433
8734 60 4331
8736 5 361
8737 24 1733
8738 37 2672
8740 30 2167
8741 37 2673
8742 4 289
8744 15 1084
8746 60 4337
8747 24 1735
8750 60 4339
8751 37 2676
8752 3 217
8754 20 1447
8756 30 2171
8757 8 579
8760 5 362
8761 37 2679
8762 12 869
8764 37 2680
8766 20 1449
8767 24 1739
8770 60 4349
8772 2 145
8774 37 2683
8776 15 1088
8777 37 2684
8780 30 2177
8782 12 871
8786 60 4357
8787 37 2687
8790 37 2688
8792 3 218
8796 10 727
8797 37 2690
8800 37 2691
8802 4 291
8806 60 4367
8810 37 2694
8812 6 437
8816 37 2696
8822 12 875
8826 37 2699
8832 1 73
8835 60 4381
8836 37 2702
8837 30 2191
8838 24 1753
8839 20 1461
8841 15 1096
8842 37 2704
8843 12 877
8845 10 731
8846 37 2705
8847 60 4387
8848 8 585
8849 15 1097
8851 20 1463
8852 37 2707
8853 6 439
8855 60 4391
8857 5 366
8858 24 1757
8859 37 2709
8861 30 2197
8862 37 2710
8863 4 293
8865 15 1099
8867 60 4397
8868 24 1759
8871 60 4399
8872 37 2713
8873 3 220
8875 20 1467
8877 30 2201
8878 8 587
8881 5 367
8882 37 2716
8883 12 881
8885 37 2717
8887 20 1469
8888 24 1763
8891 60 4409
8893 2 147
8895 37 2720
8897 15 1103
8898 37 2721
8901 30 2207
8903 12 883
8907 60 4417
8908 37 2724
8911 37 2725
8913 3 221
8917 10 737
8918 37 2727
8921 37 2728
8923 4 295
8927 60 4427
8931 37 2731
8933 6 443
8937 37 2733
8943 12 887
8947 37 2736
8953 1 74
8956 60 4441
8957 37 2739
8958 30 2221
8959 24 1777
8960 20 1481
8962 15 1111
8963 37 2741
8964 12 889
8966 10 741
8967 37 2742
8968 60 4447
8969 8 593
8970 15 1112
8972 20 1483
8973 37 2744
8974 6 445
8976 60 4451
8978 5 371
8979 24 1781
8980 37 2746
8982 30 2227
8983 37 2747
8984 4 297
8986 15 1114
8988 60 4457
8989 24 1783
8992 60 4459
8993 37 2750
8994 3 223
8996 20 1487
8998 30 2231
8999 8 595
9002 5 372
9003 37 2753
9004 12 893
9006 37 2754
9008 20 1489
9009 24 1787
9012 60 4469
9014 2 149
9016 37 2757
9018 15 1118
9019 37 2758
9022 30 2237
9024 12 895
9028 60 4477
9029 37 2761
9032 37 2762
9034 3 224
9038 10 747
9039 37 2764
9042 37 2765
9044 4 299
9048 60 4487
9052 37 2768
9054 6 449
9058 37 2770
9064 12 899
9068 37 2773
9074 1 75
9077 60 4501
9078 37 2776
9079 30 2251
9080 24 1801
9081 20 1501
9083 15 1126
9084 37 2778
9085 12 901
9087 10 751
9088 37 2779
9089 60 4507
9090 8 601
9091 15 1127
9093 20 1503
9094 37 2781
9095 6 451
9097 60 4511
9099 5 376
9100 24 1805
9101 37 2783
9103 30 2257
9104 37 2784
9105 4 301
9107 15 1129
9109 60 4517
9110 24 1807
9113 60 4519
9114 37 2787
9115 3 226
9117 20 1507
9119 30 2261
9120 8 603
9123 5 377
9124 37 2790
9125 12 905
9127 37 2791
9129 20 1509
9130 24 1811
9133 60 4529
9135 2 151
9137 37 2794
9139 15 1133
9140 37 2795
9143 30 2267
9145 12 907
9149 60 4537
9150 37 2798
9153 37 2799
9155 3 227
9159 10 757
9160 37 2801
9163 37 2802
9165 4 303
9169 60 4547
9173 37 2805
9175 6 455
9179 37 2807
9185 12 911
9189 37 2810
9195 1 76
9198 60 4561
9199 37 2813
9200 30 2281
9201 24 1825
9202 20 1521
9204 15 1141
9205 37 2815
9206 12 913
9208 10 761
9209 37 2816
9210 60 4567
9211 8 609
9212 15 1142
9214 20 1523
9215 37 2818
9216 6 457
9218 60 4571
9220 5 381
9221 24 1829
9222 37 2820
9224 30 2287
9225 37 2821
9226 4 305
9228 15 1144
9230 60 4577
9231 24 1831
9234 60 4579
9235 37 2824
9236 3 229
9238 20 1527
9240 30 2291
9241 8 611
9244 5 382
9245 37 2827
9246 12 917
9248 37 2828
9250 20 1529
9251 24 1835
9254 60 4589
9256 2 153
9258 37 2831
9260 15 1148
9261 37 2832
9264 30 2297
9266 12 919
9270 60 4597
9271 37 2835
9274 37 2836
9276 3 230
9280 10 767
9281 37 2838
9284 37 2839
9286 4 307
9290 60 4607
9294 37 2842
9296 6 461
9300 37 2844
9306 12 923
9310 37 2847
9316 1 77
9319 60 4621
9320 37 2850
9321 30 2311
9322 24 1849
9323 20 1541
9325 15 1156
9326 37 2852
9327 12 925
9329 10 771
9330 37 2853
9331 60 4627
9332 8 617
9333 15 1157
9335 20 1543
9336 37 2855
9337 6 463
9339 60 4631
9341 5 386
9342 24 1853
9343 37 2857
9345 30 2317
9346 37 2858
9347 4 309
9349 15 1159
9351 60 4637
9352 24 1855
9355 60 4639
9356 37 2861
9357 3 232
9359 20 1547
9361 30 2321
9362 8 619
9365 5 387
9366 37 2864
9367 12 929
9369 37 2865
9371 20 1549
9372 24 1859
9375 60 4649
9377 2 155
9379 37 2868
9381 15 1163
9382 37 2869
9385 30 2327
9387 12 931
9391 60 4657
9392 37 2872
9395 37 2873
9397 3 233
9401 10 777
9402 37 2875
9405 37 2876
9407 4 311
9411 60 4667
9415 37 2879
9417 6 467
9421 37 2881
9427 12 935
9431 37 2884
9437 1 78
9440 60 4681
9441 37 2887
9442 30 2341
9443 24 1873
9444 20 1561
9446 15 1171
9447 37 2889
9448 12 937
9450 10 781
9451 37 2890
9452 60 4687
9453 8 625
9454 15 1172
9456 20 1563
9457 37 2892
9458 6 469
9460 60 4691
9462 5 391
9463 24 1877
9464 37 2894
9466 30 2347
9467 37 2895
9468 4 313
9470 15 1174
9472 60 4697
9473 24 1879
9476 60 4699
9477 37 2898
9478 3 235
9480 20 1567
9482 30 2351
9483 8 627
9486 5 392
9487 37 2901
9488 12 941
9490 37 2902
9492 20 1569
9493 24 1883
9496 60 4709
9498 2 157
9500 37 2905
9502 15 1178
9503 37 2906
9506 30 2357
9508 12 943
9512 60 4717
9513 37 2909
9516 37 2910
9518 3 236
9522 10 787
9523 37 2912
9526 37 2913
9528 4 315
9532 60 4727
9536 37 2916
9538 6 473
9542 37 2918
9548 12 947
9552 37 2921
9558 1 79
9561 60 4741
9562 37 2924
9563 30 2371
9564 24 1897
9565 20 1581
9567 15 1186
9568 37 2926
9569 12 949
9571 10 791
9572 37 2927
9573 60 4747
9574 8 633
9575 15 1187
9577 20 1583
9578 37 2929
9579 6 475
9581 60 4751
9583 5 396
9584 24 1901
9585 37 2931
9587 30 2377
9588 37 2932
9589 4 317
9591 15 1189
9593 60 4757
9594 24 1903
9597 60 4759
9598 37 2935
9599 3 238
9601 20 1587
9603 30 2381
9604 8 635
9607 5 397
9608 37 2938
9609 12 953
9611 37 2939
9613 20 1589
9614 24 1907
9617 60 4769
9619 2 159
9621 37 2942
9623 15 1193
9624 37 2943
9627 30 2387
9629 12 955
9633 60 4777
9634 37 2946
9637 37 2947
9639 3 239
9643 10 797
9644 37 2949
9647 37 2950
9649 4 319
9653 60 4787
9657 37 2953
9659 6 479
9663 37 2955
9669 12 959
9673 37 2958
9679 1 80
9682 60 4801
9683 37 2961
9684 30 2401
9685 24 1921
9686 20 1601
9688 15 1201
9689 37 2963
9690 12 961
9692 10 801
9693 37 2964
9694 60 4807
9695 8 641
9696 15 1202
9698 20 1603
9699 37 2966
9700 6 481
9702 60 4811
9704 5 401
9705 24 1925
9706 37 2968
9708 30 2407
9709 37 2969
9710 4 321
9712 15 1204
9714 60 4817
9715 24 1927
9718 60 4819
9719 37 2972
9720 3 241
9722 20 1607
9724 30 2411
9725 8 643
9728 5 402
9729 37 2975
9730 12 965
9732 37 2976
9734 20 1609
9735 24 1931
9738 60 4829
9740 2 161
9742 37 2979
9744 15 1208
9745 37 2980
9748 30 2417
9750 12 967
9754 60 4837
9755 37 2983
9758 37 2984
9760 3 242
9764 10 807
9765 37 2986
9768 37 2987
9770 4 323
9774 60 4847
9778 37 2990
9780 6 485
9784 37 2992
9790 12 971
9794 37 2995
9800 1 81
9803 60 4861
9804 37 2998
9805 30 2431
9806 24 1945
9807 20 1621
9809 15 1216
9810 37 3000
9811 12 973
9813 10 811
9814 37 3001
9815 60 4867
9816 8 649
9817 15 1217
9819 20 1623
9820 37 3003
9821 6 487
9823 60 4871
9825 5 406
9826 24 1949
9827 37 3005
9829 30 2437
9830 37 3006
9831 4 325
9833 15 1219
9835 60 4877
9836 24 1951
9839 60 4879
9840 37 3009
9841 3 244
9843 20 1627
9845 30 2441
9846 8 651
9849 5 407
9850 37 3012
9851 12 977
9853 37 3013
9855 20 1629
9856 24 1955
9859 60 4889
9861 2 163
9863 37 3016
9865 15 1223
9866 37 3017
9869 30 2447
9871 12 979
9875 60 4897
9876 37 3020
9879 37 3021
9881 3 245
9885 10 817
9886 37 3023
9889 37 3024
9891 4 327
9895 60 4907
9899 37 3027
9901 6 491
9905 37 3029
9911 12 983
9915 37 3032
9921 1 82
9924 60 4921
9925 37 3035
9926 30 2461
9927 24 1969
9928 20 1641
9930 15 1231
9931 37 3037
9932 12 985
9934 10 821
9935 37 3038
9936 60 4927
9937 8 657
9938 15 1232
9940 20 1643
9941 37 3040
9942 6 493
9944 60 4931
9946 5 411
9947 24 1973
9948 37 3042
9950 30 2467
9951 37 3043
9952 4 329
9954 15 1234
9956 60 4937
9957 24 1975
9960 60 4939
9961 37 3046
9962 3 247
9964 20 1647
9966 30 2471
9967 8 659
9970 5 412
9971 37 3049
9972 12 989
9974 37 3050
9976 20 1649
9977 24 1979
9980 60 4949
9982 2 165
9984 37 3053
9986 15 1238
9987 37 3054
9990 30 2477
9992 12 991
9996 60 4957
9997 37 3057
10000 37 3058
10002 3 248
10006 10 827
10007 37 3060
10010 37 3061
10012 4 331
10016 60 4967
10020 37 3064
10022 6 497
10026 37 3066
10032 12 995
10036 37 3069
10042 1 83
10045 60 4981
10046 37 3072
10047 30 2491
10048 24 1993
10049 20 1661
10051 15 1246
10052 37 3074
10053 12 997
10055 10 831
10056 37 3075
10057 60 4987
10058 8 665
10059 15 1247
10061 20 1663
10062 37 3077
10063 6 499
10065 60 4991
10067 5 416
10068 24 1997
10069 37 3079
10071 30 2497
10072 37 3080
10073 4 333
10075 15 1249
10077 60 4997
10078 24 1999
10081 60 4999
10082 37 3083
10083 3 250
10085 20 1667
10087 30 2501
10088 8 667
10091 5 417
10092 37 3086
10093 12 1001
10095 37 3087
10097 20 1669
10098 24 2003
10101 60 5009
10103 2 167
10105 37 3090
10107 15 1253
10108 37 3091
10111 30 2507
10113 12 1003
10117 60 5017
10118 37 3094
10121 37 3095
10123 3 251
10127 10 837
10128 37 3097
10131 37 3098
10133 4 335
10137 60 5027
10141 37 3101
10143 6 503
10147 37 3103
10153 12 1007
10157 37 3106
10163 1 84
10166 60 5041
10167 37 3109
10168 30 2521
10169 24 2017
10170 20 1681
10172 15 1261
10173 37 3111
10174 12 1009
10176 10 841
10177 37 3112
10178 60 5047
10179 8 673
10180 15 1262
10182 20 1683
10183 37 3114
10184 6 505
10186 60 5051
10188 5 421
10189 24 2021
10190 37 3116
10192 30 2527
10193 37 3117
10194 4 337
10196 15 1264
10198 60 5057
10199 24 2023
10202 60 5059
10203 37 3120
10204 3 253
10206 20 1687
10208 30 2531
10209 8 675
10212 5 422
10213 37 3123
10214 12 1013
10216 37 3124
10218 20 1689
10219 24 2027
10222 60 5069
10224 2 169
10226 37 3127
10228 15 1268
10229 37 3128
10232 30 2537
10234 12 1015
10238 60 5077
10239 37 3131
10242 37 3132
10244 3 254
10248 10 847
10249 37 3134
10252 37 3135
10254 4 339
10258 60 5087
10262 37 3138
10264 6 509
10268 37 3140
10274 12 1019
10278 37 3143
10284 1 85
10287 60 5101
10288 37 3146
10289 30 2551
10290 24 2041
10291 20 1701
10293 15 1276
10294 37 3148
10295 12 1021
10297 10 851
10298 37 3149
10299 60 5107
10300 8 681
10301 15 1277
10303 20 1703
10304 37 3151
10305 6 511
10307 60 5111
10309 5 426
10310 24 2045
10311 37 3153
10313 30 2557
10314 37 3154
10315 4 341
10317 15 1279
10319 60 5117
10320 24 2047
10323 60 5119
10324 37 3157
10325 3 256
10327 20 1707
10329 30 2561
10330 8 683
10333 5 427
10334 37 3160
10335 12 1025
10337 37 3161
10339 20 1709
10340 24 2051
10343 60 5129
10345 2 171
10347 37 3164
10349 15 1283
10350 37 3165
10353 30 2567
10355 12 1027
10359 60 5137
10360 37 3168
10363 37 3169
10365 3 257
10369 10 857
10370 37 3171
10373 37 3172
10375 4 343
10379 60 5147
10383 37 3175
10385 6 515
10389 37 3177
10395 12 1031
10399 37 3180
10405 1 86
10408 60 5161
10409 37 3183
10410 30 2581
10411 24 2065
10412 20 1721
10414 15 1291
10415 37 3185
10416 12 1033
10418 10 861
10419 37 3186
10420 60 5167
10421 8 689
10422 15 1292
10424 20 1723
10425 37 3188
10426 6 517
10428 60 5171
10430 5 431
10431 24 2069
10432 37 3190
10434 30 2587
10435 37 3191
10436 4 345
10438 15 1294
10440 60 5177
10441 24 2071
10444 60 5179
10445 37 3194
10446 3 259
10448 20 1727
10450 30 2591
10451 8 691
10454 5 432
10455 37 3197
10456 12 1037
10458 37 3198
10460 20 1729
10461 24 2075
10464 60 5189
10466 2 173
10468 37 3201
10470 15 1298
10471 37 3202
10474 30 2597
10476 12 1039
10480 60 5197
10481 37 3205
10484 37 3206
10486 3 260
10490 10 867
10491 37 3208
10494 37 3209
10496 4 347
10500 60 5207
10504 37 3212
10506 6 521
10510 37 3214
10516 12 1043
10520 37 3217
10526 1 87
10529 60 5221
10530 37 3220
10531 30 2611
10532 24 2089
10533 20 1741
10535 15 1306
10536 37 3222
10537 12 1045
10539 10 871
10540 37 3223
10541 60 5227
10542 8 697
10543 15 1307
10545 20 1743
10546 37 3225
10547 6 523
10549 60 5231
10551 5 436
10552 24 2093
10553 37 3227
10555 30 2617
10556 37 3228
10557 4 349
10559 15 1309
10561 60 5237
10562 24 2095
10565 60 5239
10566 37 3231
10567 3 262
10569 20 1747
10571 30 2621
10572 8 699
10575 5 437
10576 37 3234
10577 12 1049
10579 37 3235
10581 20 1749
10582 24 2099
10585 60 5249
10587 2 175
10589 37 3238
10591 15 1313
10592 37 3239
10595 30 2627
10597 12 1051
10601 60 5257
10602 37 3242
10605 37 3243
10607 3 263
10611 10 877
10612 37 3245
10615 37 3246
10617 4 351
10621 60 5267
10625 37 3249
10627 6 527
10631 37 3251
10637 12 1055
10641 37 3254
10647 1 88
10650 60 5281
10651 37 3257
10652 30 2641
10653 24 2113
10654 20 1761
10656 15 1321
10657 37 3259
10658 12 1057
10660 10 881
10661 37 3260
10662 60 5287
10663 8 705
10664 15 1322
10666 20 1763
10667 37 3262
10668 6 529
10670 60 5291
10672 5 441
10673 24 2117
10674 37 3264
10676 30 2647
10677 37 3265
10678 4 353
10680 15 1324
10682 60 5297
10683 24 2119
10686 60 5299
10687 37 3268
10688 3 265
10690 20 1767
10692 30 2651
10693 8 707
10696 5 442
10697 37 3271
10698 12 1061
10700 37 3272
10702 20 1769
10703 24 2123
10706 60 5309
10708 2 177
10710 37 3275
10712 15 1328
10713 37 3276
10716 30 2657
10718 12 1063
10722 60 5317
10723 37 3279
10726 37 3280
10728 3 266
10732 10 887
10733 37 3282
10736 37 3283
10738 4 355
10742 60 5327
10746 37 3286
10748 6 533
10752 37 3288
10758 12 1067
10762 37 3291
10768 1 89
10771 60 5341
10772 37 3294
10773 30 2671
10774 24 2137
10775 20 1781
10777 15 1336
10778 37 3296
10779 12 1069
10781 10 891
10782 37 3297
10783 60 5347
10784 8 713
10785 15 1337
10787 20 1783
10788 37 3299
10789 6 535
10791 60 5351
10793 5 446
10794 24 2141
10795 37 3301
10797 30 2677
10798 37 3302
10799 4 357
10801 15 1339
10803 60 5357
10804 24 2143
10807 60 5359
10808 37 3305
10809 3 268
10811 20 1787
10813 30 2681
10814 8 715
10817 5 447
10818 37 3308
10819 12 1073
10821 37 3309
10823 20 1789
10824 24 2147
10827 60 5369
10829 2 179
10831 37 3312
10833 15 1343
10834 37 3313
10837 30 2687
10839 12 1075
10843 60 5377
10844 37 3316
10847 37 3317
10849 3 269
10853 10 897
10854 37 3319
10857 37 3320
10859 4 359
10863 60 5387
10867 37 3323
10869 6 539
10873 37 3325
10879 12 1079
10883 37 3328
10889 1 90
10892 60 5401
10893 37 3331
10894 30 2701
10895 24 2161
10896 20 1801
10898 15 1351
10899 37 3333
10900 12 1081
10902 10 901
10903 37 3334
10904 60 5407
10905 8 721
10906 15 1352
10908 20 1803
10909 37 3336
10910 6 541
10912 60 5411
10914 5 451
10915 24 2165
10916 37 3338
10918 30 2707
10919 37 3339
10920 4 361
10922 15 1354
10924 60 5417
10925 24 2167
10928 60 5419
10929 37 3342
10930 3 271
10932 20 1807
10934 30 2711
10935 8 723
10938 5 452
10939 37 3345
10940 12 1085
10942 37 3346
10944 20 1809
10945 24 2171
10948 60 5429
10950 2 181
10952 37 3349
10954 15 1358
10955 37 3350
10958 30 2717
10960 12 1087
10964 60 5437
10965 37 3353
10968 37 3354
10970 3 272
10974 10 907
10975 37 3356
10978 37 3357
10980 4 363
10984 60 5447
10988 37 3360
10990 6 545
10994 37 3362
11000 12 1091
11004 37 3365
11010 1 91
11013 60 5461
11014 37 3368
11015 30 2731
11016 24 2185
11017 20 1821
11019 15 1366
11020 37 3370
11021 12 1093
11023 10 911
11024 37 3371
11025 60 5467
11026 8 729
11027 15 1367
11029 20 1823
11030 37 3373
11031 6 547
11033 60 5471
11035 5 456
11036 24 2189
11037 37 3375
11039 30 2737
11040 37 3376
11041 4 365
11043 15 1369
11045 60 5477
11046 24 2191
11049 60 5479
11050 37 3379
11051 3 274
11053 20 1827
11055 30 2741
11056 8 731
11059 5 457
11060 37 3382
11061 12 1097
11063 37 3383
11065 20 1829
11066 24 2195
11069 60 5489
11071 2 183
11073 37 3386
11075 15 1373
11076 37 3387
11079 30 2747
11081 12 1099
11085 60 5497
11086 37 3390
11089 37 3391
11091 3 275
11095 10 917
11096 37 3393
11099 37 3394
11101 4 367
11105 60 5507
11109 37 3397
11111 6 551
11115 37 3399
11121 12 1103
11125 37 3402
11131 1 92
11134 60 5521
11135 37 3405
11136 30 2761
11137 24 2209
11138 20 1841
11140 15 1381
11141 37 3407
11142 12 1105
11144 10 921
11145 37 3408
11146 60 5527
11147 8 737
11148 15 1382
11150 20 1843
11151 37 3410
11152 6 553
11154 60 5531
11156 5 461
11157 24 2213
11158 37 3412
11160 30 2767
11161 37 3413
11162 4 369
11164 15 1384
11166 60 5537
11167 24 2215
11170 60 5539
11171 37 3416
11172 3 277
11174 20 1847
11176 30 2771
11177 8 739
11180 5 462
11181 37 3419
11182 12 1109
11184 37 3420
11186 20 1849
11187 24 2219
11190 60 5549
11192 2 185
11194 37 3423
11196 15 1388
11197 37 3424
11200 30 2777
11202 12 1111
11206 60 5557
11207 37 3427
11210 37 3428
11212 3 278
11216 10 927
11217 37 3430
11220 37 3431
11222 4 371
11226 60 5567
11230 37 3434
11232 6 557
11236 37 3436
11242 12 1115
11246 37 3439
11252 1 93
11255 60 5581
11256 37 3442
11257 30 2791
11258 24 2233
11259 20 1861
11261 15 1396
11262 37 3444
11263 12 1117
11265 10 931
11266 37 3445
11267 60 5587
11268 8 745
11269 15 1397
11271 20 1863
11272 37 3447
11273 6 559
11275 60 5591
11277 5 466
11278 24 2237
11279 37 3449
11281 30 2797
11282 37 3450
11283 4 373
11285 15 1399
11287 60 5597
11288 24 2239
11291 60 5599
11292 37 3453
11293 3 280
11295 20 1867
11297 30 2801
11298 8 747
11301 5 467
11302 37 3456
11303 12 1121
11305 37 3457
11307 20 1869
11308 24 2243
11311 60 5609
11313 2 187
11315 37 3460
11317 15 1403
11318 37 3461
11321 30 2807
11323 12 1123
11327 60 5617
11328 37 3464
11331 37 3465
11333 3 281
11337 10 937
11338 37 3467
11341 37 3468
11343 4 375
11347 60 5627
11351 37 3471
11353 6 563
11357 37 3473
11363 12 1127
11367 37 3476
11373 1 94
11376 60 5641
11377 37 3479
11378 30 2821
11379 24 2257
11380 20 1881
11382 15 1411
11383 37 3481
11384 12 1129
11386 10 941
11387 37 3482
11388 60 5647
11389 8 753
11390 15 1412
11392 20 1883
11393 37 3484
11394 6 565
11396 60 5651
11398 5 471
11399 24 2261
11400 37 3486
11402 30 2827
11403 37 3487
11404 4 377
11406 15 1414
11408 60 5657
11409 24 2263
11412 60 5659
11413 37 3490
11414 3 283
11416 20 1887
11418 30 2831
11419 8 755
11422 5 472
11423 37 3493
11424 12 1133
11426 37 3494
11428 20 1889
11429 24 2267
11432 60 5669
11434 2 189
11436 37 3497
11438 15 1418
11439 37 3498
11442 30 2837
11444 12 1135
11448 60 5677
11449 37 3501
11452 37 3502
11454 3 284
11458 10 947
11459 37 3504
11462 37 3505
11464 4 379
11468 60 5687
11472 37 3508
11474 6 569
11478 37 3510
11484 12 1139
11488 37 3513
11494 1 95
11497 60 5701
11498 37 3516
11499 30 2851
11500 24 2281
11501 20 1901
11503 15 1426
11504 37 3518
11505 12 1141
11507 10 951
11508 37 3519
11509 60 5707
11510 8 761
11511 15 1427
11513 20 1903
11514 37 3521
11515 6 571
11517 60 5711
11519 5 476
11520 24 2285
11521 37 3523
11523 30 2857
11524 37 3524
11525 4 381
11527 15 1429
11529 60 5717
11530 24 2287
11533 60 5719
11534 37 3527
11535 3 286
11537 20 1907
11539 30 2861
11540 8 763
11543 5 477
11544 37 3530
11545 12 1145
11547 37 3531
11549 20 1909
11550 24 2291
11553 60 5729
11555 2 191
11557 37 3534
11559 15 1433
11560 37 3535
11563 30 2867
11565 12 1147
11569 60 5737
11570 37 3538
11573 37 3539
11575 3 287
11579 10 957
11580 37 3541
11583 37 3542
11585 4 383
11589 60 5747
11593 37 3545
11595 6 575
11599 37 3547
11605 12 1151
11609 37 3550
11615 1 96
11618 60 5761
11619 37 3553
11620 30 2881
11621 24 2305
11622 20 1921
11624 15 1441
11625 37 3555
11626 12 1153
11628 10 961
11629 37 3556
11630 60 5767
11631 8 769
11632 15 1442
11634 20 1923
11635 37 3558
11636 6 577
11638 60 5771
11640 5 481
11641 24 2309
11642 37 3560
11644 30 2887
11645 37 3561
11646 4 385
11648 15 1444
11650 60 5777
11651 24 2311
11654 60 5779
11655 37 3564
11656 3 289
11658 20 1927
11660 30 2891
11661 8 771
11664 5 482
11665 37 3567
11666 12 1157
11668 37 3568
11670 20 1929
11671 24 2315
11674 60 5789
11676 2 193
11678 37 3571
11680 15 1448
11681 37 3572
11684 30 2897
11686 12 1159
11690 60 5797
11691 37 3575
11694 37 3576
11696 3 290
11700 10 967
11701 37 3578
11704 37 3579
11706 4 387
11710 60 5807
11714 37 3582
11716 6 581
11720 37 3584
11726 12 1163
11730 37 3587
11736 1 97
11739 60 5821
11740 37 3590
11741 30 2911
11742 24 2329
11743 20 1941
11745 15 1456
11746 37 3592
11747 12 1165
11749 10 971
11750 37 3593
11751 60 5827
11752 8 777
11753 15 1457
11755 20 1943
11756 37 3595
11757 6 583
11759 60 5831
11761 5 486
11762 24 2333
11763 37 3597
11765 30 2917
11766 37 3598
11767 4 389
11769 15 1459
11771 60 5837
11772 24 2335
11775 60 5839
11776 37 3601
11777 3 292
11779 20 1947
11781 30 2921
11782 8 779
11785 5 487
11786 37 3604
11787 12 1169
11789 37 3605
11791 20 1949
11792 24 2339
11795 60 5849
11797 2 195
11799 37 3608
11801 15 1463
11802 37 3609
11805 30 2927
11807 12 1171
11811 60 5857
11812 37 3612
11815 37 3613
11817 3 293
11821 10 977
11822 37 3615
11825 37 3616
11827 4 391
11831 60 5867
11835 37 3619
11837 6 587
11841 37 3621
11847 12 1175
11851 37 3624
11857 1 98
11860 60 5881
11861 37 3627
11862 30 2941
11863 24 2353
11864 20 1961
11866 15 1471
11867 37 3629
11868 12 1177
11870 10 981
11871 37 3630
11872 60 5887
11873 8 785
11874 15 1472
11876 20 1963
11877 37 3632
11878 6 589
11880 60 5891
11882 5 491
11883 24 2357
11884 37 3634
11886 30 2947
11887 37 3635
11888 4 393
11890 15 1474
11892 60 5897
11893 24 2359
11896 60 5899
11897 37 3638
11898 3 295
11900 20 1967
11902 30 2951
11903 8 787
11906 5 492
11907 37 3641
11908 12 1181
11910 37 3642
11912 20 1969
11913 24 2363
11916 60 5909
11918 2 197
11920 37 3645
11922 15 1478
11923 37 3646
11926 30 2957
11928 12 1183
11932 60 5917
11933 37 3649
11936 37 3650
11938 3 296
11942 10 987
11943 37 3652
11946 37 3653
11948 4 395
11952 60 5927
11956 37 3656
11958 6 593
11962 37 3658
11968 12 1187
11972 37 3661
11978 1 99
11981 60 5941
11982 37 3664
11983 30 2971
11984 24 2377
11985 20 1981
11987 15 1486
11988 37 3666
11989 12 1189
11991 10 991
11992 37 3667
11993 60 5947
11994 8 793
11995 15 1487
11997 20 1983
11998 37 3669
11999 6 595
12001 60 5951
12003 5 496
12004 24 2381
12005 37 3671
12007 30 2977
12008 37 3672
12009 4 397
12011 15 1489
12013 60 5957
12014 24 2383
12017 60 5959
12018 37 3675
12019 3 298
12021 20 1987
12023 30 2981
12024 8 795
12027 5 497
12028 37 3678
12029 12 1193
12031 37 3679
12033 20 1989
12034 24 2387
12037 60 5969
12039 2 199
12041 37 3682
12043 15 1493
12044 37 3683
12047 30 2987
12049 12 1195
12053 60 5977
12054 37 3686
12057 37 3687
12059 3 299
12063 10 997
12064 37 3689
12067 37 3690
12069 4 399
12073 60 5987
12077 37 3693
12079 6 599
12083 37 3695
12089 12 1199
12093 37 3698
12099 1 100
12102 60 6001
12103 37 3701
12104 30 3001
12105 24 2401
12106 20 2001
12108 15 1501
12109 37 3703
12110 12 1201
12112 10 1001
12113 37 3704
12114 60 6007
12115 8 801
12116 15 1502
12118 20 2003
12119 37 3706
12120 6 601
12122 60 6011
12124 5 501
12125 24 2405
12126 37 3708
12128 30 3007
12129 37 3709
12130 4 401
12132 15 1504
12134 60 6017
12135 24 2407
12138 60 6019
12139 37 3712
12140 3 301
12142 20 2007
12144 30 3011
12145 8 803
12148 5 502
12149 37 3715
12150 12 1205
12152 37 3716
12154 20 2009
12155 24 2411
12158 60 6029
12160 2 201
12162 37 3719
12164 15 1508
12165 37 3720
12168 30 3017
12170 12 1207
12174 60 6037
12175 37 3723
12178 37 3724
12180 3 302
12184 10 1007
12185 37 3726
12188 37 3727
12190 4 403
12194 60 6047
12198 37 3730
12200 6 605
12204 37 3732
12210 12 1211
12214 37 3735
12220 1 101
12223 60 6061
12224 37 3738
12225 30 3031
12226 24 2425
12227 20 2021
12229 15 1516
12230 37 3740
12231 12 1213
12233 10 1011
12234 37 3741
12235 60 6067
12236 8 809
12237 15 1517
12239 20 2023
12240 37 3743
12241 6 607
12243 60 6071
12245 5 506
12246 24 2429
12247 37 3745
12249 30 3037
12250 37 3746
12251 4 405
12253 15 1519
12255 60 6077
12256 24 2431
12259 60 6079
12260 37 3749
12261 3 304
12263 20 2027
12265 30 3041
12266 8 811
12269 5 507
12270 37 3752
12271 12 1217
12273 37 3753
12275 20 2029
12276 24 2435
12279 60 6089
12281 2 203
12283 37 3756
12285 15 1523
12286 37 3757
12289 30 3047
12291 12 1219
12295 60 6097
12296 37 3760
12299 37 3761
12301 3 305
12305 10 1017
12306 37 3763
12309 37 3764
12311 4 407
12315 60 6107
12319 37 3767
12321 6 611
12325 37 3769
12331 12 1223
12335 37 3772
12341 1 102
12344 60 6121
12345 37 3775
12346 30 3061
12347 24 2449
12348 20 2041
12350 15 1531
12351 37 3777
12352 12 1225
12354 10 1021
12355 37 3778
12356 60 6127
12357 8 817
12358 15 1532
12360 20 2043
12361 37 3780
12362 6 613
12364 60 6131
12366 5 511
12367 24 2453
12368 37 3782
12370 30 3067
12371 37 3783
12372 4 409
12374 15 1534
12376 60 6137
12377 24 2455
12380 60 6139
12381 37 3786
12382 3 307
12384 20 2047
12386 30 3071
12387 8 819
12390 5 512
12391 37 3789
12392 12 1229
12394 37 3790
12396 20 2049
12397 24 2459
12400 60 6149
12402 2 205
12404 37 3793
12406 15 1538
12407 37 3794
12410 30 3077
12412 12 1231
12416 60 6157
12417 37 3797
12420 37 3798
12422 3 308
12426 10 1027
12427 37 3800
12430 37 3801
12432 4 411
12436 60 6167
12440 37 3804
12442 6 617
12446 37 3806
12452 12 1235
12456 37 3809
12462 1 103
12465 60 6181
12466 37 3812
12467 30 3091
12468 24 2473
12469 20 2061
12471 15 1546
12472 37 3814
12473 12 1237
12475 10 1031
12476 37 3815
12477 60 6187
12478 8 825
12479 15 1547
12481 20 2063
12482 37 3817
12483 6 619
12485 60 6191
12487 5 516
12488 24 2477
12489 37 3819
12491 30 3097
12492 37 3820
12493 4 413
12495 15 1549
12497 60 6197
12498 24 2479
12501 60 6199
12502 37 3823
12503 3 310
12505 20 2067
12507 30 3101
12508 8 827
12511 5 517
12512 37 3826
12513 12 1241
12515 37 3827
12517 20 2069
12518 24 2483
12521 60 6209
12523 2 207
12525 37 3830
12527 15 1553
12528 37 3831
12531 30 3107
12533 12 1243
12537 60 6217
12538 37 3834
12541 37 3835
12543 3 311
12547 10 1037
12548 37 3837
12551 37 3838
12553 4 415
12557 60 6227
12561 37 3841
12563 6 623
12567 37 3843
12573 12 1247
12577 37 3846
12583 1 104
12586 60 6241
12587 37 3849
12588 30 3121
12589 24 2497
12590 20 2081
12592 15 1561
12593 37 3851
12594 12 1249
12596 10 1041
12597 37 3852
12598 60 6247
12599 8 833
12600 15 1562
12602 20 2083
12603 37 3854
12604 6 625
12606 60 6251
12608 5 521
12609 24 2501
12610 37 3856
12612 30 3127
12613 37 3857
12614 4 417
12616 15 1564
12618 60 6257
12619 24 2503
12622 60 6259
12623 37 3860
12624 3 313
12626 20 2087
12628 30 3131
12629 8 835
12632 5 522
12633 37 3863
12634 12 1253
12636 37 3864
12638 20 2089
12639 24 2507
12642 60 6269
12644 2 209
12646 37 3867
12648 15 1568
12649 37 3868
12652 30 3137
12654 12 1255
12658 60 6277
12659 37 3871
12662 37 3872
12664 3 314
12668 10 1047
12669 37 3874
12672 37 3875
12674 4 419
12678 60 6287
12682 37 3878
12684 6 629
12688 37 3880
12694 12 1259
12698 37 3883
12704 1 105
12707 60 6301
12708 37 3886
12709 30 3151
12710 24 2521
12711 20 2101
12713 15 1576
12714 37 3888
12715 12 1261
12717 10 1051
12718 37 3889
12719 60 6307
12720 8 841
12721 15 1577
12723 20 2103
12724 37 3891
12725 6 631
12727 60 6311
12729 5 526
12730 24 2525
12731 37 3893
12733 30 3157
12734 37 3894
12735 4 421
12737 15 1579
12739 60 6317
12740 24 2527
12743 60 6319
12744 37 3897
12745 3 316
12747 20 2107
12749 30 3161
12750 8 843
12753 5 527
12754 37 3900
12755 12 1265
12757 37 3901
12759 20 2109
12760 24 2531
12763 60 6329
12765 2 211
12767 37 3904
12769 15 1583
12770 37 3905
12773 30 3167
12775 12 1267
12779 60 6337
12780 37 3908
12783 37 3909
12785 3 317
12789 10 1057
12790 37 3911
12793 37 3912
12795 4 423
12799 60 6347
12803 37 3915
12805 6 635
12809 37 3917
12815 12 1271
12819 37 3920
12825 1 106
12828 60 6361
12829 37 3923
12830 30 3181
12831 24 2545
12832 20 2121
12834 15 1591
12835 37 3925
12836 12 1273
12838 10 1061
12839 37 3926
12840 60 6367
12841 8 849
12842 15 1592
12844 20 2123
12845 37 3928
12846 6 637
12848 60 6371
12850 5 531
12851 24 2549
12852 37 3930
12854 30 3187
12855 37 3931
12856 4 425
12858 15 1594
12860 60 6377
12861 24 2551
12864 60 6379
12865 37 3934
12866 3 319
12868 20 2127
12870 30 3191
12871 8 851
12874 5 532
12875 37 3937
12876 12 1277
12878 37 3938
12880 20 2129
12881 24 2555
12884 60 6389
12886 2 213
12888 37 3941
12890 15 1598
12891 37 3942
12894 30 3197
12896 12 1279
12900 60 6397
12901 37 3945
12904 37 3946
12906 3 320
12910 10 1067
12911 37 3948
12914 37 3949
12916 4 427
12920 60 6407
12924 37 3952
12926 6 641
12930 37 3954
12936 12 1283
12940 37 3957
12946 1 107
12949 60 6421
12950 37 3960
12951 30 3211
12952 24 2569
12953 20 2141
12955 15 1606
12956 37 3962
12957 12 1285
12959 10 1071
12960 37 3963
12961 60 6427
12962 8 857
12963 15 1607
12965 20 2143
12966 37 3965
12967 6 643
12969 60 6431
12971 5 536
12972 24 2573
12973 37 3967
12975 30 3217
12976 37 3968
12977 4 429
12979 15 1609
12981 60 6437
12982 24 2575
12985 60 6439
12986 37 3971
12987 3 322
12989 20 2147
12991 30 3221
12992 8 859
12995 5 537
12996 37 3974
12997 12 1289
12999 37 3975
13001 20 2149
13002 24 2579
13005 60 6449
13007 2 215
13009 37 3978
13011 15 1613
13012 37 3979
13015 30 3227
13017 12 1291
13021 60 6457
13022 37 3982
13025 37 3983
13027 3 323
13031 10 1077
13032 37 3985
13035 37 3986
13037 4 431
13041 60 6467
13045 37 3989
13047 6 647
13051 37 3991
13057 12 1295
13061 37 3994
13067 1 108
13070 60 6481
13071 37 3997
13072 30 3241
13073 24 2593
13074 20 2161
13076 15 1621
13077 37 3999
13078 12 1297
13080 10 1081
13081 37 4000
13082 60 6487
13083 8 865
13084 15 1622
13086 20 2163
13087 37 4002
13088 6 649
13090 60 6491
13092 5 541
13093 24 2597
13094 37 4004
13096 30 3247
13097 37 4005
13098 4 433
13100 15 1624
13102 60 6497
13103 24 2599
13106 60 6499
13107 37 4008
13108 3 325
13110 20 2167
13112 30 3251
13113 8 867
13116 5 542
13117 37 4011
13118 12 1301
13120 37 4012
13122 20 2169
13123 24 2603
13126 60 6509
13128 2 217
13130 37 4015
13132 15 1628
13133 37 4016
13136 30 3257
13138 12 1303
13142 60 6517
13143 37 4019
13146 37 4020
13148 3 326
13152 10 1087
13153 37 4022
13156 37 4023
13158 4 435
13162 60 6527
13166 37 4026
13168 6 653
13172 37 4028
13178 12 1307
13182 37 4031
13188 1 109
13191 60 6541
13192 37 4034
13193 30 3271
13194 24 2617
13195 20 2181
13197 15 1636
13198 37 4036
13199 12 1309
13201 10 1091
13202 37 4037
13203 60 6547
13204 8 873
13205 15 1637
13207 20 2183
13208 37 4039
13209 6 655
13211 60 6551
13213 5 546
13214 24 2621
13215 37 4041
13217 30 3277
13218 37 4042
13219 4 437
13221 15 1639
13223 60 6557
13224 24 2623
13227 60 6559
13228 37 4045
13229 3 328
13231 20 2187
13233 30 3281
13234 8 875
13237 5 547
13238 37 4048
13239 12 1313
13241 37 4049
13243 20 2189
13244 24 2627
13247 60 6569
13249 2 219
13251 37 4052
13253 15 1643
13254 37 4053
13257 30 3287
13259 12 1315
13263 60 6577
13264 37 4056
13267 37 4057
13269 3 329
13273 10 1097
13274 37 4059
13277 37 4060
13279 4 439
13283 60 6587
13287 37 4063
13289 6 659
13293 37 4065
13299 12 1319
13303 37 4068
13309 1 110
13312 60 6601
13313 37 4071
13314 30 3301
13315 24 2641
13316 20 2201
13318 15 1651
13319 37 4073
13320 12 1321
13322 10 1101
13323 37 4074
13324 60 6607
13325 8 881
13326 15 1652
13328 20 2203
13329 37 4076
13330 6 661
13332 60 6611
13334 5 551
13335 24 2645
13336 37 4078
13338 30 3307
13339 37 4079
13340 4 441
13342 15 1654
13344 60 6617
13345 24 2647
13348 60 6619
13349 37 4082
13350 3 331
13352 20 2207
13354 30 3311
13355 8 883
13358 5 552
13359 37 4085
13360 12 1325
13362 37 4086
13364 20 2209
13365 24 2651
13368 60 6629
13370 2 221
13372 37 4089
13374 15 1658
13375 37 4090
13378 30 3317
13380 12 1327
13384 60 6637
13385 37 4093
13388 37 4094
13390 3 332
13394 10 1107
13395 37 4096
13398 37 4097
13400 4 443
13404 60 6647
13408 37 4100
13410 6 665
13414 37 4102
13420 12 1331
13424 37 4105
13430 1 111
13433 60 6661
13434 37 4108
13435 30 3331
13436 24 2665
13437 20 2221
13439 15 1666
13440 37 4110
13441 12 1333
13443 10 1111
13444 37 4111
13445 60 6667
13446 8 889
13447 15 1667
13449 20 2223
13450 37 4113
13451 6 667
13453 60 6671
13455 5 556
13456 24 2669
13457 37 4115
13459 30 3337
13460 37 4116
13461 4 445
13463 15 1669
13465 60 6677
13466 24 2671
13469 60 6679
13470 37 4119
13471 3 334
13473 20 2227
13475 30 3341
13476 8 891
13479 5 557
13480 37 4122
13481 12 1337
13483 37 4123
13485 20 2229
13486 24 2675
13489 60 6689
13491 2 223
13493 37 4126
13495 15 1673
13496 37 4127
13499 30 3347
13501 12 1339
13505 60 6697
13506 37 4130
13509 37 4131
13511 3 335
13515 10 1117
13516 37 4133
13519 37 4134
13521 4 447
13525 60 6707
13529 37 4137
13531 6 671
13535 37 4139
13541 12 1343
13545 37 4142
13551 1 112
13554 60 6721
13555 37 4145
13556 30 3361
13557 24 2689
13558 20 2241
13560 15 1681
13561 37 4147
13562 12 1345
13564 10 1121
13565 37 4148
13566 60 6727
13567 8 897
13568 15 1682
13570 20 2243
13571 37 4150
13572 6 673
13574 60 6731
13576 5 561
13577 24 2693
13578 37 4152
13580 30 3367
13581 37 4153
13582 4 449
13584 15 1684
13586 60 6737
13587 24 2695
13590 60 6739
13591 37 4156
13592 3 337
13594 20 2247
13596 30 3371
13597 8 899
13600 5 562
13601 37 4159
13602 12 1349
13604 37 4160
13606 20 2249
13607 24 2699
13610 60 6749
13612 2 225
13614 37 4163
13616 15 1688
13617 37 4164
13620 30 3377
13622 12 1351
13626 60 6757
13627 37 4167
13630 37 4168
13632 3 338
13636 10 1127
13637 37 4170
13640 37 4171
13642 4 451
13646 60 6767
13650 37 4174
13652 6 677
13656 37 4176
13662 12 1355
13666 37 4179
13672 1 113
13675 60 6781
13676 37 4182
13677 30 3391
13678 24 2713
13679 20 2261
13681 15 1696
13682 37 4184
13683 12 1357
13685 10 1131
13686 37 4185
13687 60 6787
13688 8 905
13689 15 1697
13691 20 2263
13692 37 4187
13693 6 679
13695 60 6791
13697 5 566
13698 24 2717
13699 37 4189
13701 30 3397
13702 37 4190
13703 4 453
13705 15 1699
13707 60 6797
13708 24 2719
13711 60 6799
13712 37 4193
13713 3 340
13715 20 2267
13717 30 3401
13718 8 907
13721 5 567
13722 37 4196
13723 12 1361
13725 37 4197
13727 20 2269
13728 24 2723
13731 60 6809
13733 2 227
13735 37 4200
13737 15 1703
13738 37 4201
13741 30 3407
13743 12 1363
13747 60 6817
13748 37 4204
13751 37 4205
13753 3 341
13757 10 1137
13758 37 4207
13761 37 4208
13763 4 455
13767 60 6827
13771 37 4211
13773 6 683
13777 37 4213
13783 12 1367
13787 37 4216
13793 1 114
13796 60 6841
13797 37 4219
13798 30 3421
13799 24 2737
13800 20 2281
13802 15 1711
13803 37 4221
13804 12 1369
13806 10 1141
13807 37 4222
13808 60 6847
13809 8 913
13810 15 1712
13812 20 2283
13813 37 4224
13814 6 685
13816 60 6851
13818 5 571
13819 24 2741
13820 37 4226
13822 30 3427
13823 37 4227
13824 4 457
13826 15 1714
13828 60 6857
13829 24 2743
13832 60 6859
13833 37 4230
13834 3 343
13836 20 2287
13838 30 3431
13839 8 915
13842 5 572
13843 37 4233
13844 12 1373
13846 37 4234
13848 20 2289
13849 24 2747
13852 60 6869
13854 2 229
13856 37 4237
13858 15 1718
13859 37 4238
13862 30 3437
13864 12 1375
13868 60 6877
13869 37 4241
13872 37 4242
13874 3 344
13878 10 1147
13879 37 4244
13882 37 4245
13884 4 459
13888 60 6887
13892 37 4248
13894 6 689
13898 37 4250
13904 12 1379
13908 37 4253
13914 1 115
13917 60 6901
13918 37 4256
13919 30 3451
13920 24 2761
13921 20 2301
13923 15 1726
13924 37 4258
13925 12 1381
13927 10 1151
13928 37 4259
13929 60 6907
13930 8 921
13931 15 1727
13933 20 2303
13934 37 4261
13935 6 691
13937 60 6911
13939 5 576
13940 24 2765
13941 37 4263
13943 30 3457
13944 37 4264
13945 4 461
13947 15 1729
13949 60 6917
13950 24 2767
13953 60 6919
13954 37 4267
13955 3 346
13957 20 2307
13959 30 3461
13960 8 923
13963 5 577
13964 37 4270
13965 12 1385
13967 37 4271
13969 20 2309
13970 24 2771
13973 60 6929
13975 2 231
13977 37 4274
13979 15 1733
13980 37 4275
13983 30 3467
13985 12 1387
13989 60 6937
13990 37 4278
13993 37 4279
13995 3 347
13999 10 1157
14000 37 4281
14003 37 4282
14005 4 463
14009 60 6947
14013 37 4285
14015 6 695
14019 37 4287
14025 12 1391
14029 37 4290
14035 1 116
14038 60 6961
14039 37 4293
14040 30 3481
14041 24 2785
14042 20 2321
14044 15 1741
14045 37 4295
14046 12 1393
14048 10 1161
14049 37 4296
14050 60 6967
14051 8 929
14052 15 1742
14054 20 2323
14055 37 4298
14056 6 697
14058 60 6971
14060 5 581
14061 24 2789
14062 37 4300
14064 30 3487
14065 37 4301
14066 4 465
14068 15 1744
14070 60 6977
14071 24 2791
14074 60 6979
14075 37 4304
14076 3 349
14078 20 2327
14080 30 3491
14081 8 931
14084 5 582
14085 37 4307
14086 12 1397
14088 37 4308
14090 20 2329
14091 24 2795
14094 60 6989
14096 2 233
14098 37 4311
14100 15 1748
14101 37 4312
14104 30 3497
14106 12 1399
14110 60 6997
14111 37 4315
14114 37 4316
14116 3 350
14120 10 1167
14121 37 4318
14124 37 4319
14126 4 467
14130 60 7007
14134 37 4322
14136 6 701
14140 37 4324
14146 12 1403
14150 37 4327
14156 1 117
14159 60 7021
14160 37 4330
14161 30 3511
14162 24 2809
14163 20 2341
14165 15 1756
14166 37 4332
14167 12 1405
14169 10 1171
14170 37 4333
14171 60 7027
14172 8 937
14173 15 1757
14175 20 2343
14176 37 4335
14177 6 703
14179 60 7031
14181 5 586
14182 24 2813
14183 37 4337
14185 30 3517
14186 37 4338
14187 4 469
14189 15 1759
14191 60 7037
14192 24 2815
14195 60 7039
14196 37 4341
14197 3 352
14199 20 2347
14201 30 3521
14202 8 939
14205 5 587
14206 37 4344
14207 12 1409
14209 37 4345
14211 20 2349
14212 24 2819
14215 60 7049
14217 2 235
14219 37 4348
14221 15 1763
14222 37 4349
14225 30 3527
14227 12 1411
14231 60 7057
14232 37 4352
14235 37 4353
14237 3 353
14241 10 1177
14242 37 4355
14245 37 4356
14247 4 471
14251 60 7067
14255 37 4359
14257 6 707
14261 37 4361
14267 12 1415
14271 37 4364
14277 1 118
14280 60 7081
14281 37 4367
14282 30 3541
14283 24 2833
14284 20 2361
14286 15 1771
14287 37 4369
14288 12 1417
14290 10 1181
14291 37 4370
14292 60 7087
14293 8 945
14294 15 1772
14296 20 2363
14297 37 4372
14298 6 709
14300 60 7091
14302 5 591
14303 24 2837
14304 37 4374
14306 30 3547
14307 37 4375
14308 4 473
14310 15 1774
14312 60 7097
14313 24 2839
14316 60 7099
14317 37 4378
14318 3 355
14320 20 2367
14322 30 3551
14323 8 947
14326 5 592
14327 37 4381
14328 12 1421
14330 37 4382
14332 20 2369
14333 24 2843
14336 60 7109
14338 2 237
14340 37 4385
14342 15 1778
14343 37 4386
14346 30 3557
14348 12 1423
14352 60 7117
14353 37 4389
14356 37 4390
14358 3 356
14362 10 1187
14363 37 4392
14366 37 4393
14368 4 475
14372 60 7127
14376 37 4396
14378 6 713
14382 37 4398
14388 12 1427
14392 37 4401
14398 1 119
14401 60 7141
14402 37 4404
14403 30 3571
14404 24 2857
14405 20 2381
14407 15 1786
14408 37 4406
14409 12 1429
14411 10 1191
14412 37 4407
14413 60 7147
14414 8 953
14415 15 1787
14417 20 2383
14418 37 4409
14419 6 715
14421 60 7151
14423 5 596
14424 24 2861
14425 37 4411
14427 30 3577
14428 37 4412
14429 4 477
14431 15 1789
14433 60 7157
14434 24 2863
14437 60 7159
14438 37 4415
14439 3 358
14441 20 2387
14443 30 3581
14444 8 955
14447 5 597
14448 37 4418
14449 12 1433
14451 37 4419
14453 20 2389
14454 24 2867
14457 60 7169
14459 2 239
14461 37 4422
14463 15 1793
14464 37 4423
14467 30 3587
14469 12 1435
14473 60 7177
14474 37 4426
14477 37 4427
14479 3 359
14483 10 1197
14484 37 4429
14487 37 4430
14489 4 479
14493 60 7187
14497 37 4433
14499 6 719
14503 37 4435
14509 12 1439
14513 37 4438
14519 1 120
14522 60 7201
14523 37 4441
14524 30 3601
14525 24 2881
14526 20 2401
14528 15 1801
14529 37 4443
14530 12 1441
14532 10 1201
14533 37 4444
14534 60 7207
14535 8 961
14536 15 1802
14538 20 2403
14539 37 4446
14540 6 721
14542 60 7211
14544 5 601
14545 24 2885
14546 37 4448
14548 30 3607
14549 37 4449
14550 4 481
14552 15 1804
14554 60 7217
14555 24 2887
14558 60 7219
14559 37 4452
14560 3 361
14562 20 2407
14564 30 3611
14565 8 963
14568 5 602
14569 37 4455
14570 12 1445
14572 37 4456
14574 20 2409
14575 24 2891
14578 60 7229
14580 2 241
14582 37 4459
14584 15 1808
14585 37 4460
14588 30 3617
14590 12 1447
14594 60 7237
14595 37 4463
14598 37 4464
14600 3 362
14604 10 1207
14605 37 4466
14608 37 4467
14610 4 483
14614 60 7247
14618 37 4470
14620 6 725
14624 37 4472
14630 12 1451
14634 37 4475
14640 1 121
14643 60 7261
14644 37 4478
14645 30 3631
14646 24 2905
14647 20 2421
14649 15 1816
14650 37 4480
14651 12 1453
14653 10 1211
14654 37 4481
14655 60 7267
14656 8 969
14657 15 1817
14659 20 2423
14660 37 4483
14661 6 727
14663 60 7271
14665 5 606
14666 24 2909
14667 37 4485
14669 30 3637
14670 37 4486
14671 4 485
14673 15 1819
14675 60 7277
14676 24 2911
14679 60 7279
14680 37 4489
14681 3 364
14683 20 2427
14685 30 3641
14686 8 971
14689 5 607
14690 37 4492
14691 12 1457
14693 37 4493
14695 20 2429
14696 24 2915
14699 60 7289
14701 2 243
14703 37 4496
14705 15 1823
14706 37 4497
14709 30 3647
14711 12 1459
14715 60 7297
14716 37 4500
14719 37 4501
14721 3 365
14725 10 1217
14726 37 4503
14729 37 4504
14731 4 487
14735 60 7307
14739 37 4507
14741 6 731
14745 37 4509
14751 12 1463
14755 37 4512
14761 1 122
14764 60 7321
14765 37 4515
14766 30 3661
14767 24 2929
14768 20 2441
14770 15 1831
14771 37 4517
14772 12 1465
14774 10 1221
14775 37 4518
14776 60 7327
14777 8 977
14778 15 1832
14780 20 2443
14781 37 4520
14782 6 733
14784 60 7331
14786 5 611
14787 24 2933
14788 37 4522
14790 30 3667
14791 37 4523
14792 4 489
14794 15 1834
14796 60 7337
14797 24 2935
14800 60 7339
14801 37 4526
14802 3 367
14804 20 2447
14806 30 3671
14807 8 979
14810 5 612
14811 37 4529
14812 12 1469
14814 37 4530
14816 20 2449
14817 24 2939
14820 60 7349
14822 2 245
14824 37 4533
14826 15 1838
14827 37 4534
14830 30 3677
14832 12 1471
14836 60 7357
14837 37 4537
14840 37 4538
14842 3 368
14846 10 1227
14847 37 4540
14850 37 4541
14852 4 491
14856 60 7367
14860 37 4544
14862 6 737
14866 37 4546
14872 12 1475
14876 37 4549
14882 1 123
14885 60 7381
14886 37 4552
14887 30 3691
14888 24 2953
14889 20 2461
14891 15 1846
14892 37 4554
14893 12 1477
14895 10 1231
14896 37 4555
14897 60 7387
14898 8 985
14899 15 1847
14901 20 2463
14902 37 4557
14903 6 739
14905 60 7391
14907 5 616
14908 24 2957
14909 37 4559
14911 30 3697
14912 37 4560
14913 4 493
14915 15 1849
14917 60 7397
14918 24 2959
14921 60 7399
14922 37 4563
14923 3 370
14925 20 2467
14927 30 3701
14928 8 987
14931 5 617
14932 37 4566
14933 12 1481
14935 37 4567
14937 20 2469
14938 24 2963
14941 60 7409
14943 2 247
14945 37 4570
14947 15 1853
14948 37 4571
14951 30 3707
14953 12 1483
14957 60 7417
14958 37 4574
14961 37 4575
14963 3 371
14967 10 1237
14968 37 4577
14971 37 4578
14973 4 495
14977 60 7427
14981 37 4581
14983 6 743
14987 37 4583
14993 12 1487
14997 37 4586
15003 1 124
15006 60 7441
15007 37 4589
15008 30 3721
15009 24 2977
15010 20 2481
15012 15 1861
15013 37 4591
15014 12 1489
15016 10 1241
15017 37 4592
15018 60 7447
15019 8 993
15020 15 1862
15022 20 2483
15023 37 4594
15024 6 745
15026 60 7451
15028 5 621
15029 24 2981
15030 37 4596
15032 30 3727
15033 37 4597
15034 4 497
15036 15 1864
15038 60 7457
15039 24 2983
15042 60 7459
15043 37 4600
15044 3 373
15046 20 2487
15048 30 3731
15049 8 995
15052 5 622
15053 37 4603
15054 12 1493
15056 37 4604
15058 20 2489
15059 24 2987
15062 60 7469
15064 2 249
15066 37 4607
15068 15 1868
15069 37 4608
15072 30 3737
15074 12 1495
15078 60 7477
15079 37 4611
15082 37 4612
15084 3 374
15088 10 1247
15089 37 4614
15092 37 4615
15094 4 499
15098 60 7487
15102 37 4618
15104 6 749
15108 37 4620
15114 12 1499
15118 37 4623
15124 1 125
15127 60 7501
15128 37 4626
15129 30 3751
15130 24 3001
15131 20 2501
15133 15 1876
15134 37 4628
15135 12 1501
15137 10 1251
15138 37 4629
15139 60 7507
15140 8 1001
15141 15 1877
15143 20 2503
15144 37 4631
15145 6 751
15147 60 7511
15149 5 626
15150 24 3005
15151 37 4633
15153 30 3757
15154 37 4634
15155 4 501
15157 15 1879
15159 60 7517
15160 24 3007
15163 60 7519
15164 37 4637
15165 3 376
15167 20 2507
15169 30 3761
15170 8 1003
15173 5 627
15174 37 4640
15175 12 1505
15177 37 4641
15179 20 2509
15180 24 3011
15183 60 7529
15185 2 251
15187 37 4644
15189 15 1883
15190 37 4645
15193 30 3767
15195 12 1507
15199 60 7537
15200 37 4648
15203 37 4649
15205 3 377
15209 10 1257
15210 37 4651
15213 37 4652
15215 4 503
15219 60 7547
15223 37 4655
15225 6 755
15229 37 4657
15235 12 1511
15239 37 4660
15245 1 126
15248 60 7561
15249 37 4663
15250 30 3781
15251 24 3025
15252 20 2521
15254 15 1891
15255 37 4665
15256 12 1513
15258 10 1261
15259 37 4666
15260 60 7567
15261 8 1009
15262 15 1892
15264 20 2523
15265 37 4668
15266 6 757
15268 60 7571
15270 5 631
15271 24 3029
15272 37 4670
15274 30 3787
15275 37 4671
15276 4 505
15278 15 1894
15280 60 7577
15281 24 3031
15284 60 7579
15285 37 4674
15286 3 379
15288 20 2527
15290 30 3791
15291 8 1011
15294 5 632
15295 37 4677
15296 12 1517
15298 37 4678
15300 20 2529
15301 24 3035
15304 60 7589
15306 2 253
15308 37 4681
15310 15 1898
15311 37 4682
15314 30 3797
15316 12 1519
15320 60 7597
15321 37 4685
15324 37 4686
15326 3 380
15330 10 1267
15331 37 4688
15334 37 4689
15336 4 507
15340 60 7607
15344 37 4692
15346 6 761
15350 37 4694
15356 12 1523
15360 37 4697
15366 1 127
15369 60 7621
15370 37 4700
15371 30 3811
15372 24 3049
15373 20 2541
15375 15 1906
15376 37 4702
15377 12 1525
15379 10 1271
15380 37 4703
15381 60 7627
15382 8 1017
15383 15 1907
15385 20 2543
15386 37 4705
15387 6 763
15389 60 7631
15391 5 636
15392 24 3053
15393 37 4707
15395 30 3817
15396 37 4708
15397 4 509
15399 15 1909
15401 60 7637
15402 24 3055
15405 60 7639
15406 37 4711
15407 3 382
15409 20 2547
15411 30 3821
15412 8 1019
15415 5 637
15416 37 4714
15417 12 1529
15419 37 4715
15421 20 2549
15422 24 3059
15425 60 7649
15427 2 255
15429 37 4718
15431 15 1913
15432 37 4719
15435 30 3827
15437 12 1531
15441 60 7657
15442 37 4722
15445 37 4723
15447 3 383
15451 10 1277
15452 37 4725
15455 37 4726
15457 4 511
15461 60 7667
15465 37 4729
15467 6 767
15471 37 4731
15477 12 1535
15481 37 4734
15487 1 128
15490 60 7681
15491 37 4737
15492 30 3841
15493 24 3073
15494 20 2561
15496 15 1921
15497 37 4739
15498 12 1537
15500 10 1281
15501 37 4740
15502 60 7687
15503 8 1025
15504 15 1922
15506 20 2563
15507 37 4742
15508 6 769
15510 60 7691
15512 5 641
15513 24 3077
15514 37 4744
15516 30 3847
15517 37 4745
15518 4 513
15520 15 1924
15522 60 7697
15523 24 3079
15526 60 7699
15527 37 4748
15528 3 385
15530 20 2567
15532 30 3851
15533 8 1027
15536 5 642
15537 37 4751
15538 12 1541
15540 37 4752
15542 20 2569
15543 24 3083
15546 60 7709
15548 2 257
15550 37 4755
15552 15 1928
15553 37 4756
15556 30 3857
15558 12 1543
15562 60 7717
15563 37 4759
15566 37 4760
15568 3 386
15572 10 1287
15573 37 4762
15576 37 4763
15578 4 515
15582 60 7727
15586 37 4766
15588 6 773
15592 37 4768
15598 12 1547
15602 37 4771
15608 1 129
