3483 110 30000000 1861 500
5 21 1
7 14 1
13 42 5
15 7 1
23 14 3
25 13 3
31 7 2
33 13 4
39 14 5
41 21 8
47 7 3
49 42 19
57 21 11
59 13 7
65 42 25
67 13 8
73 3 2
75 42 29
81 42 31
83 21 16
89 21 17
91 6 5
93 13 11
99 21 19
101 13 12
107 42 41
109 1 1
115 21 22
117 14 15
123 42 47
125 7 8
133 14 17
135 13 16
141 7 9
143 13 17
149 14 19
151 21 29
157 7 10
159 42 61
167 21 32
169 13 20
175 42 67
177 13 21
183 3 5
185 42 71
191 42 73
193 21 37
199 21 38
201 6 11
203 13 24
209 21 40
211 13 25
217 42 83
219 1 2
225 21 43
227 14 29
233 42 89
235 7 15
243 14 31
245 13 29
251 7 16
253 13 30
259 14 33
261 21 50
267 7 17
269 42 103
277 21 53
279 13 33
285 42 109
287 13 34
293 3 8
295 42 113
301 42 115
303 21 58
309 21 59
311 6 17
313 13 37
319 21 61
321 13 38
327 42 125
329 1 3
335 21 64
337 14 43
343 42 131
345 7 22
353 14 45
355 13 42
361 7 23
363 13 43
369 14 47
371 21 71
377 7 24
379 42 145
387 21 74
389 13 46
395 42 151
397 13 47
403 3 11
405 42 155
411 42 157
413 21 79
419 21 80
421 6 23
423 13 50
429 21 82
431 13 51
437 42 167
439 1 4
445 21 85
447 14 57
453 42 173
455 7 29
463 14 59
465 13 55
471 7 30
473 13 56
479 14 61
481 21 92
487 7 31
489 42 187
497 21 95
499 13 59
505 42 193
507 13 60
513 3 14
515 42 197
521 42 199
523 21 100
529 21 101
531 6 29
533 13 63
539 21 103
541 13 64
547 42 209
549 1 5
555 21 106
557 14 71
563 42 215
565 7 36
573 14 73
575 13 68
581 7 37
583 13 69
589 14 75
591 21 113
597 7 38
599 42 229
607 21 116
609 13 72
615 42 235
617 13 73
623 3 17
625 42 239
631 42 241
633 21 121
639 21 122
641 6 35
643 13 76
649 21 124
651 13 77
657 42 251
659 1 6
665 21 127
667 14 85
673 42 257
675 7 43
683 14 87
685 13 81
691 7 44
693 13 82
699 14 89
701 21 134
707 7 45
709 42 271
717 21 137
719 13 85
725 42 277
727 13 86
733 3 20
735 42 281
741 42 283
743 21 142
749 21 143
751 6 41
753 13 89
759 21 145
761 13 90
767 42 293
769 1 7
775 21 148
777 14 99
783 42 299
785 7 50
793 14 101
795 13 94
801 7 51
803 13 95
809 14 103
811 21 155
817 7 52
819 42 313
827 21 158
829 13 98
835 42 319
837 13 99
843 3 23
845 42 323
851 42 325
853 21 163
859 21 164
861 6 47
863 13 102
869 21 166
871 13 103
877 42 335
879 1 8
885 21 169
887 14 113
893 42 341
895 7 57
903 14 115
905 13 107
911 7 58
913 13 108
919 14 117
921 21 176
927 7 59
929 42 355
937 21 179
939 13 111
945 42 361
947 13 112
953 3 26
955 42 365
961 42 367
963 21 184
969 21 185
971 6 53
973 13 115
979 21 187
981 13 116
987 42 377
989 1 9
995 21 190
997 14 127
1003 42 383
1005 7 64
1013 14 129
1015 13 120
1021 7 65
1023 13 121
1029 14 131
1031 21 197
1037 7 66
1039 42 397
1047 21 200
1049 13 124
1055 42 403
1057 13 125
1063 3 29
1065 42 407
1071 42 409
1073 21 205
1079 21 206
1081 6 59
1083 13 128
1089 21 208
1091 13 129
1097 42 419
1099 1 10
1105 21 211
1107 14 141
1113 42 425
1115 7 71
1123 14 143
1125 13 133
1131 7 72
1133 13 134
1139 14 145
1141 21 218
1147 7 73
1149 42 439
1157 21 221
1159 13 137
1165 42 445
1167 13 138
1173 3 32
1175 42 449
1181 42 451
1183 21 226
1189 21 227
1191 6 65
1193 13 141
1199 21 229
1201 13 142
1207 42 461
1209 1 11
1215 21 232
1217 14 155
1223 42 467
1225 7 78
1233 14 157
1235 13 146
1241 7 79
1243 13 147
1249 14 159
1251 21 239
1257 7 80
1259 42 481
1267 21 242
1269 13 150
1275 42 487
1277 13 151
1283 3 35
1285 42 491
1291 42 493
1293 21 247
1299 21 248
1301 6 71
1303 13 154
1309 21 250
1311 13 155
1317 42 503
1319 1 12
1325 21 253
1327 14 169
1333 42 509
1335 7 85
1343 14 171
1345 13 159
1351 7 86
1353 13 160
1359 14 173
1361 21 260
1367 7 87
1369 42 523
1377 21 263
1379 13 163
1385 42 529
1387 13 164
1393 3 38
1395 42 533
1401 42 535
1403 21 268
1409 21 269
1411 6 77
1413 13 167
1419 21 271
1421 13 168
1427 42 545
1429 1 13
1435 21 274
1437 14 183
1443 42 551
1445 7 92
1453 14 185
1455 13 172
1461 7 93
1463 13 173
1469 14 187
1471 21 281
1477 7 94
1479 42 565
1487 21 284
1489 13 176
1495 42 571
1497 13 177
1503 3 41
1505 42 575
1511 42 577
1513 21 289
1519 21 290
1521 6 83
1523 13 180
1529 21 292
1531 13 181
1537 42 587
1539 1 14
1545 21 295
1547 14 197
1553 42 593
1555 7 99
1563 14 199
1565 13 185
1571 7 100
1573 13 186
1579 14 201
1581 21 302
1587 7 101
1589 42 607
1597 21 305
1599 13 189
1605 42 613
1607 13 190
1613 3 44
1615 42 617
1621 42 619
1623 21 310
1629 21 311
1631 6 89
1633 13 193
1639 21 313
1641 13 194
1647 42 629
1649 1 15
1655 21 316
1657 14 211
1663 42 635
1665 7 106
1673 14 213
1675 13 198
1681 7 107
1683 13 199
1689 14 215
1691 21 323
1697 7 108
1699 42 649
1707 21 326
1709 13 202
1715 42 655
1717 13 203
1723 3 47
1725 42 659
1731 42 661
1733 21 331
1739 21 332
1741 6 95
1743 13 206
1749 21 334
1751 13 207
1757 42 671
1759 1 16
1765 21 337
1767 14 225
1773 42 677
1775 7 113
1783 14 227
1785 13 211
1791 7 114
1793 13 212
1799 14 229
1801 21 344
1807 7 115
1809 42 691
1817 21 347
1819 13 215
1825 42 697
1827 13 216
1833 3 50
1835 42 701
1841 42 703
1843 21 352
1849 21 353
1851 6 101
1853 13 219
1859 21 355
1861 13 220
1867 42 713
1869 1 17
1875 21 358
1877 14 239
1883 42 719
1885 7 120
1893 14 241
1895 13 224
1901 7 121
1903 13 225
1909 14 243
1911 21 365
1917 7 122
1919 42 733
1927 21 368
1929 13 228
1935 42 739
1937 13 229
1943 3 53
1945 42 743
1951 42 745
1953 21 373
1959 21 374
1961 6 107
1963 13 232
1969 21 376
1971 13 233
1977 42 755
1979 1 18
1985 21 379
1987 14 253
1993 42 761
1995 7 127
2003 14 255
2005 13 237
2011 7 128
2013 13 238
2019 14 257
2021 21 386
2027 7 129
2029 42 775
2037 21 389
2039 13 241
2045 42 781
2047 13 242
2053 3 56
2055 42 785
2061 42 787
2063 21 394
2069 21 395
2071 6 113
2073 13 245
2079 21 397
2081 13 246
2087 42 797
2089 1 19
2095 21 400
2097 14 267
2103 42 803
2105 7 134
2113 14 269
2115 13 250
2121 7 135
2123 13 251
2129 14 271
2131 21 407
2137 7 136
2139 42 817
2147 21 410
2149 13 254
2155 42 823
2157 13 255
2163 3 59
2165 42 827
2171 42 829
2173 21 415
2179 21 416
2181 6 119
2183 13 258
2189 21 418
2191 13 259
2197 42 839
2199 1 20
2205 21 421
2207 14 281
2213 42 845
2215 7 141
2223 14 283
2225 13 263
2231 7 142
2233 13 264
2239 14 285
2241 21 428
2247 7 143
2249 42 859
2257 21 431
2259 13 267
2265 42 865
2267 13 268
2273 3 62
2275 42 869
2281 42 871
2283 21 436
2289 21 437
2291 6 125
2293 13 271
2299 21 439
2301 13 272
2307 42 881
2309 1 21
2315 21 442
2317 14 295
2323 42 887
2325 7 148
2333 14 297
2335 13 276
2341 7 149
2343 13 277
2349 14 299
2351 21 449
2357 7 150
2359 42 901
2367 21 452
2369 13 280
2375 42 907
2377 13 281
2383 3 65
2385 42 911
2391 42 913
2393 21 457
2399 21 458
2401 6 131
2403 13 284
2409 21 460
2411 13 285
2417 42 923
2419 1 22
2425 21 463
2427 14 309
2433 42 929
2435 7 155
2443 14 311
2445 13 289
2451 7 156
2453 13 290
2459 14 313
2461 21 470
2467 7 157
2469 42 943
2477 21 473
2479 13 293
2485 42 949
2487 13 294
2493 3 68
2495 42 953
2501 42 955
2503 21 478
2509 21 479
2511 6 137
2513 13 297
2519 21 481
2521 13 298
2527 42 965
2529 1 23
2535 21 484
2537 14 323
2543 42 971
2545 7 162
2553 14 325
2555 13 302
2561 7 163
2563 13 303
2569 14 327
2571 21 491
2577 7 164
2579 42 985
2587 21 494
2589 13 306
2595 42 991
2597 13 307
2603 3 71
2605 42 995
2611 42 997
2613 21 499
2619 21 500
2621 6 143
2623 13 310
2629 21 502
2631 13 311
2637 42 1007
2639 1 24
2645 21 505
2647 14 337
2653 42 1013
2655 7 169
2663 14 339
2665 13 315
2671 7 170
2673 13 316
2679 14 341
2681 21 512
2687 7 171
2689 42 1027
2697 21 515
2699 13 319
2705 42 1033
2707 13 320
2713 3 74
2715 42 1037
2721 42 1039
2723 21 520
2729 21 521
2731 6 149
2733 13 323
2739 21 523
2741 13 324
2747 42 1049
2749 1 25
2755 21 526
2757 14 351
2763 42 1055
2765 7 176
2773 14 353
2775 13 328
2781 7 177
2783 13 329
2789 14 355
2791 21 533
2797 7 178
2799 42 1069
2807 21 536
2809 13 332
2815 42 1075
2817 13 333
2823 3 77
2825 42 1079
2831 42 1081
2833 21 541
2839 21 542
2841 6 155
2843 13 336
2849 21 544
2851 13 337
2857 42 1091
2859 1 26
2865 21 547
2867 14 365
2873 42 1097
2875 7 183
2883 14 367
2885 13 341
2891 7 184
2893 13 342
2899 14 369
2901 21 554
2907 7 185
2909 42 1111
2917 21 557
2919 13 345
2925 42 1117
2927 13 346
2933 3 80
2935 42 1121
2941 42 1123
2943 21 562
2949 21 563
2951 6 161
2953 13 349
2959 21 565
2961 13 350
2967 42 1133
2969 1 27
2975 21 568
2977 14 379
2983 42 1139
2985 7 190
2993 14 381
2995 13 354
3001 7 191
3003 13 355
3009 14 383
3011 21 575
3017 7 192
3019 42 1153
3027 21 578
3029 13 358
3035 42 1159
3037 13 359
3043 3 83
3045 42 1163
3051 42 1165
3053 21 583
3059 21 584
3061 6 167
3063 13 362
3069 21 586
3071 13 363
3077 42 1175
3079 1 28
3085 21 589
3087 14 393
3093 42 1181
3095 7 197
3103 14 395
3105 13 367
3111 7 198
3113 13 368
3119 14 397
3121 21 596
3127 7 199
3129 42 1195
3137 21 599
3139 13 371
3145 42 1201
3147 13 372
3153 3 86
3155 42 1205
3161 42 1207
3163 21 604
3169 21 605
3171 6 173
3173 13 375
3179 21 607
3181 13 376
3187 42 1217
3189 1 29
3195 21 610
3197 14 407
3203 42 1223
3205 7 204
3213 14 409
3215 13 380
3221 7 205
3223 13 381
3229 14 411
3231 21 617
3237 7 206
3239 42 1237
3247 21 620
3249 13 384
3255 42 1243
3257 13 385
3263 3 89
3265 42 1247
3271 42 1249
3273 21 625
3279 21 626
3281 6 179
3283 13 388
3289 21 628
3291 13 389
3297 42 1259
3299 1 30
3305 21 631
3307 14 421
3313 42 1265
3315 7 211
3323 14 423
3325 13 393
3331 7 212
3333 13 394
3339 14 425
3341 21 638
3347 7 213
3349 42 1279
3357 21 641
3359 13 397
3365 42 1285
3367 13 398
3373 3 92
3375 42 1289
3381 42 1291
3383 21 646
3389 21 647
3391 6 185
3393 13 401
3399 21 649
3401 13 402
3407 42 1301
3409 1 31
3415 21 652
3417 14 435
3423 42 1307
3425 7 218
3433 14 437
3435 13 406
3441 7 219
3443 13 407
3449 14 439
3451 21 659
3457 7 220
3459 42 1321
3467 21 662
3469 13 410
3475 42 1327
3477 13 411
3483 3 95
3485 42 1331
3491 42 1333
3493 21 667
3499 21 668
3501 6 191
3503 13 414
3509 21 670
3511 13 415
3517 42 1343
3519 1 32
3525 21 673
3527 14 449
3533 42 1349
3535 7 225
3543 14 451
3545 13 419
3551 7 226
3553 13 420
3559 14 453
3561 21 680
3567 7 227
3569 42 1363
3577 21 683
3579 13 423
3585 42 1369
3587 13 424
3593 3 98
3595 42 1373
3601 42 1375
3603 21 688
3609 21 689
3611 6 197
3613 13 427
3619 21 691
3621 13 428
3627 42 1385
3629 1 33
3635 21 694
3637 14 463
3643 42 1391
3645 7 232
3653 14 465
3655 13 432
3661 7 233
3663 13 433
3669 14 467
3671 21 701
3677 7 234
3679 42 1405
3687 21 704
3689 13 436
3695 42 1411
3697 13 437
3703 3 101
3705 42 1415
3711 42 1417
3713 21 709
3719 21 710
3721 6 203
3723 13 440
3729 21 712
3731 13 441
3737 42 1427
3739 1 34
3745 21 715
3747 14 477
3753 42 1433
3755 7 239
3763 14 479
3765 13 445
3771 7 240
3773 13 446
3779 14 481
3781 21 722
3787 7 241
3789 42 1447
3797 21 725
3799 13 449
3805 42 1453
3807 13 450
3813 3 104
3815 42 1457
3821 42 1459
3823 21 730
3829 21 731
3831 6 209
3833 13 453
3839 21 733
3841 13 454
3847 42 1469
3849 1 35
3855 21 736
3857 14 491
3863 42 1475
3865 7 246
3873 14 493
3875 13 458
3881 7 247
3883 13 459
3889 14 495
3891 21 743
3897 7 248
3899 42 1489
3907 21 746
3909 13 462
3915 42 1495
3917 13 463
3923 3 107
3925 42 1499
3931 42 1501
3933 21 751
3939 21 752
3941 6 215
3943 13 466
3949 21 754
3951 13 467
3957 42 1511
3959 1 36
3965 21 757
3967 14 505
3973 42 1517
3975 7 253
3983 14 507
3985 13 471
3991 7 254
3993 13 472
3999 14 509
4001 21 764
4007 7 255
4009 42 1531
4017 21 767
4019 13 475
4025 42 1537
4027 13 476
4033 3 110
4035 42 1541
4041 42 1543
4043 21 772
4049 21 773
4051 6 221
4053 13 479
4059 21 775
4061 13 480
4067 42 1553
4069 1 37
4075 21 778
4077 14 519
4083 42 1559
4085 7 260
4093 14 521
4095 13 484
4101 7 261
4103 13 485
4109 14 523
4111 21 785
4117 7 262
4119 42 1573
4127 21 788
4129 13 488
4135 42 1579
4137 13 489
4143 3 113
4145 42 1583
4151 42 1585
4153 21 793
4159 21 794
4161 6 227
4163 13 492
4169 21 796
4171 13 493
4177 42 1595
4179 1 38
4185 21 799
4187 14 533
4193 42 1601
4195 7 267
4203 14 535
4205 13 497
4211 7 268
4213 13 498
4219 14 537
4221 21 806
4227 7 269
4229 42 1615
4237 21 809
4239 13 501
4245 42 1621
4247 13 502
4253 3 116
4255 42 1625
4261 42 1627
4263 21 814
4269 21 815
4271 6 233
4273 13 505
4279 21 817
4281 13 506
4287 42 1637
4289 1 39
4295 21 820
4297 14 547
4303 42 1643
4305 7 274
4313 14 549
4315 13 510
4321 7 275
4323 13 511
4329 14 551
4331 21 827
4337 7 276
4339 42 1657
4347 21 830
4349 13 514
4355 42 1663
4357 13 515
4363 3 119
4365 42 1667
4371 42 1669
4373 21 835
4379 21 836
4381 6 239
4383 13 518
4389 21 838
4391 13 519
4397 42 1679
4399 1 40
4405 21 841
4407 14 561
4413 42 1685
4415 7 281
4423 14 563
4425 13 523
4431 7 282
4433 13 524
4439 14 565
4441 21 848
4447 7 283
4449 42 1699
4457 21 851
4459 13 527
4465 42 1705
4467 13 528
4473 3 122
4475 42 1709
4481 42 1711
4483 21 856
4489 21 857
4491 6 245
4493 13 531
4499 21 859
4501 13 532
4507 42 1721
4509 1 41
4515 21 862
4517 14 575
4523 42 1727
4525 7 288
4533 14 577
4535 13 536
4541 7 289
4543 13 537
4549 14 579
4551 21 869
4557 7 290
4559 42 1741
4567 21 872
4569 13 540
4575 42 1747
4577 13 541
4583 3 125
4585 42 1751
4591 42 1753
4593 21 877
4599 21 878
4601 6 251
4603 13 544
4609 21 880
4611 13 545
4617 42 1763
4619 1 42
4625 21 883
4627 14 589
4633 42 1769
4635 7 295
4643 14 591
4645 13 549
4651 7 296
4653 13 550
4659 14 593
4661 21 890
4667 7 297
4669 42 1783
4677 21 893
4679 13 553
4685 42 1789
4687 13 554
4693 3 128
4695 42 1793
4701 42 1795
4703 21 898
4709 21 899
4711 6 257
4713 13 557
4719 21 901
4721 13 558
4727 42 1805
4729 1 43
4735 21 904
4737 14 603
4743 42 1811
4745 7 302
4753 14 605
4755 13 562
4761 7 303
4763 13 563
4769 14 607
4771 21 911
4777 7 304
4779 42 1825
4787 21 914
4789 13 566
4795 42 1831
4797 13 567
4803 3 131
4805 42 1835
4811 42 1837
4813 21 919
4819 21 920
4821 6 263
4823 13 570
4829 21 922
4831 13 571
4837 42 1847
4839 1 44
4845 21 925
4847 14 617
4853 42 1853
4855 7 309
4863 14 619
4865 13 575
4871 7 310
4873 13 576
4879 14 621
4881 21 932
4887 7 311
4889 42 1867
4897 21 935
4899 13 579
4905 42 1873
4907 13 580
4913 3 134
4915 42 1877
4921 42 1879
4923 21 940
4929 21 941
4931 6 269
4933 13 583
4939 21 943
4941 13 584
4947 42 1889
4949 1 45
4955 21 946
4957 14 631
4963 42 1895
4965 7 316
4973 14 633
4975 13 588
4981 7 317
4983 13 589
4989 14 635
4991 21 953
4997 7 318
4999 42 1909
5007 21 956
5009 13 592
5015 42 1915
5017 13 593
5023 3 137
5025 42 1919
5031 42 1921
5033 21 961
5039 21 962
5041 6 275
5043 13 596
5049 21 964
5051 13 597
5057 42 1931
5059 1 46
5065 21 967
5067 14 645
5073 42 1937
5075 7 323
5083 14 647
5085 13 601
5091 7 324
5093 13 602
5099 14 649
5101 21 974
5107 7 325
5109 42 1951
5117 21 977
5119 13 605
5125 42 1957
5127 13 606
5133 3 140
5135 42 1961
5141 42 1963
5143 21 982
5149 21 983
5151 6 281
5153 13 609
5159 21 985
5161 13 610
5167 42 1973
5169 1 47
5175 21 988
5177 14 659
5183 42 1979
5185 7 330
5193 14 661
5195 13 614
5201 7 331
5203 13 615
5209 14 663
5211 21 995
5217 7 332
5219 42 1993
5227 21 998
5229 13 618
5235 42 1999
5237 13 619
5243 3 143
5245 42 2003
5251 42 2005
5253 21 1003
5259 21 1004
5261 6 287
5263 13 622
5269 21 1006
5271 13 623
5277 42 2015
5279 1 48
5285 21 1009
5287 14 673
5293 42 2021
5295 7 337
5303 14 675
5305 13 627
5311 7 338
5313 13 628
5319 14 677
5321 21 1016
5327 7 339
5329 42 2035
5337 21 1019
5339 13 631
5345 42 2041
5347 13 632
5353 3 146
5355 42 2045
5361 42 2047
5363 21 1024
5369 21 1025
5371 6 293
5373 13 635
5379 21 1027
5381 13 636
5387 42 2057
5389 1 49
5395 21 1030
5397 14 687
5403 42 2063
5405 7 344
5413 14 689
5415 13 640
5421 7 345
5423 13 641
5429 14 691
5431 21 1037
5437 7 346
5439 42 2077
5447 21 1040
5449 13 644
5455 42 2083
5457 13 645
5463 3 149
5465 42 2087
5471 42 2089
5473 21 1045
5479 21 1046
5481 6 299
5483 13 648
5489 21 1048
5491 13 649
5497 42 2099
5499 1 50
5505 21 1051
5507 14 701
5513 42 2105
5515 7 351
5523 14 703
5525 13 653
5531 7 352
5533 13 654
5539 14 705
5541 21 1058
5547 7 353
5549 42 2119
5557 21 1061
5559 13 657
5565 42 2125
5567 13 658
5573 3 152
5575 42 2129
5581 42 2131
5583 21 1066
5589 21 1067
5591 6 305
5593 13 661
5599 21 1069
5601 13 662
5607 42 2141
5609 1 51
5615 21 1072
5617 14 715
5623 42 2147
5625 7 358
5633 14 717
5635 13 666
5641 7 359
5643 13 667
5649 14 719
5651 21 1079
5657 7 360
5659 42 2161
5667 21 1082
5669 13 670
5675 42 2167
5677 13 671
5683 3 155
5685 42 2171
5691 42 2173
5693 21 1087
5699 21 1088
5701 6 311
5703 13 674
5709 21 1090
5711 13 675
5717 42 2183
5719 1 52
5725 21 1093
5727 14 729
5733 42 2189
5735 7 365
5743 14 731
5745 13 679
5751 7 366
5753 13 680
5759 14 733
5761 21 1100
5767 7 367
5769 42 2203
5777 21 1103
5779 13 683
5785 42 2209
5787 13 684
5793 3 158
5795 42 2213
5801 42 2215
5803 21 1108
5809 21 1109
5811 6 317
5813 13 687
5819 21 1111
5821 13 688
5827 42 2225
5829 1 53
5835 21 1114
5837 14 743
5843 42 2231
5845 7 372
5853 14 745
5855 13 692
5861 7 373
5863 13 693
5869 14 747
5871 21 1121
5877 7 374
5879 42 2245
5887 21 1124
5889 13 696
5895 42 2251
5897 13 697
5903 3 161
5905 42 2255
5911 42 2257
5913 21 1129
5919 21 1130
5921 6 323
5923 13 700
5929 21 1132
5931 13 701
5937 42 2267
5939 1 54
5945 21 1135
5947 14 757
5953 42 2273
5955 7 379
5963 14 759
5965 13 705
5971 7 380
5973 13 706
5979 14 761
5981 21 1142
5987 7 381
5989 42 2287
5997 21 1145
5999 13 709
6005 42 2293
6007 13 710
6013 3 164
6015 42 2297
6021 42 2299
6023 21 1150
6029 21 1151
6031 6 329
6033 13 713
6039 21 1153
6041 13 714
6047 42 2309
6049 1 55
6055 21 1156
6057 14 771
6063 42 2315
6065 7 386
6073 14 773
6075 13 718
6081 7 387
6083 13 719
6089 14 775
6091 21 1163
6097 7 388
6099 42 2329
6107 21 1166
6109 13 722
6115 42 2335
6117 13 723
6123 3 167
6125 42 2339
6131 42 2341
6133 21 1171
6139 21 1172
6141 6 335
6143 13 726
6149 21 1174
6151 13 727
6157 42 2351
6159 1 56
6165 21 1177
6167 14 785
6173 42 2357
6175 7 393
6183 14 787
6185 13 731
6191 7 394
6193 13 732
6199 14 789
6201 21 1184
6207 7 395
6209 42 2371
6217 21 1187
6219 13 735
6225 42 2377
6227 13 736
6233 3 170
6235 42 2381
6241 42 2383
6243 21 1192
6249 21 1193
6251 6 341
6253 13 739
6259 21 1195
6261 13 740
6267 42 2393
6269 1 57
6275 21 1198
6277 14 799
6283 42 2399
6285 7 400
6293 14 801
6295 13 744
6301 7 401
6303 13 745
6309 14 803
6311 21 1205
6317 7 402
6319 42 2413
6327 21 1208
6329 13 748
6335 42 2419
6337 13 749
6343 3 173
6345 42 2423
6351 42 2425
6353 21 1213
6359 21 1214
6361 6 347
6363 13 752
6369 21 1216
6371 13 753
6377 42 2435
6379 1 58
6385 21 1219
6387 14 813
6393 42 2441
6395 7 407
6403 14 815
6405 13 757
6411 7 408
6413 13 758
6419 14 817
6421 21 1226
6427 7 409
6429 42 2455
6437 21 1229
6439 13 761
6445 42 2461
6447 13 762
6453 3 176
6455 42 2465
6461 42 2467
6463 21 1234
6469 21 1235
6471 6 353
6473 13 765
6479 21 1237
6481 13 766
6487 42 2477
6489 1 59
6495 21 1240
6497 14 827
6503 42 2483
6505 7 414
6513 14 829
6515 13 770
6521 7 415
6523 13 771
6529 14 831
6531 21 1247
6537 7 416
6539 42 2497
6547 21 1250
6549 13 774
6555 42 2503
6557 13 775
6563 3 179
6565 42 2507
6571 42 2509
6573 21 1255
6579 21 1256
6581 6 359
6583 13 778
6589 21 1258
6591 13 779
6597 42 2519
6599 1 60
6605 21 1261
6607 14 841
6613 42 2525
6615 7 421
6623 14 843
6625 13 783
6631 7 422
6633 13 784
6639 14 845
6641 21 1268
6647 7 423
6649 42 2539
6657 21 1271
6659 13 787
6665 42 2545
6667 13 788
6673 3 182
6675 42 2549
6681 42 2551
6683 21 1276
6689 21 1277
6691 6 365
6693 13 791
6699 21 1279
6701 13 792
6707 42 2561
6709 1 61
6715 21 1282
6717 14 855
6723 42 2567
6725 7 428
6733 14 857
6735 13 796
6741 7 429
6743 13 797
6749 14 859
6751 21 1289
6757 7 430
6759 42 2581
6767 21 1292
6769 13 800
6775 42 2587
6777 13 801
6783 3 185
6785 42 2591
6791 42 2593
6793 21 1297
6799 21 1298
6801 6 371
6803 13 804
6809 21 1300
6811 13 805
6817 42 2603
6819 1 62
6825 21 1303
6827 14 869
6833 42 2609
6835 7 435
6843 14 871
6845 13 809
6851 7 436
6853 13 810
6859 14 873
6861 21 1310
6867 7 437
6869 42 2623
6877 21 1313
6879 13 813
6885 42 2629
6887 13 814
6893 3 188
6895 42 2633
6901 42 2635
6903 21 1318
6909 21 1319
6911 6 377
6913 13 817
6919 21 1321
6921 13 818
6927 42 2645
6929 1 63
6935 21 1324
6937 14 883
6943 42 2651
6945 7 442
6953 14 885
6955 13 822
6961 7 443
6963 13 823
6969 14 887
6971 21 1331
6977 7 444
6979 42 2665
6987 21 1334
6989 13 826
6995 42 2671
6997 13 827
7003 3 191
7005 42 2675
7011 42 2677
7013 21 1339
7019 21 1340
7021 6 383
7023 13 830
7029 21 1342
7031 13 831
7037 42 2687
7039 1 64
7045 21 1345
7047 14 897
7053 42 2693
7055 7 449
7063 14 899
7065 13 835
7071 7 450
7073 13 836
7079 14 901
7081 21 1352
7087 7 451
7089 42 2707
7097 21 1355
7099 13 839
7105 42 2713
7107 13 840
7113 3 194
7115 42 2717
7121 42 2719
7123 21 1360
7129 21 1361
7131 6 389
7133 13 843
7139 21 1363
7141 13 844
7147 42 2729
7149 1 65
7155 21 1366
7157 14 911
7163 42 2735
7165 7 456
7173 14 913
7175 13 848
7181 7 457
7183 13 849
7189 14 915
7191 21 1373
7197 7 458
7199 42 2749
7207 21 1376
7209 13 852
7215 42 2755
7217 13 853
7223 3 197
7225 42 2759
7231 42 2761
7233 21 1381
7239 21 1382
7241 6 395
7243 13 856
7249 21 1384
7251 13 857
7257 42 2771
7259 1 66
7265 21 1387
7267 14 925
7273 42 2777
7275 7 463
7283 14 927
7285 13 861
7291 7 464
7293 13 862
7299 14 929
7301 21 1394
7307 7 465
7309 42 2791
7317 21 1397
7319 13 865
7325 42 2797
7327 13 866
7333 3 200
7335 42 2801
7341 42 2803
7343 21 1402
7349 21 1403
7351 6 401
7353 13 869
7359 21 1405
7361 13 870
7367 42 2813
7369 1 67
7375 21 1408
7377 14 939
7383 42 2819
7385 7 470
7393 14 941
7395 13 874
7401 7 471
7403 13 875
7409 14 943
7411 21 1415
7417 7 472
7419 42 2833
7427 21 1418
7429 13 878
7435 42 2839
7437 13 879
7443 3 203
7445 42 2843
7451 42 2845
7453 21 1423
7459 21 1424
7461 6 407
7463 13 882
7469 21 1426
7471 13 883
7477 42 2855
7479 1 68
7485 21 1429
7487 14 953
7493 42 2861
7495 7 477
7503 14 955
7505 13 887
7511 7 478
7513 13 888
7519 14 957
7521 21 1436
7527 7 479
7529 42 2875
7537 21 1439
7539 13 891
7545 42 2881
7547 13 892
7553 3 206
7555 42 2885
7561 42 2887
7563 21 1444
7569 21 1445
7571 6 413
7573 13 895
7579 21 1447
7581 13 896
7587 42 2897
7589 1 69
7595 21 1450
7597 14 967
7603 42 2903
7605 7 484
7613 14 969
7615 13 900
7621 7 485
7623 13 901
7629 14 971
7631 21 1457
7637 7 486
7639 42 2917
7647 21 1460
7649 13 904
7655 42 2923
7657 13 905
7663 3 209
7665 42 2927
7671 42 2929
7673 21 1465
7679 21 1466
7681 6 419
7683 13 908
7689 21 1468
7691 13 909
7697 42 2939
7699 1 70
7705 21 1471
7707 14 981
7713 42 2945
7715 7 491
7723 14 983
7725 13 913
7731 7 492
7733 13 914
7739 14 985
7741 21 1478
7747 7 493
7749 42 2959
7757 21 1481
7759 13 917
7765 42 2965
7767 13 918
7773 3 212
7775 42 2969
7781 42 2971
7783 21 1486
7789 21 1487
7791 6 425
7793 13 921
7799 21 1489
7801 13 922
7807 42 2981
7809 1 71
7815 21 1492
7817 14 995
7823 42 2987
7825 7 498
7833 14 997
7835 13 926
7841 7 499
7843 13 927
7849 14 999
7851 21 1499
7857 7 500
7859 42 3001
7867 21 1502
7869 13 930
7875 42 3007
7877 13 931
7883 3 215
7885 42 3011
7891 42 3013
7893 21 1507
7899 21 1508
7901 6 431
7903 13 934
7909 21 1510
7911 13 935
7917 42 3023
7919 1 72
7925 21 1513
7927 14 1009
7933 42 3029
7935 7 505
7943 14 1011
7945 13 939
7951 7 506
7953 13 940
7959 14 1013
7961 21 1520
7967 7 507
7969 42 3043
7977 21 1523
7979 13 943
7985 42 3049
7987 13 944
7993 3 218
7995 42 3053
8001 42 3055
8003 21 1528
8009 21 1529
8011 6 437
8013 13 947
8019 21 1531
8021 13 948
8027 42 3065
8029 1 73
8035 21 1534
8037 14 1023
8043 42 3071
8045 7 512
8053 14 1025
8055 13 952
8061 7 513
8063 13 953
8069 14 1027
8071 21 1541
8077 7 514
8079 42 3085
8087 21 1544
8089 13 956
8095 42 3091
8097 13 957
8103 3 221
8105 42 3095
8111 42 3097
8113 21 1549
8119 21 1550
8121 6 443
8123 13 960
8129 21 1552
8131 13 961
8137 42 3107
8139 1 74
8145 21 1555
8147 14 1037
8153 42 3113
8155 7 519
8163 14 1039
8165 13 965
8171 7 520
8173 13 966
8179 14 1041
8181 21 1562
8187 7 521
8189 42 3127
8197 21 1565
8199 13 969
8205 42 3133
8207 13 970
8213 3 224
8215 42 3137
8221 42 3139
8223 21 1570
8229 21 1571
8231 6 449
8233 13 973
8239 21 1573
8241 13 974
8247 42 3149
8249 1 75
8255 21 1576
8257 14 1051
8263 42 3155
8265 7 526
8273 14 1053
8275 13 978
8281 7 527
8283 13 979
8289 14 1055
8291 21 1583
8297 7 528
8299 42 3169
8307 21 1586
8309 13 982
8315 42 3175
8317 13 983
8323 3 227
8325 42 3179
8331 42 3181
8333 21 1591
8339 21 1592
8341 6 455
8343 13 986
8349 21 1594
8351 13 987
8357 42 3191
8359 1 76
8365 21 1597
8367 14 1065
8373 42 3197
8375 7 533
8383 14 1067
8385 13 991
8391 7 534
8393 13 992
8399 14 1069
8401 21 1604
8407 7 535
8409 42 3211
8417 21 1607
8419 13 995
8425 42 3217
8427 13 996
8433 3 230
8435 42 3221
8441 42 3223
8443 21 1612
8449 21 1613
8451 6 461
8453 13 999
8459 21 1615
8461 13 1000
8467 42 3233
8469 1 77
8475 21 1618
8477 14 1079
8483 42 3239
8485 7 540
8493 14 1081
8495 13 1004
8501 7 541
8503 13 1005
8509 14 1083
8511 21 1625
8517 7 542
8519 42 3253
8527 21 1628
8529 13 1008
8535 42 3259
8537 13 1009
8543 3 233
8545 42 3263
8551 42 3265
8553 21 1633
8559 21 1634
8561 6 467
8563 13 1012
8569 21 1636
8571 13 1013
8577 42 3275
8579 1 78
8585 21 1639
8587 14 1093
8593 42 3281
8595 7 547
8603 14 1095
8605 13 1017
8611 7 548
8613 13 1018
8619 14 1097
8621 21 1646
8627 7 549
8629 42 3295
8637 21 1649
8639 13 1021
8645 42 3301
8647 13 1022
8653 3 236
8655 42 3305
8661 42 3307
8663 21 1654
8669 21 1655
8671 6 473
8673 13 1025
8679 21 1657
8681 13 1026
8687 42 3317
8689 1 79
8695 21 1660
8697 14 1107
8703 42 3323
8705 7 554
8713 14 1109
8715 13 1030
8721 7 555
8723 13 1031
8729 14 1111
8731 21 1667
8737 7 556
8739 42 3337
8747 21 1670
8749 13 1034
8755 42 3343
8757 13 1035
8763 3 239
8765 42 3347
8771 42 3349
8773 21 1675
8779 21 1676
8781 6 479
8783 13 1038
8789 21 1678
8791 13 1039
8797 42 3359
8799 1 80
8805 21 1681
8807 14 1121
8813 42 3365
8815 7 561
8823 14 1123
8825 13 1043
8831 7 562
8833 13 1044
8839 14 1125
8841 21 1688
8847 7 563
8849 42 3379
8857 21 1691
8859 13 1047
8865 42 3385
8867 13 1048
8873 3 242
8875 42 3389
8881 42 3391
8883 21 1696
8889 21 1697
8891 6 485
8893 13 1051
8899 21 1699
8901 13 1052
8907 42 3401
8909 1 81
8915 21 1702
8917 14 1135
8923 42 3407
8925 7 568
8933 14 1137
8935 13 1056
8941 7 569
8943 13 1057
8949 14 1139
8951 21 1709
8957 7 570
8959 42 3421
8967 21 1712
8969 13 1060
8975 42 3427
8977 13 1061
8983 3 245
8985 42 3431
8991 42 3433
8993 21 1717
8999 21 1718
9001 6 491
9003 13 1064
9009 21 1720
9011 13 1065
9017 42 3443
9019 1 82
9025 21 1723
9027 14 1149
9033 42 3449
9035 7 575
9043 14 1151
9045 13 1069
9051 7 576
9053 13 1070
9059 14 1153
9061 21 1730
9067 7 577
9069 42 3463
9077 21 1733
9079 13 1073
9085 42 3469
9087 13 1074
9093 3 248
9095 42 3473
9101 42 3475
9103 21 1738
9109 21 1739
9111 6 497
9113 13 1077
9119 21 1741
9121 13 1078
9127 42 3485
9129 1 83
9135 21 1744
9137 14 1163
9143 42 3491
9145 7 582
9153 14 1165
9155 13 1082
9161 7 583
9163 13 1083
9169 14 1167
9171 21 1751
9177 7 584
9179 42 3505
9187 21 1754
9189 13 1086
9195 42 3511
9197 13 1087
9203 3 251
9205 42 3515
9211 42 3517
9213 21 1759
9219 21 1760
9221 6 503
9223 13 1090
9229 21 1762
9231 13 1091
9237 42 3527
9239 1 84
9245 21 1765
9247 14 1177
9253 42 3533
9255 7 589
9263 14 1179
9265 13 1095
9271 7 590
9273 13 1096
9279 14 1181
9281 21 1772
9287 7 591
9289 42 3547
9297 21 1775
9299 13 1099
9305 42 3553
9307 13 1100
9313 3 254
9315 42 3557
9321 42 3559
9323 21 1780
9329 21 1781
9331 6 509
9333 13 1103
9339 21 1783
9341 13 1104
9347 42 3569
9349 1 85
9355 21 1786
9357 14 1191
9363 42 3575
9365 7 596
9373 14 1193
9375 13 1108
9381 7 597
9383 13 1109
9389 14 1195
9391 21 1793
9397 7 598
9399 42 3589
9407 21 1796
9409 13 1112
9415 42 3595
9417 13 1113
9423 3 257
9425 42 3599
9431 42 3601
9433 21 1801
9439 21 1802
9441 6 515
9443 13 1116
9449 21 1804
9451 13 1117
9457 42 3611
9459 1 86
9465 21 1807
9467 14 1205
9473 42 3617
9475 7 603
9483 14 1207
9485 13 1121
9491 7 604
9493 13 1122
9499 14 1209
9501 21 1814
9507 7 605
9509 42 3631
9517 21 1817
9519 13 1125
9525 42 3637
9527 13 1126
9533 3 260
9535 42 3641
9541 42 3643
9543 21 1822
9549 21 1823
9551 6 521
9553 13 1129
9559 21 1825
9561 13 1130
9567 42 3653
9569 1 87
9575 21 1828
9577 14 1219
9583 42 3659
9585 7 610
9593 14 1221
9595 13 1134
9601 7 611
9603 13 1135
9609 14 1223
9611 21 1835
9617 7 612
9619 42 3673
9627 21 1838
9629 13 1138
9635 42 3679
9637 13 1139
9643 3 263
9645 42 3683
9651 42 3685
9653 21 1843
9659 21 1844
9661 6 527
9663 13 1142
9669 21 1846
9671 13 1143
9677 42 3695
9679 1 88
9685 21 1849
9687 14 1233
9693 42 3701
9695 7 617
9703 14 1235
9705 13 1147
9711 7 618
9713 13 1148
9719 14 1237
9721 21 1856
9727 7 619
9729 42 3715
9737 21 1859
9739 13 1151
9745 42 3721
9747 13 1152
9753 3 266
9755 42 3725
9761 42 3727
9763 21 1864
9769 21 1865
9771 6 533
9773 13 1155
9779 21 1867
9781 13 1156
9787 42 3737
9789 1 89
9795 21 1870
9797 14 1247
9803 42 3743
9805 7 624
9813 14 1249
9815 13 1160
9821 7 625
9823 13 1161
9829 14 1251
9831 21 1877
9837 7 626
9839 42 3757
9847 21 1880
9849 13 1164
9855 42 3763
9857 13 1165
9863 3 269
9865 42 3767
9871 42 3769
9873 21 1885
9879 21 1886
9881 6 539
9883 13 1168
9889 21 1888
9891 13 1169
9897 42 3779
9899 1 90
9905 21 1891
9907 14 1261
9913 42 3785
9915 7 631
9923 14 1263
9925 13 1173
9931 7 632
9933 13 1174
9939 14 1265
9941 21 1898
9947 7 633
9949 42 3799
9957 21 1901
9959 13 1177
9965 42 3805
9967 13 1178
9973 3 272
9975 42 3809
9981 42 3811
9983 21 1906
9989 21 1907
9991 6 545
9993 13 1181
9999 21 1909
10001 13 1182
10007 42 3821
10009 1 91
10015 21 1912
10017 14 1275
10023 42 3827
10025 7 638
10033 14 1277
10035 13 1186
10041 7 639
10043 13 1187
10049 14 1279
10051 21 1919
10057 7 640
10059 42 3841
10067 21 1922
10069 13 1190
10075 42 3847
10077 13 1191
10083 3 275
10085 42 3851
10091 42 3853
10093 21 1927
10099 21 1928
10101 6 551
10103 13 1194
10109 21 1930
10111 13 1195
10117 42 3863
10119 1 92
10125 21 1933
10127 14 1289
10133 42 3869
10135 7 645
10143 14 1291
10145 13 1199
10151 7 646
10153 13 1200
10159 14 1293
10161 21 1940
10167 7 647
10169 42 3883
10177 21 1943
10179 13 1203
10185 42 3889
10187 13 1204
10193 3 278
10195 42 3893
10201 42 3895
10203 21 1948
10209 21 1949
10211 6 557
10213 13 1207
10219 21 1951
10221 13 1208
10227 42 3905
10229 1 93
10235 21 1954
10237 14 1303
10243 42 3911
10245 7 652
10253 14 1305
10255 13 1212
10261 7 653
10263 13 1213
10269 14 1307
10271 21 1961
10277 7 654
10279 42 3925
10287 21 1964
10289 13 1216
10295 42 3931
10297 13 1217
10303 3 281
10305 42 3935
10311 42 3937
10313 21 1969
10319 21 1970
10321 6 563
10323 13 1220
10329 21 1972
10331 13 1221
10337 42 3947
10339 1 94
10345 21 1975
10347 14 1317
10353 42 3953
10355 7 659
10363 14 1319
10365 13 1225
10371 7 660
10373 13 1226
10379 14 1321
10381 21 1982
10387 7 661
10389 42 3967
10397 21 1985
10399 13 1229
10405 42 3973
10407 13 1230
10413 3 284
10415 42 3977
10421 42 3979
10423 21 1990
10429 21 1991
10431 6 569
10433 13 1233
10439 21 1993
10441 13 1234
10447 42 3989
10449 1 95
10455 21 1996
10457 14 1331
10463 42 3995
10465 7 666
10473 14 1333
10475 13 1238
10481 7 667
10483 13 1239
10489 14 1335
10491 21 2003
10497 7 668
10499 42 4009
10507 21 2006
10509 13 1242
10515 42 4015
10517 13 1243
10523 3 287
10525 42 4019
10531 42 4021
10533 21 2011
10539 21 2012
10541 6 575
10543 13 1246
10549 21 2014
10551 13 1247
10557 42 4031
10559 1 96
10565 21 2017
10567 14 1345
10573 42 4037
10575 7 673
10583 14 1347
10585 13 1251
10591 7 674
10593 13 1252
10599 14 1349
10601 21 2024
10607 7 675
10609 42 4051
10617 21 2027
10619 13 1255
10625 42 4057
10627 13 1256
10633 3 290
10635 42 4061
10641 42 4063
10643 21 2032
10649 21 2033
10651 6 581
10653 13 1259
10659 21 2035
10661 13 1260
10667 42 4073
10669 1 97
10675 21 2038
10677 14 1359
10683 42 4079
10685 7 680
10693 14 1361
10695 13 1264
10701 7 681
10703 13 1265
10709 14 1363
10711 21 2045
10717 7 682
10719 42 4093
10727 21 2048
10729 13 1268
10735 42 4099
10737 13 1269
10743 3 293
10745 42 4103
10751 42 4105
10753 21 2053
10759 21 2054
10761 6 587
10763 13 1272
10769 21 2056
10771 13 1273
10777 42 4115
10779 1 98
10785 21 2059
10787 14 1373
10793 42 4121
10795 7 687
10803 14 1375
10805 13 1277
10811 7 688
10813 13 1278
10819 14 1377
10821 21 2066
10827 7 689
10829 42 4135
10837 21 2069
10839 13 1281
10845 42 4141
10847 13 1282
10853 3 296
10855 42 4145
10861 42 4147
10863 21 2074
10869 21 2075
10871 6 593
10873 13 1285
10879 21 2077
10881 13 1286
10887 42 4157
10889 1 99
10895 21 2080
10897 14 1387
10903 42 4163
10905 7 694
10913 14 1389
10915 13 1290
10921 7 695
10923 13 1291
10929 14 1391
10931 21 2087
10937 7 696
10939 42 4177
10947 21 2090
10949 13 1294
10955 42 4183
10957 13 1295
10963 3 299
10965 42 4187
10971 42 4189
10973 21 2095
10979 21 2096
10981 6 599
10983 13 1298
10989 21 2098
10991 13 1299
10997 42 4199
10999 1 100
11005 21 2101
11007 14 1401
11013 42 4205
11015 7 701
11023 14 1403
11025 13 1303
11031 7 702
11033 13 1304
11039 14 1405
11041 21 2108
11047 7 703
11049 42 4219
11057 21 2111
11059 13 1307
11065 42 4225
11067 13 1308
11073 3 302
11075 42 4229
11081 42 4231
11083 21 2116
11089 21 2117
11091 6 605
11093 13 1311
11099 21 2119
11101 13 1312
11107 42 4241
11109 1 101
11115 21 2122
11117 14 1415
11123 42 4247
11125 7 708
11133 14 1417
11135 13 1316
11141 7 709
11143 13 1317
11149 14 1419
11151 21 2129
11157 7 710
11159 42 4261
11167 21 2132
11169 13 1320
11175 42 4267
11177 13 1321
11183 3 305
11185 42 4271
11191 42 4273
11193 21 2137
11199 21 2138
11201 6 611
11203 13 1324
11209 21 2140
11211 13 1325
11217 42 4283
11219 1 102
11225 21 2143
11227 14 1429
11233 42 4289
11235 7 715
11243 14 1431
11245 13 1329
11251 7 716
11253 13 1330
11259 14 1433
11261 21 2150
11267 7 717
11269 42 4303
11277 21 2153
11279 13 1333
11285 42 4309
11287 13 1334
11293 3 308
11295 42 4313
11301 42 4315
11303 21 2158
11309 21 2159
11311 6 617
11313 13 1337
11319 21 2161
11321 13 1338
11327 42 4325
11329 1 103
11335 21 2164
11337 14 1443
11343 42 4331
11345 7 722
11353 14 1445
11355 13 1342
11361 7 723
11363 13 1343
11369 14 1447
11371 21 2171
11377 7 724
11379 42 4345
11387 21 2174
11389 13 1346
11395 42 4351
11397 13 1347
11403 3 311
11405 42 4355
11411 42 4357
11413 21 2179
11419 21 2180
11421 6 623
11423 13 1350
11429 21 2182
11431 13 1351
11437 42 4367
11439 1 104
11445 21 2185
11447 14 1457
11453 42 4373
11455 7 729
11463 14 1459
11465 13 1355
11471 7 730
11473 13 1356
11479 14 1461
11481 21 2192
11487 7 731
11489 42 4387
11497 21 2195
11499 13 1359
11505 42 4393
11507 13 1360
11513 3 314
11515 42 4397
11521 42 4399
11523 21 2200
11529 21 2201
11531 6 629
11533 13 1363
11539 21 2203
11541 13 1364
11547 42 4409
11549 1 105
11555 21 2206
11557 14 1471
11563 42 4415
11565 7 736
11573 14 1473
11575 13 1368
11581 7 737
11583 13 1369
11589 14 1475
11591 21 2213
11597 7 738
11599 42 4429
11607 21 2216
11609 13 1372
11615 42 4435
11617 13 1373
11623 3 317
11625 42 4439
11631 42 4441
11633 21 2221
11639 21 2222
11641 6 635
11643 13 1376
11649 21 2224
11651 13 1377
11657 42 4451
11659 1 106
11665 21 2227
11667 14 1485
11673 42 4457
11675 7 743
11683 14 1487
11685 13 1381
11691 7 744
11693 13 1382
11699 14 1489
11701 21 2234
11707 7 745
11709 42 4471
11717 21 2237
11719 13 1385
11725 42 4477
11727 13 1386
11733 3 320
11735 42 4481
11741 42 4483
11743 21 2242
11749 21 2243
11751 6 641
11753 13 1389
11759 21 2245
11761 13 1390
11767 42 4493
11769 1 107
11775 21 2248
11777 14 1499
11783 42 4499
11785 7 750
11793 14 1501
11795 13 1394
11801 7 751
11803 13 1395
11809 14 1503
11811 21 2255
11817 7 752
11819 42 4513
11827 21 2258
11829 13 1398
11835 42 4519
11837 13 1399
11843 3 323
11845 42 4523
11851 42 4525
11853 21 2263
11859 21 2264
11861 6 647
11863 13 1402
11869 21 2266
11871 13 1403
11877 42 4535
11879 1 108
11885 21 2269
11887 14 1513
11893 42 4541
11895 7 757
11903 14 1515
11905 13 1407
11911 7 758
11913 13 1408
11919 14 1517
11921 21 2276
11927 7 759
11929 42 4555
11937 21 2279
11939 13 1411
11945 42 4561
11947 13 1412
11953 3 326
11955 42 4565
11961 42 4567
11963 21 2284
11969 21 2285
11971 6 653
11973 13 1415
11979 21 2287
11981 13 1416
11987 42 4577
11989 1 109
11995 21 2290
11997 14 1527
12003 42 4583
12005 7 764
12013 14 1529
12015 13 1420
12021 7 765
12023 13 1421
12029 14 1531
12031 21 2297
12037 7 766
12039 42 4597
12047 21 2300
12049 13 1424
12055 42 4603
12057 13 1425
12063 3 329
12065 42 4607
12071 42 4609
12073 21 2305
12079 21 2306
12081 6 659
12083 13 1428
12089 21 2308
12091 13 1429
12097 42 4619
12099 1 110
12105 21 2311
12107 14 1541
12113 42 4625
12115 7 771
12123 14 1543
12125 13 1433
12131 7 772
12133 13 1434
12139 14 1545
12141 21 2318
12147 7 773
12149 42 4639
12157 21 2321
12159 13 1437
12165 42 4645
12167 13 1438
12173 3 332
12175 42 4649
12181 42 4651
12183 21 2326
12189 21 2327
12191 6 665
12193 13 1441
12199 21 2329
12201 13 1442
12207 42 4661
12209 1 111
12215 21 2332
12217 14 1555
12223 42 4667
12225 7 778
12233 14 1557
12235 13 1446
12241 7 779
12243 13 1447
12249 14 1559
12251 21 2339
12257 7 780
12259 42 4681
12267 21 2342
12269 13 1450
12275 42 4687
12277 13 1451
12283 3 335
12285 42 4691
12291 42 4693
12293 21 2347
12299 21 2348
12301 6 671
12303 13 1454
12309 21 2350
12311 13 1455
12317 42 4703
12319 1 112
12325 21 2353
12327 14 1569
12333 42 4709
12335 7 785
12343 14 1571
12345 13 1459
12351 7 786
12353 13 1460
12359 14 1573
12361 21 2360
12367 7 787
12369 42 4723
12377 21 2363
12379 13 1463
12385 42 4729
12387 13 1464
12393 3 338
12395 42 4733
12401 42 4735
12403 21 2368
12409 21 2369
12411 6 677
12413 13 1467
12419 21 2371
12421 13 1468
12427 42 4745
12429 1 113
12435 21 2374
12437 14 1583
12443 42 4751
12445 7 792
12453 14 1585
12455 13 1472
12461 7 793
12463 13 1473
12469 14 1587
12471 21 2381
12477 7 794
12479 42 4765
12487 21 2384
12489 13 1476
12495 42 4771
12497 13 1477
12503 3 341
12505 42 4775
12511 42 4777
12513 21 2389
12519 21 2390
12521 6 683
12523 13 1480
12529 21 2392
12531 13 1481
12537 42 4787
12539 1 114
12545 21 2395
12547 14 1597
12553 42 4793
12555 7 799
12563 14 1599
12565 13 1485
12571 7 800
12573 13 1486
12579 14 1601
12581 21 2402
12587 7 801
12589 42 4807
12597 21 2405
12599 13 1489
12605 42 4813
12607 13 1490
12613 3 344
12615 42 4817
12621 42 4819
12623 21 2410
12629 21 2411
12631 6 689
12633 13 1493
12639 21 2413
12641 13 1494
12647 42 4829
12649 1 115
12655 21 2416
12657 14 1611
12663 42 4835
12665 7 806
12673 14 1613
12675 13 1498
12681 7 807
12683 13 1499
12689 14 1615
12691 21 2423
12697 7 808
12699 42 4849
12707 21 2426
12709 13 1502
12715 42 4855
12717 13 1503
12723 3 347
12725 42 4859
12731 42 4861
12733 21 2431
12739 21 2432
12741 6 695
12743 13 1506
12749 21 2434
12751 13 1507
12757 42 4871
12759 1 116
12765 21 2437
12767 14 1625
12773 42 4877
12775 7 813
12783 14 1627
12785 13 1511
12791 7 814
12793 13 1512
12799 14 1629
12801 21 2444
12807 7 815
12809 42 4891
12817 21 2447
12819 13 1515
12825 42 4897
12827 13 1516
12833 3 350
12835 42 4901
12841 42 4903
12843 21 2452
12849 21 2453
12851 6 701
12853 13 1519
12859 21 2455
12861 13 1520
12867 42 4913
12869 1 117
12875 21 2458
12877 14 1639
12883 42 4919
12885 7 820
12893 14 1641
12895 13 1524
12901 7 821
12903 13 1525
12909 14 1643
12911 21 2465
12917 7 822
12919 42 4933
12927 21 2468
12929 13 1528
12935 42 4939
12937 13 1529
12943 3 353
12945 42 4943
12951 42 4945
12953 21 2473
12959 21 2474
12961 6 707
12963 13 1532
12969 21 2476
12971 13 1533
12977 42 4955
12979 1 118
12985 21 2479
12987 14 1653
12993 42 4961
12995 7 827
13003 14 1655
13005 13 1537
13011 7 828
13013 13 1538
13019 14 1657
13021 21 2486
13027 7 829
13029 42 4975
13037 21 2489
13039 13 1541
13045 42 4981
13047 13 1542
13053 3 356
13055 42 4985
13061 42 4987
13063 21 2494
13069 21 2495
13071 6 713
13073 13 1545
13079 21 2497
13081 13 1546
13087 42 4997
13089 1 119
13095 21 2500
13097 14 1667
13103 42 5003
13105 7 834
13113 14 1669
13115 13 1550
13121 7 835
13123 13 1551
13129 14 1671
13131 21 2507
13137 7 836
13139 42 5017
13147 21 2510
13149 13 1554
13155 42 5023
13157 13 1555
13163 3 359
13165 42 5027
13171 42 5029
13173 21 2515
13179 21 2516
13181 6 719
13183 13 1558
13189 21 2518
13191 13 1559
13197 42 5039
13199 1 120
13205 21 2521
13207 14 1681
13213 42 5045
13215 7 841
13223 14 1683
13225 13 1563
13231 7 842
13233 13 1564
13239 14 1685
13241 21 2528
13247 7 843
13249 42 5059
13257 21 2531
13259 13 1567
13265 42 5065
13267 13 1568
13273 3 362
13275 42 5069
13281 42 5071
13283 21 2536
13289 21 2537
13291 6 725
13293 13 1571
13299 21 2539
13301 13 1572
13307 42 5081
13309 1 121
13315 21 2542
13317 14 1695
13323 42 5087
13325 7 848
13333 14 1697
13335 13 1576
13341 7 849
13343 13 1577
13349 14 1699
13351 21 2549
13357 7 850
13359 42 5101
13367 21 2552
13369 13 1580
13375 42 5107
13377 13 1581
13383 3 365
13385 42 5111
13391 42 5113
13393 21 2557
13399 21 2558
13401 6 731
13403 13 1584
13409 21 2560
13411 13 1585
13417 42 5123
13419 1 122
13425 21 2563
13427 14 1709
13433 42 5129
13435 7 855
13443 14 1711
13445 13 1589
13451 7 856
13453 13 1590
13459 14 1713
13461 21 2570
13467 7 857
13469 42 5143
13477 21 2573
13479 13 1593
13485 42 5149
13487 13 1594
13493 3 368
13495 42 5153
13501 42 5155
13503 21 2578
13509 21 2579
13511 6 737
13513 13 1597
13519 21 2581
13521 13 1598
13527 42 5165
13529 1 123
13535 21 2584
13537 14 1723
13543 42 5171
13545 7 862
13553 14 1725
13555 13 1602
13561 7 863
13563 13 1603
13569 14 1727
13571 21 2591
13577 7 864
13579 42 5185
13587 21 2594
13589 13 1606
13595 42 5191
13597 13 1607
13603 3 371
13605 42 5195
13611 42 5197
13613 21 2599
13619 21 2600
13621 6 743
13623 13 1610
13629 21 2602
13631 13 1611
13637 42 5207
13639 1 124
13645 21 2605
13647 14 1737
13653 42 5213
13655 7 869
13663 14 1739
13665 13 1615
13671 7 870
13673 13 1616
13679 14 1741
13681 21 2612
13687 7 871
13689 42 5227
13697 21 2615
13699 13 1619
13705 42 5233
13707 13 1620
13713 3 374
13715 42 5237
13721 42 5239
13723 21 2620
13729 21 2621
13731 6 749
13733 13 1623
13739 21 2623
13741 13 1624
13747 42 5249
13749 1 125
13755 21 2626
13757 14 1751
13763 42 5255
13765 7 876
13773 14 1753
13775 13 1628
13781 7 877
13783 13 1629
13789 14 1755
13791 21 2633
13797 7 878
13799 42 5269
13807 21 2636
13809 13 1632
13815 42 5275
13817 13 1633
13823 3 377
13825 42 5279
13831 42 5281
13833 21 2641
13839 21 2642
13841 6 755
13843 13 1636
13849 21 2644
13851 13 1637
13857 42 5291
13859 1 126
13865 21 2647
13867 14 1765
13873 42 5297
13875 7 883
13883 14 1767
13885 13 1641
13891 7 884
13893 13 1642
13899 14 1769
13901 21 2654
13907 7 885
13909 42 5311
13917 21 2657
13919 13 1645
13925 42 5317
13927 13 1646
13933 3 380
13935 42 5321
13941 42 5323
13943 21 2662
13949 21 2663
13951 6 761
13953 13 1649
13959 21 2665
13961 13 1650
13967 42 5333
13969 1 127
13975 21 2668
13977 14 1779
13983 42 5339
13985 7 890
13993 14 1781
13995 13 1654
14001 7 891
14003 13 1655
14009 14 1783
14011 21 2675
14017 7 892
14019 42 5353
14027 21 2678
14029 13 1658
14035 42 5359
14037 13 1659
14043 3 383
14045 42 5363
14051 42 5365
14053 21 2683
14059 21 2684
14061 6 767
14063 13 1662
14069 21 2686
14071 13 1663
14077 42 5375
14079 1 128
14085 21 2689
14087 14 1793
14093 42 5381
14095 7 897
14103 14 1795
14105 13 1667
14111 7 898
14113 13 1668
14119 14 1797
14121 21 2696
14127 7 899
14129 42 5395
14137 21 2699
14139 13 1671
14145 42 5401
14147 13 1672
14153 3 386
14155 42 5405
14161 42 5407
14163 21 2704
14169 21 2705
14171 6 773
14173 13 1675
14179 21 2707
14181 13 1676
14187 42 5417
14189 1 129
