6192 98 100000000 7439 1000
3 57 2
4 24 1
5 19 1
8 12 1
10 19 2
11 17 2
12 57 7
15 19 3
16 6 1
17 57 10
20 24 5
22 57 13
23 17 4
24 57 14
27 57 16
28 24 7
32 3 1
34 57 20
36 19 7
39 57 23
40 17 7
44 57 26
46 17 8
48 57 28
51 19 10
53 24 13
55 57 32
56 19 11
57 12 7
60 57 35
61 8 5
63 17 11
65 3 2
67 19 13
68 57 40
69 17 12
72 19 14
73 4 3
77 19 15
79 57 46
80 17 14
84 57 49
85 8 7
89 57 52
91 57 53
92 17 16
96 57 56
97 1 1
101 57 59
102 24 25
103 19 20
106 12 13
108 19 21
109 17 19
110 57 64
113 19 22
114 6 7
115 57 67
118 24 29
120 57 70
121 17 21
122 57 71
125 57 73
126 24 31
130 3 4
132 57 77
134 19 26
137 57 80
138 17 24
142 57 83
144 17 25
146 57 85
149 19 29
151 24 37
153 57 89
154 19 30
155 12 19
158 57 92
159 8 13
161 17 28
163 3 5
165 19 32
166 57 97
167 17 29
170 19 33
171 4 7
175 19 34
177 57 103
178 17 31
182 57 106
183 8 15
187 57 109
189 57 110
190 17 33
194 57 113
195 1 2
199 57 116
200 24 49
201 19 39
204 12 25
206 19 40
207 17 36
208 57 121
211 19 41
212 6 13
213 57 124
216 24 53
218 57 127
219 17 38
220 57 128
223 57 130
224 24 55
228 3 7
230 57 134
232 19 45
235 57 137
236 17 41
240 57 140
242 17 42
244 57 142
247 19 48
249 24 61
251 57 146
252 19 49
253 12 31
256 57 149
257 8 21
259 17 45
261 3 8
263 19 51
264 57 154
265 17 46
268 19 52
269 4 11
273 19 53
275 57 160
276 17 48
280 57 163
281 8 23
285 57 166
287 57 167
288 17 50
292 57 170
293 1 3
297 57 173
298 24 73
299 19 58
302 12 37
304 19 59
305 17 53
306 57 178
309 19 60
310 6 19
311 57 181
314 24 77
316 57 184
317 17 55
318 57 185
321 57 187
322 24 79
326 3 10
328 57 191
330 19 64
333 57 194
334 17 58
338 57 197
340 17 59
342 57 199
345 19 67
347 24 85
349 57 203
350 19 68
351 12 43
354 57 206
355 8 29
357 17 62
359 3 11
361 19 70
362 57 211
363 17 63
366 19 71
367 4 15
371 19 72
373 57 217
374 17 65
378 57 220
379 8 31
383 57 223
385 57 224
386 17 67
390 57 227
391 1 4
395 57 230
396 24 97
397 19 77
400 12 49
402 19 78
403 17 70
404 57 235
407 19 79
408 6 25
409 57 238
412 24 101
414 57 241
415 17 72
416 57 242
419 57 244
420 24 103
424 3 13
426 57 248
428 19 83
431 57 251
432 17 75
436 57 254
438 17 76
440 57 256
443 19 86
445 24 109
447 57 260
448 19 87
449 12 55
452 57 263
453 8 37
455 17 79
457 3 14
459 19 89
460 57 268
461 17 80
464 19 90
465 4 19
469 19 91
471 57 274
472 17 82
476 57 277
477 8 39
481 57 280
483 57 281
484 17 84
488 57 284
489 1 5
493 57 287
494 24 121
495 19 96
498 12 61
500 19 97
501 17 87
502 57 292
505 19 98
506 6 31
507 57 295
510 24 125
512 57 298
513 17 89
514 57 299
517 57 301
518 24 127
522 3 16
524 57 305
526 19 102
529 57 308
530 17 92
534 57 311
536 17 93
538 57 313
541 19 105
543 24 133
545 57 317
546 19 106
547 12 67
550 57 320
551 8 45
553 17 96
555 3 17
557 19 108
558 57 325
559 17 97
562 19 109
563 4 23
567 19 110
569 57 331
570 17 99
574 57 334
575 8 47
579 57 337
581 57 338
582 17 101
586 57 341
587 1 6
591 57 344
592 24 145
593 19 115
596 12 73
598 19 116
599 17 104
600 57 349
603 19 117
604 6 37
605 57 352
608 24 149
610 57 355
611 17 106
612 57 356
615 57 358
616 24 151
620 3 19
622 57 362
624 19 121
627 57 365
628 17 109
632 57 368
634 17 110
636 57 370
639 19 124
641 24 157
643 57 374
644 19 125
645 12 79
648 57 377
649 8 53
651 17 113
653 3 20
655 19 127
656 57 382
657 17 114
660 19 128
661 4 27
665 19 129
667 57 388
668 17 116
672 57 391
673 8 55
677 57 394
679 57 395
680 17 118
684 57 398
685 1 7
689 57 401
690 24 169
691 19 134
694 12 85
696 19 135
697 17 121
698 57 406
701 19 136
702 6 43
703 57 409
706 24 173
708 57 412
709 17 123
710 57 413
713 57 415
714 24 175
718 3 22
720 57 419
722 19 140
725 57 422
726 17 126
730 57 425
732 17 127
734 57 427
737 19 143
739 24 181
741 57 431
742 19 144
743 12 91
746 57 434
747 8 61
749 17 130
751 3 23
753 19 146
754 57 439
755 17 131
758 19 147
759 4 31
763 19 148
765 57 445
766 17 133
770 57 448
771 8 63
775 57 451
777 57 452
778 17 135
782 57 455
783 1 8
787 57 458
788 24 193
789 19 153
792 12 97
794 19 154
795 17 138
796 57 463
799 19 155
800 6 49
801 57 466
804 24 197
806 57 469
807 17 140
808 57 470
811 57 472
812 24 199
816 3 25
818 57 476
820 19 159
823 57 479
824 17 143
828 57 482
830 17 144
832 57 484
835 19 162
837 24 205
839 57 488
840 19 163
841 12 103
844 57 491
845 8 69
847 17 147
849 3 26
851 19 165
852 57 496
853 17 148
856 19 166
857 4 35
861 19 167
863 57 502
864 17 150
868 57 505
869 8 71
873 57 508
875 57 509
876 17 152
880 57 512
881 1 9
885 57 515
886 24 217
887 19 172
890 12 109
892 19 173
893 17 155
894 57 520
897 19 174
898 6 55
899 57 523
902 24 221
904 57 526
905 17 157
906 57 527
909 57 529
910 24 223
914 3 28
916 57 533
918 19 178
921 57 536
922 17 160
926 57 539
928 17 161
930 57 541
933 19 181
935 24 229
937 57 545
938 19 182
939 12 115
942 57 548
943 8 77
945 17 164
947 3 29
949 19 184
950 57 553
951 17 165
954 19 185
955 4 39
959 19 186
961 57 559
962 17 167
966 57 562
967 8 79
971 57 565
973 57 566
974 17 169
978 57 569
979 1 10
983 57 572
984 24 241
985 19 191
988 12 121
990 19 192
991 17 172
992 57 577
995 19 193
996 6 61
997 57 580
1000 24 245
1002 57 583
1003 17 174
1004 57 584
1007 57 586
1008 24 247
1012 3 31
1014 57 590
1016 19 197
1019 57 593
1020 17 177
1024 57 596
1026 17 178
1028 57 598
1031 19 200
1033 24 253
1035 57 602
1036 19 201
1037 12 127
1040 57 605
1041 8 85
1043 17 181
1045 3 32
1047 19 203
1048 57 610
1049 17 182
1052 19 204
1053 4 43
1057 19 205
1059 57 616
1060 17 184
1064 57 619
1065 8 87
1069 57 622
1071 57 623
1072 17 186
1076 57 626
1077 1 11
1081 57 629
1082 24 265
1083 19 210
1086 12 133
1088 19 211
1089 17 189
1090 57 634
1093 19 212
1094 6 67
1095 57 637
1098 24 269
1100 57 640
1101 17 191
1102 57 641
1105 57 643
1106 24 271
1110 3 34
1112 57 647
1114 19 216
1117 57 650
1118 17 194
1122 57 653
1124 17 195
1126 57 655
1129 19 219
1131 24 277
1133 57 659
1134 19 220
1135 12 139
1138 57 662
1139 8 93
1141 17 198
1143 3 35
1145 19 222
1146 57 667
1147 17 199
1150 19 223
1151 4 47
1155 19 224
1157 57 673
1158 17 201
1162 57 676
1163 8 95
1167 57 679
1169 57 680
1170 17 203
1174 57 683
1175 1 12
1179 57 686
1180 24 289
1181 19 229
1184 12 145
1186 19 230
1187 17 206
1188 57 691
1191 19 231
1192 6 73
1193 57 694
1196 24 293
1198 57 697
1199 17 208
1200 57 698
1203 57 700
1204 24 295
1208 3 37
1210 57 704
1212 19 235
1215 57 707
1216 17 211
1220 57 710
1222 17 212
1224 57 712
1227 19 238
1229 24 301
1231 57 716
1232 19 239
1233 12 151
1236 57 719
1237 8 101
1239 17 215
1241 3 38
1243 19 241
1244 57 724
1245 17 216
1248 19 242
1249 4 51
1253 19 243
1255 57 730
1256 17 218
1260 57 733
1261 8 103
1265 57 736
1267 57 737
1268 17 220
1272 57 740
1273 1 13
1277 57 743
1278 24 313
1279 19 248
1282 12 157
1284 19 249
1285 17 223
1286 57 748
1289 19 250
1290 6 79
1291 57 751
1294 24 317
1296 57 754
1297 17 225
1298 57 755
1301 57 757
1302 24 319
1306 3 40
1308 57 761
1310 19 254
1313 57 764
1314 17 228
1318 57 767
1320 17 229
1322 57 769
1325 19 257
1327 24 325
1329 57 773
1330 19 258
1331 12 163
1334 57 776
1335 8 109
1337 17 232
1339 3 41
1341 19 260
1342 57 781
1343 17 233
1346 19 261
1347 4 55
1351 19 262
1353 57 787
1354 17 235
1358 57 790
1359 8 111
1363 57 793
1365 57 794
1366 17 237
1370 57 797
1371 1 14
1375 57 800
1376 24 337
1377 19 267
1380 12 169
1382 19 268
1383 17 240
1384 57 805
1387 19 269
1388 6 85
1389 57 808
1392 24 341
1394 57 811
1395 17 242
1396 57 812
1399 57 814
1400 24 343
1404 3 43
1406 57 818
1408 19 273
1411 57 821
1412 17 245
1416 57 824
1418 17 246
1420 57 826
1423 19 276
1425 24 349
1427 57 830
1428 19 277
1429 12 175
1432 57 833
1433 8 117
1435 17 249
1437 3 44
1439 19 279
1440 57 838
1441 17 250
1444 19 280
1445 4 59
1449 19 281
1451 57 844
1452 17 252
1456 57 847
1457 8 119
1461 57 850
1463 57 851
1464 17 254
1468 57 854
1469 1 15
1473 57 857
1474 24 361
1475 19 286
1478 12 181
1480 19 287
1481 17 257
1482 57 862
1485 19 288
1486 6 91
1487 57 865
1490 24 365
1492 57 868
1493 17 259
1494 57 869
1497 57 871
1498 24 367
1502 3 46
1504 57 875
1506 19 292
1509 57 878
1510 17 262
1514 57 881
1516 17 263
1518 57 883
1521 19 295
1523 24 373
1525 57 887
1526 19 296
1527 12 187
1530 57 890
1531 8 125
1533 17 266
1535 3 47
1537 19 298
1538 57 895
1539 17 267
1542 19 299
1543 4 63
1547 19 300
1549 57 901
1550 17 269
1554 57 904
1555 8 127
1559 57 907
1561 57 908
1562 17 271
1566 57 911
1567 1 16
1571 57 914
1572 24 385
1573 19 305
1576 12 193
1578 19 306
1579 17 274
1580 57 919
1583 19 307
1584 6 97
1585 57 922
1588 24 389
1590 57 925
1591 17 276
1592 57 926
1595 57 928
1596 24 391
1600 3 49
1602 57 932
1604 19 311
1607 57 935
1608 17 279
1612 57 938
1614 17 280
1616 57 940
1619 19 314
1621 24 397
1623 57 944
1624 19 315
1625 12 199
1628 57 947
1629 8 133
1631 17 283
1633 3 50
1635 19 317
1636 57 952
1637 17 284
1640 19 318
1641 4 67
1645 19 319
1647 57 958
1648 17 286
1652 57 961
1653 8 135
1657 57 964
1659 57 965
1660 17 288
1664 57 968
1665 1 17
1669 57 971
1670 24 409
1671 19 324
1674 12 205
1676 19 325
1677 17 291
1678 57 976
1681 19 326
1682 6 103
1683 57 979
1686 24 413
1688 57 982
1689 17 293
1690 57 983
1693 57 985
1694 24 415
1698 3 52
1700 57 989
1702 19 330
1705 57 992
1706 17 296
1710 57 995
1712 17 297
1714 57 997
1717 19 333
1719 24 421
1721 57 1001
1722 19 334
1723 12 211
1726 57 1004
1727 8 141
1729 17 300
1731 3 53
1733 19 336
1734 57 1009
1735 17 301
1738 19 337
1739 4 71
1743 19 338
1745 57 1015
1746 17 303
1750 57 1018
1751 8 143
1755 57 1021
1757 57 1022
1758 17 305
1762 57 1025
1763 1 18
1767 57 1028
1768 24 433
1769 19 343
1772 12 217
1774 19 344
1775 17 308
1776 57 1033
1779 19 345
1780 6 109
1781 57 1036
1784 24 437
1786 57 1039
1787 17 310
1788 57 1040
1791 57 1042
1792 24 439
1796 3 55
1798 57 1046
1800 19 349
1803 57 1049
1804 17 313
1808 57 1052
1810 17 314
1812 57 1054
1815 19 352
1817 24 445
1819 57 1058
1820 19 353
1821 12 223
1824 57 1061
1825 8 149
1827 17 317
1829 3 56
1831 19 355
1832 57 1066
1833 17 318
1836 19 356
1837 4 75
1841 19 357
1843 57 1072
1844 17 320
1848 57 1075
1849 8 151
1853 57 1078
1855 57 1079
1856 17 322
1860 57 1082
1861 1 19
1865 57 1085
1866 24 457
1867 19 362
1870 12 229
1872 19 363
1873 17 325
1874 57 1090
1877 19 364
1878 6 115
1879 57 1093
1882 24 461
1884 57 1096
1885 17 327
1886 57 1097
1889 57 1099
1890 24 463
1894 3 58
1896 57 1103
1898 19 368
1901 57 1106
1902 17 330
1906 57 1109
1908 17 331
1910 57 1111
1913 19 371
1915 24 469
1917 57 1115
1918 19 372
1919 12 235
1922 57 1118
1923 8 157
1925 17 334
1927 3 59
1929 19 374
1930 57 1123
1931 17 335
1934 19 375
1935 4 79
1939 19 376
1941 57 1129
1942 17 337
1946 57 1132
1947 8 159
1951 57 1135
1953 57 1136
1954 17 339
1958 57 1139
1959 1 20
1963 57 1142
1964 24 481
1965 19 381
1968 12 241
1970 19 382
1971 17 342
1972 57 1147
1975 19 383
1976 6 121
1977 57 1150
1980 24 485
1982 57 1153
1983 17 344
1984 57 1154
1987 57 1156
1988 24 487
1992 3 61
1994 57 1160
1996 19 387
1999 57 1163
2000 17 347
2004 57 1166
2006 17 348
2008 57 1168
2011 19 390
2013 24 493
2015 57 1172
2016 19 391
2017 12 247
2020 57 1175
2021 8 165
2023 17 351
2025 3 62
2027 19 393
2028 57 1180
2029 17 352
2032 19 394
2033 4 83
2037 19 395
2039 57 1186
2040 17 354
2044 57 1189
2045 8 167
2049 57 1192
2051 57 1193
2052 17 356
2056 57 1196
2057 1 21
2061 57 1199
2062 24 505
2063 19 400
2066 12 253
2068 19 401
2069 17 359
2070 57 1204
2073 19 402
2074 6 127
2075 57 1207
2078 24 509
2080 57 1210
2081 17 361
2082 57 1211
2085 57 1213
2086 24 511
2090 3 64
2092 57 1217
2094 19 406
2097 57 1220
2098 17 364
2102 57 1223
2104 17 365
2106 57 1225
2109 19 409
2111 24 517
2113 57 1229
2114 19 410
2115 12 259
2118 57 1232
2119 8 173
2121 17 368
2123 3 65
2125 19 412
2126 57 1237
2127 17 369
2130 19 413
2131 4 87
2135 19 414
2137 57 1243
2138 17 371
2142 57 1246
2143 8 175
2147 57 1249
2149 57 1250
2150 17 373
2154 57 1253
2155 1 22
2159 57 1256
2160 24 529
2161 19 419
2164 12 265
2166 19 420
2167 17 376
2168 57 1261
2171 19 421
2172 6 133
2173 57 1264
2176 24 533
2178 57 1267
2179 17 378
2180 57 1268
2183 57 1270
2184 24 535
2188 3 67
2190 57 1274
2192 19 425
2195 57 1277
2196 17 381
2200 57 1280
2202 17 382
2204 57 1282
2207 19 428
2209 24 541
2211 57 1286
2212 19 429
2213 12 271
2216 57 1289
2217 8 181
2219 17 385
2221 3 68
2223 19 431
2224 57 1294
2225 17 386
2228 19 432
2229 4 91
2233 19 433
2235 57 1300
2236 17 388
2240 57 1303
2241 8 183
2245 57 1306
2247 57 1307
2248 17 390
2252 57 1310
2253 1 23
2257 57 1313
2258 24 553
2259 19 438
2262 12 277
2264 19 439
2265 17 393
2266 57 1318
2269 19 440
2270 6 139
2271 57 1321
2274 24 557
2276 57 1324
2277 17 395
2278 57 1325
2281 57 1327
2282 24 559
2286 3 70
2288 57 1331
2290 19 444
2293 57 1334
2294 17 398
2298 57 1337
2300 17 399
2302 57 1339
2305 19 447
2307 24 565
2309 57 1343
2310 19 448
2311 12 283
2314 57 1346
2315 8 189
2317 17 402
2319 3 71
2321 19 450
2322 57 1351
2323 17 403
2326 19 451
2327 4 95
2331 19 452
2333 57 1357
2334 17 405
2338 57 1360
2339 8 191
2343 57 1363
2345 57 1364
2346 17 407
2350 57 1367
2351 1 24
2355 57 1370
2356 24 577
2357 19 457
2360 12 289
2362 19 458
2363 17 410
2364 57 1375
2367 19 459
2368 6 145
2369 57 1378
2372 24 581
2374 57 1381
2375 17 412
2376 57 1382
2379 57 1384
2380 24 583
2384 3 73
2386 57 1388
2388 19 463
2391 57 1391
2392 17 415
2396 57 1394
2398 17 416
2400 57 1396
2403 19 466
2405 24 589
2407 57 1400
2408 19 467
2409 12 295
2412 57 1403
2413 8 197
2415 17 419
2417 3 74
2419 19 469
2420 57 1408
2421 17 420
2424 19 470
2425 4 99
2429 19 471
2431 57 1414
2432 17 422
2436 57 1417
2437 8 199
2441 57 1420
2443 57 1421
2444 17 424
2448 57 1424
2449 1 25
2453 57 1427
2454 24 601
2455 19 476
2458 12 301
2460 19 477
2461 17 427
2462 57 1432
2465 19 478
2466 6 151
2467 57 1435
2470 24 605
2472 57 1438
2473 17 429
2474 57 1439
2477 57 1441
2478 24 607
2482 3 76
2484 57 1445
2486 19 482
2489 57 1448
2490 17 432
2494 57 1451
2496 17 433
2498 57 1453
2501 19 485
2503 24 613
2505 57 1457
2506 19 486
2507 12 307
2510 57 1460
2511 8 205
2513 17 436
2515 3 77
2517 19 488
2518 57 1465
2519 17 437
2522 19 489
2523 4 103
2527 19 490
2529 57 1471
2530 17 439
2534 57 1474
2535 8 207
2539 57 1477
2541 57 1478
2542 17 441
2546 57 1481
2547 1 26
2551 57 1484
2552 24 625
2553 19 495
2556 12 313
2558 19 496
2559 17 444
2560 57 1489
2563 19 497
2564 6 157
2565 57 1492
2568 24 629
2570 57 1495
2571 17 446
2572 57 1496
2575 57 1498
2576 24 631
2580 3 79
2582 57 1502
2584 19 501
2587 57 1505
2588 17 449
2592 57 1508
2594 17 450
2596 57 1510
2599 19 504
2601 24 637
2603 57 1514
2604 19 505
2605 12 319
2608 57 1517
2609 8 213
2611 17 453
2613 3 80
2615 19 507
2616 57 1522
2617 17 454
2620 19 508
2621 4 107
2625 19 509
2627 57 1528
2628 17 456
2632 57 1531
2633 8 215
2637 57 1534
2639 57 1535
2640 17 458
2644 57 1538
2645 1 27
2649 57 1541
2650 24 649
2651 19 514
2654 12 325
2656 19 515
2657 17 461
2658 57 1546
2661 19 516
2662 6 163
2663 57 1549
2666 24 653
2668 57 1552
2669 17 463
2670 57 1553
2673 57 1555
2674 24 655
2678 3 82
2680 57 1559
2682 19 520
2685 57 1562
2686 17 466
2690 57 1565
2692 17 467
2694 57 1567
2697 19 523
2699 24 661
2701 57 1571
2702 19 524
2703 12 331
2706 57 1574
2707 8 221
2709 17 470
2711 3 83
2713 19 526
2714 57 1579
2715 17 471
2718 19 527
2719 4 111
2723 19 528
2725 57 1585
2726 17 473
2730 57 1588
2731 8 223
2735 57 1591
2737 57 1592
2738 17 475
2742 57 1595
2743 1 28
2747 57 1598
2748 24 673
2749 19 533
2752 12 337
2754 19 534
2755 17 478
2756 57 1603
2759 19 535
2760 6 169
2761 57 1606
2764 24 677
2766 57 1609
2767 17 480
2768 57 1610
2771 57 1612
2772 24 679
2776 3 85
2778 57 1616
2780 19 539
2783 57 1619
2784 17 483
2788 57 1622
2790 17 484
2792 57 1624
2795 19 542
2797 24 685
2799 57 1628
2800 19 543
2801 12 343
2804 57 1631
2805 8 229
2807 17 487
2809 3 86
2811 19 545
2812 57 1636
2813 17 488
2816 19 546
2817 4 115
2821 19 547
2823 57 1642
2824 17 490
2828 57 1645
2829 8 231
2833 57 1648
2835 57 1649
2836 17 492
2840 57 1652
2841 1 29
2845 57 1655
2846 24 697
2847 19 552
2850 12 349
2852 19 553
2853 17 495
2854 57 1660
2857 19 554
2858 6 175
2859 57 1663
2862 24 701
2864 57 1666
2865 17 497
2866 57 1667
2869 57 1669
2870 24 703
2874 3 88
2876 57 1673
2878 19 558
2881 57 1676
2882 17 500
2886 57 1679
2888 17 501
2890 57 1681
2893 19 561
2895 24 709
2897 57 1685
2898 19 562
2899 12 355
2902 57 1688
2903 8 237
2905 17 504
2907 3 89
2909 19 564
2910 57 1693
2911 17 505
2914 19 565
2915 4 119
2919 19 566
2921 57 1699
2922 17 507
2926 57 1702
2927 8 239
2931 57 1705
2933 57 1706
2934 17 509
2938 57 1709
2939 1 30
2943 57 1712
2944 24 721
2945 19 571
2948 12 361
2950 19 572
2951 17 512
2952 57 1717
2955 19 573
2956 6 181
2957 57 1720
2960 24 725
2962 57 1723
2963 17 514
2964 57 1724
2967 57 1726
2968 24 727
2972 3 91
2974 57 1730
2976 19 577
2979 57 1733
2980 17 517
2984 57 1736
2986 17 518
2988 57 1738
2991 19 580
2993 24 733
2995 57 1742
2996 19 581
2997 12 367
3000 57 1745
3001 8 245
3003 17 521
3005 3 92
3007 19 583
3008 57 1750
3009 17 522
3012 19 584
3013 4 123
3017 19 585
3019 57 1756
3020 17 524
3024 57 1759
3025 8 247
3029 57 1762
3031 57 1763
3032 17 526
3036 57 1766
3037 1 31
3041 57 1769
3042 24 745
3043 19 590
3046 12 373
3048 19 591
3049 17 529
3050 57 1774
3053 19 592
3054 6 187
3055 57 1777
3058 24 749
3060 57 1780
3061 17 531
3062 57 1781
3065 57 1783
3066 24 751
3070 3 94
3072 57 1787
3074 19 596
3077 57 1790
3078 17 534
3082 57 1793
3084 17 535
3086 57 1795
3089 19 599
3091 24 757
3093 57 1799
3094 19 600
3095 12 379
3098 57 1802
3099 8 253
3101 17 538
3103 3 95
3105 19 602
3106 57 1807
3107 17 539
3110 19 603
3111 4 127
3115 19 604
3117 57 1813
3118 17 541
3122 57 1816
3123 8 255
3127 57 1819
3129 57 1820
3130 17 543
3134 57 1823
3135 1 32
3139 57 1826
3140 24 769
3141 19 609
3144 12 385
3146 19 610
3147 17 546
3148 57 1831
3151 19 611
3152 6 193
3153 57 1834
3156 24 773
3158 57 1837
3159 17 548
3160 57 1838
3163 57 1840
3164 24 775
3168 3 97
3170 57 1844
3172 19 615
3175 57 1847
3176 17 551
3180 57 1850
3182 17 552
3184 57 1852
3187 19 618
3189 24 781
3191 57 1856
3192 19 619
3193 12 391
3196 57 1859
3197 8 261
3199 17 555
3201 3 98
3203 19 621
3204 57 1864
3205 17 556
3208 19 622
3209 4 131
3213 19 623
3215 57 1870
3216 17 558
3220 57 1873
3221 8 263
3225 57 1876
3227 57 1877
3228 17 560
3232 57 1880
3233 1 33
3237 57 1883
3238 24 793
3239 19 628
3242 12 397
3244 19 629
3245 17 563
3246 57 1888
3249 19 630
3250 6 199
3251 57 1891
3254 24 797
3256 57 1894
3257 17 565
3258 57 1895
3261 57 1897
3262 24 799
3266 3 100
3268 57 1901
3270 19 634
3273 57 1904
3274 17 568
3278 57 1907
3280 17 569
3282 57 1909
3285 19 637
3287 24 805
3289 57 1913
3290 19 638
3291 12 403
3294 57 1916
3295 8 269
3297 17 572
3299 3 101
3301 19 640
3302 57 1921
3303 17 573
3306 19 641
3307 4 135
3311 19 642
3313 57 1927
3314 17 575
3318 57 1930
3319 8 271
3323 57 1933
3325 57 1934
3326 17 577
3330 57 1937
3331 1 34
3335 57 1940
3336 24 817
3337 19 647
3340 12 409
3342 19 648
3343 17 580
3344 57 1945
3347 19 649
3348 6 205
3349 57 1948
3352 24 821
3354 57 1951
3355 17 582
3356 57 1952
3359 57 1954
3360 24 823
3364 3 103
3366 57 1958
3368 19 653
3371 57 1961
3372 17 585
3376 57 1964
3378 17 586
3380 57 1966
3383 19 656
3385 24 829
3387 57 1970
3388 19 657
3389 12 415
3392 57 1973
3393 8 277
3395 17 589
3397 3 104
3399 19 659
3400 57 1978
3401 17 590
3404 19 660
3405 4 139
3409 19 661
3411 57 1984
3412 17 592
3416 57 1987
3417 8 279
3421 57 1990
3423 57 1991
3424 17 594
3428 57 1994
3429 1 35
3433 57 1997
3434 24 841
3435 19 666
3438 12 421
3440 19 667
3441 17 597
3442 57 2002
3445 19 668
3446 6 211
3447 57 2005
3450 24 845
3452 57 2008
3453 17 599
3454 57 2009
3457 57 2011
3458 24 847
3462 3 106
3464 57 2015
3466 19 672
3469 57 2018
3470 17 602
3474 57 2021
3476 17 603
3478 57 2023
3481 19 675
3483 24 853
3485 57 2027
3486 19 676
3487 12 427
3490 57 2030
3491 8 285
3493 17 606
3495 3 107
3497 19 678
3498 57 2035
3499 17 607
3502 19 679
3503 4 143
3507 19 680
3509 57 2041
3510 17 609
3514 57 2044
3515 8 287
3519 57 2047
3521 57 2048
3522 17 611
3526 57 2051
3527 1 36
3531 57 2054
3532 24 865
3533 19 685
3536 12 433
3538 19 686
3539 17 614
3540 57 2059
3543 19 687
3544 6 217
3545 57 2062
3548 24 869
3550 57 2065
3551 17 616
3552 57 2066
3555 57 2068
3556 24 871
3560 3 109
3562 57 2072
3564 19 691
3567 57 2075
3568 17 619
3572 57 2078
3574 17 620
3576 57 2080
3579 19 694
3581 24 877
3583 57 2084
3584 19 695
3585 12 439
3588 57 2087
3589 8 293
3591 17 623
3593 3 110
3595 19 697
3596 57 2092
3597 17 624
3600 19 698
3601 4 147
3605 19 699
3607 57 2098
3608 17 626
3612 57 2101
3613 8 295
3617 57 2104
3619 57 2105
3620 17 628
3624 57 2108
3625 1 37
3629 57 2111
3630 24 889
3631 19 704
3634 12 445
3636 19 705
3637 17 631
3638 57 2116
3641 19 706
3642 6 223
3643 57 2119
3646 24 893
3648 57 2122
3649 17 633
3650 57 2123
3653 57 2125
3654 24 895
3658 3 112
3660 57 2129
3662 19 710
3665 57 2132
3666 17 636
3670 57 2135
3672 17 637
3674 57 2137
3677 19 713
3679 24 901
3681 57 2141
3682 19 714
3683 12 451
3686 57 2144
3687 8 301
3689 17 640
3691 3 113
3693 19 716
3694 57 2149
3695 17 641
3698 19 717
3699 4 151
3703 19 718
3705 57 2155
3706 17 643
3710 57 2158
3711 8 303
3715 57 2161
3717 57 2162
3718 17 645
3722 57 2165
3723 1 38
3727 57 2168
3728 24 913
3729 19 723
3732 12 457
3734 19 724
3735 17 648
3736 57 2173
3739 19 725
3740 6 229
3741 57 2176
3744 24 917
3746 57 2179
3747 17 650
3748 57 2180
3751 57 2182
3752 24 919
3756 3 115
3758 57 2186
3760 19 729
3763 57 2189
3764 17 653
3768 57 2192
3770 17 654
3772 57 2194
3775 19 732
3777 24 925
3779 57 2198
3780 19 733
3781 12 463
3784 57 2201
3785 8 309
3787 17 657
3789 3 116
3791 19 735
3792 57 2206
3793 17 658
3796 19 736
3797 4 155
3801 19 737
3803 57 2212
3804 17 660
3808 57 2215
3809 8 311
3813 57 2218
3815 57 2219
3816 17 662
3820 57 2222
3821 1 39
3825 57 2225
3826 24 937
3827 19 742
3830 12 469
3832 19 743
3833 17 665
3834 57 2230
3837 19 744
3838 6 235
3839 57 2233
3842 24 941
3844 57 2236
3845 17 667
3846 57 2237
3849 57 2239
3850 24 943
3854 3 118
3856 57 2243
3858 19 748
3861 57 2246
3862 17 670
3866 57 2249
3868 17 671
3870 57 2251
3873 19 751
3875 24 949
3877 57 2255
3878 19 752
3879 12 475
3882 57 2258
3883 8 317
3885 17 674
3887 3 119
3889 19 754
3890 57 2263
3891 17 675
3894 19 755
3895 4 159
3899 19 756
3901 57 2269
3902 17 677
3906 57 2272
3907 8 319
3911 57 2275
3913 57 2276
3914 17 679
3918 57 2279
3919 1 40
3923 57 2282
3924 24 961
3925 19 761
3928 12 481
3930 19 762
3931 17 682
3932 57 2287
3935 19 763
3936 6 241
3937 57 2290
3940 24 965
3942 57 2293
3943 17 684
3944 57 2294
3947 57 2296
3948 24 967
3952 3 121
3954 57 2300
3956 19 767
3959 57 2303
3960 17 687
3964 57 2306
3966 17 688
3968 57 2308
3971 19 770
3973 24 973
3975 57 2312
3976 19 771
3977 12 487
3980 57 2315
3981 8 325
3983 17 691
3985 3 122
3987 19 773
3988 57 2320
3989 17 692
3992 19 774
3993 4 163
3997 19 775
3999 57 2326
4000 17 694
4004 57 2329
4005 8 327
4009 57 2332
4011 57 2333
4012 17 696
4016 57 2336
4017 1 41
4021 57 2339
4022 24 985
4023 19 780
4026 12 493
4028 19 781
4029 17 699
4030 57 2344
4033 19 782
4034 6 247
4035 57 2347
4038 24 989
4040 57 2350
4041 17 701
4042 57 2351
4045 57 2353
4046 24 991
4050 3 124
4052 57 2357
4054 19 786
4057 57 2360
4058 17 704
4062 57 2363
4064 17 705
4066 57 2365
4069 19 789
4071 24 997
4073 57 2369
4074 19 790
4075 12 499
4078 57 2372
4079 8 333
4081 17 708
4083 3 125
4085 19 792
4086 57 2377
4087 17 709
4090 19 793
4091 4 167
4095 19 794
4097 57 2383
4098 17 711
4102 57 2386
4103 8 335
4107 57 2389
4109 57 2390
4110 17 713
4114 57 2393
4115 1 42
4119 57 2396
4120 24 1009
4121 19 799
4124 12 505
4126 19 800
4127 17 716
4128 57 2401
4131 19 801
4132 6 253
4133 57 2404
4136 24 1013
4138 57 2407
4139 17 718
4140 57 2408
4143 57 2410
4144 24 1015
4148 3 127
4150 57 2414
4152 19 805
4155 57 2417
4156 17 721
4160 57 2420
4162 17 722
4164 57 2422
4167 19 808
4169 24 1021
4171 57 2426
4172 19 809
4173 12 511
4176 57 2429
4177 8 341
4179 17 725
4181 3 128
4183 19 811
4184 57 2434
4185 17 726
4188 19 812
4189 4 171
4193 19 813
4195 57 2440
4196 17 728
4200 57 2443
4201 8 343
4205 57 2446
4207 57 2447
4208 17 730
4212 57 2450
4213 1 43
4217 57 2453
4218 24 1033
4219 19 818
4222 12 517
4224 19 819
4225 17 733
4226 57 2458
4229 19 820
4230 6 259
4231 57 2461
4234 24 1037
4236 57 2464
4237 17 735
4238 57 2465
4241 57 2467
4242 24 1039
4246 3 130
4248 57 2471
4250 19 824
4253 57 2474
4254 17 738
4258 57 2477
4260 17 739
4262 57 2479
4265 19 827
4267 24 1045
4269 57 2483
4270 19 828
4271 12 523
4274 57 2486
4275 8 349
4277 17 742
4279 3 131
4281 19 830
4282 57 2491
4283 17 743
4286 19 831
4287 4 175
4291 19 832
4293 57 2497
4294 17 745
4298 57 2500
4299 8 351
4303 57 2503
4305 57 2504
4306 17 747
4310 57 2507
4311 1 44
4315 57 2510
4316 24 1057
4317 19 837
4320 12 529
4322 19 838
4323 17 750
4324 57 2515
4327 19 839
4328 6 265
4329 57 2518
4332 24 1061
4334 57 2521
4335 17 752
4336 57 2522
4339 57 2524
4340 24 1063
4344 3 133
4346 57 2528
4348 19 843
4351 57 2531
4352 17 755
4356 57 2534
4358 17 756
4360 57 2536
4363 19 846
4365 24 1069
4367 57 2540
4368 19 847
4369 12 535
4372 57 2543
4373 8 357
4375 17 759
4377 3 134
4379 19 849
4380 57 2548
4381 17 760
4384 19 850
4385 4 179
4389 19 851
4391 57 2554
4392 17 762
4396 57 2557
4397 8 359
4401 57 2560
4403 57 2561
4404 17 764
4408 57 2564
4409 1 45
4413 57 2567
4414 24 1081
4415 19 856
4418 12 541
4420 19 857
4421 17 767
4422 57 2572
4425 19 858
4426 6 271
4427 57 2575
4430 24 1085
4432 57 2578
4433 17 769
4434 57 2579
4437 57 2581
4438 24 1087
4442 3 136
4444 57 2585
4446 19 862
4449 57 2588
4450 17 772
4454 57 2591
4456 17 773
4458 57 2593
4461 19 865
4463 24 1093
4465 57 2597
4466 19 866
4467 12 547
4470 57 2600
4471 8 365
4473 17 776
4475 3 137
4477 19 868
4478 57 2605
4479 17 777
4482 19 869
4483 4 183
4487 19 870
4489 57 2611
4490 17 779
4494 57 2614
4495 8 367
4499 57 2617
4501 57 2618
4502 17 781
4506 57 2621
4507 1 46
4511 57 2624
4512 24 1105
4513 19 875
4516 12 553
4518 19 876
4519 17 784
4520 57 2629
4523 19 877
4524 6 277
4525 57 2632
4528 24 1109
4530 57 2635
4531 17 786
4532 57 2636
4535 57 2638
4536 24 1111
4540 3 139
4542 57 2642
4544 19 881
4547 57 2645
4548 17 789
4552 57 2648
4554 17 790
4556 57 2650
4559 19 884
4561 24 1117
4563 57 2654
4564 19 885
4565 12 559
4568 57 2657
4569 8 373
4571 17 793
4573 3 140
4575 19 887
4576 57 2662
4577 17 794
4580 19 888
4581 4 187
4585 19 889
4587 57 2668
4588 17 796
4592 57 2671
4593 8 375
4597 57 2674
4599 57 2675
4600 17 798
4604 57 2678
4605 1 47
4609 57 2681
4610 24 1129
4611 19 894
4614 12 565
4616 19 895
4617 17 801
4618 57 2686
4621 19 896
4622 6 283
4623 57 2689
4626 24 1133
4628 57 2692
4629 17 803
4630 57 2693
4633 57 2695
4634 24 1135
4638 3 142
4640 57 2699
4642 19 900
4645 57 2702
4646 17 806
4650 57 2705
4652 17 807
4654 57 2707
4657 19 903
4659 24 1141
4661 57 2711
4662 19 904
4663 12 571
4666 57 2714
4667 8 381
4669 17 810
4671 3 143
4673 19 906
4674 57 2719
4675 17 811
4678 19 907
4679 4 191
4683 19 908
4685 57 2725
4686 17 813
4690 57 2728
4691 8 383
4695 57 2731
4697 57 2732
4698 17 815
4702 57 2735
4703 1 48
4707 57 2738
4708 24 1153
4709 19 913
4712 12 577
4714 19 914
4715 17 818
4716 57 2743
4719 19 915
4720 6 289
4721 57 2746
4724 24 1157
4726 57 2749
4727 17 820
4728 57 2750
4731 57 2752
4732 24 1159
4736 3 145
4738 57 2756
4740 19 919
4743 57 2759
4744 17 823
4748 57 2762
4750 17 824
4752 57 2764
4755 19 922
4757 24 1165
4759 57 2768
4760 19 923
4761 12 583
4764 57 2771
4765 8 389
4767 17 827
4769 3 146
4771 19 925
4772 57 2776
4773 17 828
4776 19 926
4777 4 195
4781 19 927
4783 57 2782
4784 17 830
4788 57 2785
4789 8 391
4793 57 2788
4795 57 2789
4796 17 832
4800 57 2792
4801 1 49
4805 57 2795
4806 24 1177
4807 19 932
4810 12 589
4812 19 933
4813 17 835
4814 57 2800
4817 19 934
4818 6 295
4819 57 2803
4822 24 1181
4824 57 2806
4825 17 837
4826 57 2807
4829 57 2809
4830 24 1183
4834 3 148
4836 57 2813
4838 19 938
4841 57 2816
4842 17 840
4846 57 2819
4848 17 841
4850 57 2821
4853 19 941
4855 24 1189
4857 57 2825
4858 19 942
4859 12 595
4862 57 2828
4863 8 397
4865 17 844
4867 3 149
4869 19 944
4870 57 2833
4871 17 845
4874 19 945
4875 4 199
4879 19 946
4881 57 2839
4882 17 847
4886 57 2842
4887 8 399
4891 57 2845
4893 57 2846
4894 17 849
4898 57 2849
4899 1 50
4903 57 2852
4904 24 1201
4905 19 951
4908 12 601
4910 19 952
4911 17 852
4912 57 2857
4915 19 953
4916 6 301
4917 57 2860
4920 24 1205
4922 57 2863
4923 17 854
4924 57 2864
4927 57 2866
4928 24 1207
4932 3 151
4934 57 2870
4936 19 957
4939 57 2873
4940 17 857
4944 57 2876
4946 17 858
4948 57 2878
4951 19 960
4953 24 1213
4955 57 2882
4956 19 961
4957 12 607
4960 57 2885
4961 8 405
4963 17 861
4965 3 152
4967 19 963
4968 57 2890
4969 17 862
4972 19 964
4973 4 203
4977 19 965
4979 57 2896
4980 17 864
4984 57 2899
4985 8 407
4989 57 2902
4991 57 2903
4992 17 866
4996 57 2906
4997 1 51
5001 57 2909
5002 24 1225
5003 19 970
5006 12 613
5008 19 971
5009 17 869
5010 57 2914
5013 19 972
5014 6 307
5015 57 2917
5018 24 1229
5020 57 2920
5021 17 871
5022 57 2921
5025 57 2923
5026 24 1231
5030 3 154
5032 57 2927
5034 19 976
5037 57 2930
5038 17 874
5042 57 2933
5044 17 875
5046 57 2935
5049 19 979
5051 24 1237
5053 57 2939
5054 19 980
5055 12 619
5058 57 2942
5059 8 413
5061 17 878
5063 3 155
5065 19 982
5066 57 2947
5067 17 879
5070 19 983
5071 4 207
5075 19 984
5077 57 2953
5078 17 881
5082 57 2956
5083 8 415
5087 57 2959
5089 57 2960
5090 17 883
5094 57 2963
5095 1 52
5099 57 2966
5100 24 1249
5101 19 989
5104 12 625
5106 19 990
5107 17 886
5108 57 2971
5111 19 991
5112 6 313
5113 57 2974
5116 24 1253
5118 57 2977
5119 17 888
5120 57 2978
5123 57 2980
5124 24 1255
5128 3 157
5130 57 2984
5132 19 995
5135 57 2987
5136 17 891
5140 57 2990
5142 17 892
5144 57 2992
5147 19 998
5149 24 1261
5151 57 2996
5152 19 999
5153 12 631
5156 57 2999
5157 8 421
5159 17 895
5161 3 158
5163 19 1001
5164 57 3004
5165 17 896
5168 19 1002
5169 4 211
5173 19 1003
5175 57 3010
5176 17 898
5180 57 3013
5181 8 423
5185 57 3016
5187 57 3017
5188 17 900
5192 57 3020
5193 1 53
5197 57 3023
5198 24 1273
5199 19 1008
5202 12 637
5204 19 1009
5205 17 903
5206 57 3028
5209 19 1010
5210 6 319
5211 57 3031
5214 24 1277
5216 57 3034
5217 17 905
5218 57 3035
5221 57 3037
5222 24 1279
5226 3 160
5228 57 3041
5230 19 1014
5233 57 3044
5234 17 908
5238 57 3047
5240 17 909
5242 57 3049
5245 19 1017
5247 24 1285
5249 57 3053
5250 19 1018
5251 12 643
5254 57 3056
5255 8 429
5257 17 912
5259 3 161
5261 19 1020
5262 57 3061
5263 17 913
5266 19 1021
5267 4 215
5271 19 1022
5273 57 3067
5274 17 915
5278 57 3070
5279 8 431
5283 57 3073
5285 57 3074
5286 17 917
5290 57 3077
5291 1 54
5295 57 3080
5296 24 1297
5297 19 1027
5300 12 649
5302 19 1028
5303 17 920
5304 57 3085
5307 19 1029
5308 6 325
5309 57 3088
5312 24 1301
5314 57 3091
5315 17 922
5316 57 3092
5319 57 3094
5320 24 1303
5324 3 163
5326 57 3098
5328 19 1033
5331 57 3101
5332 17 925
5336 57 3104
5338 17 926
5340 57 3106
5343 19 1036
5345 24 1309
5347 57 3110
5348 19 1037
5349 12 655
5352 57 3113
5353 8 437
5355 17 929
5357 3 164
5359 19 1039
5360 57 3118
5361 17 930
5364 19 1040
5365 4 219
5369 19 1041
5371 57 3124
5372 17 932
5376 57 3127
5377 8 439
5381 57 3130
5383 57 3131
5384 17 934
5388 57 3134
5389 1 55
5393 57 3137
5394 24 1321
5395 19 1046
5398 12 661
5400 19 1047
5401 17 937
5402 57 3142
5405 19 1048
5406 6 331
5407 57 3145
5410 24 1325
5412 57 3148
5413 17 939
5414 57 3149
5417 57 3151
5418 24 1327
5422 3 166
5424 57 3155
5426 19 1052
5429 57 3158
5430 17 942
5434 57 3161
5436 17 943
5438 57 3163
5441 19 1055
5443 24 1333
5445 57 3167
5446 19 1056
5447 12 667
5450 57 3170
5451 8 445
5453 17 946
5455 3 167
5457 19 1058
5458 57 3175
5459 17 947
5462 19 1059
5463 4 223
5467 19 1060
5469 57 3181
5470 17 949
5474 57 3184
5475 8 447
5479 57 3187
5481 57 3188
5482 17 951
5486 57 3191
5487 1 56
5491 57 3194
5492 24 1345
5493 19 1065
5496 12 673
5498 19 1066
5499 17 954
5500 57 3199
5503 19 1067
5504 6 337
5505 57 3202
5508 24 1349
5510 57 3205
5511 17 956
5512 57 3206
5515 57 3208
5516 24 1351
5520 3 169
5522 57 3212
5524 19 1071
5527 57 3215
5528 17 959
5532 57 3218
5534 17 960
5536 57 3220
5539 19 1074
5541 24 1357
5543 57 3224
5544 19 1075
5545 12 679
5548 57 3227
5549 8 453
5551 17 963
5553 3 170
5555 19 1077
5556 57 3232
5557 17 964
5560 19 1078
5561 4 227
5565 19 1079
5567 57 3238
5568 17 966
5572 57 3241
5573 8 455
5577 57 3244
5579 57 3245
5580 17 968
5584 57 3248
5585 1 57
5589 57 3251
5590 24 1369
5591 19 1084
5594 12 685
5596 19 1085
5597 17 971
5598 57 3256
5601 19 1086
5602 6 343
5603 57 3259
5606 24 1373
5608 57 3262
5609 17 973
5610 57 3263
5613 57 3265
5614 24 1375
5618 3 172
5620 57 3269
5622 19 1090
5625 57 3272
5626 17 976
5630 57 3275
5632 17 977
5634 57 3277
5637 19 1093
5639 24 1381
5641 57 3281
5642 19 1094
5643 12 691
5646 57 3284
5647 8 461
5649 17 980
5651 3 173
5653 19 1096
5654 57 3289
5655 17 981
5658 19 1097
5659 4 231
5663 19 1098
5665 57 3295
5666 17 983
5670 57 3298
5671 8 463
5675 57 3301
5677 57 3302
5678 17 985
5682 57 3305
5683 1 58
5687 57 3308
5688 24 1393
5689 19 1103
5692 12 697
5694 19 1104
5695 17 988
5696 57 3313
5699 19 1105
5700 6 349
5701 57 3316
5704 24 1397
5706 57 3319
5707 17 990
5708 57 3320
5711 57 3322
5712 24 1399
5716 3 175
5718 57 3326
5720 19 1109
5723 57 3329
5724 17 993
5728 57 3332
5730 17 994
5732 57 3334
5735 19 1112
5737 24 1405
5739 57 3338
5740 19 1113
5741 12 703
5744 57 3341
5745 8 469
5747 17 997
5749 3 176
5751 19 1115
5752 57 3346
5753 17 998
5756 19 1116
5757 4 235
5761 19 1117
5763 57 3352
5764 17 1000
5768 57 3355
5769 8 471
5773 57 3358
5775 57 3359
5776 17 1002
5780 57 3362
5781 1 59
5785 57 3365
5786 24 1417
5787 19 1122
5790 12 709
5792 19 1123
5793 17 1005
5794 57 3370
5797 19 1124
5798 6 355
5799 57 3373
5802 24 1421
5804 57 3376
5805 17 1007
5806 57 3377
5809 57 3379
5810 24 1423
5814 3 178
5816 57 3383
5818 19 1128
5821 57 3386
5822 17 1010
5826 57 3389
5828 17 1011
5830 57 3391
5833 19 1131
5835 24 1429
5837 57 3395
5838 19 1132
5839 12 715
5842 57 3398
5843 8 477
5845 17 1014
5847 3 179
5849 19 1134
5850 57 3403
5851 17 1015
5854 19 1135
5855 4 239
5859 19 1136
5861 57 3409
5862 17 1017
5866 57 3412
5867 8 479
5871 57 3415
5873 57 3416
5874 17 1019
5878 57 3419
5879 1 60
5883 57 3422
5884 24 1441
5885 19 1141
5888 12 721
5890 19 1142
5891 17 1022
5892 57 3427
5895 19 1143
5896 6 361
5897 57 3430
5900 24 1445
5902 57 3433
5903 17 1024
5904 57 3434
5907 57 3436
5908 24 1447
5912 3 181
5914 57 3440
5916 19 1147
5919 57 3443
5920 17 1027
5924 57 3446
5926 17 1028
5928 57 3448
5931 19 1150
5933 24 1453
5935 57 3452
5936 19 1151
5937 12 727
5940 57 3455
5941 8 485
5943 17 1031
5945 3 182
5947 19 1153
5948 57 3460
5949 17 1032
5952 19 1154
5953 4 243
5957 19 1155
5959 57 3466
5960 17 1034
5964 57 3469
5965 8 487
5969 57 3472
5971 57 3473
5972 17 1036
5976 57 3476
5977 1 61
5981 57 3479
5982 24 1465
5983 19 1160
5986 12 733
5988 19 1161
5989 17 1039
5990 57 3484
5993 19 1162
5994 6 367
5995 57 3487
5998 24 1469
6000 57 3490
6001 17 1041
6002 57 3491
6005 57 3493
6006 24 1471
6010 3 184
6012 57 3497
6014 19 1166
6017 57 3500
6018 17 1044
6022 57 3503
6024 17 1045
6026 57 3505
6029 19 1169
6031 24 1477
6033 57 3509
6034 19 1170
6035 12 739
6038 57 3512
6039 8 493
6041 17 1048
6043 3 185
6045 19 1172
6046 57 3517
6047 17 1049
6050 19 1173
6051 4 247
6055 19 1174
6057 57 3523
6058 17 1051
6062 57 3526
6063 8 495
6067 57 3529
6069 57 3530
6070 17 1053
6074 57 3533
6075 1 62
6079 57 3536
6080 24 1489
6081 19 1179
6084 12 745
6086 19 1180
6087 17 1056
6088 57 3541
6091 19 1181
6092 6 373
6093 57 3544
6096 24 1493
6098 57 3547
6099 17 1058
6100 57 3548
6103 57 3550
6104 24 1495
6108 3 187
6110 57 3554
6112 19 1185
6115 57 3557
6116 17 1061
6120 57 3560
6122 17 1062
6124 57 3562
6127 19 1188
6129 24 1501
6131 57 3566
6132 19 1189
6133 12 751
6136 57 3569
6137 8 501
6139 17 1065
6141 3 188
6143 19 1191
6144 57 3574
6145 17 1066
6148 19 1192
6149 4 251
6153 19 1193
6155 57 3580
6156 17 1068
6160 57 3583
6161 8 503
6165 57 3586
6167 57 3587
6168 17 1070
6172 57 3590
6173 1 63
6177 57 3593
6178 24 1513
6179 19 1198
6182 12 757
6184 19 1199
6185 17 1073
6186 57 3598
6189 19 1200
6190 6 379
6191 57 3601
6194 24 1517
6196 57 3604
6197 17 1075
6198 57 3605
6201 57 3607
6202 24 1519
6206 3 190
6208 57 3611
6210 19 1204
6213 57 3614
6214 17 1078
6218 57 3617
6220 17 1079
6222 57 3619
6225 19 1207
6227 24 1525
6229 57 3623
6230 19 1208
6231 12 763
6234 57 3626
6235 8 509
6237 17 1082
6239 3 191
6241 19 1210
6242 57 3631
6243 17 1083
6246 19 1211
6247 4 255
6251 19 1212
6253 57 3637
6254 17 1085
6258 57 3640
6259 8 511
6263 57 3643
6265 57 3644
6266 17 1087
6270 57 3647
6271 1 64
6275 57 3650
6276 24 1537
6277 19 1217
6280 12 769
6282 19 1218
6283 17 1090
6284 57 3655
6287 19 1219
6288 6 385
6289 57 3658
6292 24 1541
6294 57 3661
6295 17 1092
6296 57 3662
6299 57 3664
6300 24 1543
6304 3 193
6306 57 3668
6308 19 1223
6311 57 3671
6312 17 1095
6316 57 3674
6318 17 1096
6320 57 3676
6323 19 1226
6325 24 1549
6327 57 3680
6328 19 1227
6329 12 775
6332 57 3683
6333 8 517
6335 17 1099
6337 3 194
6339 19 1229
6340 57 3688
6341 17 1100
6344 19 1230
6345 4 259
6349 19 1231
6351 57 3694
6352 17 1102
6356 57 3697
6357 8 519
6361 57 3700
6363 57 3701
6364 17 1104
6368 57 3704
6369 1 65
6373 57 3707
6374 24 1561
6375 19 1236
6378 12 781
6380 19 1237
6381 17 1107
6382 57 3712
6385 19 1238
6386 6 391
6387 57 3715
6390 24 1565
6392 57 3718
6393 17 1109
6394 57 3719
6397 57 3721
6398 24 1567
6402 3 196
6404 57 3725
6406 19 1242
6409 57 3728
6410 17 1112
6414 57 3731
6416 17 1113
6418 57 3733
6421 19 1245
6423 24 1573
6425 57 3737
6426 19 1246
6427 12 787
6430 57 3740
6431 8 525
6433 17 1116
6435 3 197
6437 19 1248
6438 57 3745
6439 17 1117
6442 19 1249
6443 4 263
6447 19 1250
6449 57 3751
6450 17 1119
6454 57 3754
6455 8 527
6459 57 3757
6461 57 3758
6462 17 1121
6466 57 3761
6467 1 66
6471 57 3764
6472 24 1585
6473 19 1255
6476 12 793
6478 19 1256
6479 17 1124
6480 57 3769
6483 19 1257
6484 6 397
6485 57 3772
6488 24 1589
6490 57 3775
6491 17 1126
6492 57 3776
6495 57 3778
6496 24 1591
6500 3 199
6502 57 3782
6504 19 1261
6507 57 3785
6508 17 1129
6512 57 3788
6514 17 1130
6516 57 3790
6519 19 1264
6521 24 1597
6523 57 3794
6524 19 1265
6525 12 799
6528 57 3797
6529 8 533
6531 17 1133
6533 3 200
6535 19 1267
6536 57 3802
6537 17 1134
6540 19 1268
6541 4 267
6545 19 1269
6547 57 3808
6548 17 1136
6552 57 3811
6553 8 535
6557 57 3814
6559 57 3815
6560 17 1138
6564 57 3818
6565 1 67
6569 57 3821
6570 24 1609
6571 19 1274
6574 12 805
6576 19 1275
6577 17 1141
6578 57 3826
6581 19 1276
6582 6 403
6583 57 3829
6586 24 1613
6588 57 3832
6589 17 1143
6590 57 3833
6593 57 3835
6594 24 1615
6598 3 202
6600 57 3839
6602 19 1280
6605 57 3842
6606 17 1146
6610 57 3845
6612 17 1147
6614 57 3847
6617 19 1283
6619 24 1621
6621 57 3851
6622 19 1284
6623 12 811
6626 57 3854
6627 8 541
6629 17 1150
6631 3 203
6633 19 1286
6634 57 3859
6635 17 1151
6638 19 1287
6639 4 271
6643 19 1288
6645 57 3865
6646 17 1153
6650 57 3868
6651 8 543
6655 57 3871
6657 57 3872
6658 17 1155
6662 57 3875
6663 1 68
6667 57 3878
6668 24 1633
6669 19 1293
6672 12 817
6674 19 1294
6675 17 1158
6676 57 3883
6679 19 1295
6680 6 409
6681 57 3886
6684 24 1637
6686 57 3889
6687 17 1160
6688 57 3890
6691 57 3892
6692 24 1639
6696 3 205
6698 57 3896
6700 19 1299
6703 57 3899
6704 17 1163
6708 57 3902
6710 17 1164
6712 57 3904
6715 19 1302
6717 24 1645
6719 57 3908
6720 19 1303
6721 12 823
6724 57 3911
6725 8 549
6727 17 1167
6729 3 206
6731 19 1305
6732 57 3916
6733 17 1168
6736 19 1306
6737 4 275
6741 19 1307
6743 57 3922
6744 17 1170
6748 57 3925
6749 8 551
6753 57 3928
6755 57 3929
6756 17 1172
6760 57 3932
6761 1 69
6765 57 3935
6766 24 1657
6767 19 1312
6770 12 829
6772 19 1313
6773 17 1175
6774 57 3940
6777 19 1314
6778 6 415
6779 57 3943
6782 24 1661
6784 57 3946
6785 17 1177
6786 57 3947
6789 57 3949
6790 24 1663
6794 3 208
6796 57 3953
6798 19 1318
6801 57 3956
6802 17 1180
6806 57 3959
6808 17 1181
6810 57 3961
6813 19 1321
6815 24 1669
6817 57 3965
6818 19 1322
6819 12 835
6822 57 3968
6823 8 557
6825 17 1184
6827 3 209
6829 19 1324
6830 57 3973
6831 17 1185
6834 19 1325
6835 4 279
6839 19 1326
6841 57 3979
6842 17 1187
6846 57 3982
6847 8 559
6851 57 3985
6853 57 3986
6854 17 1189
6858 57 3989
6859 1 70
6863 57 3992
6864 24 1681
6865 19 1331
6868 12 841
6870 19 1332
6871 17 1192
6872 57 3997
6875 19 1333
6876 6 421
6877 57 4000
6880 24 1685
6882 57 4003
6883 17 1194
6884 57 4004
6887 57 4006
6888 24 1687
6892 3 211
6894 57 4010
6896 19 1337
6899 57 4013
6900 17 1197
6904 57 4016
6906 17 1198
6908 57 4018
6911 19 1340
6913 24 1693
6915 57 4022
6916 19 1341
6917 12 847
6920 57 4025
6921 8 565
6923 17 1201
6925 3 212
6927 19 1343
6928 57 4030
6929 17 1202
6932 19 1344
6933 4 283
6937 19 1345
6939 57 4036
6940 17 1204
6944 57 4039
6945 8 567
6949 57 4042
6951 57 4043
6952 17 1206
6956 57 4046
6957 1 71
6961 57 4049
6962 24 1705
6963 19 1350
6966 12 853
6968 19 1351
6969 17 1209
6970 57 4054
6973 19 1352
6974 6 427
6975 57 4057
6978 24 1709
6980 57 4060
6981 17 1211
6982 57 4061
6985 57 4063
6986 24 1711
6990 3 214
6992 57 4067
6994 19 1356
6997 57 4070
6998 17 1214
7002 57 4073
7004 17 1215
7006 57 4075
7009 19 1359
7011 24 1717
7013 57 4079
7014 19 1360
7015 12 859
7018 57 4082
7019 8 573
7021 17 1218
7023 3 215
7025 19 1362
7026 57 4087
7027 17 1219
7030 19 1363
7031 4 287
7035 19 1364
7037 57 4093
7038 17 1221
7042 57 4096
7043 8 575
7047 57 4099
7049 57 4100
7050 17 1223
7054 57 4103
7055 1 72
7059 57 4106
7060 24 1729
7061 19 1369
7064 12 865
7066 19 1370
7067 17 1226
7068 57 4111
7071 19 1371
7072 6 433
7073 57 4114
7076 24 1733
7078 57 4117
7079 17 1228
7080 57 4118
7083 57 4120
7084 24 1735
7088 3 217
7090 57 4124
7092 19 1375
7095 57 4127
7096 17 1231
7100 57 4130
7102 17 1232
7104 57 4132
7107 19 1378
7109 24 1741
7111 57 4136
7112 19 1379
7113 12 871
7116 57 4139
7117 8 581
7119 17 1235
7121 3 218
7123 19 1381
7124 57 4144
7125 17 1236
7128 19 1382
7129 4 291
7133 19 1383
7135 57 4150
7136 17 1238
7140 57 4153
7141 8 583
7145 57 4156
7147 57 4157
7148 17 1240
7152 57 4160
7153 1 73
7157 57 4163
7158 24 1753
7159 19 1388
7162 12 877
7164 19 1389
7165 17 1243
7166 57 4168
7169 19 1390
7170 6 439
7171 57 4171
7174 24 1757
7176 57 4174
7177 17 1245
7178 57 4175
7181 57 4177
7182 24 1759
7186 3 220
7188 57 4181
7190 19 1394
7193 57 4184
7194 17 1248
7198 57 4187
7200 17 1249
7202 57 4189
7205 19 1397
7207 24 1765
7209 57 4193
7210 19 1398
7211 12 883
7214 57 4196
7215 8 589
7217 17 1252
7219 3 221
7221 19 1400
7222 57 4201
7223 17 1253
7226 19 1401
7227 4 295
7231 19 1402
7233 57 4207
7234 17 1255
7238 57 4210
7239 8 591
7243 57 4213
7245 57 4214
7246 17 1257
7250 57 4217
7251 1 74
7255 57 4220
7256 24 1777
7257 19 1407
7260 12 889
7262 19 1408
7263 17 1260
7264 57 4225
7267 19 1409
7268 6 445
7269 57 4228
7272 24 1781
7274 57 4231
7275 17 1262
7276 57 4232
7279 57 4234
7280 24 1783
7284 3 223
7286 57 4238
7288 19 1413
7291 57 4241
7292 17 1265
7296 57 4244
7298 17 1266
7300 57 4246
7303 19 1416
7305 24 1789
7307 57 4250
7308 19 1417
7309 12 895
7312 57 4253
7313 8 597
7315 17 1269
7317 3 224
7319 19 1419
7320 57 4258
7321 17 1270
7324 19 1420
7325 4 299
7329 19 1421
7331 57 4264
7332 17 1272
7336 57 4267
7337 8 599
7341 57 4270
7343 57 4271
7344 17 1274
7348 57 4274
7349 1 75
7353 57 4277
7354 24 1801
7355 19 1426
7358 12 901
7360 19 1427
7361 17 1277
7362 57 4282
7365 19 1428
7366 6 451
7367 57 4285
7370 24 1805
7372 57 4288
7373 17 1279
7374 57 4289
7377 57 4291
7378 24 1807
7382 3 226
7384 57 4295
7386 19 1432
7389 57 4298
7390 17 1282
7394 57 4301
7396 17 1283
7398 57 4303
7401 19 1435
7403 24 1813
7405 57 4307
7406 19 1436
7407 12 907
7410 57 4310
7411 8 605
7413 17 1286
7415 3 227
7417 19 1438
7418 57 4315
7419 17 1287
7422 19 1439
7423 4 303
7427 19 1440
7429 57 4321
7430 17 1289
7434 57 4324
7435 8 607
7439 57 4327
7441 57 4328
7442 17 1291
7446 57 4331
7447 1 76
7451 57 4334
7452 24 1825
7453 19 1445
7456 12 913
7458 19 1446
7459 17 1294
7460 57 4339
7463 19 1447
7464 6 457
7465 57 4342
7468 24 1829
7470 57 4345
7471 17 1296
7472 57 4346
7475 57 4348
7476 24 1831
7480 3 229
7482 57 4352
7484 19 1451
7487 57 4355
7488 17 1299
7492 57 4358
7494 17 1300
7496 57 4360
7499 19 1454
7501 24 1837
7503 57 4364
7504 19 1455
7505 12 919
7508 57 4367
7509 8 613
7511 17 1303
7513 3 230
7515 19 1457
7516 57 4372
7517 17 1304
7520 19 1458
7521 4 307
7525 19 1459
7527 57 4378
7528 17 1306
7532 57 4381
7533 8 615
7537 57 4384
7539 57 4385
7540 17 1308
7544 57 4388
7545 1 77
7549 57 4391
7550 24 1849
7551 19 1464
7554 12 925
7556 19 1465
7557 17 1311
7558 57 4396
7561 19 1466
7562 6 463
7563 57 4399
7566 24 1853
7568 57 4402
7569 17 1313
7570 57 4403
7573 57 4405
7574 24 1855
7578 3 232
7580 57 4409
7582 19 1470
7585 57 4412
7586 17 1316
7590 57 4415
7592 17 1317
7594 57 4417
7597 19 1473
7599 24 1861
7601 57 4421
7602 19 1474
7603 12 931
7606 57 4424
7607 8 621
7609 17 1320
7611 3 233
7613 19 1476
7614 57 4429
7615 17 1321
7618 19 1477
7619 4 311
7623 19 1478
7625 57 4435
7626 17 1323
7630 57 4438
7631 8 623
7635 57 4441
7637 57 4442
7638 17 1325
7642 57 4445
7643 1 78
7647 57 4448
7648 24 1873
7649 19 1483
7652 12 937
7654 19 1484
7655 17 1328
7656 57 4453
7659 19 1485
7660 6 469
7661 57 4456
7664 24 1877
7666 57 4459
7667 17 1330
7668 57 4460
7671 57 4462
7672 24 1879
7676 3 235
7678 57 4466
7680 19 1489
7683 57 4469
7684 17 1333
7688 57 4472
7690 17 1334
7692 57 4474
7695 19 1492
7697 24 1885
7699 57 4478
7700 19 1493
7701 12 943
7704 57 4481
7705 8 629
7707 17 1337
7709 3 236
7711 19 1495
7712 57 4486
7713 17 1338
7716 19 1496
7717 4 315
7721 19 1497
7723 57 4492
7724 17 1340
7728 57 4495
7729 8 631
7733 57 4498
7735 57 4499
7736 17 1342
7740 57 4502
7741 1 79
7745 57 4505
7746 24 1897
7747 19 1502
7750 12 949
7752 19 1503
7753 17 1345
7754 57 4510
7757 19 1504
7758 6 475
7759 57 4513
7762 24 1901
7764 57 4516
7765 17 1347
7766 57 4517
7769 57 4519
7770 24 1903
7774 3 238
7776 57 4523
7778 19 1508
7781 57 4526
7782 17 1350
7786 57 4529
7788 17 1351
7790 57 4531
7793 19 1511
7795 24 1909
7797 57 4535
7798 19 1512
7799 12 955
7802 57 4538
7803 8 637
7805 17 1354
7807 3 239
7809 19 1514
7810 57 4543
7811 17 1355
7814 19 1515
7815 4 319
7819 19 1516
7821 57 4549
7822 17 1357
7826 57 4552
7827 8 639
7831 57 4555
7833 57 4556
7834 17 1359
7838 57 4559
7839 1 80
7843 57 4562
7844 24 1921
7845 19 1521
7848 12 961
7850 19 1522
7851 17 1362
7852 57 4567
7855 19 1523
7856 6 481
7857 57 4570
7860 24 1925
7862 57 4573
7863 17 1364
7864 57 4574
7867 57 4576
7868 24 1927
7872 3 241
7874 57 4580
7876 19 1527
7879 57 4583
7880 17 1367
7884 57 4586
7886 17 1368
7888 57 4588
7891 19 1530
7893 24 1933
7895 57 4592
7896 19 1531
7897 12 967
7900 57 4595
7901 8 645
7903 17 1371
7905 3 242
7907 19 1533
7908 57 4600
7909 17 1372
7912 19 1534
7913 4 323
7917 19 1535
7919 57 4606
7920 17 1374
7924 57 4609
7925 8 647
7929 57 4612
7931 57 4613
7932 17 1376
7936 57 4616
7937 1 81
7941 57 4619
7942 24 1945
7943 19 1540
7946 12 973
7948 19 1541
7949 17 1379
7950 57 4624
7953 19 1542
7954 6 487
7955 57 4627
7958 24 1949
7960 57 4630
7961 17 1381
7962 57 4631
7965 57 4633
7966 24 1951
7970 3 244
7972 57 4637
7974 19 1546
7977 57 4640
7978 17 1384
7982 57 4643
7984 17 1385
7986 57 4645
7989 19 1549
7991 24 1957
7993 57 4649
7994 19 1550
7995 12 979
7998 57 4652
7999 8 653
8001 17 1388
8003 3 245
8005 19 1552
8006 57 4657
8007 17 1389
8010 19 1553
8011 4 327
8015 19 1554
8017 57 4663
8018 17 1391
8022 57 4666
8023 8 655
8027 57 4669
8029 57 4670
8030 17 1393
8034 57 4673
8035 1 82
8039 57 4676
8040 24 1969
8041 19 1559
8044 12 985
8046 19 1560
8047 17 1396
8048 57 4681
8051 19 1561
8052 6 493
8053 57 4684
8056 24 1973
8058 57 4687
8059 17 1398
8060 57 4688
8063 57 4690
8064 24 1975
8068 3 247
8070 57 4694
8072 19 1565
8075 57 4697
8076 17 1401
8080 57 4700
8082 17 1402
8084 57 4702
8087 19 1568
8089 24 1981
8091 57 4706
8092 19 1569
8093 12 991
8096 57 4709
8097 8 661
8099 17 1405
8101 3 248
8103 19 1571
8104 57 4714
8105 17 1406
8108 19 1572
8109 4 331
8113 19 1573
8115 57 4720
8116 17 1408
8120 57 4723
8121 8 663
8125 57 4726
8127 57 4727
8128 17 1410
8132 57 4730
8133 1 83
8137 57 4733
8138 24 1993
8139 19 1578
8142 12 997
8144 19 1579
8145 17 1413
8146 57 4738
8149 19 1580
8150 6 499
8151 57 4741
8154 24 1997
8156 57 4744
8157 17 1415
8158 57 4745
8161 57 4747
8162 24 1999
8166 3 250
8168 57 4751
8170 19 1584
8173 57 4754
8174 17 1418
8178 57 4757
8180 17 1419
8182 57 4759
8185 19 1587
8187 24 2005
8189 57 4763
8190 19 1588
8191 12 1003
8194 57 4766
8195 8 669
8197 17 1422
8199 3 251
8201 19 1590
8202 57 4771
8203 17 1423
8206 19 1591
8207 4 335
8211 19 1592
8213 57 4777
8214 17 1425
8218 57 4780
8219 8 671
8223 57 4783
8225 57 4784
8226 17 1427
8230 57 4787
8231 1 84
8235 57 4790
8236 24 2017
8237 19 1597
8240 12 1009
8242 19 1598
8243 17 1430
8244 57 4795
8247 19 1599
8248 6 505
8249 57 4798
8252 24 2021
8254 57 4801
8255 17 1432
8256 57 4802
8259 57 4804
8260 24 2023
8264 3 253
8266 57 4808
8268 19 1603
8271 57 4811
8272 17 1435
8276 57 4814
8278 17 1436
8280 57 4816
8283 19 1606
8285 24 2029
8287 57 4820
8288 19 1607
8289 12 1015
8292 57 4823
8293 8 677
8295 17 1439
8297 3 254
8299 19 1609
8300 57 4828
8301 17 1440
8304 19 1610
8305 4 339
8309 19 1611
8311 57 4834
8312 17 1442
8316 57 4837
8317 8 679
8321 57 4840
8323 57 4841
8324 17 1444
8328 57 4844
8329 1 85
8333 57 4847
8334 24 2041
8335 19 1616
8338 12 1021
8340 19 1617
8341 17 1447
8342 57 4852
8345 19 1618
8346 6 511
8347 57 4855
8350 24 2045
8352 57 4858
8353 17 1449
8354 57 4859
8357 57 4861
8358 24 2047
8362 3 256
8364 57 4865
8366 19 1622
8369 57 4868
8370 17 1452
8374 57 4871
8376 17 1453
8378 57 4873
8381 19 1625
8383 24 2053
8385 57 4877
8386 19 1626
8387 12 1027
8390 57 4880
8391 8 685
8393 17 1456
8395 3 257
8397 19 1628
8398 57 4885
8399 17 1457
8402 19 1629
8403 4 343
8407 19 1630
8409 57 4891
8410 17 1459
8414 57 4894
8415 8 687
8419 57 4897
8421 57 4898
8422 17 1461
8426 57 4901
8427 1 86
8431 57 4904
8432 24 2065
8433 19 1635
8436 12 1033
8438 19 1636
8439 17 1464
8440 57 4909
8443 19 1637
8444 6 517
8445 57 4912
8448 24 2069
8450 57 4915
8451 17 1466
8452 57 4916
8455 57 4918
8456 24 2071
8460 3 259
8462 57 4922
8464 19 1641
8467 57 4925
8468 17 1469
8472 57 4928
8474 17 1470
8476 57 4930
8479 19 1644
8481 24 2077
8483 57 4934
8484 19 1645
8485 12 1039
8488 57 4937
8489 8 693
8491 17 1473
8493 3 260
8495 19 1647
8496 57 4942
8497 17 1474
8500 19 1648
8501 4 347
8505 19 1649
8507 57 4948
8508 17 1476
8512 57 4951
8513 8 695
8517 57 4954
8519 57 4955
8520 17 1478
8524 57 4958
8525 1 87
8529 57 4961
8530 24 2089
8531 19 1654
8534 12 1045
8536 19 1655
8537 17 1481
8538 57 4966
8541 19 1656
8542 6 523
8543 57 4969
8546 24 2093
8548 57 4972
8549 17 1483
8550 57 4973
8553 57 4975
8554 24 2095
8558 3 262
8560 57 4979
8562 19 1660
8565 57 4982
8566 17 1486
8570 57 4985
8572 17 1487
8574 57 4987
8577 19 1663
8579 24 2101
8581 57 4991
8582 19 1664
8583 12 1051
8586 57 4994
8587 8 701
8589 17 1490
8591 3 263
8593 19 1666
8594 57 4999
8595 17 1491
8598 19 1667
8599 4 351
8603 19 1668
8605 57 5005
8606 17 1493
8610 57 5008
8611 8 703
8615 57 5011
8617 57 5012
8618 17 1495
8622 57 5015
8623 1 88
8627 57 5018
8628 24 2113
8629 19 1673
8632 12 1057
8634 19 1674
8635 17 1498
8636 57 5023
8639 19 1675
8640 6 529
8641 57 5026
8644 24 2117
8646 57 5029
8647 17 1500
8648 57 5030
8651 57 5032
8652 24 2119
8656 3 265
8658 57 5036
8660 19 1679
8663 57 5039
8664 17 1503
8668 57 5042
8670 17 1504
8672 57 5044
8675 19 1682
8677 24 2125
8679 57 5048
8680 19 1683
8681 12 1063
8684 57 5051
8685 8 709
8687 17 1507
8689 3 266
8691 19 1685
8692 57 5056
8693 17 1508
8696 19 1686
8697 4 355
8701 19 1687
8703 57 5062
8704 17 1510
8708 57 5065
8709 8 711
8713 57 5068
8715 57 5069
8716 17 1512
8720 57 5072
8721 1 89
8725 57 5075
8726 24 2137
8727 19 1692
8730 12 1069
8732 19 1693
8733 17 1515
8734 57 5080
8737 19 1694
8738 6 535
8739 57 5083
8742 24 2141
8744 57 5086
8745 17 1517
8746 57 5087
8749 57 5089
8750 24 2143
8754 3 268
8756 57 5093
8758 19 1698
8761 57 5096
8762 17 1520
8766 57 5099
8768 17 1521
8770 57 5101
8773 19 1701
8775 24 2149
8777 57 5105
8778 19 1702
8779 12 1075
8782 57 5108
8783 8 717
8785 17 1524
8787 3 269
8789 19 1704
8790 57 5113
8791 17 1525
8794 19 1705
8795 4 359
8799 19 1706
8801 57 5119
8802 17 1527
8806 57 5122
8807 8 719
8811 57 5125
8813 57 5126
8814 17 1529
8818 57 5129
8819 1 90
8823 57 5132
8824 24 2161
8825 19 1711
8828 12 1081
8830 19 1712
8831 17 1532
8832 57 5137
8835 19 1713
8836 6 541
8837 57 5140
8840 24 2165
8842 57 5143
8843 17 1534
8844 57 5144
8847 57 5146
8848 24 2167
8852 3 271
8854 57 5150
8856 19 1717
8859 57 5153
8860 17 1537
8864 57 5156
8866 17 1538
8868 57 5158
8871 19 1720
8873 24 2173
8875 57 5162
8876 19 1721
8877 12 1087
8880 57 5165
8881 8 725
8883 17 1541
8885 3 272
8887 19 1723
8888 57 5170
8889 17 1542
8892 19 1724
8893 4 363
8897 19 1725
8899 57 5176
8900 17 1544
8904 57 5179
8905 8 727
8909 57 5182
8911 57 5183
8912 17 1546
8916 57 5186
8917 1 91
8921 57 5189
8922 24 2185
8923 19 1730
8926 12 1093
8928 19 1731
8929 17 1549
8930 57 5194
8933 19 1732
8934 6 547
8935 57 5197
8938 24 2189
8940 57 5200
8941 17 1551
8942 57 5201
8945 57 5203
8946 24 2191
8950 3 274
8952 57 5207
8954 19 1736
8957 57 5210
8958 17 1554
8962 57 5213
8964 17 1555
8966 57 5215
8969 19 1739
8971 24 2197
8973 57 5219
8974 19 1740
8975 12 1099
8978 57 5222
8979 8 733
8981 17 1558
8983 3 275
8985 19 1742
8986 57 5227
8987 17 1559
8990 19 1743
8991 4 367
8995 19 1744
8997 57 5233
8998 17 1561
9002 57 5236
9003 8 735
9007 57 5239
9009 57 5240
9010 17 1563
9014 57 5243
9015 1 92
9019 57 5246
9020 24 2209
9021 19 1749
9024 12 1105
9026 19 1750
9027 17 1566
9028 57 5251
9031 19 1751
9032 6 553
9033 57 5254
9036 24 2213
9038 57 5257
9039 17 1568
9040 57 5258
9043 57 5260
9044 24 2215
9048 3 277
9050 57 5264
9052 19 1755
9055 57 5267
9056 17 1571
9060 57 5270
9062 17 1572
9064 57 5272
9067 19 1758
9069 24 2221
9071 57 5276
9072 19 1759
9073 12 1111
9076 57 5279
9077 8 741
9079 17 1575
9081 3 278
9083 19 1761
9084 57 5284
9085 17 1576
9088 19 1762
9089 4 371
9093 19 1763
9095 57 5290
9096 17 1578
9100 57 5293
9101 8 743
9105 57 5296
9107 57 5297
9108 17 1580
9112 57 5300
9113 1 93
9117 57 5303
9118 24 2233
9119 19 1768
9122 12 1117
9124 19 1769
9125 17 1583
9126 57 5308
9129 19 1770
9130 6 559
9131 57 5311
9134 24 2237
9136 57 5314
9137 17 1585
9138 57 5315
9141 57 5317
9142 24 2239
9146 3 280
9148 57 5321
9150 19 1774
9153 57 5324
9154 17 1588
9158 57 5327
9160 17 1589
9162 57 5329
9165 19 1777
9167 24 2245
9169 57 5333
9170 19 1778
9171 12 1123
9174 57 5336
9175 8 749
9177 17 1592
9179 3 281
9181 19 1780
9182 57 5341
9183 17 1593
9186 19 1781
9187 4 375
9191 19 1782
9193 57 5347
9194 17 1595
9198 57 5350
9199 8 751
9203 57 5353
9205 57 5354
9206 17 1597
9210 57 5357
9211 1 94
9215 57 5360
9216 24 2257
9217 19 1787
9220 12 1129
9222 19 1788
9223 17 1600
9224 57 5365
9227 19 1789
9228 6 565
9229 57 5368
9232 24 2261
9234 57 5371
9235 17 1602
9236 57 5372
9239 57 5374
9240 24 2263
9244 3 283
9246 57 5378
9248 19 1793
9251 57 5381
9252 17 1605
9256 57 5384
9258 17 1606
9260 57 5386
9263 19 1796
9265 24 2269
9267 57 5390
9268 19 1797
9269 12 1135
9272 57 5393
9273 8 757
9275 17 1609
9277 3 284
9279 19 1799
9280 57 5398
9281 17 1610
9284 19 1800
9285 4 379
9289 19 1801
9291 57 5404
9292 17 1612
9296 57 5407
9297 8 759
9301 57 5410
9303 57 5411
9304 17 1614
9308 57 5414
9309 1 95
9313 57 5417
9314 24 2281
9315 19 1806
9318 12 1141
9320 19 1807
9321 17 1617
9322 57 5422
9325 19 1808
9326 6 571
9327 57 5425
9330 24 2285
9332 57 5428
9333 17 1619
9334 57 5429
9337 57 5431
9338 24 2287
9342 3 286
9344 57 5435
9346 19 1812
9349 57 5438
9350 17 1622
9354 57 5441
9356 17 1623
9358 57 5443
9361 19 1815
9363 24 2293
9365 57 5447
9366 19 1816
9367 12 1147
9370 57 5450
9371 8 765
9373 17 1626
9375 3 287
9377 19 1818
9378 57 5455
9379 17 1627
9382 19 1819
9383 4 383
9387 19 1820
9389 57 5461
9390 17 1629
9394 57 5464
9395 8 767
9399 57 5467
9401 57 5468
9402 17 1631
9406 57 5471
9407 1 96
9411 57 5474
9412 24 2305
9413 19 1825
9416 12 1153
9418 19 1826
9419 17 1634
9420 57 5479
9423 19 1827
9424 6 577
9425 57 5482
9428 24 2309
9430 57 5485
9431 17 1636
9432 57 5486
9435 57 5488
9436 24 2311
9440 3 289
9442 57 5492
9444 19 1831
9447 57 5495
9448 17 1639
9452 57 5498
9454 17 1640
9456 57 5500
9459 19 1834
9461 24 2317
9463 57 5504
9464 19 1835
9465 12 1159
9468 57 5507
9469 8 773
9471 17 1643
9473 3 290
9475 19 1837
9476 57 5512
9477 17 1644
9480 19 1838
9481 4 387
9485 19 1839
9487 57 5518
9488 17 1646
9492 57 5521
9493 8 775
9497 57 5524
9499 57 5525
9500 17 1648
9504 57 5528
9505 1 97
9509 57 5531
9510 24 2329
9511 19 1844
9514 12 1165
9516 19 1845
9517 17 1651
9518 57 5536
9521 19 1846
9522 6 583
9523 57 5539
9526 24 2333
9528 57 5542
9529 17 1653
9530 57 5543
9533 57 5545
9534 24 2335
9538 3 292
9540 57 5549
9542 19 1850
9545 57 5552
9546 17 1656
9550 57 5555
9552 17 1657
9554 57 5557
9557 19 1853
9559 24 2341
9561 57 5561
9562 19 1854
9563 12 1171
9566 57 5564
9567 8 781
9569 17 1660
9571 3 293
9573 19 1856
9574 57 5569
9575 17 1661
9578 19 1857
9579 4 391
9583 19 1858
9585 57 5575
9586 17 1663
9590 57 5578
9591 8 783
9595 57 5581
9597 57 5582
9598 17 1665
9602 57 5585
9603 1 98
9607 57 5588
9608 24 2353
9609 19 1863
9612 12 1177
9614 19 1864
9615 17 1668
9616 57 5593
9619 19 1865
9620 6 589
9621 57 5596
9624 24 2357
9626 57 5599
9627 17 1670
9628 57 5600
9631 57 5602
9632 24 2359
9636 3 295
9638 57 5606
9640 19 1869
9643 57 5609
9644 17 1673
9648 57 5612
9650 17 1674
9652 57 5614
9655 19 1872
9657 24 2365
9659 57 5618
9660 19 1873
9661 12 1183
9664 57 5621
9665 8 789
9667 17 1677
9669 3 296
9671 19 1875
9672 57 5626
9673 17 1678
9676 19 1876
9677 4 395
9681 19 1877
9683 57 5632
9684 17 1680
9688 57 5635
9689 8 791
9693 57 5638
9695 57 5639
9696 17 1682
9700 57 5642
9701 1 99
9705 57 5645
9706 24 2377
9707 19 1882
9710 12 1189
9712 19 1883
9713 17 1685
9714 57 5650
9717 19 1884
9718 6 595
9719 57 5653
9722 24 2381
9724 57 5656
9725 17 1687
9726 57 5657
9729 57 5659
9730 24 2383
9734 3 298
9736 57 5663
9738 19 1888
9741 57 5666
9742 17 1690
9746 57 5669
9748 17 1691
9750 57 5671
9753 19 1891
9755 24 2389
9757 57 5675
9758 19 1892
9759 12 1195
9762 57 5678
9763 8 797
9765 17 1694
9767 3 299
9769 19 1894
9770 57 5683
9771 17 1695
9774 19 1895
9775 4 399
9779 19 1896
9781 57 5689
9782 17 1697
9786 57 5692
9787 8 799
9791 57 5695
9793 57 5696
9794 17 1699
9798 57 5699
9799 1 100
9803 57 5702
9804 24 2401
9805 19 1901
9808 12 1201
9810 19 1902
9811 17 1702
9812 57 5707
9815 19 1903
9816 6 601
9817 57 5710
9820 24 2405
9822 57 5713
9823 17 1704
9824 57 5714
9827 57 5716
9828 24 2407
9832 3 301
9834 57 5720
9836 19 1907
9839 57 5723
9840 17 1707
9844 57 5726
9846 17 1708
9848 57 5728
9851 19 1910
9853 24 2413
9855 57 5732
9856 19 1911
9857 12 1207
9860 57 5735
9861 8 805
9863 17 1711
9865 3 302
9867 19 1913
9868 57 5740
9869 17 1712
9872 19 1914
9873 4 403
9877 19 1915
9879 57 5746
9880 17 1714
9884 57 5749
9885 8 807
9889 57 5752
9891 57 5753
9892 17 1716
9896 57 5756
9897 1 101
9901 57 5759
9902 24 2425
9903 19 1920
9906 12 1213
9908 19 1921
9909 17 1719
9910 57 5764
9913 19 1922
9914 6 607
9915 57 5767
9918 24 2429
9920 57 5770
9921 17 1721
9922 57 5771
9925 57 5773
9926 24 2431
9930 3 304
9932 57 5777
9934 19 1926
9937 57 5780
9938 17 1724
9942 57 5783
9944 17 1725
9946 57 5785
9949 19 1929
9951 24 2437
9953 57 5789
9954 19 1930
9955 12 1219
9958 57 5792
9959 8 813
9961 17 1728
9963 3 305
9965 19 1932
9966 57 5797
9967 17 1729
9970 19 1933
9971 4 407
9975 19 1934
9977 57 5803
9978 17 1731
9982 57 5806
9983 8 815
9987 57 5809
9989 57 5810
9990 17 1733
9994 57 5813
9995 1 102
9999 57 5816
10000 24 2449
10001 19 1939
10004 12 1225
10006 19 1940
10007 17 1736
10008 57 5821
10011 19 1941
10012 6 613
10013 57 5824
10016 24 2453
10018 57 5827
10019 17 1738
10020 57 5828
10023 57 5830
10024 24 2455
10028 3 307
10030 57 5834
10032 19 1945
10035 57 5837
10036 17 1741
10040 57 5840
10042 17 1742
10044 57 5842
10047 19 1948
10049 24 2461
10051 57 5846
10052 19 1949
10053 12 1231
10056 57 5849
10057 8 821
10059 17 1745
10061 3 308
10063 19 1951
10064 57 5854
10065 17 1746
10068 19 1952
10069 4 411
10073 19 1953
10075 57 5860
10076 17 1748
10080 57 5863
10081 8 823
10085 57 5866
10087 57 5867
10088 17 1750
10092 57 5870
10093 1 103
10097 57 5873
10098 24 2473
10099 19 1958
10102 12 1237
10104 19 1959
10105 17 1753
10106 57 5878
10109 19 1960
10110 6 619
10111 57 5881
10114 24 2477
10116 57 5884
10117 17 1755
10118 57 5885
10121 57 5887
10122 24 2479
10126 3 310
10128 57 5891
10130 19 1964
10133 57 5894
10134 17 1758
10138 57 5897
10140 17 1759
10142 57 5899
10145 19 1967
10147 24 2485
10149 57 5903
10150 19 1968
10151 12 1243
10154 57 5906
10155 8 829
10157 17 1762
10159 3 311
10161 19 1970
10162 57 5911
10163 17 1763
10166 19 1971
10167 4 415
10171 19 1972
10173 57 5917
10174 17 1765
10178 57 5920
10179 8 831
10183 57 5923
10185 57 5924
10186 17 1767
10190 57 5927
10191 1 104
10195 57 5930
10196 24 2497
10197 19 1977
10200 12 1249
10202 19 1978
10203 17 1770
10204 57 5935
10207 19 1979
10208 6 625
10209 57 5938
10212 24 2501
10214 57 5941
10215 17 1772
10216 57 5942
10219 57 5944
10220 24 2503
10224 3 313
10226 57 5948
10228 19 1983
10231 57 5951
10232 17 1775
10236 57 5954
10238 17 1776
10240 57 5956
10243 19 1986
10245 24 2509
10247 57 5960
10248 19 1987
10249 12 1255
10252 57 5963
10253 8 837
10255 17 1779
10257 3 314
10259 19 1989
10260 57 5968
10261 17 1780
10264 19 1990
10265 4 419
10269 19 1991
10271 57 5974
10272 17 1782
10276 57 5977
10277 8 839
10281 57 5980
10283 57 5981
10284 17 1784
10288 57 5984
10289 1 105
10293 57 5987
10294 24 2521
10295 19 1996
10298 12 1261
10300 19 1997
10301 17 1787
10302 57 5992
10305 19 1998
10306 6 631
10307 57 5995
10310 24 2525
10312 57 5998
10313 17 1789
10314 57 5999
10317 57 6001
10318 24 2527
10322 3 316
10324 57 6005
10326 19 2002
10329 57 6008
10330 17 1792
10334 57 6011
10336 17 1793
10338 57 6013
10341 19 2005
10343 24 2533
10345 57 6017
10346 19 2006
10347 12 1267
10350 57 6020
10351 8 845
10353 17 1796
10355 3 317
10357 19 2008
10358 57 6025
10359 17 1797
10362 19 2009
10363 4 423
10367 19 2010
10369 57 6031
10370 17 1799
10374 57 6034
10375 8 847
10379 57 6037
10381 57 6038
10382 17 1801
10386 57 6041
10387 1 106
10391 57 6044
10392 24 2545
10393 19 2015
10396 12 1273
10398 19 2016
10399 17 1804
10400 57 6049
10403 19 2017
10404 6 637
10405 57 6052
10408 24 2549
10410 57 6055
10411 17 1806
10412 57 6056
10415 57 6058
10416 24 2551
10420 3 319
10422 57 6062
10424 19 2021
10427 57 6065
10428 17 1809
10432 57 6068
10434 17 1810
10436 57 6070
10439 19 2024
10441 24 2557
10443 57 6074
10444 19 2025
10445 12 1279
10448 57 6077
10449 8 853
10451 17 1813
10453 3 320
10455 19 2027
10456 57 6082
10457 17 1814
10460 19 2028
10461 4 427
10465 19 2029
10467 57 6088
10468 17 1816
10472 57 6091
10473 8 855
10477 57 6094
10479 57 6095
10480 17 1818
10484 57 6098
10485 1 107
10489 57 6101
10490 24 2569
10491 19 2034
10494 12 1285
10496 19 2035
10497 17 1821
10498 57 6106
10501 19 2036
10502 6 643
10503 57 6109
10506 24 2573
10508 57 6112
10509 17 1823
10510 57 6113
10513 57 6115
10514 24 2575
10518 3 322
10520 57 6119
10522 19 2040
10525 57 6122
10526 17 1826
10530 57 6125
10532 17 1827
10534 57 6127
10537 19 2043
10539 24 2581
10541 57 6131
10542 19 2044
10543 12 1291
10546 57 6134
10547 8 861
10549 17 1830
10551 3 323
10553 19 2046
10554 57 6139
10555 17 1831
10558 19 2047
10559 4 431
10563 19 2048
10565 57 6145
10566 17 1833
10570 57 6148
10571 8 863
10575 57 6151
10577 57 6152
10578 17 1835
10582 57 6155
10583 1 108
10587 57 6158
10588 24 2593
10589 19 2053
10592 12 1297
10594 19 2054
10595 17 1838
10596 57 6163
10599 19 2055
10600 6 649
10601 57 6166
10604 24 2597
10606 57 6169
10607 17 1840
10608 57 6170
10611 57 6172
10612 24 2599
10616 3 325
10618 57 6176
10620 19 2059
10623 57 6179
10624 17 1843
10628 57 6182
10630 17 1844
10632 57 6184
10635 19 2062
10637 24 2605
10639 57 6188
10640 19 2063
10641 12 1303
10644 57 6191
10645 8 869
10647 17 1847
10649 3 326
10651 19 2065
10652 57 6196
10653 17 1848
10656 19 2066
10657 4 435
10661 19 2067
10663 57 6202
10664 17 1850
10668 57 6205
10669 8 871
10673 57 6208
10675 57 6209
10676 17 1852
10680 57 6212
10681 1 109
10685 57 6215
10686 24 2617
10687 19 2072
10690 12 1309
10692 19 2073
10693 17 1855
10694 57 6220
10697 19 2074
10698 6 655
10699 57 6223
10702 24 2621
10704 57 6226
10705 17 1857
10706 57 6227
10709 57 6229
10710 24 2623
10714 3 328
10716 57 6233
10718 19 2078
10721 57 6236
10722 17 1860
10726 57 6239
10728 17 1861
10730 57 6241
10733 19 2081
10735 24 2629
10737 57 6245
10738 19 2082
10739 12 1315
10742 57 6248
10743 8 877
10745 17 1864
10747 3 329
10749 19 2084
10750 57 6253
10751 17 1865
10754 19 2085
10755 4 439
10759 19 2086
10761 57 6259
10762 17 1867
10766 57 6262
10767 8 879
10771 57 6265
10773 57 6266
10774 17 1869
10778 57 6269
10779 1 110
10783 57 6272
10784 24 2641
10785 19 2091
10788 12 1321
10790 19 2092
10791 17 1872
10792 57 6277
10795 19 2093
10796 6 661
10797 57 6280
10800 24 2645
10802 57 6283
10803 17 1874
10804 57 6284
10807 57 6286
10808 24 2647
10812 3 331
10814 57 6290
10816 19 2097
10819 57 6293
10820 17 1877
10824 57 6296
10826 17 1878
10828 57 6298
10831 19 2100
10833 24 2653
10835 57 6302
10836 19 2101
10837 12 1327
10840 57 6305
10841 8 885
10843 17 1881
10845 3 332
10847 19 2103
10848 57 6310
10849 17 1882
10852 19 2104
10853 4 443
10857 19 2105
10859 57 6316
10860 17 1884
10864 57 6319
10865 8 887
10869 57 6322
10871 57 6323
10872 17 1886
10876 57 6326
10877 1 111
10881 57 6329
10882 24 2665
10883 19 2110
10886 12 1333
10888 19 2111
10889 17 1889
10890 57 6334
10893 19 2112
10894 6 667
10895 57 6337
10898 24 2669
10900 57 6340
10901 17 1891
10902 57 6341
10905 57 6343
10906 24 2671
10910 3 334
10912 57 6347
10914 19 2116
10917 57 6350
10918 17 1894
10922 57 6353
10924 17 1895
10926 57 6355
10929 19 2119
10931 24 2677
10933 57 6359
10934 19 2120
10935 12 1339
10938 57 6362
10939 8 893
10941 17 1898
10943 3 335
10945 19 2122
10946 57 6367
10947 17 1899
10950 19 2123
10951 4 447
10955 19 2124
10957 57 6373
10958 17 1901
10962 57 6376
10963 8 895
10967 57 6379
10969 57 6380
10970 17 1903
10974 57 6383
10975 1 112
10979 57 6386
10980 24 2689
10981 19 2129
10984 12 1345
10986 19 2130
10987 17 1906
10988 57 6391
10991 19 2131
10992 6 673
10993 57 6394
10996 24 2693
10998 57 6397
10999 17 1908
11000 57 6398
11003 57 6400
11004 24 2695
11008 3 337
11010 57 6404
11012 19 2135
11015 57 6407
11016 17 1911
11020 57 6410
11022 17 1912
11024 57 6412
11027 19 2138
11029 24 2701
11031 57 6416
11032 19 2139
11033 12 1351
11036 57 6419
11037 8 901
11039 17 1915
11041 3 338
11043 19 2141
11044 57 6424
11045 17 1916
11048 19 2142
11049 4 451
11053 19 2143
11055 57 6430
11056 17 1918
11060 57 6433
11061 8 903
11065 57 6436
11067 57 6437
11068 17 1920
11072 57 6440
11073 1 113
11077 57 6443
11078 24 2713
11079 19 2148
11082 12 1357
11084 19 2149
11085 17 1923
11086 57 6448
11089 19 2150
11090 6 679
11091 57 6451
11094 24 2717
11096 57 6454
11097 17 1925
11098 57 6455
11101 57 6457
11102 24 2719
11106 3 340
11108 57 6461
11110 19 2154
11113 57 6464
11114 17 1928
11118 57 6467
11120 17 1929
11122 57 6469
11125 19 2157
11127 24 2725
11129 57 6473
11130 19 2158
11131 12 1363
11134 57 6476
11135 8 909
11137 17 1932
11139 3 341
11141 19 2160
11142 57 6481
11143 17 1933
11146 19 2161
11147 4 455
11151 19 2162
11153 57 6487
11154 17 1935
11158 57 6490
11159 8 911
11163 57 6493
11165 57 6494
11166 17 1937
11170 57 6497
11171 1 114
11175 57 6500
11176 24 2737
11177 19 2167
11180 12 1369
11182 19 2168
11183 17 1940
11184 57 6505
11187 19 2169
11188 6 685
11189 57 6508
11192 24 2741
11194 57 6511
11195 17 1942
11196 57 6512
11199 57 6514
11200 24 2743
11204 3 343
11206 57 6518
11208 19 2173
11211 57 6521
11212 17 1945
11216 57 6524
11218 17 1946
11220 57 6526
11223 19 2176
11225 24 2749
11227 57 6530
11228 19 2177
11229 12 1375
11232 57 6533
11233 8 917
11235 17 1949
11237 3 344
11239 19 2179
11240 57 6538
11241 17 1950
11244 19 2180
11245 4 459
11249 19 2181
11251 57 6544
11252 17 1952
11256 57 6547
11257 8 919
11261 57 6550
11263 57 6551
11264 17 1954
11268 57 6554
11269 1 115
11273 57 6557
11274 24 2761
11275 19 2186
11278 12 1381
11280 19 2187
11281 17 1957
11282 57 6562
11285 19 2188
11286 6 691
11287 57 6565
11290 24 2765
11292 57 6568
11293 17 1959
11294 57 6569
11297 57 6571
11298 24 2767
11302 3 346
11304 57 6575
11306 19 2192
11309 57 6578
11310 17 1962
11314 57 6581
11316 17 1963
11318 57 6583
11321 19 2195
11323 24 2773
11325 57 6587
11326 19 2196
11327 12 1387
11330 57 6590
11331 8 925
11333 17 1966
11335 3 347
11337 19 2198
11338 57 6595
11339 17 1967
11342 19 2199
11343 4 463
11347 19 2200
11349 57 6601
11350 17 1969
11354 57 6604
11355 8 927
11359 57 6607
11361 57 6608
11362 17 1971
11366 57 6611
11367 1 116
11371 57 6614
11372 24 2785
11373 19 2205
11376 12 1393
11378 19 2206
11379 17 1974
11380 57 6619
11383 19 2207
11384 6 697
11385 57 6622
11388 24 2789
11390 57 6625
11391 17 1976
11392 57 6626
11395 57 6628
11396 24 2791
11400 3 349
11402 57 6632
11404 19 2211
11407 57 6635
11408 17 1979
11412 57 6638
11414 17 1980
11416 57 6640
11419 19 2214
11421 24 2797
11423 57 6644
11424 19 2215
11425 12 1399
11428 57 6647
11429 8 933
11431 17 1983
11433 3 350
11435 19 2217
11436 57 6652
11437 17 1984
11440 19 2218
11441 4 467
11445 19 2219
11447 57 6658
11448 17 1986
11452 57 6661
11453 8 935
11457 57 6664
11459 57 6665
11460 17 1988
11464 57 6668
11465 1 117
11469 57 6671
11470 24 2809
11471 19 2224
11474 12 1405
11476 19 2225
11477 17 1991
11478 57 6676
11481 19 2226
11482 6 703
11483 57 6679
11486 24 2813
11488 57 6682
11489 17 1993
11490 57 6683
11493 57 6685
11494 24 2815
11498 3 352
11500 57 6689
11502 19 2230
11505 57 6692
11506 17 1996
11510 57 6695
11512 17 1997
11514 57 6697
11517 19 2233
11519 24 2821
11521 57 6701
11522 19 2234
11523 12 1411
11526 57 6704
11527 8 941
11529 17 2000
11531 3 353
11533 19 2236
11534 57 6709
11535 17 2001
11538 19 2237
11539 4 471
11543 19 2238
11545 57 6715
11546 17 2003
11550 57 6718
11551 8 943
11555 57 6721
11557 57 6722
11558 17 2005
11562 57 6725
11563 1 118
11567 57 6728
11568 24 2833
11569 19 2243
11572 12 1417
11574 19 2244
11575 17 2008
11576 57 6733
11579 19 2245
11580 6 709
11581 57 6736
11584 24 2837
11586 57 6739
11587 17 2010
11588 57 6740
11591 57 6742
11592 24 2839
11596 3 355
11598 57 6746
11600 19 2249
11603 57 6749
11604 17 2013
11608 57 6752
11610 17 2014
11612 57 6754
11615 19 2252
11617 24 2845
11619 57 6758
11620 19 2253
11621 12 1423
11624 57 6761
11625 8 949
11627 17 2017
11629 3 356
11631 19 2255
11632 57 6766
11633 17 2018
11636 19 2256
11637 4 475
11641 19 2257
11643 57 6772
11644 17 2020
11648 57 6775
11649 8 951
11653 57 6778
11655 57 6779
11656 17 2022
11660 57 6782
11661 1 119
11665 57 6785
11666 24 2857
11667 19 2262
11670 12 1429
11672 19 2263
11673 17 2025
11674 57 6790
11677 19 2264
11678 6 715
11679 57 6793
11682 24 2861
11684 57 6796
11685 17 2027
11686 57 6797
11689 57 6799
11690 24 2863
11694 3 358
11696 57 6803
11698 19 2268
11701 57 6806
11702 17 2030
11706 57 6809
11708 17 2031
11710 57 6811
11713 19 2271
11715 24 2869
11717 57 6815
11718 19 2272
11719 12 1435
11722 57 6818
11723 8 957
11725 17 2034
11727 3 359
11729 19 2274
11730 57 6823
11731 17 2035
11734 19 2275
11735 4 479
11739 19 2276
11741 57 6829
11742 17 2037
11746 57 6832
11747 8 959
11751 57 6835
11753 57 6836
11754 17 2039
11758 57 6839
11759 1 120
11763 57 6842
11764 24 2881
11765 19 2281
11768 12 1441
11770 19 2282
11771 17 2042
11772 57 6847
11775 19 2283
11776 6 721
11777 57 6850
11780 24 2885
11782 57 6853
11783 17 2044
11784 57 6854
11787 57 6856
11788 24 2887
11792 3 361
11794 57 6860
11796 19 2287
11799 57 6863
11800 17 2047
11804 57 6866
11806 17 2048
11808 57 6868
11811 19 2290
11813 24 2893
11815 57 6872
11816 19 2291
11817 12 1447
11820 57 6875
11821 8 965
11823 17 2051
11825 3 362
11827 19 2293
11828 57 6880
11829 17 2052
11832 19 2294
11833 4 483
11837 19 2295
11839 57 6886
11840 17 2054
11844 57 6889
11845 8 967
11849 57 6892
11851 57 6893
11852 17 2056
11856 57 6896
11857 1 121
11861 57 6899
11862 24 2905
11863 19 2300
11866 12 1453
11868 19 2301
11869 17 2059
11870 57 6904
11873 19 2302
11874 6 727
11875 57 6907
11878 24 2909
11880 57 6910
11881 17 2061
11882 57 6911
11885 57 6913
11886 24 2911
11890 3 364
11892 57 6917
11894 19 2306
11897 57 6920
11898 17 2064
11902 57 6923
11904 17 2065
11906 57 6925
11909 19 2309
11911 24 2917
11913 57 6929
11914 19 2310
11915 12 1459
11918 57 6932
11919 8 973
11921 17 2068
11923 3 365
11925 19 2312
11926 57 6937
11927 17 2069
11930 19 2313
11931 4 487
11935 19 2314
11937 57 6943
11938 17 2071
11942 57 6946
11943 8 975
11947 57 6949
11949 57 6950
11950 17 2073
11954 57 6953
11955 1 122
11959 57 6956
11960 24 2929
11961 19 2319
11964 12 1465
11966 19 2320
11967 17 2076
11968 57 6961
11971 19 2321
11972 6 733
11973 57 6964
11976 24 2933
11978 57 6967
11979 17 2078
11980 57 6968
11983 57 6970
11984 24 2935
11988 3 367
11990 57 6974
11992 19 2325
11995 57 6977
11996 17 2081
12000 57 6980
12002 17 2082
12004 57 6982
12007 19 2328
12009 24 2941
12011 57 6986
12012 19 2329
12013 12 1471
12016 57 6989
12017 8 981
12019 17 2085
12021 3 368
12023 19 2331
12024 57 6994
12025 17 2086
12028 19 2332
12029 4 491
12033 19 2333
12035 57 7000
12036 17 2088
12040 57 7003
12041 8 983
12045 57 7006
12047 57 7007
12048 17 2090
12052 57 7010
12053 1 123
12057 57 7013
12058 24 2953
12059 19 2338
12062 12 1477
12064 19 2339
12065 17 2093
12066 57 7018
12069 19 2340
12070 6 739
12071 57 7021
12074 24 2957
12076 57 7024
12077 17 2095
12078 57 7025
12081 57 7027
12082 24 2959
12086 3 370
12088 57 7031
12090 19 2344
12093 57 7034
12094 17 2098
12098 57 7037
12100 17 2099
12102 57 7039
12105 19 2347
12107 24 2965
12109 57 7043
12110 19 2348
12111 12 1483
12114 57 7046
12115 8 989
12117 17 2102
12119 3 371
12121 19 2350
12122 57 7051
12123 17 2103
12126 19 2351
12127 4 495
12131 19 2352
12133 57 7057
12134 17 2105
12138 57 7060
12139 8 991
12143 57 7063
12145 57 7064
12146 17 2107
12150 57 7067
12151 1 124
12155 57 7070
12156 24 2977
12157 19 2357
12160 12 1489
12162 19 2358
12163 17 2110
12164 57 7075
12167 19 2359
12168 6 745
12169 57 7078
12172 24 2981
12174 57 7081
12175 17 2112
12176 57 7082
12179 57 7084
12180 24 2983
12184 3 373
12186 57 7088
12188 19 2363
12191 57 7091
12192 17 2115
12196 57 7094
12198 17 2116
12200 57 7096
12203 19 2366
12205 24 2989
12207 57 7100
12208 19 2367
12209 12 1495
12212 57 7103
12213 8 997
12215 17 2119
12217 3 374
12219 19 2369
12220 57 7108
12221 17 2120
12224 19 2370
12225 4 499
12229 19 2371
12231 57 7114
12232 17 2122
12236 57 7117
12237 8 999
12241 57 7120
12243 57 7121
12244 17 2124
12248 57 7124
12249 1 125
12253 57 7127
12254 24 3001
12255 19 2376
12258 12 1501
12260 19 2377
12261 17 2127
12262 57 7132
12265 19 2378
12266 6 751
12267 57 7135
12270 24 3005
12272 57 7138
12273 17 2129
12274 57 7139
12277 57 7141
12278 24 3007
12282 3 376
12284 57 7145
12286 19 2382
12289 57 7148
12290 17 2132
12294 57 7151
12296 17 2133
12298 57 7153
12301 19 2385
12303 24 3013
12305 57 7157
12306 19 2386
12307 12 1507
12310 57 7160
12311 8 1005
12313 17 2136
12315 3 377
12317 19 2388
12318 57 7165
12319 17 2137
12322 19 2389
12323 4 503
12327 19 2390
12329 57 7171
12330 17 2139
12334 57 7174
12335 8 1007
12339 57 7177
12341 57 7178
12342 17 2141
12346 57 7181
12347 1 126
12351 57 7184
12352 24 3025
12353 19 2395
12356 12 1513
12358 19 2396
12359 17 2144
12360 57 7189
12363 19 2397
12364 6 757
12365 57 7192
12368 24 3029
12370 57 7195
12371 17 2146
12372 57 7196
12375 57 7198
12376 24 3031
12380 3 379
12382 57 7202
12384 19 2401
12387 57 7205
12388 17 2149
12392 57 7208
12394 17 2150
12396 57 7210
12399 19 2404
12401 24 3037
12403 57 7214
12404 19 2405
12405 12 1519
12408 57 7217
12409 8 1013
12411 17 2153
12413 3 380
12415 19 2407
12416 57 7222
12417 17 2154
12420 19 2408
12421 4 507
12425 19 2409
12427 57 7228
12428 17 2156
12432 57 7231
12433 8 1015
12437 57 7234
12439 57 7235
12440 17 2158
12444 57 7238
12445 1 127
12449 57 7241
12450 24 3049
12451 19 2414
12454 12 1525
12456 19 2415
12457 17 2161
12458 57 7246
12461 19 2416
12462 6 763
12463 57 7249
12466 24 3053
12468 57 7252
12469 17 2163
12470 57 7253
12473 57 7255
12474 24 3055
12478 3 382
12480 57 7259
12482 19 2420
12485 57 7262
12486 17 2166
12490 57 7265
12492 17 2167
12494 57 7267
12497 19 2423
12499 24 3061
12501 57 7271
12502 19 2424
12503 12 1531
12506 57 7274
12507 8 1021
12509 17 2170
12511 3 383
12513 19 2426
12514 57 7279
12515 17 2171
12518 19 2427
12519 4 511
12523 19 2428
12525 57 7285
12526 17 2173
12530 57 7288
12531 8 1023
12535 57 7291
12537 57 7292
12538 17 2175
12542 57 7295
12543 1 128
12547 57 7298
12548 24 3073
12549 19 2433
12552 12 1537
12554 19 2434
12555 17 2178
12556 57 7303
12559 19 2435
12560 6 769
12561 57 7306
12564 24 3077
12566 57 7309
12567 17 2180
12568 57 7310
12571 57 7312
12572 24 3079
12576 3 385
12578 57 7316
12580 19 2439
12583 57 7319
12584 17 2183
12588 57 7322
12590 17 2184
12592 57 7324
12595 19 2442
12597 24 3085
12599 57 7328
12600 19 2443
12601 12 1543
12604 57 7331
12605 8 1029
12607 17 2187
12609 3 386
12611 19 2445
12612 57 7336
12613 17 2188
12616 19 2446
12617 4 515
12621 19 2447
12623 57 7342
12624 17 2190
12628 57 7345
12629 8 1031
12633 57 7348
12635 57 7349
12636 17 2192
12640 57 7352
12641 1 129
