3870 63 100000000 109 10
2 24 1
3 20 1
5 12 1
6 10 1
9 20 3
12 5 1
13 24 5
15 4 1
18 24 7
22 20 7
23 19 7
25 5 2
26 12 5
28 20 9
31 2 1
33 19 10
34 24 13
36 19 11
39 8 5
43 19 13
44 10 7
46 19 14
47 4 3
49 19 15
52 6 5
53 19 16
55 8 7
56 19 17
59 19 18
62 1 1
65 24 25
66 20 21
68 12 13
69 10 11
72 20 23
75 5 6
76 24 29
78 4 5
81 24 31
85 20 27
86 19 26
88 5 7
89 12 17
91 20 29
94 2 3
96 19 29
97 24 37
99 19 30
102 8 13
106 19 32
107 10 17
109 19 33
110 4 7
112 19 34
115 6 11
116 19 35
118 8 15
119 19 36
122 19 37
125 1 2
128 24 49
129 20 41
131 12 25
132 10 21
135 20 43
138 5 11
139 24 53
141 4 9
144 24 55
148 20 47
149 19 45
151 5 12
152 12 29
154 20 49
157 2 5
159 19 48
160 24 61
162 19 49
165 8 21
169 19 51
170 10 27
172 19 52
173 4 11
175 19 53
178 6 17
179 19 54
181 8 23
182 19 55
185 19 56
188 1 3
191 24 73
192 20 61
194 12 37
195 10 31
198 20 63
201 5 16
202 24 77
204 4 13
207 24 79
211 20 67
212 19 64
214 5 17
215 12 41
217 20 69
220 2 7
222 19 67
223 24 85
225 19 68
228 8 29
232 19 70
233 10 37
235 19 71
236 4 15
238 19 72
241 6 23
242 19 73
244 8 31
245 19 74
248 19 75
251 1 4
254 24 97
255 20 81
257 12 49
258 10 41
261 20 83
264 5 21
265 24 101
267 4 17
270 24 103
274 20 87
275 19 83
277 5 22
278 12 53
280 20 89
283 2 9
285 19 86
286 24 109
288 19 87
291 8 37
295 19 89
296 10 47
298 19 90
299 4 19
301 19 91
304 6 29
305 19 92
307 8 39
308 19 93
311 19 94
314 1 5
317 24 121
318 20 101
320 12 61
321 10 51
324 20 103
327 5 26
328 24 125
330 4 21
333 24 127
337 20 107
338 19 102
340 5 27
341 12 65
343 20 109
346 2 11
348 19 105
349 24 133
351 19 106
354 8 45
358 19 108
359 10 57
361 19 109
362 4 23
364 19 110
367 6 35
368 19 111
370 8 47
371 19 112
374 19 113
377 1 6
380 24 145
381 20 121
383 12 73
384 10 61
387 20 123
390 5 31
391 24 149
393 4 25
396 24 151
400 20 127
401 19 121
403 5 32
404 12 77
406 20 129
409 2 13
411 19 124
412 24 157
414 19 125
417 8 53
421 19 127
422 10 67
424 19 128
425 4 27
427 19 129
430 6 41
431 19 130
433 8 55
434 19 131
437 19 132
440 1 7
443 24 169
444 20 141
446 12 85
447 10 71
450 20 143
453 5 36
454 24 173
456 4 29
459 24 175
463 20 147
464 19 140
466 5 37
467 12 89
469 20 149
472 2 15
474 19 143
475 24 181
477 19 144
480 8 61
484 19 146
485 10 77
487 19 147
488 4 31
490 19 148
493 6 47
494 19 149
496 8 63
497 19 150
500 19 151
503 1 8
506 24 193
507 20 161
509 12 97
510 10 81
513 20 163
516 5 41
517 24 197
519 4 33
522 24 199
526 20 167
527 19 159
529 5 42
530 12 101
532 20 169
535 2 17
537 19 162
538 24 205
540 19 163
543 8 69
547 19 165
548 10 87
550 19 166
551 4 35
553 19 167
556 6 53
557 19 168
559 8 71
560 19 169
563 19 170
566 1 9
569 24 217
570 20 181
572 12 109
573 10 91
576 20 183
579 5 46
580 24 221
582 4 37
585 24 223
589 20 187
590 19 178
592 5 47
593 12 113
595 20 189
598 2 19
600 19 181
601 24 229
603 19 182
606 8 77
610 19 184
611 10 97
613 19 185
614 4 39
616 19 186
619 6 59
620 19 187
622 8 79
623 19 188
626 19 189
629 1 10
632 24 241
633 20 201
635 12 121
636 10 101
639 20 203
642 5 51
643 24 245
645 4 41
648 24 247
652 20 207
653 19 197
655 5 52
656 12 125
658 20 209
661 2 21
663 19 200
664 24 253
666 19 201
669 8 85
673 19 203
674 10 107
676 19 204
677 4 43
679 19 205
682 6 65
683 19 206
685 8 87
686 19 207
689 19 208
692 1 11
695 24 265
696 20 221
698 12 133
699 10 111
702 20 223
705 5 56
706 24 269
708 4 45
711 24 271
715 20 227
716 19 216
718 5 57
719 12 137
721 20 229
724 2 23
726 19 219
727 24 277
729 19 220
732 8 93
736 19 222
737 10 117
739 19 223
740 4 47
742 19 224
745 6 71
746 19 225
748 8 95
749 19 226
752 19 227
755 1 12
758 24 289
759 20 241
761 12 145
762 10 121
765 20 243
768 5 61
769 24 293
771 4 49
774 24 295
778 20 247
779 19 235
781 5 62
782 12 149
784 20 249
787 2 25
789 19 238
790 24 301
792 19 239
795 8 101
799 19 241
800 10 127
802 19 242
803 4 51
805 19 243
808 6 77
809 19 244
811 8 103
812 19 245
815 19 246
818 1 13
821 24 313
822 20 261
824 12 157
825 10 131
828 20 263
831 5 66
832 24 317
834 4 53
837 24 319
841 20 267
842 19 254
844 5 67
845 12 161
847 20 269
850 2 27
852 19 257
853 24 325
855 19 258
858 8 109
862 19 260
863 10 137
865 19 261
866 4 55
868 19 262
871 6 83
872 19 263
874 8 111
875 19 264
878 19 265
881 1 14
884 24 337
885 20 281
887 12 169
888 10 141
891 20 283
894 5 71
895 24 341
897 4 57
900 24 343
904 20 287
905 19 273
907 5 72
908 12 173
910 20 289
913 2 29
915 19 276
916 24 349
918 19 277
921 8 117
925 19 279
926 10 147
928 19 280
929 4 59
931 19 281
934 6 89
935 19 282
937 8 119
938 19 283
941 19 284
944 1 15
947 24 361
948 20 301
950 12 181
951 10 151
954 20 303
957 5 76
958 24 365
960 4 61
963 24 367
967 20 307
968 19 292
970 5 77
971 12 185
973 20 309
976 2 31
978 19 295
979 24 373
981 19 296
984 8 125
988 19 298
989 10 157
991 19 299
992 4 63
994 19 300
997 6 95
998 19 301
1000 8 127
1001 19 302
1004 19 303
1007 1 16
1010 24 385
1011 20 321
1013 12 193
1014 10 161
1017 20 323
1020 5 81
1021 24 389
1023 4 65
1026 24 391
1030 20 327
1031 19 311
1033 5 82
1034 12 197
1036 20 329
1039 2 33
1041 19 314
1042 24 397
1044 19 315
1047 8 133
1051 19 317
1052 10 167
1054 19 318
1055 4 67
1057 19 319
1060 6 101
1061 19 320
1063 8 135
1064 19 321
1067 19 322
1070 1 17
1073 24 409
1074 20 341
1076 12 205
1077 10 171
1080 20 343
1083 5 86
1084 24 413
1086 4 69
1089 24 415
1093 20 347
1094 19 330
1096 5 87
1097 12 209
1099 20 349
1102 2 35
1104 19 333
1105 24 421
1107 19 334
1110 8 141
1114 19 336
1115 10 177
1117 19 337
1118 4 71
1120 19 338
1123 6 107
1124 19 339
1126 8 143
1127 19 340
1130 19 341
1133 1 18
1136 24 433
1137 20 361
1139 12 217
1140 10 181
1143 20 363
1146 5 91
1147 24 437
1149 4 73
1152 24 439
1156 20 367
1157 19 349
1159 5 92
1160 12 221
1162 20 369
1165 2 37
1167 19 352
1168 24 445
1170 19 353
1173 8 149
1177 19 355
1178 10 187
1180 19 356
1181 4 75
1183 19 357
1186 6 113
1187 19 358
1189 8 151
1190 19 359
1193 19 360
1196 1 19
1199 24 457
1200 20 381
1202 12 229
1203 10 191
1206 20 383
1209 5 96
1210 24 461
1212 4 77
1215 24 463
1219 20 387
1220 19 368
1222 5 97
1223 12 233
1225 20 389
1228 2 39
1230 19 371
1231 24 469
1233 19 372
1236 8 157
1240 19 374
1241 10 197
1243 19 375
1244 4 79
1246 19 376
1249 6 119
1250 19 377
1252 8 159
1253 19 378
1256 19 379
1259 1 20
1262 24 481
1263 20 401
1265 12 241
1266 10 201
1269 20 403
1272 5 101
1273 24 485
1275 4 81
1278 24 487
1282 20 407
1283 19 387
1285 5 102
1286 12 245
1288 20 409
1291 2 41
1293 19 390
1294 24 493
1296 19 391
1299 8 165
1303 19 393
1304 10 207
1306 19 394
1307 4 83
1309 19 395
1312 6 125
1313 19 396
1315 8 167
1316 19 397
1319 19 398
1322 1 21
1325 24 505
1326 20 421
1328 12 253
1329 10 211
1332 20 423
1335 5 106
1336 24 509
1338 4 85
1341 24 511
1345 20 427
1346 19 406
1348 5 107
1349 12 257
1351 20 429
1354 2 43
1356 19 409
1357 24 517
1359 19 410
1362 8 173
1366 19 412
1367 10 217
1369 19 413
1370 4 87
1372 19 414
1375 6 131
1376 19 415
1378 8 175
1379 19 416
1382 19 417
1385 1 22
1388 24 529
1389 20 441
1391 12 265
1392 10 221
1395 20 443
1398 5 111
1399 24 533
1401 4 89
1404 24 535
1408 20 447
1409 19 425
1411 5 112
1412 12 269
1414 20 449
1417 2 45
1419 19 428
1420 24 541
1422 19 429
1425 8 181
1429 19 431
1430 10 227
1432 19 432
1433 4 91
1435 19 433
1438 6 137
1439 19 434
1441 8 183
1442 19 435
1445 19 436
1448 1 23
1451 24 553
1452 20 461
1454 12 277
1455 10 231
1458 20 463
1461 5 116
1462 24 557
1464 4 93
1467 24 559
1471 20 467
1472 19 444
1474 5 117
1475 12 281
1477 20 469
1480 2 47
1482 19 447
1483 24 565
1485 19 448
1488 8 189
1492 19 450
1493 10 237
1495 19 451
1496 4 95
1498 19 452
1501 6 143
1502 19 453
1504 8 191
1505 19 454
1508 19 455
1511 1 24
1514 24 577
1515 20 481
1517 12 289
1518 10 241
1521 20 483
1524 5 121
1525 24 581
1527 4 97
1530 24 583
1534 20 487
1535 19 463
1537 5 122
1538 12 293
1540 20 489
1543 2 49
1545 19 466
1546 24 589
1548 19 467
1551 8 197
1555 19 469
1556 10 247
1558 19 470
1559 4 99
1561 19 471
1564 6 149
1565 19 472
1567 8 199
1568 19 473
1571 19 474
1574 1 25
1577 24 601
1578 20 501
1580 12 301
1581 10 251
1584 20 503
1587 5 126
1588 24 605
1590 4 101
1593 24 607
1597 20 507
1598 19 482
1600 5 127
1601 12 305
1603 20 509
1606 2 51
1608 19 485
1609 24 613
1611 19 486
1614 8 205
1618 19 488
1619 10 257
1621 19 489
1622 4 103
1624 19 490
1627 6 155
1628 19 491
1630 8 207
1631 19 492
1634 19 493
1637 1 26
1640 24 625
1641 20 521
1643 12 313
1644 10 261
1647 20 523
1650 5 131
1651 24 629
1653 4 105
1656 24 631
1660 20 527
1661 19 501
1663 5 132
1664 12 317
1666 20 529
1669 2 53
1671 19 504
1672 24 637
1674 19 505
1677 8 213
1681 19 507
1682 10 267
1684 19 508
1685 4 107
1687 19 509
1690 6 161
1691 19 510
1693 8 215
1694 19 511
1697 19 512
1700 1 27
1703 24 649
1704 20 541
1706 12 325
1707 10 271
1710 20 543
1713 5 136
1714 24 653
1716 4 109
1719 24 655
1723 20 547
1724 19 520
1726 5 137
1727 12 329
1729 20 549
1732 2 55
1734 19 523
1735 24 661
1737 19 524
1740 8 221
1744 19 526
1745 10 277
1747 19 527
1748 4 111
1750 19 528
1753 6 167
1754 19 529
1756 8 223
1757 19 530
1760 19 531
1763 1 28
1766 24 673
1767 20 561
1769 12 337
1770 10 281
1773 20 563
1776 5 141
1777 24 677
1779 4 113
1782 24 679
1786 20 567
1787 19 539
1789 5 142
1790 12 341
1792 20 569
1795 2 57
1797 19 542
1798 24 685
1800 19 543
1803 8 229
1807 19 545
1808 10 287
1810 19 546
1811 4 115
1813 19 547
1816 6 173
1817 19 548
1819 8 231
1820 19 549
1823 19 550
1826 1 29
1829 24 697
1830 20 581
1832 12 349
1833 10 291
1836 20 583
1839 5 146
1840 24 701
1842 4 117
1845 24 703
1849 20 587
1850 19 558
1852 5 147
1853 12 353
1855 20 589
1858 2 59
1860 19 561
1861 24 709
1863 19 562
1866 8 237
1870 19 564
1871 10 297
1873 19 565
1874 4 119
1876 19 566
1879 6 179
1880 19 567
1882 8 239
1883 19 568
1886 19 569
1889 1 30
1892 24 721
1893 20 601
1895 12 361
1896 10 301
1899 20 603
1902 5 151
1903 24 725
1905 4 121
1908 24 727
1912 20 607
1913 19 577
1915 5 152
1916 12 365
1918 20 609
1921 2 61
1923 19 580
1924 24 733
1926 19 581
1929 8 245
1933 19 583
1934 10 307
1936 19 584
1937 4 123
1939 19 585
1942 6 185
1943 19 586
1945 8 247
1946 19 587
1949 19 588
1952 1 31
1955 24 745
1956 20 621
1958 12 373
1959 10 311
1962 20 623
1965 5 156
1966 24 749
1968 4 125
1971 24 751
1975 20 627
1976 19 596
1978 5 157
1979 12 377
1981 20 629
1984 2 63
1986 19 599
1987 24 757
1989 19 600
1992 8 253
1996 19 602
1997 10 317
1999 19 603
2000 4 127
2002 19 604
2005 6 191
2006 19 605
2008 8 255
2009 19 606
2012 19 607
2015 1 32
2018 24 769
2019 20 641
2021 12 385
2022 10 321
2025 20 643
2028 5 161
2029 24 773
2031 4 129
2034 24 775
2038 20 647
2039 19 615
2041 5 162
2042 12 389
2044 20 649
2047 2 65
2049 19 618
2050 24 781
2052 19 619
2055 8 261
2059 19 621
2060 10 327
2062 19 622
2063 4 131
2065 19 623
2068 6 197
2069 19 624
2071 8 263
2072 19 625
2075 19 626
2078 1 33
2081 24 793
2082 20 661
2084 12 397
2085 10 331
2088 20 663
2091 5 166
2092 24 797
2094 4 133
2097 24 799
2101 20 667
2102 19 634
2104 5 167
2105 12 401
2107 20 669
2110 2 67
2112 19 637
2113 24 805
2115 19 638
2118 8 269
2122 19 640
2123 10 337
2125 19 641
2126 4 135
2128 19 642
2131 6 203
2132 19 643
2134 8 271
2135 19 644
2138 19 645
2141 1 34
2144 24 817
2145 20 681
2147 12 409
2148 10 341
2151 20 683
2154 5 171
2155 24 821
2157 4 137
2160 24 823
2164 20 687
2165 19 653
2167 5 172
2168 12 413
2170 20 689
2173 2 69
2175 19 656
2176 24 829
2178 19 657
2181 8 277
2185 19 659
2186 10 347
2188 19 660
2189 4 139
2191 19 661
2194 6 209
2195 19 662
2197 8 279
2198 19 663
2201 19 664
2204 1 35
2207 24 841
2208 20 701
2210 12 421
2211 10 351
2214 20 703
2217 5 176
2218 24 845
2220 4 141
2223 24 847
2227 20 707
2228 19 672
2230 5 177
2231 12 425
2233 20 709
2236 2 71
2238 19 675
2239 24 853
2241 19 676
2244 8 285
2248 19 678
2249 10 357
2251 19 679
2252 4 143
2254 19 680
2257 6 215
2258 19 681
2260 8 287
2261 19 682
2264 19 683
2267 1 36
2270 24 865
2271 20 721
2273 12 433
2274 10 361
2277 20 723
2280 5 181
2281 24 869
2283 4 145
2286 24 871
2290 20 727
2291 19 691
2293 5 182
2294 12 437
2296 20 729
2299 2 73
2301 19 694
2302 24 877
2304 19 695
2307 8 293
2311 19 697
2312 10 367
2314 19 698
2315 4 147
2317 19 699
2320 6 221
2321 19 700
2323 8 295
2324 19 701
2327 19 702
2330 1 37
2333 24 889
2334 20 741
2336 12 445
2337 10 371
2340 20 743
2343 5 186
2344 24 893
2346 4 149
2349 24 895
2353 20 747
2354 19 710
2356 5 187
2357 12 449
2359 20 749
2362 2 75
2364 19 713
2365 24 901
2367 19 714
2370 8 301
2374 19 716
2375 10 377
2377 19 717
2378 4 151
2380 19 718
2383 6 227
2384 19 719
2386 8 303
2387 19 720
2390 19 721
2393 1 38
2396 24 913
2397 20 761
2399 12 457
2400 10 381
2403 20 763
2406 5 191
2407 24 917
2409 4 153
2412 24 919
2416 20 767
2417 19 729
2419 5 192
2420 12 461
2422 20 769
2425 2 77
2427 19 732
2428 24 925
2430 19 733
2433 8 309
2437 19 735
2438 10 387
2440 19 736
2441 4 155
2443 19 737
2446 6 233
2447 19 738
2449 8 311
2450 19 739
2453 19 740
2456 1 39
2459 24 937
2460 20 781
2462 12 469
2463 10 391
2466 20 783
2469 5 196
2470 24 941
2472 4 157
2475 24 943
2479 20 787
2480 19 748
2482 5 197
2483 12 473
2485 20 789
2488 2 79
2490 19 751
2491 24 949
2493 19 752
2496 8 317
2500 19 754
2501 10 397
2503 19 755
2504 4 159
2506 19 756
2509 6 239
2510 19 757
2512 8 319
2513 19 758
2516 19 759
2519 1 40
2522 24 961
2523 20 801
2525 12 481
2526 10 401
2529 20 803
2532 5 201
2533 24 965
2535 4 161
2538 24 967
2542 20 807
2543 19 767
2545 5 202
2546 12 485
2548 20 809
2551 2 81
2553 19 770
2554 24 973
2556 19 771
2559 8 325
2563 19 773
2564 10 407
2566 19 774
2567 4 163
2569 19 775
2572 6 245
2573 19 776
2575 8 327
2576 19 777
2579 19 778
2582 1 41
2585 24 985
2586 20 821
2588 12 493
2589 10 411
2592 20 823
2595 5 206
2596 24 989
2598 4 165
2601 24 991
2605 20 827
2606 19 786
2608 5 207
2609 12 497
2611 20 829
2614 2 83
2616 19 789
2617 24 997
2619 19 790
2622 8 333
2626 19 792
2627 10 417
2629 19 793
2630 4 167
2632 19 794
2635 6 251
2636 19 795
2638 8 335
2639 19 796
2642 19 797
2645 1 42
2648 24 1009
2649 20 841
2651 12 505
2652 10 421
2655 20 843
2658 5 211
2659 24 1013
2661 4 169
2664 24 1015
2668 20 847
2669 19 805
2671 5 212
2672 12 509
2674 20 849
2677 2 85
2679 19 808
2680 24 1021
2682 19 809
2685 8 341
2689 19 811
2690 10 427
2692 19 812
2693 4 171
2695 19 813
2698 6 257
2699 19 814
2701 8 343
2702 19 815
2705 19 816
2708 1 43
2711 24 1033
2712 20 861
2714 12 517
2715 10 431
2718 20 863
2721 5 216
2722 24 1037
2724 4 173
2727 24 1039
2731 20 867
2732 19 824
2734 5 217
2735 12 521
2737 20 869
2740 2 87
2742 19 827
2743 24 1045
2745 19 828
2748 8 349
2752 19 830
2753 10 437
2755 19 831
2756 4 175
2758 19 832
2761 6 263
2762 19 833
2764 8 351
2765 19 834
2768 19 835
2771 1 44
2774 24 1057
2775 20 881
2777 12 529
2778 10 441
2781 20 883
2784 5 221
2785 24 1061
2787 4 177
2790 24 1063
2794 20 887
2795 19 843
2797 5 222
2798 12 533
2800 20 889
2803 2 89
2805 19 846
2806 24 1069
2808 19 847
2811 8 357
2815 19 849
2816 10 447
2818 19 850
2819 4 179
2821 19 851
2824 6 269
2825 19 852
2827 8 359
2828 19 853
2831 19 854
2834 1 45
2837 24 1081
2838 20 901
2840 12 541
2841 10 451
2844 20 903
2847 5 226
2848 24 1085
2850 4 181
2853 24 1087
2857 20 907
2858 19 862
2860 5 227
2861 12 545
2863 20 909
2866 2 91
2868 19 865
2869 24 1093
2871 19 866
2874 8 365
2878 19 868
2879 10 457
2881 19 869
2882 4 183
2884 19 870
2887 6 275
2888 19 871
2890 8 367
2891 19 872
2894 19 873
2897 1 46
2900 24 1105
2901 20 921
2903 12 553
2904 10 461
2907 20 923
2910 5 231
2911 24 1109
2913 4 185
2916 24 1111
2920 20 927
2921 19 881
2923 5 232
2924 12 557
2926 20 929
2929 2 93
2931 19 884
2932 24 1117
2934 19 885
2937 8 373
2941 19 887
2942 10 467
2944 19 888
2945 4 187
2947 19 889
2950 6 281
2951 19 890
2953 8 375
2954 19 891
2957 19 892
2960 1 47
2963 24 1129
2964 20 941
2966 12 565
2967 10 471
2970 20 943
2973 5 236
2974 24 1133
2976 4 189
2979 24 1135
2983 20 947
2984 19 900
2986 5 237
2987 12 569
2989 20 949
2992 2 95
2994 19 903
2995 24 1141
2997 19 904
3000 8 381
3004 19 906
3005 10 477
3007 19 907
3008 4 191
3010 19 908
3013 6 287
3014 19 909
3016 8 383
3017 19 910
3020 19 911
3023 1 48
3026 24 1153
3027 20 961
3029 12 577
3030 10 481
3033 20 963
3036 5 241
3037 24 1157
3039 4 193
3042 24 1159
3046 20 967
3047 19 919
3049 5 242
3050 12 581
3052 20 969
3055 2 97
3057 19 922
3058 24 1165
3060 19 923
3063 8 389
3067 19 925
3068 10 487
3070 19 926
3071 4 195
3073 19 927
3076 6 293
3077 19 928
3079 8 391
3080 19 929
3083 19 930
3086 1 49
3089 24 1177
3090 20 981
3092 12 589
3093 10 491
3096 20 983
3099 5 246
3100 24 1181
3102 4 197
3105 24 1183
3109 20 987
3110 19 938
3112 5 247
3113 12 593
3115 20 989
3118 2 99
3120 19 941
3121 24 1189
3123 19 942
3126 8 397
3130 19 944
3131 10 497
3133 19 945
3134 4 199
3136 19 946
3139 6 299
3140 19 947
3142 8 399
3143 19 948
3146 19 949
3149 1 50
3152 24 1201
3153 20 1001
3155 12 601
3156 10 501
3159 20 1003
3162 5 251
3163 24 1205
3165 4 201
3168 24 1207
3172 20 1007
3173 19 957
3175 5 252
3176 12 605
3178 20 1009
3181 2 101
3183 19 960
3184 24 1213
3186 19 961
3189 8 405
3193 19 963
3194 10 507
3196 19 964
3197 4 203
3199 19 965
3202 6 305
3203 19 966
3205 8 407
3206 19 967
3209 19 968
3212 1 51
3215 24 1225
3216 20 1021
3218 12 613
3219 10 511
3222 20 1023
3225 5 256
3226 24 1229
3228 4 205
3231 24 1231
3235 20 1027
3236 19 976
3238 5 257
3239 12 617
3241 20 1029
3244 2 103
3246 19 979
3247 24 1237
3249 19 980
3252 8 413
3256 19 982
3257 10 517
3259 19 983
3260 4 207
3262 19 984
3265 6 311
3266 19 985
3268 8 415
3269 19 986
3272 19 987
3275 1 52
3278 24 1249
3279 20 1041
3281 12 625
3282 10 521
3285 20 1043
3288 5 261
3289 24 1253
3291 4 209
3294 24 1255
3298 20 1047
3299 19 995
3301 5 262
3302 12 629
3304 20 1049
3307 2 105
3309 19 998
3310 24 1261
3312 19 999
3315 8 421
3319 19 1001
3320 10 527
3322 19 1002
3323 4 211
3325 19 1003
3328 6 317
3329 19 1004
3331 8 423
3332 19 1005
3335 19 1006
3338 1 53
3341 24 1273
3342 20 1061
3344 12 637
3345 10 531
3348 20 1063
3351 5 266
3352 24 1277
3354 4 213
3357 24 1279
3361 20 1067
3362 19 1014
3364 5 267
3365 12 641
3367 20 1069
3370 2 107
3372 19 1017
3373 24 1285
3375 19 1018
3378 8 429
3382 19 1020
3383 10 537
3385 19 1021
3386 4 215
3388 19 1022
3391 6 323
3392 19 1023
3394 8 431
3395 19 1024
3398 19 1025
3401 1 54
3404 24 1297
3405 20 1081
3407 12 649
3408 10 541
3411 20 1083
3414 5 271
3415 24 1301
3417 4 217
3420 24 1303
3424 20 1087
3425 19 1033
3427 5 272
3428 12 653
3430 20 1089
3433 2 109
3435 19 1036
3436 24 1309
3438 19 1037
3441 8 437
3445 19 1039
3446 10 547
3448 19 1040
3449 4 219
3451 19 1041
3454 6 329
3455 19 1042
3457 8 439
3458 19 1043
3461 19 1044
3464 1 55
3467 24 1321
3468 20 1101
3470 12 661
3471 10 551
3474 20 1103
3477 5 276
3478 24 1325
3480 4 221
3483 24 1327
3487 20 1107
3488 19 1052
3490 5 277
3491 12 665
3493 20 1109
3496 2 111
3498 19 1055
3499 24 1333
3501 19 1056
3504 8 445
3508 19 1058
3509 10 557
3511 19 1059
3512 4 223
3514 19 1060
3517 6 335
3518 19 1061
3520 8 447
3521 19 1062
3524 19 1063
3527 1 56
3530 24 1345
3531 20 1121
3533 12 673
3534 10 561
3537 20 1123
3540 5 281
3541 24 1349
3543 4 225
3546 24 1351
3550 20 1127
3551 19 1071
3553 5 282
3554 12 677
3556 20 1129
3559 2 113
3561 19 1074
3562 24 1357
3564 19 1075
3567 8 453
3571 19 1077
3572 10 567
3574 19 1078
3575 4 227
3577 19 1079
3580 6 341
3581 19 1080
3583 8 455
3584 19 1081
3587 19 1082
3590 1 57
3593 24 1369
3594 20 1141
3596 12 685
3597 10 571
3600 20 1143
3603 5 286
3604 24 1373
3606 4 229
3609 24 1375
3613 20 1147
3614 19 1090
3616 5 287
3617 12 689
3619 20 1149
3622 2 115
3624 19 1093
3625 24 1381
3627 19 1094
3630 8 461
3634 19 1096
3635 10 577
3637 19 1097
3638 4 231
3640 19 1098
3643 6 347
3644 19 1099
3646 8 463
3647 19 1100
3650 19 1101
3653 1 58
3656 24 1393
3657 20 1161
3659 12 697
3660 10 581
3663 20 1163
3666 5 291
3667 24 1397
3669 4 233
3672 24 1399
3676 20 1167
3677 19 1109
3679 5 292
3680 12 701
3682 20 1169
3685 2 117
3687 19 1112
3688 24 1405
3690 19 1113
3693 8 469
3697 19 1115
3698 10 587
3700 19 1116
3701 4 235
3703 19 1117
3706 6 353
3707 19 1118
3709 8 471
3710 19 1119
3713 19 1120
3716 1 59
3719 24 1417
3720 20 1181
3722 12 709
3723 10 591
3726 20 1183
3729 5 296
3730 24 1421
3732 4 237
3735 24 1423
3739 20 1187
3740 19 1128
3742 5 297
3743 12 713
3745 20 1189
3748 2 119
3750 19 1131
3751 24 1429
3753 19 1132
3756 8 477
3760 19 1134
3761 10 597
3763 19 1135
3764 4 239
3766 19 1136
3769 6 359
3770 19 1137
3772 8 479
3773 19 1138
3776 19 1139
3779 1 60
3782 24 1441
3783 20 1201
3785 12 721
3786 10 601
3789 20 1203
3792 5 301
3793 24 1445
3795 4 241
3798 24 1447
3802 20 1207
3803 19 1147
3805 5 302
3806 12 725
3808 20 1209
3811 2 121
3813 19 1150
3814 24 1453
3816 19 1151
3819 8 485
3823 19 1153
3824 10 607
3826 19 1154
3827 4 243
3829 19 1155
3832 6 365
3833 19 1156
3835 8 487
3836 19 1157
3839 19 1158
3842 1 61
3845 24 1465
3846 20 1221
3848 12 733
3849 10 611
3852 20 1223
3855 5 306
3856 24 1469
3858 4 245
3861 24 1471
3865 20 1227
3866 19 1166
3868 5 307
3869 12 737
3871 20 1229
3874 2 123
3876 19 1169
3877 24 1477
3879 19 1170
3882 8 493
3886 19 1172
3887 10 617
3889 19 1173
3890 4 247
3892 19 1174
3895 6 371
3896 19 1175
3898 8 495
3899 19 1176
3902 19 1177
3905 1 62
3908 24 1489
3909 20 1241
3911 12 745
3912 10 621
3915 20 1243
3918 5 311
3919 24 1493
3921 4 249
3924 24 1495
3928 20 1247
3929 19 1185
3931 5 312
3932 12 749
3934 20 1249
3937 2 125
3939 19 1188
3940 24 1501
3942 19 1189
3945 8 501
3949 19 1191
3950 10 627
3952 19 1192
3953 4 251
3955 19 1193
3958 6 377
3959 19 1194
3961 8 503
3962 19 1195
3965 19 1196
3968 1 63
3971 24 1513
3972 20 1261
3974 12 757
3975 10 631
3978 20 1263
3981 5 316
3982 24 1517
3984 4 253
3987 24 1519
3991 20 1267
3992 19 1204
3994 5 317
3995 12 761
3997 20 1269
4000 2 127
4002 19 1207
4003 24 1525
4005 19 1208
4008 8 509
4012 19 1210
4013 10 637
4015 19 1211
4016 4 255
4018 19 1212
4021 6 383
4022 19 1213
4024 8 511
4025 19 1214
4028 19 1215
4031 1 64
4034 24 1537
4035 20 1281
4037 12 769
4038 10 641
4041 20 1283
4044 5 321
4045 24 1541
4047 4 257
4050 24 1543
4054 20 1287
4055 19 1223
4057 5 322
4058 12 773
4060 20 1289
4063 2 129
4065 19 1226
4066 24 1549
4068 19 1227
4071 8 517
4075 19 1229
4076 10 647
4078 19 1230
4079 4 259
4081 19 1231
4084 6 389
4085 19 1232
4087 8 519
4088 19 1233
4091 19 1234
4094 1 65
4097 24 1561
4098 20 1301
4100 12 781
4101 10 651
4104 20 1303
4107 5 326
4108 24 1565
4110 4 261
4113 24 1567
4117 20 1307
4118 19 1242
4120 5 327
4121 12 785
4123 20 1309
4126 2 131
4128 19 1245
4129 24 1573
4131 19 1246
4134 8 525
4138 19 1248
4139 10 657
4141 19 1249
4142 4 263
4144 19 1250
4147 6 395
4148 19 1251
4150 8 527
4151 19 1252
4154 19 1253
4157 1 66
4160 24 1585
4161 20 1321
4163 12 793
4164 10 661
4167 20 1323
4170 5 331
4171 24 1589
4173 4 265
4176 24 1591
4180 20 1327
4181 19 1261
4183 5 332
4184 12 797
4186 20 1329
4189 2 133
4191 19 1264
4192 24 1597
4194 19 1265
4197 8 533
4201 19 1267
4202 10 667
4204 19 1268
4205 4 267
4207 19 1269
4210 6 401
4211 19 1270
4213 8 535
4214 19 1271
4217 19 1272
4220 1 67
4223 24 1609
4224 20 1341
4226 12 805
4227 10 671
4230 20 1343
4233 5 336
4234 24 1613
4236 4 269
4239 24 1615
4243 20 1347
4244 19 1280
4246 5 337
4247 12 809
4249 20 1349
4252 2 135
4254 19 1283
4255 24 1621
4257 19 1284
4260 8 541
4264 19 1286
4265 10 677
4267 19 1287
4268 4 271
4270 19 1288
4273 6 407
4274 19 1289
4276 8 543
4277 19 1290
4280 19 1291
4283 1 68
4286 24 1633
4287 20 1361
4289 12 817
4290 10 681
4293 20 1363
4296 5 341
4297 24 1637
4299 4 273
4302 24 1639
4306 20 1367
4307 19 1299
4309 5 342
4310 12 821
4312 20 1369
4315 2 137
4317 19 1302
4318 24 1645
4320 19 1303
4323 8 549
4327 19 1305
4328 10 687
4330 19 1306
4331 4 275
4333 19 1307
4336 6 413
4337 19 1308
4339 8 551
4340 19 1309
4343 19 1310
4346 1 69
4349 24 1657
4350 20 1381
4352 12 829
4353 10 691
4356 20 1383
4359 5 346
4360 24 1661
4362 4 277
4365 24 1663
4369 20 1387
4370 19 1318
4372 5 347
4373 12 833
4375 20 1389
4378 2 139
4380 19 1321
4381 24 1669
4383 19 1322
4386 8 557
4390 19 1324
4391 10 697
4393 19 1325
4394 4 279
4396 19 1326
4399 6 419
4400 19 1327
4402 8 559
4403 19 1328
4406 19 1329
4409 1 70
4412 24 1681
4413 20 1401
4415 12 841
4416 10 701
4419 20 1403
4422 5 351
4423 24 1685
4425 4 281
4428 24 1687
4432 20 1407
4433 19 1337
4435 5 352
4436 12 845
4438 20 1409
4441 2 141
4443 19 1340
4444 24 1693
4446 19 1341
4449 8 565
4453 19 1343
4454 10 707
4456 19 1344
4457 4 283
4459 19 1345
4462 6 425
4463 19 1346
4465 8 567
4466 19 1347
4469 19 1348
4472 1 71
4475 24 1705
4476 20 1421
4478 12 853
4479 10 711
4482 20 1423
4485 5 356
4486 24 1709
4488 4 285
4491 24 1711
4495 20 1427
4496 19 1356
4498 5 357
4499 12 857
4501 20 1429
4504 2 143
4506 19 1359
4507 24 1717
4509 19 1360
4512 8 573
4516 19 1362
4517 10 717
4519 19 1363
4520 4 287
4522 19 1364
4525 6 431
4526 19 1365
4528 8 575
4529 19 1366
4532 19 1367
4535 1 72
4538 24 1729
4539 20 1441
4541 12 865
4542 10 721
4545 20 1443
4548 5 361
4549 24 1733
4551 4 289
4554 24 1735
4558 20 1447
4559 19 1375
4561 5 362
4562 12 869
4564 20 1449
4567 2 145
4569 19 1378
4570 24 1741
4572 19 1379
4575 8 581
4579 19 1381
4580 10 727
4582 19 1382
4583 4 291
4585 19 1383
4588 6 437
4589 19 1384
4591 8 583
4592 19 1385
4595 19 1386
4598 1 73
4601 24 1753
4602 20 1461
4604 12 877
4605 10 731
4608 20 1463
4611 5 366
4612 24 1757
4614 4 293
4617 24 1759
4621 20 1467
4622 19 1394
4624 5 367
4625 12 881
4627 20 1469
4630 2 147
4632 19 1397
4633 24 1765
4635 19 1398
4638 8 589
4642 19 1400
4643 10 737
4645 19 1401
4646 4 295
4648 19 1402
4651 6 443
4652 19 1403
4654 8 591
4655 19 1404
4658 19 1405
4661 1 74
4664 24 1777
4665 20 1481
4667 12 889
4668 10 741
4671 20 1483
4674 5 371
4675 24 1781
4677 4 297
4680 24 1783
4684 20 1487
4685 19 1413
4687 5 372
4688 12 893
4690 20 1489
4693 2 149
4695 19 1416
4696 24 1789
4698 19 1417
4701 8 597
4705 19 1419
4706 10 747
4708 19 1420
4709 4 299
4711 19 1421
4714 6 449
4715 19 1422
4717 8 599
4718 19 1423
4721 19 1424
4724 1 75
4727 24 1801
4728 20 1501
4730 12 901
4731 10 751
4734 20 1503
4737 5 376
4738 24 1805
4740 4 301
4743 24 1807
4747 20 1507
4748 19 1432
4750 5 377
4751 12 905
4753 20 1509
4756 2 151
4758 19 1435
4759 24 1813
4761 19 1436
4764 8 605
4768 19 1438
4769 10 757
4771 19 1439
4772 4 303
4774 19 1440
4777 6 455
4778 19 1441
4780 8 607
4781 19 1442
4784 19 1443
4787 1 76
4790 24 1825
4791 20 1521
4793 12 913
4794 10 761
4797 20 1523
4800 5 381
4801 24 1829
4803 4 305
4806 24 1831
4810 20 1527
4811 19 1451
4813 5 382
4814 12 917
4816 20 1529
4819 2 153
4821 19 1454
4822 24 1837
4824 19 1455
4827 8 613
4831 19 1457
4832 10 767
4834 19 1458
4835 4 307
4837 19 1459
4840 6 461
4841 19 1460
4843 8 615
4844 19 1461
4847 19 1462
4850 1 77
4853 24 1849
4854 20 1541
4856 12 925
4857 10 771
4860 20 1543
4863 5 386
4864 24 1853
4866 4 309
4869 24 1855
4873 20 1547
4874 19 1470
4876 5 387
4877 12 929
4879 20 1549
4882 2 155
4884 19 1473
4885 24 1861
4887 19 1474
4890 8 621
4894 19 1476
4895 10 777
4897 19 1477
4898 4 311
4900 19 1478
4903 6 467
4904 19 1479
4906 8 623
4907 19 1480
4910 19 1481
4913 1 78
4916 24 1873
4917 20 1561
4919 12 937
4920 10 781
4923 20 1563
4926 5 391
4927 24 1877
4929 4 313
4932 24 1879
4936 20 1567
4937 19 1489
4939 5 392
4940 12 941
4942 20 1569
4945 2 157
4947 19 1492
4948 24 1885
4950 19 1493
4953 8 629
4957 19 1495
4958 10 787
4960 19 1496
4961 4 315
4963 19 1497
4966 6 473
4967 19 1498
4969 8 631
4970 19 1499
4973 19 1500
4976 1 79
4979 24 1897
4980 20 1581
4982 12 949
4983 10 791
4986 20 1583
4989 5 396
4990 24 1901
4992 4 317
4995 24 1903
4999 20 1587
5000 19 1508
5002 5 397
5003 12 953
5005 20 1589
5008 2 159
5010 19 1511
5011 24 1909
5013 19 1512
5016 8 637
5020 19 1514
5021 10 797
5023 19 1515
5024 4 319
5026 19 1516
5029 6 479
5030 19 1517
5032 8 639
5033 19 1518
5036 19 1519
5039 1 80
5042 24 1921
5043 20 1601
5045 12 961
5046 10 801
5049 20 1603
5052 5 401
5053 24 1925
5055 4 321
5058 24 1927
5062 20 1607
5063 19 1527
5065 5 402
5066 12 965
5068 20 1609
5071 2 161
5073 19 1530
5074 24 1933
5076 19 1531
5079 8 645
5083 19 1533
5084 10 807
5086 19 1534
5087 4 323
5089 19 1535
5092 6 485
5093 19 1536
5095 8 647
5096 19 1537
5099 19 1538
5102 1 81
5105 24 1945
5106 20 1621
5108 12 973
5109 10 811
5112 20 1623
5115 5 406
5116 24 1949
5118 4 325
5121 24 1951
5125 20 1627
5126 19 1546
5128 5 407
5129 12 977
5131 20 1629
5134 2 163
5136 19 1549
5137 24 1957
5139 19 1550
5142 8 653
5146 19 1552
5147 10 817
5149 19 1553
5150 4 327
5152 19 1554
5155 6 491
5156 19 1555
5158 8 655
5159 19 1556
5162 19 1557
5165 1 82
5168 24 1969
5169 20 1641
5171 12 985
5172 10 821
5175 20 1643
5178 5 411
5179 24 1973
5181 4 329
5184 24 1975
5188 20 1647
5189 19 1565
5191 5 412
5192 12 989
5194 20 1649
5197 2 165
5199 19 1568
5200 24 1981
5202 19 1569
5205 8 661
5209 19 1571
5210 10 827
5212 19 1572
5213 4 331
5215 19 1573
5218 6 497
5219 19 1574
5221 8 663
5222 19 1575
5225 19 1576
5228 1 83
5231 24 1993
5232 20 1661
5234 12 997
5235 10 831
5238 20 1663
5241 5 416
5242 24 1997
5244 4 333
5247 24 1999
5251 20 1667
5252 19 1584
5254 5 417
5255 12 1001
5257 20 1669
5260 2 167
5262 19 1587
5263 24 2005
5265 19 1588
5268 8 669
5272 19 1590
5273 10 837
5275 19 1591
5276 4 335
5278 19 1592
5281 6 503
5282 19 1593
5284 8 671
5285 19 1594
5288 19 1595
5291 1 84
5294 24 2017
5295 20 1681
5297 12 1009
5298 10 841
5301 20 1683
5304 5 421
5305 24 2021
5307 4 337
5310 24 2023
5314 20 1687
5315 19 1603
5317 5 422
5318 12 1013
5320 20 1689
5323 2 169
5325 19 1606
5326 24 2029
5328 19 1607
5331 8 677
5335 19 1609
5336 10 847
5338 19 1610
5339 4 339
5341 19 1611
5344 6 509
5345 19 1612
5347 8 679
5348 19 1613
5351 19 1614
5354 1 85
5357 24 2041
5358 20 1701
5360 12 1021
5361 10 851
5364 20 1703
5367 5 426
5368 24 2045
5370 4 341
5373 24 2047
5377 20 1707
5378 19 1622
5380 5 427
5381 12 1025
5383 20 1709
5386 2 171
5388 19 1625
5389 24 2053
5391 19 1626
5394 8 685
5398 19 1628
5399 10 857
5401 19 1629
5402 4 343
5404 19 1630
5407 6 515
5408 19 1631
5410 8 687
5411 19 1632
5414 19 1633
5417 1 86
5420 24 2065
5421 20 1721
5423 12 1033
5424 10 861
5427 20 1723
5430 5 431
5431 24 2069
5433 4 345
5436 24 2071
5440 20 1727
5441 19 1641
5443 5 432
5444 12 1037
5446 20 1729
5449 2 173
5451 19 1644
5452 24 2077
5454 19 1645
5457 8 693
5461 19 1647
5462 10 867
5464 19 1648
5465 4 347
5467 19 1649
5470 6 521
5471 19 1650
5473 8 695
5474 19 1651
5477 19 1652
5480 1 87
5483 24 2089
5484 20 1741
5486 12 1045
5487 10 871
5490 20 1743
5493 5 436
5494 24 2093
5496 4 349
5499 24 2095
5503 20 1747
5504 19 1660
5506 5 437
5507 12 1049
5509 20 1749
5512 2 175
5514 19 1663
5515 24 2101
5517 19 1664
5520 8 701
5524 19 1666
5525 10 877
5527 19 1667
5528 4 351
5530 19 1668
5533 6 527
5534 19 1669
5536 8 703
5537 19 1670
5540 19 1671
5543 1 88
5546 24 2113
5547 20 1761
5549 12 1057
5550 10 881
5553 20 1763
5556 5 441
5557 24 2117
5559 4 353
5562 24 2119
5566 20 1767
5567 19 1679
5569 5 442
5570 12 1061
5572 20 1769
5575 2 177
5577 19 1682
5578 24 2125
5580 19 1683
5583 8 709
5587 19 1685
5588 10 887
5590 19 1686
5591 4 355
5593 19 1687
5596 6 533
5597 19 1688
5599 8 711
5600 19 1689
5603 19 1690
5606 1 89
5609 24 2137
5610 20 1781
5612 12 1069
5613 10 891
5616 20 1783
5619 5 446
5620 24 2141
5622 4 357
5625 24 2143
5629 20 1787
5630 19 1698
5632 5 447
5633 12 1073
5635 20 1789
5638 2 179
5640 19 1701
5641 24 2149
5643 19 1702
5646 8 717
5650 19 1704
5651 10 897
5653 19 1705
5654 4 359
5656 19 1706
5659 6 539
5660 19 1707
5662 8 719
5663 19 1708
5666 19 1709
5669 1 90
5672 24 2161
5673 20 1801
5675 12 1081
5676 10 901
5679 20 1803
5682 5 451
5683 24 2165
5685 4 361
5688 24 2167
5692 20 1807
5693 19 1717
5695 5 452
5696 12 1085
5698 20 1809
5701 2 181
5703 19 1720
5704 24 2173
5706 19 1721
5709 8 725
5713 19 1723
5714 10 907
5716 19 1724
5717 4 363
5719 19 1725
5722 6 545
5723 19 1726
5725 8 727
5726 19 1727
5729 19 1728
5732 1 91
5735 24 2185
5736 20 1821
5738 12 1093
5739 10 911
5742 20 1823
5745 5 456
5746 24 2189
5748 4 365
5751 24 2191
5755 20 1827
5756 19 1736
5758 5 457
5759 12 1097
5761 20 1829
5764 2 183
5766 19 1739
5767 24 2197
5769 19 1740
5772 8 733
5776 19 1742
5777 10 917
5779 19 1743
5780 4 367
5782 19 1744
5785 6 551
5786 19 1745
5788 8 735
5789 19 1746
5792 19 1747
5795 1 92
5798 24 2209
5799 20 1841
5801 12 1105
5802 10 921
5805 20 1843
5808 5 461
5809 24 2213
5811 4 369
5814 24 2215
5818 20 1847
5819 19 1755
5821 5 462
5822 12 1109
5824 20 1849
5827 2 185
5829 19 1758
5830 24 2221
5832 19 1759
5835 8 741
5839 19 1761
5840 10 927
5842 19 1762
5843 4 371
5845 19 1763
5848 6 557
5849 19 1764
5851 8 743
5852 19 1765
5855 19 1766
5858 1 93
5861 24 2233
5862 20 1861
5864 12 1117
5865 10 931
5868 20 1863
5871 5 466
5872 24 2237
5874 4 373
5877 24 2239
5881 20 1867
5882 19 1774
5884 5 467
5885 12 1121
5887 20 1869
5890 2 187
5892 19 1777
5893 24 2245
5895 19 1778
5898 8 749
5902 19 1780
5903 10 937
5905 19 1781
5906 4 375
5908 19 1782
5911 6 563
5912 19 1783
5914 8 751
5915 19 1784
5918 19 1785
5921 1 94
5924 24 2257
5925 20 1881
5927 12 1129
5928 10 941
5931 20 1883
5934 5 471
5935 24 2261
5937 4 377
5940 24 2263
5944 20 1887
5945 19 1793
5947 5 472
5948 12 1133
5950 20 1889
5953 2 189
5955 19 1796
5956 24 2269
5958 19 1797
5961 8 757
5965 19 1799
5966 10 947
5968 19 1800
5969 4 379
5971 19 1801
5974 6 569
5975 19 1802
5977 8 759
5978 19 1803
5981 19 1804
5984 1 95
5987 24 2281
5988 20 1901
5990 12 1141
5991 10 951
5994 20 1903
5997 5 476
5998 24 2285
6000 4 381
6003 24 2287
6007 20 1907
6008 19 1812
6010 5 477
6011 12 1145
6013 20 1909
6016 2 191
6018 19 1815
6019 24 2293
6021 19 1816
6024 8 765
6028 19 1818
6029 10 957
6031 19 1819
6032 4 383
6034 19 1820
6037 6 575
6038 19 1821
6040 8 767
6041 19 1822
6044 19 1823
6047 1 96
6050 24 2305
6051 20 1921
6053 12 1153
6054 10 961
6057 20 1923
6060 5 481
6061 24 2309
6063 4 385
6066 24 2311
6070 20 1927
6071 19 1831
6073 5 482
6074 12 1157
6076 20 1929
6079 2 193
6081 19 1834
6082 24 2317
6084 19 1835
6087 8 773
6091 19 1837
6092 10 967
6094 19 1838
6095 4 387
6097 19 1839
6100 6 581
6101 19 1840
6103 8 775
6104 19 1841
6107 19 1842
6110 1 97
6113 24 2329
6114 20 1941
6116 12 1165
6117 10 971
6120 20 1943
6123 5 486
6124 24 2333
6126 4 389
6129 24 2335
6133 20 1947
6134 19 1850
6136 5 487
6137 12 1169
6139 20 1949
6142 2 195
6144 19 1853
6145 24 2341
6147 19 1854
6150 8 781
6154 19 1856
6155 10 977
6157 19 1857
6158 4 391
6160 19 1858
6163 6 587
6164 19 1859
6166 8 783
6167 19 1860
6170 19 1861
6173 1 98
6176 24 2353
6177 20 1961
6179 12 1177
6180 10 981
6183 20 1963
6186 5 491
6187 24 2357
6189 4 393
6192 24 2359
6196 20 1967
6197 19 1869
6199 5 492
6200 12 1181
6202 20 1969
6205 2 197
6207 19 1872
6208 24 2365
6210 19 1873
6213 8 789
6217 19 1875
6218 10 987
6220 19 1876
6221 4 395
6223 19 1877
6226 6 593
6227 19 1878
6229 8 791
6230 19 1879
6233 19 1880
6236 1 99
6239 24 2377
6240 20 1981
6242 12 1189
6243 10 991
6246 20 1983
6249 5 496
6250 24 2381
6252 4 397
6255 24 2383
6259 20 1987
6260 19 1888
6262 5 497
6263 12 1193
6265 20 1989
6268 2 199
6270 19 1891
6271 24 2389
6273 19 1892
6276 8 797
6280 19 1894
6281 10 997
6283 19 1895
6284 4 399
6286 19 1896
6289 6 599
6290 19 1897
6292 8 799
6293 19 1898
6296 19 1899
6299 1 100
6302 24 2401
6303 20 2001
6305 12 1201
6306 10 1001
6309 20 2003
6312 5 501
6313 24 2405
6315 4 401
6318 24 2407
6322 20 2007
6323 19 1907
6325 5 502
6326 12 1205
6328 20 2009
6331 2 201
6333 19 1910
6334 24 2413
6336 19 1911
6339 8 805
6343 19 1913
6344 10 1007
6346 19 1914
6347 4 403
6349 19 1915
6352 6 605
6353 19 1916
6355 8 807
6356 19 1917
6359 19 1918
6362 1 101
6365 24 2425
6366 20 2021
6368 12 1213
6369 10 1011
6372 20 2023
6375 5 506
6376 24 2429
6378 4 405
6381 24 2431
6385 20 2027
6386 19 1926
6388 5 507
6389 12 1217
6391 20 2029
6394 2 203
6396 19 1929
6397 24 2437
6399 19 1930
6402 8 813
6406 19 1932
6407 10 1017
6409 19 1933
6410 4 407
6412 19 1934
6415 6 611
6416 19 1935
6418 8 815
6419 19 1936
6422 19 1937
6425 1 102
6428 24 2449
6429 20 2041
6431 12 1225
6432 10 1021
6435 20 2043
6438 5 511
6439 24 2453
6441 4 409
6444 24 2455
6448 20 2047
6449 19 1945
6451 5 512
6452 12 1229
6454 20 2049
6457 2 205
6459 19 1948
6460 24 2461
6462 19 1949
6465 8 821
6469 19 1951
6470 10 1027
6472 19 1952
6473 4 411
6475 19 1953
6478 6 617
6479 19 1954
6481 8 823
6482 19 1955
6485 19 1956
6488 1 103
6491 24 2473
6492 20 2061
6494 12 1237
6495 10 1031
6498 20 2063
6501 5 516
6502 24 2477
6504 4 413
6507 24 2479
6511 20 2067
6512 19 1964
6514 5 517
6515 12 1241
6517 20 2069
6520 2 207
6522 19 1967
6523 24 2485
6525 19 1968
6528 8 829
6532 19 1970
6533 10 1037
6535 19 1971
6536 4 415
6538 19 1972
6541 6 623
6542 19 1973
6544 8 831
6545 19 1974
6548 19 1975
6551 1 104
6554 24 2497
6555 20 2081
6557 12 1249
6558 10 1041
6561 20 2083
6564 5 521
6565 24 2501
6567 4 417
6570 24 2503
6574 20 2087
6575 19 1983
6577 5 522
6578 12 1253
6580 20 2089
6583 2 209
6585 19 1986
6586 24 2509
6588 19 1987
6591 8 837
6595 19 1989
6596 10 1047
6598 19 1990
6599 4 419
6601 19 1991
6604 6 629
6605 19 1992
6607 8 839
6608 19 1993
6611 19 1994
6614 1 105
6617 24 2521
6618 20 2101
6620 12 1261
6621 10 1051
6624 20 2103
6627 5 526
6628 24 2525
6630 4 421
6633 24 2527
6637 20 2107
6638 19 2002
6640 5 527
6641 12 1265
6643 20 2109
6646 2 211
6648 19 2005
6649 24 2533
6651 19 2006
6654 8 845
6658 19 2008
6659 10 1057
6661 19 2009
6662 4 423
6664 19 2010
6667 6 635
6668 19 2011
6670 8 847
6671 19 2012
6674 19 2013
6677 1 106
6680 24 2545
6681 20 2121
6683 12 1273
6684 10 1061
6687 20 2123
6690 5 531
6691 24 2549
6693 4 425
6696 24 2551
6700 20 2127
6701 19 2021
6703 5 532
6704 12 1277
6706 20 2129
6709 2 213
6711 19 2024
6712 24 2557
6714 19 2025
6717 8 853
6721 19 2027
6722 10 1067
6724 19 2028
6725 4 427
6727 19 2029
6730 6 641
6731 19 2030
6733 8 855
6734 19 2031
6737 19 2032
6740 1 107
6743 24 2569
6744 20 2141
6746 12 1285
6747 10 1071
6750 20 2143
6753 5 536
6754 24 2573
6756 4 429
6759 24 2575
6763 20 2147
6764 19 2040
6766 5 537
6767 12 1289
6769 20 2149
6772 2 215
6774 19 2043
6775 24 2581
6777 19 2044
6780 8 861
6784 19 2046
6785 10 1077
6787 19 2047
6788 4 431
6790 19 2048
6793 6 647
6794 19 2049
6796 8 863
6797 19 2050
6800 19 2051
6803 1 108
6806 24 2593
6807 20 2161
6809 12 1297
6810 10 1081
6813 20 2163
6816 5 541
6817 24 2597
6819 4 433
6822 24 2599
6826 20 2167
6827 19 2059
6829 5 542
6830 12 1301
6832 20 2169
6835 2 217
6837 19 2062
6838 24 2605
6840 19 2063
6843 8 869
6847 19 2065
6848 10 1087
6850 19 2066
6851 4 435
6853 19 2067
6856 6 653
6857 19 2068
6859 8 871
6860 19 2069
6863 19 2070
6866 1 109
6869 24 2617
6870 20 2181
6872 12 1309
6873 10 1091
6876 20 2183
6879 5 546
6880 24 2621
6882 4 437
6885 24 2623
6889 20 2187
6890 19 2078
6892 5 547
6893 12 1313
6895 20 2189
6898 2 219
6900 19 2081
6901 24 2629
6903 19 2082
6906 8 877
6910 19 2084
6911 10 1097
6913 19 2085
6914 4 439
6916 19 2086
6919 6 659
6920 19 2087
6922 8 879
6923 19 2088
6926 19 2089
6929 1 110
6932 24 2641
6933 20 2201
6935 12 1321
6936 10 1101
6939 20 2203
6942 5 551
6943 24 2645
6945 4 441
6948 24 2647
6952 20 2207
6953 19 2097
6955 5 552
6956 12 1325
6958 20 2209
6961 2 221
6963 19 2100
6964 24 2653
6966 19 2101
6969 8 885
6973 19 2103
6974 10 1107
6976 19 2104
6977 4 443
6979 19 2105
6982 6 665
6983 19 2106
6985 8 887
6986 19 2107
6989 19 2108
6992 1 111
6995 24 2665
6996 20 2221
6998 12 1333
6999 10 1111
7002 20 2223
7005 5 556
7006 24 2669
7008 4 445
7011 24 2671
7015 20 2227
7016 19 2116
7018 5 557
7019 12 1337
7021 20 2229
7024 2 223
7026 19 2119
7027 24 2677
7029 19 2120
7032 8 893
7036 19 2122
7037 10 1117
7039 19 2123
7040 4 447
7042 19 2124
7045 6 671
7046 19 2125
7048 8 895
7049 19 2126
7052 19 2127
7055 1 112
7058 24 2689
7059 20 2241
7061 12 1345
7062 10 1121
7065 20 2243
7068 5 561
7069 24 2693
7071 4 449
7074 24 2695
7078 20 2247
7079 19 2135
7081 5 562
7082 12 1349
7084 20 2249
7087 2 225
7089 19 2138
7090 24 2701
7092 19 2139
7095 8 901
7099 19 2141
7100 10 1127
7102 19 2142
7103 4 451
7105 19 2143
7108 6 677
7109 19 2144
7111 8 903
7112 19 2145
7115 19 2146
7118 1 113
7121 24 2713
7122 20 2261
7124 12 1357
7125 10 1131
7128 20 2263
7131 5 566
7132 24 2717
7134 4 453
7137 24 2719
7141 20 2267
7142 19 2154
7144 5 567
7145 12 1361
7147 20 2269
7150 2 227
7152 19 2157
7153 24 2725
7155 19 2158
7158 8 909
7162 19 2160
7163 10 1137
7165 19 2161
7166 4 455
7168 19 2162
7171 6 683
7172 19 2163
7174 8 911
7175 19 2164
7178 19 2165
7181 1 114
7184 24 2737
7185 20 2281
7187 12 1369
7188 10 1141
7191 20 2283
7194 5 571
7195 24 2741
7197 4 457
7200 24 2743
7204 20 2287
7205 19 2173
7207 5 572
7208 12 1373
7210 20 2289
7213 2 229
7215 19 2176
7216 24 2749
7218 19 2177
7221 8 917
7225 19 2179
7226 10 1147
7228 19 2180
7229 4 459
7231 19 2181
7234 6 689
7235 19 2182
7237 8 919
7238 19 2183
7241 19 2184
7244 1 115
7247 24 2761
7248 20 2301
7250 12 1381
7251 10 1151
7254 20 2303
7257 5 576
7258 24 2765
7260 4 461
7263 24 2767
7267 20 2307
7268 19 2192
7270 5 577
7271 12 1385
7273 20 2309
7276 2 231
7278 19 2195
7279 24 2773
7281 19 2196
7284 8 925
7288 19 2198
7289 10 1157
7291 19 2199
7292 4 463
7294 19 2200
7297 6 695
7298 19 2201
7300 8 927
7301 19 2202
7304 19 2203
7307 1 116
7310 24 2785
7311 20 2321
7313 12 1393
7314 10 1161
7317 20 2323
7320 5 581
7321 24 2789
7323 4 465
7326 24 2791
7330 20 2327
7331 19 2211
7333 5 582
7334 12 1397
7336 20 2329
7339 2 233
7341 19 2214
7342 24 2797
7344 19 2215
7347 8 933
7351 19 2217
7352 10 1167
7354 19 2218
7355 4 467
7357 19 2219
7360 6 701
7361 19 2220
7363 8 935
7364 19 2221
7367 19 2222
7370 1 117
7373 24 2809
7374 20 2341
7376 12 1405
7377 10 1171
7380 20 2343
7383 5 586
7384 24 2813
7386 4 469
7389 24 2815
7393 20 2347
7394 19 2230
7396 5 587
7397 12 1409
7399 20 2349
7402 2 235
7404 19 2233
7405 24 2821
7407 19 2234
7410 8 941
7414 19 2236
7415 10 1177
7417 19 2237
7418 4 471
7420 19 2238
7423 6 707
7424 19 2239
7426 8 943
7427 19 2240
7430 19 2241
7433 1 118
7436 24 2833
7437 20 2361
7439 12 1417
7440 10 1181
7443 20 2363
7446 5 591
7447 24 2837
7449 4 473
7452 24 2839
7456 20 2367
7457 19 2249
7459 5 592
7460 12 1421
7462 20 2369
7465 2 237
7467 19 2252
7468 24 2845
7470 19 2253
7473 8 949
7477 19 2255
7478 10 1187
7480 19 2256
7481 4 475
7483 19 2257
7486 6 713
7487 19 2258
7489 8 951
7490 19 2259
7493 19 2260
7496 1 119
7499 24 2857
7500 20 2381
7502 12 1429
7503 10 1191
7506 20 2383
7509 5 596
7510 24 2861
7512 4 477
7515 24 2863
7519 20 2387
7520 19 2268
7522 5 597
7523 12 1433
7525 20 2389
7528 2 239
7530 19 2271
7531 24 2869
7533 19 2272
7536 8 957
7540 19 2274
7541 10 1197
7543 19 2275
7544 4 479
7546 19 2276
7549 6 719
7550 19 2277
7552 8 959
7553 19 2278
7556 19 2279
7559 1 120
7562 24 2881
7563 20 2401
7565 12 1441
7566 10 1201
7569 20 2403
7572 5 601
7573 24 2885
7575 4 481
7578 24 2887
7582 20 2407
7583 19 2287
7585 5 602
7586 12 1445
7588 20 2409
7591 2 241
7593 19 2290
7594 24 2893
7596 19 2291
7599 8 965
7603 19 2293
7604 10 1207
7606 19 2294
7607 4 483
7609 19 2295
7612 6 725
7613 19 2296
7615 8 967
7616 19 2297
7619 19 2298
7622 1 121
7625 24 2905
7626 20 2421
7628 12 1453
7629 10 1211
7632 20 2423
7635 5 606
7636 24 2909
7638 4 485
7641 24 2911
7645 20 2427
7646 19 2306
7648 5 607
7649 12 1457
7651 20 2429
7654 2 243
7656 19 2309
7657 24 2917
7659 19 2310
7662 8 973
7666 19 2312
7667 10 1217
7669 19 2313
7670 4 487
7672 19 2314
7675 6 731
7676 19 2315
7678 8 975
7679 19 2316
7682 19 2317
7685 1 122
7688 24 2929
7689 20 2441
7691 12 1465
7692 10 1221
7695 20 2443
7698 5 611
7699 24 2933
7701 4 489
7704 24 2935
7708 20 2447
7709 19 2325
7711 5 612
7712 12 1469
7714 20 2449
7717 2 245
7719 19 2328
7720 24 2941
7722 19 2329
7725 8 981
7729 19 2331
7730 10 1227
7732 19 2332
7733 4 491
7735 19 2333
7738 6 737
7739 19 2334
7741 8 983
7742 19 2335
7745 19 2336
7748 1 123
7751 24 2953
7752 20 2461
7754 12 1477
7755 10 1231
7758 20 2463
7761 5 616
7762 24 2957
7764 4 493
7767 24 2959
7771 20 2467
7772 19 2344
7774 5 617
7775 12 1481
7777 20 2469
7780 2 247
7782 19 2347
7783 24 2965
7785 19 2348
7788 8 989
7792 19 2350
7793 10 1237
7795 19 2351
7796 4 495
7798 19 2352
7801 6 743
7802 19 2353
7804 8 991
7805 19 2354
7808 19 2355
7811 1 124
7814 24 2977
7815 20 2481
7817 12 1489
7818 10 1241
7821 20 2483
7824 5 621
7825 24 2981
7827 4 497
7830 24 2983
7834 20 2487
7835 19 2363
7837 5 622
7838 12 1493
7840 20 2489
7843 2 249
7845 19 2366
7846 24 2989
7848 19 2367
7851 8 997
7855 19 2369
7856 10 1247
7858 19 2370
7859 4 499
7861 19 2371
7864 6 749
7865 19 2372
7867 8 999
7868 19 2373
7871 19 2374
7874 1 125
7877 24 3001
7878 20 2501
7880 12 1501
7881 10 1251
7884 20 2503
7887 5 626
7888 24 3005
7890 4 501
7893 24 3007
7897 20 2507
7898 19 2382
7900 5 627
7901 12 1505
7903 20 2509
7906 2 251
7908 19 2385
7909 24 3013
7911 19 2386
7914 8 1005
7918 19 2388
7919 10 1257
7921 19 2389
7922 4 503
7924 19 2390
7927 6 755
7928 19 2391
7930 8 1007
7931 19 2392
7934 19 2393
7937 1 126
7940 24 3025
7941 20 2521
7943 12 1513
7944 10 1261
7947 20 2523
7950 5 631
7951 24 3029
7953 4 505
7956 24 3031
7960 20 2527
7961 19 2401
7963 5 632
7964 12 1517
7966 20 2529
7969 2 253
7971 19 2404
7972 24 3037
7974 19 2405
7977 8 1013
7981 19 2407
7982 10 1267
7984 19 2408
7985 4 507
7987 19 2409
7990 6 761
7991 19 2410
7993 8 1015
7994 19 2411
7997 19 2412
8000 1 127
8003 24 3049
8004 20 2541
8006 12 1525
8007 10 1271
8010 20 2543
8013 5 636
8014 24 3053
8016 4 509
8019 24 3055
8023 20 2547
8024 19 2420
8026 5 637
8027 12 1529
8029 20 2549
8032 2 255
8034 19 2423
8035 24 3061
8037 19 2424
8040 8 1021
8044 19 2426
8045 10 1277
8047 19 2427
8048 4 511
8050 19 2428
8053 6 767
8054 19 2429
8056 8 1023
8057 19 2430
8060 19 2431
8063 1 128
8066 24 3073
8067 20 2561
8069 12 1537
8070 10 1281
8073 20 2563
8076 5 641
8077 24 3077
8079 4 513
8082 24 3079
8086 20 2567
8087 19 2439
8089 5 642
8090 12 1541
8092 20 2569
8095 2 257
8097 19 2442
8098 24 3085
8100 19 2443
8103 8 1029
8107 19 2445
8108 10 1287
8110 19 2446
8111 4 515
8113 19 2447
8116 6 773
8117 19 2448
8119 8 1031
8120 19 2449
8123 19 2450
8126 1 129
