5418 87 100000000 299 40
3 25 1
5 47 3
9 47 5
10 25 3
11 47 6
16 47 9
17 5 1
20 47 11
22 47 12
23 15 4
24 47 13
27 47 15
31 25 9
33 47 18
34 5 2
37 47 20
38 25 11
40 15 7
44 47 24
45 25 13
46 47 25
48 47 26
51 47 28
52 5 3
55 47 30
57 47 31
59 25 17
61 47 33
62 25 18
66 25 19
68 47 37
69 5 4
72 47 39
73 25 21
74 47 40
75 15 13
79 47 43
80 25 23
81 15 14
83 47 45
85 47 46
86 1 1
90 25 26
92 47 50
96 47 52
97 25 28
98 47 53
103 47 56
104 5 6
107 47 58
109 47 59
110 15 19
111 47 60
114 47 62
118 25 34
120 47 65
121 5 7
124 47 67
125 25 36
127 15 22
131 47 71
132 25 38
133 47 72
135 47 73
138 47 75
139 5 8
142 47 77
144 47 78
146 25 42
148 47 80
149 25 43
153 25 44
155 47 84
156 5 9
159 47 86
160 25 46
161 47 87
162 15 28
166 47 90
167 25 48
168 15 29
170 47 92
172 47 93
173 1 2
177 25 51
179 47 97
183 47 99
184 25 53
185 47 100
190 47 103
191 5 11
194 47 105
196 47 106
197 15 34
198 47 107
201 47 109
205 25 59
207 47 112
208 5 12
211 47 114
212 25 61
214 15 37
218 47 118
219 25 63
220 47 119
222 47 120
225 47 122
226 5 13
229 47 124
231 47 125
233 25 67
235 47 127
236 25 68
240 25 69
242 47 131
243 5 14
246 47 133
247 25 71
248 47 134
249 15 43
253 47 137
254 25 73
255 15 44
257 47 139
259 47 140
260 1 3
264 25 76
266 47 144
270 47 146
271 25 78
272 47 147
277 47 150
278 5 16
281 47 152
283 47 153
284 15 49
285 47 154
288 47 156
292 25 84
294 47 159
295 5 17
298 47 161
299 25 86
301 15 52
305 47 165
306 25 88
307 47 166
309 47 167
312 47 169
313 5 18
316 47 171
318 47 172
320 25 92
322 47 174
323 25 93
327 25 94
329 47 178
330 5 19
333 47 180
334 25 96
335 47 181
336 15 58
340 47 184
341 25 98
342 15 59
344 47 186
346 47 187
347 1 4
351 25 101
353 47 191
357 47 193
358 25 103
359 47 194
364 47 197
365 5 21
368 47 199
370 47 200
371 15 64
372 47 201
375 47 203
379 25 109
381 47 206
382 5 22
385 47 208
386 25 111
388 15 67
392 47 212
393 25 113
394 47 213
396 47 214
399 47 216
400 5 23
403 47 218
405 47 219
407 25 117
409 47 221
410 25 118
414 25 119
416 47 225
417 5 24
420 47 227
421 25 121
422 47 228
423 15 73
427 47 231
428 25 123
429 15 74
431 47 233
433 47 234
434 1 5
438 25 126
440 47 238
444 47 240
445 25 128
446 47 241
451 47 244
452 5 26
455 47 246
457 47 247
458 15 79
459 47 248
462 47 250
466 25 134
468 47 253
469 5 27
472 47 255
473 25 136
475 15 82
479 47 259
480 25 138
481 47 260
483 47 261
486 47 263
487 5 28
490 47 265
492 47 266
494 25 142
496 47 268
497 25 143
501 25 144
503 47 272
504 5 29
507 47 274
508 25 146
509 47 275
510 15 88
514 47 278
515 25 148
516 15 89
518 47 280
520 47 281
521 1 6
525 25 151
527 47 285
531 47 287
532 25 153
533 47 288
538 47 291
539 5 31
542 47 293
544 47 294
545 15 94
546 47 295
549 47 297
553 25 159
555 47 300
556 5 32
559 47 302
560 25 161
562 15 97
566 47 306
567 25 163
568 47 307
570 47 308
573 47 310
574 5 33
577 47 312
579 47 313
581 25 167
583 47 315
584 25 168
588 25 169
590 47 319
591 5 34
594 47 321
595 25 171
596 47 322
597 15 103
601 47 325
602 25 173
603 15 104
605 47 327
607 47 328
608 1 7
612 25 176
614 47 332
618 47 334
619 25 178
620 47 335
625 47 338
626 5 36
629 47 340
631 47 341
632 15 109
633 47 342
636 47 344
640 25 184
642 47 347
643 5 37
646 47 349
647 25 186
649 15 112
653 47 353
654 25 188
655 47 354
657 47 355
660 47 357
661 5 38
664 47 359
666 47 360
668 25 192
670 47 362
671 25 193
675 25 194
677 47 366
678 5 39
681 47 368
682 25 196
683 47 369
684 15 118
688 47 372
689 25 198
690 15 119
692 47 374
694 47 375
695 1 8
699 25 201
701 47 379
705 47 381
706 25 203
707 47 382
712 47 385
713 5 41
716 47 387
718 47 388
719 15 124
720 47 389
723 47 391
727 25 209
729 47 394
730 5 42
733 47 396
734 25 211
736 15 127
740 47 400
741 25 213
742 47 401
744 47 402
747 47 404
748 5 43
751 47 406
753 47 407
755 25 217
757 47 409
758 25 218
762 25 219
764 47 413
765 5 44
768 47 415
769 25 221
770 47 416
771 15 133
775 47 419
776 25 223
777 15 134
779 47 421
781 47 422
782 1 9
786 25 226
788 47 426
792 47 428
793 25 228
794 47 429
799 47 432
800 5 46
803 47 434
805 47 435
806 15 139
807 47 436
810 47 438
814 25 234
816 47 441
817 5 47
820 47 443
821 25 236
823 15 142
827 47 447
828 25 238
829 47 448
831 47 449
834 47 451
835 5 48
838 47 453
840 47 454
842 25 242
844 47 456
845 25 243
849 25 244
851 47 460
852 5 49
855 47 462
856 25 246
857 47 463
858 15 148
862 47 466
863 25 248
864 15 149
866 47 468
868 47 469
869 1 10
873 25 251
875 47 473
879 47 475
880 25 253
881 47 476
886 47 479
887 5 51
890 47 481
892 47 482
893 15 154
894 47 483
897 47 485
901 25 259
903 47 488
904 5 52
907 47 490
908 25 261
910 15 157
914 47 494
915 25 263
916 47 495
918 47 496
921 47 498
922 5 53
925 47 500
927 47 501
929 25 267
931 47 503
932 25 268
936 25 269
938 47 507
939 5 54
942 47 509
943 25 271
944 47 510
945 15 163
949 47 513
950 25 273
951 15 164
953 47 515
955 47 516
956 1 11
960 25 276
962 47 520
966 47 522
967 25 278
968 47 523
973 47 526
974 5 56
977 47 528
979 47 529
980 15 169
981 47 530
984 47 532
988 25 284
990 47 535
991 5 57
994 47 537
995 25 286
997 15 172
1001 47 541
1002 25 288
1003 47 542
1005 47 543
1008 47 545
1009 5 58
1012 47 547
1014 47 548
1016 25 292
1018 47 550
1019 25 293
1023 25 294
1025 47 554
1026 5 59
1029 47 556
1030 25 296
1031 47 557
1032 15 178
1036 47 560
1037 25 298
1038 15 179
1040 47 562
1042 47 563
1043 1 12
1047 25 301
1049 47 567
1053 47 569
1054 25 303
1055 47 570
1060 47 573
1061 5 61
1064 47 575
1066 47 576
1067 15 184
1068 47 577
1071 47 579
1075 25 309
1077 47 582
1078 5 62
1081 47 584
1082 25 311
1084 15 187
1088 47 588
1089 25 313
1090 47 589
1092 47 590
1095 47 592
1096 5 63
1099 47 594
1101 47 595
1103 25 317
1105 47 597
1106 25 318
1110 25 319
1112 47 601
1113 5 64
1116 47 603
1117 25 321
1118 47 604
1119 15 193
1123 47 607
1124 25 323
1125 15 194
1127 47 609
1129 47 610
1130 1 13
1134 25 326
1136 47 614
1140 47 616
1141 25 328
1142 47 617
1147 47 620
1148 5 66
1151 47 622
1153 47 623
1154 15 199
1155 47 624
1158 47 626
1162 25 334
1164 47 629
1165 5 67
1168 47 631
1169 25 336
1171 15 202
1175 47 635
1176 25 338
1177 47 636
1179 47 637
1182 47 639
1183 5 68
1186 47 641
1188 47 642
1190 25 342
1192 47 644
1193 25 343
1197 25 344
1199 47 648
1200 5 69
1203 47 650
1204 25 346
1205 47 651
1206 15 208
1210 47 654
1211 25 348
1212 15 209
1214 47 656
1216 47 657
1217 1 14
1221 25 351
1223 47 661
1227 47 663
1228 25 353
1229 47 664
1234 47 667
1235 5 71
1238 47 669
1240 47 670
1241 15 214
1242 47 671
1245 47 673
1249 25 359
1251 47 676
1252 5 72
1255 47 678
1256 25 361
1258 15 217
1262 47 682
1263 25 363
1264 47 683
1266 47 684
1269 47 686
1270 5 73
1273 47 688
1275 47 689
1277 25 367
1279 47 691
1280 25 368
1284 25 369
1286 47 695
1287 5 74
1290 47 697
1291 25 371
1292 47 698
1293 15 223
1297 47 701
1298 25 373
1299 15 224
1301 47 703
1303 47 704
1304 1 15
1308 25 376
1310 47 708
1314 47 710
1315 25 378
1316 47 711
1321 47 714
1322 5 76
1325 47 716
1327 47 717
1328 15 229
1329 47 718
1332 47 720
1336 25 384
1338 47 723
1339 5 77
1342 47 725
1343 25 386
1345 15 232
1349 47 729
1350 25 388
1351 47 730
1353 47 731
1356 47 733
1357 5 78
1360 47 735
1362 47 736
1364 25 392
1366 47 738
1367 25 393
1371 25 394
1373 47 742
1374 5 79
1377 47 744
1378 25 396
1379 47 745
1380 15 238
1384 47 748
1385 25 398
1386 15 239
1388 47 750
1390 47 751
1391 1 16
1395 25 401
1397 47 755
1401 47 757
1402 25 403
1403 47 758
1408 47 761
1409 5 81
1412 47 763
1414 47 764
1415 15 244
1416 47 765
1419 47 767
1423 25 409
1425 47 770
1426 5 82
1429 47 772
1430 25 411
1432 15 247
1436 47 776
1437 25 413
1438 47 777
1440 47 778
1443 47 780
1444 5 83
1447 47 782
1449 47 783
1451 25 417
1453 47 785
1454 25 418
1458 25 419
1460 47 789
1461 5 84
1464 47 791
1465 25 421
1466 47 792
1467 15 253
1471 47 795
1472 25 423
1473 15 254
1475 47 797
1477 47 798
1478 1 17
1482 25 426
1484 47 802
1488 47 804
1489 25 428
1490 47 805
1495 47 808
1496 5 86
1499 47 810
1501 47 811
1502 15 259
1503 47 812
1506 47 814
1510 25 434
1512 47 817
1513 5 87
1516 47 819
1517 25 436
1519 15 262
1523 47 823
1524 25 438
1525 47 824
1527 47 825
1530 47 827
1531 5 88
1534 47 829
1536 47 830
1538 25 442
1540 47 832
1541 25 443
1545 25 444
1547 47 836
1548 5 89
1551 47 838
1552 25 446
1553 47 839
1554 15 268
1558 47 842
1559 25 448
1560 15 269
1562 47 844
1564 47 845
1565 1 18
1569 25 451
1571 47 849
1575 47 851
1576 25 453
1577 47 852
1582 47 855
1583 5 91
1586 47 857
1588 47 858
1589 15 274
1590 47 859
1593 47 861
1597 25 459
1599 47 864
1600 5 92
1603 47 866
1604 25 461
1606 15 277
1610 47 870
1611 25 463
1612 47 871
1614 47 872
1617 47 874
1618 5 93
1621 47 876
1623 47 877
1625 25 467
1627 47 879
1628 25 468
1632 25 469
1634 47 883
1635 5 94
1638 47 885
1639 25 471
1640 47 886
1641 15 283
1645 47 889
1646 25 473
1647 15 284
1649 47 891
1651 47 892
1652 1 19
1656 25 476
1658 47 896
1662 47 898
1663 25 478
1664 47 899
1669 47 902
1670 5 96
1673 47 904
1675 47 905
1676 15 289
1677 47 906
1680 47 908
1684 25 484
1686 47 911
1687 5 97
1690 47 913
1691 25 486
1693 15 292
1697 47 917
1698 25 488
1699 47 918
1701 47 919
1704 47 921
1705 5 98
1708 47 923
1710 47 924
1712 25 492
1714 47 926
1715 25 493
1719 25 494
1721 47 930
1722 5 99
1725 47 932
1726 25 496
1727 47 933
1728 15 298
1732 47 936
1733 25 498
1734 15 299
1736 47 938
1738 47 939
1739 1 20
1743 25 501
1745 47 943
1749 47 945
1750 25 503
1751 47 946
1756 47 949
1757 5 101
1760 47 951
1762 47 952
1763 15 304
1764 47 953
1767 47 955
1771 25 509
1773 47 958
1774 5 102
1777 47 960
1778 25 511
1780 15 307
1784 47 964
1785 25 513
1786 47 965
1788 47 966
1791 47 968
1792 5 103
1795 47 970
1797 47 971
1799 25 517
1801 47 973
1802 25 518
1806 25 519
1808 47 977
1809 5 104
1812 47 979
1813 25 521
1814 47 980
1815 15 313
1819 47 983
1820 25 523
1821 15 314
1823 47 985
1825 47 986
1826 1 21
1830 25 526
1832 47 990
1836 47 992
1837 25 528
1838 47 993
1843 47 996
1844 5 106
1847 47 998
1849 47 999
1850 15 319
1851 47 1000
1854 47 1002
1858 25 534
1860 47 1005
1861 5 107
1864 47 1007
1865 25 536
1867 15 322
1871 47 1011
1872 25 538
1873 47 1012
1875 47 1013
1878 47 1015
1879 5 108
1882 47 1017
1884 47 1018
1886 25 542
1888 47 1020
1889 25 543
1893 25 544
1895 47 1024
1896 5 109
1899 47 1026
1900 25 546
1901 47 1027
1902 15 328
1906 47 1030
1907 25 548
1908 15 329
1910 47 1032
1912 47 1033
1913 1 22
1917 25 551
1919 47 1037
1923 47 1039
1924 25 553
1925 47 1040
1930 47 1043
1931 5 111
1934 47 1045
1936 47 1046
1937 15 334
1938 47 1047
1941 47 1049
1945 25 559
1947 47 1052
1948 5 112
1951 47 1054
1952 25 561
1954 15 337
1958 47 1058
1959 25 563
1960 47 1059
1962 47 1060
1965 47 1062
1966 5 113
1969 47 1064
1971 47 1065
1973 25 567
1975 47 1067
1976 25 568
1980 25 569
1982 47 1071
1983 5 114
1986 47 1073
1987 25 571
1988 47 1074
1989 15 343
1993 47 1077
1994 25 573
1995 15 344
1997 47 1079
1999 47 1080
2000 1 23
2004 25 576
2006 47 1084
2010 47 1086
2011 25 578
2012 47 1087
2017 47 1090
2018 5 116
2021 47 1092
2023 47 1093
2024 15 349
2025 47 1094
2028 47 1096
2032 25 584
2034 47 1099
2035 5 117
2038 47 1101
2039 25 586
2041 15 352
2045 47 1105
2046 25 588
2047 47 1106
2049 47 1107
2052 47 1109
2053 5 118
2056 47 1111
2058 47 1112
2060 25 592
2062 47 1114
2063 25 593
2067 25 594
2069 47 1118
2070 5 119
2073 47 1120
2074 25 596
2075 47 1121
2076 15 358
2080 47 1124
2081 25 598
2082 15 359
2084 47 1126
2086 47 1127
2087 1 24
2091 25 601
2093 47 1131
2097 47 1133
2098 25 603
2099 47 1134
2104 47 1137
2105 5 121
2108 47 1139
2110 47 1140
2111 15 364
2112 47 1141
2115 47 1143
2119 25 609
2121 47 1146
2122 5 122
2125 47 1148
2126 25 611
2128 15 367
2132 47 1152
2133 25 613
2134 47 1153
2136 47 1154
2139 47 1156
2140 5 123
2143 47 1158
2145 47 1159
2147 25 617
2149 47 1161
2150 25 618
2154 25 619
2156 47 1165
2157 5 124
2160 47 1167
2161 25 621
2162 47 1168
2163 15 373
2167 47 1171
2168 25 623
2169 15 374
2171 47 1173
2173 47 1174
2174 1 25
2178 25 626
2180 47 1178
2184 47 1180
2185 25 628
2186 47 1181
2191 47 1184
2192 5 126
2195 47 1186
2197 47 1187
2198 15 379
2199 47 1188
2202 47 1190
2206 25 634
2208 47 1193
2209 5 127
2212 47 1195
2213 25 636
2215 15 382
2219 47 1199
2220 25 638
2221 47 1200
2223 47 1201
2226 47 1203
2227 5 128
2230 47 1205
2232 47 1206
2234 25 642
2236 47 1208
2237 25 643
2241 25 644
2243 47 1212
2244 5 129
2247 47 1214
2248 25 646
2249 47 1215
2250 15 388
2254 47 1218
2255 25 648
2256 15 389
2258 47 1220
2260 47 1221
2261 1 26
2265 25 651
2267 47 1225
2271 47 1227
2272 25 653
2273 47 1228
2278 47 1231
2279 5 131
2282 47 1233
2284 47 1234
2285 15 394
2286 47 1235
2289 47 1237
2293 25 659
2295 47 1240
2296 5 132
2299 47 1242
2300 25 661
2302 15 397
2306 47 1246
2307 25 663
2308 47 1247
2310 47 1248
2313 47 1250
2314 5 133
2317 47 1252
2319 47 1253
2321 25 667
2323 47 1255
2324 25 668
2328 25 669
2330 47 1259
2331 5 134
2334 47 1261
2335 25 671
2336 47 1262
2337 15 403
2341 47 1265
2342 25 673
2343 15 404
2345 47 1267
2347 47 1268
2348 1 27
2352 25 676
2354 47 1272
2358 47 1274
2359 25 678
2360 47 1275
2365 47 1278
2366 5 136
2369 47 1280
2371 47 1281
2372 15 409
2373 47 1282
2376 47 1284
2380 25 684
2382 47 1287
2383 5 137
2386 47 1289
2387 25 686
2389 15 412
2393 47 1293
2394 25 688
2395 47 1294
2397 47 1295
2400 47 1297
2401 5 138
2404 47 1299
2406 47 1300
2408 25 692
2410 47 1302
2411 25 693
2415 25 694
2417 47 1306
2418 5 139
2421 47 1308
2422 25 696
2423 47 1309
2424 15 418
2428 47 1312
2429 25 698
2430 15 419
2432 47 1314
2434 47 1315
2435 1 28
2439 25 701
2441 47 1319
2445 47 1321
2446 25 703
2447 47 1322
2452 47 1325
2453 5 141
2456 47 1327
2458 47 1328
2459 15 424
2460 47 1329
2463 47 1331
2467 25 709
2469 47 1334
2470 5 142
2473 47 1336
2474 25 711
2476 15 427
2480 47 1340
2481 25 713
2482 47 1341
2484 47 1342
2487 47 1344
2488 5 143
2491 47 1346
2493 47 1347
2495 25 717
2497 47 1349
2498 25 718
2502 25 719
2504 47 1353
2505 5 144
2508 47 1355
2509 25 721
2510 47 1356
2511 15 433
2515 47 1359
2516 25 723
2517 15 434
2519 47 1361
2521 47 1362
2522 1 29
2526 25 726
2528 47 1366
2532 47 1368
2533 25 728
2534 47 1369
2539 47 1372
2540 5 146
2543 47 1374
2545 47 1375
2546 15 439
2547 47 1376
2550 47 1378
2554 25 734
2556 47 1381
2557 5 147
2560 47 1383
2561 25 736
2563 15 442
2567 47 1387
2568 25 738
2569 47 1388
2571 47 1389
2574 47 1391
2575 5 148
2578 47 1393
2580 47 1394
2582 25 742
2584 47 1396
2585 25 743
2589 25 744
2591 47 1400
2592 5 149
2595 47 1402
2596 25 746
2597 47 1403
2598 15 448
2602 47 1406
2603 25 748
2604 15 449
2606 47 1408
2608 47 1409
2609 1 30
2613 25 751
2615 47 1413
2619 47 1415
2620 25 753
2621 47 1416
2626 47 1419
2627 5 151
2630 47 1421
2632 47 1422
2633 15 454
2634 47 1423
2637 47 1425
2641 25 759
2643 47 1428
2644 5 152
2647 47 1430
2648 25 761
2650 15 457
2654 47 1434
2655 25 763
2656 47 1435
2658 47 1436
2661 47 1438
2662 5 153
2665 47 1440
2667 47 1441
2669 25 767
2671 47 1443
2672 25 768
2676 25 769
2678 47 1447
2679 5 154
2682 47 1449
2683 25 771
2684 47 1450
2685 15 463
2689 47 1453
2690 25 773
2691 15 464
2693 47 1455
2695 47 1456
2696 1 31
2700 25 776
2702 47 1460
2706 47 1462
2707 25 778
2708 47 1463
2713 47 1466
2714 5 156
2717 47 1468
2719 47 1469
2720 15 469
2721 47 1470
2724 47 1472
2728 25 784
2730 47 1475
2731 5 157
2734 47 1477
2735 25 786
2737 15 472
2741 47 1481
2742 25 788
2743 47 1482
2745 47 1483
2748 47 1485
2749 5 158
2752 47 1487
2754 47 1488
2756 25 792
2758 47 1490
2759 25 793
2763 25 794
2765 47 1494
2766 5 159
2769 47 1496
2770 25 796
2771 47 1497
2772 15 478
2776 47 1500
2777 25 798
2778 15 479
2780 47 1502
2782 47 1503
2783 1 32
2787 25 801
2789 47 1507
2793 47 1509
2794 25 803
2795 47 1510
2800 47 1513
2801 5 161
2804 47 1515
2806 47 1516
2807 15 484
2808 47 1517
2811 47 1519
2815 25 809
2817 47 1522
2818 5 162
2821 47 1524
2822 25 811
2824 15 487
2828 47 1528
2829 25 813
2830 47 1529
2832 47 1530
2835 47 1532
2836 5 163
2839 47 1534
2841 47 1535
2843 25 817
2845 47 1537
2846 25 818
2850 25 819
2852 47 1541
2853 5 164
2856 47 1543
2857 25 821
2858 47 1544
2859 15 493
2863 47 1547
2864 25 823
2865 15 494
2867 47 1549
2869 47 1550
2870 1 33
2874 25 826
2876 47 1554
2880 47 1556
2881 25 828
2882 47 1557
2887 47 1560
2888 5 166
2891 47 1562
2893 47 1563
2894 15 499
2895 47 1564
2898 47 1566
2902 25 834
2904 47 1569
2905 5 167
2908 47 1571
2909 25 836
2911 15 502
2915 47 1575
2916 25 838
2917 47 1576
2919 47 1577
2922 47 1579
2923 5 168
2926 47 1581
2928 47 1582
2930 25 842
2932 47 1584
2933 25 843
2937 25 844
2939 47 1588
2940 5 169
2943 47 1590
2944 25 846
2945 47 1591
2946 15 508
2950 47 1594
2951 25 848
2952 15 509
2954 47 1596
2956 47 1597
2957 1 34
2961 25 851
2963 47 1601
2967 47 1603
2968 25 853
2969 47 1604
2974 47 1607
2975 5 171
2978 47 1609
2980 47 1610
2981 15 514
2982 47 1611
2985 47 1613
2989 25 859
2991 47 1616
2992 5 172
2995 47 1618
2996 25 861
2998 15 517
3002 47 1622
3003 25 863
3004 47 1623
3006 47 1624
3009 47 1626
3010 5 173
3013 47 1628
3015 47 1629
3017 25 867
3019 47 1631
3020 25 868
3024 25 869
3026 47 1635
3027 5 174
3030 47 1637
3031 25 871
3032 47 1638
3033 15 523
3037 47 1641
3038 25 873
3039 15 524
3041 47 1643
3043 47 1644
3044 1 35
3048 25 876
3050 47 1648
3054 47 1650
3055 25 878
3056 47 1651
3061 47 1654
3062 5 176
3065 47 1656
3067 47 1657
3068 15 529
3069 47 1658
3072 47 1660
3076 25 884
3078 47 1663
3079 5 177
3082 47 1665
3083 25 886
3085 15 532
3089 47 1669
3090 25 888
3091 47 1670
3093 47 1671
3096 47 1673
3097 5 178
3100 47 1675
3102 47 1676
3104 25 892
3106 47 1678
3107 25 893
3111 25 894
3113 47 1682
3114 5 179
3117 47 1684
3118 25 896
3119 47 1685
3120 15 538
3124 47 1688
3125 25 898
3126 15 539
3128 47 1690
3130 47 1691
3131 1 36
3135 25 901
3137 47 1695
3141 47 1697
3142 25 903
3143 47 1698
3148 47 1701
3149 5 181
3152 47 1703
3154 47 1704
3155 15 544
3156 47 1705
3159 47 1707
3163 25 909
3165 47 1710
3166 5 182
3169 47 1712
3170 25 911
3172 15 547
3176 47 1716
3177 25 913
3178 47 1717
3180 47 1718
3183 47 1720
3184 5 183
3187 47 1722
3189 47 1723
3191 25 917
3193 47 1725
3194 25 918
3198 25 919
3200 47 1729
3201 5 184
3204 47 1731
3205 25 921
3206 47 1732
3207 15 553
3211 47 1735
3212 25 923
3213 15 554
3215 47 1737
3217 47 1738
3218 1 37
3222 25 926
3224 47 1742
3228 47 1744
3229 25 928
3230 47 1745
3235 47 1748
3236 5 186
3239 47 1750
3241 47 1751
3242 15 559
3243 47 1752
3246 47 1754
3250 25 934
3252 47 1757
3253 5 187
3256 47 1759
3257 25 936
3259 15 562
3263 47 1763
3264 25 938
3265 47 1764
3267 47 1765
3270 47 1767
3271 5 188
3274 47 1769
3276 47 1770
3278 25 942
3280 47 1772
3281 25 943
3285 25 944
3287 47 1776
3288 5 189
3291 47 1778
3292 25 946
3293 47 1779
3294 15 568
3298 47 1782
3299 25 948
3300 15 569
3302 47 1784
3304 47 1785
3305 1 38
3309 25 951
3311 47 1789
3315 47 1791
3316 25 953
3317 47 1792
3322 47 1795
3323 5 191
3326 47 1797
3328 47 1798
3329 15 574
3330 47 1799
3333 47 1801
3337 25 959
3339 47 1804
3340 5 192
3343 47 1806
3344 25 961
3346 15 577
3350 47 1810
3351 25 963
3352 47 1811
3354 47 1812
3357 47 1814
3358 5 193
3361 47 1816
3363 47 1817
3365 25 967
3367 47 1819
3368 25 968
3372 25 969
3374 47 1823
3375 5 194
3378 47 1825
3379 25 971
3380 47 1826
3381 15 583
3385 47 1829
3386 25 973
3387 15 584
3389 47 1831
3391 47 1832
3392 1 39
3396 25 976
3398 47 1836
3402 47 1838
3403 25 978
3404 47 1839
3409 47 1842
3410 5 196
3413 47 1844
3415 47 1845
3416 15 589
3417 47 1846
3420 47 1848
3424 25 984
3426 47 1851
3427 5 197
3430 47 1853
3431 25 986
3433 15 592
3437 47 1857
3438 25 988
3439 47 1858
3441 47 1859
3444 47 1861
3445 5 198
3448 47 1863
3450 47 1864
3452 25 992
3454 47 1866
3455 25 993
3459 25 994
3461 47 1870
3462 5 199
3465 47 1872
3466 25 996
3467 47 1873
3468 15 598
3472 47 1876
3473 25 998
3474 15 599
3476 47 1878
3478 47 1879
3479 1 40
3483 25 1001
3485 47 1883
3489 47 1885
3490 25 1003
3491 47 1886
3496 47 1889
3497 5 201
3500 47 1891
3502 47 1892
3503 15 604
3504 47 1893
3507 47 1895
3511 25 1009
3513 47 1898
3514 5 202
3517 47 1900
3518 25 1011
3520 15 607
3524 47 1904
3525 25 1013
3526 47 1905
3528 47 1906
3531 47 1908
3532 5 203
3535 47 1910
3537 47 1911
3539 25 1017
3541 47 1913
3542 25 1018
3546 25 1019
3548 47 1917
3549 5 204
3552 47 1919
3553 25 1021
3554 47 1920
3555 15 613
3559 47 1923
3560 25 1023
3561 15 614
3563 47 1925
3565 47 1926
3566 1 41
3570 25 1026
3572 47 1930
3576 47 1932
3577 25 1028
3578 47 1933
3583 47 1936
3584 5 206
3587 47 1938
3589 47 1939
3590 15 619
3591 47 1940
3594 47 1942
3598 25 1034
3600 47 1945
3601 5 207
3604 47 1947
3605 25 1036
3607 15 622
3611 47 1951
3612 25 1038
3613 47 1952
3615 47 1953
3618 47 1955
3619 5 208
3622 47 1957
3624 47 1958
3626 25 1042
3628 47 1960
3629 25 1043
3633 25 1044
3635 47 1964
3636 5 209
3639 47 1966
3640 25 1046
3641 47 1967
3642 15 628
3646 47 1970
3647 25 1048
3648 15 629
3650 47 1972
3652 47 1973
3653 1 42
3657 25 1051
3659 47 1977
3663 47 1979
3664 25 1053
3665 47 1980
3670 47 1983
3671 5 211
3674 47 1985
3676 47 1986
3677 15 634
3678 47 1987
3681 47 1989
3685 25 1059
3687 47 1992
3688 5 212
3691 47 1994
3692 25 1061
3694 15 637
3698 47 1998
3699 25 1063
3700 47 1999
3702 47 2000
3705 47 2002
3706 5 213
3709 47 2004
3711 47 2005
3713 25 1067
3715 47 2007
3716 25 1068
3720 25 1069
3722 47 2011
3723 5 214
3726 47 2013
3727 25 1071
3728 47 2014
3729 15 643
3733 47 2017
3734 25 1073
3735 15 644
3737 47 2019
3739 47 2020
3740 1 43
3744 25 1076
3746 47 2024
3750 47 2026
3751 25 1078
3752 47 2027
3757 47 2030
3758 5 216
3761 47 2032
3763 47 2033
3764 15 649
3765 47 2034
3768 47 2036
3772 25 1084
3774 47 2039
3775 5 217
3778 47 2041
3779 25 1086
3781 15 652
3785 47 2045
3786 25 1088
3787 47 2046
3789 47 2047
3792 47 2049
3793 5 218
3796 47 2051
3798 47 2052
3800 25 1092
3802 47 2054
3803 25 1093
3807 25 1094
3809 47 2058
3810 5 219
3813 47 2060
3814 25 1096
3815 47 2061
3816 15 658
3820 47 2064
3821 25 1098
3822 15 659
3824 47 2066
3826 47 2067
3827 1 44
3831 25 1101
3833 47 2071
3837 47 2073
3838 25 1103
3839 47 2074
3844 47 2077
3845 5 221
3848 47 2079
3850 47 2080
3851 15 664
3852 47 2081
3855 47 2083
3859 25 1109
3861 47 2086
3862 5 222
3865 47 2088
3866 25 1111
3868 15 667
3872 47 2092
3873 25 1113
3874 47 2093
3876 47 2094
3879 47 2096
3880 5 223
3883 47 2098
3885 47 2099
3887 25 1117
3889 47 2101
3890 25 1118
3894 25 1119
3896 47 2105
3897 5 224
3900 47 2107
3901 25 1121
3902 47 2108
3903 15 673
3907 47 2111
3908 25 1123
3909 15 674
3911 47 2113
3913 47 2114
3914 1 45
3918 25 1126
3920 47 2118
3924 47 2120
3925 25 1128
3926 47 2121
3931 47 2124
3932 5 226
3935 47 2126
3937 47 2127
3938 15 679
3939 47 2128
3942 47 2130
3946 25 1134
3948 47 2133
3949 5 227
3952 47 2135
3953 25 1136
3955 15 682
3959 47 2139
3960 25 1138
3961 47 2140
3963 47 2141
3966 47 2143
3967 5 228
3970 47 2145
3972 47 2146
3974 25 1142
3976 47 2148
3977 25 1143
3981 25 1144
3983 47 2152
3984 5 229
3987 47 2154
3988 25 1146
3989 47 2155
3990 15 688
3994 47 2158
3995 25 1148
3996 15 689
3998 47 2160
4000 47 2161
4001 1 46
4005 25 1151
4007 47 2165
4011 47 2167
4012 25 1153
4013 47 2168
4018 47 2171
4019 5 231
4022 47 2173
4024 47 2174
4025 15 694
4026 47 2175
4029 47 2177
4033 25 1159
4035 47 2180
4036 5 232
4039 47 2182
4040 25 1161
4042 15 697
4046 47 2186
4047 25 1163
4048 47 2187
4050 47 2188
4053 47 2190
4054 5 233
4057 47 2192
4059 47 2193
4061 25 1167
4063 47 2195
4064 25 1168
4068 25 1169
4070 47 2199
4071 5 234
4074 47 2201
4075 25 1171
4076 47 2202
4077 15 703
4081 47 2205
4082 25 1173
4083 15 704
4085 47 2207
4087 47 2208
4088 1 47
4092 25 1176
4094 47 2212
4098 47 2214
4099 25 1178
4100 47 2215
4105 47 2218
4106 5 236
4109 47 2220
4111 47 2221
4112 15 709
4113 47 2222
4116 47 2224
4120 25 1184
4122 47 2227
4123 5 237
4126 47 2229
4127 25 1186
4129 15 712
4133 47 2233
4134 25 1188
4135 47 2234
4137 47 2235
4140 47 2237
4141 5 238
4144 47 2239
4146 47 2240
4148 25 1192
4150 47 2242
4151 25 1193
4155 25 1194
4157 47 2246
4158 5 239
4161 47 2248
4162 25 1196
4163 47 2249
4164 15 718
4168 47 2252
4169 25 1198
4170 15 719
4172 47 2254
4174 47 2255
4175 1 48
4179 25 1201
4181 47 2259
4185 47 2261
4186 25 1203
4187 47 2262
4192 47 2265
4193 5 241
4196 47 2267
4198 47 2268
4199 15 724
4200 47 2269
4203 47 2271
4207 25 1209
4209 47 2274
4210 5 242
4213 47 2276
4214 25 1211
4216 15 727
4220 47 2280
4221 25 1213
4222 47 2281
4224 47 2282
4227 47 2284
4228 5 243
4231 47 2286
4233 47 2287
4235 25 1217
4237 47 2289
4238 25 1218
4242 25 1219
4244 47 2293
4245 5 244
4248 47 2295
4249 25 1221
4250 47 2296
4251 15 733
4255 47 2299
4256 25 1223
4257 15 734
4259 47 2301
4261 47 2302
4262 1 49
4266 25 1226
4268 47 2306
4272 47 2308
4273 25 1228
4274 47 2309
4279 47 2312
4280 5 246
4283 47 2314
4285 47 2315
4286 15 739
4287 47 2316
4290 47 2318
4294 25 1234
4296 47 2321
4297 5 247
4300 47 2323
4301 25 1236
4303 15 742
4307 47 2327
4308 25 1238
4309 47 2328
4311 47 2329
4314 47 2331
4315 5 248
4318 47 2333
4320 47 2334
4322 25 1242
4324 47 2336
4325 25 1243
4329 25 1244
4331 47 2340
4332 5 249
4335 47 2342
4336 25 1246
4337 47 2343
4338 15 748
4342 47 2346
4343 25 1248
4344 15 749
4346 47 2348
4348 47 2349
4349 1 50
4353 25 1251
4355 47 2353
4359 47 2355
4360 25 1253
4361 47 2356
4366 47 2359
4367 5 251
4370 47 2361
4372 47 2362
4373 15 754
4374 47 2363
4377 47 2365
4381 25 1259
4383 47 2368
4384 5 252
4387 47 2370
4388 25 1261
4390 15 757
4394 47 2374
4395 25 1263
4396 47 2375
4398 47 2376
4401 47 2378
4402 5 253
4405 47 2380
4407 47 2381
4409 25 1267
4411 47 2383
4412 25 1268
4416 25 1269
4418 47 2387
4419 5 254
4422 47 2389
4423 25 1271
4424 47 2390
4425 15 763
4429 47 2393
4430 25 1273
4431 15 764
4433 47 2395
4435 47 2396
4436 1 51
4440 25 1276
4442 47 2400
4446 47 2402
4447 25 1278
4448 47 2403
4453 47 2406
4454 5 256
4457 47 2408
4459 47 2409
4460 15 769
4461 47 2410
4464 47 2412
4468 25 1284
4470 47 2415
4471 5 257
4474 47 2417
4475 25 1286
4477 15 772
4481 47 2421
4482 25 1288
4483 47 2422
4485 47 2423
4488 47 2425
4489 5 258
4492 47 2427
4494 47 2428
4496 25 1292
4498 47 2430
4499 25 1293
4503 25 1294
4505 47 2434
4506 5 259
4509 47 2436
4510 25 1296
4511 47 2437
4512 15 778
4516 47 2440
4517 25 1298
4518 15 779
4520 47 2442
4522 47 2443
4523 1 52
4527 25 1301
4529 47 2447
4533 47 2449
4534 25 1303
4535 47 2450
4540 47 2453
4541 5 261
4544 47 2455
4546 47 2456
4547 15 784
4548 47 2457
4551 47 2459
4555 25 1309
4557 47 2462
4558 5 262
4561 47 2464
4562 25 1311
4564 15 787
4568 47 2468
4569 25 1313
4570 47 2469
4572 47 2470
4575 47 2472
4576 5 263
4579 47 2474
4581 47 2475
4583 25 1317
4585 47 2477
4586 25 1318
4590 25 1319
4592 47 2481
4593 5 264
4596 47 2483
4597 25 1321
4598 47 2484
4599 15 793
4603 47 2487
4604 25 1323
4605 15 794
4607 47 2489
4609 47 2490
4610 1 53
4614 25 1326
4616 47 2494
4620 47 2496
4621 25 1328
4622 47 2497
4627 47 2500
4628 5 266
4631 47 2502
4633 47 2503
4634 15 799
4635 47 2504
4638 47 2506
4642 25 1334
4644 47 2509
4645 5 267
4648 47 2511
4649 25 1336
4651 15 802
4655 47 2515
4656 25 1338
4657 47 2516
4659 47 2517
4662 47 2519
4663 5 268
4666 47 2521
4668 47 2522
4670 25 1342
4672 47 2524
4673 25 1343
4677 25 1344
4679 47 2528
4680 5 269
4683 47 2530
4684 25 1346
4685 47 2531
4686 15 808
4690 47 2534
4691 25 1348
4692 15 809
4694 47 2536
4696 47 2537
4697 1 54
4701 25 1351
4703 47 2541
4707 47 2543
4708 25 1353
4709 47 2544
4714 47 2547
4715 5 271
4718 47 2549
4720 47 2550
4721 15 814
4722 47 2551
4725 47 2553
4729 25 1359
4731 47 2556
4732 5 272
4735 47 2558
4736 25 1361
4738 15 817
4742 47 2562
4743 25 1363
4744 47 2563
4746 47 2564
4749 47 2566
4750 5 273
4753 47 2568
4755 47 2569
4757 25 1367
4759 47 2571
4760 25 1368
4764 25 1369
4766 47 2575
4767 5 274
4770 47 2577
4771 25 1371
4772 47 2578
4773 15 823
4777 47 2581
4778 25 1373
4779 15 824
4781 47 2583
4783 47 2584
4784 1 55
4788 25 1376
4790 47 2588
4794 47 2590
4795 25 1378
4796 47 2591
4801 47 2594
4802 5 276
4805 47 2596
4807 47 2597
4808 15 829
4809 47 2598
4812 47 2600
4816 25 1384
4818 47 2603
4819 5 277
4822 47 2605
4823 25 1386
4825 15 832
4829 47 2609
4830 25 1388
4831 47 2610
4833 47 2611
4836 47 2613
4837 5 278
4840 47 2615
4842 47 2616
4844 25 1392
4846 47 2618
4847 25 1393
4851 25 1394
4853 47 2622
4854 5 279
4857 47 2624
4858 25 1396
4859 47 2625
4860 15 838
4864 47 2628
4865 25 1398
4866 15 839
4868 47 2630
4870 47 2631
4871 1 56
4875 25 1401
4877 47 2635
4881 47 2637
4882 25 1403
4883 47 2638
4888 47 2641
4889 5 281
4892 47 2643
4894 47 2644
4895 15 844
4896 47 2645
4899 47 2647
4903 25 1409
4905 47 2650
4906 5 282
4909 47 2652
4910 25 1411
4912 15 847
4916 47 2656
4917 25 1413
4918 47 2657
4920 47 2658
4923 47 2660
4924 5 283
4927 47 2662
4929 47 2663
4931 25 1417
4933 47 2665
4934 25 1418
4938 25 1419
4940 47 2669
4941 5 284
4944 47 2671
4945 25 1421
4946 47 2672
4947 15 853
4951 47 2675
4952 25 1423
4953 15 854
4955 47 2677
4957 47 2678
4958 1 57
4962 25 1426
4964 47 2682
4968 47 2684
4969 25 1428
4970 47 2685
4975 47 2688
4976 5 286
4979 47 2690
4981 47 2691
4982 15 859
4983 47 2692
4986 47 2694
4990 25 1434
4992 47 2697
4993 5 287
4996 47 2699
4997 25 1436
4999 15 862
5003 47 2703
5004 25 1438
5005 47 2704
5007 47 2705
5010 47 2707
5011 5 288
5014 47 2709
5016 47 2710
5018 25 1442
5020 47 2712
5021 25 1443
5025 25 1444
5027 47 2716
5028 5 289
5031 47 2718
5032 25 1446
5033 47 2719
5034 15 868
5038 47 2722
5039 25 1448
5040 15 869
5042 47 2724
5044 47 2725
5045 1 58
5049 25 1451
5051 47 2729
5055 47 2731
5056 25 1453
5057 47 2732
5062 47 2735
5063 5 291
5066 47 2737
5068 47 2738
5069 15 874
5070 47 2739
5073 47 2741
5077 25 1459
5079 47 2744
5080 5 292
5083 47 2746
5084 25 1461
5086 15 877
5090 47 2750
5091 25 1463
5092 47 2751
5094 47 2752
5097 47 2754
5098 5 293
5101 47 2756
5103 47 2757
5105 25 1467
5107 47 2759
5108 25 1468
5112 25 1469
5114 47 2763
5115 5 294
5118 47 2765
5119 25 1471
5120 47 2766
5121 15 883
5125 47 2769
5126 25 1473
5127 15 884
5129 47 2771
5131 47 2772
5132 1 59
5136 25 1476
5138 47 2776
5142 47 2778
5143 25 1478
5144 47 2779
5149 47 2782
5150 5 296
5153 47 2784
5155 47 2785
5156 15 889
5157 47 2786
5160 47 2788
5164 25 1484
5166 47 2791
5167 5 297
5170 47 2793
5171 25 1486
5173 15 892
5177 47 2797
5178 25 1488
5179 47 2798
5181 47 2799
5184 47 2801
5185 5 298
5188 47 2803
5190 47 2804
5192 25 1492
5194 47 2806
5195 25 1493
5199 25 1494
5201 47 2810
5202 5 299
5205 47 2812
5206 25 1496
5207 47 2813
5208 15 898
5212 47 2816
5213 25 1498
5214 15 899
5216 47 2818
5218 47 2819
5219 1 60
5223 25 1501
5225 47 2823
5229 47 2825
5230 25 1503
5231 47 2826
5236 47 2829
5237 5 301
5240 47 2831
5242 47 2832
5243 15 904
5244 47 2833
5247 47 2835
5251 25 1509
5253 47 2838
5254 5 302
5257 47 2840
5258 25 1511
5260 15 907
5264 47 2844
5265 25 1513
5266 47 2845
5268 47 2846
5271 47 2848
5272 5 303
5275 47 2850
5277 47 2851
5279 25 1517
5281 47 2853
5282 25 1518
5286 25 1519
5288 47 2857
5289 5 304
5292 47 2859
5293 25 1521
5294 47 2860
5295 15 913
5299 47 2863
5300 25 1523
5301 15 914
5303 47 2865
5305 47 2866
5306 1 61
5310 25 1526
5312 47 2870
5316 47 2872
5317 25 1528
5318 47 2873
5323 47 2876
5324 5 306
5327 47 2878
5329 47 2879
5330 15 919
5331 47 2880
5334 47 2882
5338 25 1534
5340 47 2885
5341 5 307
5344 47 2887
5345 25 1536
5347 15 922
5351 47 2891
5352 25 1538
5353 47 2892
5355 47 2893
5358 47 2895
5359 5 308
5362 47 2897
5364 47 2898
5366 25 1542
5368 47 2900
5369 25 1543
5373 25 1544
5375 47 2904
5376 5 309
5379 47 2906
5380 25 1546
5381 47 2907
5382 15 928
5386 47 2910
5387 25 1548
5388 15 929
5390 47 2912
5392 47 2913
5393 1 62
5397 25 1551
5399 47 2917
5403 47 2919
5404 25 1553
5405 47 2920
5410 47 2923
5411 5 311
5414 47 2925
5416 47 2926
5417 15 934
5418 47 2927
5421 47 2929
5425 25 1559
5427 47 2932
5428 5 312
5431 47 2934
5432 25 1561
5434 15 937
5438 47 2938
5439 25 1563
5440 47 2939
5442 47 2940
5445 47 2942
5446 5 313
5449 47 2944
5451 47 2945
5453 25 1567
5455 47 2947
5456 25 1568
5460 25 1569
5462 47 2951
5463 5 314
5466 47 2953
5467 25 1571
5468 47 2954
5469 15 943
5473 47 2957
5474 25 1573
5475 15 944
5477 47 2959
5479 47 2960
5480 1 63
5484 25 1576
5486 47 2964
5490 47 2966
5491 25 1578
5492 47 2967
5497 47 2970
5498 5 316
5501 47 2972
5503 47 2973
5504 15 949
5505 47 2974
5508 47 2976
5512 25 1584
5514 47 2979
5515 5 317
5518 47 2981
5519 25 1586
5521 15 952
5525 47 2985
5526 25 1588
5527 47 2986
5529 47 2987
5532 47 2989
5533 5 318
5536 47 2991
5538 47 2992
5540 25 1592
5542 47 2994
5543 25 1593
5547 25 1594
5549 47 2998
5550 5 319
5553 47 3000
5554 25 1596
5555 47 3001
5556 15 958
5560 47 3004
5561 25 1598
5562 15 959
5564 47 3006
5566 47 3007
5567 1 64
5571 25 1601
5573 47 3011
5577 47 3013
5578 25 1603
5579 47 3014
5584 47 3017
5585 5 321
5588 47 3019
5590 47 3020
5591 15 964
5592 47 3021
5595 47 3023
5599 25 1609
5601 47 3026
5602 5 322
5605 47 3028
5606 25 1611
5608 15 967
5612 47 3032
5613 25 1613
5614 47 3033
5616 47 3034
5619 47 3036
5620 5 323
5623 47 3038
5625 47 3039
5627 25 1617
5629 47 3041
5630 25 1618
5634 25 1619
5636 47 3045
5637 5 324
5640 47 3047
5641 25 1621
5642 47 3048
5643 15 973
5647 47 3051
5648 25 1623
5649 15 974
5651 47 3053
5653 47 3054
5654 1 65
5658 25 1626
5660 47 3058
5664 47 3060
5665 25 1628
5666 47 3061
5671 47 3064
5672 5 326
5675 47 3066
5677 47 3067
5678 15 979
5679 47 3068
5682 47 3070
5686 25 1634
5688 47 3073
5689 5 327
5692 47 3075
5693 25 1636
5695 15 982
5699 47 3079
5700 25 1638
5701 47 3080
5703 47 3081
5706 47 3083
5707 5 328
5710 47 3085
5712 47 3086
5714 25 1642
5716 47 3088
5717 25 1643
5721 25 1644
5723 47 3092
5724 5 329
5727 47 3094
5728 25 1646
5729 47 3095
5730 15 988
5734 47 3098
5735 25 1648
5736 15 989
5738 47 3100
5740 47 3101
5741 1 66
5745 25 1651
5747 47 3105
5751 47 3107
5752 25 1653
5753 47 3108
5758 47 3111
5759 5 331
5762 47 3113
5764 47 3114
5765 15 994
5766 47 3115
5769 47 3117
5773 25 1659
5775 47 3120
5776 5 332
5779 47 3122
5780 25 1661
5782 15 997
5786 47 3126
5787 25 1663
5788 47 3127
5790 47 3128
5793 47 3130
5794 5 333
5797 47 3132
5799 47 3133
5801 25 1667
5803 47 3135
5804 25 1668
5808 25 1669
5810 47 3139
5811 5 334
5814 47 3141
5815 25 1671
5816 47 3142
5817 15 1003
5821 47 3145
5822 25 1673
5823 15 1004
5825 47 3147
5827 47 3148
5828 1 67
5832 25 1676
5834 47 3152
5838 47 3154
5839 25 1678
5840 47 3155
5845 47 3158
5846 5 336
5849 47 3160
5851 47 3161
5852 15 1009
5853 47 3162
5856 47 3164
5860 25 1684
5862 47 3167
5863 5 337
5866 47 3169
5867 25 1686
5869 15 1012
5873 47 3173
5874 25 1688
5875 47 3174
5877 47 3175
5880 47 3177
5881 5 338
5884 47 3179
5886 47 3180
5888 25 1692
5890 47 3182
5891 25 1693
5895 25 1694
5897 47 3186
5898 5 339
5901 47 3188
5902 25 1696
5903 47 3189
5904 15 1018
5908 47 3192
5909 25 1698
5910 15 1019
5912 47 3194
5914 47 3195
5915 1 68
5919 25 1701
5921 47 3199
5925 47 3201
5926 25 1703
5927 47 3202
5932 47 3205
5933 5 341
5936 47 3207
5938 47 3208
5939 15 1024
5940 47 3209
5943 47 3211
5947 25 1709
5949 47 3214
5950 5 342
5953 47 3216
5954 25 1711
5956 15 1027
5960 47 3220
5961 25 1713
5962 47 3221
5964 47 3222
5967 47 3224
5968 5 343
5971 47 3226
5973 47 3227
5975 25 1717
5977 47 3229
5978 25 1718
5982 25 1719
5984 47 3233
5985 5 344
5988 47 3235
5989 25 1721
5990 47 3236
5991 15 1033
5995 47 3239
5996 25 1723
5997 15 1034
5999 47 3241
6001 47 3242
6002 1 69
6006 25 1726
6008 47 3246
6012 47 3248
6013 25 1728
6014 47 3249
6019 47 3252
6020 5 346
6023 47 3254
6025 47 3255
6026 15 1039
6027 47 3256
6030 47 3258
6034 25 1734
6036 47 3261
6037 5 347
6040 47 3263
6041 25 1736
6043 15 1042
6047 47 3267
6048 25 1738
6049 47 3268
6051 47 3269
6054 47 3271
6055 5 348
6058 47 3273
6060 47 3274
6062 25 1742
6064 47 3276
6065 25 1743
6069 25 1744
6071 47 3280
6072 5 349
6075 47 3282
6076 25 1746
6077 47 3283
6078 15 1048
6082 47 3286
6083 25 1748
6084 15 1049
6086 47 3288
6088 47 3289
6089 1 70
6093 25 1751
6095 47 3293
6099 47 3295
6100 25 1753
6101 47 3296
6106 47 3299
6107 5 351
6110 47 3301
6112 47 3302
6113 15 1054
6114 47 3303
6117 47 3305
6121 25 1759
6123 47 3308
6124 5 352
6127 47 3310
6128 25 1761
6130 15 1057
6134 47 3314
6135 25 1763
6136 47 3315
6138 47 3316
6141 47 3318
6142 5 353
6145 47 3320
6147 47 3321
6149 25 1767
6151 47 3323
6152 25 1768
6156 25 1769
6158 47 3327
6159 5 354
6162 47 3329
6163 25 1771
6164 47 3330
6165 15 1063
6169 47 3333
6170 25 1773
6171 15 1064
6173 47 3335
6175 47 3336
6176 1 71
6180 25 1776
6182 47 3340
6186 47 3342
6187 25 1778
6188 47 3343
6193 47 3346
6194 5 356
6197 47 3348
6199 47 3349
6200 15 1069
6201 47 3350
6204 47 3352
6208 25 1784
6210 47 3355
6211 5 357
6214 47 3357
6215 25 1786
6217 15 1072
6221 47 3361
6222 25 1788
6223 47 3362
6225 47 3363
6228 47 3365
6229 5 358
6232 47 3367
6234 47 3368
6236 25 1792
6238 47 3370
6239 25 1793
6243 25 1794
6245 47 3374
6246 5 359
6249 47 3376
6250 25 1796
6251 47 3377
6252 15 1078
6256 47 3380
6257 25 1798
6258 15 1079
6260 47 3382
6262 47 3383
6263 1 72
6267 25 1801
6269 47 3387
6273 47 3389
6274 25 1803
6275 47 3390
6280 47 3393
6281 5 361
6284 47 3395
6286 47 3396
6287 15 1084
6288 47 3397
6291 47 3399
6295 25 1809
6297 47 3402
6298 5 362
6301 47 3404
6302 25 1811
6304 15 1087
6308 47 3408
6309 25 1813
6310 47 3409
6312 47 3410
6315 47 3412
6316 5 363
6319 47 3414
6321 47 3415
6323 25 1817
6325 47 3417
6326 25 1818
6330 25 1819
6332 47 3421
6333 5 364
6336 47 3423
6337 25 1821
6338 47 3424
6339 15 1093
6343 47 3427
6344 25 1823
6345 15 1094
6347 47 3429
6349 47 3430
6350 1 73
6354 25 1826
6356 47 3434
6360 47 3436
6361 25 1828
6362 47 3437
6367 47 3440
6368 5 366
6371 47 3442
6373 47 3443
6374 15 1099
6375 47 3444
6378 47 3446
6382 25 1834
6384 47 3449
6385 5 367
6388 47 3451
6389 25 1836
6391 15 1102
6395 47 3455
6396 25 1838
6397 47 3456
6399 47 3457
6402 47 3459
6403 5 368
6406 47 3461
6408 47 3462
6410 25 1842
6412 47 3464
6413 25 1843
6417 25 1844
6419 47 3468
6420 5 369
6423 47 3470
6424 25 1846
6425 47 3471
6426 15 1108
6430 47 3474
6431 25 1848
6432 15 1109
6434 47 3476
6436 47 3477
6437 1 74
6441 25 1851
6443 47 3481
6447 47 3483
6448 25 1853
6449 47 3484
6454 47 3487
6455 5 371
6458 47 3489
6460 47 3490
6461 15 1114
6462 47 3491
6465 47 3493
6469 25 1859
6471 47 3496
6472 5 372
6475 47 3498
6476 25 1861
6478 15 1117
6482 47 3502
6483 25 1863
6484 47 3503
6486 47 3504
6489 47 3506
6490 5 373
6493 47 3508
6495 47 3509
6497 25 1867
6499 47 3511
6500 25 1868
6504 25 1869
6506 47 3515
6507 5 374
6510 47 3517
6511 25 1871
6512 47 3518
6513 15 1123
6517 47 3521
6518 25 1873
6519 15 1124
6521 47 3523
6523 47 3524
6524 1 75
6528 25 1876
6530 47 3528
6534 47 3530
6535 25 1878
6536 47 3531
6541 47 3534
6542 5 376
6545 47 3536
6547 47 3537
6548 15 1129
6549 47 3538
6552 47 3540
6556 25 1884
6558 47 3543
6559 5 377
6562 47 3545
6563 25 1886
6565 15 1132
6569 47 3549
6570 25 1888
6571 47 3550
6573 47 3551
6576 47 3553
6577 5 378
6580 47 3555
6582 47 3556
6584 25 1892
6586 47 3558
6587 25 1893
6591 25 1894
6593 47 3562
6594 5 379
6597 47 3564
6598 25 1896
6599 47 3565
6600 15 1138
6604 47 3568
6605 25 1898
6606 15 1139
6608 47 3570
6610 47 3571
6611 1 76
6615 25 1901
6617 47 3575
6621 47 3577
6622 25 1903
6623 47 3578
6628 47 3581
6629 5 381
6632 47 3583
6634 47 3584
6635 15 1144
6636 47 3585
6639 47 3587
6643 25 1909
6645 47 3590
6646 5 382
6649 47 3592
6650 25 1911
6652 15 1147
6656 47 3596
6657 25 1913
6658 47 3597
6660 47 3598
6663 47 3600
6664 5 383
6667 47 3602
6669 47 3603
6671 25 1917
6673 47 3605
6674 25 1918
6678 25 1919
6680 47 3609
6681 5 384
6684 47 3611
6685 25 1921
6686 47 3612
6687 15 1153
6691 47 3615
6692 25 1923
6693 15 1154
6695 47 3617
6697 47 3618
6698 1 77
6702 25 1926
6704 47 3622
6708 47 3624
6709 25 1928
6710 47 3625
6715 47 3628
6716 5 386
6719 47 3630
6721 47 3631
6722 15 1159
6723 47 3632
6726 47 3634
6730 25 1934
6732 47 3637
6733 5 387
6736 47 3639
6737 25 1936
6739 15 1162
6743 47 3643
6744 25 1938
6745 47 3644
6747 47 3645
6750 47 3647
6751 5 388
6754 47 3649
6756 47 3650
6758 25 1942
6760 47 3652
6761 25 1943
6765 25 1944
6767 47 3656
6768 5 389
6771 47 3658
6772 25 1946
6773 47 3659
6774 15 1168
6778 47 3662
6779 25 1948
6780 15 1169
6782 47 3664
6784 47 3665
6785 1 78
6789 25 1951
6791 47 3669
6795 47 3671
6796 25 1953
6797 47 3672
6802 47 3675
6803 5 391
6806 47 3677
6808 47 3678
6809 15 1174
6810 47 3679
6813 47 3681
6817 25 1959
6819 47 3684
6820 5 392
6823 47 3686
6824 25 1961
6826 15 1177
6830 47 3690
6831 25 1963
6832 47 3691
6834 47 3692
6837 47 3694
6838 5 393
6841 47 3696
6843 47 3697
6845 25 1967
6847 47 3699
6848 25 1968
6852 25 1969
6854 47 3703
6855 5 394
6858 47 3705
6859 25 1971
6860 47 3706
6861 15 1183
6865 47 3709
6866 25 1973
6867 15 1184
6869 47 3711
6871 47 3712
6872 1 79
6876 25 1976
6878 47 3716
6882 47 3718
6883 25 1978
6884 47 3719
6889 47 3722
6890 5 396
6893 47 3724
6895 47 3725
6896 15 1189
6897 47 3726
6900 47 3728
6904 25 1984
6906 47 3731
6907 5 397
6910 47 3733
6911 25 1986
6913 15 1192
6917 47 3737
6918 25 1988
6919 47 3738
6921 47 3739
6924 47 3741
6925 5 398
6928 47 3743
6930 47 3744
6932 25 1992
6934 47 3746
6935 25 1993
6939 25 1994
6941 47 3750
6942 5 399
6945 47 3752
6946 25 1996
6947 47 3753
6948 15 1198
6952 47 3756
6953 25 1998
6954 15 1199
6956 47 3758
6958 47 3759
6959 1 80
6963 25 2001
6965 47 3763
6969 47 3765
6970 25 2003
6971 47 3766
6976 47 3769
6977 5 401
6980 47 3771
6982 47 3772
6983 15 1204
6984 47 3773
6987 47 3775
6991 25 2009
6993 47 3778
6994 5 402
6997 47 3780
6998 25 2011
7000 15 1207
7004 47 3784
7005 25 2013
7006 47 3785
7008 47 3786
7011 47 3788
7012 5 403
7015 47 3790
7017 47 3791
7019 25 2017
7021 47 3793
7022 25 2018
7026 25 2019
7028 47 3797
7029 5 404
7032 47 3799
7033 25 2021
7034 47 3800
7035 15 1213
7039 47 3803
7040 25 2023
7041 15 1214
7043 47 3805
7045 47 3806
7046 1 81
7050 25 2026
7052 47 3810
7056 47 3812
7057 25 2028
7058 47 3813
7063 47 3816
7064 5 406
7067 47 3818
7069 47 3819
7070 15 1219
7071 47 3820
7074 47 3822
7078 25 2034
7080 47 3825
7081 5 407
7084 47 3827
7085 25 2036
7087 15 1222
7091 47 3831
7092 25 2038
7093 47 3832
7095 47 3833
7098 47 3835
7099 5 408
7102 47 3837
7104 47 3838
7106 25 2042
7108 47 3840
7109 25 2043
7113 25 2044
7115 47 3844
7116 5 409
7119 47 3846
7120 25 2046
7121 47 3847
7122 15 1228
7126 47 3850
7127 25 2048
7128 15 1229
7130 47 3852
7132 47 3853
7133 1 82
7137 25 2051
7139 47 3857
7143 47 3859
7144 25 2053
7145 47 3860
7150 47 3863
7151 5 411
7154 47 3865
7156 47 3866
7157 15 1234
7158 47 3867
7161 47 3869
7165 25 2059
7167 47 3872
7168 5 412
7171 47 3874
7172 25 2061
7174 15 1237
7178 47 3878
7179 25 2063
7180 47 3879
7182 47 3880
7185 47 3882
7186 5 413
7189 47 3884
7191 47 3885
7193 25 2067
7195 47 3887
7196 25 2068
7200 25 2069
7202 47 3891
7203 5 414
7206 47 3893
7207 25 2071
7208 47 3894
7209 15 1243
7213 47 3897
7214 25 2073
7215 15 1244
7217 47 3899
7219 47 3900
7220 1 83
7224 25 2076
7226 47 3904
7230 47 3906
7231 25 2078
7232 47 3907
7237 47 3910
7238 5 416
7241 47 3912
7243 47 3913
7244 15 1249
7245 47 3914
7248 47 3916
7252 25 2084
7254 47 3919
7255 5 417
7258 47 3921
7259 25 2086
7261 15 1252
7265 47 3925
7266 25 2088
7267 47 3926
7269 47 3927
7272 47 3929
7273 5 418
7276 47 3931
7278 47 3932
7280 25 2092
7282 47 3934
7283 25 2093
7287 25 2094
7289 47 3938
7290 5 419
7293 47 3940
7294 25 2096
7295 47 3941
7296 15 1258
7300 47 3944
7301 25 2098
7302 15 1259
7304 47 3946
7306 47 3947
7307 1 84
7311 25 2101
7313 47 3951
7317 47 3953
7318 25 2103
7319 47 3954
7324 47 3957
7325 5 421
7328 47 3959
7330 47 3960
7331 15 1264
7332 47 3961
7335 47 3963
7339 25 2109
7341 47 3966
7342 5 422
7345 47 3968
7346 25 2111
7348 15 1267
7352 47 3972
7353 25 2113
7354 47 3973
7356 47 3974
7359 47 3976
7360 5 423
7363 47 3978
7365 47 3979
7367 25 2117
7369 47 3981
7370 25 2118
7374 25 2119
7376 47 3985
7377 5 424
7380 47 3987
7381 25 2121
7382 47 3988
7383 15 1273
7387 47 3991
7388 25 2123
7389 15 1274
7391 47 3993
7393 47 3994
7394 1 85
7398 25 2126
7400 47 3998
7404 47 4000
7405 25 2128
7406 47 4001
7411 47 4004
7412 5 426
7415 47 4006
7417 47 4007
7418 15 1279
7419 47 4008
7422 47 4010
7426 25 2134
7428 47 4013
7429 5 427
7432 47 4015
7433 25 2136
7435 15 1282
7439 47 4019
7440 25 2138
7441 47 4020
7443 47 4021
7446 47 4023
7447 5 428
7450 47 4025
7452 47 4026
7454 25 2142
7456 47 4028
7457 25 2143
7461 25 2144
7463 47 4032
7464 5 429
7467 47 4034
7468 25 2146
7469 47 4035
7470 15 1288
7474 47 4038
7475 25 2148
7476 15 1289
7478 47 4040
7480 47 4041
7481 1 86
7485 25 2151
7487 47 4045
7491 47 4047
7492 25 2153
7493 47 4048
7498 47 4051
7499 5 431
7502 47 4053
7504 47 4054
7505 15 1294
7506 47 4055
7509 47 4057
7513 25 2159
7515 47 4060
7516 5 432
7519 47 4062
7520 25 2161
7522 15 1297
7526 47 4066
7527 25 2163
7528 47 4067
7530 47 4068
7533 47 4070
7534 5 433
7537 47 4072
7539 47 4073
7541 25 2167
7543 47 4075
7544 25 2168
7548 25 2169
7550 47 4079
7551 5 434
7554 47 4081
7555 25 2171
7556 47 4082
7557 15 1303
7561 47 4085
7562 25 2173
7563 15 1304
7565 47 4087
7567 47 4088
7568 1 87
7572 25 2176
7574 47 4092
7578 47 4094
7579 25 2178
7580 47 4095
7585 47 4098
7586 5 436
7589 47 4100
7591 47 4101
7592 15 1309
7593 47 4102
7596 47 4104
7600 25 2184
7602 47 4107
7603 5 437
7606 47 4109
7607 25 2186
7609 15 1312
7613 47 4113
7614 25 2188
7615 47 4114
7617 47 4115
7620 47 4117
7621 5 438
7624 47 4119
7626 47 4120
7628 25 2192
7630 47 4122
7631 25 2193
7635 25 2194
7637 47 4126
7638 5 439
7641 47 4128
7642 25 2196
7643 47 4129
7644 15 1318
7648 47 4132
7649 25 2198
7650 15 1319
7652 47 4134
7654 47 4135
7655 1 88
7659 25 2201
7661 47 4139
7665 47 4141
7666 25 2203
7667 47 4142
7672 47 4145
7673 5 441
7676 47 4147
7678 47 4148
7679 15 1324
7680 47 4149
7683 47 4151
7687 25 2209
7689 47 4154
7690 5 442
7693 47 4156
7694 25 2211
7696 15 1327
7700 47 4160
7701 25 2213
7702 47 4161
7704 47 4162
7707 47 4164
7708 5 443
7711 47 4166
7713 47 4167
7715 25 2217
7717 47 4169
7718 25 2218
7722 25 2219
7724 47 4173
7725 5 444
7728 47 4175
7729 25 2221
7730 47 4176
7731 15 1333
7735 47 4179
7736 25 2223
7737 15 1334
7739 47 4181
7741 47 4182
7742 1 89
7746 25 2226
7748 47 4186
7752 47 4188
7753 25 2228
7754 47 4189
7759 47 4192
7760 5 446
7763 47 4194
7765 47 4195
7766 15 1339
7767 47 4196
7770 47 4198
7774 25 2234
7776 47 4201
7777 5 447
7780 47 4203
7781 25 2236
7783 15 1342
7787 47 4207
7788 25 2238
7789 47 4208
7791 47 4209
7794 47 4211
7795 5 448
7798 47 4213
7800 47 4214
7802 25 2242
7804 47 4216
7805 25 2243
7809 25 2244
7811 47 4220
7812 5 449
7815 47 4222
7816 25 2246
7817 47 4223
7818 15 1348
7822 47 4226
7823 25 2248
7824 15 1349
7826 47 4228
7828 47 4229
7829 1 90
7833 25 2251
7835 47 4233
7839 47 4235
7840 25 2253
7841 47 4236
7846 47 4239
7847 5 451
7850 47 4241
7852 47 4242
7853 15 1354
7854 47 4243
7857 47 4245
7861 25 2259
7863 47 4248
7864 5 452
7867 47 4250
7868 25 2261
7870 15 1357
7874 47 4254
7875 25 2263
7876 47 4255
7878 47 4256
7881 47 4258
7882 5 453
7885 47 4260
7887 47 4261
7889 25 2267
7891 47 4263
7892 25 2268
7896 25 2269
7898 47 4267
7899 5 454
7902 47 4269
7903 25 2271
7904 47 4270
7905 15 1363
7909 47 4273
7910 25 2273
7911 15 1364
7913 47 4275
7915 47 4276
7916 1 91
7920 25 2276
7922 47 4280
7926 47 4282
7927 25 2278
7928 47 4283
7933 47 4286
7934 5 456
7937 47 4288
7939 47 4289
7940 15 1369
7941 47 4290
7944 47 4292
7948 25 2284
7950 47 4295
7951 5 457
7954 47 4297
7955 25 2286
7957 15 1372
7961 47 4301
7962 25 2288
7963 47 4302
7965 47 4303
7968 47 4305
7969 5 458
7972 47 4307
7974 47 4308
7976 25 2292
7978 47 4310
7979 25 2293
7983 25 2294
7985 47 4314
7986 5 459
7989 47 4316
7990 25 2296
7991 47 4317
7992 15 1378
7996 47 4320
7997 25 2298
7998 15 1379
8000 47 4322
8002 47 4323
8003 1 92
8007 25 2301
8009 47 4327
8013 47 4329
8014 25 2303
8015 47 4330
8020 47 4333
8021 5 461
8024 47 4335
8026 47 4336
8027 15 1384
8028 47 4337
8031 47 4339
8035 25 2309
8037 47 4342
8038 5 462
8041 47 4344
8042 25 2311
8044 15 1387
8048 47 4348
8049 25 2313
8050 47 4349
8052 47 4350
8055 47 4352
8056 5 463
8059 47 4354
8061 47 4355
8063 25 2317
8065 47 4357
8066 25 2318
8070 25 2319
8072 47 4361
8073 5 464
8076 47 4363
8077 25 2321
8078 47 4364
8079 15 1393
8083 47 4367
8084 25 2323
8085 15 1394
8087 47 4369
8089 47 4370
8090 1 93
8094 25 2326
8096 47 4374
8100 47 4376
8101 25 2328
8102 47 4377
8107 47 4380
8108 5 466
8111 47 4382
8113 47 4383
8114 15 1399
8115 47 4384
8118 47 4386
8122 25 2334
8124 47 4389
8125 5 467
8128 47 4391
8129 25 2336
8131 15 1402
8135 47 4395
8136 25 2338
8137 47 4396
8139 47 4397
8142 47 4399
8143 5 468
8146 47 4401
8148 47 4402
8150 25 2342
8152 47 4404
8153 25 2343
8157 25 2344
8159 47 4408
8160 5 469
8163 47 4410
8164 25 2346
8165 47 4411
8166 15 1408
8170 47 4414
8171 25 2348
8172 15 1409
8174 47 4416
8176 47 4417
8177 1 94
8181 25 2351
8183 47 4421
8187 47 4423
8188 25 2353
8189 47 4424
8194 47 4427
8195 5 471
8198 47 4429
8200 47 4430
8201 15 1414
8202 47 4431
8205 47 4433
8209 25 2359
8211 47 4436
8212 5 472
8215 47 4438
8216 25 2361
8218 15 1417
8222 47 4442
8223 25 2363
8224 47 4443
8226 47 4444
8229 47 4446
8230 5 473
8233 47 4448
8235 47 4449
8237 25 2367
8239 47 4451
8240 25 2368
8244 25 2369
8246 47 4455
8247 5 474
8250 47 4457
8251 25 2371
8252 47 4458
8253 15 1423
8257 47 4461
8258 25 2373
8259 15 1424
8261 47 4463
8263 47 4464
8264 1 95
8268 25 2376
8270 47 4468
8274 47 4470
8275 25 2378
8276 47 4471
8281 47 4474
8282 5 476
8285 47 4476
8287 47 4477
8288 15 1429
8289 47 4478
8292 47 4480
8296 25 2384
8298 47 4483
8299 5 477
8302 47 4485
8303 25 2386
8305 15 1432
8309 47 4489
8310 25 2388
8311 47 4490
8313 47 4491
8316 47 4493
8317 5 478
8320 47 4495
8322 47 4496
8324 25 2392
8326 47 4498
8327 25 2393
8331 25 2394
8333 47 4502
8334 5 479
8337 47 4504
8338 25 2396
8339 47 4505
8340 15 1438
8344 47 4508
8345 25 2398
8346 15 1439
8348 47 4510
8350 47 4511
8351 1 96
8355 25 2401
8357 47 4515
8361 47 4517
8362 25 2403
8363 47 4518
8368 47 4521
8369 5 481
8372 47 4523
8374 47 4524
8375 15 1444
8376 47 4525
8379 47 4527
8383 25 2409
8385 47 4530
8386 5 482
8389 47 4532
8390 25 2411
8392 15 1447
8396 47 4536
8397 25 2413
8398 47 4537
8400 47 4538
8403 47 4540
8404 5 483
8407 47 4542
8409 47 4543
8411 25 2417
8413 47 4545
8414 25 2418
8418 25 2419
8420 47 4549
8421 5 484
8424 47 4551
8425 25 2421
8426 47 4552
8427 15 1453
8431 47 4555
8432 25 2423
8433 15 1454
8435 47 4557
8437 47 4558
8438 1 97
8442 25 2426
8444 47 4562
8448 47 4564
8449 25 2428
8450 47 4565
8455 47 4568
8456 5 486
8459 47 4570
8461 47 4571
8462 15 1459
8463 47 4572
8466 47 4574
8470 25 2434
8472 47 4577
8473 5 487
8476 47 4579
8477 25 2436
8479 15 1462
8483 47 4583
8484 25 2438
8485 47 4584
8487 47 4585
8490 47 4587
8491 5 488
8494 47 4589
8496 47 4590
8498 25 2442
8500 47 4592
8501 25 2443
8505 25 2444
8507 47 4596
8508 5 489
8511 47 4598
8512 25 2446
8513 47 4599
8514 15 1468
8518 47 4602
8519 25 2448
8520 15 1469
8522 47 4604
8524 47 4605
8525 1 98
8529 25 2451
8531 47 4609
8535 47 4611
8536 25 2453
8537 47 4612
8542 47 4615
8543 5 491
8546 47 4617
8548 47 4618
8549 15 1474
8550 47 4619
8553 47 4621
8557 25 2459
8559 47 4624
8560 5 492
8563 47 4626
8564 25 2461
8566 15 1477
8570 47 4630
8571 25 2463
8572 47 4631
8574 47 4632
8577 47 4634
8578 5 493
8581 47 4636
8583 47 4637
8585 25 2467
8587 47 4639
8588 25 2468
8592 25 2469
8594 47 4643
8595 5 494
8598 47 4645
8599 25 2471
8600 47 4646
8601 15 1483
8605 47 4649
8606 25 2473
8607 15 1484
8609 47 4651
8611 47 4652
8612 1 99
8616 25 2476
8618 47 4656
8622 47 4658
8623 25 2478
8624 47 4659
8629 47 4662
8630 5 496
8633 47 4664
8635 47 4665
8636 15 1489
8637 47 4666
8640 47 4668
8644 25 2484
8646 47 4671
8647 5 497
8650 47 4673
8651 25 2486
8653 15 1492
8657 47 4677
8658 25 2488
8659 47 4678
8661 47 4679
8664 47 4681
8665 5 498
8668 47 4683
8670 47 4684
8672 25 2492
8674 47 4686
8675 25 2493
8679 25 2494
8681 47 4690
8682 5 499
8685 47 4692
8686 25 2496
8687 47 4693
8688 15 1498
8692 47 4696
8693 25 2498
8694 15 1499
8696 47 4698
8698 47 4699
8699 1 100
8703 25 2501
8705 47 4703
8709 47 4705
8710 25 2503
8711 47 4706
8716 47 4709
8717 5 501
8720 47 4711
8722 47 4712
8723 15 1504
8724 47 4713
8727 47 4715
8731 25 2509
8733 47 4718
8734 5 502
8737 47 4720
8738 25 2511
8740 15 1507
8744 47 4724
8745 25 2513
8746 47 4725
8748 47 4726
8751 47 4728
8752 5 503
8755 47 4730
8757 47 4731
8759 25 2517
8761 47 4733
8762 25 2518
8766 25 2519
8768 47 4737
8769 5 504
8772 47 4739
8773 25 2521
8774 47 4740
8775 15 1513
8779 47 4743
8780 25 2523
8781 15 1514
8783 47 4745
8785 47 4746
8786 1 101
8790 25 2526
8792 47 4750
8796 47 4752
8797 25 2528
8798 47 4753
8803 47 4756
8804 5 506
8807 47 4758
8809 47 4759
8810 15 1519
8811 47 4760
8814 47 4762
8818 25 2534
8820 47 4765
8821 5 507
8824 47 4767
8825 25 2536
8827 15 1522
8831 47 4771
8832 25 2538
8833 47 4772
8835 47 4773
8838 47 4775
8839 5 508
8842 47 4777
8844 47 4778
8846 25 2542
8848 47 4780
8849 25 2543
8853 25 2544
8855 47 4784
8856 5 509
8859 47 4786
8860 25 2546
8861 47 4787
8862 15 1528
8866 47 4790
8867 25 2548
8868 15 1529
8870 47 4792
8872 47 4793
8873 1 102
8877 25 2551
8879 47 4797
8883 47 4799
8884 25 2553
8885 47 4800
8890 47 4803
8891 5 511
8894 47 4805
8896 47 4806
8897 15 1534
8898 47 4807
8901 47 4809
8905 25 2559
8907 47 4812
8908 5 512
8911 47 4814
8912 25 2561
8914 15 1537
8918 47 4818
8919 25 2563
8920 47 4819
8922 47 4820
8925 47 4822
8926 5 513
8929 47 4824
8931 47 4825
8933 25 2567
8935 47 4827
8936 25 2568
8940 25 2569
8942 47 4831
8943 5 514
8946 47 4833
8947 25 2571
8948 47 4834
8949 15 1543
8953 47 4837
8954 25 2573
8955 15 1544
8957 47 4839
8959 47 4840
8960 1 103
8964 25 2576
8966 47 4844
8970 47 4846
8971 25 2578
8972 47 4847
8977 47 4850
8978 5 516
8981 47 4852
8983 47 4853
8984 15 1549
8985 47 4854
8988 47 4856
8992 25 2584
8994 47 4859
8995 5 517
8998 47 4861
8999 25 2586
9001 15 1552
9005 47 4865
9006 25 2588
9007 47 4866
9009 47 4867
9012 47 4869
9013 5 518
9016 47 4871
9018 47 4872
9020 25 2592
9022 47 4874
9023 25 2593
9027 25 2594
9029 47 4878
9030 5 519
9033 47 4880
9034 25 2596
9035 47 4881
9036 15 1558
9040 47 4884
9041 25 2598
9042 15 1559
9044 47 4886
9046 47 4887
9047 1 104
9051 25 2601
9053 47 4891
9057 47 4893
9058 25 2603
9059 47 4894
9064 47 4897
9065 5 521
9068 47 4899
9070 47 4900
9071 15 1564
9072 47 4901
9075 47 4903
9079 25 2609
9081 47 4906
9082 5 522
9085 47 4908
9086 25 2611
9088 15 1567
9092 47 4912
9093 25 2613
9094 47 4913
9096 47 4914
9099 47 4916
9100 5 523
9103 47 4918
9105 47 4919
9107 25 2617
9109 47 4921
9110 25 2618
9114 25 2619
9116 47 4925
9117 5 524
9120 47 4927
9121 25 2621
9122 47 4928
9123 15 1573
9127 47 4931
9128 25 2623
9129 15 1574
9131 47 4933
9133 47 4934
9134 1 105
9138 25 2626
9140 47 4938
9144 47 4940
9145 25 2628
9146 47 4941
9151 47 4944
9152 5 526
9155 47 4946
9157 47 4947
9158 15 1579
9159 47 4948
9162 47 4950
9166 25 2634
9168 47 4953
9169 5 527
9172 47 4955
9173 25 2636
9175 15 1582
9179 47 4959
9180 25 2638
9181 47 4960
9183 47 4961
9186 47 4963
9187 5 528
9190 47 4965
9192 47 4966
9194 25 2642
9196 47 4968
9197 25 2643
9201 25 2644
9203 47 4972
9204 5 529
9207 47 4974
9208 25 2646
9209 47 4975
9210 15 1588
9214 47 4978
9215 25 2648
9216 15 1589
9218 47 4980
9220 47 4981
9221 1 106
9225 25 2651
9227 47 4985
9231 47 4987
9232 25 2653
9233 47 4988
9238 47 4991
9239 5 531
9242 47 4993
9244 47 4994
9245 15 1594
9246 47 4995
9249 47 4997
9253 25 2659
9255 47 5000
9256 5 532
9259 47 5002
9260 25 2661
9262 15 1597
9266 47 5006
9267 25 2663
9268 47 5007
9270 47 5008
9273 47 5010
9274 5 533
9277 47 5012
9279 47 5013
9281 25 2667
9283 47 5015
9284 25 2668
9288 25 2669
9290 47 5019
9291 5 534
9294 47 5021
9295 25 2671
9296 47 5022
9297 15 1603
9301 47 5025
9302 25 2673
9303 15 1604
9305 47 5027
9307 47 5028
9308 1 107
9312 25 2676
9314 47 5032
9318 47 5034
9319 25 2678
9320 47 5035
9325 47 5038
9326 5 536
9329 47 5040
9331 47 5041
9332 15 1609
9333 47 5042
9336 47 5044
9340 25 2684
9342 47 5047
9343 5 537
9346 47 5049
9347 25 2686
9349 15 1612
9353 47 5053
9354 25 2688
9355 47 5054
9357 47 5055
9360 47 5057
9361 5 538
9364 47 5059
9366 47 5060
9368 25 2692
9370 47 5062
9371 25 2693
9375 25 2694
9377 47 5066
9378 5 539
9381 47 5068
9382 25 2696
9383 47 5069
9384 15 1618
9388 47 5072
9389 25 2698
9390 15 1619
9392 47 5074
9394 47 5075
9395 1 108
9399 25 2701
9401 47 5079
9405 47 5081
9406 25 2703
9407 47 5082
9412 47 5085
9413 5 541
9416 47 5087
9418 47 5088
9419 15 1624
9420 47 5089
9423 47 5091
9427 25 2709
9429 47 5094
9430 5 542
9433 47 5096
9434 25 2711
9436 15 1627
9440 47 5100
9441 25 2713
9442 47 5101
9444 47 5102
9447 47 5104
9448 5 543
9451 47 5106
9453 47 5107
9455 25 2717
9457 47 5109
9458 25 2718
9462 25 2719
9464 47 5113
9465 5 544
9468 47 5115
9469 25 2721
9470 47 5116
9471 15 1633
9475 47 5119
9476 25 2723
9477 15 1634
9479 47 5121
9481 47 5122
9482 1 109
9486 25 2726
9488 47 5126
9492 47 5128
9493 25 2728
9494 47 5129
9499 47 5132
9500 5 546
9503 47 5134
9505 47 5135
9506 15 1639
9507 47 5136
9510 47 5138
9514 25 2734
9516 47 5141
9517 5 547
9520 47 5143
9521 25 2736
9523 15 1642
9527 47 5147
9528 25 2738
9529 47 5148
9531 47 5149
9534 47 5151
9535 5 548
9538 47 5153
9540 47 5154
9542 25 2742
9544 47 5156
9545 25 2743
9549 25 2744
9551 47 5160
9552 5 549
9555 47 5162
9556 25 2746
9557 47 5163
9558 15 1648
9562 47 5166
9563 25 2748
9564 15 1649
9566 47 5168
9568 47 5169
9569 1 110
9573 25 2751
9575 47 5173
9579 47 5175
9580 25 2753
9581 47 5176
9586 47 5179
9587 5 551
9590 47 5181
9592 47 5182
9593 15 1654
9594 47 5183
9597 47 5185
9601 25 2759
9603 47 5188
9604 5 552
9607 47 5190
9608 25 2761
9610 15 1657
9614 47 5194
9615 25 2763
9616 47 5195
9618 47 5196
9621 47 5198
9622 5 553
9625 47 5200
9627 47 5201
9629 25 2767
9631 47 5203
9632 25 2768
9636 25 2769
9638 47 5207
9639 5 554
9642 47 5209
9643 25 2771
9644 47 5210
9645 15 1663
9649 47 5213
9650 25 2773
9651 15 1664
9653 47 5215
9655 47 5216
9656 1 111
9660 25 2776
9662 47 5220
9666 47 5222
9667 25 2778
9668 47 5223
9673 47 5226
9674 5 556
9677 47 5228
9679 47 5229
9680 15 1669
9681 47 5230
9684 47 5232
9688 25 2784
9690 47 5235
9691 5 557
9694 47 5237
9695 25 2786
9697 15 1672
9701 47 5241
9702 25 2788
9703 47 5242
9705 47 5243
9708 47 5245
9709 5 558
9712 47 5247
9714 47 5248
9716 25 2792
9718 47 5250
9719 25 2793
9723 25 2794
9725 47 5254
9726 5 559
9729 47 5256
9730 25 2796
9731 47 5257
9732 15 1678
9736 47 5260
9737 25 2798
9738 15 1679
9740 47 5262
9742 47 5263
9743 1 112
9747 25 2801
9749 47 5267
9753 47 5269
9754 25 2803
9755 47 5270
9760 47 5273
9761 5 561
9764 47 5275
9766 47 5276
9767 15 1684
9768 47 5277
9771 47 5279
9775 25 2809
9777 47 5282
9778 5 562
9781 47 5284
9782 25 2811
9784 15 1687
9788 47 5288
9789 25 2813
9790 47 5289
9792 47 5290
9795 47 5292
9796 5 563
9799 47 5294
9801 47 5295
9803 25 2817
9805 47 5297
9806 25 2818
9810 25 2819
9812 47 5301
9813 5 564
9816 47 5303
9817 25 2821
9818 47 5304
9819 15 1693
9823 47 5307
9824 25 2823
9825 15 1694
9827 47 5309
9829 47 5310
9830 1 113
9834 25 2826
9836 47 5314
9840 47 5316
9841 25 2828
9842 47 5317
9847 47 5320
9848 5 566
9851 47 5322
9853 47 5323
9854 15 1699
9855 47 5324
9858 47 5326
9862 25 2834
9864 47 5329
9865 5 567
9868 47 5331
9869 25 2836
9871 15 1702
9875 47 5335
9876 25 2838
9877 47 5336
9879 47 5337
9882 47 5339
9883 5 568
9886 47 5341
9888 47 5342
9890 25 2842
9892 47 5344
9893 25 2843
9897 25 2844
9899 47 5348
9900 5 569
9903 47 5350
9904 25 2846
9905 47 5351
9906 15 1708
9910 47 5354
9911 25 2848
9912 15 1709
9914 47 5356
9916 47 5357
9917 1 114
9921 25 2851
9923 47 5361
9927 47 5363
9928 25 2853
9929 47 5364
9934 47 5367
9935 5 571
9938 47 5369
9940 47 5370
9941 15 1714
9942 47 5371
9945 47 5373
9949 25 2859
9951 47 5376
9952 5 572
9955 47 5378
9956 25 2861
9958 15 1717
9962 47 5382
9963 25 2863
9964 47 5383
9966 47 5384
9969 47 5386
9970 5 573
9973 47 5388
9975 47 5389
9977 25 2867
9979 47 5391
9980 25 2868
9984 25 2869
9986 47 5395
9987 5 574
9990 47 5397
9991 25 2871
9992 47 5398
9993 15 1723
9997 47 5401
9998 25 2873
9999 15 1724
10001 47 5403
10003 47 5404
10004 1 115
10008 25 2876
10010 47 5408
10014 47 5410
10015 25 2878
10016 47 5411
10021 47 5414
10022 5 576
10025 47 5416
10027 47 5417
10028 15 1729
10029 47 5418
10032 47 5420
10036 25 2884
10038 47 5423
10039 5 577
10042 47 5425
10043 25 2886
10045 15 1732
10049 47 5429
10050 25 2888
10051 47 5430
10053 47 5431
10056 47 5433
10057 5 578
10060 47 5435
10062 47 5436
10064 25 2892
10066 47 5438
10067 25 2893
10071 25 2894
10073 47 5442
10074 5 579
10077 47 5444
10078 25 2896
10079 47 5445
10080 15 1738
10084 47 5448
10085 25 2898
10086 15 1739
10088 47 5450
10090 47 5451
10091 1 116
10095 25 2901
10097 47 5455
10101 47 5457
10102 25 2903
10103 47 5458
10108 47 5461
10109 5 581
10112 47 5463
10114 47 5464
10115 15 1744
10116 47 5465
10119 47 5467
10123 25 2909
10125 47 5470
10126 5 582
10129 47 5472
10130 25 2911
10132 15 1747
10136 47 5476
10137 25 2913
10138 47 5477
10140 47 5478
10143 47 5480
10144 5 583
10147 47 5482
10149 47 5483
10151 25 2917
10153 47 5485
10154 25 2918
10158 25 2919
10160 47 5489
10161 5 584
10164 47 5491
10165 25 2921
10166 47 5492
10167 15 1753
10171 47 5495
10172 25 2923
10173 15 1754
10175 47 5497
10177 47 5498
10178 1 117
10182 25 2926
10184 47 5502
10188 47 5504
10189 25 2928
10190 47 5505
10195 47 5508
10196 5 586
10199 47 5510
10201 47 5511
10202 15 1759
10203 47 5512
10206 47 5514
10210 25 2934
10212 47 5517
10213 5 587
10216 47 5519
10217 25 2936
10219 15 1762
10223 47 5523
10224 25 2938
10225 47 5524
10227 47 5525
10230 47 5527
10231 5 588
10234 47 5529
10236 47 5530
10238 25 2942
10240 47 5532
10241 25 2943
10245 25 2944
10247 47 5536
10248 5 589
10251 47 5538
10252 25 2946
10253 47 5539
10254 15 1768
10258 47 5542
10259 25 2948
10260 15 1769
10262 47 5544
10264 47 5545
10265 1 118
10269 25 2951
10271 47 5549
10275 47 5551
10276 25 2953
10277 47 5552
10282 47 5555
10283 5 591
10286 47 5557
10288 47 5558
10289 15 1774
10290 47 5559
10293 47 5561
10297 25 2959
10299 47 5564
10300 5 592
10303 47 5566
10304 25 2961
10306 15 1777
10310 47 5570
10311 25 2963
10312 47 5571
10314 47 5572
10317 47 5574
10318 5 593
10321 47 5576
10323 47 5577
10325 25 2967
10327 47 5579
10328 25 2968
10332 25 2969
10334 47 5583
10335 5 594
10338 47 5585
10339 25 2971
10340 47 5586
10341 15 1783
10345 47 5589
10346 25 2973
10347 15 1784
10349 47 5591
10351 47 5592
10352 1 119
10356 25 2976
10358 47 5596
10362 47 5598
10363 25 2978
10364 47 5599
10369 47 5602
10370 5 596
10373 47 5604
10375 47 5605
10376 15 1789
10377 47 5606
10380 47 5608
10384 25 2984
10386 47 5611
10387 5 597
10390 47 5613
10391 25 2986
10393 15 1792
10397 47 5617
10398 25 2988
10399 47 5618
10401 47 5619
10404 47 5621
10405 5 598
10408 47 5623
10410 47 5624
10412 25 2992
10414 47 5626
10415 25 2993
10419 25 2994
10421 47 5630
10422 5 599
10425 47 5632
10426 25 2996
10427 47 5633
10428 15 1798
10432 47 5636
10433 25 2998
10434 15 1799
10436 47 5638
10438 47 5639
10439 1 120
10443 25 3001
10445 47 5643
10449 47 5645
10450 25 3003
10451 47 5646
10456 47 5649
10457 5 601
10460 47 5651
10462 47 5652
10463 15 1804
10464 47 5653
10467 47 5655
10471 25 3009
10473 47 5658
10474 5 602
10477 47 5660
10478 25 3011
10480 15 1807
10484 47 5664
10485 25 3013
10486 47 5665
10488 47 5666
10491 47 5668
10492 5 603
10495 47 5670
10497 47 5671
10499 25 3017
10501 47 5673
10502 25 3018
10506 25 3019
10508 47 5677
10509 5 604
10512 47 5679
10513 25 3021
10514 47 5680
10515 15 1813
10519 47 5683
10520 25 3023
10521 15 1814
10523 47 5685
10525 47 5686
10526 1 121
10530 25 3026
10532 47 5690
10536 47 5692
10537 25 3028
10538 47 5693
10543 47 5696
10544 5 606
10547 47 5698
10549 47 5699
10550 15 1819
10551 47 5700
10554 47 5702
10558 25 3034
10560 47 5705
10561 5 607
10564 47 5707
10565 25 3036
10567 15 1822
10571 47 5711
10572 25 3038
10573 47 5712
10575 47 5713
10578 47 5715
10579 5 608
10582 47 5717
10584 47 5718
10586 25 3042
10588 47 5720
10589 25 3043
10593 25 3044
10595 47 5724
10596 5 609
10599 47 5726
10600 25 3046
10601 47 5727
10602 15 1828
10606 47 5730
10607 25 3048
10608 15 1829
10610 47 5732
10612 47 5733
10613 1 122
10617 25 3051
10619 47 5737
10623 47 5739
10624 25 3053
10625 47 5740
10630 47 5743
10631 5 611
10634 47 5745
10636 47 5746
10637 15 1834
10638 47 5747
10641 47 5749
10645 25 3059
10647 47 5752
10648 5 612
10651 47 5754
10652 25 3061
10654 15 1837
10658 47 5758
10659 25 3063
10660 47 5759
10662 47 5760
10665 47 5762
10666 5 613
10669 47 5764
10671 47 5765
10673 25 3067
10675 47 5767
10676 25 3068
10680 25 3069
10682 47 5771
10683 5 614
10686 47 5773
10687 25 3071
10688 47 5774
10689 15 1843
10693 47 5777
10694 25 3073
10695 15 1844
10697 47 5779
10699 47 5780
10700 1 123
10704 25 3076
10706 47 5784
10710 47 5786
10711 25 3078
10712 47 5787
10717 47 5790
10718 5 616
10721 47 5792
10723 47 5793
10724 15 1849
10725 47 5794
10728 47 5796
10732 25 3084
10734 47 5799
10735 5 617
10738 47 5801
10739 25 3086
10741 15 1852
10745 47 5805
10746 25 3088
10747 47 5806
10749 47 5807
10752 47 5809
10753 5 618
10756 47 5811
10758 47 5812
10760 25 3092
10762 47 5814
10763 25 3093
10767 25 3094
10769 47 5818
10770 5 619
10773 47 5820
10774 25 3096
10775 47 5821
10776 15 1858
10780 47 5824
10781 25 3098
10782 15 1859
10784 47 5826
10786 47 5827
10787 1 124
10791 25 3101
10793 47 5831
10797 47 5833
10798 25 3103
10799 47 5834
10804 47 5837
10805 5 621
10808 47 5839
10810 47 5840
10811 15 1864
10812 47 5841
10815 47 5843
10819 25 3109
10821 47 5846
10822 5 622
10825 47 5848
10826 25 3111
10828 15 1867
10832 47 5852
10833 25 3113
10834 47 5853
10836 47 5854
10839 47 5856
10840 5 623
10843 47 5858
10845 47 5859
10847 25 3117
10849 47 5861
10850 25 3118
10854 25 3119
10856 47 5865
10857 5 624
10860 47 5867
10861 25 3121
10862 47 5868
10863 15 1873
10867 47 5871
10868 25 3123
10869 15 1874
10871 47 5873
10873 47 5874
10874 1 125
10878 25 3126
10880 47 5878
10884 47 5880
10885 25 3128
10886 47 5881
10891 47 5884
10892 5 626
10895 47 5886
10897 47 5887
10898 15 1879
10899 47 5888
10902 47 5890
10906 25 3134
10908 47 5893
10909 5 627
10912 47 5895
10913 25 3136
10915 15 1882
10919 47 5899
10920 25 3138
10921 47 5900
10923 47 5901
10926 47 5903
10927 5 628
10930 47 5905
10932 47 5906
10934 25 3142
10936 47 5908
10937 25 3143
10941 25 3144
10943 47 5912
10944 5 629
10947 47 5914
10948 25 3146
10949 47 5915
10950 15 1888
10954 47 5918
10955 25 3148
10956 15 1889
10958 47 5920
10960 47 5921
10961 1 126
10965 25 3151
10967 47 5925
10971 47 5927
10972 25 3153
10973 47 5928
10978 47 5931
10979 5 631
10982 47 5933
10984 47 5934
10985 15 1894
10986 47 5935
10989 47 5937
10993 25 3159
10995 47 5940
10996 5 632
10999 47 5942
11000 25 3161
11002 15 1897
11006 47 5946
11007 25 3163
11008 47 5947
11010 47 5948
11013 47 5950
11014 5 633
11017 47 5952
11019 47 5953
11021 25 3167
11023 47 5955
11024 25 3168
11028 25 3169
11030 47 5959
11031 5 634
11034 47 5961
11035 25 3171
11036 47 5962
11037 15 1903
11041 47 5965
11042 25 3173
11043 15 1904
11045 47 5967
11047 47 5968
11048 1 127
11052 25 3176
11054 47 5972
11058 47 5974
11059 25 3178
11060 47 5975
11065 47 5978
11066 5 636
11069 47 5980
11071 47 5981
11072 15 1909
11073 47 5982
11076 47 5984
11080 25 3184
11082 47 5987
11083 5 637
11086 47 5989
11087 25 3186
11089 15 1912
11093 47 5993
11094 25 3188
11095 47 5994
11097 47 5995
11100 47 5997
11101 5 638
11104 47 5999
11106 47 6000
11108 25 3192
11110 47 6002
11111 25 3193
11115 25 3194
11117 47 6006
11118 5 639
11121 47 6008
11122 25 3196
11123 47 6009
11124 15 1918
11128 47 6012
11129 25 3198
11130 15 1919
11132 47 6014
11134 47 6015
11135 1 128
11139 25 3201
11141 47 6019
11145 47 6021
11146 25 3203
11147 47 6022
11152 47 6025
11153 5 641
11156 47 6027
11158 47 6028
11159 15 1924
11160 47 6029
11163 47 6031
11167 25 3209
11169 47 6034
11170 5 642
11173 47 6036
11174 25 3211
11176 15 1927
11180 47 6040
11181 25 3213
11182 47 6041
11184 47 6042
11187 47 6044
11188 5 643
11191 47 6046
11193 47 6047
11195 25 3217
11197 47 6049
11198 25 3218
11202 25 3219
11204 47 6053
11205 5 644
11208 47 6055
11209 25 3221
11210 47 6056
11211 15 1933
11215 47 6059
11216 25 3223
11217 15 1934
11219 47 6061
11221 47 6062
11222 1 129
