7224 113 100000000 6151 1000
2 55 1
4 55 2
5 45 2
6 55 3
7 15 1
8 55 4
10 45 4
12 55 6
14 55 7
15 15 2
16 55 8
17 13 2
20 45 8
22 5 1
24 55 12
25 9 2
26 13 3
30 15 4
32 45 13
34 13 4
39 55 19
40 45 16
41 11 4
42 45 17
43 55 21
45 5 2
47 55 23
49 55 24
50 9 4
51 11 5
52 13 6
55 45 22
57 55 28
59 55 29
60 15 8
65 45 26
67 5 3
69 13 8
75 3 2
76 55 37
77 45 31
78 55 38
80 55 39
82 11 8
84 55 41
85 45 34
86 55 42
90 5 4
92 11 9
94 55 46
95 45 38
100 9 8
102 11 10
104 13 12
110 45 44
112 1 1
115 55 56
117 55 57
118 45 47
119 55 58
120 15 16
121 55 59
123 45 49
125 55 61
127 55 62
128 15 17
129 55 63
130 13 15
133 45 53
135 5 6
137 55 67
138 9 11
139 13 16
143 15 19
145 45 58
147 13 17
152 55 74
153 45 61
154 11 15
155 45 62
156 55 76
158 5 7
160 55 78
162 55 79
163 9 13
164 11 16
165 13 19
168 45 67
170 55 83
172 55 84
173 15 23
178 45 71
180 5 8
182 13 21
188 3 5
189 55 92
190 45 76
191 55 93
193 55 94
195 11 19
197 55 96
198 45 79
199 55 97
203 5 9
205 11 20
207 55 101
208 45 83
213 9 17
215 11 21
217 13 25
223 45 89
225 1 2
228 55 111
230 55 112
231 45 92
232 55 113
233 15 31
234 55 114
236 45 94
238 55 116
240 55 117
241 15 32
242 55 118
243 13 28
246 45 98
248 5 11
250 55 122
251 9 20
252 13 29
256 15 34
258 45 103
260 13 30
265 55 129
266 45 106
267 11 26
268 45 107
269 55 131
271 5 12
273 55 133
275 55 134
276 9 22
277 11 27
278 13 32
281 45 112
283 55 138
285 55 139
286 15 38
291 45 116
293 5 13
295 13 34
301 3 8
302 55 147
303 45 121
304 55 148
306 55 149
308 11 30
310 55 151
311 45 124
312 55 152
316 5 14
318 11 31
320 55 156
321 45 128
326 9 26
328 11 32
330 13 38
336 45 134
338 1 3
341 55 166
343 55 167
344 45 137
345 55 168
346 15 46
347 55 169
349 45 139
351 55 171
353 55 172
354 15 47
355 55 173
356 13 41
359 45 143
361 5 16
363 55 177
364 9 29
365 13 42
369 15 49
371 45 148
373 13 43
378 55 184
379 45 151
380 11 37
381 45 152
382 55 186
384 5 17
386 55 188
388 55 189
389 9 31
390 11 38
391 13 45
394 45 157
396 55 193
398 55 194
399 15 53
404 45 161
406 5 18
408 13 47
414 3 11
415 55 202
416 45 166
417 55 203
419 55 204
421 11 41
423 55 206
424 45 169
425 55 207
429 5 19
431 11 42
433 55 211
434 45 173
439 9 35
441 11 43
443 13 51
449 45 179
451 1 4
454 55 221
456 55 222
457 45 182
458 55 223
459 15 61
460 55 224
462 45 184
464 55 226
466 55 227
467 15 62
468 55 228
469 13 54
472 45 188
474 5 21
476 55 232
477 9 38
478 13 55
482 15 64
484 45 193
486 13 56
491 55 239
492 45 196
493 11 48
494 45 197
495 55 241
497 5 22
499 55 243
501 55 244
502 9 40
503 11 49
504 13 58
507 45 202
509 55 248
511 55 249
512 15 68
517 45 206
519 5 23
521 13 60
527 3 14
528 55 257
529 45 211
530 55 258
532 55 259
534 11 52
536 55 261
537 45 214
538 55 262
542 5 24
544 11 53
546 55 266
547 45 218
552 9 44
554 11 54
556 13 64
562 45 224
564 1 5
567 55 276
569 55 277
570 45 227
571 55 278
572 15 76
573 55 279
575 45 229
577 55 281
579 55 282
580 15 77
581 55 283
582 13 67
585 45 233
587 5 26
589 55 287
590 9 47
591 13 68
595 15 79
597 45 238
599 13 69
604 55 294
605 45 241
606 11 59
607 45 242
608 55 296
610 5 27
612 55 298
614 55 299
615 9 49
616 11 60
617 13 71
620 45 247
622 55 303
624 55 304
625 15 83
630 45 251
632 5 28
634 13 73
640 3 17
641 55 312
642 45 256
643 55 313
645 55 314
647 11 63
649 55 316
650 45 259
651 55 317
655 5 29
657 11 64
659 55 321
660 45 263
665 9 53
667 11 65
669 13 77
675 45 269
677 1 6
680 55 331
682 55 332
683 45 272
684 55 333
685 15 91
686 55 334
688 45 274
690 55 336
692 55 337
693 15 92
694 55 338
695 13 80
698 45 278
700 5 31
702 55 342
703 9 56
704 13 81
708 15 94
710 45 283
712 13 82
717 55 349
718 45 286
719 11 70
720 45 287
721 55 351
723 5 32
725 55 353
727 55 354
728 9 58
729 11 71
730 13 84
733 45 292
735 55 358
737 55 359
738 15 98
743 45 296
745 5 33
747 13 86
753 3 20
754 55 367
755 45 301
756 55 368
758 55 369
760 11 74
762 55 371
763 45 304
764 55 372
768 5 34
770 11 75
772 55 376
773 45 308
778 9 62
780 11 76
782 13 90
788 45 314
790 1 7
793 55 386
795 55 387
796 45 317
797 55 388
798 15 106
799 55 389
801 45 319
803 55 391
805 55 392
806 15 107
807 55 393
808 13 93
811 45 323
813 5 36
815 55 397
816 9 65
817 13 94
821 15 109
823 45 328
825 13 95
830 55 404
831 45 331
832 11 81
833 45 332
834 55 406
836 5 37
838 55 408
840 55 409
841 9 67
842 11 82
843 13 97
846 45 337
848 55 413
850 55 414
851 15 113
856 45 341
858 5 38
860 13 99
866 3 23
867 55 422
868 45 346
869 55 423
871 55 424
873 11 85
875 55 426
876 45 349
877 55 427
881 5 39
883 11 86
885 55 431
886 45 353
891 9 71
893 11 87
895 13 103
901 45 359
903 1 8
906 55 441
908 55 442
909 45 362
910 55 443
911 15 121
912 55 444
914 45 364
916 55 446
918 55 447
919 15 122
920 55 448
921 13 106
924 45 368
926 5 41
928 55 452
929 9 74
930 13 107
934 15 124
936 45 373
938 13 108
943 55 459
944 45 376
945 11 92
946 45 377
947 55 461
949 5 42
951 55 463
953 55 464
954 9 76
955 11 93
956 13 110
959 45 382
961 55 468
963 55 469
964 15 128
969 45 386
971 5 43
973 13 112
979 3 26
980 55 477
981 45 391
982 55 478
984 55 479
986 11 96
988 55 481
989 45 394
990 55 482
994 5 44
996 11 97
998 55 486
999 45 398
1004 9 80
1006 11 98
1008 13 116
1014 45 404
1016 1 9
1019 55 496
1021 55 497
1022 45 407
1023 55 498
1024 15 136
1025 55 499
1027 45 409
1029 55 501
1031 55 502
1032 15 137
1033 55 503
1034 13 119
1037 45 413
1039 5 46
1041 55 507
1042 9 83
1043 13 120
1047 15 139
1049 45 418
1051 13 121
1056 55 514
1057 45 421
1058 11 103
1059 45 422
1060 55 516
1062 5 47
1064 55 518
1066 55 519
1067 9 85
1068 11 104
1069 13 123
1072 45 427
1074 55 523
1076 55 524
1077 15 143
1082 45 431
1084 5 48
1086 13 125
1092 3 29
1093 55 532
1094 45 436
1095 55 533
1097 55 534
1099 11 107
1101 55 536
1102 45 439
1103 55 537
1107 5 49
1109 11 108
1111 55 541
1112 45 443
1117 9 89
1119 11 109
1121 13 129
1127 45 449
1129 1 10
1132 55 551
1134 55 552
1135 45 452
1136 55 553
1137 15 151
1138 55 554
1140 45 454
1142 55 556
1144 55 557
1145 15 152
1146 55 558
1147 13 132
1150 45 458
1152 5 51
1154 55 562
1155 9 92
1156 13 133
1160 15 154
1162 45 463
1164 13 134
1169 55 569
1170 45 466
1171 11 114
1172 45 467
1173 55 571
1175 5 52
1177 55 573
1179 55 574
1180 9 94
1181 11 115
1182 13 136
1185 45 472
1187 55 578
1189 55 579
1190 15 158
1195 45 476
1197 5 53
1199 13 138
1205 3 32
1206 55 587
1207 45 481
1208 55 588
1210 55 589
1212 11 118
1214 55 591
1215 45 484
1216 55 592
1220 5 54
1222 11 119
1224 55 596
1225 45 488
1230 9 98
1232 11 120
1234 13 142
1240 45 494
1242 1 11
1245 55 606
1247 55 607
1248 45 497
1249 55 608
1250 15 166
1251 55 609
1253 45 499
1255 55 611
1257 55 612
1258 15 167
1259 55 613
1260 13 145
1263 45 503
1265 5 56
1267 55 617
1268 9 101
1269 13 146
1273 15 169
1275 45 508
1277 13 147
1282 55 624
1283 45 511
1284 11 125
1285 45 512
1286 55 626
1288 5 57
1290 55 628
1292 55 629
1293 9 103
1294 11 126
1295 13 149
1298 45 517
1300 55 633
1302 55 634
1303 15 173
1308 45 521
1310 5 58
1312 13 151
1318 3 35
1319 55 642
1320 45 526
1321 55 643
1323 55 644
1325 11 129
1327 55 646
1328 45 529
1329 55 647
1333 5 59
1335 11 130
1337 55 651
1338 45 533
1343 9 107
1345 11 131
1347 13 155
1353 45 539
1355 1 12
1358 55 661
1360 55 662
1361 45 542
1362 55 663
1363 15 181
1364 55 664
1366 45 544
1368 55 666
1370 55 667
1371 15 182
1372 55 668
1373 13 158
1376 45 548
1378 5 61
1380 55 672
1381 9 110
1382 13 159
1386 15 184
1388 45 553
1390 13 160
1395 55 679
1396 45 556
1397 11 136
1398 45 557
1399 55 681
1401 5 62
1403 55 683
1405 55 684
1406 9 112
1407 11 137
1408 13 162
1411 45 562
1413 55 688
1415 55 689
1416 15 188
1421 45 566
1423 5 63
1425 13 164
1431 3 38
1432 55 697
1433 45 571
1434 55 698
1436 55 699
1438 11 140
1440 55 701
1441 45 574
1442 55 702
1446 5 64
1448 11 141
1450 55 706
1451 45 578
1456 9 116
1458 11 142
1460 13 168
1466 45 584
1468 1 13
1471 55 716
1473 55 717
1474 45 587
1475 55 718
1476 15 196
1477 55 719
1479 45 589
1481 55 721
1483 55 722
1484 15 197
1485 55 723
1486 13 171
1489 45 593
1491 5 66
1493 55 727
1494 9 119
1495 13 172
1499 15 199
1501 45 598
1503 13 173
1508 55 734
1509 45 601
1510 11 147
1511 45 602
1512 55 736
1514 5 67
1516 55 738
1518 55 739
1519 9 121
1520 11 148
1521 13 175
1524 45 607
1526 55 743
1528 55 744
1529 15 203
1534 45 611
1536 5 68
1538 13 177
1544 3 41
1545 55 752
1546 45 616
1547 55 753
1549 55 754
1551 11 151
1553 55 756
1554 45 619
1555 55 757
1559 5 69
1561 11 152
1563 55 761
1564 45 623
1569 9 125
1571 11 153
1573 13 181
1579 45 629
1581 1 14
1584 55 771
1586 55 772
1587 45 632
1588 55 773
1589 15 211
1590 55 774
1592 45 634
1594 55 776
1596 55 777
1597 15 212
1598 55 778
1599 13 184
1602 45 638
1604 5 71
1606 55 782
1607 9 128
1608 13 185
1612 15 214
1614 45 643
1616 13 186
1621 55 789
1622 45 646
1623 11 158
1624 45 647
1625 55 791
1627 5 72
1629 55 793
1631 55 794
1632 9 130
1633 11 159
1634 13 188
1637 45 652
1639 55 798
1641 55 799
1642 15 218
1647 45 656
1649 5 73
1651 13 190
1657 3 44
1658 55 807
1659 45 661
1660 55 808
1662 55 809
1664 11 162
1666 55 811
1667 45 664
1668 55 812
1672 5 74
1674 11 163
1676 55 816
1677 45 668
1682 9 134
1684 11 164
1686 13 194
1692 45 674
1694 1 15
1697 55 826
1699 55 827
1700 45 677
1701 55 828
1702 15 226
1703 55 829
1705 45 679
1707 55 831
1709 55 832
1710 15 227
1711 55 833
1712 13 197
1715 45 683
1717 5 76
1719 55 837
1720 9 137
1721 13 198
1725 15 229
1727 45 688
1729 13 199
1734 55 844
1735 45 691
1736 11 169
1737 45 692
1738 55 846
1740 5 77
1742 55 848
1744 55 849
1745 9 139
1746 11 170
1747 13 201
1750 45 697
1752 55 853
1754 55 854
1755 15 233
1760 45 701
1762 5 78
1764 13 203
1770 3 47
1771 55 862
1772 45 706
1773 55 863
1775 55 864
1777 11 173
1779 55 866
1780 45 709
1781 55 867
1785 5 79
1787 11 174
1789 55 871
1790 45 713
1795 9 143
1797 11 175
1799 13 207
1805 45 719
1807 1 16
1810 55 881
1812 55 882
1813 45 722
1814 55 883
1815 15 241
1816 55 884
1818 45 724
1820 55 886
1822 55 887
1823 15 242
1824 55 888
1825 13 210
1828 45 728
1830 5 81
1832 55 892
1833 9 146
1834 13 211
1838 15 244
1840 45 733
1842 13 212
1847 55 899
1848 45 736
1849 11 180
1850 45 737
1851 55 901
1853 5 82
1855 55 903
1857 55 904
1858 9 148
1859 11 181
1860 13 214
1863 45 742
1865 55 908
1867 55 909
1868 15 248
1873 45 746
1875 5 83
1877 13 216
1883 3 50
1884 55 917
1885 45 751
1886 55 918
1888 55 919
1890 11 184
1892 55 921
1893 45 754
1894 55 922
1898 5 84
1900 11 185
1902 55 926
1903 45 758
1908 9 152
1910 11 186
1912 13 220
1918 45 764
1920 1 17
1923 55 936
1925 55 937
1926 45 767
1927 55 938
1928 15 256
1929 55 939
1931 45 769
1933 55 941
1935 55 942
1936 15 257
1937 55 943
1938 13 223
1941 45 773
1943 5 86
1945 55 947
1946 9 155
1947 13 224
1951 15 259
1953 45 778
1955 13 225
1960 55 954
1961 45 781
1962 11 191
1963 45 782
1964 55 956
1966 5 87
1968 55 958
1970 55 959
1971 9 157
1972 11 192
1973 13 227
1976 45 787
1978 55 963
1980 55 964
1981 15 263
1986 45 791
1988 5 88
1990 13 229
1996 3 53
1997 55 972
1998 45 796
1999 55 973
2001 55 974
2003 11 195
2005 55 976
2006 45 799
2007 55 977
2011 5 89
2013 11 196
2015 55 981
2016 45 803
2021 9 161
2023 11 197
2025 13 233
2031 45 809
2033 1 18
2036 55 991
2038 55 992
2039 45 812
2040 55 993
2041 15 271
2042 55 994
2044 45 814
2046 55 996
2048 55 997
2049 15 272
2050 55 998
2051 13 236
2054 45 818
2056 5 91
2058 55 1002
2059 9 164
2060 13 237
2064 15 274
2066 45 823
2068 13 238
2073 55 1009
2074 45 826
2075 11 202
2076 45 827
2077 55 1011
2079 5 92
2081 55 1013
2083 55 1014
2084 9 166
2085 11 203
2086 13 240
2089 45 832
2091 55 1018
2093 55 1019
2094 15 278
2099 45 836
2101 5 93
2103 13 242
2109 3 56
2110 55 1027
2111 45 841
2112 55 1028
2114 55 1029
2116 11 206
2118 55 1031
2119 45 844
2120 55 1032
2124 5 94
2126 11 207
2128 55 1036
2129 45 848
2134 9 170
2136 11 208
2138 13 246
2144 45 854
2146 1 19
2149 55 1046
2151 55 1047
2152 45 857
2153 55 1048
2154 15 286
2155 55 1049
2157 45 859
2159 55 1051
2161 55 1052
2162 15 287
2163 55 1053
2164 13 249
2167 45 863
2169 5 96
2171 55 1057
2172 9 173
2173 13 250
2177 15 289
2179 45 868
2181 13 251
2186 55 1064
2187 45 871
2188 11 213
2189 45 872
2190 55 1066
2192 5 97
2194 55 1068
2196 55 1069
2197 9 175
2198 11 214
2199 13 253
2202 45 877
2204 55 1073
2206 55 1074
2207 15 293
2212 45 881
2214 5 98
2216 13 255
2222 3 59
2223 55 1082
2224 45 886
2225 55 1083
2227 55 1084
2229 11 217
2231 55 1086
2232 45 889
2233 55 1087
2237 5 99
2239 11 218
2241 55 1091
2242 45 893
2247 9 179
2249 11 219
2251 13 259
2257 45 899
2259 1 20
2262 55 1101
2264 55 1102
2265 45 902
2266 55 1103
2267 15 301
2268 55 1104
2270 45 904
2272 55 1106
2274 55 1107
2275 15 302
2276 55 1108
2277 13 262
2280 45 908
2282 5 101
2284 55 1112
2285 9 182
2286 13 263
2290 15 304
2292 45 913
2294 13 264
2299 55 1119
2300 45 916
2301 11 224
2302 45 917
2303 55 1121
2305 5 102
2307 55 1123
2309 55 1124
2310 9 184
2311 11 225
2312 13 266
2315 45 922
2317 55 1128
2319 55 1129
2320 15 308
2325 45 926
2327 5 103
2329 13 268
2335 3 62
2336 55 1137
2337 45 931
2338 55 1138
2340 55 1139
2342 11 228
2344 55 1141
2345 45 934
2346 55 1142
2350 5 104
2352 11 229
2354 55 1146
2355 45 938
2360 9 188
2362 11 230
2364 13 272
2370 45 944
2372 1 21
2375 55 1156
2377 55 1157
2378 45 947
2379 55 1158
2380 15 316
2381 55 1159
2383 45 949
2385 55 1161
2387 55 1162
2388 15 317
2389 55 1163
2390 13 275
2393 45 953
2395 5 106
2397 55 1167
2398 9 191
2399 13 276
2403 15 319
2405 45 958
2407 13 277
2412 55 1174
2413 45 961
2414 11 235
2415 45 962
2416 55 1176
2418 5 107
2420 55 1178
2422 55 1179
2423 9 193
2424 11 236
2425 13 279
2428 45 967
2430 55 1183
2432 55 1184
2433 15 323
2438 45 971
2440 5 108
2442 13 281
2448 3 65
2449 55 1192
2450 45 976
2451 55 1193
2453 55 1194
2455 11 239
2457 55 1196
2458 45 979
2459 55 1197
2463 5 109
2465 11 240
2467 55 1201
2468 45 983
2473 9 197
2475 11 241
2477 13 285
2483 45 989
2485 1 22
2488 55 1211
2490 55 1212
2491 45 992
2492 55 1213
2493 15 331
2494 55 1214
2496 45 994
2498 55 1216
2500 55 1217
2501 15 332
2502 55 1218
2503 13 288
2506 45 998
2508 5 111
2510 55 1222
2511 9 200
2512 13 289
2516 15 334
2518 45 1003
2520 13 290
2525 55 1229
2526 45 1006
2527 11 246
2528 45 1007
2529 55 1231
2531 5 112
2533 55 1233
2535 55 1234
2536 9 202
2537 11 247
2538 13 292
2541 45 1012
2543 55 1238
2545 55 1239
2546 15 338
2551 45 1016
2553 5 113
2555 13 294
2561 3 68
2562 55 1247
2563 45 1021
2564 55 1248
2566 55 1249
2568 11 250
2570 55 1251
2571 45 1024
2572 55 1252
2576 5 114
2578 11 251
2580 55 1256
2581 45 1028
2586 9 206
2588 11 252
2590 13 298
2596 45 1034
2598 1 23
2601 55 1266
2603 55 1267
2604 45 1037
2605 55 1268
2606 15 346
2607 55 1269
2609 45 1039
2611 55 1271
2613 55 1272
2614 15 347
2615 55 1273
2616 13 301
2619 45 1043
2621 5 116
2623 55 1277
2624 9 209
2625 13 302
2629 15 349
2631 45 1048
2633 13 303
2638 55 1284
2639 45 1051
2640 11 257
2641 45 1052
2642 55 1286
2644 5 117
2646 55 1288
2648 55 1289
2649 9 211
2650 11 258
2651 13 305
2654 45 1057
2656 55 1293
2658 55 1294
2659 15 353
2664 45 1061
2666 5 118
2668 13 307
2674 3 71
2675 55 1302
2676 45 1066
2677 55 1303
2679 55 1304
2681 11 261
2683 55 1306
2684 45 1069
2685 55 1307
2689 5 119
2691 11 262
2693 55 1311
2694 45 1073
2699 9 215
2701 11 263
2703 13 311
2709 45 1079
2711 1 24
2714 55 1321
2716 55 1322
2717 45 1082
2718 55 1323
2719 15 361
2720 55 1324
2722 45 1084
2724 55 1326
2726 55 1327
2727 15 362
2728 55 1328
2729 13 314
2732 45 1088
2734 5 121
2736 55 1332
2737 9 218
2738 13 315
2742 15 364
2744 45 1093
2746 13 316
2751 55 1339
2752 45 1096
2753 11 268
2754 45 1097
2755 55 1341
2757 5 122
2759 55 1343
2761 55 1344
2762 9 220
2763 11 269
2764 13 318
2767 45 1102
2769 55 1348
2771 55 1349
2772 15 368
2777 45 1106
2779 5 123
2781 13 320
2787 3 74
2788 55 1357
2789 45 1111
2790 55 1358
2792 55 1359
2794 11 272
2796 55 1361
2797 45 1114
2798 55 1362
2802 5 124
2804 11 273
2806 55 1366
2807 45 1118
2812 9 224
2814 11 274
2816 13 324
2822 45 1124
2824 1 25
2827 55 1376
2829 55 1377
2830 45 1127
2831 55 1378
2832 15 376
2833 55 1379
2835 45 1129
2837 55 1381
2839 55 1382
2840 15 377
2841 55 1383
2842 13 327
2845 45 1133
2847 5 126
2849 55 1387
2850 9 227
2851 13 328
2855 15 379
2857 45 1138
2859 13 329
2864 55 1394
2865 45 1141
2866 11 279
2867 45 1142
2868 55 1396
2870 5 127
2872 55 1398
2874 55 1399
2875 9 229
2876 11 280
2877 13 331
2880 45 1147
2882 55 1403
2884 55 1404
2885 15 383
2890 45 1151
2892 5 128
2894 13 333
2900 3 77
2901 55 1412
2902 45 1156
2903 55 1413
2905 55 1414
2907 11 283
2909 55 1416
2910 45 1159
2911 55 1417
2915 5 129
2917 11 284
2919 55 1421
2920 45 1163
2925 9 233
2927 11 285
2929 13 337
2935 45 1169
2937 1 26
2940 55 1431
2942 55 1432
2943 45 1172
2944 55 1433
2945 15 391
2946 55 1434
2948 45 1174
2950 55 1436
2952 55 1437
2953 15 392
2954 55 1438
2955 13 340
2958 45 1178
2960 5 131
2962 55 1442
2963 9 236
2964 13 341
2968 15 394
2970 45 1183
2972 13 342
2977 55 1449
2978 45 1186
2979 11 290
2980 45 1187
2981 55 1451
2983 5 132
2985 55 1453
2987 55 1454
2988 9 238
2989 11 291
2990 13 344
2993 45 1192
2995 55 1458
2997 55 1459
2998 15 398
3003 45 1196
3005 5 133
3007 13 346
3013 3 80
3014 55 1467
3015 45 1201
3016 55 1468
3018 55 1469
3020 11 294
3022 55 1471
3023 45 1204
3024 55 1472
3028 5 134
3030 11 295
3032 55 1476
3033 45 1208
3038 9 242
3040 11 296
3042 13 350
3048 45 1214
3050 1 27
3053 55 1486
3055 55 1487
3056 45 1217
3057 55 1488
3058 15 406
3059 55 1489
3061 45 1219
3063 55 1491
3065 55 1492
3066 15 407
3067 55 1493
3068 13 353
3071 45 1223
3073 5 136
3075 55 1497
3076 9 245
3077 13 354
3081 15 409
3083 45 1228
3085 13 355
3090 55 1504
3091 45 1231
3092 11 301
3093 45 1232
3094 55 1506
3096 5 137
3098 55 1508
3100 55 1509
3101 9 247
3102 11 302
3103 13 357
3106 45 1237
3108 55 1513
3110 55 1514
3111 15 413
3116 45 1241
3118 5 138
3120 13 359
3126 3 83
3127 55 1522
3128 45 1246
3129 55 1523
3131 55 1524
3133 11 305
3135 55 1526
3136 45 1249
3137 55 1527
3141 5 139
3143 11 306
3145 55 1531
3146 45 1253
3151 9 251
3153 11 307
3155 13 363
3161 45 1259
3163 1 28
3166 55 1541
3168 55 1542
3169 45 1262
3170 55 1543
3171 15 421
3172 55 1544
3174 45 1264
3176 55 1546
3178 55 1547
3179 15 422
3180 55 1548
3181 13 366
3184 45 1268
3186 5 141
3188 55 1552
3189 9 254
3190 13 367
3194 15 424
3196 45 1273
3198 13 368
3203 55 1559
3204 45 1276
3205 11 312
3206 45 1277
3207 55 1561
3209 5 142
3211 55 1563
3213 55 1564
3214 9 256
3215 11 313
3216 13 370
3219 45 1282
3221 55 1568
3223 55 1569
3224 15 428
3229 45 1286
3231 5 143
3233 13 372
3239 3 86
3240 55 1577
3241 45 1291
3242 55 1578
3244 55 1579
3246 11 316
3248 55 1581
3249 45 1294
3250 55 1582
3254 5 144
3256 11 317
3258 55 1586
3259 45 1298
3264 9 260
3266 11 318
3268 13 376
3274 45 1304
3276 1 29
3279 55 1596
3281 55 1597
3282 45 1307
3283 55 1598
3284 15 436
3285 55 1599
3287 45 1309
3289 55 1601
3291 55 1602
3292 15 437
3293 55 1603
3294 13 379
3297 45 1313
3299 5 146
3301 55 1607
3302 9 263
3303 13 380
3307 15 439
3309 45 1318
3311 13 381
3316 55 1614
3317 45 1321
3318 11 323
3319 45 1322
3320 55 1616
3322 5 147
3324 55 1618
3326 55 1619
3327 9 265
3328 11 324
3329 13 383
3332 45 1327
3334 55 1623
3336 55 1624
3337 15 443
3342 45 1331
3344 5 148
3346 13 385
3352 3 89
3353 55 1632
3354 45 1336
3355 55 1633
3357 55 1634
3359 11 327
3361 55 1636
3362 45 1339
3363 55 1637
3367 5 149
3369 11 328
3371 55 1641
3372 45 1343
3377 9 269
3379 11 329
3381 13 389
3387 45 1349
3389 1 30
3392 55 1651
3394 55 1652
3395 45 1352
3396 55 1653
3397 15 451
3398 55 1654
3400 45 1354
3402 55 1656
3404 55 1657
3405 15 452
3406 55 1658
3407 13 392
3410 45 1358
3412 5 151
3414 55 1662
3415 9 272
3416 13 393
3420 15 454
3422 45 1363
3424 13 394
3429 55 1669
3430 45 1366
3431 11 334
3432 45 1367
3433 55 1671
3435 5 152
3437 55 1673
3439 55 1674
3440 9 274
3441 11 335
3442 13 396
3445 45 1372
3447 55 1678
3449 55 1679
3450 15 458
3455 45 1376
3457 5 153
3459 13 398
3465 3 92
3466 55 1687
3467 45 1381
3468 55 1688
3470 55 1689
3472 11 338
3474 55 1691
3475 45 1384
3476 55 1692
3480 5 154
3482 11 339
3484 55 1696
3485 45 1388
3490 9 278
3492 11 340
3494 13 402
3500 45 1394
3502 1 31
3505 55 1706
3507 55 1707
3508 45 1397
3509 55 1708
3510 15 466
3511 55 1709
3513 45 1399
3515 55 1711
3517 55 1712
3518 15 467
3519 55 1713
3520 13 405
3523 45 1403
3525 5 156
3527 55 1717
3528 9 281
3529 13 406
3533 15 469
3535 45 1408
3537 13 407
3542 55 1724
3543 45 1411
3544 11 345
3545 45 1412
3546 55 1726
3548 5 157
3550 55 1728
3552 55 1729
3553 9 283
3554 11 346
3555 13 409
3558 45 1417
3560 55 1733
3562 55 1734
3563 15 473
3568 45 1421
3570 5 158
3572 13 411
3578 3 95
3579 55 1742
3580 45 1426
3581 55 1743
3583 55 1744
3585 11 349
3587 55 1746
3588 45 1429
3589 55 1747
3593 5 159
3595 11 350
3597 55 1751
3598 45 1433
3603 9 287
3605 11 351
3607 13 415
3613 45 1439
3615 1 32
3618 55 1761
3620 55 1762
3621 45 1442
3622 55 1763
3623 15 481
3624 55 1764
3626 45 1444
3628 55 1766
3630 55 1767
3631 15 482
3632 55 1768
3633 13 418
3636 45 1448
3638 5 161
3640 55 1772
3641 9 290
3642 13 419
3646 15 484
3648 45 1453
3650 13 420
3655 55 1779
3656 45 1456
3657 11 356
3658 45 1457
3659 55 1781
3661 5 162
3663 55 1783
3665 55 1784
3666 9 292
3667 11 357
3668 13 422
3671 45 1462
3673 55 1788
3675 55 1789
3676 15 488
3681 45 1466
3683 5 163
3685 13 424
3691 3 98
3692 55 1797
3693 45 1471
3694 55 1798
3696 55 1799
3698 11 360
3700 55 1801
3701 45 1474
3702 55 1802
3706 5 164
3708 11 361
3710 55 1806
3711 45 1478
3716 9 296
3718 11 362
3720 13 428
3726 45 1484
3728 1 33
3731 55 1816
3733 55 1817
3734 45 1487
3735 55 1818
3736 15 496
3737 55 1819
3739 45 1489
3741 55 1821
3743 55 1822
3744 15 497
3745 55 1823
3746 13 431
3749 45 1493
3751 5 166
3753 55 1827
3754 9 299
3755 13 432
3759 15 499
3761 45 1498
3763 13 433
3768 55 1834
3769 45 1501
3770 11 367
3771 45 1502
3772 55 1836
3774 5 167
3776 55 1838
3778 55 1839
3779 9 301
3780 11 368
3781 13 435
3784 45 1507
3786 55 1843
3788 55 1844
3789 15 503
3794 45 1511
3796 5 168
3798 13 437
3804 3 101
3805 55 1852
3806 45 1516
3807 55 1853
3809 55 1854
3811 11 371
3813 55 1856
3814 45 1519
3815 55 1857
3819 5 169
3821 11 372
3823 55 1861
3824 45 1523
3829 9 305
3831 11 373
3833 13 441
3839 45 1529
3841 1 34
3844 55 1871
3846 55 1872
3847 45 1532
3848 55 1873
3849 15 511
3850 55 1874
3852 45 1534
3854 55 1876
3856 55 1877
3857 15 512
3858 55 1878
3859 13 444
3862 45 1538
3864 5 171
3866 55 1882
3867 9 308
3868 13 445
3872 15 514
3874 45 1543
3876 13 446
3881 55 1889
3882 45 1546
3883 11 378
3884 45 1547
3885 55 1891
3887 5 172
3889 55 1893
3891 55 1894
3892 9 310
3893 11 379
3894 13 448
3897 45 1552
3899 55 1898
3901 55 1899
3902 15 518
3907 45 1556
3909 5 173
3911 13 450
3917 3 104
3918 55 1907
3919 45 1561
3920 55 1908
3922 55 1909
3924 11 382
3926 55 1911
3927 45 1564
3928 55 1912
3932 5 174
3934 11 383
3936 55 1916
3937 45 1568
3942 9 314
3944 11 384
3946 13 454
3952 45 1574
3954 1 35
3957 55 1926
3959 55 1927
3960 45 1577
3961 55 1928
3962 15 526
3963 55 1929
3965 45 1579
3967 55 1931
3969 55 1932
3970 15 527
3971 55 1933
3972 13 457
3975 45 1583
3977 5 176
3979 55 1937
3980 9 317
3981 13 458
3985 15 529
3987 45 1588
3989 13 459
3994 55 1944
3995 45 1591
3996 11 389
3997 45 1592
3998 55 1946
4000 5 177
4002 55 1948
4004 55 1949
4005 9 319
4006 11 390
4007 13 461
4010 45 1597
4012 55 1953
4014 55 1954
4015 15 533
4020 45 1601
4022 5 178
4024 13 463
4030 3 107
4031 55 1962
4032 45 1606
4033 55 1963
4035 55 1964
4037 11 393
4039 55 1966
4040 45 1609
4041 55 1967
4045 5 179
4047 11 394
4049 55 1971
4050 45 1613
4055 9 323
4057 11 395
4059 13 467
4065 45 1619
4067 1 36
4070 55 1981
4072 55 1982
4073 45 1622
4074 55 1983
4075 15 541
4076 55 1984
4078 45 1624
4080 55 1986
4082 55 1987
4083 15 542
4084 55 1988
4085 13 470
4088 45 1628
4090 5 181
4092 55 1992
4093 9 326
4094 13 471
4098 15 544
4100 45 1633
4102 13 472
4107 55 1999
4108 45 1636
4109 11 400
4110 45 1637
4111 55 2001
4113 5 182
4115 55 2003
4117 55 2004
4118 9 328
4119 11 401
4120 13 474
4123 45 1642
4125 55 2008
4127 55 2009
4128 15 548
4133 45 1646
4135 5 183
4137 13 476
4143 3 110
4144 55 2017
4145 45 1651
4146 55 2018
4148 55 2019
4150 11 404
4152 55 2021
4153 45 1654
4154 55 2022
4158 5 184
4160 11 405
4162 55 2026
4163 45 1658
4168 9 332
4170 11 406
4172 13 480
4178 45 1664
4180 1 37
4183 55 2036
4185 55 2037
4186 45 1667
4187 55 2038
4188 15 556
4189 55 2039
4191 45 1669
4193 55 2041
4195 55 2042
4196 15 557
4197 55 2043
4198 13 483
4201 45 1673
4203 5 186
4205 55 2047
4206 9 335
4207 13 484
4211 15 559
4213 45 1678
4215 13 485
4220 55 2054
4221 45 1681
4222 11 411
4223 45 1682
4224 55 2056
4226 5 187
4228 55 2058
4230 55 2059
4231 9 337
4232 11 412
4233 13 487
4236 45 1687
4238 55 2063
4240 55 2064
4241 15 563
4246 45 1691
4248 5 188
4250 13 489
4256 3 113
4257 55 2072
4258 45 1696
4259 55 2073
4261 55 2074
4263 11 415
4265 55 2076
4266 45 1699
4267 55 2077
4271 5 189
4273 11 416
4275 55 2081
4276 45 1703
4281 9 341
4283 11 417
4285 13 493
4291 45 1709
4293 1 38
4296 55 2091
4298 55 2092
4299 45 1712
4300 55 2093
4301 15 571
4302 55 2094
4304 45 1714
4306 55 2096
4308 55 2097
4309 15 572
4310 55 2098
4311 13 496
4314 45 1718
4316 5 191
4318 55 2102
4319 9 344
4320 13 497
4324 15 574
4326 45 1723
4328 13 498
4333 55 2109
4334 45 1726
4335 11 422
4336 45 1727
4337 55 2111
4339 5 192
4341 55 2113
4343 55 2114
4344 9 346
4345 11 423
4346 13 500
4349 45 1732
4351 55 2118
4353 55 2119
4354 15 578
4359 45 1736
4361 5 193
4363 13 502
4369 3 116
4370 55 2127
4371 45 1741
4372 55 2128
4374 55 2129
4376 11 426
4378 55 2131
4379 45 1744
4380 55 2132
4384 5 194
4386 11 427
4388 55 2136
4389 45 1748
4394 9 350
4396 11 428
4398 13 506
4404 45 1754
4406 1 39
4409 55 2146
4411 55 2147
4412 45 1757
4413 55 2148
4414 15 586
4415 55 2149
4417 45 1759
4419 55 2151
4421 55 2152
4422 15 587
4423 55 2153
4424 13 509
4427 45 1763
4429 5 196
4431 55 2157
4432 9 353
4433 13 510
4437 15 589
4439 45 1768
4441 13 511
4446 55 2164
4447 45 1771
4448 11 433
4449 45 1772
4450 55 2166
4452 5 197
4454 55 2168
4456 55 2169
4457 9 355
4458 11 434
4459 13 513
4462 45 1777
4464 55 2173
4466 55 2174
4467 15 593
4472 45 1781
4474 5 198
4476 13 515
4482 3 119
4483 55 2182
4484 45 1786
4485 55 2183
4487 55 2184
4489 11 437
4491 55 2186
4492 45 1789
4493 55 2187
4497 5 199
4499 11 438
4501 55 2191
4502 45 1793
4507 9 359
4509 11 439
4511 13 519
4517 45 1799
4519 1 40
4522 55 2201
4524 55 2202
4525 45 1802
4526 55 2203
4527 15 601
4528 55 2204
4530 45 1804
4532 55 2206
4534 55 2207
4535 15 602
4536 55 2208
4537 13 522
4540 45 1808
4542 5 201
4544 55 2212
4545 9 362
4546 13 523
4550 15 604
4552 45 1813
4554 13 524
4559 55 2219
4560 45 1816
4561 11 444
4562 45 1817
4563 55 2221
4565 5 202
4567 55 2223
4569 55 2224
4570 9 364
4571 11 445
4572 13 526
4575 45 1822
4577 55 2228
4579 55 2229
4580 15 608
4585 45 1826
4587 5 203
4589 13 528
4595 3 122
4596 55 2237
4597 45 1831
4598 55 2238
4600 55 2239
4602 11 448
4604 55 2241
4605 45 1834
4606 55 2242
4610 5 204
4612 11 449
4614 55 2246
4615 45 1838
4620 9 368
4622 11 450
4624 13 532
4630 45 1844
4632 1 41
4635 55 2256
4637 55 2257
4638 45 1847
4639 55 2258
4640 15 616
4641 55 2259
4643 45 1849
4645 55 2261
4647 55 2262
4648 15 617
4649 55 2263
4650 13 535
4653 45 1853
4655 5 206
4657 55 2267
4658 9 371
4659 13 536
4663 15 619
4665 45 1858
4667 13 537
4672 55 2274
4673 45 1861
4674 11 455
4675 45 1862
4676 55 2276
4678 5 207
4680 55 2278
4682 55 2279
4683 9 373
4684 11 456
4685 13 539
4688 45 1867
4690 55 2283
4692 55 2284
4693 15 623
4698 45 1871
4700 5 208
4702 13 541
4708 3 125
4709 55 2292
4710 45 1876
4711 55 2293
4713 55 2294
4715 11 459
4717 55 2296
4718 45 1879
4719 55 2297
4723 5 209
4725 11 460
4727 55 2301
4728 45 1883
4733 9 377
4735 11 461
4737 13 545
4743 45 1889
4745 1 42
4748 55 2311
4750 55 2312
4751 45 1892
4752 55 2313
4753 15 631
4754 55 2314
4756 45 1894
4758 55 2316
4760 55 2317
4761 15 632
4762 55 2318
4763 13 548
4766 45 1898
4768 5 211
4770 55 2322
4771 9 380
4772 13 549
4776 15 634
4778 45 1903
4780 13 550
4785 55 2329
4786 45 1906
4787 11 466
4788 45 1907
4789 55 2331
4791 5 212
4793 55 2333
4795 55 2334
4796 9 382
4797 11 467
4798 13 552
4801 45 1912
4803 55 2338
4805 55 2339
4806 15 638
4811 45 1916
4813 5 213
4815 13 554
4821 3 128
4822 55 2347
4823 45 1921
4824 55 2348
4826 55 2349
4828 11 470
4830 55 2351
4831 45 1924
4832 55 2352
4836 5 214
4838 11 471
4840 55 2356
4841 45 1928
4846 9 386
4848 11 472
4850 13 558
4856 45 1934
4858 1 43
4861 55 2366
4863 55 2367
4864 45 1937
4865 55 2368
4866 15 646
4867 55 2369
4869 45 1939
4871 55 2371
4873 55 2372
4874 15 647
4875 55 2373
4876 13 561
4879 45 1943
4881 5 216
4883 55 2377
4884 9 389
4885 13 562
4889 15 649
4891 45 1948
4893 13 563
4898 55 2384
4899 45 1951
4900 11 477
4901 45 1952
4902 55 2386
4904 5 217
4906 55 2388
4908 55 2389
4909 9 391
4910 11 478
4911 13 565
4914 45 1957
4916 55 2393
4918 55 2394
4919 15 653
4924 45 1961
4926 5 218
4928 13 567
4934 3 131
4935 55 2402
4936 45 1966
4937 55 2403
4939 55 2404
4941 11 481
4943 55 2406
4944 45 1969
4945 55 2407
4949 5 219
4951 11 482
4953 55 2411
4954 45 1973
4959 9 395
4961 11 483
4963 13 571
4969 45 1979
4971 1 44
4974 55 2421
4976 55 2422
4977 45 1982
4978 55 2423
4979 15 661
4980 55 2424
4982 45 1984
4984 55 2426
4986 55 2427
4987 15 662
4988 55 2428
4989 13 574
4992 45 1988
4994 5 221
4996 55 2432
4997 9 398
4998 13 575
5002 15 664
5004 45 1993
5006 13 576
5011 55 2439
5012 45 1996
5013 11 488
5014 45 1997
5015 55 2441
5017 5 222
5019 55 2443
5021 55 2444
5022 9 400
5023 11 489
5024 13 578
5027 45 2002
5029 55 2448
5031 55 2449
5032 15 668
5037 45 2006
5039 5 223
5041 13 580
5047 3 134
5048 55 2457
5049 45 2011
5050 55 2458
5052 55 2459
5054 11 492
5056 55 2461
5057 45 2014
5058 55 2462
5062 5 224
5064 11 493
5066 55 2466
5067 45 2018
5072 9 404
5074 11 494
5076 13 584
5082 45 2024
5084 1 45
5087 55 2476
5089 55 2477
5090 45 2027
5091 55 2478
5092 15 676
5093 55 2479
5095 45 2029
5097 55 2481
5099 55 2482
5100 15 677
5101 55 2483
5102 13 587
5105 45 2033
5107 5 226
5109 55 2487
5110 9 407
5111 13 588
5115 15 679
5117 45 2038
5119 13 589
5124 55 2494
5125 45 2041
5126 11 499
5127 45 2042
5128 55 2496
5130 5 227
5132 55 2498
5134 55 2499
5135 9 409
5136 11 500
5137 13 591
5140 45 2047
5142 55 2503
5144 55 2504
5145 15 683
5150 45 2051
5152 5 228
5154 13 593
5160 3 137
5161 55 2512
5162 45 2056
5163 55 2513
5165 55 2514
5167 11 503
5169 55 2516
5170 45 2059
5171 55 2517
5175 5 229
5177 11 504
5179 55 2521
5180 45 2063
5185 9 413
5187 11 505
5189 13 597
5195 45 2069
5197 1 46
5200 55 2531
5202 55 2532
5203 45 2072
5204 55 2533
5205 15 691
5206 55 2534
5208 45 2074
5210 55 2536
5212 55 2537
5213 15 692
5214 55 2538
5215 13 600
5218 45 2078
5220 5 231
5222 55 2542
5223 9 416
5224 13 601
5228 15 694
5230 45 2083
5232 13 602
5237 55 2549
5238 45 2086
5239 11 510
5240 45 2087
5241 55 2551
5243 5 232
5245 55 2553
5247 55 2554
5248 9 418
5249 11 511
5250 13 604
5253 45 2092
5255 55 2558
5257 55 2559
5258 15 698
5263 45 2096
5265 5 233
5267 13 606
5273 3 140
5274 55 2567
5275 45 2101
5276 55 2568
5278 55 2569
5280 11 514
5282 55 2571
5283 45 2104
5284 55 2572
5288 5 234
5290 11 515
5292 55 2576
5293 45 2108
5298 9 422
5300 11 516
5302 13 610
5308 45 2114
5310 1 47
5313 55 2586
5315 55 2587
5316 45 2117
5317 55 2588
5318 15 706
5319 55 2589
5321 45 2119
5323 55 2591
5325 55 2592
5326 15 707
5327 55 2593
5328 13 613
5331 45 2123
5333 5 236
5335 55 2597
5336 9 425
5337 13 614
5341 15 709
5343 45 2128
5345 13 615
5350 55 2604
5351 45 2131
5352 11 521
5353 45 2132
5354 55 2606
5356 5 237
5358 55 2608
5360 55 2609
5361 9 427
5362 11 522
5363 13 617
5366 45 2137
5368 55 2613
5370 55 2614
5371 15 713
5376 45 2141
5378 5 238
5380 13 619
5386 3 143
5387 55 2622
5388 45 2146
5389 55 2623
5391 55 2624
5393 11 525
5395 55 2626
5396 45 2149
5397 55 2627
5401 5 239
5403 11 526
5405 55 2631
5406 45 2153
5411 9 431
5413 11 527
5415 13 623
5421 45 2159
5423 1 48
5426 55 2641
5428 55 2642
5429 45 2162
5430 55 2643
5431 15 721
5432 55 2644
5434 45 2164
5436 55 2646
5438 55 2647
5439 15 722
5440 55 2648
5441 13 626
5444 45 2168
5446 5 241
5448 55 2652
5449 9 434
5450 13 627
5454 15 724
5456 45 2173
5458 13 628
5463 55 2659
5464 45 2176
5465 11 532
5466 45 2177
5467 55 2661
5469 5 242
5471 55 2663
5473 55 2664
5474 9 436
5475 11 533
5476 13 630
5479 45 2182
5481 55 2668
5483 55 2669
5484 15 728
5489 45 2186
5491 5 243
5493 13 632
5499 3 146
5500 55 2677
5501 45 2191
5502 55 2678
5504 55 2679
5506 11 536
5508 55 2681
5509 45 2194
5510 55 2682
5514 5 244
5516 11 537
5518 55 2686
5519 45 2198
5524 9 440
5526 11 538
5528 13 636
5534 45 2204
5536 1 49
5539 55 2696
5541 55 2697
5542 45 2207
5543 55 2698
5544 15 736
5545 55 2699
5547 45 2209
5549 55 2701
5551 55 2702
5552 15 737
5553 55 2703
5554 13 639
5557 45 2213
5559 5 246
5561 55 2707
5562 9 443
5563 13 640
5567 15 739
5569 45 2218
5571 13 641
5576 55 2714
5577 45 2221
5578 11 543
5579 45 2222
5580 55 2716
5582 5 247
5584 55 2718
5586 55 2719
5587 9 445
5588 11 544
5589 13 643
5592 45 2227
5594 55 2723
5596 55 2724
5597 15 743
5602 45 2231
5604 5 248
5606 13 645
5612 3 149
5613 55 2732
5614 45 2236
5615 55 2733
5617 55 2734
5619 11 547
5621 55 2736
5622 45 2239
5623 55 2737
5627 5 249
5629 11 548
5631 55 2741
5632 45 2243
5637 9 449
5639 11 549
5641 13 649
5647 45 2249
5649 1 50
5652 55 2751
5654 55 2752
5655 45 2252
5656 55 2753
5657 15 751
5658 55 2754
5660 45 2254
5662 55 2756
5664 55 2757
5665 15 752
5666 55 2758
5667 13 652
5670 45 2258
5672 5 251
5674 55 2762
5675 9 452
5676 13 653
5680 15 754
5682 45 2263
5684 13 654
5689 55 2769
5690 45 2266
5691 11 554
5692 45 2267
5693 55 2771
5695 5 252
5697 55 2773
5699 55 2774
5700 9 454
5701 11 555
5702 13 656
5705 45 2272
5707 55 2778
5709 55 2779
5710 15 758
5715 45 2276
5717 5 253
5719 13 658
5725 3 152
5726 55 2787
5727 45 2281
5728 55 2788
5730 55 2789
5732 11 558
5734 55 2791
5735 45 2284
5736 55 2792
5740 5 254
5742 11 559
5744 55 2796
5745 45 2288
5750 9 458
5752 11 560
5754 13 662
5760 45 2294
5762 1 51
5765 55 2806
5767 55 2807
5768 45 2297
5769 55 2808
5770 15 766
5771 55 2809
5773 45 2299
5775 55 2811
5777 55 2812
5778 15 767
5779 55 2813
5780 13 665
5783 45 2303
5785 5 256
5787 55 2817
5788 9 461
5789 13 666
5793 15 769
5795 45 2308
5797 13 667
5802 55 2824
5803 45 2311
5804 11 565
5805 45 2312
5806 55 2826
5808 5 257
5810 55 2828
5812 55 2829
5813 9 463
5814 11 566
5815 13 669
5818 45 2317
5820 55 2833
5822 55 2834
5823 15 773
5828 45 2321
5830 5 258
5832 13 671
5838 3 155
5839 55 2842
5840 45 2326
5841 55 2843
5843 55 2844
5845 11 569
5847 55 2846
5848 45 2329
5849 55 2847
5853 5 259
5855 11 570
5857 55 2851
5858 45 2333
5863 9 467
5865 11 571
5867 13 675
5873 45 2339
5875 1 52
5878 55 2861
5880 55 2862
5881 45 2342
5882 55 2863
5883 15 781
5884 55 2864
5886 45 2344
5888 55 2866
5890 55 2867
5891 15 782
5892 55 2868
5893 13 678
5896 45 2348
5898 5 261
5900 55 2872
5901 9 470
5902 13 679
5906 15 784
5908 45 2353
5910 13 680
5915 55 2879
5916 45 2356
5917 11 576
5918 45 2357
5919 55 2881
5921 5 262
5923 55 2883
5925 55 2884
5926 9 472
5927 11 577
5928 13 682
5931 45 2362
5933 55 2888
5935 55 2889
5936 15 788
5941 45 2366
5943 5 263
5945 13 684
5951 3 158
5952 55 2897
5953 45 2371
5954 55 2898
5956 55 2899
5958 11 580
5960 55 2901
5961 45 2374
5962 55 2902
5966 5 264
5968 11 581
5970 55 2906
5971 45 2378
5976 9 476
5978 11 582
5980 13 688
5986 45 2384
5988 1 53
5991 55 2916
5993 55 2917
5994 45 2387
5995 55 2918
5996 15 796
5997 55 2919
5999 45 2389
6001 55 2921
6003 55 2922
6004 15 797
6005 55 2923
6006 13 691
6009 45 2393
6011 5 266
6013 55 2927
6014 9 479
6015 13 692
6019 15 799
6021 45 2398
6023 13 693
6028 55 2934
6029 45 2401
6030 11 587
6031 45 2402
6032 55 2936
6034 5 267
6036 55 2938
6038 55 2939
6039 9 481
6040 11 588
6041 13 695
6044 45 2407
6046 55 2943
6048 55 2944
6049 15 803
6054 45 2411
6056 5 268
6058 13 697
6064 3 161
6065 55 2952
6066 45 2416
6067 55 2953
6069 55 2954
6071 11 591
6073 55 2956
6074 45 2419
6075 55 2957
6079 5 269
6081 11 592
6083 55 2961
6084 45 2423
6089 9 485
6091 11 593
6093 13 701
6099 45 2429
6101 1 54
6104 55 2971
6106 55 2972
6107 45 2432
6108 55 2973
6109 15 811
6110 55 2974
6112 45 2434
6114 55 2976
6116 55 2977
6117 15 812
6118 55 2978
6119 13 704
6122 45 2438
6124 5 271
6126 55 2982
6127 9 488
6128 13 705
6132 15 814
6134 45 2443
6136 13 706
6141 55 2989
6142 45 2446
6143 11 598
6144 45 2447
6145 55 2991
6147 5 272
6149 55 2993
6151 55 2994
6152 9 490
6153 11 599
6154 13 708
6157 45 2452
6159 55 2998
6161 55 2999
6162 15 818
6167 45 2456
6169 5 273
6171 13 710
6177 3 164
6178 55 3007
6179 45 2461
6180 55 3008
6182 55 3009
6184 11 602
6186 55 3011
6187 45 2464
6188 55 3012
6192 5 274
6194 11 603
6196 55 3016
6197 45 2468
6202 9 494
6204 11 604
6206 13 714
6212 45 2474
6214 1 55
6217 55 3026
6219 55 3027
6220 45 2477
6221 55 3028
6222 15 826
6223 55 3029
6225 45 2479
6227 55 3031
6229 55 3032
6230 15 827
6231 55 3033
6232 13 717
6235 45 2483
6237 5 276
6239 55 3037
6240 9 497
6241 13 718
6245 15 829
6247 45 2488
6249 13 719
6254 55 3044
6255 45 2491
6256 11 609
6257 45 2492
6258 55 3046
6260 5 277
6262 55 3048
6264 55 3049
6265 9 499
6266 11 610
6267 13 721
6270 45 2497
6272 55 3053
6274 55 3054
6275 15 833
6280 45 2501
6282 5 278
6284 13 723
6290 3 167
6291 55 3062
6292 45 2506
6293 55 3063
6295 55 3064
6297 11 613
6299 55 3066
6300 45 2509
6301 55 3067
6305 5 279
6307 11 614
6309 55 3071
6310 45 2513
6315 9 503
6317 11 615
6319 13 727
6325 45 2519
6327 1 56
6330 55 3081
6332 55 3082
6333 45 2522
6334 55 3083
6335 15 841
6336 55 3084
6338 45 2524
6340 55 3086
6342 55 3087
6343 15 842
6344 55 3088
6345 13 730
6348 45 2528
6350 5 281
6352 55 3092
6353 9 506
6354 13 731
6358 15 844
6360 45 2533
6362 13 732
6367 55 3099
6368 45 2536
6369 11 620
6370 45 2537
6371 55 3101
6373 5 282
6375 55 3103
6377 55 3104
6378 9 508
6379 11 621
6380 13 734
6383 45 2542
6385 55 3108
6387 55 3109
6388 15 848
6393 45 2546
6395 5 283
6397 13 736
6403 3 170
6404 55 3117
6405 45 2551
6406 55 3118
6408 55 3119
6410 11 624
6412 55 3121
6413 45 2554
6414 55 3122
6418 5 284
6420 11 625
6422 55 3126
6423 45 2558
6428 9 512
6430 11 626
6432 13 740
6438 45 2564
6440 1 57
6443 55 3136
6445 55 3137
6446 45 2567
6447 55 3138
6448 15 856
6449 55 3139
6451 45 2569
6453 55 3141
6455 55 3142
6456 15 857
6457 55 3143
6458 13 743
6461 45 2573
6463 5 286
6465 55 3147
6466 9 515
6467 13 744
6471 15 859
6473 45 2578
6475 13 745
6480 55 3154
6481 45 2581
6482 11 631
6483 45 2582
6484 55 3156
6486 5 287
6488 55 3158
6490 55 3159
6491 9 517
6492 11 632
6493 13 747
6496 45 2587
6498 55 3163
6500 55 3164
6501 15 863
6506 45 2591
6508 5 288
6510 13 749
6516 3 173
6517 55 3172
6518 45 2596
6519 55 3173
6521 55 3174
6523 11 635
6525 55 3176
6526 45 2599
6527 55 3177
6531 5 289
6533 11 636
6535 55 3181
6536 45 2603
6541 9 521
6543 11 637
6545 13 753
6551 45 2609
6553 1 58
6556 55 3191
6558 55 3192
6559 45 2612
6560 55 3193
6561 15 871
6562 55 3194
6564 45 2614
6566 55 3196
6568 55 3197
6569 15 872
6570 55 3198
6571 13 756
6574 45 2618
6576 5 291
6578 55 3202
6579 9 524
6580 13 757
6584 15 874
6586 45 2623
6588 13 758
6593 55 3209
6594 45 2626
6595 11 642
6596 45 2627
6597 55 3211
6599 5 292
6601 55 3213
6603 55 3214
6604 9 526
6605 11 643
6606 13 760
6609 45 2632
6611 55 3218
6613 55 3219
6614 15 878
6619 45 2636
6621 5 293
6623 13 762
6629 3 176
6630 55 3227
6631 45 2641
6632 55 3228
6634 55 3229
6636 11 646
6638 55 3231
6639 45 2644
6640 55 3232
6644 5 294
6646 11 647
6648 55 3236
6649 45 2648
6654 9 530
6656 11 648
6658 13 766
6664 45 2654
6666 1 59
6669 55 3246
6671 55 3247
6672 45 2657
6673 55 3248
6674 15 886
6675 55 3249
6677 45 2659
6679 55 3251
6681 55 3252
6682 15 887
6683 55 3253
6684 13 769
6687 45 2663
6689 5 296
6691 55 3257
6692 9 533
6693 13 770
6697 15 889
6699 45 2668
6701 13 771
6706 55 3264
6707 45 2671
6708 11 653
6709 45 2672
6710 55 3266
6712 5 297
6714 55 3268
6716 55 3269
6717 9 535
6718 11 654
6719 13 773
6722 45 2677
6724 55 3273
6726 55 3274
6727 15 893
6732 45 2681
6734 5 298
6736 13 775
6742 3 179
6743 55 3282
6744 45 2686
6745 55 3283
6747 55 3284
6749 11 657
6751 55 3286
6752 45 2689
6753 55 3287
6757 5 299
6759 11 658
6761 55 3291
6762 45 2693
6767 9 539
6769 11 659
6771 13 779
6777 45 2699
6779 1 60
6782 55 3301
6784 55 3302
6785 45 2702
6786 55 3303
6787 15 901
6788 55 3304
6790 45 2704
6792 55 3306
6794 55 3307
6795 15 902
6796 55 3308
6797 13 782
6800 45 2708
6802 5 301
6804 55 3312
6805 9 542
6806 13 783
6810 15 904
6812 45 2713
6814 13 784
6819 55 3319
6820 45 2716
6821 11 664
6822 45 2717
6823 55 3321
6825 5 302
6827 55 3323
6829 55 3324
6830 9 544
6831 11 665
6832 13 786
6835 45 2722
6837 55 3328
6839 55 3329
6840 15 908
6845 45 2726
6847 5 303
6849 13 788
6855 3 182
6856 55 3337
6857 45 2731
6858 55 3338
6860 55 3339
6862 11 668
6864 55 3341
6865 45 2734
6866 55 3342
6870 5 304
6872 11 669
6874 55 3346
6875 45 2738
6880 9 548
6882 11 670
6884 13 792
6890 45 2744
6892 1 61
6895 55 3356
6897 55 3357
6898 45 2747
6899 55 3358
6900 15 916
6901 55 3359
6903 45 2749
6905 55 3361
6907 55 3362
6908 15 917
6909 55 3363
6910 13 795
6913 45 2753
6915 5 306
6917 55 3367
6918 9 551
6919 13 796
6923 15 919
6925 45 2758
6927 13 797
6932 55 3374
6933 45 2761
6934 11 675
6935 45 2762
6936 55 3376
6938 5 307
6940 55 3378
6942 55 3379
6943 9 553
6944 11 676
6945 13 799
6948 45 2767
6950 55 3383
6952 55 3384
6953 15 923
6958 45 2771
6960 5 308
6962 13 801
6968 3 185
6969 55 3392
6970 45 2776
6971 55 3393
6973 55 3394
6975 11 679
6977 55 3396
6978 45 2779
6979 55 3397
6983 5 309
6985 11 680
6987 55 3401
6988 45 2783
6993 9 557
6995 11 681
6997 13 805
7003 45 2789
7005 1 62
7008 55 3411
7010 55 3412
7011 45 2792
7012 55 3413
7013 15 931
7014 55 3414
7016 45 2794
7018 55 3416
7020 55 3417
7021 15 932
7022 55 3418
7023 13 808
7026 45 2798
7028 5 311
7030 55 3422
7031 9 560
7032 13 809
7036 15 934
7038 45 2803
7040 13 810
7045 55 3429
7046 45 2806
7047 11 686
7048 45 2807
7049 55 3431
7051 5 312
7053 55 3433
7055 55 3434
7056 9 562
7057 11 687
7058 13 812
7061 45 2812
7063 55 3438
7065 55 3439
7066 15 938
7071 45 2816
7073 5 313
7075 13 814
7081 3 188
7082 55 3447
7083 45 2821
7084 55 3448
7086 55 3449
7088 11 690
7090 55 3451
7091 45 2824
7092 55 3452
7096 5 314
7098 11 691
7100 55 3456
7101 45 2828
7106 9 566
7108 11 692
7110 13 818
7116 45 2834
7118 1 63
7121 55 3466
7123 55 3467
7124 45 2837
7125 55 3468
7126 15 946
7127 55 3469
7129 45 2839
7131 55 3471
7133 55 3472
7134 15 947
7135 55 3473
7136 13 821
7139 45 2843
7141 5 316
7143 55 3477
7144 9 569
7145 13 822
7149 15 949
7151 45 2848
7153 13 823
7158 55 3484
7159 45 2851
7160 11 697
7161 45 2852
7162 55 3486
7164 5 317
7166 55 3488
7168 55 3489
7169 9 571
7170 11 698
7171 13 825
7174 45 2857
7176 55 3493
7178 55 3494
7179 15 953
7184 45 2861
7186 5 318
7188 13 827
7194 3 191
7195 55 3502
7196 45 2866
7197 55 3503
7199 55 3504
7201 11 701
7203 55 3506
7204 45 2869
7205 55 3507
7209 5 319
7211 11 702
7213 55 3511
7214 45 2873
7219 9 575
7221 11 703
7223 13 831
7229 45 2879
7231 1 64
7234 55 3521
7236 55 3522
7237 45 2882
7238 55 3523
7239 15 961
7240 55 3524
7242 45 2884
7244 55 3526
7246 55 3527
7247 15 962
7248 55 3528
7249 13 834
7252 45 2888
7254 5 321
7256 55 3532
7257 9 578
7258 13 835
7262 15 964
7264 45 2893
7266 13 836
7271 55 3539
7272 45 2896
7273 11 708
7274 45 2897
7275 55 3541
7277 5 322
7279 55 3543
7281 55 3544
7282 9 580
7283 11 709
7284 13 838
7287 45 2902
7289 55 3548
7291 55 3549
7292 15 968
7297 45 2906
7299 5 323
7301 13 840
7307 3 194
7308 55 3557
7309 45 2911
7310 55 3558
7312 55 3559
7314 11 712
7316 55 3561
7317 45 2914
7318 55 3562
7322 5 324
7324 11 713
7326 55 3566
7327 45 2918
7332 9 584
7334 11 714
7336 13 844
7342 45 2924
7344 1 65
7347 55 3576
7349 55 3577
7350 45 2927
7351 55 3578
7352 15 976
7353 55 3579
7355 45 2929
7357 55 3581
7359 55 3582
7360 15 977
7361 55 3583
7362 13 847
7365 45 2933
7367 5 326
7369 55 3587
7370 9 587
7371 13 848
7375 15 979
7377 45 2938
7379 13 849
7384 55 3594
7385 45 2941
7386 11 719
7387 45 2942
7388 55 3596
7390 5 327
7392 55 3598
7394 55 3599
7395 9 589
7396 11 720
7397 13 851
7400 45 2947
7402 55 3603
7404 55 3604
7405 15 983
7410 45 2951
7412 5 328
7414 13 853
7420 3 197
7421 55 3612
7422 45 2956
7423 55 3613
7425 55 3614
7427 11 723
7429 55 3616
7430 45 2959
7431 55 3617
7435 5 329
7437 11 724
7439 55 3621
7440 45 2963
7445 9 593
7447 11 725
7449 13 857
7455 45 2969
7457 1 66
7460 55 3631
7462 55 3632
7463 45 2972
7464 55 3633
7465 15 991
7466 55 3634
7468 45 2974
7470 55 3636
7472 55 3637
7473 15 992
7474 55 3638
7475 13 860
7478 45 2978
7480 5 331
7482 55 3642
7483 9 596
7484 13 861
7488 15 994
7490 45 2983
7492 13 862
7497 55 3649
7498 45 2986
7499 11 730
7500 45 2987
7501 55 3651
7503 5 332
7505 55 3653
7507 55 3654
7508 9 598
7509 11 731
7510 13 864
7513 45 2992
7515 55 3658
7517 55 3659
7518 15 998
7523 45 2996
7525 5 333
7527 13 866
7533 3 200
7534 55 3667
7535 45 3001
7536 55 3668
7538 55 3669
7540 11 734
7542 55 3671
7543 45 3004
7544 55 3672
7548 5 334
7550 11 735
7552 55 3676
7553 45 3008
7558 9 602
7560 11 736
7562 13 870
7568 45 3014
7570 1 67
7573 55 3686
7575 55 3687
7576 45 3017
7577 55 3688
7578 15 1006
7579 55 3689
7581 45 3019
7583 55 3691
7585 55 3692
7586 15 1007
7587 55 3693
7588 13 873
7591 45 3023
7593 5 336
7595 55 3697
7596 9 605
7597 13 874
7601 15 1009
7603 45 3028
7605 13 875
7610 55 3704
7611 45 3031
7612 11 741
7613 45 3032
7614 55 3706
7616 5 337
7618 55 3708
7620 55 3709
7621 9 607
7622 11 742
7623 13 877
7626 45 3037
7628 55 3713
7630 55 3714
7631 15 1013
7636 45 3041
7638 5 338
7640 13 879
7646 3 203
7647 55 3722
7648 45 3046
7649 55 3723
7651 55 3724
7653 11 745
7655 55 3726
7656 45 3049
7657 55 3727
7661 5 339
7663 11 746
7665 55 3731
7666 45 3053
7671 9 611
7673 11 747
7675 13 883
7681 45 3059
7683 1 68
7686 55 3741
7688 55 3742
7689 45 3062
7690 55 3743
7691 15 1021
7692 55 3744
7694 45 3064
7696 55 3746
7698 55 3747
7699 15 1022
7700 55 3748
7701 13 886
7704 45 3068
7706 5 341
7708 55 3752
7709 9 614
7710 13 887
7714 15 1024
7716 45 3073
7718 13 888
7723 55 3759
7724 45 3076
7725 11 752
7726 45 3077
7727 55 3761
7729 5 342
7731 55 3763
7733 55 3764
7734 9 616
7735 11 753
7736 13 890
7739 45 3082
7741 55 3768
7743 55 3769
7744 15 1028
7749 45 3086
7751 5 343
7753 13 892
7759 3 206
7760 55 3777
7761 45 3091
7762 55 3778
7764 55 3779
7766 11 756
7768 55 3781
7769 45 3094
7770 55 3782
7774 5 344
7776 11 757
7778 55 3786
7779 45 3098
7784 9 620
7786 11 758
7788 13 896
7794 45 3104
7796 1 69
7799 55 3796
7801 55 3797
7802 45 3107
7803 55 3798
7804 15 1036
7805 55 3799
7807 45 3109
7809 55 3801
7811 55 3802
7812 15 1037
7813 55 3803
7814 13 899
7817 45 3113
7819 5 346
7821 55 3807
7822 9 623
7823 13 900
7827 15 1039
7829 45 3118
7831 13 901
7836 55 3814
7837 45 3121
7838 11 763
7839 45 3122
7840 55 3816
7842 5 347
7844 55 3818
7846 55 3819
7847 9 625
7848 11 764
7849 13 903
7852 45 3127
7854 55 3823
7856 55 3824
7857 15 1043
7862 45 3131
7864 5 348
7866 13 905
7872 3 209
7873 55 3832
7874 45 3136
7875 55 3833
7877 55 3834
7879 11 767
7881 55 3836
7882 45 3139
7883 55 3837
7887 5 349
7889 11 768
7891 55 3841
7892 45 3143
7897 9 629
7899 11 769
7901 13 909
7907 45 3149
7909 1 70
7912 55 3851
7914 55 3852
7915 45 3152
7916 55 3853
7917 15 1051
7918 55 3854
7920 45 3154
7922 55 3856
7924 55 3857
7925 15 1052
7926 55 3858
7927 13 912
7930 45 3158
7932 5 351
7934 55 3862
7935 9 632
7936 13 913
7940 15 1054
7942 45 3163
7944 13 914
7949 55 3869
7950 45 3166
7951 11 774
7952 45 3167
7953 55 3871
7955 5 352
7957 55 3873
7959 55 3874
7960 9 634
7961 11 775
7962 13 916
7965 45 3172
7967 55 3878
7969 55 3879
7970 15 1058
7975 45 3176
7977 5 353
7979 13 918
7985 3 212
7986 55 3887
7987 45 3181
7988 55 3888
7990 55 3889
7992 11 778
7994 55 3891
7995 45 3184
7996 55 3892
8000 5 354
8002 11 779
8004 55 3896
8005 45 3188
8010 9 638
8012 11 780
8014 13 922
8020 45 3194
8022 1 71
8025 55 3906
8027 55 3907
8028 45 3197
8029 55 3908
8030 15 1066
8031 55 3909
8033 45 3199
8035 55 3911
8037 55 3912
8038 15 1067
8039 55 3913
8040 13 925
8043 45 3203
8045 5 356
8047 55 3917
8048 9 641
8049 13 926
8053 15 1069
8055 45 3208
8057 13 927
8062 55 3924
8063 45 3211
8064 11 785
8065 45 3212
8066 55 3926
8068 5 357
8070 55 3928
8072 55 3929
8073 9 643
8074 11 786
8075 13 929
8078 45 3217
8080 55 3933
8082 55 3934
8083 15 1073
8088 45 3221
8090 5 358
8092 13 931
8098 3 215
8099 55 3942
8100 45 3226
8101 55 3943
8103 55 3944
8105 11 789
8107 55 3946
8108 45 3229
8109 55 3947
8113 5 359
8115 11 790
8117 55 3951
8118 45 3233
8123 9 647
8125 11 791
8127 13 935
8133 45 3239
8135 1 72
8138 55 3961
8140 55 3962
8141 45 3242
8142 55 3963
8143 15 1081
8144 55 3964
8146 45 3244
8148 55 3966
8150 55 3967
8151 15 1082
8152 55 3968
8153 13 938
8156 45 3248
8158 5 361
8160 55 3972
8161 9 650
8162 13 939
8166 15 1084
8168 45 3253
8170 13 940
8175 55 3979
8176 45 3256
8177 11 796
8178 45 3257
8179 55 3981
8181 5 362
8183 55 3983
8185 55 3984
8186 9 652
8187 11 797
8188 13 942
8191 45 3262
8193 55 3988
8195 55 3989
8196 15 1088
8201 45 3266
8203 5 363
8205 13 944
8211 3 218
8212 55 3997
8213 45 3271
8214 55 3998
8216 55 3999
8218 11 800
8220 55 4001
8221 45 3274
8222 55 4002
8226 5 364
8228 11 801
8230 55 4006
8231 45 3278
8236 9 656
8238 11 802
8240 13 948
8246 45 3284
8248 1 73
8251 55 4016
8253 55 4017
8254 45 3287
8255 55 4018
8256 15 1096
8257 55 4019
8259 45 3289
8261 55 4021
8263 55 4022
8264 15 1097
8265 55 4023
8266 13 951
8269 45 3293
8271 5 366
8273 55 4027
8274 9 659
8275 13 952
8279 15 1099
8281 45 3298
8283 13 953
8288 55 4034
8289 45 3301
8290 11 807
8291 45 3302
8292 55 4036
8294 5 367
8296 55 4038
8298 55 4039
8299 9 661
8300 11 808
8301 13 955
8304 45 3307
8306 55 4043
8308 55 4044
8309 15 1103
8314 45 3311
8316 5 368
8318 13 957
8324 3 221
8325 55 4052
8326 45 3316
8327 55 4053
8329 55 4054
8331 11 811
8333 55 4056
8334 45 3319
8335 55 4057
8339 5 369
8341 11 812
8343 55 4061
8344 45 3323
8349 9 665
8351 11 813
8353 13 961
8359 45 3329
8361 1 74
8364 55 4071
8366 55 4072
8367 45 3332
8368 55 4073
8369 15 1111
8370 55 4074
8372 45 3334
8374 55 4076
8376 55 4077
8377 15 1112
8378 55 4078
8379 13 964
8382 45 3338
8384 5 371
8386 55 4082
8387 9 668
8388 13 965
8392 15 1114
8394 45 3343
8396 13 966
8401 55 4089
8402 45 3346
8403 11 818
8404 45 3347
8405 55 4091
8407 5 372
8409 55 4093
8411 55 4094
8412 9 670
8413 11 819
8414 13 968
8417 45 3352
8419 55 4098
8421 55 4099
8422 15 1118
8427 45 3356
8429 5 373
8431 13 970
8437 3 224
8438 55 4107
8439 45 3361
8440 55 4108
8442 55 4109
8444 11 822
8446 55 4111
8447 45 3364
8448 55 4112
8452 5 374
8454 11 823
8456 55 4116
8457 45 3368
8462 9 674
8464 11 824
8466 13 974
8472 45 3374
8474 1 75
8477 55 4126
8479 55 4127
8480 45 3377
8481 55 4128
8482 15 1126
8483 55 4129
8485 45 3379
8487 55 4131
8489 55 4132
8490 15 1127
8491 55 4133
8492 13 977
8495 45 3383
8497 5 376
8499 55 4137
8500 9 677
8501 13 978
8505 15 1129
8507 45 3388
8509 13 979
8514 55 4144
8515 45 3391
8516 11 829
8517 45 3392
8518 55 4146
8520 5 377
8522 55 4148
8524 55 4149
8525 9 679
8526 11 830
8527 13 981
8530 45 3397
8532 55 4153
8534 55 4154
8535 15 1133
8540 45 3401
8542 5 378
8544 13 983
8550 3 227
8551 55 4162
8552 45 3406
8553 55 4163
8555 55 4164
8557 11 833
8559 55 4166
8560 45 3409
8561 55 4167
8565 5 379
8567 11 834
8569 55 4171
8570 45 3413
8575 9 683
8577 11 835
8579 13 987
8585 45 3419
8587 1 76
8590 55 4181
8592 55 4182
8593 45 3422
8594 55 4183
8595 15 1141
8596 55 4184
8598 45 3424
8600 55 4186
8602 55 4187
8603 15 1142
8604 55 4188
8605 13 990
8608 45 3428
8610 5 381
8612 55 4192
8613 9 686
8614 13 991
8618 15 1144
8620 45 3433
8622 13 992
8627 55 4199
8628 45 3436
8629 11 840
8630 45 3437
8631 55 4201
8633 5 382
8635 55 4203
8637 55 4204
8638 9 688
8639 11 841
8640 13 994
8643 45 3442
8645 55 4208
8647 55 4209
8648 15 1148
8653 45 3446
8655 5 383
8657 13 996
8663 3 230
8664 55 4217
8665 45 3451
8666 55 4218
8668 55 4219
8670 11 844
8672 55 4221
8673 45 3454
8674 55 4222
8678 5 384
8680 11 845
8682 55 4226
8683 45 3458
8688 9 692
8690 11 846
8692 13 1000
8698 45 3464
8700 1 77
8703 55 4236
8705 55 4237
8706 45 3467
8707 55 4238
8708 15 1156
8709 55 4239
8711 45 3469
8713 55 4241
8715 55 4242
8716 15 1157
8717 55 4243
8718 13 1003
8721 45 3473
8723 5 386
8725 55 4247
8726 9 695
8727 13 1004
8731 15 1159
8733 45 3478
8735 13 1005
8740 55 4254
8741 45 3481
8742 11 851
8743 45 3482
8744 55 4256
8746 5 387
8748 55 4258
8750 55 4259
8751 9 697
8752 11 852
8753 13 1007
8756 45 3487
8758 55 4263
8760 55 4264
8761 15 1163
8766 45 3491
8768 5 388
8770 13 1009
8776 3 233
8777 55 4272
8778 45 3496
8779 55 4273
8781 55 4274
8783 11 855
8785 55 4276
8786 45 3499
8787 55 4277
8791 5 389
8793 11 856
8795 55 4281
8796 45 3503
8801 9 701
8803 11 857
8805 13 1013
8811 45 3509
8813 1 78
8816 55 4291
8818 55 4292
8819 45 3512
8820 55 4293
8821 15 1171
8822 55 4294
8824 45 3514
8826 55 4296
8828 55 4297
8829 15 1172
8830 55 4298
8831 13 1016
8834 45 3518
8836 5 391
8838 55 4302
8839 9 704
8840 13 1017
8844 15 1174
8846 45 3523
8848 13 1018
8853 55 4309
8854 45 3526
8855 11 862
8856 45 3527
8857 55 4311
8859 5 392
8861 55 4313
8863 55 4314
8864 9 706
8865 11 863
8866 13 1020
8869 45 3532
8871 55 4318
8873 55 4319
8874 15 1178
8879 45 3536
8881 5 393
8883 13 1022
8889 3 236
8890 55 4327
8891 45 3541
8892 55 4328
8894 55 4329
8896 11 866
8898 55 4331
8899 45 3544
8900 55 4332
8904 5 394
8906 11 867
8908 55 4336
8909 45 3548
8914 9 710
8916 11 868
8918 13 1026
8924 45 3554
8926 1 79
8929 55 4346
8931 55 4347
8932 45 3557
8933 55 4348
8934 15 1186
8935 55 4349
8937 45 3559
8939 55 4351
8941 55 4352
8942 15 1187
8943 55 4353
8944 13 1029
8947 45 3563
8949 5 396
8951 55 4357
8952 9 713
8953 13 1030
8957 15 1189
8959 45 3568
8961 13 1031
8966 55 4364
8967 45 3571
8968 11 873
8969 45 3572
8970 55 4366
8972 5 397
8974 55 4368
8976 55 4369
8977 9 715
8978 11 874
8979 13 1033
8982 45 3577
8984 55 4373
8986 55 4374
8987 15 1193
8992 45 3581
8994 5 398
8996 13 1035
9002 3 239
9003 55 4382
9004 45 3586
9005 55 4383
9007 55 4384
9009 11 877
9011 55 4386
9012 45 3589
9013 55 4387
9017 5 399
9019 11 878
9021 55 4391
9022 45 3593
9027 9 719
9029 11 879
9031 13 1039
9037 45 3599
9039 1 80
9042 55 4401
9044 55 4402
9045 45 3602
9046 55 4403
9047 15 1201
9048 55 4404
9050 45 3604
9052 55 4406
9054 55 4407
9055 15 1202
9056 55 4408
9057 13 1042
9060 45 3608
9062 5 401
9064 55 4412
9065 9 722
9066 13 1043
9070 15 1204
9072 45 3613
9074 13 1044
9079 55 4419
9080 45 3616
9081 11 884
9082 45 3617
9083 55 4421
9085 5 402
9087 55 4423
9089 55 4424
9090 9 724
9091 11 885
9092 13 1046
9095 45 3622
9097 55 4428
9099 55 4429
9100 15 1208
9105 45 3626
9107 5 403
9109 13 1048
9115 3 242
9116 55 4437
9117 45 3631
9118 55 4438
9120 55 4439
9122 11 888
9124 55 4441
9125 45 3634
9126 55 4442
9130 5 404
9132 11 889
9134 55 4446
9135 45 3638
9140 9 728
9142 11 890
9144 13 1052
9150 45 3644
9152 1 81
9155 55 4456
9157 55 4457
9158 45 3647
9159 55 4458
9160 15 1216
9161 55 4459
9163 45 3649
9165 55 4461
9167 55 4462
9168 15 1217
9169 55 4463
9170 13 1055
9173 45 3653
9175 5 406
9177 55 4467
9178 9 731
9179 13 1056
9183 15 1219
9185 45 3658
9187 13 1057
9192 55 4474
9193 45 3661
9194 11 895
9195 45 3662
9196 55 4476
9198 5 407
9200 55 4478
9202 55 4479
9203 9 733
9204 11 896
9205 13 1059
9208 45 3667
9210 55 4483
9212 55 4484
9213 15 1223
9218 45 3671
9220 5 408
9222 13 1061
9228 3 245
9229 55 4492
9230 45 3676
9231 55 4493
9233 55 4494
9235 11 899
9237 55 4496
9238 45 3679
9239 55 4497
9243 5 409
9245 11 900
9247 55 4501
9248 45 3683
9253 9 737
9255 11 901
9257 13 1065
9263 45 3689
9265 1 82
9268 55 4511
9270 55 4512
9271 45 3692
9272 55 4513
9273 15 1231
9274 55 4514
9276 45 3694
9278 55 4516
9280 55 4517
9281 15 1232
9282 55 4518
9283 13 1068
9286 45 3698
9288 5 411
9290 55 4522
9291 9 740
9292 13 1069
9296 15 1234
9298 45 3703
9300 13 1070
9305 55 4529
9306 45 3706
9307 11 906
9308 45 3707
9309 55 4531
9311 5 412
9313 55 4533
9315 55 4534
9316 9 742
9317 11 907
9318 13 1072
9321 45 3712
9323 55 4538
9325 55 4539
9326 15 1238
9331 45 3716
9333 5 413
9335 13 1074
9341 3 248
9342 55 4547
9343 45 3721
9344 55 4548
9346 55 4549
9348 11 910
9350 55 4551
9351 45 3724
9352 55 4552
9356 5 414
9358 11 911
9360 55 4556
9361 45 3728
9366 9 746
9368 11 912
9370 13 1078
9376 45 3734
9378 1 83
9381 55 4566
9383 55 4567
9384 45 3737
9385 55 4568
9386 15 1246
9387 55 4569
9389 45 3739
9391 55 4571
9393 55 4572
9394 15 1247
9395 55 4573
9396 13 1081
9399 45 3743
9401 5 416
9403 55 4577
9404 9 749
9405 13 1082
9409 15 1249
9411 45 3748
9413 13 1083
9418 55 4584
9419 45 3751
9420 11 917
9421 45 3752
9422 55 4586
9424 5 417
9426 55 4588
9428 55 4589
9429 9 751
9430 11 918
9431 13 1085
9434 45 3757
9436 55 4593
9438 55 4594
9439 15 1253
9444 45 3761
9446 5 418
9448 13 1087
9454 3 251
9455 55 4602
9456 45 3766
9457 55 4603
9459 55 4604
9461 11 921
9463 55 4606
9464 45 3769
9465 55 4607
9469 5 419
9471 11 922
9473 55 4611
9474 45 3773
9479 9 755
9481 11 923
9483 13 1091
9489 45 3779
9491 1 84
9494 55 4621
9496 55 4622
9497 45 3782
9498 55 4623
9499 15 1261
9500 55 4624
9502 45 3784
9504 55 4626
9506 55 4627
9507 15 1262
9508 55 4628
9509 13 1094
9512 45 3788
9514 5 421
9516 55 4632
9517 9 758
9518 13 1095
9522 15 1264
9524 45 3793
9526 13 1096
9531 55 4639
9532 45 3796
9533 11 928
9534 45 3797
9535 55 4641
9537 5 422
9539 55 4643
9541 55 4644
9542 9 760
9543 11 929
9544 13 1098
9547 45 3802
9549 55 4648
9551 55 4649
9552 15 1268
9557 45 3806
9559 5 423
9561 13 1100
9567 3 254
9568 55 4657
9569 45 3811
9570 55 4658
9572 55 4659
9574 11 932
9576 55 4661
9577 45 3814
9578 55 4662
9582 5 424
9584 11 933
9586 55 4666
9587 45 3818
9592 9 764
9594 11 934
9596 13 1104
9602 45 3824
9604 1 85
9607 55 4676
9609 55 4677
9610 45 3827
9611 55 4678
9612 15 1276
9613 55 4679
9615 45 3829
9617 55 4681
9619 55 4682
9620 15 1277
9621 55 4683
9622 13 1107
9625 45 3833
9627 5 426
9629 55 4687
9630 9 767
9631 13 1108
9635 15 1279
9637 45 3838
9639 13 1109
9644 55 4694
9645 45 3841
9646 11 939
9647 45 3842
9648 55 4696
9650 5 427
9652 55 4698
9654 55 4699
9655 9 769
9656 11 940
9657 13 1111
9660 45 3847
9662 55 4703
9664 55 4704
9665 15 1283
9670 45 3851
9672 5 428
9674 13 1113
9680 3 257
9681 55 4712
9682 45 3856
9683 55 4713
9685 55 4714
9687 11 943
9689 55 4716
9690 45 3859
9691 55 4717
9695 5 429
9697 11 944
9699 55 4721
9700 45 3863
9705 9 773
9707 11 945
9709 13 1117
9715 45 3869
9717 1 86
9720 55 4731
9722 55 4732
9723 45 3872
9724 55 4733
9725 15 1291
9726 55 4734
9728 45 3874
9730 55 4736
9732 55 4737
9733 15 1292
9734 55 4738
9735 13 1120
9738 45 3878
9740 5 431
9742 55 4742
9743 9 776
9744 13 1121
9748 15 1294
9750 45 3883
9752 13 1122
9757 55 4749
9758 45 3886
9759 11 950
9760 45 3887
9761 55 4751
9763 5 432
9765 55 4753
9767 55 4754
9768 9 778
9769 11 951
9770 13 1124
9773 45 3892
9775 55 4758
9777 55 4759
9778 15 1298
9783 45 3896
9785 5 433
9787 13 1126
9793 3 260
9794 55 4767
9795 45 3901
9796 55 4768
9798 55 4769
9800 11 954
9802 55 4771
9803 45 3904
9804 55 4772
9808 5 434
9810 11 955
9812 55 4776
9813 45 3908
9818 9 782
9820 11 956
9822 13 1130
9828 45 3914
9830 1 87
9833 55 4786
9835 55 4787
9836 45 3917
9837 55 4788
9838 15 1306
9839 55 4789
9841 45 3919
9843 55 4791
9845 55 4792
9846 15 1307
9847 55 4793
9848 13 1133
9851 45 3923
9853 5 436
9855 55 4797
9856 9 785
9857 13 1134
9861 15 1309
9863 45 3928
9865 13 1135
9870 55 4804
9871 45 3931
9872 11 961
9873 45 3932
9874 55 4806
9876 5 437
9878 55 4808
9880 55 4809
9881 9 787
9882 11 962
9883 13 1137
9886 45 3937
9888 55 4813
9890 55 4814
9891 15 1313
9896 45 3941
9898 5 438
9900 13 1139
9906 3 263
9907 55 4822
9908 45 3946
9909 55 4823
9911 55 4824
9913 11 965
9915 55 4826
9916 45 3949
9917 55 4827
9921 5 439
9923 11 966
9925 55 4831
9926 45 3953
9931 9 791
9933 11 967
9935 13 1143
9941 45 3959
9943 1 88
9946 55 4841
9948 55 4842
9949 45 3962
9950 55 4843
9951 15 1321
9952 55 4844
9954 45 3964
9956 55 4846
9958 55 4847
9959 15 1322
9960 55 4848
9961 13 1146
9964 45 3968
9966 5 441
9968 55 4852
9969 9 794
9970 13 1147
9974 15 1324
9976 45 3973
9978 13 1148
9983 55 4859
9984 45 3976
9985 11 972
9986 45 3977
9987 55 4861
9989 5 442
9991 55 4863
9993 55 4864
9994 9 796
9995 11 973
9996 13 1150
9999 45 3982
10001 55 4868
10003 55 4869
10004 15 1328
10009 45 3986
10011 5 443
10013 13 1152
10019 3 266
10020 55 4877
10021 45 3991
10022 55 4878
10024 55 4879
10026 11 976
10028 55 4881
10029 45 3994
10030 55 4882
10034 5 444
10036 11 977
10038 55 4886
10039 45 3998
10044 9 800
10046 11 978
10048 13 1156
10054 45 4004
10056 1 89
10059 55 4896
10061 55 4897
10062 45 4007
10063 55 4898
10064 15 1336
10065 55 4899
10067 45 4009
10069 55 4901
10071 55 4902
10072 15 1337
10073 55 4903
10074 13 1159
10077 45 4013
10079 5 446
10081 55 4907
10082 9 803
10083 13 1160
10087 15 1339
10089 45 4018
10091 13 1161
10096 55 4914
10097 45 4021
10098 11 983
10099 45 4022
10100 55 4916
10102 5 447
10104 55 4918
10106 55 4919
10107 9 805
10108 11 984
10109 13 1163
10112 45 4027
10114 55 4923
10116 55 4924
10117 15 1343
10122 45 4031
10124 5 448
10126 13 1165
10132 3 269
10133 55 4932
10134 45 4036
10135 55 4933
10137 55 4934
10139 11 987
10141 55 4936
10142 45 4039
10143 55 4937
10147 5 449
10149 11 988
10151 55 4941
10152 45 4043
10157 9 809
10159 11 989
10161 13 1169
10167 45 4049
10169 1 90
10172 55 4951
10174 55 4952
10175 45 4052
10176 55 4953
10177 15 1351
10178 55 4954
10180 45 4054
10182 55 4956
10184 55 4957
10185 15 1352
10186 55 4958
10187 13 1172
10190 45 4058
10192 5 451
10194 55 4962
10195 9 812
10196 13 1173
10200 15 1354
10202 45 4063
10204 13 1174
10209 55 4969
10210 45 4066
10211 11 994
10212 45 4067
10213 55 4971
10215 5 452
10217 55 4973
10219 55 4974
10220 9 814
10221 11 995
10222 13 1176
10225 45 4072
10227 55 4978
10229 55 4979
10230 15 1358
10235 45 4076
10237 5 453
10239 13 1178
10245 3 272
10246 55 4987
10247 45 4081
10248 55 4988
10250 55 4989
10252 11 998
10254 55 4991
10255 45 4084
10256 55 4992
10260 5 454
10262 11 999
10264 55 4996
10265 45 4088
10270 9 818
10272 11 1000
10274 13 1182
10280 45 4094
10282 1 91
10285 55 5006
10287 55 5007
10288 45 4097
10289 55 5008
10290 15 1366
10291 55 5009
10293 45 4099
10295 55 5011
10297 55 5012
10298 15 1367
10299 55 5013
10300 13 1185
10303 45 4103
10305 5 456
10307 55 5017
10308 9 821
10309 13 1186
10313 15 1369
10315 45 4108
10317 13 1187
10322 55 5024
10323 45 4111
10324 11 1005
10325 45 4112
10326 55 5026
10328 5 457
10330 55 5028
10332 55 5029
10333 9 823
10334 11 1006
10335 13 1189
10338 45 4117
10340 55 5033
10342 55 5034
10343 15 1373
10348 45 4121
10350 5 458
10352 13 1191
10358 3 275
10359 55 5042
10360 45 4126
10361 55 5043
10363 55 5044
10365 11 1009
10367 55 5046
10368 45 4129
10369 55 5047
10373 5 459
10375 11 1010
10377 55 5051
10378 45 4133
10383 9 827
10385 11 1011
10387 13 1195
10393 45 4139
10395 1 92
10398 55 5061
10400 55 5062
10401 45 4142
10402 55 5063
10403 15 1381
10404 55 5064
10406 45 4144
10408 55 5066
10410 55 5067
10411 15 1382
10412 55 5068
10413 13 1198
10416 45 4148
10418 5 461
10420 55 5072
10421 9 830
10422 13 1199
10426 15 1384
10428 45 4153
10430 13 1200
10435 55 5079
10436 45 4156
10437 11 1016
10438 45 4157
10439 55 5081
10441 5 462
10443 55 5083
10445 55 5084
10446 9 832
10447 11 1017
10448 13 1202
10451 45 4162
10453 55 5088
10455 55 5089
10456 15 1388
10461 45 4166
10463 5 463
10465 13 1204
10471 3 278
10472 55 5097
10473 45 4171
10474 55 5098
10476 55 5099
10478 11 1020
10480 55 5101
10481 45 4174
10482 55 5102
10486 5 464
10488 11 1021
10490 55 5106
10491 45 4178
10496 9 836
10498 11 1022
10500 13 1208
10506 45 4184
10508 1 93
10511 55 5116
10513 55 5117
10514 45 4187
10515 55 5118
10516 15 1396
10517 55 5119
10519 45 4189
10521 55 5121
10523 55 5122
10524 15 1397
10525 55 5123
10526 13 1211
10529 45 4193
10531 5 466
10533 55 5127
10534 9 839
10535 13 1212
10539 15 1399
10541 45 4198
10543 13 1213
10548 55 5134
10549 45 4201
10550 11 1027
10551 45 4202
10552 55 5136
10554 5 467
10556 55 5138
10558 55 5139
10559 9 841
10560 11 1028
10561 13 1215
10564 45 4207
10566 55 5143
10568 55 5144
10569 15 1403
10574 45 4211
10576 5 468
10578 13 1217
10584 3 281
10585 55 5152
10586 45 4216
10587 55 5153
10589 55 5154
10591 11 1031
10593 55 5156
10594 45 4219
10595 55 5157
10599 5 469
10601 11 1032
10603 55 5161
10604 45 4223
10609 9 845
10611 11 1033
10613 13 1221
10619 45 4229
10621 1 94
10624 55 5171
10626 55 5172
10627 45 4232
10628 55 5173
10629 15 1411
10630 55 5174
10632 45 4234
10634 55 5176
10636 55 5177
10637 15 1412
10638 55 5178
10639 13 1224
10642 45 4238
10644 5 471
10646 55 5182
10647 9 848
10648 13 1225
10652 15 1414
10654 45 4243
10656 13 1226
10661 55 5189
10662 45 4246
10663 11 1038
10664 45 4247
10665 55 5191
10667 5 472
10669 55 5193
10671 55 5194
10672 9 850
10673 11 1039
10674 13 1228
10677 45 4252
10679 55 5198
10681 55 5199
10682 15 1418
10687 45 4256
10689 5 473
10691 13 1230
10697 3 284
10698 55 5207
10699 45 4261
10700 55 5208
10702 55 5209
10704 11 1042
10706 55 5211
10707 45 4264
10708 55 5212
10712 5 474
10714 11 1043
10716 55 5216
10717 45 4268
10722 9 854
10724 11 1044
10726 13 1234
10732 45 4274
10734 1 95
10737 55 5226
10739 55 5227
10740 45 4277
10741 55 5228
10742 15 1426
10743 55 5229
10745 45 4279
10747 55 5231
10749 55 5232
10750 15 1427
10751 55 5233
10752 13 1237
10755 45 4283
10757 5 476
10759 55 5237
10760 9 857
10761 13 1238
10765 15 1429
10767 45 4288
10769 13 1239
10774 55 5244
10775 45 4291
10776 11 1049
10777 45 4292
10778 55 5246
10780 5 477
10782 55 5248
10784 55 5249
10785 9 859
10786 11 1050
10787 13 1241
10790 45 4297
10792 55 5253
10794 55 5254
10795 15 1433
10800 45 4301
10802 5 478
10804 13 1243
10810 3 287
10811 55 5262
10812 45 4306
10813 55 5263
10815 55 5264
10817 11 1053
10819 55 5266
10820 45 4309
10821 55 5267
10825 5 479
10827 11 1054
10829 55 5271
10830 45 4313
10835 9 863
10837 11 1055
10839 13 1247
10845 45 4319
10847 1 96
10850 55 5281
10852 55 5282
10853 45 4322
10854 55 5283
10855 15 1441
10856 55 5284
10858 45 4324
10860 55 5286
10862 55 5287
10863 15 1442
10864 55 5288
10865 13 1250
10868 45 4328
10870 5 481
10872 55 5292
10873 9 866
10874 13 1251
10878 15 1444
10880 45 4333
10882 13 1252
10887 55 5299
10888 45 4336
10889 11 1060
10890 45 4337
10891 55 5301
10893 5 482
10895 55 5303
10897 55 5304
10898 9 868
10899 11 1061
10900 13 1254
10903 45 4342
10905 55 5308
10907 55 5309
10908 15 1448
10913 45 4346
10915 5 483
10917 13 1256
10923 3 290
10924 55 5317
10925 45 4351
10926 55 5318
10928 55 5319
10930 11 1064
10932 55 5321
10933 45 4354
10934 55 5322
10938 5 484
10940 11 1065
10942 55 5326
10943 45 4358
10948 9 872
10950 11 1066
10952 13 1260
10958 45 4364
10960 1 97
10963 55 5336
10965 55 5337
10966 45 4367
10967 55 5338
10968 15 1456
10969 55 5339
10971 45 4369
10973 55 5341
10975 55 5342
10976 15 1457
10977 55 5343
10978 13 1263
10981 45 4373
10983 5 486
10985 55 5347
10986 9 875
10987 13 1264
10991 15 1459
10993 45 4378
10995 13 1265
11000 55 5354
11001 45 4381
11002 11 1071
11003 45 4382
11004 55 5356
11006 5 487
11008 55 5358
11010 55 5359
11011 9 877
11012 11 1072
11013 13 1267
11016 45 4387
11018 55 5363
11020 55 5364
11021 15 1463
11026 45 4391
11028 5 488
11030 13 1269
11036 3 293
11037 55 5372
11038 45 4396
11039 55 5373
11041 55 5374
11043 11 1075
11045 55 5376
11046 45 4399
11047 55 5377
11051 5 489
11053 11 1076
11055 55 5381
11056 45 4403
11061 9 881
11063 11 1077
11065 13 1273
11071 45 4409
11073 1 98
11076 55 5391
11078 55 5392
11079 45 4412
11080 55 5393
11081 15 1471
11082 55 5394
11084 45 4414
11086 55 5396
11088 55 5397
11089 15 1472
11090 55 5398
11091 13 1276
11094 45 4418
11096 5 491
11098 55 5402
11099 9 884
11100 13 1277
11104 15 1474
11106 45 4423
11108 13 1278
11113 55 5409
11114 45 4426
11115 11 1082
11116 45 4427
11117 55 5411
11119 5 492
11121 55 5413
11123 55 5414
11124 9 886
11125 11 1083
11126 13 1280
11129 45 4432
11131 55 5418
11133 55 5419
11134 15 1478
11139 45 4436
11141 5 493
11143 13 1282
11149 3 296
11150 55 5427
11151 45 4441
11152 55 5428
11154 55 5429
11156 11 1086
11158 55 5431
11159 45 4444
11160 55 5432
11164 5 494
11166 11 1087
11168 55 5436
11169 45 4448
11174 9 890
11176 11 1088
11178 13 1286
11184 45 4454
11186 1 99
11189 55 5446
11191 55 5447
11192 45 4457
11193 55 5448
11194 15 1486
11195 55 5449
11197 45 4459
11199 55 5451
11201 55 5452
11202 15 1487
11203 55 5453
11204 13 1289
11207 45 4463
11209 5 496
11211 55 5457
11212 9 893
11213 13 1290
11217 15 1489
11219 45 4468
11221 13 1291
11226 55 5464
11227 45 4471
11228 11 1093
11229 45 4472
11230 55 5466
11232 5 497
11234 55 5468
11236 55 5469
11237 9 895
11238 11 1094
11239 13 1293
11242 45 4477
11244 55 5473
11246 55 5474
11247 15 1493
11252 45 4481
11254 5 498
11256 13 1295
11262 3 299
11263 55 5482
11264 45 4486
11265 55 5483
11267 55 5484
11269 11 1097
11271 55 5486
11272 45 4489
11273 55 5487
11277 5 499
11279 11 1098
11281 55 5491
11282 45 4493
11287 9 899
11289 11 1099
11291 13 1299
11297 45 4499
11299 1 100
11302 55 5501
11304 55 5502
11305 45 4502
11306 55 5503
11307 15 1501
11308 55 5504
11310 45 4504
11312 55 5506
11314 55 5507
11315 15 1502
11316 55 5508
11317 13 1302
11320 45 4508
11322 5 501
11324 55 5512
11325 9 902
11326 13 1303
11330 15 1504
11332 45 4513
11334 13 1304
11339 55 5519
11340 45 4516
11341 11 1104
11342 45 4517
11343 55 5521
11345 5 502
11347 55 5523
11349 55 5524
11350 9 904
11351 11 1105
11352 13 1306
11355 45 4522
11357 55 5528
11359 55 5529
11360 15 1508
11365 45 4526
11367 5 503
11369 13 1308
11375 3 302
11376 55 5537
11377 45 4531
11378 55 5538
11380 55 5539
11382 11 1108
11384 55 5541
11385 45 4534
11386 55 5542
11390 5 504
11392 11 1109
11394 55 5546
11395 45 4538
11400 9 908
11402 11 1110
11404 13 1312
11410 45 4544
11412 1 101
11415 55 5556
11417 55 5557
11418 45 4547
11419 55 5558
11420 15 1516
11421 55 5559
11423 45 4549
11425 55 5561
11427 55 5562
11428 15 1517
11429 55 5563
11430 13 1315
11433 45 4553
11435 5 506
11437 55 5567
11438 9 911
11439 13 1316
11443 15 1519
11445 45 4558
11447 13 1317
11452 55 5574
11453 45 4561
11454 11 1115
11455 45 4562
11456 55 5576
11458 5 507
11460 55 5578
11462 55 5579
11463 9 913
11464 11 1116
11465 13 1319
11468 45 4567
11470 55 5583
11472 55 5584
11473 15 1523
11478 45 4571
11480 5 508
11482 13 1321
11488 3 305
11489 55 5592
11490 45 4576
11491 55 5593
11493 55 5594
11495 11 1119
11497 55 5596
11498 45 4579
11499 55 5597
11503 5 509
11505 11 1120
11507 55 5601
11508 45 4583
11513 9 917
11515 11 1121
11517 13 1325
11523 45 4589
11525 1 102
11528 55 5611
11530 55 5612
11531 45 4592
11532 55 5613
11533 15 1531
11534 55 5614
11536 45 4594
11538 55 5616
11540 55 5617
11541 15 1532
11542 55 5618
11543 13 1328
11546 45 4598
11548 5 511
11550 55 5622
11551 9 920
11552 13 1329
11556 15 1534
11558 45 4603
11560 13 1330
11565 55 5629
11566 45 4606
11567 11 1126
11568 45 4607
11569 55 5631
11571 5 512
11573 55 5633
11575 55 5634
11576 9 922
11577 11 1127
11578 13 1332
11581 45 4612
11583 55 5638
11585 55 5639
11586 15 1538
11591 45 4616
11593 5 513
11595 13 1334
11601 3 308
11602 55 5647
11603 45 4621
11604 55 5648
11606 55 5649
11608 11 1130
11610 55 5651
11611 45 4624
11612 55 5652
11616 5 514
11618 11 1131
11620 55 5656
11621 45 4628
11626 9 926
11628 11 1132
11630 13 1338
11636 45 4634
11638 1 103
11641 55 5666
11643 55 5667
11644 45 4637
11645 55 5668
11646 15 1546
11647 55 5669
11649 45 4639
11651 55 5671
11653 55 5672
11654 15 1547
11655 55 5673
11656 13 1341
11659 45 4643
11661 5 516
11663 55 5677
11664 9 929
11665 13 1342
11669 15 1549
11671 45 4648
11673 13 1343
11678 55 5684
11679 45 4651
11680 11 1137
11681 45 4652
11682 55 5686
11684 5 517
11686 55 5688
11688 55 5689
11689 9 931
11690 11 1138
11691 13 1345
11694 45 4657
11696 55 5693
11698 55 5694
11699 15 1553
11704 45 4661
11706 5 518
11708 13 1347
11714 3 311
11715 55 5702
11716 45 4666
11717 55 5703
11719 55 5704
11721 11 1141
11723 55 5706
11724 45 4669
11725 55 5707
11729 5 519
11731 11 1142
11733 55 5711
11734 45 4673
11739 9 935
11741 11 1143
11743 13 1351
11749 45 4679
11751 1 104
11754 55 5721
11756 55 5722
11757 45 4682
11758 55 5723
11759 15 1561
11760 55 5724
11762 45 4684
11764 55 5726
11766 55 5727
11767 15 1562
11768 55 5728
11769 13 1354
11772 45 4688
11774 5 521
11776 55 5732
11777 9 938
11778 13 1355
11782 15 1564
11784 45 4693
11786 13 1356
11791 55 5739
11792 45 4696
11793 11 1148
11794 45 4697
11795 55 5741
11797 5 522
11799 55 5743
11801 55 5744
11802 9 940
11803 11 1149
11804 13 1358
11807 45 4702
11809 55 5748
11811 55 5749
11812 15 1568
11817 45 4706
11819 5 523
11821 13 1360
11827 3 314
11828 55 5757
11829 45 4711
11830 55 5758
11832 55 5759
11834 11 1152
11836 55 5761
11837 45 4714
11838 55 5762
11842 5 524
11844 11 1153
11846 55 5766
11847 45 4718
11852 9 944
11854 11 1154
11856 13 1364
11862 45 4724
11864 1 105
11867 55 5776
11869 55 5777
11870 45 4727
11871 55 5778
11872 15 1576
11873 55 5779
11875 45 4729
11877 55 5781
11879 55 5782
11880 15 1577
11881 55 5783
11882 13 1367
11885 45 4733
11887 5 526
11889 55 5787
11890 9 947
11891 13 1368
11895 15 1579
11897 45 4738
11899 13 1369
11904 55 5794
11905 45 4741
11906 11 1159
11907 45 4742
11908 55 5796
11910 5 527
11912 55 5798
11914 55 5799
11915 9 949
11916 11 1160
11917 13 1371
11920 45 4747
11922 55 5803
11924 55 5804
11925 15 1583
11930 45 4751
11932 5 528
11934 13 1373
11940 3 317
11941 55 5812
11942 45 4756
11943 55 5813
11945 55 5814
11947 11 1163
11949 55 5816
11950 45 4759
11951 55 5817
11955 5 529
11957 11 1164
11959 55 5821
11960 45 4763
11965 9 953
11967 11 1165
11969 13 1377
11975 45 4769
11977 1 106
11980 55 5831
11982 55 5832
11983 45 4772
11984 55 5833
11985 15 1591
11986 55 5834
11988 45 4774
11990 55 5836
11992 55 5837
11993 15 1592
11994 55 5838
11995 13 1380
11998 45 4778
12000 5 531
12002 55 5842
12003 9 956
12004 13 1381
12008 15 1594
12010 45 4783
12012 13 1382
12017 55 5849
12018 45 4786
12019 11 1170
12020 45 4787
12021 55 5851
12023 5 532
12025 55 5853
12027 55 5854
12028 9 958
12029 11 1171
12030 13 1384
12033 45 4792
12035 55 5858
12037 55 5859
12038 15 1598
12043 45 4796
12045 5 533
12047 13 1386
12053 3 320
12054 55 5867
12055 45 4801
12056 55 5868
12058 55 5869
12060 11 1174
12062 55 5871
12063 45 4804
12064 55 5872
12068 5 534
12070 11 1175
12072 55 5876
12073 45 4808
12078 9 962
12080 11 1176
12082 13 1390
12088 45 4814
12090 1 107
12093 55 5886
12095 55 5887
12096 45 4817
12097 55 5888
12098 15 1606
12099 55 5889
12101 45 4819
12103 55 5891
12105 55 5892
12106 15 1607
12107 55 5893
12108 13 1393
12111 45 4823
12113 5 536
12115 55 5897
12116 9 965
12117 13 1394
12121 15 1609
12123 45 4828
12125 13 1395
12130 55 5904
12131 45 4831
12132 11 1181
12133 45 4832
12134 55 5906
12136 5 537
12138 55 5908
12140 55 5909
12141 9 967
12142 11 1182
12143 13 1397
12146 45 4837
12148 55 5913
12150 55 5914
12151 15 1613
12156 45 4841
12158 5 538
12160 13 1399
12166 3 323
12167 55 5922
12168 45 4846
12169 55 5923
12171 55 5924
12173 11 1185
12175 55 5926
12176 45 4849
12177 55 5927
12181 5 539
12183 11 1186
12185 55 5931
12186 45 4853
12191 9 971
12193 11 1187
12195 13 1403
12201 45 4859
12203 1 108
12206 55 5941
12208 55 5942
12209 45 4862
12210 55 5943
12211 15 1621
12212 55 5944
12214 45 4864
12216 55 5946
12218 55 5947
12219 15 1622
12220 55 5948
12221 13 1406
12224 45 4868
12226 5 541
12228 55 5952
12229 9 974
12230 13 1407
12234 15 1624
12236 45 4873
12238 13 1408
12243 55 5959
12244 45 4876
12245 11 1192
12246 45 4877
12247 55 5961
12249 5 542
12251 55 5963
12253 55 5964
12254 9 976
12255 11 1193
12256 13 1410
12259 45 4882
12261 55 5968
12263 55 5969
12264 15 1628
12269 45 4886
12271 5 543
12273 13 1412
12279 3 326
12280 55 5977
12281 45 4891
12282 55 5978
12284 55 5979
12286 11 1196
12288 55 5981
12289 45 4894
12290 55 5982
12294 5 544
12296 11 1197
12298 55 5986
12299 45 4898
12304 9 980
12306 11 1198
12308 13 1416
12314 45 4904
12316 1 109
12319 55 5996
12321 55 5997
12322 45 4907
12323 55 5998
12324 15 1636
12325 55 5999
12327 45 4909
12329 55 6001
12331 55 6002
12332 15 1637
12333 55 6003
12334 13 1419
12337 45 4913
12339 5 546
12341 55 6007
12342 9 983
12343 13 1420
12347 15 1639
12349 45 4918
12351 13 1421
12356 55 6014
12357 45 4921
12358 11 1203
12359 45 4922
12360 55 6016
12362 5 547
12364 55 6018
12366 55 6019
12367 9 985
12368 11 1204
12369 13 1423
12372 45 4927
12374 55 6023
12376 55 6024
12377 15 1643
12382 45 4931
12384 5 548
12386 13 1425
12392 3 329
12393 55 6032
12394 45 4936
12395 55 6033
12397 55 6034
12399 11 1207
12401 55 6036
12402 45 4939
12403 55 6037
12407 5 549
12409 11 1208
12411 55 6041
12412 45 4943
12417 9 989
12419 11 1209
12421 13 1429
12427 45 4949
12429 1 110
12432 55 6051
12434 55 6052
12435 45 4952
12436 55 6053
12437 15 1651
12438 55 6054
12440 45 4954
12442 55 6056
12444 55 6057
12445 15 1652
12446 55 6058
12447 13 1432
12450 45 4958
12452 5 551
12454 55 6062
12455 9 992
12456 13 1433
12460 15 1654
12462 45 4963
12464 13 1434
12469 55 6069
12470 45 4966
12471 11 1214
12472 45 4967
12473 55 6071
12475 5 552
12477 55 6073
12479 55 6074
12480 9 994
12481 11 1215
12482 13 1436
12485 45 4972
12487 55 6078
12489 55 6079
12490 15 1658
12495 45 4976
12497 5 553
12499 13 1438
12505 3 332
12506 55 6087
12507 45 4981
12508 55 6088
12510 55 6089
12512 11 1218
12514 55 6091
12515 45 4984
12516 55 6092
12520 5 554
12522 11 1219
12524 55 6096
12525 45 4988
12530 9 998
12532 11 1220
12534 13 1442
12540 45 4994
12542 1 111
12545 55 6106
12547 55 6107
12548 45 4997
12549 55 6108
12550 15 1666
12551 55 6109
12553 45 4999
12555 55 6111
12557 55 6112
12558 15 1667
12559 55 6113
12560 13 1445
12563 45 5003
12565 5 556
12567 55 6117
12568 9 1001
12569 13 1446
12573 15 1669
12575 45 5008
12577 13 1447
12582 55 6124
12583 45 5011
12584 11 1225
12585 45 5012
12586 55 6126
12588 5 557
12590 55 6128
12592 55 6129
12593 9 1003
12594 11 1226
12595 13 1449
12598 45 5017
12600 55 6133
12602 55 6134
12603 15 1673
12608 45 5021
12610 5 558
12612 13 1451
12618 3 335
12619 55 6142
12620 45 5026
12621 55 6143
12623 55 6144
12625 11 1229
12627 55 6146
12628 45 5029
12629 55 6147
12633 5 559
12635 11 1230
12637 55 6151
12638 45 5033
12643 9 1007
12645 11 1231
12647 13 1455
12653 45 5039
12655 1 112
12658 55 6161
12660 55 6162
12661 45 5042
12662 55 6163
12663 15 1681
12664 55 6164
12666 45 5044
12668 55 6166
12670 55 6167
12671 15 1682
12672 55 6168
12673 13 1458
12676 45 5048
12678 5 561
12680 55 6172
12681 9 1010
12682 13 1459
12686 15 1684
12688 45 5053
12690 13 1460
12695 55 6179
12696 45 5056
12697 11 1236
12698 45 5057
12699 55 6181
12701 5 562
12703 55 6183
12705 55 6184
12706 9 1012
12707 11 1237
12708 13 1462
12711 45 5062
12713 55 6188
12715 55 6189
12716 15 1688
12721 45 5066
12723 5 563
12725 13 1464
12731 3 338
12732 55 6197
12733 45 5071
12734 55 6198
12736 55 6199
12738 11 1240
12740 55 6201
12741 45 5074
12742 55 6202
12746 5 564
12748 11 1241
12750 55 6206
12751 45 5078
12756 9 1016
12758 11 1242
12760 13 1468
12766 45 5084
12768 1 113
12771 55 6216
12773 55 6217
12774 45 5087
12775 55 6218
12776 15 1696
12777 55 6219
12779 45 5089
12781 55 6221
12783 55 6222
12784 15 1697
12785 55 6223
12786 13 1471
12789 45 5093
12791 5 566
12793 55 6227
12794 9 1019
12795 13 1472
12799 15 1699
12801 45 5098
12803 13 1473
12808 55 6234
12809 45 5101
12810 11 1247
12811 45 5102
12812 55 6236
12814 5 567
12816 55 6238
12818 55 6239
12819 9 1021
12820 11 1248
12821 13 1475
12824 45 5107
12826 55 6243
12828 55 6244
12829 15 1703
12834 45 5111
12836 5 568
12838 13 1477
12844 3 341
12845 55 6252
12846 45 5116
12847 55 6253
12849 55 6254
12851 11 1251
12853 55 6256
12854 45 5119
12855 55 6257
12859 5 569
12861 11 1252
12863 55 6261
12864 45 5123
12869 9 1025
12871 11 1253
12873 13 1481
12879 45 5129
12881 1 114
12884 55 6271
12886 55 6272
12887 45 5132
12888 55 6273
12889 15 1711
12890 55 6274
12892 45 5134
12894 55 6276
12896 55 6277
12897 15 1712
12898 55 6278
12899 13 1484
12902 45 5138
12904 5 571
12906 55 6282
12907 9 1028
12908 13 1485
12912 15 1714
12914 45 5143
12916 13 1486
12921 55 6289
12922 45 5146
12923 11 1258
12924 45 5147
12925 55 6291
12927 5 572
12929 55 6293
12931 55 6294
12932 9 1030
12933 11 1259
12934 13 1488
12937 45 5152
12939 55 6298
12941 55 6299
12942 15 1718
12947 45 5156
12949 5 573
12951 13 1490
12957 3 344
12958 55 6307
12959 45 5161
12960 55 6308
12962 55 6309
12964 11 1262
12966 55 6311
12967 45 5164
12968 55 6312
12972 5 574
12974 11 1263
12976 55 6316
12977 45 5168
12982 9 1034
12984 11 1264
12986 13 1494
12992 45 5174
12994 1 115
12997 55 6326
12999 55 6327
13000 45 5177
13001 55 6328
13002 15 1726
13003 55 6329
13005 45 5179
13007 55 6331
13009 55 6332
13010 15 1727
13011 55 6333
13012 13 1497
13015 45 5183
13017 5 576
13019 55 6337
13020 9 1037
13021 13 1498
13025 15 1729
13027 45 5188
13029 13 1499
13034 55 6344
13035 45 5191
13036 11 1269
13037 45 5192
13038 55 6346
13040 5 577
13042 55 6348
13044 55 6349
13045 9 1039
13046 11 1270
13047 13 1501
13050 45 5197
13052 55 6353
13054 55 6354
13055 15 1733
13060 45 5201
13062 5 578
13064 13 1503
13070 3 347
13071 55 6362
13072 45 5206
13073 55 6363
13075 55 6364
13077 11 1273
13079 55 6366
13080 45 5209
13081 55 6367
13085 5 579
13087 11 1274
13089 55 6371
13090 45 5213
13095 9 1043
13097 11 1275
13099 13 1507
13105 45 5219
13107 1 116
13110 55 6381
13112 55 6382
13113 45 5222
13114 55 6383
13115 15 1741
13116 55 6384
13118 45 5224
13120 55 6386
13122 55 6387
13123 15 1742
13124 55 6388
13125 13 1510
13128 45 5228
13130 5 581
13132 55 6392
13133 9 1046
13134 13 1511
13138 15 1744
13140 45 5233
13142 13 1512
13147 55 6399
13148 45 5236
13149 11 1280
13150 45 5237
13151 55 6401
13153 5 582
13155 55 6403
13157 55 6404
13158 9 1048
13159 11 1281
13160 13 1514
13163 45 5242
13165 55 6408
13167 55 6409
13168 15 1748
13173 45 5246
13175 5 583
13177 13 1516
13183 3 350
13184 55 6417
13185 45 5251
13186 55 6418
13188 55 6419
13190 11 1284
13192 55 6421
13193 45 5254
13194 55 6422
13198 5 584
13200 11 1285
13202 55 6426
13203 45 5258
13208 9 1052
13210 11 1286
13212 13 1520
13218 45 5264
13220 1 117
13223 55 6436
13225 55 6437
13226 45 5267
13227 55 6438
13228 15 1756
13229 55 6439
13231 45 5269
13233 55 6441
13235 55 6442
13236 15 1757
13237 55 6443
13238 13 1523
13241 45 5273
13243 5 586
13245 55 6447
13246 9 1055
13247 13 1524
13251 15 1759
13253 45 5278
13255 13 1525
13260 55 6454
13261 45 5281
13262 11 1291
13263 45 5282
13264 55 6456
13266 5 587
13268 55 6458
13270 55 6459
13271 9 1057
13272 11 1292
13273 13 1527
13276 45 5287
13278 55 6463
13280 55 6464
13281 15 1763
13286 45 5291
13288 5 588
13290 13 1529
13296 3 353
13297 55 6472
13298 45 5296
13299 55 6473
13301 55 6474
13303 11 1295
13305 55 6476
13306 45 5299
13307 55 6477
13311 5 589
13313 11 1296
13315 55 6481
13316 45 5303
13321 9 1061
13323 11 1297
13325 13 1533
13331 45 5309
13333 1 118
13336 55 6491
13338 55 6492
13339 45 5312
13340 55 6493
13341 15 1771
13342 55 6494
13344 45 5314
13346 55 6496
13348 55 6497
13349 15 1772
13350 55 6498
13351 13 1536
13354 45 5318
13356 5 591
13358 55 6502
13359 9 1064
13360 13 1537
13364 15 1774
13366 45 5323
13368 13 1538
13373 55 6509
13374 45 5326
13375 11 1302
13376 45 5327
13377 55 6511
13379 5 592
13381 55 6513
13383 55 6514
13384 9 1066
13385 11 1303
13386 13 1540
13389 45 5332
13391 55 6518
13393 55 6519
13394 15 1778
13399 45 5336
13401 5 593
13403 13 1542
13409 3 356
13410 55 6527
13411 45 5341
13412 55 6528
13414 55 6529
13416 11 1306
13418 55 6531
13419 45 5344
13420 55 6532
13424 5 594
13426 11 1307
13428 55 6536
13429 45 5348
13434 9 1070
13436 11 1308
13438 13 1546
13444 45 5354
13446 1 119
13449 55 6546
13451 55 6547
13452 45 5357
13453 55 6548
13454 15 1786
13455 55 6549
13457 45 5359
13459 55 6551
13461 55 6552
13462 15 1787
13463 55 6553
13464 13 1549
13467 45 5363
13469 5 596
13471 55 6557
13472 9 1073
13473 13 1550
13477 15 1789
13479 45 5368
13481 13 1551
13486 55 6564
13487 45 5371
13488 11 1313
13489 45 5372
13490 55 6566
13492 5 597
13494 55 6568
13496 55 6569
13497 9 1075
13498 11 1314
13499 13 1553
13502 45 5377
13504 55 6573
13506 55 6574
13507 15 1793
13512 45 5381
13514 5 598
13516 13 1555
13522 3 359
13523 55 6582
13524 45 5386
13525 55 6583
13527 55 6584
13529 11 1317
13531 55 6586
13532 45 5389
13533 55 6587
13537 5 599
13539 11 1318
13541 55 6591
13542 45 5393
13547 9 1079
13549 11 1319
13551 13 1559
13557 45 5399
13559 1 120
13562 55 6601
13564 55 6602
13565 45 5402
13566 55 6603
13567 15 1801
13568 55 6604
13570 45 5404
13572 55 6606
13574 55 6607
13575 15 1802
13576 55 6608
13577 13 1562
13580 45 5408
13582 5 601
13584 55 6612
13585 9 1082
13586 13 1563
13590 15 1804
13592 45 5413
13594 13 1564
13599 55 6619
13600 45 5416
13601 11 1324
13602 45 5417
13603 55 6621
13605 5 602
13607 55 6623
13609 55 6624
13610 9 1084
13611 11 1325
13612 13 1566
13615 45 5422
13617 55 6628
13619 55 6629
13620 15 1808
13625 45 5426
13627 5 603
13629 13 1568
13635 3 362
13636 55 6637
13637 45 5431
13638 55 6638
13640 55 6639
13642 11 1328
13644 55 6641
13645 45 5434
13646 55 6642
13650 5 604
13652 11 1329
13654 55 6646
13655 45 5438
13660 9 1088
13662 11 1330
13664 13 1572
13670 45 5444
13672 1 121
13675 55 6656
13677 55 6657
13678 45 5447
13679 55 6658
13680 15 1816
13681 55 6659
13683 45 5449
13685 55 6661
13687 55 6662
13688 15 1817
13689 55 6663
13690 13 1575
13693 45 5453
13695 5 606
13697 55 6667
13698 9 1091
13699 13 1576
13703 15 1819
13705 45 5458
13707 13 1577
13712 55 6674
13713 45 5461
13714 11 1335
13715 45 5462
13716 55 6676
13718 5 607
13720 55 6678
13722 55 6679
13723 9 1093
13724 11 1336
13725 13 1579
13728 45 5467
13730 55 6683
13732 55 6684
13733 15 1823
13738 45 5471
13740 5 608
13742 13 1581
13748 3 365
13749 55 6692
13750 45 5476
13751 55 6693
13753 55 6694
13755 11 1339
13757 55 6696
13758 45 5479
13759 55 6697
13763 5 609
13765 11 1340
13767 55 6701
13768 45 5483
13773 9 1097
13775 11 1341
13777 13 1585
13783 45 5489
13785 1 122
13788 55 6711
13790 55 6712
13791 45 5492
13792 55 6713
13793 15 1831
13794 55 6714
13796 45 5494
13798 55 6716
13800 55 6717
13801 15 1832
13802 55 6718
13803 13 1588
13806 45 5498
13808 5 611
13810 55 6722
13811 9 1100
13812 13 1589
13816 15 1834
13818 45 5503
13820 13 1590
13825 55 6729
13826 45 5506
13827 11 1346
13828 45 5507
13829 55 6731
13831 5 612
13833 55 6733
13835 55 6734
13836 9 1102
13837 11 1347
13838 13 1592
13841 45 5512
13843 55 6738
13845 55 6739
13846 15 1838
13851 45 5516
13853 5 613
13855 13 1594
13861 3 368
13862 55 6747
13863 45 5521
13864 55 6748
13866 55 6749
13868 11 1350
13870 55 6751
13871 45 5524
13872 55 6752
13876 5 614
13878 11 1351
13880 55 6756
13881 45 5528
13886 9 1106
13888 11 1352
13890 13 1598
13896 45 5534
13898 1 123
13901 55 6766
13903 55 6767
13904 45 5537
13905 55 6768
13906 15 1846
13907 55 6769
13909 45 5539
13911 55 6771
13913 55 6772
13914 15 1847
13915 55 6773
13916 13 1601
13919 45 5543
13921 5 616
13923 55 6777
13924 9 1109
13925 13 1602
13929 15 1849
13931 45 5548
13933 13 1603
13938 55 6784
13939 45 5551
13940 11 1357
13941 45 5552
13942 55 6786
13944 5 617
13946 55 6788
13948 55 6789
13949 9 1111
13950 11 1358
13951 13 1605
13954 45 5557
13956 55 6793
13958 55 6794
13959 15 1853
13964 45 5561
13966 5 618
13968 13 1607
13974 3 371
13975 55 6802
13976 45 5566
13977 55 6803
13979 55 6804
13981 11 1361
13983 55 6806
13984 45 5569
13985 55 6807
13989 5 619
13991 11 1362
13993 55 6811
13994 45 5573
13999 9 1115
14001 11 1363
14003 13 1611
14009 45 5579
14011 1 124
14014 55 6821
14016 55 6822
14017 45 5582
14018 55 6823
14019 15 1861
14020 55 6824
14022 45 5584
14024 55 6826
14026 55 6827
14027 15 1862
14028 55 6828
14029 13 1614
14032 45 5588
14034 5 621
14036 55 6832
14037 9 1118
14038 13 1615
14042 15 1864
14044 45 5593
14046 13 1616
14051 55 6839
14052 45 5596
14053 11 1368
14054 45 5597
14055 55 6841
14057 5 622
14059 55 6843
14061 55 6844
14062 9 1120
14063 11 1369
14064 13 1618
14067 45 5602
14069 55 6848
14071 55 6849
14072 15 1868
14077 45 5606
14079 5 623
14081 13 1620
14087 3 374
14088 55 6857
14089 45 5611
14090 55 6858
14092 55 6859
14094 11 1372
14096 55 6861
14097 45 5614
14098 55 6862
14102 5 624
14104 11 1373
14106 55 6866
14107 45 5618
14112 9 1124
14114 11 1374
14116 13 1624
14122 45 5624
14124 1 125
14127 55 6876
14129 55 6877
14130 45 5627
14131 55 6878
14132 15 1876
14133 55 6879
14135 45 5629
14137 55 6881
14139 55 6882
14140 15 1877
14141 55 6883
14142 13 1627
14145 45 5633
14147 5 626
14149 55 6887
14150 9 1127
14151 13 1628
14155 15 1879
14157 45 5638
14159 13 1629
14164 55 6894
14165 45 5641
14166 11 1379
14167 45 5642
14168 55 6896
14170 5 627
14172 55 6898
14174 55 6899
14175 9 1129
14176 11 1380
14177 13 1631
14180 45 5647
14182 55 6903
14184 55 6904
14185 15 1883
14190 45 5651
14192 5 628
14194 13 1633
14200 3 377
14201 55 6912
14202 45 5656
14203 55 6913
14205 55 6914
14207 11 1383
14209 55 6916
14210 45 5659
14211 55 6917
14215 5 629
14217 11 1384
14219 55 6921
14220 45 5663
14225 9 1133
14227 11 1385
14229 13 1637
14235 45 5669
14237 1 126
14240 55 6931
14242 55 6932
14243 45 5672
14244 55 6933
14245 15 1891
14246 55 6934
14248 45 5674
14250 55 6936
14252 55 6937
14253 15 1892
14254 55 6938
14255 13 1640
14258 45 5678
14260 5 631
14262 55 6942
14263 9 1136
14264 13 1641
14268 15 1894
14270 45 5683
14272 13 1642
14277 55 6949
14278 45 5686
14279 11 1390
14280 45 5687
14281 55 6951
14283 5 632
14285 55 6953
14287 55 6954
14288 9 1138
14289 11 1391
14290 13 1644
14293 45 5692
14295 55 6958
14297 55 6959
14298 15 1898
14303 45 5696
14305 5 633
14307 13 1646
14313 3 380
14314 55 6967
14315 45 5701
14316 55 6968
14318 55 6969
14320 11 1394
14322 55 6971
14323 45 5704
14324 55 6972
14328 5 634
14330 11 1395
14332 55 6976
14333 45 5708
14338 9 1142
14340 11 1396
14342 13 1650
14348 45 5714
14350 1 127
14353 55 6986
14355 55 6987
14356 45 5717
14357 55 6988
14358 15 1906
14359 55 6989
14361 45 5719
14363 55 6991
14365 55 6992
14366 15 1907
14367 55 6993
14368 13 1653
14371 45 5723
14373 5 636
14375 55 6997
14376 9 1145
14377 13 1654
14381 15 1909
14383 45 5728
14385 13 1655
14390 55 7004
14391 45 5731
14392 11 1401
14393 45 5732
14394 55 7006
14396 5 637
14398 55 7008
14400 55 7009
14401 9 1147
14402 11 1402
14403 13 1657
14406 45 5737
14408 55 7013
14410 55 7014
14411 15 1913
14416 45 5741
14418 5 638
14420 13 1659
14426 3 383
14427 55 7022
14428 45 5746
14429 55 7023
14431 55 7024
14433 11 1405
14435 55 7026
14436 45 5749
14437 55 7027
14441 5 639
14443 11 1406
14445 55 7031
14446 45 5753
14451 9 1151
14453 11 1407
14455 13 1663
14461 45 5759
14463 1 128
14466 55 7041
14468 55 7042
14469 45 5762
14470 55 7043
14471 15 1921
14472 55 7044
14474 45 5764
14476 55 7046
14478 55 7047
14479 15 1922
14480 55 7048
14481 13 1666
14484 45 5768
14486 5 641
14488 55 7052
14489 9 1154
14490 13 1667
14494 15 1924
14496 45 5773
14498 13 1668
14503 55 7059
14504 45 5776
14505 11 1412
14506 45 5777
14507 55 7061
14509 5 642
14511 55 7063
14513 55 7064
14514 9 1156
14515 11 1413
14516 13 1670
14519 45 5782
14521 55 7068
14523 55 7069
14524 15 1928
14529 45 5786
14531 5 643
14533 13 1672
14539 3 386
14540 55 7077
14541 45 5791
14542 55 7078
14544 55 7079
14546 11 1416
14548 55 7081
14549 45 5794
14550 55 7082
14554 5 644
14556 11 1417
14558 55 7086
14559 45 5798
14564 9 1160
14566 11 1418
14568 13 1676
14574 45 5804
14576 1 129
