4644 76 100000000 3221 500
3 47 2
4 16 1
8 47 5
9 8 1
11 47 7
14 16 3
16 47 10
17 13 3
21 47 13
22 47 14
23 13 4
27 47 17
28 8 3
29 47 18
32 47 20
33 16 7
35 13 6
37 47 23
40 47 25
42 47 26
45 47 28
46 13 8
50 47 31
51 47 32
52 16 11
56 47 35
58 47 36
61 47 38
63 47 39
64 13 11
66 47 41
69 47 43
70 13 12
71 47 44
74 47 46
75 1 1
79 47 49
80 16 17
84 47 52
85 8 9
87 47 54
90 16 19
92 47 57
93 13 16
97 47 60
98 47 61
99 13 17
103 47 64
104 8 11
105 47 65
108 47 67
109 16 23
111 13 19
113 47 70
116 47 72
118 47 73
121 47 75
122 13 21
126 47 78
127 47 79
128 16 27
132 47 82
134 47 83
137 47 85
139 47 86
140 13 24
142 47 88
145 47 90
146 13 25
147 47 91
150 47 93
151 1 2
155 47 96
156 16 33
160 47 99
161 8 17
163 47 101
166 16 35
168 47 104
169 13 29
173 47 107
174 47 108
175 13 30
179 47 111
180 8 19
181 47 112
184 47 114
185 16 39
187 13 32
189 47 117
192 47 119
194 47 120
197 47 122
198 13 34
202 47 125
203 47 126
204 16 43
208 47 129
210 47 130
213 47 132
215 47 133
216 13 37
218 47 135
221 47 137
222 13 38
223 47 138
226 47 140
227 1 3
231 47 143
232 16 49
236 47 146
237 8 25
239 47 148
242 16 51
244 47 151
245 13 42
249 47 154
250 47 155
251 13 43
255 47 158
256 8 27
257 47 159
260 47 161
261 16 55
263 13 45
265 47 164
268 47 166
270 47 167
273 47 169
274 13 47
278 47 172
279 47 173
280 16 59
284 47 176
286 47 177
289 47 179
291 47 180
292 13 50
294 47 182
297 47 184
298 13 51
299 47 185
302 47 187
303 1 4
307 47 190
308 16 65
312 47 193
313 8 33
315 47 195
318 16 67
320 47 198
321 13 55
325 47 201
326 47 202
327 13 56
331 47 205
332 8 35
333 47 206
336 47 208
337 16 71
339 13 58
341 47 211
344 47 213
346 47 214
349 47 216
350 13 60
354 47 219
355 47 220
356 16 75
360 47 223
362 47 224
365 47 226
367 47 227
368 13 63
370 47 229
373 47 231
374 13 64
375 47 232
378 47 234
379 1 5
383 47 237
384 16 81
388 47 240
389 8 41
391 47 242
394 16 83
396 47 245
397 13 68
401 47 248
402 47 249
403 13 69
407 47 252
408 8 43
409 47 253
412 47 255
413 16 87
415 13 71
417 47 258
420 47 260
422 47 261
425 47 263
426 13 73
430 47 266
431 47 267
432 16 91
436 47 270
438 47 271
441 47 273
443 47 274
444 13 76
446 47 276
449 47 278
450 13 77
451 47 279
454 47 281
455 1 6
459 47 284
460 16 97
464 47 287
465 8 49
467 47 289
470 16 99
472 47 292
473 13 81
477 47 295
478 47 296
479 13 82
483 47 299
484 8 51
485 47 300
488 47 302
489 16 103
491 13 84
493 47 305
496 47 307
498 47 308
501 47 310
502 13 86
506 47 313
507 47 314
508 16 107
512 47 317
514 47 318
517 47 320
519 47 321
520 13 89
522 47 323
525 47 325
526 13 90
527 47 326
530 47 328
531 1 7
535 47 331
536 16 113
540 47 334
541 8 57
543 47 336
546 16 115
548 47 339
549 13 94
553 47 342
554 47 343
555 13 95
559 47 346
560 8 59
561 47 347
564 47 349
565 16 119
567 13 97
569 47 352
572 47 354
574 47 355
577 47 357
578 13 99
582 47 360
583 47 361
584 16 123
588 47 364
590 47 365
593 47 367
595 47 368
596 13 102
598 47 370
601 47 372
602 13 103
603 47 373
606 47 375
607 1 8
611 47 378
612 16 129
616 47 381
617 8 65
619 47 383
622 16 131
624 47 386
625 13 107
629 47 389
630 47 390
631 13 108
635 47 393
636 8 67
637 47 394
640 47 396
641 16 135
643 13 110
645 47 399
648 47 401
650 47 402
653 47 404
654 13 112
658 47 407
659 47 408
660 16 139
664 47 411
666 47 412
669 47 414
671 47 415
672 13 115
674 47 417
677 47 419
678 13 116
679 47 420
682 47 422
683 1 9
687 47 425
688 16 145
692 47 428
693 8 73
695 47 430
698 16 147
700 47 433
701 13 120
705 47 436
706 47 437
707 13 121
711 47 440
712 8 75
713 47 441
716 47 443
717 16 151
719 13 123
721 47 446
724 47 448
726 47 449
729 47 451
730 13 125
734 47 454
735 47 455
736 16 155
740 47 458
742 47 459
745 47 461
747 47 462
748 13 128
750 47 464
753 47 466
754 13 129
755 47 467
758 47 469
759 1 10
763 47 472
764 16 161
768 47 475
769 8 81
771 47 477
774 16 163
776 47 480
777 13 133
781 47 483
782 47 484
783 13 134
787 47 487
788 8 83
789 47 488
792 47 490
793 16 167
795 13 136
797 47 493
800 47 495
802 47 496
805 47 498
806 13 138
810 47 501
811 47 502
812 16 171
816 47 505
818 47 506
821 47 508
823 47 509
824 13 141
826 47 511
829 47 513
830 13 142
831 47 514
834 47 516
835 1 11
839 47 519
840 16 177
844 47 522
845 8 89
847 47 524
850 16 179
852 47 527
853 13 146
857 47 530
858 47 531
859 13 147
863 47 534
864 8 91
865 47 535
868 47 537
869 16 183
871 13 149
873 47 540
876 47 542
878 47 543
881 47 545
882 13 151
886 47 548
887 47 549
888 16 187
892 47 552
894 47 553
897 47 555
899 47 556
900 13 154
902 47 558
905 47 560
906 13 155
907 47 561
910 47 563
911 1 12
915 47 566
916 16 193
920 47 569
921 8 97
923 47 571
926 16 195
928 47 574
929 13 159
933 47 577
934 47 578
935 13 160
939 47 581
940 8 99
941 47 582
944 47 584
945 16 199
947 13 162
949 47 587
952 47 589
954 47 590
957 47 592
958 13 164
962 47 595
963 47 596
964 16 203
968 47 599
970 47 600
973 47 602
975 47 603
976 13 167
978 47 605
981 47 607
982 13 168
983 47 608
986 47 610
987 1 13
991 47 613
992 16 209
996 47 616
997 8 105
999 47 618
1002 16 211
1004 47 621
1005 13 172
1009 47 624
1010 47 625
1011 13 173
1015 47 628
1016 8 107
1017 47 629
1020 47 631
1021 16 215
1023 13 175
1025 47 634
1028 47 636
1030 47 637
1033 47 639
1034 13 177
1038 47 642
1039 47 643
1040 16 219
1044 47 646
1046 47 647
1049 47 649
1051 47 650
1052 13 180
1054 47 652
1057 47 654
1058 13 181
1059 47 655
1062 47 657
1063 1 14
1067 47 660
1068 16 225
1072 47 663
1073 8 113
1075 47 665
1078 16 227
1080 47 668
1081 13 185
1085 47 671
1086 47 672
1087 13 186
1091 47 675
1092 8 115
1093 47 676
1096 47 678
1097 16 231
1099 13 188
1101 47 681
1104 47 683
1106 47 684
1109 47 686
1110 13 190
1114 47 689
1115 47 690
1116 16 235
1120 47 693
1122 47 694
1125 47 696
1127 47 697
1128 13 193
1130 47 699
1133 47 701
1134 13 194
1135 47 702
1138 47 704
1139 1 15
1143 47 707
1144 16 241
1148 47 710
1149 8 121
1151 47 712
1154 16 243
1156 47 715
1157 13 198
1161 47 718
1162 47 719
1163 13 199
1167 47 722
1168 8 123
1169 47 723
1172 47 725
1173 16 247
1175 13 201
1177 47 728
1180 47 730
1182 47 731
1185 47 733
1186 13 203
1190 47 736
1191 47 737
1192 16 251
1196 47 740
1198 47 741
1201 47 743
1203 47 744
1204 13 206
1206 47 746
1209 47 748
1210 13 207
1211 47 749
1214 47 751
1215 1 16
1219 47 754
1220 16 257
1224 47 757
1225 8 129
1227 47 759
1230 16 259
1232 47 762
1233 13 211
1237 47 765
1238 47 766
1239 13 212
1243 47 769
1244 8 131
1245 47 770
1248 47 772
1249 16 263
1251 13 214
1253 47 775
1256 47 777
1258 47 778
1261 47 780
1262 13 216
1266 47 783
1267 47 784
1268 16 267
1272 47 787
1274 47 788
1277 47 790
1279 47 791
1280 13 219
1282 47 793
1285 47 795
1286 13 220
1287 47 796
1290 47 798
1291 1 17
1295 47 801
1296 16 273
1300 47 804
1301 8 137
1303 47 806
1306 16 275
1308 47 809
1309 13 224
1313 47 812
1314 47 813
1315 13 225
1319 47 816
1320 8 139
1321 47 817
1324 47 819
1325 16 279
1327 13 227
1329 47 822
1332 47 824
1334 47 825
1337 47 827
1338 13 229
1342 47 830
1343 47 831
1344 16 283
1348 47 834
1350 47 835
1353 47 837
1355 47 838
1356 13 232
1358 47 840
1361 47 842
1362 13 233
1363 47 843
1366 47 845
1367 1 18
1371 47 848
1372 16 289
1376 47 851
1377 8 145
1379 47 853
1382 16 291
1384 47 856
1385 13 237
1389 47 859
1390 47 860
1391 13 238
1395 47 863
1396 8 147
1397 47 864
1400 47 866
1401 16 295
1403 13 240
1405 47 869
1408 47 871
1410 47 872
1413 47 874
1414 13 242
1418 47 877
1419 47 878
1420 16 299
1424 47 881
1426 47 882
1429 47 884
1431 47 885
1432 13 245
1434 47 887
1437 47 889
1438 13 246
1439 47 890
1442 47 892
1443 1 19
1447 47 895
1448 16 305
1452 47 898
1453 8 153
1455 47 900
1458 16 307
1460 47 903
1461 13 250
1465 47 906
1466 47 907
1467 13 251
1471 47 910
1472 8 155
1473 47 911
1476 47 913
1477 16 311
1479 13 253
1481 47 916
1484 47 918
1486 47 919
1489 47 921
1490 13 255
1494 47 924
1495 47 925
1496 16 315
1500 47 928
1502 47 929
1505 47 931
1507 47 932
1508 13 258
1510 47 934
1513 47 936
1514 13 259
1515 47 937
1518 47 939
1519 1 20
1523 47 942
1524 16 321
1528 47 945
1529 8 161
1531 47 947
1534 16 323
1536 47 950
1537 13 263
1541 47 953
1542 47 954
1543 13 264
1547 47 957
1548 8 163
1549 47 958
1552 47 960
1553 16 327
1555 13 266
1557 47 963
1560 47 965
1562 47 966
1565 47 968
1566 13 268
1570 47 971
1571 47 972
1572 16 331
1576 47 975
1578 47 976
1581 47 978
1583 47 979
1584 13 271
1586 47 981
1589 47 983
1590 13 272
1591 47 984
1594 47 986
1595 1 21
1599 47 989
1600 16 337
1604 47 992
1605 8 169
1607 47 994
1610 16 339
1612 47 997
1613 13 276
1617 47 1000
1618 47 1001
1619 13 277
1623 47 1004
1624 8 171
1625 47 1005
1628 47 1007
1629 16 343
1631 13 279
1633 47 1010
1636 47 1012
1638 47 1013
1641 47 1015
1642 13 281
1646 47 1018
1647 47 1019
1648 16 347
1652 47 1022
1654 47 1023
1657 47 1025
1659 47 1026
1660 13 284
1662 47 1028
1665 47 1030
1666 13 285
1667 47 1031
1670 47 1033
1671 1 22
1675 47 1036
1676 16 353
1680 47 1039
1681 8 177
1683 47 1041
1686 16 355
1688 47 1044
1689 13 289
1693 47 1047
1694 47 1048
1695 13 290
1699 47 1051
1700 8 179
1701 47 1052
1704 47 1054
1705 16 359
1707 13 292
1709 47 1057
1712 47 1059
1714 47 1060
1717 47 1062
1718 13 294
1722 47 1065
1723 47 1066
1724 16 363
1728 47 1069
1730 47 1070
1733 47 1072
1735 47 1073
1736 13 297
1738 47 1075
1741 47 1077
1742 13 298
1743 47 1078
1746 47 1080
1747 1 23
1751 47 1083
1752 16 369
1756 47 1086
1757 8 185
1759 47 1088
1762 16 371
1764 47 1091
1765 13 302
1769 47 1094
1770 47 1095
1771 13 303
1775 47 1098
1776 8 187
1777 47 1099
1780 47 1101
1781 16 375
1783 13 305
1785 47 1104
1788 47 1106
1790 47 1107
1793 47 1109
1794 13 307
1798 47 1112
1799 47 1113
1800 16 379
1804 47 1116
1806 47 1117
1809 47 1119
1811 47 1120
1812 13 310
1814 47 1122
1817 47 1124
1818 13 311
1819 47 1125
1822 47 1127
1823 1 24
1827 47 1130
1828 16 385
1832 47 1133
1833 8 193
1835 47 1135
1838 16 387
1840 47 1138
1841 13 315
1845 47 1141
1846 47 1142
1847 13 316
1851 47 1145
1852 8 195
1853 47 1146
1856 47 1148
1857 16 391
1859 13 318
1861 47 1151
1864 47 1153
1866 47 1154
1869 47 1156
1870 13 320
1874 47 1159
1875 47 1160
1876 16 395
1880 47 1163
1882 47 1164
1885 47 1166
1887 47 1167
1888 13 323
1890 47 1169
1893 47 1171
1894 13 324
1895 47 1172
1898 47 1174
1899 1 25
1903 47 1177
1904 16 401
1908 47 1180
1909 8 201
1911 47 1182
1914 16 403
1916 47 1185
1917 13 328
1921 47 1188
1922 47 1189
1923 13 329
1927 47 1192
1928 8 203
1929 47 1193
1932 47 1195
1933 16 407
1935 13 331
1937 47 1198
1940 47 1200
1942 47 1201
1945 47 1203
1946 13 333
1950 47 1206
1951 47 1207
1952 16 411
1956 47 1210
1958 47 1211
1961 47 1213
1963 47 1214
1964 13 336
1966 47 1216
1969 47 1218
1970 13 337
1971 47 1219
1974 47 1221
1975 1 26
1979 47 1224
1980 16 417
1984 47 1227
1985 8 209
1987 47 1229
1990 16 419
1992 47 1232
1993 13 341
1997 47 1235
1998 47 1236
1999 13 342
2003 47 1239
2004 8 211
2005 47 1240
2008 47 1242
2009 16 423
2011 13 344
2013 47 1245
2016 47 1247
2018 47 1248
2021 47 1250
2022 13 346
2026 47 1253
2027 47 1254
2028 16 427
2032 47 1257
2034 47 1258
2037 47 1260
2039 47 1261
2040 13 349
2042 47 1263
2045 47 1265
2046 13 350
2047 47 1266
2050 47 1268
2051 1 27
2055 47 1271
2056 16 433
2060 47 1274
2061 8 217
2063 47 1276
2066 16 435
2068 47 1279
2069 13 354
2073 47 1282
2074 47 1283
2075 13 355
2079 47 1286
2080 8 219
2081 47 1287
2084 47 1289
2085 16 439
2087 13 357
2089 47 1292
2092 47 1294
2094 47 1295
2097 47 1297
2098 13 359
2102 47 1300
2103 47 1301
2104 16 443
2108 47 1304
2110 47 1305
2113 47 1307
2115 47 1308
2116 13 362
2118 47 1310
2121 47 1312
2122 13 363
2123 47 1313
2126 47 1315
2127 1 28
2131 47 1318
2132 16 449
2136 47 1321
2137 8 225
2139 47 1323
2142 16 451
2144 47 1326
2145 13 367
2149 47 1329
2150 47 1330
2151 13 368
2155 47 1333
2156 8 227
2157 47 1334
2160 47 1336
2161 16 455
2163 13 370
2165 47 1339
2168 47 1341
2170 47 1342
2173 47 1344
2174 13 372
2178 47 1347
2179 47 1348
2180 16 459
2184 47 1351
2186 47 1352
2189 47 1354
2191 47 1355
2192 13 375
2194 47 1357
2197 47 1359
2198 13 376
2199 47 1360
2202 47 1362
2203 1 29
2207 47 1365
2208 16 465
2212 47 1368
2213 8 233
2215 47 1370
2218 16 467
2220 47 1373
2221 13 380
2225 47 1376
2226 47 1377
2227 13 381
2231 47 1380
2232 8 235
2233 47 1381
2236 47 1383
2237 16 471
2239 13 383
2241 47 1386
2244 47 1388
2246 47 1389
2249 47 1391
2250 13 385
2254 47 1394
2255 47 1395
2256 16 475
2260 47 1398
2262 47 1399
2265 47 1401
2267 47 1402
2268 13 388
2270 47 1404
2273 47 1406
2274 13 389
2275 47 1407
2278 47 1409
2279 1 30
2283 47 1412
2284 16 481
2288 47 1415
2289 8 241
2291 47 1417
2294 16 483
2296 47 1420
2297 13 393
2301 47 1423
2302 47 1424
2303 13 394
2307 47 1427
2308 8 243
2309 47 1428
2312 47 1430
2313 16 487
2315 13 396
2317 47 1433
2320 47 1435
2322 47 1436
2325 47 1438
2326 13 398
2330 47 1441
2331 47 1442
2332 16 491
2336 47 1445
2338 47 1446
2341 47 1448
2343 47 1449
2344 13 401
2346 47 1451
2349 47 1453
2350 13 402
2351 47 1454
2354 47 1456
2355 1 31
2359 47 1459
2360 16 497
2364 47 1462
2365 8 249
2367 47 1464
2370 16 499
2372 47 1467
2373 13 406
2377 47 1470
2378 47 1471
2379 13 407
2383 47 1474
2384 8 251
2385 47 1475
2388 47 1477
2389 16 503
2391 13 409
2393 47 1480
2396 47 1482
2398 47 1483
2401 47 1485
2402 13 411
2406 47 1488
2407 47 1489
2408 16 507
2412 47 1492
2414 47 1493
2417 47 1495
2419 47 1496
2420 13 414
2422 47 1498
2425 47 1500
2426 13 415
2427 47 1501
2430 47 1503
2431 1 32
2435 47 1506
2436 16 513
2440 47 1509
2441 8 257
2443 47 1511
2446 16 515
2448 47 1514
2449 13 419
2453 47 1517
2454 47 1518
2455 13 420
2459 47 1521
2460 8 259
2461 47 1522
2464 47 1524
2465 16 519
2467 13 422
2469 47 1527
2472 47 1529
2474 47 1530
2477 47 1532
2478 13 424
2482 47 1535
2483 47 1536
2484 16 523
2488 47 1539
2490 47 1540
2493 47 1542
2495 47 1543
2496 13 427
2498 47 1545
2501 47 1547
2502 13 428
2503 47 1548
2506 47 1550
2507 1 33
2511 47 1553
2512 16 529
2516 47 1556
2517 8 265
2519 47 1558
2522 16 531
2524 47 1561
2525 13 432
2529 47 1564
2530 47 1565
2531 13 433
2535 47 1568
2536 8 267
2537 47 1569
2540 47 1571
2541 16 535
2543 13 435
2545 47 1574
2548 47 1576
2550 47 1577
2553 47 1579
2554 13 437
2558 47 1582
2559 47 1583
2560 16 539
2564 47 1586
2566 47 1587
2569 47 1589
2571 47 1590
2572 13 440
2574 47 1592
2577 47 1594
2578 13 441
2579 47 1595
2582 47 1597
2583 1 34
2587 47 1600
2588 16 545
2592 47 1603
2593 8 273
2595 47 1605
2598 16 547
2600 47 1608
2601 13 445
2605 47 1611
2606 47 1612
2607 13 446
2611 47 1615
2612 8 275
2613 47 1616
2616 47 1618
2617 16 551
2619 13 448
2621 47 1621
2624 47 1623
2626 47 1624
2629 47 1626
2630 13 450
2634 47 1629
2635 47 1630
2636 16 555
2640 47 1633
2642 47 1634
2645 47 1636
2647 47 1637
2648 13 453
2650 47 1639
2653 47 1641
2654 13 454
2655 47 1642
2658 47 1644
2659 1 35
2663 47 1647
2664 16 561
2668 47 1650
2669 8 281
2671 47 1652
2674 16 563
2676 47 1655
2677 13 458
2681 47 1658
2682 47 1659
2683 13 459
2687 47 1662
2688 8 283
2689 47 1663
2692 47 1665
2693 16 567
2695 13 461
2697 47 1668
2700 47 1670
2702 47 1671
2705 47 1673
2706 13 463
2710 47 1676
2711 47 1677
2712 16 571
2716 47 1680
2718 47 1681
2721 47 1683
2723 47 1684
2724 13 466
2726 47 1686
2729 47 1688
2730 13 467
2731 47 1689
2734 47 1691
2735 1 36
2739 47 1694
2740 16 577
2744 47 1697
2745 8 289
2747 47 1699
2750 16 579
2752 47 1702
2753 13 471
2757 47 1705
2758 47 1706
2759 13 472
2763 47 1709
2764 8 291
2765 47 1710
2768 47 1712
2769 16 583
2771 13 474
2773 47 1715
2776 47 1717
2778 47 1718
2781 47 1720
2782 13 476
2786 47 1723
2787 47 1724
2788 16 587
2792 47 1727
2794 47 1728
2797 47 1730
2799 47 1731
2800 13 479
2802 47 1733
2805 47 1735
2806 13 480
2807 47 1736
2810 47 1738
2811 1 37
2815 47 1741
2816 16 593
2820 47 1744
2821 8 297
2823 47 1746
2826 16 595
2828 47 1749
2829 13 484
2833 47 1752
2834 47 1753
2835 13 485
2839 47 1756
2840 8 299
2841 47 1757
2844 47 1759
2845 16 599
2847 13 487
2849 47 1762
2852 47 1764
2854 47 1765
2857 47 1767
2858 13 489
2862 47 1770
2863 47 1771
2864 16 603
2868 47 1774
2870 47 1775
2873 47 1777
2875 47 1778
2876 13 492
2878 47 1780
2881 47 1782
2882 13 493
2883 47 1783
2886 47 1785
2887 1 38
2891 47 1788
2892 16 609
2896 47 1791
2897 8 305
2899 47 1793
2902 16 611
2904 47 1796
2905 13 497
2909 47 1799
2910 47 1800
2911 13 498
2915 47 1803
2916 8 307
2917 47 1804
2920 47 1806
2921 16 615
2923 13 500
2925 47 1809
2928 47 1811
2930 47 1812
2933 47 1814
2934 13 502
2938 47 1817
2939 47 1818
2940 16 619
2944 47 1821
2946 47 1822
2949 47 1824
2951 47 1825
2952 13 505
2954 47 1827
2957 47 1829
2958 13 506
2959 47 1830
2962 47 1832
2963 1 39
2967 47 1835
2968 16 625
2972 47 1838
2973 8 313
2975 47 1840
2978 16 627
2980 47 1843
2981 13 510
2985 47 1846
2986 47 1847
2987 13 511
2991 47 1850
2992 8 315
2993 47 1851
2996 47 1853
2997 16 631
2999 13 513
3001 47 1856
3004 47 1858
3006 47 1859
3009 47 1861
3010 13 515
3014 47 1864
3015 47 1865
3016 16 635
3020 47 1868
3022 47 1869
3025 47 1871
3027 47 1872
3028 13 518
3030 47 1874
3033 47 1876
3034 13 519
3035 47 1877
3038 47 1879
3039 1 40
3043 47 1882
3044 16 641
3048 47 1885
3049 8 321
3051 47 1887
3054 16 643
3056 47 1890
3057 13 523
3061 47 1893
3062 47 1894
3063 13 524
3067 47 1897
3068 8 323
3069 47 1898
3072 47 1900
3073 16 647
3075 13 526
3077 47 1903
3080 47 1905
3082 47 1906
3085 47 1908
3086 13 528
3090 47 1911
3091 47 1912
3092 16 651
3096 47 1915
3098 47 1916
3101 47 1918
3103 47 1919
3104 13 531
3106 47 1921
3109 47 1923
3110 13 532
3111 47 1924
3114 47 1926
3115 1 41
3119 47 1929
3120 16 657
3124 47 1932
3125 8 329
3127 47 1934
3130 16 659
3132 47 1937
3133 13 536
3137 47 1940
3138 47 1941
3139 13 537
3143 47 1944
3144 8 331
3145 47 1945
3148 47 1947
3149 16 663
3151 13 539
3153 47 1950
3156 47 1952
3158 47 1953
3161 47 1955
3162 13 541
3166 47 1958
3167 47 1959
3168 16 667
3172 47 1962
3174 47 1963
3177 47 1965
3179 47 1966
3180 13 544
3182 47 1968
3185 47 1970
3186 13 545
3187 47 1971
3190 47 1973
3191 1 42
3195 47 1976
3196 16 673
3200 47 1979
3201 8 337
3203 47 1981
3206 16 675
3208 47 1984
3209 13 549
3213 47 1987
3214 47 1988
3215 13 550
3219 47 1991
3220 8 339
3221 47 1992
3224 47 1994
3225 16 679
3227 13 552
3229 47 1997
3232 47 1999
3234 47 2000
3237 47 2002
3238 13 554
3242 47 2005
3243 47 2006
3244 16 683
3248 47 2009
3250 47 2010
3253 47 2012
3255 47 2013
3256 13 557
3258 47 2015
3261 47 2017
3262 13 558
3263 47 2018
3266 47 2020
3267 1 43
3271 47 2023
3272 16 689
3276 47 2026
3277 8 345
3279 47 2028
3282 16 691
3284 47 2031
3285 13 562
3289 47 2034
3290 47 2035
3291 13 563
3295 47 2038
3296 8 347
3297 47 2039
3300 47 2041
3301 16 695
3303 13 565
3305 47 2044
3308 47 2046
3310 47 2047
3313 47 2049
3314 13 567
3318 47 2052
3319 47 2053
3320 16 699
3324 47 2056
3326 47 2057
3329 47 2059
3331 47 2060
3332 13 570
3334 47 2062
3337 47 2064
3338 13 571
3339 47 2065
3342 47 2067
3343 1 44
3347 47 2070
3348 16 705
3352 47 2073
3353 8 353
3355 47 2075
3358 16 707
3360 47 2078
3361 13 575
3365 47 2081
3366 47 2082
3367 13 576
3371 47 2085
3372 8 355
3373 47 2086
3376 47 2088
3377 16 711
3379 13 578
3381 47 2091
3384 47 2093
3386 47 2094
3389 47 2096
3390 13 580
3394 47 2099
3395 47 2100
3396 16 715
3400 47 2103
3402 47 2104
3405 47 2106
3407 47 2107
3408 13 583
3410 47 2109
3413 47 2111
3414 13 584
3415 47 2112
3418 47 2114
3419 1 45
3423 47 2117
3424 16 721
3428 47 2120
3429 8 361
3431 47 2122
3434 16 723
3436 47 2125
3437 13 588
3441 47 2128
3442 47 2129
3443 13 589
3447 47 2132
3448 8 363
3449 47 2133
3452 47 2135
3453 16 727
3455 13 591
3457 47 2138
3460 47 2140
3462 47 2141
3465 47 2143
3466 13 593
3470 47 2146
3471 47 2147
3472 16 731
3476 47 2150
3478 47 2151
3481 47 2153
3483 47 2154
3484 13 596
3486 47 2156
3489 47 2158
3490 13 597
3491 47 2159
3494 47 2161
3495 1 46
3499 47 2164
3500 16 737
3504 47 2167
3505 8 369
3507 47 2169
3510 16 739
3512 47 2172
3513 13 601
3517 47 2175
3518 47 2176
3519 13 602
3523 47 2179
3524 8 371
3525 47 2180
3528 47 2182
3529 16 743
3531 13 604
3533 47 2185
3536 47 2187
3538 47 2188
3541 47 2190
3542 13 606
3546 47 2193
3547 47 2194
3548 16 747
3552 47 2197
3554 47 2198
3557 47 2200
3559 47 2201
3560 13 609
3562 47 2203
3565 47 2205
3566 13 610
3567 47 2206
3570 47 2208
3571 1 47
3575 47 2211
3576 16 753
3580 47 2214
3581 8 377
3583 47 2216
3586 16 755
3588 47 2219
3589 13 614
3593 47 2222
3594 47 2223
3595 13 615
3599 47 2226
3600 8 379
3601 47 2227
3604 47 2229
3605 16 759
3607 13 617
3609 47 2232
3612 47 2234
3614 47 2235
3617 47 2237
3618 13 619
3622 47 2240
3623 47 2241
3624 16 763
3628 47 2244
3630 47 2245
3633 47 2247
3635 47 2248
3636 13 622
3638 47 2250
3641 47 2252
3642 13 623
3643 47 2253
3646 47 2255
3647 1 48
3651 47 2258
3652 16 769
3656 47 2261
3657 8 385
3659 47 2263
3662 16 771
3664 47 2266
3665 13 627
3669 47 2269
3670 47 2270
3671 13 628
3675 47 2273
3676 8 387
3677 47 2274
3680 47 2276
3681 16 775
3683 13 630
3685 47 2279
3688 47 2281
3690 47 2282
3693 47 2284
3694 13 632
3698 47 2287
3699 47 2288
3700 16 779
3704 47 2291
3706 47 2292
3709 47 2294
3711 47 2295
3712 13 635
3714 47 2297
3717 47 2299
3718 13 636
3719 47 2300
3722 47 2302
3723 1 49
3727 47 2305
3728 16 785
3732 47 2308
3733 8 393
3735 47 2310
3738 16 787
3740 47 2313
3741 13 640
3745 47 2316
3746 47 2317
3747 13 641
3751 47 2320
3752 8 395
3753 47 2321
3756 47 2323
3757 16 791
3759 13 643
3761 47 2326
3764 47 2328
3766 47 2329
3769 47 2331
3770 13 645
3774 47 2334
3775 47 2335
3776 16 795
3780 47 2338
3782 47 2339
3785 47 2341
3787 47 2342
3788 13 648
3790 47 2344
3793 47 2346
3794 13 649
3795 47 2347
3798 47 2349
3799 1 50
3803 47 2352
3804 16 801
3808 47 2355
3809 8 401
3811 47 2357
3814 16 803
3816 47 2360
3817 13 653
3821 47 2363
3822 47 2364
3823 13 654
3827 47 2367
3828 8 403
3829 47 2368
3832 47 2370
3833 16 807
3835 13 656
3837 47 2373
3840 47 2375
3842 47 2376
3845 47 2378
3846 13 658
3850 47 2381
3851 47 2382
3852 16 811
3856 47 2385
3858 47 2386
3861 47 2388
3863 47 2389
3864 13 661
3866 47 2391
3869 47 2393
3870 13 662
3871 47 2394
3874 47 2396
3875 1 51
3879 47 2399
3880 16 817
3884 47 2402
3885 8 409
3887 47 2404
3890 16 819
3892 47 2407
3893 13 666
3897 47 2410
3898 47 2411
3899 13 667
3903 47 2414
3904 8 411
3905 47 2415
3908 47 2417
3909 16 823
3911 13 669
3913 47 2420
3916 47 2422
3918 47 2423
3921 47 2425
3922 13 671
3926 47 2428
3927 47 2429
3928 16 827
3932 47 2432
3934 47 2433
3937 47 2435
3939 47 2436
3940 13 674
3942 47 2438
3945 47 2440
3946 13 675
3947 47 2441
3950 47 2443
3951 1 52
3955 47 2446
3956 16 833
3960 47 2449
3961 8 417
3963 47 2451
3966 16 835
3968 47 2454
3969 13 679
3973 47 2457
3974 47 2458
3975 13 680
3979 47 2461
3980 8 419
3981 47 2462
3984 47 2464
3985 16 839
3987 13 682
3989 47 2467
3992 47 2469
3994 47 2470
3997 47 2472
3998 13 684
4002 47 2475
4003 47 2476
4004 16 843
4008 47 2479
4010 47 2480
4013 47 2482
4015 47 2483
4016 13 687
4018 47 2485
4021 47 2487
4022 13 688
4023 47 2488
4026 47 2490
4027 1 53
4031 47 2493
4032 16 849
4036 47 2496
4037 8 425
4039 47 2498
4042 16 851
4044 47 2501
4045 13 692
4049 47 2504
4050 47 2505
4051 13 693
4055 47 2508
4056 8 427
4057 47 2509
4060 47 2511
4061 16 855
4063 13 695
4065 47 2514
4068 47 2516
4070 47 2517
4073 47 2519
4074 13 697
4078 47 2522
4079 47 2523
4080 16 859
4084 47 2526
4086 47 2527
4089 47 2529
4091 47 2530
4092 13 700
4094 47 2532
4097 47 2534
4098 13 701
4099 47 2535
4102 47 2537
4103 1 54
4107 47 2540
4108 16 865
4112 47 2543
4113 8 433
4115 47 2545
4118 16 867
4120 47 2548
4121 13 705
4125 47 2551
4126 47 2552
4127 13 706
4131 47 2555
4132 8 435
4133 47 2556
4136 47 2558
4137 16 871
4139 13 708
4141 47 2561
4144 47 2563
4146 47 2564
4149 47 2566
4150 13 710
4154 47 2569
4155 47 2570
4156 16 875
4160 47 2573
4162 47 2574
4165 47 2576
4167 47 2577
4168 13 713
4170 47 2579
4173 47 2581
4174 13 714
4175 47 2582
4178 47 2584
4179 1 55
4183 47 2587
4184 16 881
4188 47 2590
4189 8 441
4191 47 2592
4194 16 883
4196 47 2595
4197 13 718
4201 47 2598
4202 47 2599
4203 13 719
4207 47 2602
4208 8 443
4209 47 2603
4212 47 2605
4213 16 887
4215 13 721
4217 47 2608
4220 47 2610
4222 47 2611
4225 47 2613
4226 13 723
4230 47 2616
4231 47 2617
4232 16 891
4236 47 2620
4238 47 2621
4241 47 2623
4243 47 2624
4244 13 726
4246 47 2626
4249 47 2628
4250 13 727
4251 47 2629
4254 47 2631
4255 1 56
4259 47 2634
4260 16 897
4264 47 2637
4265 8 449
4267 47 2639
4270 16 899
4272 47 2642
4273 13 731
4277 47 2645
4278 47 2646
4279 13 732
4283 47 2649
4284 8 451
4285 47 2650
4288 47 2652
4289 16 903
4291 13 734
4293 47 2655
4296 47 2657
4298 47 2658
4301 47 2660
4302 13 736
4306 47 2663
4307 47 2664
4308 16 907
4312 47 2667
4314 47 2668
4317 47 2670
4319 47 2671
4320 13 739
4322 47 2673
4325 47 2675
4326 13 740
4327 47 2676
4330 47 2678
4331 1 57
4335 47 2681
4336 16 913
4340 47 2684
4341 8 457
4343 47 2686
4346 16 915
4348 47 2689
4349 13 744
4353 47 2692
4354 47 2693
4355 13 745
4359 47 2696
4360 8 459
4361 47 2697
4364 47 2699
4365 16 919
4367 13 747
4369 47 2702
4372 47 2704
4374 47 2705
4377 47 2707
4378 13 749
4382 47 2710
4383 47 2711
4384 16 923
4388 47 2714
4390 47 2715
4393 47 2717
4395 47 2718
4396 13 752
4398 47 2720
4401 47 2722
4402 13 753
4403 47 2723
4406 47 2725
4407 1 58
4411 47 2728
4412 16 929
4416 47 2731
4417 8 465
4419 47 2733
4422 16 931
4424 47 2736
4425 13 757
4429 47 2739
4430 47 2740
4431 13 758
4435 47 2743
4436 8 467
4437 47 2744
4440 47 2746
4441 16 935
4443 13 760
4445 47 2749
4448 47 2751
4450 47 2752
4453 47 2754
4454 13 762
4458 47 2757
4459 47 2758
4460 16 939
4464 47 2761
4466 47 2762
4469 47 2764
4471 47 2765
4472 13 765
4474 47 2767
4477 47 2769
4478 13 766
4479 47 2770
4482 47 2772
4483 1 59
4487 47 2775
4488 16 945
4492 47 2778
4493 8 473
4495 47 2780
4498 16 947
4500 47 2783
4501 13 770
4505 47 2786
4506 47 2787
4507 13 771
4511 47 2790
4512 8 475
4513 47 2791
4516 47 2793
4517 16 951
4519 13 773
4521 47 2796
4524 47 2798
4526 47 2799
4529 47 2801
4530 13 775
4534 47 2804
4535 47 2805
4536 16 955
4540 47 2808
4542 47 2809
4545 47 2811
4547 47 2812
4548 13 778
4550 47 2814
4553 47 2816
4554 13 779
4555 47 2817
4558 47 2819
4559 1 60
4563 47 2822
4564 16 961
4568 47 2825
4569 8 481
4571 47 2827
4574 16 963
4576 47 2830
4577 13 783
4581 47 2833
4582 47 2834
4583 13 784
4587 47 2837
4588 8 483
4589 47 2838
4592 47 2840
4593 16 967
4595 13 786
4597 47 2843
4600 47 2845
4602 47 2846
4605 47 2848
4606 13 788
4610 47 2851
4611 47 2852
4612 16 971
4616 47 2855
4618 47 2856
4621 47 2858
4623 47 2859
4624 13 791
4626 47 2861
4629 47 2863
4630 13 792
4631 47 2864
4634 47 2866
4635 1 61
4639 47 2869
4640 16 977
4644 47 2872
4645 8 489
4647 47 2874
4650 16 979
4652 47 2877
4653 13 796
4657 47 2880
4658 47 2881
4659 13 797
4663 47 2884
4664 8 491
4665 47 2885
4668 47 2887
4669 16 983
4671 13 799
4673 47 2890
4676 47 2892
4678 47 2893
4681 47 2895
4682 13 801
4686 47 2898
4687 47 2899
4688 16 987
4692 47 2902
4694 47 2903
4697 47 2905
4699 47 2906
4700 13 804
4702 47 2908
4705 47 2910
4706 13 805
4707 47 2911
4710 47 2913
4711 1 62
4715 47 2916
4716 16 993
4720 47 2919
4721 8 497
4723 47 2921
4726 16 995
4728 47 2924
4729 13 809
4733 47 2927
4734 47 2928
4735 13 810
4739 47 2931
4740 8 499
4741 47 2932
4744 47 2934
4745 16 999
4747 13 812
4749 47 2937
4752 47 2939
4754 47 2940
4757 47 2942
4758 13 814
4762 47 2945
4763 47 2946
4764 16 1003
4768 47 2949
4770 47 2950
4773 47 2952
4775 47 2953
4776 13 817
4778 47 2955
4781 47 2957
4782 13 818
4783 47 2958
4786 47 2960
4787 1 63
4791 47 2963
4792 16 1009
4796 47 2966
4797 8 505
4799 47 2968
4802 16 1011
4804 47 2971
4805 13 822
4809 47 2974
4810 47 2975
4811 13 823
4815 47 2978
4816 8 507
4817 47 2979
4820 47 2981
4821 16 1015
4823 13 825
4825 47 2984
4828 47 2986
4830 47 2987
4833 47 2989
4834 13 827
4838 47 2992
4839 47 2993
4840 16 1019
4844 47 2996
4846 47 2997
4849 47 2999
4851 47 3000
4852 13 830
4854 47 3002
4857 47 3004
4858 13 831
4859 47 3005
4862 47 3007
4863 1 64
4867 47 3010
4868 16 1025
4872 47 3013
4873 8 513
4875 47 3015
4878 16 1027
4880 47 3018
4881 13 835
4885 47 3021
4886 47 3022
4887 13 836
4891 47 3025
4892 8 515
4893 47 3026
4896 47 3028
4897 16 1031
4899 13 838
4901 47 3031
4904 47 3033
4906 47 3034
4909 47 3036
4910 13 840
4914 47 3039
4915 47 3040
4916 16 1035
4920 47 3043
4922 47 3044
4925 47 3046
4927 47 3047
4928 13 843
4930 47 3049
4933 47 3051
4934 13 844
4935 47 3052
4938 47 3054
4939 1 65
4943 47 3057
4944 16 1041
4948 47 3060
4949 8 521
4951 47 3062
4954 16 1043
4956 47 3065
4957 13 848
4961 47 3068
4962 47 3069
4963 13 849
4967 47 3072
4968 8 523
4969 47 3073
4972 47 3075
4973 16 1047
4975 13 851
4977 47 3078
4980 47 3080
4982 47 3081
4985 47 3083
4986 13 853
4990 47 3086
4991 47 3087
4992 16 1051
4996 47 3090
4998 47 3091
5001 47 3093
5003 47 3094
5004 13 856
5006 47 3096
5009 47 3098
5010 13 857
5011 47 3099
5014 47 3101
5015 1 66
5019 47 3104
5020 16 1057
5024 47 3107
5025 8 529
5027 47 3109
5030 16 1059
5032 47 3112
5033 13 861
5037 47 3115
5038 47 3116
5039 13 862
5043 47 3119
5044 8 531
5045 47 3120
5048 47 3122
5049 16 1063
5051 13 864
5053 47 3125
5056 47 3127
5058 47 3128
5061 47 3130
5062 13 866
5066 47 3133
5067 47 3134
5068 16 1067
5072 47 3137
5074 47 3138
5077 47 3140
5079 47 3141
5080 13 869
5082 47 3143
5085 47 3145
5086 13 870
5087 47 3146
5090 47 3148
5091 1 67
5095 47 3151
5096 16 1073
5100 47 3154
5101 8 537
5103 47 3156
5106 16 1075
5108 47 3159
5109 13 874
5113 47 3162
5114 47 3163
5115 13 875
5119 47 3166
5120 8 539
5121 47 3167
5124 47 3169
5125 16 1079
5127 13 877
5129 47 3172
5132 47 3174
5134 47 3175
5137 47 3177
5138 13 879
5142 47 3180
5143 47 3181
5144 16 1083
5148 47 3184
5150 47 3185
5153 47 3187
5155 47 3188
5156 13 882
5158 47 3190
5161 47 3192
5162 13 883
5163 47 3193
5166 47 3195
5167 1 68
5171 47 3198
5172 16 1089
5176 47 3201
5177 8 545
5179 47 3203
5182 16 1091
5184 47 3206
5185 13 887
5189 47 3209
5190 47 3210
5191 13 888
5195 47 3213
5196 8 547
5197 47 3214
5200 47 3216
5201 16 1095
5203 13 890
5205 47 3219
5208 47 3221
5210 47 3222
5213 47 3224
5214 13 892
5218 47 3227
5219 47 3228
5220 16 1099
5224 47 3231
5226 47 3232
5229 47 3234
5231 47 3235
5232 13 895
5234 47 3237
5237 47 3239
5238 13 896
5239 47 3240
5242 47 3242
5243 1 69
5247 47 3245
5248 16 1105
5252 47 3248
5253 8 553
5255 47 3250
5258 16 1107
5260 47 3253
5261 13 900
5265 47 3256
5266 47 3257
5267 13 901
5271 47 3260
5272 8 555
5273 47 3261
5276 47 3263
5277 16 1111
5279 13 903
5281 47 3266
5284 47 3268
5286 47 3269
5289 47 3271
5290 13 905
5294 47 3274
5295 47 3275
5296 16 1115
5300 47 3278
5302 47 3279
5305 47 3281
5307 47 3282
5308 13 908
5310 47 3284
5313 47 3286
5314 13 909
5315 47 3287
5318 47 3289
5319 1 70
5323 47 3292
5324 16 1121
5328 47 3295
5329 8 561
5331 47 3297
5334 16 1123
5336 47 3300
5337 13 913
5341 47 3303
5342 47 3304
5343 13 914
5347 47 3307
5348 8 563
5349 47 3308
5352 47 3310
5353 16 1127
5355 13 916
5357 47 3313
5360 47 3315
5362 47 3316
5365 47 3318
5366 13 918
5370 47 3321
5371 47 3322
5372 16 1131
5376 47 3325
5378 47 3326
5381 47 3328
5383 47 3329
5384 13 921
5386 47 3331
5389 47 3333
5390 13 922
5391 47 3334
5394 47 3336
5395 1 71
5399 47 3339
5400 16 1137
5404 47 3342
5405 8 569
5407 47 3344
5410 16 1139
5412 47 3347
5413 13 926
5417 47 3350
5418 47 3351
5419 13 927
5423 47 3354
5424 8 571
5425 47 3355
5428 47 3357
5429 16 1143
5431 13 929
5433 47 3360
5436 47 3362
5438 47 3363
5441 47 3365
5442 13 931
5446 47 3368
5447 47 3369
5448 16 1147
5452 47 3372
5454 47 3373
5457 47 3375
5459 47 3376
5460 13 934
5462 47 3378
5465 47 3380
5466 13 935
5467 47 3381
5470 47 3383
5471 1 72
5475 47 3386
5476 16 1153
5480 47 3389
5481 8 577
5483 47 3391
5486 16 1155
5488 47 3394
5489 13 939
5493 47 3397
5494 47 3398
5495 13 940
5499 47 3401
5500 8 579
5501 47 3402
5504 47 3404
5505 16 1159
5507 13 942
5509 47 3407
5512 47 3409
5514 47 3410
5517 47 3412
5518 13 944
5522 47 3415
5523 47 3416
5524 16 1163
5528 47 3419
5530 47 3420
5533 47 3422
5535 47 3423
5536 13 947
5538 47 3425
5541 47 3427
5542 13 948
5543 47 3428
5546 47 3430
5547 1 73
5551 47 3433
5552 16 1169
5556 47 3436
5557 8 585
5559 47 3438
5562 16 1171
5564 47 3441
5565 13 952
5569 47 3444
5570 47 3445
5571 13 953
5575 47 3448
5576 8 587
5577 47 3449
5580 47 3451
5581 16 1175
5583 13 955
5585 47 3454
5588 47 3456
5590 47 3457
5593 47 3459
5594 13 957
5598 47 3462
5599 47 3463
5600 16 1179
5604 47 3466
5606 47 3467
5609 47 3469
5611 47 3470
5612 13 960
5614 47 3472
5617 47 3474
5618 13 961
5619 47 3475
5622 47 3477
5623 1 74
5627 47 3480
5628 16 1185
5632 47 3483
5633 8 593
5635 47 3485
5638 16 1187
5640 47 3488
5641 13 965
5645 47 3491
5646 47 3492
5647 13 966
5651 47 3495
5652 8 595
5653 47 3496
5656 47 3498
5657 16 1191
5659 13 968
5661 47 3501
5664 47 3503
5666 47 3504
5669 47 3506
5670 13 970
5674 47 3509
5675 47 3510
5676 16 1195
5680 47 3513
5682 47 3514
5685 47 3516
5687 47 3517
5688 13 973
5690 47 3519
5693 47 3521
5694 13 974
5695 47 3522
5698 47 3524
5699 1 75
5703 47 3527
5704 16 1201
5708 47 3530
5709 8 601
5711 47 3532
5714 16 1203
5716 47 3535
5717 13 978
5721 47 3538
5722 47 3539
5723 13 979
5727 47 3542
5728 8 603
5729 47 3543
5732 47 3545
5733 16 1207
5735 13 981
5737 47 3548
5740 47 3550
5742 47 3551
5745 47 3553
5746 13 983
5750 47 3556
5751 47 3557
5752 16 1211
5756 47 3560
5758 47 3561
5761 47 3563
5763 47 3564
5764 13 986
5766 47 3566
5769 47 3568
5770 13 987
5771 47 3569
5774 47 3571
5775 1 76
5779 47 3574
5780 16 1217
5784 47 3577
5785 8 609
5787 47 3579
5790 16 1219
5792 47 3582
5793 13 991
5797 47 3585
5798 47 3586
5799 13 992
5803 47 3589
5804 8 611
5805 47 3590
5808 47 3592
5809 16 1223
5811 13 994
5813 47 3595
5816 47 3597
5818 47 3598
5821 47 3600
5822 13 996
5826 47 3603
5827 47 3604
5828 16 1227
5832 47 3607
5834 47 3608
5837 47 3610
5839 47 3611
5840 13 999
5842 47 3613
5845 47 3615
5846 13 1000
5847 47 3616
5850 47 3618
5851 1 77
5855 47 3621
5856 16 1233
5860 47 3624
5861 8 617
5863 47 3626
5866 16 1235
5868 47 3629
5869 13 1004
5873 47 3632
5874 47 3633
5875 13 1005
5879 47 3636
5880 8 619
5881 47 3637
5884 47 3639
5885 16 1239
5887 13 1007
5889 47 3642
5892 47 3644
5894 47 3645
5897 47 3647
5898 13 1009
5902 47 3650
5903 47 3651
5904 16 1243
5908 47 3654
5910 47 3655
5913 47 3657
5915 47 3658
5916 13 1012
5918 47 3660
5921 47 3662
5922 13 1013
5923 47 3663
5926 47 3665
5927 1 78
5931 47 3668
5932 16 1249
5936 47 3671
5937 8 625
5939 47 3673
5942 16 1251
5944 47 3676
5945 13 1017
5949 47 3679
5950 47 3680
5951 13 1018
5955 47 3683
5956 8 627
5957 47 3684
5960 47 3686
5961 16 1255
5963 13 1020
5965 47 3689
5968 47 3691
5970 47 3692
5973 47 3694
5974 13 1022
5978 47 3697
5979 47 3698
5980 16 1259
5984 47 3701
5986 47 3702
5989 47 3704
5991 47 3705
5992 13 1025
5994 47 3707
5997 47 3709
5998 13 1026
5999 47 3710
6002 47 3712
6003 1 79
6007 47 3715
6008 16 1265
6012 47 3718
6013 8 633
6015 47 3720
6018 16 1267
6020 47 3723
6021 13 1030
6025 47 3726
6026 47 3727
6027 13 1031
6031 47 3730
6032 8 635
6033 47 3731
6036 47 3733
6037 16 1271
6039 13 1033
6041 47 3736
6044 47 3738
6046 47 3739
6049 47 3741
6050 13 1035
6054 47 3744
6055 47 3745
6056 16 1275
6060 47 3748
6062 47 3749
6065 47 3751
6067 47 3752
6068 13 1038
6070 47 3754
6073 47 3756
6074 13 1039
6075 47 3757
6078 47 3759
6079 1 80
6083 47 3762
6084 16 1281
6088 47 3765
6089 8 641
6091 47 3767
6094 16 1283
6096 47 3770
6097 13 1043
6101 47 3773
6102 47 3774
6103 13 1044
6107 47 3777
6108 8 643
6109 47 3778
6112 47 3780
6113 16 1287
6115 13 1046
6117 47 3783
6120 47 3785
6122 47 3786
6125 47 3788
6126 13 1048
6130 47 3791
6131 47 3792
6132 16 1291
6136 47 3795
6138 47 3796
6141 47 3798
6143 47 3799
6144 13 1051
6146 47 3801
6149 47 3803
6150 13 1052
6151 47 3804
6154 47 3806
6155 1 81
6159 47 3809
6160 16 1297
6164 47 3812
6165 8 649
6167 47 3814
6170 16 1299
6172 47 3817
6173 13 1056
6177 47 3820
6178 47 3821
6179 13 1057
6183 47 3824
6184 8 651
6185 47 3825
6188 47 3827
6189 16 1303
6191 13 1059
6193 47 3830
6196 47 3832
6198 47 3833
6201 47 3835
6202 13 1061
6206 47 3838
6207 47 3839
6208 16 1307
6212 47 3842
6214 47 3843
6217 47 3845
6219 47 3846
6220 13 1064
6222 47 3848
6225 47 3850
6226 13 1065
6227 47 3851
6230 47 3853
6231 1 82
6235 47 3856
6236 16 1313
6240 47 3859
6241 8 657
6243 47 3861
6246 16 1315
6248 47 3864
6249 13 1069
6253 47 3867
6254 47 3868
6255 13 1070
6259 47 3871
6260 8 659
6261 47 3872
6264 47 3874
6265 16 1319
6267 13 1072
6269 47 3877
6272 47 3879
6274 47 3880
6277 47 3882
6278 13 1074
6282 47 3885
6283 47 3886
6284 16 1323
6288 47 3889
6290 47 3890
6293 47 3892
6295 47 3893
6296 13 1077
6298 47 3895
6301 47 3897
6302 13 1078
6303 47 3898
6306 47 3900
6307 1 83
6311 47 3903
6312 16 1329
6316 47 3906
6317 8 665
6319 47 3908
6322 16 1331
6324 47 3911
6325 13 1082
6329 47 3914
6330 47 3915
6331 13 1083
6335 47 3918
6336 8 667
6337 47 3919
6340 47 3921
6341 16 1335
6343 13 1085
6345 47 3924
6348 47 3926
6350 47 3927
6353 47 3929
6354 13 1087
6358 47 3932
6359 47 3933
6360 16 1339
6364 47 3936
6366 47 3937
6369 47 3939
6371 47 3940
6372 13 1090
6374 47 3942
6377 47 3944
6378 13 1091
6379 47 3945
6382 47 3947
6383 1 84
6387 47 3950
6388 16 1345
6392 47 3953
6393 8 673
6395 47 3955
6398 16 1347
6400 47 3958
6401 13 1095
6405 47 3961
6406 47 3962
6407 13 1096
6411 47 3965
6412 8 675
6413 47 3966
6416 47 3968
6417 16 1351
6419 13 1098
6421 47 3971
6424 47 3973
6426 47 3974
6429 47 3976
6430 13 1100
6434 47 3979
6435 47 3980
6436 16 1355
6440 47 3983
6442 47 3984
6445 47 3986
6447 47 3987
6448 13 1103
6450 47 3989
6453 47 3991
6454 13 1104
6455 47 3992
6458 47 3994
6459 1 85
6463 47 3997
6464 16 1361
6468 47 4000
6469 8 681
6471 47 4002
6474 16 1363
6476 47 4005
6477 13 1108
6481 47 4008
6482 47 4009
6483 13 1109
6487 47 4012
6488 8 683
6489 47 4013
6492 47 4015
6493 16 1367
6495 13 1111
6497 47 4018
6500 47 4020
6502 47 4021
6505 47 4023
6506 13 1113
6510 47 4026
6511 47 4027
6512 16 1371
6516 47 4030
6518 47 4031
6521 47 4033
6523 47 4034
6524 13 1116
6526 47 4036
6529 47 4038
6530 13 1117
6531 47 4039
6534 47 4041
6535 1 86
6539 47 4044
6540 16 1377
6544 47 4047
6545 8 689
6547 47 4049
6550 16 1379
6552 47 4052
6553 13 1121
6557 47 4055
6558 47 4056
6559 13 1122
6563 47 4059
6564 8 691
6565 47 4060
6568 47 4062
6569 16 1383
6571 13 1124
6573 47 4065
6576 47 4067
6578 47 4068
6581 47 4070
6582 13 1126
6586 47 4073
6587 47 4074
6588 16 1387
6592 47 4077
6594 47 4078
6597 47 4080
6599 47 4081
6600 13 1129
6602 47 4083
6605 47 4085
6606 13 1130
6607 47 4086
6610 47 4088
6611 1 87
6615 47 4091
6616 16 1393
6620 47 4094
6621 8 697
6623 47 4096
6626 16 1395
6628 47 4099
6629 13 1134
6633 47 4102
6634 47 4103
6635 13 1135
6639 47 4106
6640 8 699
6641 47 4107
6644 47 4109
6645 16 1399
6647 13 1137
6649 47 4112
6652 47 4114
6654 47 4115
6657 47 4117
6658 13 1139
6662 47 4120
6663 47 4121
6664 16 1403
6668 47 4124
6670 47 4125
6673 47 4127
6675 47 4128
6676 13 1142
6678 47 4130
6681 47 4132
6682 13 1143
6683 47 4133
6686 47 4135
6687 1 88
6691 47 4138
6692 16 1409
6696 47 4141
6697 8 705
6699 47 4143
6702 16 1411
6704 47 4146
6705 13 1147
6709 47 4149
6710 47 4150
6711 13 1148
6715 47 4153
6716 8 707
6717 47 4154
6720 47 4156
6721 16 1415
6723 13 1150
6725 47 4159
6728 47 4161
6730 47 4162
6733 47 4164
6734 13 1152
6738 47 4167
6739 47 4168
6740 16 1419
6744 47 4171
6746 47 4172
6749 47 4174
6751 47 4175
6752 13 1155
6754 47 4177
6757 47 4179
6758 13 1156
6759 47 4180
6762 47 4182
6763 1 89
6767 47 4185
6768 16 1425
6772 47 4188
6773 8 713
6775 47 4190
6778 16 1427
6780 47 4193
6781 13 1160
6785 47 4196
6786 47 4197
6787 13 1161
6791 47 4200
6792 8 715
6793 47 4201
6796 47 4203
6797 16 1431
6799 13 1163
6801 47 4206
6804 47 4208
6806 47 4209
6809 47 4211
6810 13 1165
6814 47 4214
6815 47 4215
6816 16 1435
6820 47 4218
6822 47 4219
6825 47 4221
6827 47 4222
6828 13 1168
6830 47 4224
6833 47 4226
6834 13 1169
6835 47 4227
6838 47 4229
6839 1 90
6843 47 4232
6844 16 1441
6848 47 4235
6849 8 721
6851 47 4237
6854 16 1443
6856 47 4240
6857 13 1173
6861 47 4243
6862 47 4244
6863 13 1174
6867 47 4247
6868 8 723
6869 47 4248
6872 47 4250
6873 16 1447
6875 13 1176
6877 47 4253
6880 47 4255
6882 47 4256
6885 47 4258
6886 13 1178
6890 47 4261
6891 47 4262
6892 16 1451
6896 47 4265
6898 47 4266
6901 47 4268
6903 47 4269
6904 13 1181
6906 47 4271
6909 47 4273
6910 13 1182
6911 47 4274
6914 47 4276
6915 1 91
6919 47 4279
6920 16 1457
6924 47 4282
6925 8 729
6927 47 4284
6930 16 1459
6932 47 4287
6933 13 1186
6937 47 4290
6938 47 4291
6939 13 1187
6943 47 4294
6944 8 731
6945 47 4295
6948 47 4297
6949 16 1463
6951 13 1189
6953 47 4300
6956 47 4302
6958 47 4303
6961 47 4305
6962 13 1191
6966 47 4308
6967 47 4309
6968 16 1467
6972 47 4312
6974 47 4313
6977 47 4315
6979 47 4316
6980 13 1194
6982 47 4318
6985 47 4320
6986 13 1195
6987 47 4321
6990 47 4323
6991 1 92
6995 47 4326
6996 16 1473
7000 47 4329
7001 8 737
7003 47 4331
7006 16 1475
7008 47 4334
7009 13 1199
7013 47 4337
7014 47 4338
7015 13 1200
7019 47 4341
7020 8 739
7021 47 4342
7024 47 4344
7025 16 1479
7027 13 1202
7029 47 4347
7032 47 4349
7034 47 4350
7037 47 4352
7038 13 1204
7042 47 4355
7043 47 4356
7044 16 1483
7048 47 4359
7050 47 4360
7053 47 4362
7055 47 4363
7056 13 1207
7058 47 4365
7061 47 4367
7062 13 1208
7063 47 4368
7066 47 4370
7067 1 93
7071 47 4373
7072 16 1489
7076 47 4376
7077 8 745
7079 47 4378
7082 16 1491
7084 47 4381
7085 13 1212
7089 47 4384
7090 47 4385
7091 13 1213
7095 47 4388
7096 8 747
7097 47 4389
7100 47 4391
7101 16 1495
7103 13 1215
7105 47 4394
7108 47 4396
7110 47 4397
7113 47 4399
7114 13 1217
7118 47 4402
7119 47 4403
7120 16 1499
7124 47 4406
7126 47 4407
7129 47 4409
7131 47 4410
7132 13 1220
7134 47 4412
7137 47 4414
7138 13 1221
7139 47 4415
7142 47 4417
7143 1 94
7147 47 4420
7148 16 1505
7152 47 4423
7153 8 753
7155 47 4425
7158 16 1507
7160 47 4428
7161 13 1225
7165 47 4431
7166 47 4432
7167 13 1226
7171 47 4435
7172 8 755
7173 47 4436
7176 47 4438
7177 16 1511
7179 13 1228
7181 47 4441
7184 47 4443
7186 47 4444
7189 47 4446
7190 13 1230
7194 47 4449
7195 47 4450
7196 16 1515
7200 47 4453
7202 47 4454
7205 47 4456
7207 47 4457
7208 13 1233
7210 47 4459
7213 47 4461
7214 13 1234
7215 47 4462
7218 47 4464
7219 1 95
7223 47 4467
7224 16 1521
7228 47 4470
7229 8 761
7231 47 4472
7234 16 1523
7236 47 4475
7237 13 1238
7241 47 4478
7242 47 4479
7243 13 1239
7247 47 4482
7248 8 763
7249 47 4483
7252 47 4485
7253 16 1527
7255 13 1241
7257 47 4488
7260 47 4490
7262 47 4491
7265 47 4493
7266 13 1243
7270 47 4496
7271 47 4497
7272 16 1531
7276 47 4500
7278 47 4501
7281 47 4503
7283 47 4504
7284 13 1246
7286 47 4506
7289 47 4508
7290 13 1247
7291 47 4509
7294 47 4511
7295 1 96
7299 47 4514
7300 16 1537
7304 47 4517
7305 8 769
7307 47 4519
7310 16 1539
7312 47 4522
7313 13 1251
7317 47 4525
7318 47 4526
7319 13 1252
7323 47 4529
7324 8 771
7325 47 4530
7328 47 4532
7329 16 1543
7331 13 1254
7333 47 4535
7336 47 4537
7338 47 4538
7341 47 4540
7342 13 1256
7346 47 4543
7347 47 4544
7348 16 1547
7352 47 4547
7354 47 4548
7357 47 4550
7359 47 4551
7360 13 1259
7362 47 4553
7365 47 4555
7366 13 1260
7367 47 4556
7370 47 4558
7371 1 97
7375 47 4561
7376 16 1553
7380 47 4564
7381 8 777
7383 47 4566
7386 16 1555
7388 47 4569
7389 13 1264
7393 47 4572
7394 47 4573
7395 13 1265
7399 47 4576
7400 8 779
7401 47 4577
7404 47 4579
7405 16 1559
7407 13 1267
7409 47 4582
7412 47 4584
7414 47 4585
7417 47 4587
7418 13 1269
7422 47 4590
7423 47 4591
7424 16 1563
7428 47 4594
7430 47 4595
7433 47 4597
7435 47 4598
7436 13 1272
7438 47 4600
7441 47 4602
7442 13 1273
7443 47 4603
7446 47 4605
7447 1 98
7451 47 4608
7452 16 1569
7456 47 4611
7457 8 785
7459 47 4613
7462 16 1571
7464 47 4616
7465 13 1277
7469 47 4619
7470 47 4620
7471 13 1278
7475 47 4623
7476 8 787
7477 47 4624
7480 47 4626
7481 16 1575
7483 13 1280
7485 47 4629
7488 47 4631
7490 47 4632
7493 47 4634
7494 13 1282
7498 47 4637
7499 47 4638
7500 16 1579
7504 47 4641
7506 47 4642
7509 47 4644
7511 47 4645
7512 13 1285
7514 47 4647
7517 47 4649
7518 13 1286
7519 47 4650
7522 47 4652
7523 1 99
7527 47 4655
7528 16 1585
7532 47 4658
7533 8 793
7535 47 4660
7538 16 1587
7540 47 4663
7541 13 1290
7545 47 4666
7546 47 4667
7547 13 1291
7551 47 4670
7552 8 795
7553 47 4671
7556 47 4673
7557 16 1591
7559 13 1293
7561 47 4676
7564 47 4678
7566 47 4679
7569 47 4681
7570 13 1295
7574 47 4684
7575 47 4685
7576 16 1595
7580 47 4688
7582 47 4689
7585 47 4691
7587 47 4692
7588 13 1298
7590 47 4694
7593 47 4696
7594 13 1299
7595 47 4697
7598 47 4699
7599 1 100
7603 47 4702
7604 16 1601
7608 47 4705
7609 8 801
7611 47 4707
7614 16 1603
7616 47 4710
7617 13 1303
7621 47 4713
7622 47 4714
7623 13 1304
7627 47 4717
7628 8 803
7629 47 4718
7632 47 4720
7633 16 1607
7635 13 1306
7637 47 4723
7640 47 4725
7642 47 4726
7645 47 4728
7646 13 1308
7650 47 4731
7651 47 4732
7652 16 1611
7656 47 4735
7658 47 4736
7661 47 4738
7663 47 4739
7664 13 1311
7666 47 4741
7669 47 4743
7670 13 1312
7671 47 4744
7674 47 4746
7675 1 101
7679 47 4749
7680 16 1617
7684 47 4752
7685 8 809
7687 47 4754
7690 16 1619
7692 47 4757
7693 13 1316
7697 47 4760
7698 47 4761
7699 13 1317
7703 47 4764
7704 8 811
7705 47 4765
7708 47 4767
7709 16 1623
7711 13 1319
7713 47 4770
7716 47 4772
7718 47 4773
7721 47 4775
7722 13 1321
7726 47 4778
7727 47 4779
7728 16 1627
7732 47 4782
7734 47 4783
7737 47 4785
7739 47 4786
7740 13 1324
7742 47 4788
7745 47 4790
7746 13 1325
7747 47 4791
7750 47 4793
7751 1 102
7755 47 4796
7756 16 1633
7760 47 4799
7761 8 817
7763 47 4801
7766 16 1635
7768 47 4804
7769 13 1329
7773 47 4807
7774 47 4808
7775 13 1330
7779 47 4811
7780 8 819
7781 47 4812
7784 47 4814
7785 16 1639
7787 13 1332
7789 47 4817
7792 47 4819
7794 47 4820
7797 47 4822
7798 13 1334
7802 47 4825
7803 47 4826
7804 16 1643
7808 47 4829
7810 47 4830
7813 47 4832
7815 47 4833
7816 13 1337
7818 47 4835
7821 47 4837
7822 13 1338
7823 47 4838
7826 47 4840
7827 1 103
7831 47 4843
7832 16 1649
7836 47 4846
7837 8 825
7839 47 4848
7842 16 1651
7844 47 4851
7845 13 1342
7849 47 4854
7850 47 4855
7851 13 1343
7855 47 4858
7856 8 827
7857 47 4859
7860 47 4861
7861 16 1655
7863 13 1345
7865 47 4864
7868 47 4866
7870 47 4867
7873 47 4869
7874 13 1347
7878 47 4872
7879 47 4873
7880 16 1659
7884 47 4876
7886 47 4877
7889 47 4879
7891 47 4880
7892 13 1350
7894 47 4882
7897 47 4884
7898 13 1351
7899 47 4885
7902 47 4887
7903 1 104
7907 47 4890
7908 16 1665
7912 47 4893
7913 8 833
7915 47 4895
7918 16 1667
7920 47 4898
7921 13 1355
7925 47 4901
7926 47 4902
7927 13 1356
7931 47 4905
7932 8 835
7933 47 4906
7936 47 4908
7937 16 1671
7939 13 1358
7941 47 4911
7944 47 4913
7946 47 4914
7949 47 4916
7950 13 1360
7954 47 4919
7955 47 4920
7956 16 1675
7960 47 4923
7962 47 4924
7965 47 4926
7967 47 4927
7968 13 1363
7970 47 4929
7973 47 4931
7974 13 1364
7975 47 4932
7978 47 4934
7979 1 105
7983 47 4937
7984 16 1681
7988 47 4940
7989 8 841
7991 47 4942
7994 16 1683
7996 47 4945
7997 13 1368
8001 47 4948
8002 47 4949
8003 13 1369
8007 47 4952
8008 8 843
8009 47 4953
8012 47 4955
8013 16 1687
8015 13 1371
8017 47 4958
8020 47 4960
8022 47 4961
8025 47 4963
8026 13 1373
8030 47 4966
8031 47 4967
8032 16 1691
8036 47 4970
8038 47 4971
8041 47 4973
8043 47 4974
8044 13 1376
8046 47 4976
8049 47 4978
8050 13 1377
8051 47 4979
8054 47 4981
8055 1 106
8059 47 4984
8060 16 1697
8064 47 4987
8065 8 849
8067 47 4989
8070 16 1699
8072 47 4992
8073 13 1381
8077 47 4995
8078 47 4996
8079 13 1382
8083 47 4999
8084 8 851
8085 47 5000
8088 47 5002
8089 16 1703
8091 13 1384
8093 47 5005
8096 47 5007
8098 47 5008
8101 47 5010
8102 13 1386
8106 47 5013
8107 47 5014
8108 16 1707
8112 47 5017
8114 47 5018
8117 47 5020
8119 47 5021
8120 13 1389
8122 47 5023
8125 47 5025
8126 13 1390
8127 47 5026
8130 47 5028
8131 1 107
8135 47 5031
8136 16 1713
8140 47 5034
8141 8 857
8143 47 5036
8146 16 1715
8148 47 5039
8149 13 1394
8153 47 5042
8154 47 5043
8155 13 1395
8159 47 5046
8160 8 859
8161 47 5047
8164 47 5049
8165 16 1719
8167 13 1397
8169 47 5052
8172 47 5054
8174 47 5055
8177 47 5057
8178 13 1399
8182 47 5060
8183 47 5061
8184 16 1723
8188 47 5064
8190 47 5065
8193 47 5067
8195 47 5068
8196 13 1402
8198 47 5070
8201 47 5072
8202 13 1403
8203 47 5073
8206 47 5075
8207 1 108
8211 47 5078
8212 16 1729
8216 47 5081
8217 8 865
8219 47 5083
8222 16 1731
8224 47 5086
8225 13 1407
8229 47 5089
8230 47 5090
8231 13 1408
8235 47 5093
8236 8 867
8237 47 5094
8240 47 5096
8241 16 1735
8243 13 1410
8245 47 5099
8248 47 5101
8250 47 5102
8253 47 5104
8254 13 1412
8258 47 5107
8259 47 5108
8260 16 1739
8264 47 5111
8266 47 5112
8269 47 5114
8271 47 5115
8272 13 1415
8274 47 5117
8277 47 5119
8278 13 1416
8279 47 5120
8282 47 5122
8283 1 109
8287 47 5125
8288 16 1745
8292 47 5128
8293 8 873
8295 47 5130
8298 16 1747
8300 47 5133
8301 13 1420
8305 47 5136
8306 47 5137
8307 13 1421
8311 47 5140
8312 8 875
8313 47 5141
8316 47 5143
8317 16 1751
8319 13 1423
8321 47 5146
8324 47 5148
8326 47 5149
8329 47 5151
8330 13 1425
8334 47 5154
8335 47 5155
8336 16 1755
8340 47 5158
8342 47 5159
8345 47 5161
8347 47 5162
8348 13 1428
8350 47 5164
8353 47 5166
8354 13 1429
8355 47 5167
8358 47 5169
8359 1 110
8363 47 5172
8364 16 1761
8368 47 5175
8369 8 881
8371 47 5177
8374 16 1763
8376 47 5180
8377 13 1433
8381 47 5183
8382 47 5184
8383 13 1434
8387 47 5187
8388 8 883
8389 47 5188
8392 47 5190
8393 16 1767
8395 13 1436
8397 47 5193
8400 47 5195
8402 47 5196
8405 47 5198
8406 13 1438
8410 47 5201
8411 47 5202
8412 16 1771
8416 47 5205
8418 47 5206
8421 47 5208
8423 47 5209
8424 13 1441
8426 47 5211
8429 47 5213
8430 13 1442
8431 47 5214
8434 47 5216
8435 1 111
8439 47 5219
8440 16 1777
8444 47 5222
8445 8 889
8447 47 5224
8450 16 1779
8452 47 5227
8453 13 1446
8457 47 5230
8458 47 5231
8459 13 1447
8463 47 5234
8464 8 891
8465 47 5235
8468 47 5237
8469 16 1783
8471 13 1449
8473 47 5240
8476 47 5242
8478 47 5243
8481 47 5245
8482 13 1451
8486 47 5248
8487 47 5249
8488 16 1787
8492 47 5252
8494 47 5253
8497 47 5255
8499 47 5256
8500 13 1454
8502 47 5258
8505 47 5260
8506 13 1455
8507 47 5261
8510 47 5263
8511 1 112
8515 47 5266
8516 16 1793
8520 47 5269
8521 8 897
8523 47 5271
8526 16 1795
8528 47 5274
8529 13 1459
8533 47 5277
8534 47 5278
8535 13 1460
8539 47 5281
8540 8 899
8541 47 5282
8544 47 5284
8545 16 1799
8547 13 1462
8549 47 5287
8552 47 5289
8554 47 5290
8557 47 5292
8558 13 1464
8562 47 5295
8563 47 5296
8564 16 1803
8568 47 5299
8570 47 5300
8573 47 5302
8575 47 5303
8576 13 1467
8578 47 5305
8581 47 5307
8582 13 1468
8583 47 5308
8586 47 5310
8587 1 113
8591 47 5313
8592 16 1809
8596 47 5316
8597 8 905
8599 47 5318
8602 16 1811
8604 47 5321
8605 13 1472
8609 47 5324
8610 47 5325
8611 13 1473
8615 47 5328
8616 8 907
8617 47 5329
8620 47 5331
8621 16 1815
8623 13 1475
8625 47 5334
8628 47 5336
8630 47 5337
8633 47 5339
8634 13 1477
8638 47 5342
8639 47 5343
8640 16 1819
8644 47 5346
8646 47 5347
8649 47 5349
8651 47 5350
8652 13 1480
8654 47 5352
8657 47 5354
8658 13 1481
8659 47 5355
8662 47 5357
8663 1 114
8667 47 5360
8668 16 1825
8672 47 5363
8673 8 913
8675 47 5365
8678 16 1827
8680 47 5368
8681 13 1485
8685 47 5371
8686 47 5372
8687 13 1486
8691 47 5375
8692 8 915
8693 47 5376
8696 47 5378
8697 16 1831
8699 13 1488
8701 47 5381
8704 47 5383
8706 47 5384
8709 47 5386
8710 13 1490
8714 47 5389
8715 47 5390
8716 16 1835
8720 47 5393
8722 47 5394
8725 47 5396
8727 47 5397
8728 13 1493
8730 47 5399
8733 47 5401
8734 13 1494
8735 47 5402
8738 47 5404
8739 1 115
8743 47 5407
8744 16 1841
8748 47 5410
8749 8 921
8751 47 5412
8754 16 1843
8756 47 5415
8757 13 1498
8761 47 5418
8762 47 5419
8763 13 1499
8767 47 5422
8768 8 923
8769 47 5423
8772 47 5425
8773 16 1847
8775 13 1501
8777 47 5428
8780 47 5430
8782 47 5431
8785 47 5433
8786 13 1503
8790 47 5436
8791 47 5437
8792 16 1851
8796 47 5440
8798 47 5441
8801 47 5443
8803 47 5444
8804 13 1506
8806 47 5446
8809 47 5448
8810 13 1507
8811 47 5449
8814 47 5451
8815 1 116
8819 47 5454
8820 16 1857
8824 47 5457
8825 8 929
8827 47 5459
8830 16 1859
8832 47 5462
8833 13 1511
8837 47 5465
8838 47 5466
8839 13 1512
8843 47 5469
8844 8 931
8845 47 5470
8848 47 5472
8849 16 1863
8851 13 1514
8853 47 5475
8856 47 5477
8858 47 5478
8861 47 5480
8862 13 1516
8866 47 5483
8867 47 5484
8868 16 1867
8872 47 5487
8874 47 5488
8877 47 5490
8879 47 5491
8880 13 1519
8882 47 5493
8885 47 5495
8886 13 1520
8887 47 5496
8890 47 5498
8891 1 117
8895 47 5501
8896 16 1873
8900 47 5504
8901 8 937
8903 47 5506
8906 16 1875
8908 47 5509
8909 13 1524
8913 47 5512
8914 47 5513
8915 13 1525
8919 47 5516
8920 8 939
8921 47 5517
8924 47 5519
8925 16 1879
8927 13 1527
8929 47 5522
8932 47 5524
8934 47 5525
8937 47 5527
8938 13 1529
8942 47 5530
8943 47 5531
8944 16 1883
8948 47 5534
8950 47 5535
8953 47 5537
8955 47 5538
8956 13 1532
8958 47 5540
8961 47 5542
8962 13 1533
8963 47 5543
8966 47 5545
8967 1 118
8971 47 5548
8972 16 1889
8976 47 5551
8977 8 945
8979 47 5553
8982 16 1891
8984 47 5556
8985 13 1537
8989 47 5559
8990 47 5560
8991 13 1538
8995 47 5563
8996 8 947
8997 47 5564
9000 47 5566
9001 16 1895
9003 13 1540
9005 47 5569
9008 47 5571
9010 47 5572
9013 47 5574
9014 13 1542
9018 47 5577
9019 47 5578
9020 16 1899
9024 47 5581
9026 47 5582
9029 47 5584
9031 47 5585
9032 13 1545
9034 47 5587
9037 47 5589
9038 13 1546
9039 47 5590
9042 47 5592
9043 1 119
9047 47 5595
9048 16 1905
9052 47 5598
9053 8 953
9055 47 5600
9058 16 1907
9060 47 5603
9061 13 1550
9065 47 5606
9066 47 5607
9067 13 1551
9071 47 5610
9072 8 955
9073 47 5611
9076 47 5613
9077 16 1911
9079 13 1553
9081 47 5616
9084 47 5618
9086 47 5619
9089 47 5621
9090 13 1555
9094 47 5624
9095 47 5625
9096 16 1915
9100 47 5628
9102 47 5629
9105 47 5631
9107 47 5632
9108 13 1558
9110 47 5634
9113 47 5636
9114 13 1559
9115 47 5637
9118 47 5639
9119 1 120
9123 47 5642
9124 16 1921
9128 47 5645
9129 8 961
9131 47 5647
9134 16 1923
9136 47 5650
9137 13 1563
9141 47 5653
9142 47 5654
9143 13 1564
9147 47 5657
9148 8 963
9149 47 5658
9152 47 5660
9153 16 1927
9155 13 1566
9157 47 5663
9160 47 5665
9162 47 5666
9165 47 5668
9166 13 1568
9170 47 5671
9171 47 5672
9172 16 1931
9176 47 5675
9178 47 5676
9181 47 5678
9183 47 5679
9184 13 1571
9186 47 5681
9189 47 5683
9190 13 1572
9191 47 5684
9194 47 5686
9195 1 121
9199 47 5689
9200 16 1937
9204 47 5692
9205 8 969
9207 47 5694
9210 16 1939
9212 47 5697
9213 13 1576
9217 47 5700
9218 47 5701
9219 13 1577
9223 47 5704
9224 8 971
9225 47 5705
9228 47 5707
9229 16 1943
9231 13 1579
9233 47 5710
9236 47 5712
9238 47 5713
9241 47 5715
9242 13 1581
9246 47 5718
9247 47 5719
9248 16 1947
9252 47 5722
9254 47 5723
9257 47 5725
9259 47 5726
9260 13 1584
9262 47 5728
9265 47 5730
9266 13 1585
9267 47 5731
9270 47 5733
9271 1 122
9275 47 5736
9276 16 1953
9280 47 5739
9281 8 977
9283 47 5741
9286 16 1955
9288 47 5744
9289 13 1589
9293 47 5747
9294 47 5748
9295 13 1590
9299 47 5751
9300 8 979
9301 47 5752
9304 47 5754
9305 16 1959
9307 13 1592
9309 47 5757
9312 47 5759
9314 47 5760
9317 47 5762
9318 13 1594
9322 47 5765
9323 47 5766
9324 16 1963
9328 47 5769
9330 47 5770
9333 47 5772
9335 47 5773
9336 13 1597
9338 47 5775
9341 47 5777
9342 13 1598
9343 47 5778
9346 47 5780
9347 1 123
9351 47 5783
9352 16 1969
9356 47 5786
9357 8 985
9359 47 5788
9362 16 1971
9364 47 5791
9365 13 1602
9369 47 5794
9370 47 5795
9371 13 1603
9375 47 5798
9376 8 987
9377 47 5799
9380 47 5801
9381 16 1975
9383 13 1605
9385 47 5804
9388 47 5806
9390 47 5807
9393 47 5809
9394 13 1607
9398 47 5812
9399 47 5813
9400 16 1979
9404 47 5816
9406 47 5817
9409 47 5819
9411 47 5820
9412 13 1610
9414 47 5822
9417 47 5824
9418 13 1611
9419 47 5825
9422 47 5827
9423 1 124
9427 47 5830
9428 16 1985
9432 47 5833
9433 8 993
9435 47 5835
9438 16 1987
9440 47 5838
9441 13 1615
9445 47 5841
9446 47 5842
9447 13 1616
9451 47 5845
9452 8 995
9453 47 5846
9456 47 5848
9457 16 1991
9459 13 1618
9461 47 5851
9464 47 5853
9466 47 5854
9469 47 5856
9470 13 1620
9474 47 5859
9475 47 5860
9476 16 1995
9480 47 5863
9482 47 5864
9485 47 5866
9487 47 5867
9488 13 1623
9490 47 5869
9493 47 5871
9494 13 1624
9495 47 5872
9498 47 5874
9499 1 125
9503 47 5877
9504 16 2001
9508 47 5880
9509 8 1001
9511 47 5882
9514 16 2003
9516 47 5885
9517 13 1628
9521 47 5888
9522 47 5889
9523 13 1629
9527 47 5892
9528 8 1003
9529 47 5893
9532 47 5895
9533 16 2007
9535 13 1631
9537 47 5898
9540 47 5900
9542 47 5901
9545 47 5903
9546 13 1633
9550 47 5906
9551 47 5907
9552 16 2011
9556 47 5910
9558 47 5911
9561 47 5913
9563 47 5914
9564 13 1636
9566 47 5916
9569 47 5918
9570 13 1637
9571 47 5919
9574 47 5921
9575 1 126
9579 47 5924
9580 16 2017
9584 47 5927
9585 8 1009
9587 47 5929
9590 16 2019
9592 47 5932
9593 13 1641
9597 47 5935
9598 47 5936
9599 13 1642
9603 47 5939
9604 8 1011
9605 47 5940
9608 47 5942
9609 16 2023
9611 13 1644
9613 47 5945
9616 47 5947
9618 47 5948
9621 47 5950
9622 13 1646
9626 47 5953
9627 47 5954
9628 16 2027
9632 47 5957
9634 47 5958
9637 47 5960
9639 47 5961
9640 13 1649
9642 47 5963
9645 47 5965
9646 13 1650
9647 47 5966
9650 47 5968
9651 1 127
9655 47 5971
9656 16 2033
9660 47 5974
9661 8 1017
9663 47 5976
9666 16 2035
9668 47 5979
9669 13 1654
9673 47 5982
9674 47 5983
9675 13 1655
9679 47 5986
9680 8 1019
9681 47 5987
9684 47 5989
9685 16 2039
9687 13 1657
9689 47 5992
9692 47 5994
9694 47 5995
9697 47 5997
9698 13 1659
9702 47 6000
9703 47 6001
9704 16 2043
9708 47 6004
9710 47 6005
9713 47 6007
9715 47 6008
9716 13 1662
9718 47 6010
9721 47 6012
9722 13 1663
9723 47 6013
9726 47 6015
9727 1 128
9731 47 6018
9732 16 2049
9736 47 6021
9737 8 1025
9739 47 6023
9742 16 2051
9744 47 6026
9745 13 1667
9749 47 6029
9750 47 6030
9751 13 1668
9755 47 6033
9756 8 1027
9757 47 6034
9760 47 6036
9761 16 2055
9763 13 1670
9765 47 6039
9768 47 6041
9770 47 6042
9773 47 6044
9774 13 1672
9778 47 6047
9779 47 6048
9780 16 2059
9784 47 6051
9786 47 6052
9789 47 6054
9791 47 6055
9792 13 1675
9794 47 6057
9797 47 6059
9798 13 1676
9799 47 6060
9802 47 6062
9803 1 129
