5934 94 100000000 5433 500
2 42 1
4 21 1
5 35 2
8 35 3
10 35 4
11 17 2
13 7 1
15 6 1
16 35 6
20 14 3
21 35 8
22 17 4
24 35 9
26 7 2
29 42 13
31 3 1
32 35 12
33 17 6
37 5 2
38 42 17
40 7 3
42 42 19
44 17 8
48 35 18
49 21 11
51 35 19
53 7 4
55 17 10
58 21 13
59 35 22
60 14 9
64 35 24
66 17 12
67 7 5
69 42 31
71 21 16
75 5 4
76 21 17
77 17 14
80 7 6
82 42 37
85 21 19
87 14 13
88 17 16
91 35 34
93 1 1
96 42 43
98 21 22
99 35 37
102 35 38
104 35 39
105 17 19
107 7 8
109 6 7
110 35 41
114 14 17
115 35 43
116 17 21
118 35 44
120 7 9
123 42 55
125 3 4
126 35 47
127 17 23
131 5 7
132 42 59
134 7 10
136 42 61
138 17 25
142 35 53
143 21 32
145 35 54
147 7 11
149 17 27
152 21 34
153 35 57
154 14 23
158 35 59
160 17 29
161 7 12
163 42 73
165 21 37
169 5 9
170 21 38
171 17 31
174 7 13
176 42 79
179 21 40
181 14 27
182 17 33
185 35 69
187 1 2
190 42 85
192 21 43
193 35 72
196 35 73
198 35 74
199 17 36
201 7 15
203 6 13
204 35 76
208 14 31
209 35 78
210 17 38
212 35 79
214 7 16
217 42 97
219 3 7
220 35 82
221 17 40
225 5 12
226 42 101
228 7 17
230 42 103
232 17 42
236 35 88
237 21 53
239 35 89
241 7 18
243 17 44
246 21 55
247 35 92
248 14 37
252 35 94
254 17 46
255 7 19
257 42 115
259 21 58
263 5 14
264 21 59
265 17 48
268 7 20
270 42 121
273 21 61
275 14 41
276 17 50
279 35 104
281 1 3
284 42 127
286 21 64
287 35 107
290 35 108
292 35 109
293 17 53
295 7 22
297 6 19
298 35 111
302 14 45
303 35 113
304 17 55
306 35 114
308 7 23
311 42 139
313 3 10
314 35 117
315 17 57
319 5 17
320 42 143
322 7 24
324 42 145
326 17 59
330 35 123
331 21 74
333 35 124
335 7 25
337 17 61
340 21 76
341 35 127
342 14 51
346 35 129
348 17 63
349 7 26
351 42 157
353 21 79
357 5 19
358 21 80
359 17 65
362 7 27
364 42 163
367 21 82
369 14 55
370 17 67
373 35 139
375 1 4
378 42 169
380 21 85
381 35 142
384 35 143
386 35 144
387 17 70
389 7 29
391 6 25
392 35 146
396 14 59
397 35 148
398 17 72
400 35 149
402 7 30
405 42 181
407 3 13
408 35 152
409 17 74
413 5 22
414 42 185
416 7 31
418 42 187
420 17 76
424 35 158
425 21 95
427 35 159
429 7 32
431 17 78
434 21 97
435 35 162
436 14 65
440 35 164
442 17 80
443 7 33
445 42 199
447 21 100
451 5 24
452 21 101
453 17 82
456 7 34
458 42 205
461 21 103
463 14 69
464 17 84
467 35 174
469 1 5
472 42 211
474 21 106
475 35 177
478 35 178
480 35 179
481 17 87
483 7 36
485 6 31
486 35 181
490 14 73
491 35 183
492 17 89
494 35 184
496 7 37
499 42 223
501 3 16
502 35 187
503 17 91
507 5 27
508 42 227
510 7 38
512 42 229
514 17 93
518 35 193
519 21 116
521 35 194
523 7 39
525 17 95
528 21 118
529 35 197
530 14 79
534 35 199
536 17 97
537 7 40
539 42 241
541 21 121
545 5 29
546 21 122
547 17 99
550 7 41
552 42 247
555 21 124
557 14 83
558 17 101
561 35 209
563 1 6
566 42 253
568 21 127
569 35 212
572 35 213
574 35 214
575 17 104
577 7 43
579 6 37
580 35 216
584 14 87
585 35 218
586 17 106
588 35 219
590 7 44
593 42 265
595 3 19
596 35 222
597 17 108
601 5 32
602 42 269
604 7 45
606 42 271
608 17 110
612 35 228
613 21 137
615 35 229
617 7 46
619 17 112
622 21 139
623 35 232
624 14 93
628 35 234
630 17 114
631 7 47
633 42 283
635 21 142
639 5 34
640 21 143
641 17 116
644 7 48
646 42 289
649 21 145
651 14 97
652 17 118
655 35 244
657 1 7
660 42 295
662 21 148
663 35 247
666 35 248
668 35 249
669 17 121
671 7 50
673 6 43
674 35 251
678 14 101
679 35 253
680 17 123
682 35 254
684 7 51
687 42 307
689 3 22
690 35 257
691 17 125
695 5 37
696 42 311
698 7 52
700 42 313
702 17 127
706 35 263
707 21 158
709 35 264
711 7 53
713 17 129
716 21 160
717 35 267
718 14 107
722 35 269
724 17 131
725 7 54
727 42 325
729 21 163
733 5 39
734 21 164
735 17 133
738 7 55
740 42 331
743 21 166
745 14 111
746 17 135
749 35 279
751 1 8
754 42 337
756 21 169
757 35 282
760 35 283
762 35 284
763 17 138
765 7 57
767 6 49
768 35 286
772 14 115
773 35 288
774 17 140
776 35 289
778 7 58
781 42 349
783 3 25
784 35 292
785 17 142
789 5 42
790 42 353
792 7 59
794 42 355
796 17 144
800 35 298
801 21 179
803 35 299
805 7 60
807 17 146
810 21 181
811 35 302
812 14 121
816 35 304
818 17 148
819 7 61
821 42 367
823 21 184
827 5 44
828 21 185
829 17 150
832 7 62
834 42 373
837 21 187
839 14 125
840 17 152
843 35 314
845 1 9
848 42 379
850 21 190
851 35 317
854 35 318
856 35 319
857 17 155
859 7 64
861 6 55
862 35 321
866 14 129
867 35 323
868 17 157
870 35 324
872 7 65
875 42 391
877 3 28
878 35 327
879 17 159
883 5 47
884 42 395
886 7 66
888 42 397
890 17 161
894 35 333
895 21 200
897 35 334
899 7 67
901 17 163
904 21 202
905 35 337
906 14 135
910 35 339
912 17 165
913 7 68
915 42 409
917 21 205
921 5 49
922 21 206
923 17 167
926 7 69
928 42 415
931 21 208
933 14 139
934 17 169
937 35 349
939 1 10
942 42 421
944 21 211
945 35 352
948 35 353
950 35 354
951 17 172
953 7 71
955 6 61
956 35 356
960 14 143
961 35 358
962 17 174
964 35 359
966 7 72
969 42 433
971 3 31
972 35 362
973 17 176
977 5 52
978 42 437
980 7 73
982 42 439
984 17 178
988 35 368
989 21 221
991 35 369
993 7 74
995 17 180
998 21 223
999 35 372
1000 14 149
1004 35 374
1006 17 182
1007 7 75
1009 42 451
1011 21 226
1015 5 54
1016 21 227
1017 17 184
1020 7 76
1022 42 457
1025 21 229
1027 14 153
1028 17 186
1031 35 384
1033 1 11
1036 42 463
1038 21 232
1039 35 387
1042 35 388
1044 35 389
1045 17 189
1047 7 78
1049 6 67
1050 35 391
1054 14 157
1055 35 393
1056 17 191
1058 35 394
1060 7 79
1063 42 475
1065 3 34
1066 35 397
1067 17 193
1071 5 57
1072 42 479
1074 7 80
1076 42 481
1078 17 195
1082 35 403
1083 21 242
1085 35 404
1087 7 81
1089 17 197
1092 21 244
1093 35 407
1094 14 163
1098 35 409
1100 17 199
1101 7 82
1103 42 493
1105 21 247
1109 5 59
1110 21 248
1111 17 201
1114 7 83
1116 42 499
1119 21 250
1121 14 167
1122 17 203
1125 35 419
1127 1 12
1130 42 505
1132 21 253
1133 35 422
1136 35 423
1138 35 424
1139 17 206
1141 7 85
1143 6 73
1144 35 426
1148 14 171
1149 35 428
1150 17 208
1152 35 429
1154 7 86
1157 42 517
1159 3 37
1160 35 432
1161 17 210
1165 5 62
1166 42 521
1168 7 87
1170 42 523
1172 17 212
1176 35 438
1177 21 263
1179 35 439
1181 7 88
1183 17 214
1186 21 265
1187 35 442
1188 14 177
1192 35 444
1194 17 216
1195 7 89
1197 42 535
1199 21 268
1203 5 64
1204 21 269
1205 17 218
1208 7 90
1210 42 541
1213 21 271
1215 14 181
1216 17 220
1219 35 454
1221 1 13
1224 42 547
1226 21 274
1227 35 457
1230 35 458
1232 35 459
1233 17 223
1235 7 92
1237 6 79
1238 35 461
1242 14 185
1243 35 463
1244 17 225
1246 35 464
1248 7 93
1251 42 559
1253 3 40
1254 35 467
1255 17 227
1259 5 67
1260 42 563
1262 7 94
1264 42 565
1266 17 229
1270 35 473
1271 21 284
1273 35 474
1275 7 95
1277 17 231
1280 21 286
1281 35 477
1282 14 191
1286 35 479
1288 17 233
1289 7 96
1291 42 577
1293 21 289
1297 5 69
1298 21 290
1299 17 235
1302 7 97
1304 42 583
1307 21 292
1309 14 195
1310 17 237
1313 35 489
1315 1 14
1318 42 589
1320 21 295
1321 35 492
1324 35 493
1326 35 494
1327 17 240
1329 7 99
1331 6 85
1332 35 496
1336 14 199
1337 35 498
1338 17 242
1340 35 499
1342 7 100
1345 42 601
1347 3 43
1348 35 502
1349 17 244
1353 5 72
1354 42 605
1356 7 101
1358 42 607
1360 17 246
1364 35 508
1365 21 305
1367 35 509
1369 7 102
1371 17 248
1374 21 307
1375 35 512
1376 14 205
1380 35 514
1382 17 250
1383 7 103
1385 42 619
1387 21 310
1391 5 74
1392 21 311
1393 17 252
1396 7 104
1398 42 625
1401 21 313
1403 14 209
1404 17 254
1407 35 524
1409 1 15
1412 42 631
1414 21 316
1415 35 527
1418 35 528
1420 35 529
1421 17 257
1423 7 106
1425 6 91
1426 35 531
1430 14 213
1431 35 533
1432 17 259
1434 35 534
1436 7 107
1439 42 643
1441 3 46
1442 35 537
1443 17 261
1447 5 77
1448 42 647
1450 7 108
1452 42 649
1454 17 263
1458 35 543
1459 21 326
1461 35 544
1463 7 109
1465 17 265
1468 21 328
1469 35 547
1470 14 219
1474 35 549
1476 17 267
1477 7 110
1479 42 661
1481 21 331
1485 5 79
1486 21 332
1487 17 269
1490 7 111
1492 42 667
1495 21 334
1497 14 223
1498 17 271
1501 35 559
1503 1 16
1506 42 673
1508 21 337
1509 35 562
1512 35 563
1514 35 564
1515 17 274
1517 7 113
1519 6 97
1520 35 566
1524 14 227
1525 35 568
1526 17 276
1528 35 569
1530 7 114
1533 42 685
1535 3 49
1536 35 572
1537 17 278
1541 5 82
1542 42 689
1544 7 115
1546 42 691
1548 17 280
1552 35 578
1553 21 347
1555 35 579
1557 7 116
1559 17 282
1562 21 349
1563 35 582
1564 14 233
1568 35 584
1570 17 284
1571 7 117
1573 42 703
1575 21 352
1579 5 84
1580 21 353
1581 17 286
1584 7 118
1586 42 709
1589 21 355
1591 14 237
1592 17 288
1595 35 594
1597 1 17
1600 42 715
1602 21 358
1603 35 597
1606 35 598
1608 35 599
1609 17 291
1611 7 120
1613 6 103
1614 35 601
1618 14 241
1619 35 603
1620 17 293
1622 35 604
1624 7 121
1627 42 727
1629 3 52
1630 35 607
1631 17 295
1635 5 87
1636 42 731
1638 7 122
1640 42 733
1642 17 297
1646 35 613
1647 21 368
1649 35 614
1651 7 123
1653 17 299
1656 21 370
1657 35 617
1658 14 247
1662 35 619
1664 17 301
1665 7 124
1667 42 745
1669 21 373
1673 5 89
1674 21 374
1675 17 303
1678 7 125
1680 42 751
1683 21 376
1685 14 251
1686 17 305
1689 35 629
1691 1 18
1694 42 757
1696 21 379
1697 35 632
1700 35 633
1702 35 634
1703 17 308
1705 7 127
1707 6 109
1708 35 636
1712 14 255
1713 35 638
1714 17 310
1716 35 639
1718 7 128
1721 42 769
1723 3 55
1724 35 642
1725 17 312
1729 5 92
1730 42 773
1732 7 129
1734 42 775
1736 17 314
1740 35 648
1741 21 389
1743 35 649
1745 7 130
1747 17 316
1750 21 391
1751 35 652
1752 14 261
1756 35 654
1758 17 318
1759 7 131
1761 42 787
1763 21 394
1767 5 94
1768 21 395
1769 17 320
1772 7 132
1774 42 793
1777 21 397
1779 14 265
1780 17 322
1783 35 664
1785 1 19
1788 42 799
1790 21 400
1791 35 667
1794 35 668
1796 35 669
1797 17 325
1799 7 134
1801 6 115
1802 35 671
1806 14 269
1807 35 673
1808 17 327
1810 35 674
1812 7 135
1815 42 811
1817 3 58
1818 35 677
1819 17 329
1823 5 97
1824 42 815
1826 7 136
1828 42 817
1830 17 331
1834 35 683
1835 21 410
1837 35 684
1839 7 137
1841 17 333
1844 21 412
1845 35 687
1846 14 275
1850 35 689
1852 17 335
1853 7 138
1855 42 829
1857 21 415
1861 5 99
1862 21 416
1863 17 337
1866 7 139
1868 42 835
1871 21 418
1873 14 279
1874 17 339
1877 35 699
1879 1 20
1882 42 841
1884 21 421
1885 35 702
1888 35 703
1890 35 704
1891 17 342
1893 7 141
1895 6 121
1896 35 706
1900 14 283
1901 35 708
1902 17 344
1904 35 709
1906 7 142
1909 42 853
1911 3 61
1912 35 712
1913 17 346
1917 5 102
1918 42 857
1920 7 143
1922 42 859
1924 17 348
1928 35 718
1929 21 431
1931 35 719
1933 7 144
1935 17 350
1938 21 433
1939 35 722
1940 14 289
1944 35 724
1946 17 352
1947 7 145
1949 42 871
1951 21 436
1955 5 104
1956 21 437
1957 17 354
1960 7 146
1962 42 877
1965 21 439
1967 14 293
1968 17 356
1971 35 734
1973 1 21
1976 42 883
1978 21 442
1979 35 737
1982 35 738
1984 35 739
1985 17 359
1987 7 148
1989 6 127
1990 35 741
1994 14 297
1995 35 743
1996 17 361
1998 35 744
2000 7 149
2003 42 895
2005 3 64
2006 35 747
2007 17 363
2011 5 107
2012 42 899
2014 7 150
2016 42 901
2018 17 365
2022 35 753
2023 21 452
2025 35 754
2027 7 151
2029 17 367
2032 21 454
2033 35 757
2034 14 303
2038 35 759
2040 17 369
2041 7 152
2043 42 913
2045 21 457
2049 5 109
2050 21 458
2051 17 371
2054 7 153
2056 42 919
2059 21 460
2061 14 307
2062 17 373
2065 35 769
2067 1 22
2070 42 925
2072 21 463
2073 35 772
2076 35 773
2078 35 774
2079 17 376
2081 7 155
2083 6 133
2084 35 776
2088 14 311
2089 35 778
2090 17 378
2092 35 779
2094 7 156
2097 42 937
2099 3 67
2100 35 782
2101 17 380
2105 5 112
2106 42 941
2108 7 157
2110 42 943
2112 17 382
2116 35 788
2117 21 473
2119 35 789
2121 7 158
2123 17 384
2126 21 475
2127 35 792
2128 14 317
2132 35 794
2134 17 386
2135 7 159
2137 42 955
2139 21 478
2143 5 114
2144 21 479
2145 17 388
2148 7 160
2150 42 961
2153 21 481
2155 14 321
2156 17 390
2159 35 804
2161 1 23
2164 42 967
2166 21 484
2167 35 807
2170 35 808
2172 35 809
2173 17 393
2175 7 162
2177 6 139
2178 35 811
2182 14 325
2183 35 813
2184 17 395
2186 35 814
2188 7 163
2191 42 979
2193 3 70
2194 35 817
2195 17 397
2199 5 117
2200 42 983
2202 7 164
2204 42 985
2206 17 399
2210 35 823
2211 21 494
2213 35 824
2215 7 165
2217 17 401
2220 21 496
2221 35 827
2222 14 331
2226 35 829
2228 17 403
2229 7 166
2231 42 997
2233 21 499
2237 5 119
2238 21 500
2239 17 405
2242 7 167
2244 42 1003
2247 21 502
2249 14 335
2250 17 407
2253 35 839
2255 1 24
2258 42 1009
2260 21 505
2261 35 842
2264 35 843
2266 35 844
2267 17 410
2269 7 169
2271 6 145
2272 35 846
2276 14 339
2277 35 848
2278 17 412
2280 35 849
2282 7 170
2285 42 1021
2287 3 73
2288 35 852
2289 17 414
2293 5 122
2294 42 1025
2296 7 171
2298 42 1027
2300 17 416
2304 35 858
2305 21 515
2307 35 859
2309 7 172
2311 17 418
2314 21 517
2315 35 862
2316 14 345
2320 35 864
2322 17 420
2323 7 173
2325 42 1039
2327 21 520
2331 5 124
2332 21 521
2333 17 422
2336 7 174
2338 42 1045
2341 21 523
2343 14 349
2344 17 424
2347 35 874
2349 1 25
2352 42 1051
2354 21 526
2355 35 877
2358 35 878
2360 35 879
2361 17 427
2363 7 176
2365 6 151
2366 35 881
2370 14 353
2371 35 883
2372 17 429
2374 35 884
2376 7 177
2379 42 1063
2381 3 76
2382 35 887
2383 17 431
2387 5 127
2388 42 1067
2390 7 178
2392 42 1069
2394 17 433
2398 35 893
2399 21 536
2401 35 894
2403 7 179
2405 17 435
2408 21 538
2409 35 897
2410 14 359
2414 35 899
2416 17 437
2417 7 180
2419 42 1081
2421 21 541
2425 5 129
2426 21 542
2427 17 439
2430 7 181
2432 42 1087
2435 21 544
2437 14 363
2438 17 441
2441 35 909
2443 1 26
2446 42 1093
2448 21 547
2449 35 912
2452 35 913
2454 35 914
2455 17 444
2457 7 183
2459 6 157
2460 35 916
2464 14 367
2465 35 918
2466 17 446
2468 35 919
2470 7 184
2473 42 1105
2475 3 79
2476 35 922
2477 17 448
2481 5 132
2482 42 1109
2484 7 185
2486 42 1111
2488 17 450
2492 35 928
2493 21 557
2495 35 929
2497 7 186
2499 17 452
2502 21 559
2503 35 932
2504 14 373
2508 35 934
2510 17 454
2511 7 187
2513 42 1123
2515 21 562
2519 5 134
2520 21 563
2521 17 456
2524 7 188
2526 42 1129
2529 21 565
2531 14 377
2532 17 458
2535 35 944
2537 1 27
2540 42 1135
2542 21 568
2543 35 947
2546 35 948
2548 35 949
2549 17 461
2551 7 190
2553 6 163
2554 35 951
2558 14 381
2559 35 953
2560 17 463
2562 35 954
2564 7 191
2567 42 1147
2569 3 82
2570 35 957
2571 17 465
2575 5 137
2576 42 1151
2578 7 192
2580 42 1153
2582 17 467
2586 35 963
2587 21 578
2589 35 964
2591 7 193
2593 17 469
2596 21 580
2597 35 967
2598 14 387
2602 35 969
2604 17 471
2605 7 194
2607 42 1165
2609 21 583
2613 5 139
2614 21 584
2615 17 473
2618 7 195
2620 42 1171
2623 21 586
2625 14 391
2626 17 475
2629 35 979
2631 1 28
2634 42 1177
2636 21 589
2637 35 982
2640 35 983
2642 35 984
2643 17 478
2645 7 197
2647 6 169
2648 35 986
2652 14 395
2653 35 988
2654 17 480
2656 35 989
2658 7 198
2661 42 1189
2663 3 85
2664 35 992
2665 17 482
2669 5 142
2670 42 1193
2672 7 199
2674 42 1195
2676 17 484
2680 35 998
2681 21 599
2683 35 999
2685 7 200
2687 17 486
2690 21 601
2691 35 1002
2692 14 401
2696 35 1004
2698 17 488
2699 7 201
2701 42 1207
2703 21 604
2707 5 144
2708 21 605
2709 17 490
2712 7 202
2714 42 1213
2717 21 607
2719 14 405
2720 17 492
2723 35 1014
2725 1 29
2728 42 1219
2730 21 610
2731 35 1017
2734 35 1018
2736 35 1019
2737 17 495
2739 7 204
2741 6 175
2742 35 1021
2746 14 409
2747 35 1023
2748 17 497
2750 35 1024
2752 7 205
2755 42 1231
2757 3 88
2758 35 1027
2759 17 499
2763 5 147
2764 42 1235
2766 7 206
2768 42 1237
2770 17 501
2774 35 1033
2775 21 620
2777 35 1034
2779 7 207
2781 17 503
2784 21 622
2785 35 1037
2786 14 415
2790 35 1039
2792 17 505
2793 7 208
2795 42 1249
2797 21 625
2801 5 149
2802 21 626
2803 17 507
2806 7 209
2808 42 1255
2811 21 628
2813 14 419
2814 17 509
2817 35 1049
2819 1 30
2822 42 1261
2824 21 631
2825 35 1052
2828 35 1053
2830 35 1054
2831 17 512
2833 7 211
2835 6 181
2836 35 1056
2840 14 423
2841 35 1058
2842 17 514
2844 35 1059
2846 7 212
2849 42 1273
2851 3 91
2852 35 1062
2853 17 516
2857 5 152
2858 42 1277
2860 7 213
2862 42 1279
2864 17 518
2868 35 1068
2869 21 641
2871 35 1069
2873 7 214
2875 17 520
2878 21 643
2879 35 1072
2880 14 429
2884 35 1074
2886 17 522
2887 7 215
2889 42 1291
2891 21 646
2895 5 154
2896 21 647
2897 17 524
2900 7 216
2902 42 1297
2905 21 649
2907 14 433
2908 17 526
2911 35 1084
2913 1 31
2916 42 1303
2918 21 652
2919 35 1087
2922 35 1088
2924 35 1089
2925 17 529
2927 7 218
2929 6 187
2930 35 1091
2934 14 437
2935 35 1093
2936 17 531
2938 35 1094
2940 7 219
2943 42 1315
2945 3 94
2946 35 1097
2947 17 533
2951 5 157
2952 42 1319
2954 7 220
2956 42 1321
2958 17 535
2962 35 1103
2963 21 662
2965 35 1104
2967 7 221
2969 17 537
2972 21 664
2973 35 1107
2974 14 443
2978 35 1109
2980 17 539
2981 7 222
2983 42 1333
2985 21 667
2989 5 159
2990 21 668
2991 17 541
2994 7 223
2996 42 1339
2999 21 670
3001 14 447
3002 17 543
3005 35 1119
3007 1 32
3010 42 1345
3012 21 673
3013 35 1122
3016 35 1123
3018 35 1124
3019 17 546
3021 7 225
3023 6 193
3024 35 1126
3028 14 451
3029 35 1128
3030 17 548
3032 35 1129
3034 7 226
3037 42 1357
3039 3 97
3040 35 1132
3041 17 550
3045 5 162
3046 42 1361
3048 7 227
3050 42 1363
3052 17 552
3056 35 1138
3057 21 683
3059 35 1139
3061 7 228
3063 17 554
3066 21 685
3067 35 1142
3068 14 457
3072 35 1144
3074 17 556
3075 7 229
3077 42 1375
3079 21 688
3083 5 164
3084 21 689
3085 17 558
3088 7 230
3090 42 1381
3093 21 691
3095 14 461
3096 17 560
3099 35 1154
3101 1 33
3104 42 1387
3106 21 694
3107 35 1157
3110 35 1158
3112 35 1159
3113 17 563
3115 7 232
3117 6 199
3118 35 1161
3122 14 465
3123 35 1163
3124 17 565
3126 35 1164
3128 7 233
3131 42 1399
3133 3 100
3134 35 1167
3135 17 567
3139 5 167
3140 42 1403
3142 7 234
3144 42 1405
3146 17 569
3150 35 1173
3151 21 704
3153 35 1174
3155 7 235
3157 17 571
3160 21 706
3161 35 1177
3162 14 471
3166 35 1179
3168 17 573
3169 7 236
3171 42 1417
3173 21 709
3177 5 169
3178 21 710
3179 17 575
3182 7 237
3184 42 1423
3187 21 712
3189 14 475
3190 17 577
3193 35 1189
3195 1 34
3198 42 1429
3200 21 715
3201 35 1192
3204 35 1193
3206 35 1194
3207 17 580
3209 7 239
3211 6 205
3212 35 1196
3216 14 479
3217 35 1198
3218 17 582
3220 35 1199
3222 7 240
3225 42 1441
3227 3 103
3228 35 1202
3229 17 584
3233 5 172
3234 42 1445
3236 7 241
3238 42 1447
3240 17 586
3244 35 1208
3245 21 725
3247 35 1209
3249 7 242
3251 17 588
3254 21 727
3255 35 1212
3256 14 485
3260 35 1214
3262 17 590
3263 7 243
3265 42 1459
3267 21 730
3271 5 174
3272 21 731
3273 17 592
3276 7 244
3278 42 1465
3281 21 733
3283 14 489
3284 17 594
3287 35 1224
3289 1 35
3292 42 1471
3294 21 736
3295 35 1227
3298 35 1228
3300 35 1229
3301 17 597
3303 7 246
3305 6 211
3306 35 1231
3310 14 493
3311 35 1233
3312 17 599
3314 35 1234
3316 7 247
3319 42 1483
3321 3 106
3322 35 1237
3323 17 601
3327 5 177
3328 42 1487
3330 7 248
3332 42 1489
3334 17 603
3338 35 1243
3339 21 746
3341 35 1244
3343 7 249
3345 17 605
3348 21 748
3349 35 1247
3350 14 499
3354 35 1249
3356 17 607
3357 7 250
3359 42 1501
3361 21 751
3365 5 179
3366 21 752
3367 17 609
3370 7 251
3372 42 1507
3375 21 754
3377 14 503
3378 17 611
3381 35 1259
3383 1 36
3386 42 1513
3388 21 757
3389 35 1262
3392 35 1263
3394 35 1264
3395 17 614
3397 7 253
3399 6 217
3400 35 1266
3404 14 507
3405 35 1268
3406 17 616
3408 35 1269
3410 7 254
3413 42 1525
3415 3 109
3416 35 1272
3417 17 618
3421 5 182
3422 42 1529
3424 7 255
3426 42 1531
3428 17 620
3432 35 1278
3433 21 767
3435 35 1279
3437 7 256
3439 17 622
3442 21 769
3443 35 1282
3444 14 513
3448 35 1284
3450 17 624
3451 7 257
3453 42 1543
3455 21 772
3459 5 184
3460 21 773
3461 17 626
3464 7 258
3466 42 1549
3469 21 775
3471 14 517
3472 17 628
3475 35 1294
3477 1 37
3480 42 1555
3482 21 778
3483 35 1297
3486 35 1298
3488 35 1299
3489 17 631
3491 7 260
3493 6 223
3494 35 1301
3498 14 521
3499 35 1303
3500 17 633
3502 35 1304
3504 7 261
3507 42 1567
3509 3 112
3510 35 1307
3511 17 635
3515 5 187
3516 42 1571
3518 7 262
3520 42 1573
3522 17 637
3526 35 1313
3527 21 788
3529 35 1314
3531 7 263
3533 17 639
3536 21 790
3537 35 1317
3538 14 527
3542 35 1319
3544 17 641
3545 7 264
3547 42 1585
3549 21 793
3553 5 189
3554 21 794
3555 17 643
3558 7 265
3560 42 1591
3563 21 796
3565 14 531
3566 17 645
3569 35 1329
3571 1 38
3574 42 1597
3576 21 799
3577 35 1332
3580 35 1333
3582 35 1334
3583 17 648
3585 7 267
3587 6 229
3588 35 1336
3592 14 535
3593 35 1338
3594 17 650
3596 35 1339
3598 7 268
3601 42 1609
3603 3 115
3604 35 1342
3605 17 652
3609 5 192
3610 42 1613
3612 7 269
3614 42 1615
3616 17 654
3620 35 1348
3621 21 809
3623 35 1349
3625 7 270
3627 17 656
3630 21 811
3631 35 1352
3632 14 541
3636 35 1354
3638 17 658
3639 7 271
3641 42 1627
3643 21 814
3647 5 194
3648 21 815
3649 17 660
3652 7 272
3654 42 1633
3657 21 817
3659 14 545
3660 17 662
3663 35 1364
3665 1 39
3668 42 1639
3670 21 820
3671 35 1367
3674 35 1368
3676 35 1369
3677 17 665
3679 7 274
3681 6 235
3682 35 1371
3686 14 549
3687 35 1373
3688 17 667
3690 35 1374
3692 7 275
3695 42 1651
3697 3 118
3698 35 1377
3699 17 669
3703 5 197
3704 42 1655
3706 7 276
3708 42 1657
3710 17 671
3714 35 1383
3715 21 830
3717 35 1384
3719 7 277
3721 17 673
3724 21 832
3725 35 1387
3726 14 555
3730 35 1389
3732 17 675
3733 7 278
3735 42 1669
3737 21 835
3741 5 199
3742 21 836
3743 17 677
3746 7 279
3748 42 1675
3751 21 838
3753 14 559
3754 17 679
3757 35 1399
3759 1 40
3762 42 1681
3764 21 841
3765 35 1402
3768 35 1403
3770 35 1404
3771 17 682
3773 7 281
3775 6 241
3776 35 1406
3780 14 563
3781 35 1408
3782 17 684
3784 35 1409
3786 7 282
3789 42 1693
3791 3 121
3792 35 1412
3793 17 686
3797 5 202
3798 42 1697
3800 7 283
3802 42 1699
3804 17 688
3808 35 1418
3809 21 851
3811 35 1419
3813 7 284
3815 17 690
3818 21 853
3819 35 1422
3820 14 569
3824 35 1424
3826 17 692
3827 7 285
3829 42 1711
3831 21 856
3835 5 204
3836 21 857
3837 17 694
3840 7 286
3842 42 1717
3845 21 859
3847 14 573
3848 17 696
3851 35 1434
3853 1 41
3856 42 1723
3858 21 862
3859 35 1437
3862 35 1438
3864 35 1439
3865 17 699
3867 7 288
3869 6 247
3870 35 1441
3874 14 577
3875 35 1443
3876 17 701
3878 35 1444
3880 7 289
3883 42 1735
3885 3 124
3886 35 1447
3887 17 703
3891 5 207
3892 42 1739
3894 7 290
3896 42 1741
3898 17 705
3902 35 1453
3903 21 872
3905 35 1454
3907 7 291
3909 17 707
3912 21 874
3913 35 1457
3914 14 583
3918 35 1459
3920 17 709
3921 7 292
3923 42 1753
3925 21 877
3929 5 209
3930 21 878
3931 17 711
3934 7 293
3936 42 1759
3939 21 880
3941 14 587
3942 17 713
3945 35 1469
3947 1 42
3950 42 1765
3952 21 883
3953 35 1472
3956 35 1473
3958 35 1474
3959 17 716
3961 7 295
3963 6 253
3964 35 1476
3968 14 591
3969 35 1478
3970 17 718
3972 35 1479
3974 7 296
3977 42 1777
3979 3 127
3980 35 1482
3981 17 720
3985 5 212
3986 42 1781
3988 7 297
3990 42 1783
3992 17 722
3996 35 1488
3997 21 893
3999 35 1489
4001 7 298
4003 17 724
4006 21 895
4007 35 1492
4008 14 597
4012 35 1494
4014 17 726
4015 7 299
4017 42 1795
4019 21 898
4023 5 214
4024 21 899
4025 17 728
4028 7 300
4030 42 1801
4033 21 901
4035 14 601
4036 17 730
4039 35 1504
4041 1 43
4044 42 1807
4046 21 904
4047 35 1507
4050 35 1508
4052 35 1509
4053 17 733
4055 7 302
4057 6 259
4058 35 1511
4062 14 605
4063 35 1513
4064 17 735
4066 35 1514
4068 7 303
4071 42 1819
4073 3 130
4074 35 1517
4075 17 737
4079 5 217
4080 42 1823
4082 7 304
4084 42 1825
4086 17 739
4090 35 1523
4091 21 914
4093 35 1524
4095 7 305
4097 17 741
4100 21 916
4101 35 1527
4102 14 611
4106 35 1529
4108 17 743
4109 7 306
4111 42 1837
4113 21 919
4117 5 219
4118 21 920
4119 17 745
4122 7 307
4124 42 1843
4127 21 922
4129 14 615
4130 17 747
4133 35 1539
4135 1 44
4138 42 1849
4140 21 925
4141 35 1542
4144 35 1543
4146 35 1544
4147 17 750
4149 7 309
4151 6 265
4152 35 1546
4156 14 619
4157 35 1548
4158 17 752
4160 35 1549
4162 7 310
4165 42 1861
4167 3 133
4168 35 1552
4169 17 754
4173 5 222
4174 42 1865
4176 7 311
4178 42 1867
4180 17 756
4184 35 1558
4185 21 935
4187 35 1559
4189 7 312
4191 17 758
4194 21 937
4195 35 1562
4196 14 625
4200 35 1564
4202 17 760
4203 7 313
4205 42 1879
4207 21 940
4211 5 224
4212 21 941
4213 17 762
4216 7 314
4218 42 1885
4221 21 943
4223 14 629
4224 17 764
4227 35 1574
4229 1 45
4232 42 1891
4234 21 946
4235 35 1577
4238 35 1578
4240 35 1579
4241 17 767
4243 7 316
4245 6 271
4246 35 1581
4250 14 633
4251 35 1583
4252 17 769
4254 35 1584
4256 7 317
4259 42 1903
4261 3 136
4262 35 1587
4263 17 771
4267 5 227
4268 42 1907
4270 7 318
4272 42 1909
4274 17 773
4278 35 1593
4279 21 956
4281 35 1594
4283 7 319
4285 17 775
4288 21 958
4289 35 1597
4290 14 639
4294 35 1599
4296 17 777
4297 7 320
4299 42 1921
4301 21 961
4305 5 229
4306 21 962
4307 17 779
4310 7 321
4312 42 1927
4315 21 964
4317 14 643
4318 17 781
4321 35 1609
4323 1 46
4326 42 1933
4328 21 967
4329 35 1612
4332 35 1613
4334 35 1614
4335 17 784
4337 7 323
4339 6 277
4340 35 1616
4344 14 647
4345 35 1618
4346 17 786
4348 35 1619
4350 7 324
4353 42 1945
4355 3 139
4356 35 1622
4357 17 788
4361 5 232
4362 42 1949
4364 7 325
4366 42 1951
4368 17 790
4372 35 1628
4373 21 977
4375 35 1629
4377 7 326
4379 17 792
4382 21 979
4383 35 1632
4384 14 653
4388 35 1634
4390 17 794
4391 7 327
4393 42 1963
4395 21 982
4399 5 234
4400 21 983
4401 17 796
4404 7 328
4406 42 1969
4409 21 985
4411 14 657
4412 17 798
4415 35 1644
4417 1 47
4420 42 1975
4422 21 988
4423 35 1647
4426 35 1648
4428 35 1649
4429 17 801
4431 7 330
4433 6 283
4434 35 1651
4438 14 661
4439 35 1653
4440 17 803
4442 35 1654
4444 7 331
4447 42 1987
4449 3 142
4450 35 1657
4451 17 805
4455 5 237
4456 42 1991
4458 7 332
4460 42 1993
4462 17 807
4466 35 1663
4467 21 998
4469 35 1664
4471 7 333
4473 17 809
4476 21 1000
4477 35 1667
4478 14 667
4482 35 1669
4484 17 811
4485 7 334
4487 42 2005
4489 21 1003
4493 5 239
4494 21 1004
4495 17 813
4498 7 335
4500 42 2011
4503 21 1006
4505 14 671
4506 17 815
4509 35 1679
4511 1 48
4514 42 2017
4516 21 1009
4517 35 1682
4520 35 1683
4522 35 1684
4523 17 818
4525 7 337
4527 6 289
4528 35 1686
4532 14 675
4533 35 1688
4534 17 820
4536 35 1689
4538 7 338
4541 42 2029
4543 3 145
4544 35 1692
4545 17 822
4549 5 242
4550 42 2033
4552 7 339
4554 42 2035
4556 17 824
4560 35 1698
4561 21 1019
4563 35 1699
4565 7 340
4567 17 826
4570 21 1021
4571 35 1702
4572 14 681
4576 35 1704
4578 17 828
4579 7 341
4581 42 2047
4583 21 1024
4587 5 244
4588 21 1025
4589 17 830
4592 7 342
4594 42 2053
4597 21 1027
4599 14 685
4600 17 832
4603 35 1714
4605 1 49
4608 42 2059
4610 21 1030
4611 35 1717
4614 35 1718
4616 35 1719
4617 17 835
4619 7 344
4621 6 295
4622 35 1721
4626 14 689
4627 35 1723
4628 17 837
4630 35 1724
4632 7 345
4635 42 2071
4637 3 148
4638 35 1727
4639 17 839
4643 5 247
4644 42 2075
4646 7 346
4648 42 2077
4650 17 841
4654 35 1733
4655 21 1040
4657 35 1734
4659 7 347
4661 17 843
4664 21 1042
4665 35 1737
4666 14 695
4670 35 1739
4672 17 845
4673 7 348
4675 42 2089
4677 21 1045
4681 5 249
4682 21 1046
4683 17 847
4686 7 349
4688 42 2095
4691 21 1048
4693 14 699
4694 17 849
4697 35 1749
4699 1 50
4702 42 2101
4704 21 1051
4705 35 1752
4708 35 1753
4710 35 1754
4711 17 852
4713 7 351
4715 6 301
4716 35 1756
4720 14 703
4721 35 1758
4722 17 854
4724 35 1759
4726 7 352
4729 42 2113
4731 3 151
4732 35 1762
4733 17 856
4737 5 252
4738 42 2117
4740 7 353
4742 42 2119
4744 17 858
4748 35 1768
4749 21 1061
4751 35 1769
4753 7 354
4755 17 860
4758 21 1063
4759 35 1772
4760 14 709
4764 35 1774
4766 17 862
4767 7 355
4769 42 2131
4771 21 1066
4775 5 254
4776 21 1067
4777 17 864
4780 7 356
4782 42 2137
4785 21 1069
4787 14 713
4788 17 866
4791 35 1784
4793 1 51
4796 42 2143
4798 21 1072
4799 35 1787
4802 35 1788
4804 35 1789
4805 17 869
4807 7 358
4809 6 307
4810 35 1791
4814 14 717
4815 35 1793
4816 17 871
4818 35 1794
4820 7 359
4823 42 2155
4825 3 154
4826 35 1797
4827 17 873
4831 5 257
4832 42 2159
4834 7 360
4836 42 2161
4838 17 875
4842 35 1803
4843 21 1082
4845 35 1804
4847 7 361
4849 17 877
4852 21 1084
4853 35 1807
4854 14 723
4858 35 1809
4860 17 879
4861 7 362
4863 42 2173
4865 21 1087
4869 5 259
4870 21 1088
4871 17 881
4874 7 363
4876 42 2179
4879 21 1090
4881 14 727
4882 17 883
4885 35 1819
4887 1 52
4890 42 2185
4892 21 1093
4893 35 1822
4896 35 1823
4898 35 1824
4899 17 886
4901 7 365
4903 6 313
4904 35 1826
4908 14 731
4909 35 1828
4910 17 888
4912 35 1829
4914 7 366
4917 42 2197
4919 3 157
4920 35 1832
4921 17 890
4925 5 262
4926 42 2201
4928 7 367
4930 42 2203
4932 17 892
4936 35 1838
4937 21 1103
4939 35 1839
4941 7 368
4943 17 894
4946 21 1105
4947 35 1842
4948 14 737
4952 35 1844
4954 17 896
4955 7 369
4957 42 2215
4959 21 1108
4963 5 264
4964 21 1109
4965 17 898
4968 7 370
4970 42 2221
4973 21 1111
4975 14 741
4976 17 900
4979 35 1854
4981 1 53
4984 42 2227
4986 21 1114
4987 35 1857
4990 35 1858
4992 35 1859
4993 17 903
4995 7 372
4997 6 319
4998 35 1861
5002 14 745
5003 35 1863
5004 17 905
5006 35 1864
5008 7 373
5011 42 2239
5013 3 160
5014 35 1867
5015 17 907
5019 5 267
5020 42 2243
5022 7 374
5024 42 2245
5026 17 909
5030 35 1873
5031 21 1124
5033 35 1874
5035 7 375
5037 17 911
5040 21 1126
5041 35 1877
5042 14 751
5046 35 1879
5048 17 913
5049 7 376
5051 42 2257
5053 21 1129
5057 5 269
5058 21 1130
5059 17 915
5062 7 377
5064 42 2263
5067 21 1132
5069 14 755
5070 17 917
5073 35 1889
5075 1 54
5078 42 2269
5080 21 1135
5081 35 1892
5084 35 1893
5086 35 1894
5087 17 920
5089 7 379
5091 6 325
5092 35 1896
5096 14 759
5097 35 1898
5098 17 922
5100 35 1899
5102 7 380
5105 42 2281
5107 3 163
5108 35 1902
5109 17 924
5113 5 272
5114 42 2285
5116 7 381
5118 42 2287
5120 17 926
5124 35 1908
5125 21 1145
5127 35 1909
5129 7 382
5131 17 928
5134 21 1147
5135 35 1912
5136 14 765
5140 35 1914
5142 17 930
5143 7 383
5145 42 2299
5147 21 1150
5151 5 274
5152 21 1151
5153 17 932
5156 7 384
5158 42 2305
5161 21 1153
5163 14 769
5164 17 934
5167 35 1924
5169 1 55
5172 42 2311
5174 21 1156
5175 35 1927
5178 35 1928
5180 35 1929
5181 17 937
5183 7 386
5185 6 331
5186 35 1931
5190 14 773
5191 35 1933
5192 17 939
5194 35 1934
5196 7 387
5199 42 2323
5201 3 166
5202 35 1937
5203 17 941
5207 5 277
5208 42 2327
5210 7 388
5212 42 2329
5214 17 943
5218 35 1943
5219 21 1166
5221 35 1944
5223 7 389
5225 17 945
5228 21 1168
5229 35 1947
5230 14 779
5234 35 1949
5236 17 947
5237 7 390
5239 42 2341
5241 21 1171
5245 5 279
5246 21 1172
5247 17 949
5250 7 391
5252 42 2347
5255 21 1174
5257 14 783
5258 17 951
5261 35 1959
5263 1 56
5266 42 2353
5268 21 1177
5269 35 1962
5272 35 1963
5274 35 1964
5275 17 954
5277 7 393
5279 6 337
5280 35 1966
5284 14 787
5285 35 1968
5286 17 956
5288 35 1969
5290 7 394
5293 42 2365
5295 3 169
5296 35 1972
5297 17 958
5301 5 282
5302 42 2369
5304 7 395
5306 42 2371
5308 17 960
5312 35 1978
5313 21 1187
5315 35 1979
5317 7 396
5319 17 962
5322 21 1189
5323 35 1982
5324 14 793
5328 35 1984
5330 17 964
5331 7 397
5333 42 2383
5335 21 1192
5339 5 284
5340 21 1193
5341 17 966
5344 7 398
5346 42 2389
5349 21 1195
5351 14 797
5352 17 968
5355 35 1994
5357 1 57
5360 42 2395
5362 21 1198
5363 35 1997
5366 35 1998
5368 35 1999
5369 17 971
5371 7 400
5373 6 343
5374 35 2001
5378 14 801
5379 35 2003
5380 17 973
5382 35 2004
5384 7 401
5387 42 2407
5389 3 172
5390 35 2007
5391 17 975
5395 5 287
5396 42 2411
5398 7 402
5400 42 2413
5402 17 977
5406 35 2013
5407 21 1208
5409 35 2014
5411 7 403
5413 17 979
5416 21 1210
5417 35 2017
5418 14 807
5422 35 2019
5424 17 981
5425 7 404
5427 42 2425
5429 21 1213
5433 5 289
5434 21 1214
5435 17 983
5438 7 405
5440 42 2431
5443 21 1216
5445 14 811
5446 17 985
5449 35 2029
5451 1 58
5454 42 2437
5456 21 1219
5457 35 2032
5460 35 2033
5462 35 2034
5463 17 988
5465 7 407
5467 6 349
5468 35 2036
5472 14 815
5473 35 2038
5474 17 990
5476 35 2039
5478 7 408
5481 42 2449
5483 3 175
5484 35 2042
5485 17 992
5489 5 292
5490 42 2453
5492 7 409
5494 42 2455
5496 17 994
5500 35 2048
5501 21 1229
5503 35 2049
5505 7 410
5507 17 996
5510 21 1231
5511 35 2052
5512 14 821
5516 35 2054
5518 17 998
5519 7 411
5521 42 2467
5523 21 1234
5527 5 294
5528 21 1235
5529 17 1000
5532 7 412
5534 42 2473
5537 21 1237
5539 14 825
5540 17 1002
5543 35 2064
5545 1 59
5548 42 2479
5550 21 1240
5551 35 2067
5554 35 2068
5556 35 2069
5557 17 1005
5559 7 414
5561 6 355
5562 35 2071
5566 14 829
5567 35 2073
5568 17 1007
5570 35 2074
5572 7 415
5575 42 2491
5577 3 178
5578 35 2077
5579 17 1009
5583 5 297
5584 42 2495
5586 7 416
5588 42 2497
5590 17 1011
5594 35 2083
5595 21 1250
5597 35 2084
5599 7 417
5601 17 1013
5604 21 1252
5605 35 2087
5606 14 835
5610 35 2089
5612 17 1015
5613 7 418
5615 42 2509
5617 21 1255
5621 5 299
5622 21 1256
5623 17 1017
5626 7 419
5628 42 2515
5631 21 1258
5633 14 839
5634 17 1019
5637 35 2099
5639 1 60
5642 42 2521
5644 21 1261
5645 35 2102
5648 35 2103
5650 35 2104
5651 17 1022
5653 7 421
5655 6 361
5656 35 2106
5660 14 843
5661 35 2108
5662 17 1024
5664 35 2109
5666 7 422
5669 42 2533
5671 3 181
5672 35 2112
5673 17 1026
5677 5 302
5678 42 2537
5680 7 423
5682 42 2539
5684 17 1028
5688 35 2118
5689 21 1271
5691 35 2119
5693 7 424
5695 17 1030
5698 21 1273
5699 35 2122
5700 14 849
5704 35 2124
5706 17 1032
5707 7 425
5709 42 2551
5711 21 1276
5715 5 304
5716 21 1277
5717 17 1034
5720 7 426
5722 42 2557
5725 21 1279
5727 14 853
5728 17 1036
5731 35 2134
5733 1 61
5736 42 2563
5738 21 1282
5739 35 2137
5742 35 2138
5744 35 2139
5745 17 1039
5747 7 428
5749 6 367
5750 35 2141
5754 14 857
5755 35 2143
5756 17 1041
5758 35 2144
5760 7 429
5763 42 2575
5765 3 184
5766 35 2147
5767 17 1043
5771 5 307
5772 42 2579
5774 7 430
5776 42 2581
5778 17 1045
5782 35 2153
5783 21 1292
5785 35 2154
5787 7 431
5789 17 1047
5792 21 1294
5793 35 2157
5794 14 863
5798 35 2159
5800 17 1049
5801 7 432
5803 42 2593
5805 21 1297
5809 5 309
5810 21 1298
5811 17 1051
5814 7 433
5816 42 2599
5819 21 1300
5821 14 867
5822 17 1053
5825 35 2169
5827 1 62
5830 42 2605
5832 21 1303
5833 35 2172
5836 35 2173
5838 35 2174
5839 17 1056
5841 7 435
5843 6 373
5844 35 2176
5848 14 871
5849 35 2178
5850 17 1058
5852 35 2179
5854 7 436
5857 42 2617
5859 3 187
5860 35 2182
5861 17 1060
5865 5 312
5866 42 2621
5868 7 437
5870 42 2623
5872 17 1062
5876 35 2188
5877 21 1313
5879 35 2189
5881 7 438
5883 17 1064
5886 21 1315
5887 35 2192
5888 14 877
5892 35 2194
5894 17 1066
5895 7 439
5897 42 2635
5899 21 1318
5903 5 314
5904 21 1319
5905 17 1068
5908 7 440
5910 42 2641
5913 21 1321
5915 14 881
5916 17 1070
5919 35 2204
5921 1 63
5924 42 2647
5926 21 1324
5927 35 2207
5930 35 2208
5932 35 2209
5933 17 1073
5935 7 442
5937 6 379
5938 35 2211
5942 14 885
5943 35 2213
5944 17 1075
5946 35 2214
5948 7 443
5951 42 2659
5953 3 190
5954 35 2217
5955 17 1077
5959 5 317
5960 42 2663
5962 7 444
5964 42 2665
5966 17 1079
5970 35 2223
5971 21 1334
5973 35 2224
5975 7 445
5977 17 1081
5980 21 1336
5981 35 2227
5982 14 891
5986 35 2229
5988 17 1083
5989 7 446
5991 42 2677
5993 21 1339
5997 5 319
5998 21 1340
5999 17 1085
6002 7 447
6004 42 2683
6007 21 1342
6009 14 895
6010 17 1087
6013 35 2239
6015 1 64
6018 42 2689
6020 21 1345
6021 35 2242
6024 35 2243
6026 35 2244
6027 17 1090
6029 7 449
6031 6 385
6032 35 2246
6036 14 899
6037 35 2248
6038 17 1092
6040 35 2249
6042 7 450
6045 42 2701
6047 3 193
6048 35 2252
6049 17 1094
6053 5 322
6054 42 2705
6056 7 451
6058 42 2707
6060 17 1096
6064 35 2258
6065 21 1355
6067 35 2259
6069 7 452
6071 17 1098
6074 21 1357
6075 35 2262
6076 14 905
6080 35 2264
6082 17 1100
6083 7 453
6085 42 2719
6087 21 1360
6091 5 324
6092 21 1361
6093 17 1102
6096 7 454
6098 42 2725
6101 21 1363
6103 14 909
6104 17 1104
6107 35 2274
6109 1 65
6112 42 2731
6114 21 1366
6115 35 2277
6118 35 2278
6120 35 2279
6121 17 1107
6123 7 456
6125 6 391
6126 35 2281
6130 14 913
6131 35 2283
6132 17 1109
6134 35 2284
6136 7 457
6139 42 2743
6141 3 196
6142 35 2287
6143 17 1111
6147 5 327
6148 42 2747
6150 7 458
6152 42 2749
6154 17 1113
6158 35 2293
6159 21 1376
6161 35 2294
6163 7 459
6165 17 1115
6168 21 1378
6169 35 2297
6170 14 919
6174 35 2299
6176 17 1117
6177 7 460
6179 42 2761
6181 21 1381
6185 5 329
6186 21 1382
6187 17 1119
6190 7 461
6192 42 2767
6195 21 1384
6197 14 923
6198 17 1121
6201 35 2309
6203 1 66
6206 42 2773
6208 21 1387
6209 35 2312
6212 35 2313
6214 35 2314
6215 17 1124
6217 7 463
6219 6 397
6220 35 2316
6224 14 927
6225 35 2318
6226 17 1126
6228 35 2319
6230 7 464
6233 42 2785
6235 3 199
6236 35 2322
6237 17 1128
6241 5 332
6242 42 2789
6244 7 465
6246 42 2791
6248 17 1130
6252 35 2328
6253 21 1397
6255 35 2329
6257 7 466
6259 17 1132
6262 21 1399
6263 35 2332
6264 14 933
6268 35 2334
6270 17 1134
6271 7 467
6273 42 2803
6275 21 1402
6279 5 334
6280 21 1403
6281 17 1136
6284 7 468
6286 42 2809
6289 21 1405
6291 14 937
6292 17 1138
6295 35 2344
6297 1 67
6300 42 2815
6302 21 1408
6303 35 2347
6306 35 2348
6308 35 2349
6309 17 1141
6311 7 470
6313 6 403
6314 35 2351
6318 14 941
6319 35 2353
6320 17 1143
6322 35 2354
6324 7 471
6327 42 2827
6329 3 202
6330 35 2357
6331 17 1145
6335 5 337
6336 42 2831
6338 7 472
6340 42 2833
6342 17 1147
6346 35 2363
6347 21 1418
6349 35 2364
6351 7 473
6353 17 1149
6356 21 1420
6357 35 2367
6358 14 947
6362 35 2369
6364 17 1151
6365 7 474
6367 42 2845
6369 21 1423
6373 5 339
6374 21 1424
6375 17 1153
6378 7 475
6380 42 2851
6383 21 1426
6385 14 951
6386 17 1155
6389 35 2379
6391 1 68
6394 42 2857
6396 21 1429
6397 35 2382
6400 35 2383
6402 35 2384
6403 17 1158
6405 7 477
6407 6 409
6408 35 2386
6412 14 955
6413 35 2388
6414 17 1160
6416 35 2389
6418 7 478
6421 42 2869
6423 3 205
6424 35 2392
6425 17 1162
6429 5 342
6430 42 2873
6432 7 479
6434 42 2875
6436 17 1164
6440 35 2398
6441 21 1439
6443 35 2399
6445 7 480
6447 17 1166
6450 21 1441
6451 35 2402
6452 14 961
6456 35 2404
6458 17 1168
6459 7 481
6461 42 2887
6463 21 1444
6467 5 344
6468 21 1445
6469 17 1170
6472 7 482
6474 42 2893
6477 21 1447
6479 14 965
6480 17 1172
6483 35 2414
6485 1 69
6488 42 2899
6490 21 1450
6491 35 2417
6494 35 2418
6496 35 2419
6497 17 1175
6499 7 484
6501 6 415
6502 35 2421
6506 14 969
6507 35 2423
6508 17 1177
6510 35 2424
6512 7 485
6515 42 2911
6517 3 208
6518 35 2427
6519 17 1179
6523 5 347
6524 42 2915
6526 7 486
6528 42 2917
6530 17 1181
6534 35 2433
6535 21 1460
6537 35 2434
6539 7 487
6541 17 1183
6544 21 1462
6545 35 2437
6546 14 975
6550 35 2439
6552 17 1185
6553 7 488
6555 42 2929
6557 21 1465
6561 5 349
6562 21 1466
6563 17 1187
6566 7 489
6568 42 2935
6571 21 1468
6573 14 979
6574 17 1189
6577 35 2449
6579 1 70
6582 42 2941
6584 21 1471
6585 35 2452
6588 35 2453
6590 35 2454
6591 17 1192
6593 7 491
6595 6 421
6596 35 2456
6600 14 983
6601 35 2458
6602 17 1194
6604 35 2459
6606 7 492
6609 42 2953
6611 3 211
6612 35 2462
6613 17 1196
6617 5 352
6618 42 2957
6620 7 493
6622 42 2959
6624 17 1198
6628 35 2468
6629 21 1481
6631 35 2469
6633 7 494
6635 17 1200
6638 21 1483
6639 35 2472
6640 14 989
6644 35 2474
6646 17 1202
6647 7 495
6649 42 2971
6651 21 1486
6655 5 354
6656 21 1487
6657 17 1204
6660 7 496
6662 42 2977
6665 21 1489
6667 14 993
6668 17 1206
6671 35 2484
6673 1 71
6676 42 2983
6678 21 1492
6679 35 2487
6682 35 2488
6684 35 2489
6685 17 1209
6687 7 498
6689 6 427
6690 35 2491
6694 14 997
6695 35 2493
6696 17 1211
6698 35 2494
6700 7 499
6703 42 2995
6705 3 214
6706 35 2497
6707 17 1213
6711 5 357
6712 42 2999
6714 7 500
6716 42 3001
6718 17 1215
6722 35 2503
6723 21 1502
6725 35 2504
6727 7 501
6729 17 1217
6732 21 1504
6733 35 2507
6734 14 1003
6738 35 2509
6740 17 1219
6741 7 502
6743 42 3013
6745 21 1507
6749 5 359
6750 21 1508
6751 17 1221
6754 7 503
6756 42 3019
6759 21 1510
6761 14 1007
6762 17 1223
6765 35 2519
6767 1 72
6770 42 3025
6772 21 1513
6773 35 2522
6776 35 2523
6778 35 2524
6779 17 1226
6781 7 505
6783 6 433
6784 35 2526
6788 14 1011
6789 35 2528
6790 17 1228
6792 35 2529
6794 7 506
6797 42 3037
6799 3 217
6800 35 2532
6801 17 1230
6805 5 362
6806 42 3041
6808 7 507
6810 42 3043
6812 17 1232
6816 35 2538
6817 21 1523
6819 35 2539
6821 7 508
6823 17 1234
6826 21 1525
6827 35 2542
6828 14 1017
6832 35 2544
6834 17 1236
6835 7 509
6837 42 3055
6839 21 1528
6843 5 364
6844 21 1529
6845 17 1238
6848 7 510
6850 42 3061
6853 21 1531
6855 14 1021
6856 17 1240
6859 35 2554
6861 1 73
6864 42 3067
6866 21 1534
6867 35 2557
6870 35 2558
6872 35 2559
6873 17 1243
6875 7 512
6877 6 439
6878 35 2561
6882 14 1025
6883 35 2563
6884 17 1245
6886 35 2564
6888 7 513
6891 42 3079
6893 3 220
6894 35 2567
6895 17 1247
6899 5 367
6900 42 3083
6902 7 514
6904 42 3085
6906 17 1249
6910 35 2573
6911 21 1544
6913 35 2574
6915 7 515
6917 17 1251
6920 21 1546
6921 35 2577
6922 14 1031
6926 35 2579
6928 17 1253
6929 7 516
6931 42 3097
6933 21 1549
6937 5 369
6938 21 1550
6939 17 1255
6942 7 517
6944 42 3103
6947 21 1552
6949 14 1035
6950 17 1257
6953 35 2589
6955 1 74
6958 42 3109
6960 21 1555
6961 35 2592
6964 35 2593
6966 35 2594
6967 17 1260
6969 7 519
6971 6 445
6972 35 2596
6976 14 1039
6977 35 2598
6978 17 1262
6980 35 2599
6982 7 520
6985 42 3121
6987 3 223
6988 35 2602
6989 17 1264
6993 5 372
6994 42 3125
6996 7 521
6998 42 3127
7000 17 1266
7004 35 2608
7005 21 1565
7007 35 2609
7009 7 522
7011 17 1268
7014 21 1567
7015 35 2612
7016 14 1045
7020 35 2614
7022 17 1270
7023 7 523
7025 42 3139
7027 21 1570
7031 5 374
7032 21 1571
7033 17 1272
7036 7 524
7038 42 3145
7041 21 1573
7043 14 1049
7044 17 1274
7047 35 2624
7049 1 75
7052 42 3151
7054 21 1576
7055 35 2627
7058 35 2628
7060 35 2629
7061 17 1277
7063 7 526
7065 6 451
7066 35 2631
7070 14 1053
7071 35 2633
7072 17 1279
7074 35 2634
7076 7 527
7079 42 3163
7081 3 226
7082 35 2637
7083 17 1281
7087 5 377
7088 42 3167
7090 7 528
7092 42 3169
7094 17 1283
7098 35 2643
7099 21 1586
7101 35 2644
7103 7 529
7105 17 1285
7108 21 1588
7109 35 2647
7110 14 1059
7114 35 2649
7116 17 1287
7117 7 530
7119 42 3181
7121 21 1591
7125 5 379
7126 21 1592
7127 17 1289
7130 7 531
7132 42 3187
7135 21 1594
7137 14 1063
7138 17 1291
7141 35 2659
7143 1 76
7146 42 3193
7148 21 1597
7149 35 2662
7152 35 2663
7154 35 2664
7155 17 1294
7157 7 533
7159 6 457
7160 35 2666
7164 14 1067
7165 35 2668
7166 17 1296
7168 35 2669
7170 7 534
7173 42 3205
7175 3 229
7176 35 2672
7177 17 1298
7181 5 382
7182 42 3209
7184 7 535
7186 42 3211
7188 17 1300
7192 35 2678
7193 21 1607
7195 35 2679
7197 7 536
7199 17 1302
7202 21 1609
7203 35 2682
7204 14 1073
7208 35 2684
7210 17 1304
7211 7 537
7213 42 3223
7215 21 1612
7219 5 384
7220 21 1613
7221 17 1306
7224 7 538
7226 42 3229
7229 21 1615
7231 14 1077
7232 17 1308
7235 35 2694
7237 1 77
7240 42 3235
7242 21 1618
7243 35 2697
7246 35 2698
7248 35 2699
7249 17 1311
7251 7 540
7253 6 463
7254 35 2701
7258 14 1081
7259 35 2703
7260 17 1313
7262 35 2704
7264 7 541
7267 42 3247
7269 3 232
7270 35 2707
7271 17 1315
7275 5 387
7276 42 3251
7278 7 542
7280 42 3253
7282 17 1317
7286 35 2713
7287 21 1628
7289 35 2714
7291 7 543
7293 17 1319
7296 21 1630
7297 35 2717
7298 14 1087
7302 35 2719
7304 17 1321
7305 7 544
7307 42 3265
7309 21 1633
7313 5 389
7314 21 1634
7315 17 1323
7318 7 545
7320 42 3271
7323 21 1636
7325 14 1091
7326 17 1325
7329 35 2729
7331 1 78
7334 42 3277
7336 21 1639
7337 35 2732
7340 35 2733
7342 35 2734
7343 17 1328
7345 7 547
7347 6 469
7348 35 2736
7352 14 1095
7353 35 2738
7354 17 1330
7356 35 2739
7358 7 548
7361 42 3289
7363 3 235
7364 35 2742
7365 17 1332
7369 5 392
7370 42 3293
7372 7 549
7374 42 3295
7376 17 1334
7380 35 2748
7381 21 1649
7383 35 2749
7385 7 550
7387 17 1336
7390 21 1651
7391 35 2752
7392 14 1101
7396 35 2754
7398 17 1338
7399 7 551
7401 42 3307
7403 21 1654
7407 5 394
7408 21 1655
7409 17 1340
7412 7 552
7414 42 3313
7417 21 1657
7419 14 1105
7420 17 1342
7423 35 2764
7425 1 79
7428 42 3319
7430 21 1660
7431 35 2767
7434 35 2768
7436 35 2769
7437 17 1345
7439 7 554
7441 6 475
7442 35 2771
7446 14 1109
7447 35 2773
7448 17 1347
7450 35 2774
7452 7 555
7455 42 3331
7457 3 238
7458 35 2777
7459 17 1349
7463 5 397
7464 42 3335
7466 7 556
7468 42 3337
7470 17 1351
7474 35 2783
7475 21 1670
7477 35 2784
7479 7 557
7481 17 1353
7484 21 1672
7485 35 2787
7486 14 1115
7490 35 2789
7492 17 1355
7493 7 558
7495 42 3349
7497 21 1675
7501 5 399
7502 21 1676
7503 17 1357
7506 7 559
7508 42 3355
7511 21 1678
7513 14 1119
7514 17 1359
7517 35 2799
7519 1 80
7522 42 3361
7524 21 1681
7525 35 2802
7528 35 2803
7530 35 2804
7531 17 1362
7533 7 561
7535 6 481
7536 35 2806
7540 14 1123
7541 35 2808
7542 17 1364
7544 35 2809
7546 7 562
7549 42 3373
7551 3 241
7552 35 2812
7553 17 1366
7557 5 402
7558 42 3377
7560 7 563
7562 42 3379
7564 17 1368
7568 35 2818
7569 21 1691
7571 35 2819
7573 7 564
7575 17 1370
7578 21 1693
7579 35 2822
7580 14 1129
7584 35 2824
7586 17 1372
7587 7 565
7589 42 3391
7591 21 1696
7595 5 404
7596 21 1697
7597 17 1374
7600 7 566
7602 42 3397
7605 21 1699
7607 14 1133
7608 17 1376
7611 35 2834
7613 1 81
7616 42 3403
7618 21 1702
7619 35 2837
7622 35 2838
7624 35 2839
7625 17 1379
7627 7 568
7629 6 487
7630 35 2841
7634 14 1137
7635 35 2843
7636 17 1381
7638 35 2844
7640 7 569
7643 42 3415
7645 3 244
7646 35 2847
7647 17 1383
7651 5 407
7652 42 3419
7654 7 570
7656 42 3421
7658 17 1385
7662 35 2853
7663 21 1712
7665 35 2854
7667 7 571
7669 17 1387
7672 21 1714
7673 35 2857
7674 14 1143
7678 35 2859
7680 17 1389
7681 7 572
7683 42 3433
7685 21 1717
7689 5 409
7690 21 1718
7691 17 1391
7694 7 573
7696 42 3439
7699 21 1720
7701 14 1147
7702 17 1393
7705 35 2869
7707 1 82
7710 42 3445
7712 21 1723
7713 35 2872
7716 35 2873
7718 35 2874
7719 17 1396
7721 7 575
7723 6 493
7724 35 2876
7728 14 1151
7729 35 2878
7730 17 1398
7732 35 2879
7734 7 576
7737 42 3457
7739 3 247
7740 35 2882
7741 17 1400
7745 5 412
7746 42 3461
7748 7 577
7750 42 3463
7752 17 1402
7756 35 2888
7757 21 1733
7759 35 2889
7761 7 578
7763 17 1404
7766 21 1735
7767 35 2892
7768 14 1157
7772 35 2894
7774 17 1406
7775 7 579
7777 42 3475
7779 21 1738
7783 5 414
7784 21 1739
7785 17 1408
7788 7 580
7790 42 3481
7793 21 1741
7795 14 1161
7796 17 1410
7799 35 2904
7801 1 83
7804 42 3487
7806 21 1744
7807 35 2907
7810 35 2908
7812 35 2909
7813 17 1413
7815 7 582
7817 6 499
7818 35 2911
7822 14 1165
7823 35 2913
7824 17 1415
7826 35 2914
7828 7 583
7831 42 3499
7833 3 250
7834 35 2917
7835 17 1417
7839 5 417
7840 42 3503
7842 7 584
7844 42 3505
7846 17 1419
7850 35 2923
7851 21 1754
7853 35 2924
7855 7 585
7857 17 1421
7860 21 1756
7861 35 2927
7862 14 1171
7866 35 2929
7868 17 1423
7869 7 586
7871 42 3517
7873 21 1759
7877 5 419
7878 21 1760
7879 17 1425
7882 7 587
7884 42 3523
7887 21 1762
7889 14 1175
7890 17 1427
7893 35 2939
7895 1 84
7898 42 3529
7900 21 1765
7901 35 2942
7904 35 2943
7906 35 2944
7907 17 1430
7909 7 589
7911 6 505
7912 35 2946
7916 14 1179
7917 35 2948
7918 17 1432
7920 35 2949
7922 7 590
7925 42 3541
7927 3 253
7928 35 2952
7929 17 1434
7933 5 422
7934 42 3545
7936 7 591
7938 42 3547
7940 17 1436
7944 35 2958
7945 21 1775
7947 35 2959
7949 7 592
7951 17 1438
7954 21 1777
7955 35 2962
7956 14 1185
7960 35 2964
7962 17 1440
7963 7 593
7965 42 3559
7967 21 1780
7971 5 424
7972 21 1781
7973 17 1442
7976 7 594
7978 42 3565
7981 21 1783
7983 14 1189
7984 17 1444
7987 35 2974
7989 1 85
7992 42 3571
7994 21 1786
7995 35 2977
7998 35 2978
8000 35 2979
8001 17 1447
8003 7 596
8005 6 511
8006 35 2981
8010 14 1193
8011 35 2983
8012 17 1449
8014 35 2984
8016 7 597
8019 42 3583
8021 3 256
8022 35 2987
8023 17 1451
8027 5 427
8028 42 3587
8030 7 598
8032 42 3589
8034 17 1453
8038 35 2993
8039 21 1796
8041 35 2994
8043 7 599
8045 17 1455
8048 21 1798
8049 35 2997
8050 14 1199
8054 35 2999
8056 17 1457
8057 7 600
8059 42 3601
8061 21 1801
8065 5 429
8066 21 1802
8067 17 1459
8070 7 601
8072 42 3607
8075 21 1804
8077 14 1203
8078 17 1461
8081 35 3009
8083 1 86
8086 42 3613
8088 21 1807
8089 35 3012
8092 35 3013
8094 35 3014
8095 17 1464
8097 7 603
8099 6 517
8100 35 3016
8104 14 1207
8105 35 3018
8106 17 1466
8108 35 3019
8110 7 604
8113 42 3625
8115 3 259
8116 35 3022
8117 17 1468
8121 5 432
8122 42 3629
8124 7 605
8126 42 3631
8128 17 1470
8132 35 3028
8133 21 1817
8135 35 3029
8137 7 606
8139 17 1472
8142 21 1819
8143 35 3032
8144 14 1213
8148 35 3034
8150 17 1474
8151 7 607
8153 42 3643
8155 21 1822
8159 5 434
8160 21 1823
8161 17 1476
8164 7 608
8166 42 3649
8169 21 1825
8171 14 1217
8172 17 1478
8175 35 3044
8177 1 87
8180 42 3655
8182 21 1828
8183 35 3047
8186 35 3048
8188 35 3049
8189 17 1481
8191 7 610
8193 6 523
8194 35 3051
8198 14 1221
8199 35 3053
8200 17 1483
8202 35 3054
8204 7 611
8207 42 3667
8209 3 262
8210 35 3057
8211 17 1485
8215 5 437
8216 42 3671
8218 7 612
8220 42 3673
8222 17 1487
8226 35 3063
8227 21 1838
8229 35 3064
8231 7 613
8233 17 1489
8236 21 1840
8237 35 3067
8238 14 1227
8242 35 3069
8244 17 1491
8245 7 614
8247 42 3685
8249 21 1843
8253 5 439
8254 21 1844
8255 17 1493
8258 7 615
8260 42 3691
8263 21 1846
8265 14 1231
8266 17 1495
8269 35 3079
8271 1 88
8274 42 3697
8276 21 1849
8277 35 3082
8280 35 3083
8282 35 3084
8283 17 1498
8285 7 617
8287 6 529
8288 35 3086
8292 14 1235
8293 35 3088
8294 17 1500
8296 35 3089
8298 7 618
8301 42 3709
8303 3 265
8304 35 3092
8305 17 1502
8309 5 442
8310 42 3713
8312 7 619
8314 42 3715
8316 17 1504
8320 35 3098
8321 21 1859
8323 35 3099
8325 7 620
8327 17 1506
8330 21 1861
8331 35 3102
8332 14 1241
8336 35 3104
8338 17 1508
8339 7 621
8341 42 3727
8343 21 1864
8347 5 444
8348 21 1865
8349 17 1510
8352 7 622
8354 42 3733
8357 21 1867
8359 14 1245
8360 17 1512
8363 35 3114
8365 1 89
8368 42 3739
8370 21 1870
8371 35 3117
8374 35 3118
8376 35 3119
8377 17 1515
8379 7 624
8381 6 535
8382 35 3121
8386 14 1249
8387 35 3123
8388 17 1517
8390 35 3124
8392 7 625
8395 42 3751
8397 3 268
8398 35 3127
8399 17 1519
8403 5 447
8404 42 3755
8406 7 626
8408 42 3757
8410 17 1521
8414 35 3133
8415 21 1880
8417 35 3134
8419 7 627
8421 17 1523
8424 21 1882
8425 35 3137
8426 14 1255
8430 35 3139
8432 17 1525
8433 7 628
8435 42 3769
8437 21 1885
8441 5 449
8442 21 1886
8443 17 1527
8446 7 629
8448 42 3775
8451 21 1888
8453 14 1259
8454 17 1529
8457 35 3149
8459 1 90
8462 42 3781
8464 21 1891
8465 35 3152
8468 35 3153
8470 35 3154
8471 17 1532
8473 7 631
8475 6 541
8476 35 3156
8480 14 1263
8481 35 3158
8482 17 1534
8484 35 3159
8486 7 632
8489 42 3793
8491 3 271
8492 35 3162
8493 17 1536
8497 5 452
8498 42 3797
8500 7 633
8502 42 3799
8504 17 1538
8508 35 3168
8509 21 1901
8511 35 3169
8513 7 634
8515 17 1540
8518 21 1903
8519 35 3172
8520 14 1269
8524 35 3174
8526 17 1542
8527 7 635
8529 42 3811
8531 21 1906
8535 5 454
8536 21 1907
8537 17 1544
8540 7 636
8542 42 3817
8545 21 1909
8547 14 1273
8548 17 1546
8551 35 3184
8553 1 91
8556 42 3823
8558 21 1912
8559 35 3187
8562 35 3188
8564 35 3189
8565 17 1549
8567 7 638
8569 6 547
8570 35 3191
8574 14 1277
8575 35 3193
8576 17 1551
8578 35 3194
8580 7 639
8583 42 3835
8585 3 274
8586 35 3197
8587 17 1553
8591 5 457
8592 42 3839
8594 7 640
8596 42 3841
8598 17 1555
8602 35 3203
8603 21 1922
8605 35 3204
8607 7 641
8609 17 1557
8612 21 1924
8613 35 3207
8614 14 1283
8618 35 3209
8620 17 1559
8621 7 642
8623 42 3853
8625 21 1927
8629 5 459
8630 21 1928
8631 17 1561
8634 7 643
8636 42 3859
8639 21 1930
8641 14 1287
8642 17 1563
8645 35 3219
8647 1 92
8650 42 3865
8652 21 1933
8653 35 3222
8656 35 3223
8658 35 3224
8659 17 1566
8661 7 645
8663 6 553
8664 35 3226
8668 14 1291
8669 35 3228
8670 17 1568
8672 35 3229
8674 7 646
8677 42 3877
8679 3 277
8680 35 3232
8681 17 1570
8685 5 462
8686 42 3881
8688 7 647
8690 42 3883
8692 17 1572
8696 35 3238
8697 21 1943
8699 35 3239
8701 7 648
8703 17 1574
8706 21 1945
8707 35 3242
8708 14 1297
8712 35 3244
8714 17 1576
8715 7 649
8717 42 3895
8719 21 1948
8723 5 464
8724 21 1949
8725 17 1578
8728 7 650
8730 42 3901
8733 21 1951
8735 14 1301
8736 17 1580
8739 35 3254
8741 1 93
8744 42 3907
8746 21 1954
8747 35 3257
8750 35 3258
8752 35 3259
8753 17 1583
8755 7 652
8757 6 559
8758 35 3261
8762 14 1305
8763 35 3263
8764 17 1585
8766 35 3264
8768 7 653
8771 42 3919
8773 3 280
8774 35 3267
8775 17 1587
8779 5 467
8780 42 3923
8782 7 654
8784 42 3925
8786 17 1589
8790 35 3273
8791 21 1964
8793 35 3274
8795 7 655
8797 17 1591
8800 21 1966
8801 35 3277
8802 14 1311
8806 35 3279
8808 17 1593
8809 7 656
8811 42 3937
8813 21 1969
8817 5 469
8818 21 1970
8819 17 1595
8822 7 657
8824 42 3943
8827 21 1972
8829 14 1315
8830 17 1597
8833 35 3289
8835 1 94
8838 42 3949
8840 21 1975
8841 35 3292
8844 35 3293
8846 35 3294
8847 17 1600
8849 7 659
8851 6 565
8852 35 3296
8856 14 1319
8857 35 3298
8858 17 1602
8860 35 3299
8862 7 660
8865 42 3961
8867 3 283
8868 35 3302
8869 17 1604
8873 5 472
8874 42 3965
8876 7 661
8878 42 3967
8880 17 1606
8884 35 3308
8885 21 1985
8887 35 3309
8889 7 662
8891 17 1608
8894 21 1987
8895 35 3312
8896 14 1325
8900 35 3314
8902 17 1610
8903 7 663
8905 42 3979
8907 21 1990
8911 5 474
8912 21 1991
8913 17 1612
8916 7 664
8918 42 3985
8921 21 1993
8923 14 1329
8924 17 1614
8927 35 3324
8929 1 95
8932 42 3991
8934 21 1996
8935 35 3327
8938 35 3328
8940 35 3329
8941 17 1617
8943 7 666
8945 6 571
8946 35 3331
8950 14 1333
8951 35 3333
8952 17 1619
8954 35 3334
8956 7 667
8959 42 4003
8961 3 286
8962 35 3337
8963 17 1621
8967 5 477
8968 42 4007
8970 7 668
8972 42 4009
8974 17 1623
8978 35 3343
8979 21 2006
8981 35 3344
8983 7 669
8985 17 1625
8988 21 2008
8989 35 3347
8990 14 1339
8994 35 3349
8996 17 1627
8997 7 670
8999 42 4021
9001 21 2011
9005 5 479
9006 21 2012
9007 17 1629
9010 7 671
9012 42 4027
9015 21 2014
9017 14 1343
9018 17 1631
9021 35 3359
9023 1 96
9026 42 4033
9028 21 2017
9029 35 3362
9032 35 3363
9034 35 3364
9035 17 1634
9037 7 673
9039 6 577
9040 35 3366
9044 14 1347
9045 35 3368
9046 17 1636
9048 35 3369
9050 7 674
9053 42 4045
9055 3 289
9056 35 3372
9057 17 1638
9061 5 482
9062 42 4049
9064 7 675
9066 42 4051
9068 17 1640
9072 35 3378
9073 21 2027
9075 35 3379
9077 7 676
9079 17 1642
9082 21 2029
9083 35 3382
9084 14 1353
9088 35 3384
9090 17 1644
9091 7 677
9093 42 4063
9095 21 2032
9099 5 484
9100 21 2033
9101 17 1646
9104 7 678
9106 42 4069
9109 21 2035
9111 14 1357
9112 17 1648
9115 35 3394
9117 1 97
9120 42 4075
9122 21 2038
9123 35 3397
9126 35 3398
9128 35 3399
9129 17 1651
9131 7 680
9133 6 583
9134 35 3401
9138 14 1361
9139 35 3403
9140 17 1653
9142 35 3404
9144 7 681
9147 42 4087
9149 3 292
9150 35 3407
9151 17 1655
9155 5 487
9156 42 4091
9158 7 682
9160 42 4093
9162 17 1657
9166 35 3413
9167 21 2048
9169 35 3414
9171 7 683
9173 17 1659
9176 21 2050
9177 35 3417
9178 14 1367
9182 35 3419
9184 17 1661
9185 7 684
9187 42 4105
9189 21 2053
9193 5 489
9194 21 2054
9195 17 1663
9198 7 685
9200 42 4111
9203 21 2056
9205 14 1371
9206 17 1665
9209 35 3429
9211 1 98
9214 42 4117
9216 21 2059
9217 35 3432
9220 35 3433
9222 35 3434
9223 17 1668
9225 7 687
9227 6 589
9228 35 3436
9232 14 1375
9233 35 3438
9234 17 1670
9236 35 3439
9238 7 688
9241 42 4129
9243 3 295
9244 35 3442
9245 17 1672
9249 5 492
9250 42 4133
9252 7 689
9254 42 4135
9256 17 1674
9260 35 3448
9261 21 2069
9263 35 3449
9265 7 690
9267 17 1676
9270 21 2071
9271 35 3452
9272 14 1381
9276 35 3454
9278 17 1678
9279 7 691
9281 42 4147
9283 21 2074
9287 5 494
9288 21 2075
9289 17 1680
9292 7 692
9294 42 4153
9297 21 2077
9299 14 1385
9300 17 1682
9303 35 3464
9305 1 99
9308 42 4159
9310 21 2080
9311 35 3467
9314 35 3468
9316 35 3469
9317 17 1685
9319 7 694
9321 6 595
9322 35 3471
9326 14 1389
9327 35 3473
9328 17 1687
9330 35 3474
9332 7 695
9335 42 4171
9337 3 298
9338 35 3477
9339 17 1689
9343 5 497
9344 42 4175
9346 7 696
9348 42 4177
9350 17 1691
9354 35 3483
9355 21 2090
9357 35 3484
9359 7 697
9361 17 1693
9364 21 2092
9365 35 3487
9366 14 1395
9370 35 3489
9372 17 1695
9373 7 698
9375 42 4189
9377 21 2095
9381 5 499
9382 21 2096
9383 17 1697
9386 7 699
9388 42 4195
9391 21 2098
9393 14 1399
9394 17 1699
9397 35 3499
9399 1 100
9402 42 4201
9404 21 2101
9405 35 3502
9408 35 3503
9410 35 3504
9411 17 1702
9413 7 701
9415 6 601
9416 35 3506
9420 14 1403
9421 35 3508
9422 17 1704
9424 35 3509
9426 7 702
9429 42 4213
9431 3 301
9432 35 3512
9433 17 1706
9437 5 502
9438 42 4217
9440 7 703
9442 42 4219
9444 17 1708
9448 35 3518
9449 21 2111
9451 35 3519
9453 7 704
9455 17 1710
9458 21 2113
9459 35 3522
9460 14 1409
9464 35 3524
9466 17 1712
9467 7 705
9469 42 4231
9471 21 2116
9475 5 504
9476 21 2117
9477 17 1714
9480 7 706
9482 42 4237
9485 21 2119
9487 14 1413
9488 17 1716
9491 35 3534
9493 1 101
9496 42 4243
9498 21 2122
9499 35 3537
9502 35 3538
9504 35 3539
9505 17 1719
9507 7 708
9509 6 607
9510 35 3541
9514 14 1417
9515 35 3543
9516 17 1721
9518 35 3544
9520 7 709
9523 42 4255
9525 3 304
9526 35 3547
9527 17 1723
9531 5 507
9532 42 4259
9534 7 710
9536 42 4261
9538 17 1725
9542 35 3553
9543 21 2132
9545 35 3554
9547 7 711
9549 17 1727
9552 21 2134
9553 35 3557
9554 14 1423
9558 35 3559
9560 17 1729
9561 7 712
9563 42 4273
9565 21 2137
9569 5 509
9570 21 2138
9571 17 1731
9574 7 713
9576 42 4279
9579 21 2140
9581 14 1427
9582 17 1733
9585 35 3569
9587 1 102
9590 42 4285
9592 21 2143
9593 35 3572
9596 35 3573
9598 35 3574
9599 17 1736
9601 7 715
9603 6 613
9604 35 3576
9608 14 1431
9609 35 3578
9610 17 1738
9612 35 3579
9614 7 716
9617 42 4297
9619 3 307
9620 35 3582
9621 17 1740
9625 5 512
9626 42 4301
9628 7 717
9630 42 4303
9632 17 1742
9636 35 3588
9637 21 2153
9639 35 3589
9641 7 718
9643 17 1744
9646 21 2155
9647 35 3592
9648 14 1437
9652 35 3594
9654 17 1746
9655 7 719
9657 42 4315
9659 21 2158
9663 5 514
9664 21 2159
9665 17 1748
9668 7 720
9670 42 4321
9673 21 2161
9675 14 1441
9676 17 1750
9679 35 3604
9681 1 103
9684 42 4327
9686 21 2164
9687 35 3607
9690 35 3608
9692 35 3609
9693 17 1753
9695 7 722
9697 6 619
9698 35 3611
9702 14 1445
9703 35 3613
9704 17 1755
9706 35 3614
9708 7 723
9711 42 4339
9713 3 310
9714 35 3617
9715 17 1757
9719 5 517
9720 42 4343
9722 7 724
9724 42 4345
9726 17 1759
9730 35 3623
9731 21 2174
9733 35 3624
9735 7 725
9737 17 1761
9740 21 2176
9741 35 3627
9742 14 1451
9746 35 3629
9748 17 1763
9749 7 726
9751 42 4357
9753 21 2179
9757 5 519
9758 21 2180
9759 17 1765
9762 7 727
9764 42 4363
9767 21 2182
9769 14 1455
9770 17 1767
9773 35 3639
9775 1 104
9778 42 4369
9780 21 2185
9781 35 3642
9784 35 3643
9786 35 3644
9787 17 1770
9789 7 729
9791 6 625
9792 35 3646
9796 14 1459
9797 35 3648
9798 17 1772
9800 35 3649
9802 7 730
9805 42 4381
9807 3 313
9808 35 3652
9809 17 1774
9813 5 522
9814 42 4385
9816 7 731
9818 42 4387
9820 17 1776
9824 35 3658
9825 21 2195
9827 35 3659
9829 7 732
9831 17 1778
9834 21 2197
9835 35 3662
9836 14 1465
9840 35 3664
9842 17 1780
9843 7 733
9845 42 4399
9847 21 2200
9851 5 524
9852 21 2201
9853 17 1782
9856 7 734
9858 42 4405
9861 21 2203
9863 14 1469
9864 17 1784
9867 35 3674
9869 1 105
9872 42 4411
9874 21 2206
9875 35 3677
9878 35 3678
9880 35 3679
9881 17 1787
9883 7 736
9885 6 631
9886 35 3681
9890 14 1473
9891 35 3683
9892 17 1789
9894 35 3684
9896 7 737
9899 42 4423
9901 3 316
9902 35 3687
9903 17 1791
9907 5 527
9908 42 4427
9910 7 738
9912 42 4429
9914 17 1793
9918 35 3693
9919 21 2216
9921 35 3694
9923 7 739
9925 17 1795
9928 21 2218
9929 35 3697
9930 14 1479
9934 35 3699
9936 17 1797
9937 7 740
9939 42 4441
9941 21 2221
9945 5 529
9946 21 2222
9947 17 1799
9950 7 741
9952 42 4447
9955 21 2224
9957 14 1483
9958 17 1801
9961 35 3709
9963 1 106
9966 42 4453
9968 21 2227
9969 35 3712
9972 35 3713
9974 35 3714
9975 17 1804
9977 7 743
9979 6 637
9980 35 3716
9984 14 1487
9985 35 3718
9986 17 1806
9988 35 3719
9990 7 744
9993 42 4465
9995 3 319
9996 35 3722
9997 17 1808
10001 5 532
10002 42 4469
10004 7 745
10006 42 4471
10008 17 1810
10012 35 3728
10013 21 2237
10015 35 3729
10017 7 746
10019 17 1812
10022 21 2239
10023 35 3732
10024 14 1493
10028 35 3734
10030 17 1814
10031 7 747
10033 42 4483
10035 21 2242
10039 5 534
10040 21 2243
10041 17 1816
10044 7 748
10046 42 4489
10049 21 2245
10051 14 1497
10052 17 1818
10055 35 3744
10057 1 107
10060 42 4495
10062 21 2248
10063 35 3747
10066 35 3748
10068 35 3749
10069 17 1821
10071 7 750
10073 6 643
10074 35 3751
10078 14 1501
10079 35 3753
10080 17 1823
10082 35 3754
10084 7 751
10087 42 4507
10089 3 322
10090 35 3757
10091 17 1825
10095 5 537
10096 42 4511
10098 7 752
10100 42 4513
10102 17 1827
10106 35 3763
10107 21 2258
10109 35 3764
10111 7 753
10113 17 1829
10116 21 2260
10117 35 3767
10118 14 1507
10122 35 3769
10124 17 1831
10125 7 754
10127 42 4525
10129 21 2263
10133 5 539
10134 21 2264
10135 17 1833
10138 7 755
10140 42 4531
10143 21 2266
10145 14 1511
10146 17 1835
10149 35 3779
10151 1 108
10154 42 4537
10156 21 2269
10157 35 3782
10160 35 3783
10162 35 3784
10163 17 1838
10165 7 757
10167 6 649
10168 35 3786
10172 14 1515
10173 35 3788
10174 17 1840
10176 35 3789
10178 7 758
10181 42 4549
10183 3 325
10184 35 3792
10185 17 1842
10189 5 542
10190 42 4553
10192 7 759
10194 42 4555
10196 17 1844
10200 35 3798
10201 21 2279
10203 35 3799
10205 7 760
10207 17 1846
10210 21 2281
10211 35 3802
10212 14 1521
10216 35 3804
10218 17 1848
10219 7 761
10221 42 4567
10223 21 2284
10227 5 544
10228 21 2285
10229 17 1850
10232 7 762
10234 42 4573
10237 21 2287
10239 14 1525
10240 17 1852
10243 35 3814
10245 1 109
10248 42 4579
10250 21 2290
10251 35 3817
10254 35 3818
10256 35 3819
10257 17 1855
10259 7 764
10261 6 655
10262 35 3821
10266 14 1529
10267 35 3823
10268 17 1857
10270 35 3824
10272 7 765
10275 42 4591
10277 3 328
10278 35 3827
10279 17 1859
10283 5 547
10284 42 4595
10286 7 766
10288 42 4597
10290 17 1861
10294 35 3833
10295 21 2300
10297 35 3834
10299 7 767
10301 17 1863
10304 21 2302
10305 35 3837
10306 14 1535
10310 35 3839
10312 17 1865
10313 7 768
10315 42 4609
10317 21 2305
10321 5 549
10322 21 2306
10323 17 1867
10326 7 769
10328 42 4615
10331 21 2308
10333 14 1539
10334 17 1869
10337 35 3849
10339 1 110
10342 42 4621
10344 21 2311
10345 35 3852
10348 35 3853
10350 35 3854
10351 17 1872
10353 7 771
10355 6 661
10356 35 3856
10360 14 1543
10361 35 3858
10362 17 1874
10364 35 3859
10366 7 772
10369 42 4633
10371 3 331
10372 35 3862
10373 17 1876
10377 5 552
10378 42 4637
10380 7 773
10382 42 4639
10384 17 1878
10388 35 3868
10389 21 2321
10391 35 3869
10393 7 774
10395 17 1880
10398 21 2323
10399 35 3872
10400 14 1549
10404 35 3874
10406 17 1882
10407 7 775
10409 42 4651
10411 21 2326
10415 5 554
10416 21 2327
10417 17 1884
10420 7 776
10422 42 4657
10425 21 2329
10427 14 1553
10428 17 1886
10431 35 3884
10433 1 111
10436 42 4663
10438 21 2332
10439 35 3887
10442 35 3888
10444 35 3889
10445 17 1889
10447 7 778
10449 6 667
10450 35 3891
10454 14 1557
10455 35 3893
10456 17 1891
10458 35 3894
10460 7 779
10463 42 4675
10465 3 334
10466 35 3897
10467 17 1893
10471 5 557
10472 42 4679
10474 7 780
10476 42 4681
10478 17 1895
10482 35 3903
10483 21 2342
10485 35 3904
10487 7 781
10489 17 1897
10492 21 2344
10493 35 3907
10494 14 1563
10498 35 3909
10500 17 1899
10501 7 782
10503 42 4693
10505 21 2347
10509 5 559
10510 21 2348
10511 17 1901
10514 7 783
10516 42 4699
10519 21 2350
10521 14 1567
10522 17 1903
10525 35 3919
10527 1 112
10530 42 4705
10532 21 2353
10533 35 3922
10536 35 3923
10538 35 3924
10539 17 1906
10541 7 785
10543 6 673
10544 35 3926
10548 14 1571
10549 35 3928
10550 17 1908
10552 35 3929
10554 7 786
10557 42 4717
10559 3 337
10560 35 3932
10561 17 1910
10565 5 562
10566 42 4721
10568 7 787
10570 42 4723
10572 17 1912
10576 35 3938
10577 21 2363
10579 35 3939
10581 7 788
10583 17 1914
10586 21 2365
10587 35 3942
10588 14 1577
10592 35 3944
10594 17 1916
10595 7 789
10597 42 4735
10599 21 2368
10603 5 564
10604 21 2369
10605 17 1918
10608 7 790
10610 42 4741
10613 21 2371
10615 14 1581
10616 17 1920
10619 35 3954
10621 1 113
10624 42 4747
10626 21 2374
10627 35 3957
10630 35 3958
10632 35 3959
10633 17 1923
10635 7 792
10637 6 679
10638 35 3961
10642 14 1585
10643 35 3963
10644 17 1925
10646 35 3964
10648 7 793
10651 42 4759
10653 3 340
10654 35 3967
10655 17 1927
10659 5 567
10660 42 4763
10662 7 794
10664 42 4765
10666 17 1929
10670 35 3973
10671 21 2384
10673 35 3974
10675 7 795
10677 17 1931
10680 21 2386
10681 35 3977
10682 14 1591
10686 35 3979
10688 17 1933
10689 7 796
10691 42 4777
10693 21 2389
10697 5 569
10698 21 2390
10699 17 1935
10702 7 797
10704 42 4783
10707 21 2392
10709 14 1595
10710 17 1937
10713 35 3989
10715 1 114
10718 42 4789
10720 21 2395
10721 35 3992
10724 35 3993
10726 35 3994
10727 17 1940
10729 7 799
10731 6 685
10732 35 3996
10736 14 1599
10737 35 3998
10738 17 1942
10740 35 3999
10742 7 800
10745 42 4801
10747 3 343
10748 35 4002
10749 17 1944
10753 5 572
10754 42 4805
10756 7 801
10758 42 4807
10760 17 1946
10764 35 4008
10765 21 2405
10767 35 4009
10769 7 802
10771 17 1948
10774 21 2407
10775 35 4012
10776 14 1605
10780 35 4014
10782 17 1950
10783 7 803
10785 42 4819
10787 21 2410
10791 5 574
10792 21 2411
10793 17 1952
10796 7 804
10798 42 4825
10801 21 2413
10803 14 1609
10804 17 1954
10807 35 4024
10809 1 115
10812 42 4831
10814 21 2416
10815 35 4027
10818 35 4028
10820 35 4029
10821 17 1957
10823 7 806
10825 6 691
10826 35 4031
10830 14 1613
10831 35 4033
10832 17 1959
10834 35 4034
10836 7 807
10839 42 4843
10841 3 346
10842 35 4037
10843 17 1961
10847 5 577
10848 42 4847
10850 7 808
10852 42 4849
10854 17 1963
10858 35 4043
10859 21 2426
10861 35 4044
10863 7 809
10865 17 1965
10868 21 2428
10869 35 4047
10870 14 1619
10874 35 4049
10876 17 1967
10877 7 810
10879 42 4861
10881 21 2431
10885 5 579
10886 21 2432
10887 17 1969
10890 7 811
10892 42 4867
10895 21 2434
10897 14 1623
10898 17 1971
10901 35 4059
10903 1 116
10906 42 4873
10908 21 2437
10909 35 4062
10912 35 4063
10914 35 4064
10915 17 1974
10917 7 813
10919 6 697
10920 35 4066
10924 14 1627
10925 35 4068
10926 17 1976
10928 35 4069
10930 7 814
10933 42 4885
10935 3 349
10936 35 4072
10937 17 1978
10941 5 582
10942 42 4889
10944 7 815
10946 42 4891
10948 17 1980
10952 35 4078
10953 21 2447
10955 35 4079
10957 7 816
10959 17 1982
10962 21 2449
10963 35 4082
10964 14 1633
10968 35 4084
10970 17 1984
10971 7 817
10973 42 4903
10975 21 2452
10979 5 584
10980 21 2453
10981 17 1986
10984 7 818
10986 42 4909
10989 21 2455
10991 14 1637
10992 17 1988
10995 35 4094
10997 1 117
11000 42 4915
11002 21 2458
11003 35 4097
11006 35 4098
11008 35 4099
11009 17 1991
11011 7 820
11013 6 703
11014 35 4101
11018 14 1641
11019 35 4103
11020 17 1993
11022 35 4104
11024 7 821
11027 42 4927
11029 3 352
11030 35 4107
11031 17 1995
11035 5 587
11036 42 4931
11038 7 822
11040 42 4933
11042 17 1997
11046 35 4113
11047 21 2468
11049 35 4114
11051 7 823
11053 17 1999
11056 21 2470
11057 35 4117
11058 14 1647
11062 35 4119
11064 17 2001
11065 7 824
11067 42 4945
11069 21 2473
11073 5 589
11074 21 2474
11075 17 2003
11078 7 825
11080 42 4951
11083 21 2476
11085 14 1651
11086 17 2005
11089 35 4129
11091 1 118
11094 42 4957
11096 21 2479
11097 35 4132
11100 35 4133
11102 35 4134
11103 17 2008
11105 7 827
11107 6 709
11108 35 4136
11112 14 1655
11113 35 4138
11114 17 2010
11116 35 4139
11118 7 828
11121 42 4969
11123 3 355
11124 35 4142
11125 17 2012
11129 5 592
11130 42 4973
11132 7 829
11134 42 4975
11136 17 2014
11140 35 4148
11141 21 2489
11143 35 4149
11145 7 830
11147 17 2016
11150 21 2491
11151 35 4152
11152 14 1661
11156 35 4154
11158 17 2018
11159 7 831
11161 42 4987
11163 21 2494
11167 5 594
11168 21 2495
11169 17 2020
11172 7 832
11174 42 4993
11177 21 2497
11179 14 1665
11180 17 2022
11183 35 4164
11185 1 119
11188 42 4999
11190 21 2500
11191 35 4167
11194 35 4168
11196 35 4169
11197 17 2025
11199 7 834
11201 6 715
11202 35 4171
11206 14 1669
11207 35 4173
11208 17 2027
11210 35 4174
11212 7 835
11215 42 5011
11217 3 358
11218 35 4177
11219 17 2029
11223 5 597
11224 42 5015
11226 7 836
11228 42 5017
11230 17 2031
11234 35 4183
11235 21 2510
11237 35 4184
11239 7 837
11241 17 2033
11244 21 2512
11245 35 4187
11246 14 1675
11250 35 4189
11252 17 2035
11253 7 838
11255 42 5029
11257 21 2515
11261 5 599
11262 21 2516
11263 17 2037
11266 7 839
11268 42 5035
11271 21 2518
11273 14 1679
11274 17 2039
11277 35 4199
11279 1 120
11282 42 5041
11284 21 2521
11285 35 4202
11288 35 4203
11290 35 4204
11291 17 2042
11293 7 841
11295 6 721
11296 35 4206
11300 14 1683
11301 35 4208
11302 17 2044
11304 35 4209
11306 7 842
11309 42 5053
11311 3 361
11312 35 4212
11313 17 2046
11317 5 602
11318 42 5057
11320 7 843
11322 42 5059
11324 17 2048
11328 35 4218
11329 21 2531
11331 35 4219
11333 7 844
11335 17 2050
11338 21 2533
11339 35 4222
11340 14 1689
11344 35 4224
11346 17 2052
11347 7 845
11349 42 5071
11351 21 2536
11355 5 604
11356 21 2537
11357 17 2054
11360 7 846
11362 42 5077
11365 21 2539
11367 14 1693
11368 17 2056
11371 35 4234
11373 1 121
11376 42 5083
11378 21 2542
11379 35 4237
11382 35 4238
11384 35 4239
11385 17 2059
11387 7 848
11389 6 727
11390 35 4241
11394 14 1697
11395 35 4243
11396 17 2061
11398 35 4244
11400 7 849
11403 42 5095
11405 3 364
11406 35 4247
11407 17 2063
11411 5 607
11412 42 5099
11414 7 850
11416 42 5101
11418 17 2065
11422 35 4253
11423 21 2552
11425 35 4254
11427 7 851
11429 17 2067
11432 21 2554
11433 35 4257
11434 14 1703
11438 35 4259
11440 17 2069
11441 7 852
11443 42 5113
11445 21 2557
11449 5 609
11450 21 2558
11451 17 2071
11454 7 853
11456 42 5119
11459 21 2560
11461 14 1707
11462 17 2073
11465 35 4269
11467 1 122
11470 42 5125
11472 21 2563
11473 35 4272
11476 35 4273
11478 35 4274
11479 17 2076
11481 7 855
11483 6 733
11484 35 4276
11488 14 1711
11489 35 4278
11490 17 2078
11492 35 4279
11494 7 856
11497 42 5137
11499 3 367
11500 35 4282
11501 17 2080
11505 5 612
11506 42 5141
11508 7 857
11510 42 5143
11512 17 2082
11516 35 4288
11517 21 2573
11519 35 4289
11521 7 858
11523 17 2084
11526 21 2575
11527 35 4292
11528 14 1717
11532 35 4294
11534 17 2086
11535 7 859
11537 42 5155
11539 21 2578
11543 5 614
11544 21 2579
11545 17 2088
11548 7 860
11550 42 5161
11553 21 2581
11555 14 1721
11556 17 2090
11559 35 4304
11561 1 123
11564 42 5167
11566 21 2584
11567 35 4307
11570 35 4308
11572 35 4309
11573 17 2093
11575 7 862
11577 6 739
11578 35 4311
11582 14 1725
11583 35 4313
11584 17 2095
11586 35 4314
11588 7 863
11591 42 5179
11593 3 370
11594 35 4317
11595 17 2097
11599 5 617
11600 42 5183
11602 7 864
11604 42 5185
11606 17 2099
11610 35 4323
11611 21 2594
11613 35 4324
11615 7 865
11617 17 2101
11620 21 2596
11621 35 4327
11622 14 1731
11626 35 4329
11628 17 2103
11629 7 866
11631 42 5197
11633 21 2599
11637 5 619
11638 21 2600
11639 17 2105
11642 7 867
11644 42 5203
11647 21 2602
11649 14 1735
11650 17 2107
11653 35 4339
11655 1 124
11658 42 5209
11660 21 2605
11661 35 4342
11664 35 4343
11666 35 4344
11667 17 2110
11669 7 869
11671 6 745
11672 35 4346
11676 14 1739
11677 35 4348
11678 17 2112
11680 35 4349
11682 7 870
11685 42 5221
11687 3 373
11688 35 4352
11689 17 2114
11693 5 622
11694 42 5225
11696 7 871
11698 42 5227
11700 17 2116
11704 35 4358
11705 21 2615
11707 35 4359
11709 7 872
11711 17 2118
11714 21 2617
11715 35 4362
11716 14 1745
11720 35 4364
11722 17 2120
11723 7 873
11725 42 5239
11727 21 2620
11731 5 624
11732 21 2621
11733 17 2122
11736 7 874
11738 42 5245
11741 21 2623
11743 14 1749
11744 17 2124
11747 35 4374
11749 1 125
11752 42 5251
11754 21 2626
11755 35 4377
11758 35 4378
11760 35 4379
11761 17 2127
11763 7 876
11765 6 751
11766 35 4381
11770 14 1753
11771 35 4383
11772 17 2129
11774 35 4384
11776 7 877
11779 42 5263
11781 3 376
11782 35 4387
11783 17 2131
11787 5 627
11788 42 5267
11790 7 878
11792 42 5269
11794 17 2133
11798 35 4393
11799 21 2636
11801 35 4394
11803 7 879
11805 17 2135
11808 21 2638
11809 35 4397
11810 14 1759
11814 35 4399
11816 17 2137
11817 7 880
11819 42 5281
11821 21 2641
11825 5 629
11826 21 2642
11827 17 2139
11830 7 881
11832 42 5287
11835 21 2644
11837 14 1763
11838 17 2141
11841 35 4409
11843 1 126
11846 42 5293
11848 21 2647
11849 35 4412
11852 35 4413
11854 35 4414
11855 17 2144
11857 7 883
11859 6 757
11860 35 4416
11864 14 1767
11865 35 4418
11866 17 2146
11868 35 4419
11870 7 884
11873 42 5305
11875 3 379
11876 35 4422
11877 17 2148
11881 5 632
11882 42 5309
11884 7 885
11886 42 5311
11888 17 2150
11892 35 4428
11893 21 2657
11895 35 4429
11897 7 886
11899 17 2152
11902 21 2659
11903 35 4432
11904 14 1773
11908 35 4434
11910 17 2154
11911 7 887
11913 42 5323
11915 21 2662
11919 5 634
11920 21 2663
11921 17 2156
11924 7 888
11926 42 5329
11929 21 2665
11931 14 1777
11932 17 2158
11935 35 4444
11937 1 127
11940 42 5335
11942 21 2668
11943 35 4447
11946 35 4448
11948 35 4449
11949 17 2161
11951 7 890
11953 6 763
11954 35 4451
11958 14 1781
11959 35 4453
11960 17 2163
11962 35 4454
11964 7 891
11967 42 5347
11969 3 382
11970 35 4457
11971 17 2165
11975 5 637
11976 42 5351
11978 7 892
11980 42 5353
11982 17 2167
11986 35 4463
11987 21 2678
11989 35 4464
11991 7 893
11993 17 2169
11996 21 2680
11997 35 4467
11998 14 1787
12002 35 4469
12004 17 2171
12005 7 894
12007 42 5365
12009 21 2683
12013 5 639
12014 21 2684
12015 17 2173
12018 7 895
12020 42 5371
12023 21 2686
12025 14 1791
12026 17 2175
12029 35 4479
12031 1 128
12034 42 5377
12036 21 2689
12037 35 4482
12040 35 4483
12042 35 4484
12043 17 2178
12045 7 897
12047 6 769
12048 35 4486
12052 14 1795
12053 35 4488
12054 17 2180
12056 35 4489
12058 7 898
12061 42 5389
12063 3 385
12064 35 4492
12065 17 2182
12069 5 642
12070 42 5393
12072 7 899
12074 42 5395
12076 17 2184
12080 35 4498
12081 21 2699
12083 35 4499
12085 7 900
12087 17 2186
12090 21 2701
12091 35 4502
12092 14 1801
12096 35 4504
12098 17 2188
12099 7 901
12101 42 5407
12103 21 2704
12107 5 644
12108 21 2705
12109 17 2190
12112 7 902
12114 42 5413
12117 21 2707
12119 14 1805
12120 17 2192
12123 35 4514
12125 1 129
