4902 95 100000000 5753 1000
3 28 1
9 48 5
13 7 1
19 24 5
23 4 1
27 7 2
29 16 5
33 48 17
37 28 11
39 12 5
43 24 11
44 28 13
47 2 1
49 48 25
53 16 9
54 7 4
57 48 29
59 8 5
61 14 9
63 3 2
64 28 19
67 24 17
69 48 35
71 4 3
73 48 37
74 14 11
77 16 13
78 28 23
79 6 5
81 48 41
83 8 7
84 28 25
87 12 11
88 14 13
89 16 15
91 24 23
93 48 47
94 1 1
98 28 29
104 48 53
108 7 8
114 24 29
118 4 5
122 7 9
124 16 21
128 48 65
132 28 39
134 12 17
138 24 35
139 28 41
142 2 3
144 48 73
148 16 25
149 7 11
152 48 77
154 8 13
156 14 23
158 3 5
159 28 47
162 24 41
164 48 83
166 4 7
168 48 85
169 14 25
172 16 29
173 28 51
174 6 11
176 48 89
178 8 15
179 28 53
182 12 23
183 14 27
184 16 31
186 24 47
188 48 95
189 1 2
193 28 57
199 48 101
203 7 15
209 24 53
213 4 9
217 7 16
219 16 37
223 48 113
227 28 67
229 12 29
233 24 59
234 28 69
237 2 5
239 48 121
243 16 41
244 7 18
247 48 125
249 8 21
251 14 37
253 3 8
254 28 75
257 24 65
259 48 131
261 4 11
263 48 133
264 14 39
267 16 45
268 28 79
269 6 17
271 48 137
273 8 23
274 28 81
277 12 35
278 14 41
279 16 47
281 24 71
283 48 143
284 1 3
288 28 85
294 48 149
298 7 22
304 24 77
308 4 13
312 7 23
314 16 53
318 48 161
322 28 95
324 12 41
328 24 83
329 28 97
332 2 7
334 48 169
338 16 57
339 7 25
342 48 173
344 8 29
346 14 51
348 3 11
349 28 103
352 24 89
354 48 179
356 4 15
358 48 181
359 14 53
362 16 61
363 28 107
364 6 23
366 48 185
368 8 31
369 28 109
372 12 47
373 14 55
374 16 63
376 24 95
378 48 191
379 1 4
383 28 113
389 48 197
393 7 29
399 24 101
403 4 17
407 7 30
409 16 69
413 48 209
417 28 123
419 12 53
423 24 107
424 28 125
427 2 9
429 48 217
433 16 73
434 7 32
437 48 221
439 8 37
441 14 65
443 3 14
444 28 131
447 24 113
449 48 227
451 4 19
453 48 229
454 14 67
457 16 77
458 28 135
459 6 29
461 48 233
463 8 39
464 28 137
467 12 59
468 14 69
469 16 79
471 24 119
473 48 239
474 1 5
478 28 141
484 48 245
488 7 36
494 24 125
498 4 21
502 7 37
504 16 85
508 48 257
512 28 151
514 12 65
518 24 131
519 28 153
522 2 11
524 48 265
528 16 89
529 7 39
532 48 269
534 8 45
536 14 79
538 3 17
539 28 159
542 24 137
544 48 275
546 4 23
548 48 277
549 14 81
552 16 93
553 28 163
554 6 35
556 48 281
558 8 47
559 28 165
562 12 71
563 14 83
564 16 95
566 24 143
568 48 287
569 1 6
573 28 169
579 48 293
583 7 43
589 24 149
593 4 25
597 7 44
599 16 101
603 48 305
607 28 179
609 12 77
613 24 155
614 28 181
617 2 13
619 48 313
623 16 105
624 7 46
627 48 317
629 8 53
631 14 93
633 3 20
634 28 187
637 24 161
639 48 323
641 4 27
643 48 325
644 14 95
647 16 109
648 28 191
649 6 41
651 48 329
653 8 55
654 28 193
657 12 83
658 14 97
659 16 111
661 24 167
663 48 335
664 1 7
668 28 197
674 48 341
678 7 50
684 24 173
688 4 29
692 7 51
694 16 117
698 48 353
702 28 207
704 12 89
708 24 179
709 28 209
712 2 15
714 48 361
718 16 121
719 7 53
722 48 365
724 8 61
726 14 107
728 3 23
729 28 215
732 24 185
734 48 371
736 4 31
738 48 373
739 14 109
742 16 125
743 28 219
744 6 47
746 48 377
748 8 63
749 28 221
752 12 95
753 14 111
754 16 127
756 24 191
758 48 383
759 1 8
763 28 225
769 48 389
773 7 57
779 24 197
783 4 33
787 7 58
789 16 133
793 48 401
797 28 235
799 12 101
803 24 203
804 28 237
807 2 17
809 48 409
813 16 137
814 7 60
817 48 413
819 8 69
821 14 121
823 3 26
824 28 243
827 24 209
829 48 419
831 4 35
833 48 421
834 14 123
837 16 141
838 28 247
839 6 53
841 48 425
843 8 71
844 28 249
847 12 107
848 14 125
849 16 143
851 24 215
853 48 431
854 1 9
858 28 253
864 48 437
868 7 64
874 24 221
878 4 37
882 7 65
884 16 149
888 48 449
892 28 263
894 12 113
898 24 227
899 28 265
902 2 19
904 48 457
908 16 153
909 7 67
912 48 461
914 8 77
916 14 135
918 3 29
919 28 271
922 24 233
924 48 467
926 4 39
928 48 469
929 14 137
932 16 157
933 28 275
934 6 59
936 48 473
938 8 79
939 28 277
942 12 119
943 14 139
944 16 159
946 24 239
948 48 479
949 1 10
953 28 281
959 48 485
963 7 71
969 24 245
973 4 41
977 7 72
979 16 165
983 48 497
987 28 291
989 12 125
993 24 251
994 28 293
997 2 21
999 48 505
1003 16 169
1004 7 74
1007 48 509
1009 8 85
1011 14 149
1013 3 32
1014 28 299
1017 24 257
1019 48 515
1021 4 43
1023 48 517
1024 14 151
1027 16 173
1028 28 303
1029 6 65
1031 48 521
1033 8 87
1034 28 305
1037 12 131
1038 14 153
1039 16 175
1041 24 263
1043 48 527
1044 1 11
1048 28 309
1054 48 533
1058 7 78
1064 24 269
1068 4 45
1072 7 79
1074 16 181
1078 48 545
1082 28 319
1084 12 137
1088 24 275
1089 28 321
1092 2 23
1094 48 553
1098 16 185
1099 7 81
1102 48 557
1104 8 93
1106 14 163
1108 3 35
1109 28 327
1112 24 281
1114 48 563
1116 4 47
1118 48 565
1119 14 165
1122 16 189
1123 28 331
1124 6 71
1126 48 569
1128 8 95
1129 28 333
1132 12 143
1133 14 167
1134 16 191
1136 24 287
1138 48 575
1139 1 12
1143 28 337
1149 48 581
1153 7 85
1159 24 293
1163 4 49
1167 7 86
1169 16 197
1173 48 593
1177 28 347
1179 12 149
1183 24 299
1184 28 349
1187 2 25
1189 48 601
1193 16 201
1194 7 88
1197 48 605
1199 8 101
1201 14 177
1203 3 38
1204 28 355
1207 24 305
1209 48 611
1211 4 51
1213 48 613
1214 14 179
1217 16 205
1218 28 359
1219 6 77
1221 48 617
1223 8 103
1224 28 361
1227 12 155
1228 14 181
1229 16 207
1231 24 311
1233 48 623
1234 1 13
1238 28 365
1244 48 629
1248 7 92
1254 24 317
1258 4 53
1262 7 93
1264 16 213
1268 48 641
1272 28 375
1274 12 161
1278 24 323
1279 28 377
1282 2 27
1284 48 649
1288 16 217
1289 7 95
1292 48 653
1294 8 109
1296 14 191
1298 3 41
1299 28 383
1302 24 329
1304 48 659
1306 4 55
1308 48 661
1309 14 193
1312 16 221
1313 28 387
1314 6 83
1316 48 665
1318 8 111
1319 28 389
1322 12 167
1323 14 195
1324 16 223
1326 24 335
1328 48 671
1329 1 14
1333 28 393
1339 48 677
1343 7 99
1349 24 341
1353 4 57
1357 7 100
1359 16 229
1363 48 689
1367 28 403
1369 12 173
1373 24 347
1374 28 405
1377 2 29
1379 48 697
1383 16 233
1384 7 102
1387 48 701
1389 8 117
1391 14 205
1393 3 44
1394 28 411
1397 24 353
1399 48 707
1401 4 59
1403 48 709
1404 14 207
1407 16 237
1408 28 415
1409 6 89
1411 48 713
1413 8 119
1414 28 417
1417 12 179
1418 14 209
1419 16 239
1421 24 359
1423 48 719
1424 1 15
1428 28 421
1434 48 725
1438 7 106
1444 24 365
1448 4 61
1452 7 107
1454 16 245
1458 48 737
1462 28 431
1464 12 185
1468 24 371
1469 28 433
1472 2 31
1474 48 745
1478 16 249
1479 7 109
1482 48 749
1484 8 125
1486 14 219
1488 3 47
1489 28 439
1492 24 377
1494 48 755
1496 4 63
1498 48 757
1499 14 221
1502 16 253
1503 28 443
1504 6 95
1506 48 761
1508 8 127
1509 28 445
1512 12 191
1513 14 223
1514 16 255
1516 24 383
1518 48 767
1519 1 16
1523 28 449
1529 48 773
1533 7 113
1539 24 389
1543 4 65
1547 7 114
1549 16 261
1553 48 785
1557 28 459
1559 12 197
1563 24 395
1564 28 461
1567 2 33
1569 48 793
1573 16 265
1574 7 116
1577 48 797
1579 8 133
1581 14 233
1583 3 50
1584 28 467
1587 24 401
1589 48 803
1591 4 67
1593 48 805
1594 14 235
1597 16 269
1598 28 471
1599 6 101
1601 48 809
1603 8 135
1604 28 473
1607 12 203
1608 14 237
1609 16 271
1611 24 407
1613 48 815
1614 1 17
1618 28 477
1624 48 821
1628 7 120
1634 24 413
1638 4 69
1642 7 121
1644 16 277
1648 48 833
1652 28 487
1654 12 209
1658 24 419
1659 28 489
1662 2 35
1664 48 841
1668 16 281
1669 7 123
1672 48 845
1674 8 141
1676 14 247
1678 3 53
1679 28 495
1682 24 425
1684 48 851
1686 4 71
1688 48 853
1689 14 249
1692 16 285
1693 28 499
1694 6 107
1696 48 857
1698 8 143
1699 28 501
1702 12 215
1703 14 251
1704 16 287
1706 24 431
1708 48 863
1709 1 18
1713 28 505
1719 48 869
1723 7 127
1729 24 437
1733 4 73
1737 7 128
1739 16 293
1743 48 881
1747 28 515
1749 12 221
1753 24 443
1754 28 517
1757 2 37
1759 48 889
1763 16 297
1764 7 130
1767 48 893
1769 8 149
1771 14 261
1773 3 56
1774 28 523
1777 24 449
1779 48 899
1781 4 75
1783 48 901
1784 14 263
1787 16 301
1788 28 527
1789 6 113
1791 48 905
1793 8 151
1794 28 529
1797 12 227
1798 14 265
1799 16 303
1801 24 455
1803 48 911
1804 1 19
1808 28 533
1814 48 917
1818 7 134
1824 24 461
1828 4 77
1832 7 135
1834 16 309
1838 48 929
1842 28 543
1844 12 233
1848 24 467
1849 28 545
1852 2 39
1854 48 937
1858 16 313
1859 7 137
1862 48 941
1864 8 157
1866 14 275
1868 3 59
1869 28 551
1872 24 473
1874 48 947
1876 4 79
1878 48 949
1879 14 277
1882 16 317
1883 28 555
1884 6 119
1886 48 953
1888 8 159
1889 28 557
1892 12 239
1893 14 279
1894 16 319
1896 24 479
1898 48 959
1899 1 20
1903 28 561
1909 48 965
1913 7 141
1919 24 485
1923 4 81
1927 7 142
1929 16 325
1933 48 977
1937 28 571
1939 12 245
1943 24 491
1944 28 573
1947 2 41
1949 48 985
1953 16 329
1954 7 144
1957 48 989
1959 8 165
1961 14 289
1963 3 62
1964 28 579
1967 24 497
1969 48 995
1971 4 83
1973 48 997
1974 14 291
1977 16 333
1978 28 583
1979 6 125
1981 48 1001
1983 8 167
1984 28 585
1987 12 251
1988 14 293
1989 16 335
1991 24 503
1993 48 1007
1994 1 21
1998 28 589
2004 48 1013
2008 7 148
2014 24 509
2018 4 85
2022 7 149
2024 16 341
2028 48 1025
2032 28 599
2034 12 257
2038 24 515
2039 28 601
2042 2 43
2044 48 1033
2048 16 345
2049 7 151
2052 48 1037
2054 8 173
2056 14 303
2058 3 65
2059 28 607
2062 24 521
2064 48 1043
2066 4 87
2068 48 1045
2069 14 305
2072 16 349
2073 28 611
2074 6 131
2076 48 1049
2078 8 175
2079 28 613
2082 12 263
2083 14 307
2084 16 351
2086 24 527
2088 48 1055
2089 1 22
2093 28 617
2099 48 1061
2103 7 155
2109 24 533
2113 4 89
2117 7 156
2119 16 357
2123 48 1073
2127 28 627
2129 12 269
2133 24 539
2134 28 629
2137 2 45
2139 48 1081
2143 16 361
2144 7 158
2147 48 1085
2149 8 181
2151 14 317
2153 3 68
2154 28 635
2157 24 545
2159 48 1091
2161 4 91
2163 48 1093
2164 14 319
2167 16 365
2168 28 639
2169 6 137
2171 48 1097
2173 8 183
2174 28 641
2177 12 275
2178 14 321
2179 16 367
2181 24 551
2183 48 1103
2184 1 23
2188 28 645
2194 48 1109
2198 7 162
2204 24 557
2208 4 93
2212 7 163
2214 16 373
2218 48 1121
2222 28 655
2224 12 281
2228 24 563
2229 28 657
2232 2 47
2234 48 1129
2238 16 377
2239 7 165
2242 48 1133
2244 8 189
2246 14 331
2248 3 71
2249 28 663
2252 24 569
2254 48 1139
2256 4 95
2258 48 1141
2259 14 333
2262 16 381
2263 28 667
2264 6 143
2266 48 1145
2268 8 191
2269 28 669
2272 12 287
2273 14 335
2274 16 383
2276 24 575
2278 48 1151
2279 1 24
2283 28 673
2289 48 1157
2293 7 169
2299 24 581
2303 4 97
2307 7 170
2309 16 389
2313 48 1169
2317 28 683
2319 12 293
2323 24 587
2324 28 685
2327 2 49
2329 48 1177
2333 16 393
2334 7 172
2337 48 1181
2339 8 197
2341 14 345
2343 3 74
2344 28 691
2347 24 593
2349 48 1187
2351 4 99
2353 48 1189
2354 14 347
2357 16 397
2358 28 695
2359 6 149
2361 48 1193
2363 8 199
2364 28 697
2367 12 299
2368 14 349
2369 16 399
2371 24 599
2373 48 1199
2374 1 25
2378 28 701
2384 48 1205
2388 7 176
2394 24 605
2398 4 101
2402 7 177
2404 16 405
2408 48 1217
2412 28 711
2414 12 305
2418 24 611
2419 28 713
2422 2 51
2424 48 1225
2428 16 409
2429 7 179
2432 48 1229
2434 8 205
2436 14 359
2438 3 77
2439 28 719
2442 24 617
2444 48 1235
2446 4 103
2448 48 1237
2449 14 361
2452 16 413
2453 28 723
2454 6 155
2456 48 1241
2458 8 207
2459 28 725
2462 12 311
2463 14 363
2464 16 415
2466 24 623
2468 48 1247
2469 1 26
2473 28 729
2479 48 1253
2483 7 183
2489 24 629
2493 4 105
2497 7 184
2499 16 421
2503 48 1265
2507 28 739
2509 12 317
2513 24 635
2514 28 741
2517 2 53
2519 48 1273
2523 16 425
2524 7 186
2527 48 1277
2529 8 213
2531 14 373
2533 3 80
2534 28 747
2537 24 641
2539 48 1283
2541 4 107
2543 48 1285
2544 14 375
2547 16 429
2548 28 751
2549 6 161
2551 48 1289
2553 8 215
2554 28 753
2557 12 323
2558 14 377
2559 16 431
2561 24 647
2563 48 1295
2564 1 27
2568 28 757
2574 48 1301
2578 7 190
2584 24 653
2588 4 109
2592 7 191
2594 16 437
2598 48 1313
2602 28 767
2604 12 329
2608 24 659
2609 28 769
2612 2 55
2614 48 1321
2618 16 441
2619 7 193
2622 48 1325
2624 8 221
2626 14 387
2628 3 83
2629 28 775
2632 24 665
2634 48 1331
2636 4 111
2638 48 1333
2639 14 389
2642 16 445
2643 28 779
2644 6 167
2646 48 1337
2648 8 223
2649 28 781
2652 12 335
2653 14 391
2654 16 447
2656 24 671
2658 48 1343
2659 1 28
2663 28 785
2669 48 1349
2673 7 197
2679 24 677
2683 4 113
2687 7 198
2689 16 453
2693 48 1361
2697 28 795
2699 12 341
2703 24 683
2704 28 797
2707 2 57
2709 48 1369
2713 16 457
2714 7 200
2717 48 1373
2719 8 229
2721 14 401
2723 3 86
2724 28 803
2727 24 689
2729 48 1379
2731 4 115
2733 48 1381
2734 14 403
2737 16 461
2738 28 807
2739 6 173
2741 48 1385
2743 8 231
2744 28 809
2747 12 347
2748 14 405
2749 16 463
2751 24 695
2753 48 1391
2754 1 29
2758 28 813
2764 48 1397
2768 7 204
2774 24 701
2778 4 117
2782 7 205
2784 16 469
2788 48 1409
2792 28 823
2794 12 353
2798 24 707
2799 28 825
2802 2 59
2804 48 1417
2808 16 473
2809 7 207
2812 48 1421
2814 8 237
2816 14 415
2818 3 89
2819 28 831
2822 24 713
2824 48 1427
2826 4 119
2828 48 1429
2829 14 417
2832 16 477
2833 28 835
2834 6 179
2836 48 1433
2838 8 239
2839 28 837
2842 12 359
2843 14 419
2844 16 479
2846 24 719
2848 48 1439
2849 1 30
2853 28 841
2859 48 1445
2863 7 211
2869 24 725
2873 4 121
2877 7 212
2879 16 485
2883 48 1457
2887 28 851
2889 12 365
2893 24 731
2894 28 853
2897 2 61
2899 48 1465
2903 16 489
2904 7 214
2907 48 1469
2909 8 245
2911 14 429
2913 3 92
2914 28 859
2917 24 737
2919 48 1475
2921 4 123
2923 48 1477
2924 14 431
2927 16 493
2928 28 863
2929 6 185
2931 48 1481
2933 8 247
2934 28 865
2937 12 371
2938 14 433
2939 16 495
2941 24 743
2943 48 1487
2944 1 31
2948 28 869
2954 48 1493
2958 7 218
2964 24 749
2968 4 125
2972 7 219
2974 16 501
2978 48 1505
2982 28 879
2984 12 377
2988 24 755
2989 28 881
2992 2 63
2994 48 1513
2998 16 505
2999 7 221
3002 48 1517
3004 8 253
3006 14 443
3008 3 95
3009 28 887
3012 24 761
3014 48 1523
3016 4 127
3018 48 1525
3019 14 445
3022 16 509
3023 28 891
3024 6 191
3026 48 1529
3028 8 255
3029 28 893
3032 12 383
3033 14 447
3034 16 511
3036 24 767
3038 48 1535
3039 1 32
3043 28 897
3049 48 1541
3053 7 225
3059 24 773
3063 4 129
3067 7 226
3069 16 517
3073 48 1553
3077 28 907
3079 12 389
3083 24 779
3084 28 909
3087 2 65
3089 48 1561
3093 16 521
3094 7 228
3097 48 1565
3099 8 261
3101 14 457
3103 3 98
3104 28 915
3107 24 785
3109 48 1571
3111 4 131
3113 48 1573
3114 14 459
3117 16 525
3118 28 919
3119 6 197
3121 48 1577
3123 8 263
3124 28 921
3127 12 395
3128 14 461
3129 16 527
3131 24 791
3133 48 1583
3134 1 33
3138 28 925
3144 48 1589
3148 7 232
3154 24 797
3158 4 133
3162 7 233
3164 16 533
3168 48 1601
3172 28 935
3174 12 401
3178 24 803
3179 28 937
3182 2 67
3184 48 1609
3188 16 537
3189 7 235
3192 48 1613
3194 8 269
3196 14 471
3198 3 101
3199 28 943
3202 24 809
3204 48 1619
3206 4 135
3208 48 1621
3209 14 473
3212 16 541
3213 28 947
3214 6 203
3216 48 1625
3218 8 271
3219 28 949
3222 12 407
3223 14 475
3224 16 543
3226 24 815
3228 48 1631
3229 1 34
3233 28 953
3239 48 1637
3243 7 239
3249 24 821
3253 4 137
3257 7 240
3259 16 549
3263 48 1649
3267 28 963
3269 12 413
3273 24 827
3274 28 965
3277 2 69
3279 48 1657
3283 16 553
3284 7 242
3287 48 1661
3289 8 277
3291 14 485
3293 3 104
3294 28 971
3297 24 833
3299 48 1667
3301 4 139
3303 48 1669
3304 14 487
3307 16 557
3308 28 975
3309 6 209
3311 48 1673
3313 8 279
3314 28 977
3317 12 419
3318 14 489
3319 16 559
3321 24 839
3323 48 1679
3324 1 35
3328 28 981
3334 48 1685
3338 7 246
3344 24 845
3348 4 141
3352 7 247
3354 16 565
3358 48 1697
3362 28 991
3364 12 425
3368 24 851
3369 28 993
3372 2 71
3374 48 1705
3378 16 569
3379 7 249
3382 48 1709
3384 8 285
3386 14 499
3388 3 107
3389 28 999
3392 24 857
3394 48 1715
3396 4 143
3398 48 1717
3399 14 501
3402 16 573
3403 28 1003
3404 6 215
3406 48 1721
3408 8 287
3409 28 1005
3412 12 431
3413 14 503
3414 16 575
3416 24 863
3418 48 1727
3419 1 36
3423 28 1009
3429 48 1733
3433 7 253
3439 24 869
3443 4 145
3447 7 254
3449 16 581
3453 48 1745
3457 28 1019
3459 12 437
3463 24 875
3464 28 1021
3467 2 73
3469 48 1753
3473 16 585
3474 7 256
3477 48 1757
3479 8 293
3481 14 513
3483 3 110
3484 28 1027
3487 24 881
3489 48 1763
3491 4 147
3493 48 1765
3494 14 515
3497 16 589
3498 28 1031
3499 6 221
3501 48 1769
3503 8 295
3504 28 1033
3507 12 443
3508 14 517
3509 16 591
3511 24 887
3513 48 1775
3514 1 37
3518 28 1037
3524 48 1781
3528 7 260
3534 24 893
3538 4 149
3542 7 261
3544 16 597
3548 48 1793
3552 28 1047
3554 12 449
3558 24 899
3559 28 1049
3562 2 75
3564 48 1801
3568 16 601
3569 7 263
3572 48 1805
3574 8 301
3576 14 527
3578 3 113
3579 28 1055
3582 24 905
3584 48 1811
3586 4 151
3588 48 1813
3589 14 529
3592 16 605
3593 28 1059
3594 6 227
3596 48 1817
3598 8 303
3599 28 1061
3602 12 455
3603 14 531
3604 16 607
3606 24 911
3608 48 1823
3609 1 38
3613 28 1065
3619 48 1829
3623 7 267
3629 24 917
3633 4 153
3637 7 268
3639 16 613
3643 48 1841
3647 28 1075
3649 12 461
3653 24 923
3654 28 1077
3657 2 77
3659 48 1849
3663 16 617
3664 7 270
3667 48 1853
3669 8 309
3671 14 541
3673 3 116
3674 28 1083
3677 24 929
3679 48 1859
3681 4 155
3683 48 1861
3684 14 543
3687 16 621
3688 28 1087
3689 6 233
3691 48 1865
3693 8 311
3694 28 1089
3697 12 467
3698 14 545
3699 16 623
3701 24 935
3703 48 1871
3704 1 39
3708 28 1093
3714 48 1877
3718 7 274
3724 24 941
3728 4 157
3732 7 275
3734 16 629
3738 48 1889
3742 28 1103
3744 12 473
3748 24 947
3749 28 1105
3752 2 79
3754 48 1897
3758 16 633
3759 7 277
3762 48 1901
3764 8 317
3766 14 555
3768 3 119
3769 28 1111
3772 24 953
3774 48 1907
3776 4 159
3778 48 1909
3779 14 557
3782 16 637
3783 28 1115
3784 6 239
3786 48 1913
3788 8 319
3789 28 1117
3792 12 479
3793 14 559
3794 16 639
3796 24 959
3798 48 1919
3799 1 40
3803 28 1121
3809 48 1925
3813 7 281
3819 24 965
3823 4 161
3827 7 282
3829 16 645
3833 48 1937
3837 28 1131
3839 12 485
3843 24 971
3844 28 1133
3847 2 81
3849 48 1945
3853 16 649
3854 7 284
3857 48 1949
3859 8 325
3861 14 569
3863 3 122
3864 28 1139
3867 24 977
3869 48 1955
3871 4 163
3873 48 1957
3874 14 571
3877 16 653
3878 28 1143
3879 6 245
3881 48 1961
3883 8 327
3884 28 1145
3887 12 491
3888 14 573
3889 16 655
3891 24 983
3893 48 1967
3894 1 41
3898 28 1149
3904 48 1973
3908 7 288
3914 24 989
3918 4 165
3922 7 289
3924 16 661
3928 48 1985
3932 28 1159
3934 12 497
3938 24 995
3939 28 1161
3942 2 83
3944 48 1993
3948 16 665
3949 7 291
3952 48 1997
3954 8 333
3956 14 583
3958 3 125
3959 28 1167
3962 24 1001
3964 48 2003
3966 4 167
3968 48 2005
3969 14 585
3972 16 669
3973 28 1171
3974 6 251
3976 48 2009
3978 8 335
3979 28 1173
3982 12 503
3983 14 587
3984 16 671
3986 24 1007
3988 48 2015
3989 1 42
3993 28 1177
3999 48 2021
4003 7 295
4009 24 1013
4013 4 169
4017 7 296
4019 16 677
4023 48 2033
4027 28 1187
4029 12 509
4033 24 1019
4034 28 1189
4037 2 85
4039 48 2041
4043 16 681
4044 7 298
4047 48 2045
4049 8 341
4051 14 597
4053 3 128
4054 28 1195
4057 24 1025
4059 48 2051
4061 4 171
4063 48 2053
4064 14 599
4067 16 685
4068 28 1199
4069 6 257
4071 48 2057
4073 8 343
4074 28 1201
4077 12 515
4078 14 601
4079 16 687
4081 24 1031
4083 48 2063
4084 1 43
4088 28 1205
4094 48 2069
4098 7 302
4104 24 1037
4108 4 173
4112 7 303
4114 16 693
4118 48 2081
4122 28 1215
4124 12 521
4128 24 1043
4129 28 1217
4132 2 87
4134 48 2089
4138 16 697
4139 7 305
4142 48 2093
4144 8 349
4146 14 611
4148 3 131
4149 28 1223
4152 24 1049
4154 48 2099
4156 4 175
4158 48 2101
4159 14 613
4162 16 701
4163 28 1227
4164 6 263
4166 48 2105
4168 8 351
4169 28 1229
4172 12 527
4173 14 615
4174 16 703
4176 24 1055
4178 48 2111
4179 1 44
4183 28 1233
4189 48 2117
4193 7 309
4199 24 1061
4203 4 177
4207 7 310
4209 16 709
4213 48 2129
4217 28 1243
4219 12 533
4223 24 1067
4224 28 1245
4227 2 89
4229 48 2137
4233 16 713
4234 7 312
4237 48 2141
4239 8 357
4241 14 625
4243 3 134
4244 28 1251
4247 24 1073
4249 48 2147
4251 4 179
4253 48 2149
4254 14 627
4257 16 717
4258 28 1255
4259 6 269
4261 48 2153
4263 8 359
4264 28 1257
4267 12 539
4268 14 629
4269 16 719
4271 24 1079
4273 48 2159
4274 1 45
4278 28 1261
4284 48 2165
4288 7 316
4294 24 1085
4298 4 181
4302 7 317
4304 16 725
4308 48 2177
4312 28 1271
4314 12 545
4318 24 1091
4319 28 1273
4322 2 91
4324 48 2185
4328 16 729
4329 7 319
4332 48 2189
4334 8 365
4336 14 639
4338 3 137
4339 28 1279
4342 24 1097
4344 48 2195
4346 4 183
4348 48 2197
4349 14 641
4352 16 733
4353 28 1283
4354 6 275
4356 48 2201
4358 8 367
4359 28 1285
4362 12 551
4363 14 643
4364 16 735
4366 24 1103
4368 48 2207
4369 1 46
4373 28 1289
4379 48 2213
4383 7 323
4389 24 1109
4393 4 185
4397 7 324
4399 16 741
4403 48 2225
4407 28 1299
4409 12 557
4413 24 1115
4414 28 1301
4417 2 93
4419 48 2233
4423 16 745
4424 7 326
4427 48 2237
4429 8 373
4431 14 653
4433 3 140
4434 28 1307
4437 24 1121
4439 48 2243
4441 4 187
4443 48 2245
4444 14 655
4447 16 749
4448 28 1311
4449 6 281
4451 48 2249
4453 8 375
4454 28 1313
4457 12 563
4458 14 657
4459 16 751
4461 24 1127
4463 48 2255
4464 1 47
4468 28 1317
4474 48 2261
4478 7 330
4484 24 1133
4488 4 189
4492 7 331
4494 16 757
4498 48 2273
4502 28 1327
4504 12 569
4508 24 1139
4509 28 1329
4512 2 95
4514 48 2281
4518 16 761
4519 7 333
4522 48 2285
4524 8 381
4526 14 667
4528 3 143
4529 28 1335
4532 24 1145
4534 48 2291
4536 4 191
4538 48 2293
4539 14 669
4542 16 765
4543 28 1339
4544 6 287
4546 48 2297
4548 8 383
4549 28 1341
4552 12 575
4553 14 671
4554 16 767
4556 24 1151
4558 48 2303
4559 1 48
4563 28 1345
4569 48 2309
4573 7 337
4579 24 1157
4583 4 193
4587 7 338
4589 16 773
4593 48 2321
4597 28 1355
4599 12 581
4603 24 1163
4604 28 1357
4607 2 97
4609 48 2329
4613 16 777
4614 7 340
4617 48 2333
4619 8 389
4621 14 681
4623 3 146
4624 28 1363
4627 24 1169
4629 48 2339
4631 4 195
4633 48 2341
4634 14 683
4637 16 781
4638 28 1367
4639 6 293
4641 48 2345
4643 8 391
4644 28 1369
4647 12 587
4648 14 685
4649 16 783
4651 24 1175
4653 48 2351
4654 1 49
4658 28 1373
4664 48 2357
4668 7 344
4674 24 1181
4678 4 197
4682 7 345
4684 16 789
4688 48 2369
4692 28 1383
4694 12 593
4698 24 1187
4699 28 1385
4702 2 99
4704 48 2377
4708 16 793
4709 7 347
4712 48 2381
4714 8 397
4716 14 695
4718 3 149
4719 28 1391
4722 24 1193
4724 48 2387
4726 4 199
4728 48 2389
4729 14 697
4732 16 797
4733 28 1395
4734 6 299
4736 48 2393
4738 8 399
4739 28 1397
4742 12 599
4743 14 699
4744 16 799
4746 24 1199
4748 48 2399
4749 1 50
4753 28 1401
4759 48 2405
4763 7 351
4769 24 1205
4773 4 201
4777 7 352
4779 16 805
4783 48 2417
4787 28 1411
4789 12 605
4793 24 1211
4794 28 1413
4797 2 101
4799 48 2425
4803 16 809
4804 7 354
4807 48 2429
4809 8 405
4811 14 709
4813 3 152
4814 28 1419
4817 24 1217
4819 48 2435
4821 4 203
4823 48 2437
4824 14 711
4827 16 813
4828 28 1423
4829 6 305
4831 48 2441
4833 8 407
4834 28 1425
4837 12 611
4838 14 713
4839 16 815
4841 24 1223
4843 48 2447
4844 1 51
4848 28 1429
4854 48 2453
4858 7 358
4864 24 1229
4868 4 205
4872 7 359
4874 16 821
4878 48 2465
4882 28 1439
4884 12 617
4888 24 1235
4889 28 1441
4892 2 103
4894 48 2473
4898 16 825
4899 7 361
4902 48 2477
4904 8 413
4906 14 723
4908 3 155
4909 28 1447
4912 24 1241
4914 48 2483
4916 4 207
4918 48 2485
4919 14 725
4922 16 829
4923 28 1451
4924 6 311
4926 48 2489
4928 8 415
4929 28 1453
4932 12 623
4933 14 727
4934 16 831
4936 24 1247
4938 48 2495
4939 1 52
4943 28 1457
4949 48 2501
4953 7 365
4959 24 1253
4963 4 209
4967 7 366
4969 16 837
4973 48 2513
4977 28 1467
4979 12 629
4983 24 1259
4984 28 1469
4987 2 105
4989 48 2521
4993 16 841
4994 7 368
4997 48 2525
4999 8 421
5001 14 737
5003 3 158
5004 28 1475
5007 24 1265
5009 48 2531
5011 4 211
5013 48 2533
5014 14 739
5017 16 845
5018 28 1479
5019 6 317
5021 48 2537
5023 8 423
5024 28 1481
5027 12 635
5028 14 741
5029 16 847
5031 24 1271
5033 48 2543
5034 1 53
5038 28 1485
5044 48 2549
5048 7 372
5054 24 1277
5058 4 213
5062 7 373
5064 16 853
5068 48 2561
5072 28 1495
5074 12 641
5078 24 1283
5079 28 1497
5082 2 107
5084 48 2569
5088 16 857
5089 7 375
5092 48 2573
5094 8 429
5096 14 751
5098 3 161
5099 28 1503
5102 24 1289
5104 48 2579
5106 4 215
5108 48 2581
5109 14 753
5112 16 861
5113 28 1507
5114 6 323
5116 48 2585
5118 8 431
5119 28 1509
5122 12 647
5123 14 755
5124 16 863
5126 24 1295
5128 48 2591
5129 1 54
5133 28 1513
5139 48 2597
5143 7 379
5149 24 1301
5153 4 217
5157 7 380
5159 16 869
5163 48 2609
5167 28 1523
5169 12 653
5173 24 1307
5174 28 1525
5177 2 109
5179 48 2617
5183 16 873
5184 7 382
5187 48 2621
5189 8 437
5191 14 765
5193 3 164
5194 28 1531
5197 24 1313
5199 48 2627
5201 4 219
5203 48 2629
5204 14 767
5207 16 877
5208 28 1535
5209 6 329
5211 48 2633
5213 8 439
5214 28 1537
5217 12 659
5218 14 769
5219 16 879
5221 24 1319
5223 48 2639
5224 1 55
5228 28 1541
5234 48 2645
5238 7 386
5244 24 1325
5248 4 221
5252 7 387
5254 16 885
5258 48 2657
5262 28 1551
5264 12 665
5268 24 1331
5269 28 1553
5272 2 111
5274 48 2665
5278 16 889
5279 7 389
5282 48 2669
5284 8 445
5286 14 779
5288 3 167
5289 28 1559
5292 24 1337
5294 48 2675
5296 4 223
5298 48 2677
5299 14 781
5302 16 893
5303 28 1563
5304 6 335
5306 48 2681
5308 8 447
5309 28 1565
5312 12 671
5313 14 783
5314 16 895
5316 24 1343
5318 48 2687
5319 1 56
5323 28 1569
5329 48 2693
5333 7 393
5339 24 1349
5343 4 225
5347 7 394
5349 16 901
5353 48 2705
5357 28 1579
5359 12 677
5363 24 1355
5364 28 1581
5367 2 113
5369 48 2713
5373 16 905
5374 7 396
5377 48 2717
5379 8 453
5381 14 793
5383 3 170
5384 28 1587
5387 24 1361
5389 48 2723
5391 4 227
5393 48 2725
5394 14 795
5397 16 909
5398 28 1591
5399 6 341
5401 48 2729
5403 8 455
5404 28 1593
5407 12 683
5408 14 797
5409 16 911
5411 24 1367
5413 48 2735
5414 1 57
5418 28 1597
5424 48 2741
5428 7 400
5434 24 1373
5438 4 229
5442 7 401
5444 16 917
5448 48 2753
5452 28 1607
5454 12 689
5458 24 1379
5459 28 1609
5462 2 115
5464 48 2761
5468 16 921
5469 7 403
5472 48 2765
5474 8 461
5476 14 807
5478 3 173
5479 28 1615
5482 24 1385
5484 48 2771
5486 4 231
5488 48 2773
5489 14 809
5492 16 925
5493 28 1619
5494 6 347
5496 48 2777
5498 8 463
5499 28 1621
5502 12 695
5503 14 811
5504 16 927
5506 24 1391
5508 48 2783
5509 1 58
5513 28 1625
5519 48 2789
5523 7 407
5529 24 1397
5533 4 233
5537 7 408
5539 16 933
5543 48 2801
5547 28 1635
5549 12 701
5553 24 1403
5554 28 1637
5557 2 117
5559 48 2809
5563 16 937
5564 7 410
5567 48 2813
5569 8 469
5571 14 821
5573 3 176
5574 28 1643
5577 24 1409
5579 48 2819
5581 4 235
5583 48 2821
5584 14 823
5587 16 941
5588 28 1647
5589 6 353
5591 48 2825
5593 8 471
5594 28 1649
5597 12 707
5598 14 825
5599 16 943
5601 24 1415
5603 48 2831
5604 1 59
5608 28 1653
5614 48 2837
5618 7 414
5624 24 1421
5628 4 237
5632 7 415
5634 16 949
5638 48 2849
5642 28 1663
5644 12 713
5648 24 1427
5649 28 1665
5652 2 119
5654 48 2857
5658 16 953
5659 7 417
5662 48 2861
5664 8 477
5666 14 835
5668 3 179
5669 28 1671
5672 24 1433
5674 48 2867
5676 4 239
5678 48 2869
5679 14 837
5682 16 957
5683 28 1675
5684 6 359
5686 48 2873
5688 8 479
5689 28 1677
5692 12 719
5693 14 839
5694 16 959
5696 24 1439
5698 48 2879
5699 1 60
5703 28 1681
5709 48 2885
5713 7 421
5719 24 1445
5723 4 241
5727 7 422
5729 16 965
5733 48 2897
5737 28 1691
5739 12 725
5743 24 1451
5744 28 1693
5747 2 121
5749 48 2905
5753 16 969
5754 7 424
5757 48 2909
5759 8 485
5761 14 849
5763 3 182
5764 28 1699
5767 24 1457
5769 48 2915
5771 4 243
5773 48 2917
5774 14 851
5777 16 973
5778 28 1703
5779 6 365
5781 48 2921
5783 8 487
5784 28 1705
5787 12 731
5788 14 853
5789 16 975
5791 24 1463
5793 48 2927
5794 1 61
5798 28 1709
5804 48 2933
5808 7 428
5814 24 1469
5818 4 245
5822 7 429
5824 16 981
5828 48 2945
5832 28 1719
5834 12 737
5838 24 1475
5839 28 1721
5842 2 123
5844 48 2953
5848 16 985
5849 7 431
5852 48 2957
5854 8 493
5856 14 863
5858 3 185
5859 28 1727
5862 24 1481
5864 48 2963
5866 4 247
5868 48 2965
5869 14 865
5872 16 989
5873 28 1731
5874 6 371
5876 48 2969
5878 8 495
5879 28 1733
5882 12 743
5883 14 867
5884 16 991
5886 24 1487
5888 48 2975
5889 1 62
5893 28 1737
5899 48 2981
5903 7 435
5909 24 1493
5913 4 249
5917 7 436
5919 16 997
5923 48 2993
5927 28 1747
5929 12 749
5933 24 1499
5934 28 1749
5937 2 125
5939 48 3001
5943 16 1001
5944 7 438
5947 48 3005
5949 8 501
5951 14 877
5953 3 188
5954 28 1755
5957 24 1505
5959 48 3011
5961 4 251
5963 48 3013
5964 14 879
5967 16 1005
5968 28 1759
5969 6 377
5971 48 3017
5973 8 503
5974 28 1761
5977 12 755
5978 14 881
5979 16 1007
5981 24 1511
5983 48 3023
5984 1 63
5988 28 1765
5994 48 3029
5998 7 442
6004 24 1517
6008 4 253
6012 7 443
6014 16 1013
6018 48 3041
6022 28 1775
6024 12 761
6028 24 1523
6029 28 1777
6032 2 127
6034 48 3049
6038 16 1017
6039 7 445
6042 48 3053
6044 8 509
6046 14 891
6048 3 191
6049 28 1783
6052 24 1529
6054 48 3059
6056 4 255
6058 48 3061
6059 14 893
6062 16 1021
6063 28 1787
6064 6 383
6066 48 3065
6068 8 511
6069 28 1789
6072 12 767
6073 14 895
6074 16 1023
6076 24 1535
6078 48 3071
6079 1 64
6083 28 1793
6089 48 3077
6093 7 449
6099 24 1541
6103 4 257
6107 7 450
6109 16 1029
6113 48 3089
6117 28 1803
6119 12 773
6123 24 1547
6124 28 1805
6127 2 129
6129 48 3097
6133 16 1033
6134 7 452
6137 48 3101
6139 8 517
6141 14 905
6143 3 194
6144 28 1811
6147 24 1553
6149 48 3107
6151 4 259
6153 48 3109
6154 14 907
6157 16 1037
6158 28 1815
6159 6 389
6161 48 3113
6163 8 519
6164 28 1817
6167 12 779
6168 14 909
6169 16 1039
6171 24 1559
6173 48 3119
6174 1 65
6178 28 1821
6184 48 3125
6188 7 456
6194 24 1565
6198 4 261
6202 7 457
6204 16 1045
6208 48 3137
6212 28 1831
6214 12 785
6218 24 1571
6219 28 1833
6222 2 131
6224 48 3145
6228 16 1049
6229 7 459
6232 48 3149
6234 8 525
6236 14 919
6238 3 197
6239 28 1839
6242 24 1577
6244 48 3155
6246 4 263
6248 48 3157
6249 14 921
6252 16 1053
6253 28 1843
6254 6 395
6256 48 3161
6258 8 527
6259 28 1845
6262 12 791
6263 14 923
6264 16 1055
6266 24 1583
6268 48 3167
6269 1 66
6273 28 1849
6279 48 3173
6283 7 463
6289 24 1589
6293 4 265
6297 7 464
6299 16 1061
6303 48 3185
6307 28 1859
6309 12 797
6313 24 1595
6314 28 1861
6317 2 133
6319 48 3193
6323 16 1065
6324 7 466
6327 48 3197
6329 8 533
6331 14 933
6333 3 200
6334 28 1867
6337 24 1601
6339 48 3203
6341 4 267
6343 48 3205
6344 14 935
6347 16 1069
6348 28 1871
6349 6 401
6351 48 3209
6353 8 535
6354 28 1873
6357 12 803
6358 14 937
6359 16 1071
6361 24 1607
6363 48 3215
6364 1 67
6368 28 1877
6374 48 3221
6378 7 470
6384 24 1613
6388 4 269
6392 7 471
6394 16 1077
6398 48 3233
6402 28 1887
6404 12 809
6408 24 1619
6409 28 1889
6412 2 135
6414 48 3241
6418 16 1081
6419 7 473
6422 48 3245
6424 8 541
6426 14 947
6428 3 203
6429 28 1895
6432 24 1625
6434 48 3251
6436 4 271
6438 48 3253
6439 14 949
6442 16 1085
6443 28 1899
6444 6 407
6446 48 3257
6448 8 543
6449 28 1901
6452 12 815
6453 14 951
6454 16 1087
6456 24 1631
6458 48 3263
6459 1 68
6463 28 1905
6469 48 3269
6473 7 477
6479 24 1637
6483 4 273
6487 7 478
6489 16 1093
6493 48 3281
6497 28 1915
6499 12 821
6503 24 1643
6504 28 1917
6507 2 137
6509 48 3289
6513 16 1097
6514 7 480
6517 48 3293
6519 8 549
6521 14 961
6523 3 206
6524 28 1923
6527 24 1649
6529 48 3299
6531 4 275
6533 48 3301
6534 14 963
6537 16 1101
6538 28 1927
6539 6 413
6541 48 3305
6543 8 551
6544 28 1929
6547 12 827
6548 14 965
6549 16 1103
6551 24 1655
6553 48 3311
6554 1 69
6558 28 1933
6564 48 3317
6568 7 484
6574 24 1661
6578 4 277
6582 7 485
6584 16 1109
6588 48 3329
6592 28 1943
6594 12 833
6598 24 1667
6599 28 1945
6602 2 139
6604 48 3337
6608 16 1113
6609 7 487
6612 48 3341
6614 8 557
6616 14 975
6618 3 209
6619 28 1951
6622 24 1673
6624 48 3347
6626 4 279
6628 48 3349
6629 14 977
6632 16 1117
6633 28 1955
6634 6 419
6636 48 3353
6638 8 559
6639 28 1957
6642 12 839
6643 14 979
6644 16 1119
6646 24 1679
6648 48 3359
6649 1 70
6653 28 1961
6659 48 3365
6663 7 491
6669 24 1685
6673 4 281
6677 7 492
6679 16 1125
6683 48 3377
6687 28 1971
6689 12 845
6693 24 1691
6694 28 1973
6697 2 141
6699 48 3385
6703 16 1129
6704 7 494
6707 48 3389
6709 8 565
6711 14 989
6713 3 212
6714 28 1979
6717 24 1697
6719 48 3395
6721 4 283
6723 48 3397
6724 14 991
6727 16 1133
6728 28 1983
6729 6 425
6731 48 3401
6733 8 567
6734 28 1985
6737 12 851
6738 14 993
6739 16 1135
6741 24 1703
6743 48 3407
6744 1 71
6748 28 1989
6754 48 3413
6758 7 498
6764 24 1709
6768 4 285
6772 7 499
6774 16 1141
6778 48 3425
6782 28 1999
6784 12 857
6788 24 1715
6789 28 2001
6792 2 143
6794 48 3433
6798 16 1145
6799 7 501
6802 48 3437
6804 8 573
6806 14 1003
6808 3 215
6809 28 2007
6812 24 1721
6814 48 3443
6816 4 287
6818 48 3445
6819 14 1005
6822 16 1149
6823 28 2011
6824 6 431
6826 48 3449
6828 8 575
6829 28 2013
6832 12 863
6833 14 1007
6834 16 1151
6836 24 1727
6838 48 3455
6839 1 72
6843 28 2017
6849 48 3461
6853 7 505
6859 24 1733
6863 4 289
6867 7 506
6869 16 1157
6873 48 3473
6877 28 2027
6879 12 869
6883 24 1739
6884 28 2029
6887 2 145
6889 48 3481
6893 16 1161
6894 7 508
6897 48 3485
6899 8 581
6901 14 1017
6903 3 218
6904 28 2035
6907 24 1745
6909 48 3491
6911 4 291
6913 48 3493
6914 14 1019
6917 16 1165
6918 28 2039
6919 6 437
6921 48 3497
6923 8 583
6924 28 2041
6927 12 875
6928 14 1021
6929 16 1167
6931 24 1751
6933 48 3503
6934 1 73
6938 28 2045
6944 48 3509
6948 7 512
6954 24 1757
6958 4 293
6962 7 513
6964 16 1173
6968 48 3521
6972 28 2055
6974 12 881
6978 24 1763
6979 28 2057
6982 2 147
6984 48 3529
6988 16 1177
6989 7 515
6992 48 3533
6994 8 589
6996 14 1031
6998 3 221
6999 28 2063
7002 24 1769
7004 48 3539
7006 4 295
7008 48 3541
7009 14 1033
7012 16 1181
7013 28 2067
7014 6 443
7016 48 3545
7018 8 591
7019 28 2069
7022 12 887
7023 14 1035
7024 16 1183
7026 24 1775
7028 48 3551
7029 1 74
7033 28 2073
7039 48 3557
7043 7 519
7049 24 1781
7053 4 297
7057 7 520
7059 16 1189
7063 48 3569
7067 28 2083
7069 12 893
7073 24 1787
7074 28 2085
7077 2 149
7079 48 3577
7083 16 1193
7084 7 522
7087 48 3581
7089 8 597
7091 14 1045
7093 3 224
7094 28 2091
7097 24 1793
7099 48 3587
7101 4 299
7103 48 3589
7104 14 1047
7107 16 1197
7108 28 2095
7109 6 449
7111 48 3593
7113 8 599
7114 28 2097
7117 12 899
7118 14 1049
7119 16 1199
7121 24 1799
7123 48 3599
7124 1 75
7128 28 2101
7134 48 3605
7138 7 526
7144 24 1805
7148 4 301
7152 7 527
7154 16 1205
7158 48 3617
7162 28 2111
7164 12 905
7168 24 1811
7169 28 2113
7172 2 151
7174 48 3625
7178 16 1209
7179 7 529
7182 48 3629
7184 8 605
7186 14 1059
7188 3 227
7189 28 2119
7192 24 1817
7194 48 3635
7196 4 303
7198 48 3637
7199 14 1061
7202 16 1213
7203 28 2123
7204 6 455
7206 48 3641
7208 8 607
7209 28 2125
7212 12 911
7213 14 1063
7214 16 1215
7216 24 1823
7218 48 3647
7219 1 76
7223 28 2129
7229 48 3653
7233 7 533
7239 24 1829
7243 4 305
7247 7 534
7249 16 1221
7253 48 3665
7257 28 2139
7259 12 917
7263 24 1835
7264 28 2141
7267 2 153
7269 48 3673
7273 16 1225
7274 7 536
7277 48 3677
7279 8 613
7281 14 1073
7283 3 230
7284 28 2147
7287 24 1841
7289 48 3683
7291 4 307
7293 48 3685
7294 14 1075
7297 16 1229
7298 28 2151
7299 6 461
7301 48 3689
7303 8 615
7304 28 2153
7307 12 923
7308 14 1077
7309 16 1231
7311 24 1847
7313 48 3695
7314 1 77
7318 28 2157
7324 48 3701
7328 7 540
7334 24 1853
7338 4 309
7342 7 541
7344 16 1237
7348 48 3713
7352 28 2167
7354 12 929
7358 24 1859
7359 28 2169
7362 2 155
7364 48 3721
7368 16 1241
7369 7 543
7372 48 3725
7374 8 621
7376 14 1087
7378 3 233
7379 28 2175
7382 24 1865
7384 48 3731
7386 4 311
7388 48 3733
7389 14 1089
7392 16 1245
7393 28 2179
7394 6 467
7396 48 3737
7398 8 623
7399 28 2181
7402 12 935
7403 14 1091
7404 16 1247
7406 24 1871
7408 48 3743
7409 1 78
7413 28 2185
7419 48 3749
7423 7 547
7429 24 1877
7433 4 313
7437 7 548
7439 16 1253
7443 48 3761
7447 28 2195
7449 12 941
7453 24 1883
7454 28 2197
7457 2 157
7459 48 3769
7463 16 1257
7464 7 550
7467 48 3773
7469 8 629
7471 14 1101
7473 3 236
7474 28 2203
7477 24 1889
7479 48 3779
7481 4 315
7483 48 3781
7484 14 1103
7487 16 1261
7488 28 2207
7489 6 473
7491 48 3785
7493 8 631
7494 28 2209
7497 12 947
7498 14 1105
7499 16 1263
7501 24 1895
7503 48 3791
7504 1 79
7508 28 2213
7514 48 3797
7518 7 554
7524 24 1901
7528 4 317
7532 7 555
7534 16 1269
7538 48 3809
7542 28 2223
7544 12 953
7548 24 1907
7549 28 2225
7552 2 159
7554 48 3817
7558 16 1273
7559 7 557
7562 48 3821
7564 8 637
7566 14 1115
7568 3 239
7569 28 2231
7572 24 1913
7574 48 3827
7576 4 319
7578 48 3829
7579 14 1117
7582 16 1277
7583 28 2235
7584 6 479
7586 48 3833
7588 8 639
7589 28 2237
7592 12 959
7593 14 1119
7594 16 1279
7596 24 1919
7598 48 3839
7599 1 80
7603 28 2241
7609 48 3845
7613 7 561
7619 24 1925
7623 4 321
7627 7 562
7629 16 1285
7633 48 3857
7637 28 2251
7639 12 965
7643 24 1931
7644 28 2253
7647 2 161
7649 48 3865
7653 16 1289
7654 7 564
7657 48 3869
7659 8 645
7661 14 1129
7663 3 242
7664 28 2259
7667 24 1937
7669 48 3875
7671 4 323
7673 48 3877
7674 14 1131
7677 16 1293
7678 28 2263
7679 6 485
7681 48 3881
7683 8 647
7684 28 2265
7687 12 971
7688 14 1133
7689 16 1295
7691 24 1943
7693 48 3887
7694 1 81
7698 28 2269
7704 48 3893
7708 7 568
7714 24 1949
7718 4 325
7722 7 569
7724 16 1301
7728 48 3905
7732 28 2279
7734 12 977
7738 24 1955
7739 28 2281
7742 2 163
7744 48 3913
7748 16 1305
7749 7 571
7752 48 3917
7754 8 653
7756 14 1143
7758 3 245
7759 28 2287
7762 24 1961
7764 48 3923
7766 4 327
7768 48 3925
7769 14 1145
7772 16 1309
7773 28 2291
7774 6 491
7776 48 3929
7778 8 655
7779 28 2293
7782 12 983
7783 14 1147
7784 16 1311
7786 24 1967
7788 48 3935
7789 1 82
7793 28 2297
7799 48 3941
7803 7 575
7809 24 1973
7813 4 329
7817 7 576
7819 16 1317
7823 48 3953
7827 28 2307
7829 12 989
7833 24 1979
7834 28 2309
7837 2 165
7839 48 3961
7843 16 1321
7844 7 578
7847 48 3965
7849 8 661
7851 14 1157
7853 3 248
7854 28 2315
7857 24 1985
7859 48 3971
7861 4 331
7863 48 3973
7864 14 1159
7867 16 1325
7868 28 2319
7869 6 497
7871 48 3977
7873 8 663
7874 28 2321
7877 12 995
7878 14 1161
7879 16 1327
7881 24 1991
7883 48 3983
7884 1 83
7888 28 2325
7894 48 3989
7898 7 582
7904 24 1997
7908 4 333
7912 7 583
7914 16 1333
7918 48 4001
7922 28 2335
7924 12 1001
7928 24 2003
7929 28 2337
7932 2 167
7934 48 4009
7938 16 1337
7939 7 585
7942 48 4013
7944 8 669
7946 14 1171
7948 3 251
7949 28 2343
7952 24 2009
7954 48 4019
7956 4 335
7958 48 4021
7959 14 1173
7962 16 1341
7963 28 2347
7964 6 503
7966 48 4025
7968 8 671
7969 28 2349
7972 12 1007
7973 14 1175
7974 16 1343
7976 24 2015
7978 48 4031
7979 1 84
7983 28 2353
7989 48 4037
7993 7 589
7999 24 2021
8003 4 337
8007 7 590
8009 16 1349
8013 48 4049
8017 28 2363
8019 12 1013
8023 24 2027
8024 28 2365
8027 2 169
8029 48 4057
8033 16 1353
8034 7 592
8037 48 4061
8039 8 677
8041 14 1185
8043 3 254
8044 28 2371
8047 24 2033
8049 48 4067
8051 4 339
8053 48 4069
8054 14 1187
8057 16 1357
8058 28 2375
8059 6 509
8061 48 4073
8063 8 679
8064 28 2377
8067 12 1019
8068 14 1189
8069 16 1359
8071 24 2039
8073 48 4079
8074 1 85
8078 28 2381
8084 48 4085
8088 7 596
8094 24 2045
8098 4 341
8102 7 597
8104 16 1365
8108 48 4097
8112 28 2391
8114 12 1025
8118 24 2051
8119 28 2393
8122 2 171
8124 48 4105
8128 16 1369
8129 7 599
8132 48 4109
8134 8 685
8136 14 1199
8138 3 257
8139 28 2399
8142 24 2057
8144 48 4115
8146 4 343
8148 48 4117
8149 14 1201
8152 16 1373
8153 28 2403
8154 6 515
8156 48 4121
8158 8 687
8159 28 2405
8162 12 1031
8163 14 1203
8164 16 1375
8166 24 2063
8168 48 4127
8169 1 86
8173 28 2409
8179 48 4133
8183 7 603
8189 24 2069
8193 4 345
8197 7 604
8199 16 1381
8203 48 4145
8207 28 2419
8209 12 1037
8213 24 2075
8214 28 2421
8217 2 173
8219 48 4153
8223 16 1385
8224 7 606
8227 48 4157
8229 8 693
8231 14 1213
8233 3 260
8234 28 2427
8237 24 2081
8239 48 4163
8241 4 347
8243 48 4165
8244 14 1215
8247 16 1389
8248 28 2431
8249 6 521
8251 48 4169
8253 8 695
8254 28 2433
8257 12 1043
8258 14 1217
8259 16 1391
8261 24 2087
8263 48 4175
8264 1 87
8268 28 2437
8274 48 4181
8278 7 610
8284 24 2093
8288 4 349
8292 7 611
8294 16 1397
8298 48 4193
8302 28 2447
8304 12 1049
8308 24 2099
8309 28 2449
8312 2 175
8314 48 4201
8318 16 1401
8319 7 613
8322 48 4205
8324 8 701
8326 14 1227
8328 3 263
8329 28 2455
8332 24 2105
8334 48 4211
8336 4 351
8338 48 4213
8339 14 1229
8342 16 1405
8343 28 2459
8344 6 527
8346 48 4217
8348 8 703
8349 28 2461
8352 12 1055
8353 14 1231
8354 16 1407
8356 24 2111
8358 48 4223
8359 1 88
8363 28 2465
8369 48 4229
8373 7 617
8379 24 2117
8383 4 353
8387 7 618
8389 16 1413
8393 48 4241
8397 28 2475
8399 12 1061
8403 24 2123
8404 28 2477
8407 2 177
8409 48 4249
8413 16 1417
8414 7 620
8417 48 4253
8419 8 709
8421 14 1241
8423 3 266
8424 28 2483
8427 24 2129
8429 48 4259
8431 4 355
8433 48 4261
8434 14 1243
8437 16 1421
8438 28 2487
8439 6 533
8441 48 4265
8443 8 711
8444 28 2489
8447 12 1067
8448 14 1245
8449 16 1423
8451 24 2135
8453 48 4271
8454 1 89
8458 28 2493
8464 48 4277
8468 7 624
8474 24 2141
8478 4 357
8482 7 625
8484 16 1429
8488 48 4289
8492 28 2503
8494 12 1073
8498 24 2147
8499 28 2505
8502 2 179
8504 48 4297
8508 16 1433
8509 7 627
8512 48 4301
8514 8 717
8516 14 1255
8518 3 269
8519 28 2511
8522 24 2153
8524 48 4307
8526 4 359
8528 48 4309
8529 14 1257
8532 16 1437
8533 28 2515
8534 6 539
8536 48 4313
8538 8 719
8539 28 2517
8542 12 1079
8543 14 1259
8544 16 1439
8546 24 2159
8548 48 4319
8549 1 90
8553 28 2521
8559 48 4325
8563 7 631
8569 24 2165
8573 4 361
8577 7 632
8579 16 1445
8583 48 4337
8587 28 2531
8589 12 1085
8593 24 2171
8594 28 2533
8597 2 181
8599 48 4345
8603 16 1449
8604 7 634
8607 48 4349
8609 8 725
8611 14 1269
8613 3 272
8614 28 2539
8617 24 2177
8619 48 4355
8621 4 363
8623 48 4357
8624 14 1271
8627 16 1453
8628 28 2543
8629 6 545
8631 48 4361
8633 8 727
8634 28 2545
8637 12 1091
8638 14 1273
8639 16 1455
8641 24 2183
8643 48 4367
8644 1 91
8648 28 2549
8654 48 4373
8658 7 638
8664 24 2189
8668 4 365
8672 7 639
8674 16 1461
8678 48 4385
8682 28 2559
8684 12 1097
8688 24 2195
8689 28 2561
8692 2 183
8694 48 4393
8698 16 1465
8699 7 641
8702 48 4397
8704 8 733
8706 14 1283
8708 3 275
8709 28 2567
8712 24 2201
8714 48 4403
8716 4 367
8718 48 4405
8719 14 1285
8722 16 1469
8723 28 2571
8724 6 551
8726 48 4409
8728 8 735
8729 28 2573
8732 12 1103
8733 14 1287
8734 16 1471
8736 24 2207
8738 48 4415
8739 1 92
8743 28 2577
8749 48 4421
8753 7 645
8759 24 2213
8763 4 369
8767 7 646
8769 16 1477
8773 48 4433
8777 28 2587
8779 12 1109
8783 24 2219
8784 28 2589
8787 2 185
8789 48 4441
8793 16 1481
8794 7 648
8797 48 4445
8799 8 741
8801 14 1297
8803 3 278
8804 28 2595
8807 24 2225
8809 48 4451
8811 4 371
8813 48 4453
8814 14 1299
8817 16 1485
8818 28 2599
8819 6 557
8821 48 4457
8823 8 743
8824 28 2601
8827 12 1115
8828 14 1301
8829 16 1487
8831 24 2231
8833 48 4463
8834 1 93
8838 28 2605
8844 48 4469
8848 7 652
8854 24 2237
8858 4 373
8862 7 653
8864 16 1493
8868 48 4481
8872 28 2615
8874 12 1121
8878 24 2243
8879 28 2617
8882 2 187
8884 48 4489
8888 16 1497
8889 7 655
8892 48 4493
8894 8 749
8896 14 1311
8898 3 281
8899 28 2623
8902 24 2249
8904 48 4499
8906 4 375
8908 48 4501
8909 14 1313
8912 16 1501
8913 28 2627
8914 6 563
8916 48 4505
8918 8 751
8919 28 2629
8922 12 1127
8923 14 1315
8924 16 1503
8926 24 2255
8928 48 4511
8929 1 94
8933 28 2633
8939 48 4517
8943 7 659
8949 24 2261
8953 4 377
8957 7 660
8959 16 1509
8963 48 4529
8967 28 2643
8969 12 1133
8973 24 2267
8974 28 2645
8977 2 189
8979 48 4537
8983 16 1513
8984 7 662
8987 48 4541
8989 8 757
8991 14 1325
8993 3 284
8994 28 2651
8997 24 2273
8999 48 4547
9001 4 379
9003 48 4549
9004 14 1327
9007 16 1517
9008 28 2655
9009 6 569
9011 48 4553
9013 8 759
9014 28 2657
9017 12 1139
9018 14 1329
9019 16 1519
9021 24 2279
9023 48 4559
9024 1 95
9028 28 2661
9034 48 4565
9038 7 666
9044 24 2285
9048 4 381
9052 7 667
9054 16 1525
9058 48 4577
9062 28 2671
9064 12 1145
9068 24 2291
9069 28 2673
9072 2 191
9074 48 4585
9078 16 1529
9079 7 669
9082 48 4589
9084 8 765
9086 14 1339
9088 3 287
9089 28 2679
9092 24 2297
9094 48 4595
9096 4 383
9098 48 4597
9099 14 1341
9102 16 1533
9103 28 2683
9104 6 575
9106 48 4601
9108 8 767
9109 28 2685
9112 12 1151
9113 14 1343
9114 16 1535
9116 24 2303
9118 48 4607
9119 1 96
9123 28 2689
9129 48 4613
9133 7 673
9139 24 2309
9143 4 385
9147 7 674
9149 16 1541
9153 48 4625
9157 28 2699
9159 12 1157
9163 24 2315
9164 28 2701
9167 2 193
9169 48 4633
9173 16 1545
9174 7 676
9177 48 4637
9179 8 773
9181 14 1353
9183 3 290
9184 28 2707
9187 24 2321
9189 48 4643
9191 4 387
9193 48 4645
9194 14 1355
9197 16 1549
9198 28 2711
9199 6 581
9201 48 4649
9203 8 775
9204 28 2713
9207 12 1163
9208 14 1357
9209 16 1551
9211 24 2327
9213 48 4655
9214 1 97
9218 28 2717
9224 48 4661
9228 7 680
9234 24 2333
9238 4 389
9242 7 681
9244 16 1557
9248 48 4673
9252 28 2727
9254 12 1169
9258 24 2339
9259 28 2729
9262 2 195
9264 48 4681
9268 16 1561
9269 7 683
9272 48 4685
9274 8 781
9276 14 1367
9278 3 293
9279 28 2735
9282 24 2345
9284 48 4691
9286 4 391
9288 48 4693
9289 14 1369
9292 16 1565
9293 28 2739
9294 6 587
9296 48 4697
9298 8 783
9299 28 2741
9302 12 1175
9303 14 1371
9304 16 1567
9306 24 2351
9308 48 4703
9309 1 98
9313 28 2745
9319 48 4709
9323 7 687
9329 24 2357
9333 4 393
9337 7 688
9339 16 1573
9343 48 4721
9347 28 2755
9349 12 1181
9353 24 2363
9354 28 2757
9357 2 197
9359 48 4729
9363 16 1577
9364 7 690
9367 48 4733
9369 8 789
9371 14 1381
9373 3 296
9374 28 2763
9377 24 2369
9379 48 4739
9381 4 395
9383 48 4741
9384 14 1383
9387 16 1581
9388 28 2767
9389 6 593
9391 48 4745
9393 8 791
9394 28 2769
9397 12 1187
9398 14 1385
9399 16 1583
9401 24 2375
9403 48 4751
9404 1 99
9408 28 2773
9414 48 4757
9418 7 694
9424 24 2381
9428 4 397
9432 7 695
9434 16 1589
9438 48 4769
9442 28 2783
9444 12 1193
9448 24 2387
9449 28 2785
9452 2 199
9454 48 4777
9458 16 1593
9459 7 697
9462 48 4781
9464 8 797
9466 14 1395
9468 3 299
9469 28 2791
9472 24 2393
9474 48 4787
9476 4 399
9478 48 4789
9479 14 1397
9482 16 1597
9483 28 2795
9484 6 599
9486 48 4793
9488 8 799
9489 28 2797
9492 12 1199
9493 14 1399
9494 16 1599
9496 24 2399
9498 48 4799
9499 1 100
9503 28 2801
9509 48 4805
9513 7 701
9519 24 2405
9523 4 401
9527 7 702
9529 16 1605
9533 48 4817
9537 28 2811
9539 12 1205
9543 24 2411
9544 28 2813
9547 2 201
9549 48 4825
9553 16 1609
9554 7 704
9557 48 4829
9559 8 805
9561 14 1409
9563 3 302
9564 28 2819
9567 24 2417
9569 48 4835
9571 4 403
9573 48 4837
9574 14 1411
9577 16 1613
9578 28 2823
9579 6 605
9581 48 4841
9583 8 807
9584 28 2825
9587 12 1211
9588 14 1413
9589 16 1615
9591 24 2423
9593 48 4847
9594 1 101
9598 28 2829
9604 48 4853
9608 7 708
9614 24 2429
9618 4 405
9622 7 709
9624 16 1621
9628 48 4865
9632 28 2839
9634 12 1217
9638 24 2435
9639 28 2841
9642 2 203
9644 48 4873
9648 16 1625
9649 7 711
9652 48 4877
9654 8 813
9656 14 1423
9658 3 305
9659 28 2847
9662 24 2441
9664 48 4883
9666 4 407
9668 48 4885
9669 14 1425
9672 16 1629
9673 28 2851
9674 6 611
9676 48 4889
9678 8 815
9679 28 2853
9682 12 1223
9683 14 1427
9684 16 1631
9686 24 2447
9688 48 4895
9689 1 102
9693 28 2857
9699 48 4901
9703 7 715
9709 24 2453
9713 4 409
9717 7 716
9719 16 1637
9723 48 4913
9727 28 2867
9729 12 1229
9733 24 2459
9734 28 2869
9737 2 205
9739 48 4921
9743 16 1641
9744 7 718
9747 48 4925
9749 8 821
9751 14 1437
9753 3 308
9754 28 2875
9757 24 2465
9759 48 4931
9761 4 411
9763 48 4933
9764 14 1439
9767 16 1645
9768 28 2879
9769 6 617
9771 48 4937
9773 8 823
9774 28 2881
9777 12 1235
9778 14 1441
9779 16 1647
9781 24 2471
9783 48 4943
9784 1 103
9788 28 2885
9794 48 4949
9798 7 722
9804 24 2477
9808 4 413
9812 7 723
9814 16 1653
9818 48 4961
9822 28 2895
9824 12 1241
9828 24 2483
9829 28 2897
9832 2 207
9834 48 4969
9838 16 1657
9839 7 725
9842 48 4973
9844 8 829
9846 14 1451
9848 3 311
9849 28 2903
9852 24 2489
9854 48 4979
9856 4 415
9858 48 4981
9859 14 1453
9862 16 1661
9863 28 2907
9864 6 623
9866 48 4985
9868 8 831
9869 28 2909
9872 12 1247
9873 14 1455
9874 16 1663
9876 24 2495
9878 48 4991
9879 1 104
9883 28 2913
9889 48 4997
9893 7 729
9899 24 2501
9903 4 417
9907 7 730
9909 16 1669
9913 48 5009
9917 28 2923
9919 12 1253
9923 24 2507
9924 28 2925
9927 2 209
9929 48 5017
9933 16 1673
9934 7 732
9937 48 5021
9939 8 837
9941 14 1465
9943 3 314
9944 28 2931
9947 24 2513
9949 48 5027
9951 4 419
9953 48 5029
9954 14 1467
9957 16 1677
9958 28 2935
9959 6 629
9961 48 5033
9963 8 839
9964 28 2937
9967 12 1259
9968 14 1469
9969 16 1679
9971 24 2519
9973 48 5039
9974 1 105
9978 28 2941
9984 48 5045
9988 7 736
9994 24 2525
9998 4 421
10002 7 737
10004 16 1685
10008 48 5057
10012 28 2951
10014 12 1265
10018 24 2531
10019 28 2953
10022 2 211
10024 48 5065
10028 16 1689
10029 7 739
10032 48 5069
10034 8 845
10036 14 1479
10038 3 317
10039 28 2959
10042 24 2537
10044 48 5075
10046 4 423
10048 48 5077
10049 14 1481
10052 16 1693
10053 28 2963
10054 6 635
10056 48 5081
10058 8 847
10059 28 2965
10062 12 1271
10063 14 1483
10064 16 1695
10066 24 2543
10068 48 5087
10069 1 106
10073 28 2969
10079 48 5093
10083 7 743
10089 24 2549
10093 4 425
10097 7 744
10099 16 1701
10103 48 5105
10107 28 2979
10109 12 1277
10113 24 2555
10114 28 2981
10117 2 213
10119 48 5113
10123 16 1705
10124 7 746
10127 48 5117
10129 8 853
10131 14 1493
10133 3 320
10134 28 2987
10137 24 2561
10139 48 5123
10141 4 427
10143 48 5125
10144 14 1495
10147 16 1709
10148 28 2991
10149 6 641
10151 48 5129
10153 8 855
10154 28 2993
10157 12 1283
10158 14 1497
10159 16 1711
10161 24 2567
10163 48 5135
10164 1 107
10168 28 2997
10174 48 5141
10178 7 750
10184 24 2573
10188 4 429
10192 7 751
10194 16 1717
10198 48 5153
10202 28 3007
10204 12 1289
10208 24 2579
10209 28 3009
10212 2 215
10214 48 5161
10218 16 1721
10219 7 753
10222 48 5165
10224 8 861
10226 14 1507
10228 3 323
10229 28 3015
10232 24 2585
10234 48 5171
10236 4 431
10238 48 5173
10239 14 1509
10242 16 1725
10243 28 3019
10244 6 647
10246 48 5177
10248 8 863
10249 28 3021
10252 12 1295
10253 14 1511
10254 16 1727
10256 24 2591
10258 48 5183
10259 1 108
10263 28 3025
10269 48 5189
10273 7 757
10279 24 2597
10283 4 433
10287 7 758
10289 16 1733
10293 48 5201
10297 28 3035
10299 12 1301
10303 24 2603
10304 28 3037
10307 2 217
10309 48 5209
10313 16 1737
10314 7 760
10317 48 5213
10319 8 869
10321 14 1521
10323 3 326
10324 28 3043
10327 24 2609
10329 48 5219
10331 4 435
10333 48 5221
10334 14 1523
10337 16 1741
10338 28 3047
10339 6 653
10341 48 5225
10343 8 871
10344 28 3049
10347 12 1307
10348 14 1525
10349 16 1743
10351 24 2615
10353 48 5231
10354 1 109
10358 28 3053
10364 48 5237
10368 7 764
10374 24 2621
10378 4 437
10382 7 765
10384 16 1749
10388 48 5249
10392 28 3063
10394 12 1313
10398 24 2627
10399 28 3065
10402 2 219
10404 48 5257
10408 16 1753
10409 7 767
10412 48 5261
10414 8 877
10416 14 1535
10418 3 329
10419 28 3071
10422 24 2633
10424 48 5267
10426 4 439
10428 48 5269
10429 14 1537
10432 16 1757
10433 28 3075
10434 6 659
10436 48 5273
10438 8 879
10439 28 3077
10442 12 1319
10443 14 1539
10444 16 1759
10446 24 2639
10448 48 5279
10449 1 110
10453 28 3081
10459 48 5285
10463 7 771
10469 24 2645
10473 4 441
10477 7 772
10479 16 1765
10483 48 5297
10487 28 3091
10489 12 1325
10493 24 2651
10494 28 3093
10497 2 221
10499 48 5305
10503 16 1769
10504 7 774
10507 48 5309
10509 8 885
10511 14 1549
10513 3 332
10514 28 3099
10517 24 2657
10519 48 5315
10521 4 443
10523 48 5317
10524 14 1551
10527 16 1773
10528 28 3103
10529 6 665
10531 48 5321
10533 8 887
10534 28 3105
10537 12 1331
10538 14 1553
10539 16 1775
10541 24 2663
10543 48 5327
10544 1 111
10548 28 3109
10554 48 5333
10558 7 778
10564 24 2669
10568 4 445
10572 7 779
10574 16 1781
10578 48 5345
10582 28 3119
10584 12 1337
10588 24 2675
10589 28 3121
10592 2 223
10594 48 5353
10598 16 1785
10599 7 781
10602 48 5357
10604 8 893
10606 14 1563
10608 3 335
10609 28 3127
10612 24 2681
10614 48 5363
10616 4 447
10618 48 5365
10619 14 1565
10622 16 1789
10623 28 3131
10624 6 671
10626 48 5369
10628 8 895
10629 28 3133
10632 12 1343
10633 14 1567
10634 16 1791
10636 24 2687
10638 48 5375
10639 1 112
10643 28 3137
10649 48 5381
10653 7 785
10659 24 2693
10663 4 449
10667 7 786
10669 16 1797
10673 48 5393
10677 28 3147
10679 12 1349
10683 24 2699
10684 28 3149
10687 2 225
10689 48 5401
10693 16 1801
10694 7 788
10697 48 5405
10699 8 901
10701 14 1577
10703 3 338
10704 28 3155
10707 24 2705
10709 48 5411
10711 4 451
10713 48 5413
10714 14 1579
10717 16 1805
10718 28 3159
10719 6 677
10721 48 5417
10723 8 903
10724 28 3161
10727 12 1355
10728 14 1581
10729 16 1807
10731 24 2711
10733 48 5423
10734 1 113
10738 28 3165
10744 48 5429
10748 7 792
10754 24 2717
10758 4 453
10762 7 793
10764 16 1813
10768 48 5441
10772 28 3175
10774 12 1361
10778 24 2723
10779 28 3177
10782 2 227
10784 48 5449
10788 16 1817
10789 7 795
10792 48 5453
10794 8 909
10796 14 1591
10798 3 341
10799 28 3183
10802 24 2729
10804 48 5459
10806 4 455
10808 48 5461
10809 14 1593
10812 16 1821
10813 28 3187
10814 6 683
10816 48 5465
10818 8 911
10819 28 3189
10822 12 1367
10823 14 1595
10824 16 1823
10826 24 2735
10828 48 5471
10829 1 114
10833 28 3193
10839 48 5477
10843 7 799
10849 24 2741
10853 4 457
10857 7 800
10859 16 1829
10863 48 5489
10867 28 3203
10869 12 1373
10873 24 2747
10874 28 3205
10877 2 229
10879 48 5497
10883 16 1833
10884 7 802
10887 48 5501
10889 8 917
10891 14 1605
10893 3 344
10894 28 3211
10897 24 2753
10899 48 5507
10901 4 459
10903 48 5509
10904 14 1607
10907 16 1837
10908 28 3215
10909 6 689
10911 48 5513
10913 8 919
10914 28 3217
10917 12 1379
10918 14 1609
10919 16 1839
10921 24 2759
10923 48 5519
10924 1 115
10928 28 3221
10934 48 5525
10938 7 806
10944 24 2765
10948 4 461
10952 7 807
10954 16 1845
10958 48 5537
10962 28 3231
10964 12 1385
10968 24 2771
10969 28 3233
10972 2 231
10974 48 5545
10978 16 1849
10979 7 809
10982 48 5549
10984 8 925
10986 14 1619
10988 3 347
10989 28 3239
10992 24 2777
10994 48 5555
10996 4 463
10998 48 5557
10999 14 1621
11002 16 1853
11003 28 3243
11004 6 695
11006 48 5561
11008 8 927
11009 28 3245
11012 12 1391
11013 14 1623
11014 16 1855
11016 24 2783
11018 48 5567
11019 1 116
11023 28 3249
11029 48 5573
11033 7 813
11039 24 2789
11043 4 465
11047 7 814
11049 16 1861
11053 48 5585
11057 28 3259
11059 12 1397
11063 24 2795
11064 28 3261
11067 2 233
11069 48 5593
11073 16 1865
11074 7 816
11077 48 5597
11079 8 933
11081 14 1633
11083 3 350
11084 28 3267
11087 24 2801
11089 48 5603
11091 4 467
11093 48 5605
11094 14 1635
11097 16 1869
11098 28 3271
11099 6 701
11101 48 5609
11103 8 935
11104 28 3273
11107 12 1403
11108 14 1637
11109 16 1871
11111 24 2807
11113 48 5615
11114 1 117
11118 28 3277
11124 48 5621
11128 7 820
11134 24 2813
11138 4 469
11142 7 821
11144 16 1877
11148 48 5633
11152 28 3287
11154 12 1409
11158 24 2819
11159 28 3289
11162 2 235
11164 48 5641
11168 16 1881
11169 7 823
11172 48 5645
11174 8 941
11176 14 1647
11178 3 353
11179 28 3295
11182 24 2825
11184 48 5651
11186 4 471
11188 48 5653
11189 14 1649
11192 16 1885
11193 28 3299
11194 6 707
11196 48 5657
11198 8 943
11199 28 3301
11202 12 1415
11203 14 1651
11204 16 1887
11206 24 2831
11208 48 5663
11209 1 118
11213 28 3305
11219 48 5669
11223 7 827
11229 24 2837
11233 4 473
11237 7 828
11239 16 1893
11243 48 5681
11247 28 3315
11249 12 1421
11253 24 2843
11254 28 3317
11257 2 237
11259 48 5689
11263 16 1897
11264 7 830
11267 48 5693
11269 8 949
11271 14 1661
11273 3 356
11274 28 3323
11277 24 2849
11279 48 5699
11281 4 475
11283 48 5701
11284 14 1663
11287 16 1901
11288 28 3327
11289 6 713
11291 48 5705
11293 8 951
11294 28 3329
11297 12 1427
11298 14 1665
11299 16 1903
11301 24 2855
11303 48 5711
11304 1 119
11308 28 3333
11314 48 5717
11318 7 834
11324 24 2861
11328 4 477
11332 7 835
11334 16 1909
11338 48 5729
11342 28 3343
11344 12 1433
11348 24 2867
11349 28 3345
11352 2 239
11354 48 5737
11358 16 1913
11359 7 837
11362 48 5741
11364 8 957
11366 14 1675
11368 3 359
11369 28 3351
11372 24 2873
11374 48 5747
11376 4 479
11378 48 5749
11379 14 1677
11382 16 1917
11383 28 3355
11384 6 719
11386 48 5753
11388 8 959
11389 28 3357
11392 12 1439
11393 14 1679
11394 16 1919
11396 24 2879
11398 48 5759
11399 1 120
11403 28 3361
11409 48 5765
11413 7 841
11419 24 2885
11423 4 481
11427 7 842
11429 16 1925
11433 48 5777
11437 28 3371
11439 12 1445
11443 24 2891
11444 28 3373
11447 2 241
11449 48 5785
11453 16 1929
11454 7 844
11457 48 5789
11459 8 965
11461 14 1689
11463 3 362
11464 28 3379
11467 24 2897
11469 48 5795
11471 4 483
11473 48 5797
11474 14 1691
11477 16 1933
11478 28 3383
11479 6 725
11481 48 5801
11483 8 967
11484 28 3385
11487 12 1451
11488 14 1693
11489 16 1935
11491 24 2903
11493 48 5807
11494 1 121
11498 28 3389
11504 48 5813
11508 7 848
11514 24 2909
11518 4 485
11522 7 849
11524 16 1941
11528 48 5825
11532 28 3399
11534 12 1457
11538 24 2915
11539 28 3401
11542 2 243
11544 48 5833
11548 16 1945
11549 7 851
11552 48 5837
11554 8 973
11556 14 1703
11558 3 365
11559 28 3407
11562 24 2921
11564 48 5843
11566 4 487
11568 48 5845
11569 14 1705
11572 16 1949
11573 28 3411
11574 6 731
11576 48 5849
11578 8 975
11579 28 3413
11582 12 1463
11583 14 1707
11584 16 1951
11586 24 2927
11588 48 5855
11589 1 122
11593 28 3417
11599 48 5861
11603 7 855
11609 24 2933
11613 4 489
11617 7 856
11619 16 1957
11623 48 5873
11627 28 3427
11629 12 1469
11633 24 2939
11634 28 3429
11637 2 245
11639 48 5881
11643 16 1961
11644 7 858
11647 48 5885
11649 8 981
11651 14 1717
11653 3 368
11654 28 3435
11657 24 2945
11659 48 5891
11661 4 491
11663 48 5893
11664 14 1719
11667 16 1965
11668 28 3439
11669 6 737
11671 48 5897
11673 8 983
11674 28 3441
11677 12 1475
11678 14 1721
11679 16 1967
11681 24 2951
11683 48 5903
11684 1 123
11688 28 3445
11694 48 5909
11698 7 862
11704 24 2957
11708 4 493
11712 7 863
11714 16 1973
11718 48 5921
11722 28 3455
11724 12 1481
11728 24 2963
11729 28 3457
11732 2 247
11734 48 5929
11738 16 1977
11739 7 865
11742 48 5933
11744 8 989
11746 14 1731
11748 3 371
11749 28 3463
11752 24 2969
11754 48 5939
11756 4 495
11758 48 5941
11759 14 1733
11762 16 1981
11763 28 3467
11764 6 743
11766 48 5945
11768 8 991
11769 28 3469
11772 12 1487
11773 14 1735
11774 16 1983
11776 24 2975
11778 48 5951
11779 1 124
11783 28 3473
11789 48 5957
11793 7 869
11799 24 2981
11803 4 497
11807 7 870
11809 16 1989
11813 48 5969
11817 28 3483
11819 12 1493
11823 24 2987
11824 28 3485
11827 2 249
11829 48 5977
11833 16 1993
11834 7 872
11837 48 5981
11839 8 997
11841 14 1745
11843 3 374
11844 28 3491
11847 24 2993
11849 48 5987
11851 4 499
11853 48 5989
11854 14 1747
11857 16 1997
11858 28 3495
11859 6 749
11861 48 5993
11863 8 999
11864 28 3497
11867 12 1499
11868 14 1749
11869 16 1999
11871 24 2999
11873 48 5999
11874 1 125
11878 28 3501
11884 48 6005
11888 7 876
11894 24 3005
11898 4 501
11902 7 877
11904 16 2005
11908 48 6017
11912 28 3511
11914 12 1505
11918 24 3011
11919 28 3513
11922 2 251
11924 48 6025
11928 16 2009
11929 7 879
11932 48 6029
11934 8 1005
11936 14 1759
11938 3 377
11939 28 3519
11942 24 3017
11944 48 6035
11946 4 503
11948 48 6037
11949 14 1761
11952 16 2013
11953 28 3523
11954 6 755
11956 48 6041
11958 8 1007
11959 28 3525
11962 12 1511
11963 14 1763
11964 16 2015
11966 24 3023
11968 48 6047
11969 1 126
11973 28 3529
11979 48 6053
11983 7 883
11989 24 3029
11993 4 505
11997 7 884
11999 16 2021
12003 48 6065
12007 28 3539
12009 12 1517
12013 24 3035
12014 28 3541
12017 2 253
12019 48 6073
12023 16 2025
12024 7 886
12027 48 6077
12029 8 1013
12031 14 1773
12033 3 380
12034 28 3547
12037 24 3041
12039 48 6083
12041 4 507
12043 48 6085
12044 14 1775
12047 16 2029
12048 28 3551
12049 6 761
12051 48 6089
12053 8 1015
12054 28 3553
12057 12 1523
12058 14 1777
12059 16 2031
12061 24 3047
12063 48 6095
12064 1 127
12068 28 3557
12074 48 6101
12078 7 890
12084 24 3053
12088 4 509
12092 7 891
12094 16 2037
12098 48 6113
12102 28 3567
12104 12 1529
12108 24 3059
12109 28 3569
12112 2 255
12114 48 6121
12118 16 2041
12119 7 893
12122 48 6125
12124 8 1021
12126 14 1787
12128 3 383
12129 28 3575
12132 24 3065
12134 48 6131
12136 4 511
12138 48 6133
12139 14 1789
12142 16 2045
12143 28 3579
12144 6 767
12146 48 6137
12148 8 1023
12149 28 3581
12152 12 1535
12153 14 1791
12154 16 2047
12156 24 3071
12158 48 6143
12159 1 128
12163 28 3585
12169 48 6149
12173 7 897
12179 24 3077
12183 4 513
12187 7 898
12189 16 2053
12193 48 6161
12197 28 3595
12199 12 1541
12203 24 3083
12204 28 3597
12207 2 257
12209 48 6169
12213 16 2057
12214 7 900
12217 48 6173
12219 8 1029
12221 14 1801
12223 3 386
12224 28 3603
12227 24 3089
12229 48 6179
12231 4 515
12233 48 6181
12234 14 1803
12237 16 2061
12238 28 3607
12239 6 773
12241 48 6185
12243 8 1031
12244 28 3609
12247 12 1547
12248 14 1805
12249 16 2063
12251 24 3095
12253 48 6191
12254 1 129
