3612 58 300000000 13131 1000
2 20 1
3 19 1
5 10 1
6 19 2
8 20 3
9 19 3
11 5 1
12 19 4
14 4 1
15 19 5
17 10 3
18 19 6
20 20 7
21 19 7
23 5 2
24 19 8
26 20 9
27 19 9
30 19 10
33 19 11
36 19 12
39 19 13
42 19 14
45 19 15
48 19 16
51 19 17
54 19 18
57 1 1
60 20 21
61 19 20
63 10 11
64 19 21
66 20 23
67 19 22
69 5 6
70 19 23
72 4 5
73 19 24
75 10 13
76 19 25
78 20 27
79 19 26
81 5 7
82 19 27
84 20 29
85 19 28
88 19 29
91 19 30
94 19 31
97 19 32
100 19 33
103 19 34
106 19 35
109 19 36
112 19 37
115 1 2
118 20 41
119 19 39
121 10 21
122 19 40
124 20 43
125 19 41
127 5 11
128 19 42
130 4 9
131 19 43
133 10 23
134 19 44
136 20 47
137 19 45
139 5 12
140 19 46
142 20 49
143 19 47
146 19 48
149 19 49
152 19 50
155 19 51
158 19 52
161 19 53
164 19 54
167 19 55
170 19 56
173 1 3
176 20 61
177 19 58
179 10 31
180 19 59
182 20 63
183 19 60
185 5 16
186 19 61
188 4 13
189 19 62
191 10 33
192 19 63
194 20 67
195 19 64
197 5 17
198 19 65
200 20 69
201 19 66
204 19 67
207 19 68
210 19 69
213 19 70
216 19 71
219 19 72
222 19 73
225 19 74
228 19 75
231 1 4
234 20 81
235 19 77
237 10 41
238 19 78
240 20 83
241 19 79
243 5 21
244 19 80
246 4 17
247 19 81
249 10 43
250 19 82
252 20 87
253 19 83
255 5 22
256 19 84
258 20 89
259 19 85
262 19 86
265 19 87
268 19 88
271 19 89
274 19 90
277 19 91
280 19 92
283 19 93
286 19 94
289 1 5
292 20 101
293 19 96
295 10 51
296 19 97
298 20 103
299 19 98
301 5 26
302 19 99
304 4 21
305 19 100
307 10 53
308 19 101
310 20 107
311 19 102
313 5 27
314 19 103
316 20 109
317 19 104
320 19 105
323 19 106
326 19 107
329 19 108
332 19 109
335 19 110
338 19 111
341 19 112
344 19 113
347 1 6
350 20 121
351 19 115
353 10 61
354 19 116
356 20 123
357 19 117
359 5 31
360 19 118
362 4 25
363 19 119
365 10 63
366 19 120
368 20 127
369 19 121
371 5 32
372 19 122
374 20 129
375 19 123
378 19 124
381 19 125
384 19 126
387 19 127
390 19 128
393 19 129
396 19 130
399 19 131
402 19 132
405 1 7
408 20 141
409 19 134
411 10 71
412 19 135
414 20 143
415 19 136
417 5 36
418 19 137
420 4 29
421 19 138
423 10 73
424 19 139
426 20 147
427 19 140
429 5 37
430 19 141
432 20 149
433 19 142
436 19 143
439 19 144
442 19 145
445 19 146
448 19 147
451 19 148
454 19 149
457 19 150
460 19 151
463 1 8
466 20 161
467 19 153
469 10 81
470 19 154
472 20 163
473 19 155
475 5 41
476 19 156
478 4 33
479 19 157
481 10 83
482 19 158
484 20 167
485 19 159
487 5 42
488 19 160
490 20 169
491 19 161
494 19 162
497 19 163
500 19 164
503 19 165
506 19 166
509 19 167
512 19 168
515 19 169
518 19 170
521 1 9
524 20 181
525 19 172
527 10 91
528 19 173
530 20 183
531 19 174
533 5 46
534 19 175
536 4 37
537 19 176
539 10 93
540 19 177
542 20 187
543 19 178
545 5 47
546 19 179
548 20 189
549 19 180
552 19 181
555 19 182
558 19 183
561 19 184
564 19 185
567 19 186
570 19 187
573 19 188
576 19 189
579 1 10
582 20 201
583 19 191
585 10 101
586 19 192
588 20 203
589 19 193
591 5 51
592 19 194
594 4 41
595 19 195
597 10 103
598 19 196
600 20 207
601 19 197
603 5 52
604 19 198
606 20 209
607 19 199
610 19 200
613 19 201
616 19 202
619 19 203
622 19 204
625 19 205
628 19 206
631 19 207
634 19 208
637 1 11
640 20 221
641 19 210
643 10 111
644 19 211
646 20 223
647 19 212
649 5 56
650 19 213
652 4 45
653 19 214
655 10 113
656 19 215
658 20 227
659 19 216
661 5 57
662 19 217
664 20 229
665 19 218
668 19 219
671 19 220
674 19 221
677 19 222
680 19 223
683 19 224
686 19 225
689 19 226
692 19 227
695 1 12
698 20 241
699 19 229
701 10 121
702 19 230
704 20 243
705 19 231
707 5 61
708 19 232
710 4 49
711 19 233
713 10 123
714 19 234
716 20 247
717 19 235
719 5 62
720 19 236
722 20 249
723 19 237
726 19 238
729 19 239
732 19 240
735 19 241
738 19 242
741 19 243
744 19 244
747 19 245
750 19 246
753 1 13
756 20 261
757 19 248
759 10 131
760 19 249
762 20 263
763 19 250
765 5 66
766 19 251
768 4 53
769 19 252
771 10 133
772 19 253
774 20 267
775 19 254
777 5 67
778 19 255
780 20 269
781 19 256
784 19 257
787 19 258
790 19 259
793 19 260
796 19 261
799 19 262
802 19 263
805 19 264
808 19 265
811 1 14
814 20 281
815 19 267
817 10 141
818 19 268
820 20 283
821 19 269
823 5 71
824 19 270
826 4 57
827 19 271
829 10 143
830 19 272
832 20 287
833 19 273
835 5 72
836 19 274
838 20 289
839 19 275
842 19 276
845 19 277
848 19 278
851 19 279
854 19 280
857 19 281
860 19 282
863 19 283
866 19 284
869 1 15
872 20 301
873 19 286
875 10 151
876 19 287
878 20 303
879 19 288
881 5 76
882 19 289
884 4 61
885 19 290
887 10 153
888 19 291
890 20 307
891 19 292
893 5 77
894 19 293
896 20 309
897 19 294
900 19 295
903 19 296
906 19 297
909 19 298
912 19 299
915 19 300
918 19 301
921 19 302
924 19 303
927 1 16
930 20 321
931 19 305
933 10 161
934 19 306
936 20 323
937 19 307
939 5 81
940 19 308
942 4 65
943 19 309
945 10 163
946 19 310
948 20 327
949 19 311
951 5 82
952 19 312
954 20 329
955 19 313
958 19 314
961 19 315
964 19 316
967 19 317
970 19 318
973 19 319
976 19 320
979 19 321
982 19 322
985 1 17
988 20 341
989 19 324
991 10 171
992 19 325
994 20 343
995 19 326
997 5 86
998 19 327
1000 4 69
1001 19 328
1003 10 173
1004 19 329
1006 20 347
1007 19 330
1009 5 87
1010 19 331
1012 20 349
1013 19 332
1016 19 333
1019 19 334
1022 19 335
1025 19 336
1028 19 337
1031 19 338
1034 19 339
1037 19 340
1040 19 341
1043 1 18
1046 20 361
1047 19 343
1049 10 181
1050 19 344
1052 20 363
1053 19 345
1055 5 91
1056 19 346
1058 4 73
1059 19 347
1061 10 183
1062 19 348
1064 20 367
1065 19 349
1067 5 92
1068 19 350
1070 20 369
1071 19 351
1074 19 352
1077 19 353
1080 19 354
1083 19 355
1086 19 356
1089 19 357
1092 19 358
1095 19 359
1098 19 360
1101 1 19
1104 20 381
1105 19 362
1107 10 191
1108 19 363
1110 20 383
1111 19 364
1113 5 96
1114 19 365
1116 4 77
1117 19 366
1119 10 193
1120 19 367
1122 20 387
1123 19 368
1125 5 97
1126 19 369
1128 20 389
1129 19 370
1132 19 371
1135 19 372
1138 19 373
1141 19 374
1144 19 375
1147 19 376
1150 19 377
1153 19 378
1156 19 379
1159 1 20
1162 20 401
1163 19 381
1165 10 201
1166 19 382
1168 20 403
1169 19 383
1171 5 101
1172 19 384
1174 4 81
1175 19 385
1177 10 203
1178 19 386
1180 20 407
1181 19 387
1183 5 102
1184 19 388
1186 20 409
1187 19 389
1190 19 390
1193 19 391
1196 19 392
1199 19 393
1202 19 394
1205 19 395
1208 19 396
1211 19 397
1214 19 398
1217 1 21
1220 20 421
1221 19 400
1223 10 211
1224 19 401
1226 20 423
1227 19 402
1229 5 106
1230 19 403
1232 4 85
1233 19 404
1235 10 213
1236 19 405
1238 20 427
1239 19 406
1241 5 107
1242 19 407
1244 20 429
1245 19 408
1248 19 409
1251 19 410
1254 19 411
1257 19 412
1260 19 413
1263 19 414
1266 19 415
1269 19 416
1272 19 417
1275 1 22
1278 20 441
1279 19 419
1281 10 221
1282 19 420
1284 20 443
1285 19 421
1287 5 111
1288 19 422
1290 4 89
1291 19 423
1293 10 223
1294 19 424
1296 20 447
1297 19 425
1299 5 112
1300 19 426
1302 20 449
1303 19 427
1306 19 428
1309 19 429
1312 19 430
1315 19 431
1318 19 432
1321 19 433
1324 19 434
1327 19 435
1330 19 436
1333 1 23
1336 20 461
1337 19 438
1339 10 231
1340 19 439
1342 20 463
1343 19 440
1345 5 116
1346 19 441
1348 4 93
1349 19 442
1351 10 233
1352 19 443
1354 20 467
1355 19 444
1357 5 117
1358 19 445
1360 20 469
1361 19 446
1364 19 447
1367 19 448
1370 19 449
1373 19 450
1376 19 451
1379 19 452
1382 19 453
1385 19 454
1388 19 455
1391 1 24
1394 20 481
1395 19 457
1397 10 241
1398 19 458
1400 20 483
1401 19 459
1403 5 121
1404 19 460
1406 4 97
1407 19 461
1409 10 243
1410 19 462
1412 20 487
1413 19 463
1415 5 122
1416 19 464
1418 20 489
1419 19 465
1422 19 466
1425 19 467
1428 19 468
1431 19 469
1434 19 470
1437 19 471
1440 19 472
1443 19 473
1446 19 474
1449 1 25
1452 20 501
1453 19 476
1455 10 251
1456 19 477
1458 20 503
1459 19 478
1461 5 126
1462 19 479
1464 4 101
1465 19 480
1467 10 253
1468 19 481
1470 20 507
1471 19 482
1473 5 127
1474 19 483
1476 20 509
1477 19 484
1480 19 485
1483 19 486
1486 19 487
1489 19 488
1492 19 489
1495 19 490
1498 19 491
1501 19 492
1504 19 493
1507 1 26
1510 20 521
1511 19 495
1513 10 261
1514 19 496
1516 20 523
1517 19 497
1519 5 131
1520 19 498
1522 4 105
1523 19 499
1525 10 263
1526 19 500
1528 20 527
1529 19 501
1531 5 132
1532 19 502
1534 20 529
1535 19 503
1538 19 504
1541 19 505
1544 19 506
1547 19 507
1550 19 508
1553 19 509
1556 19 510
1559 19 511
1562 19 512
1565 1 27
1568 20 541
1569 19 514
1571 10 271
1572 19 515
1574 20 543
1575 19 516
1577 5 136
1578 19 517
1580 4 109
1581 19 518
1583 10 273
1584 19 519
1586 20 547
1587 19 520
1589 5 137
1590 19 521
1592 20 549
1593 19 522
1596 19 523
1599 19 524
1602 19 525
1605 19 526
1608 19 527
1611 19 528
1614 19 529
1617 19 530
1620 19 531
1623 1 28
1626 20 561
1627 19 533
1629 10 281
1630 19 534
1632 20 563
1633 19 535
1635 5 141
1636 19 536
1638 4 113
1639 19 537
1641 10 283
1642 19 538
1644 20 567
1645 19 539
1647 5 142
1648 19 540
1650 20 569
1651 19 541
1654 19 542
1657 19 543
1660 19 544
1663 19 545
1666 19 546
1669 19 547
1672 19 548
1675 19 549
1678 19 550
1681 1 29
1684 20 581
1685 19 552
1687 10 291
1688 19 553
1690 20 583
1691 19 554
1693 5 146
1694 19 555
1696 4 117
1697 19 556
1699 10 293
1700 19 557
1702 20 587
1703 19 558
1705 5 147
1706 19 559
1708 20 589
1709 19 560
1712 19 561
1715 19 562
1718 19 563
1721 19 564
1724 19 565
1727 19 566
1730 19 567
1733 19 568
1736 19 569
1739 1 30
1742 20 601
1743 19 571
1745 10 301
1746 19 572
1748 20 603
1749 19 573
1751 5 151
1752 19 574
1754 4 121
1755 19 575
1757 10 303
1758 19 576
1760 20 607
1761 19 577
1763 5 152
1764 19 578
1766 20 609
1767 19 579
1770 19 580
1773 19 581
1776 19 582
1779 19 583
1782 19 584
1785 19 585
1788 19 586
1791 19 587
1794 19 588
1797 1 31
1800 20 621
1801 19 590
1803 10 311
1804 19 591
1806 20 623
1807 19 592
1809 5 156
1810 19 593
1812 4 125
1813 19 594
1815 10 313
1816 19 595
1818 20 627
1819 19 596
1821 5 157
1822 19 597
1824 20 629
1825 19 598
1828 19 599
1831 19 600
1834 19 601
1837 19 602
1840 19 603
1843 19 604
1846 19 605
1849 19 606
1852 19 607
1855 1 32
1858 20 641
1859 19 609
1861 10 321
1862 19 610
1864 20 643
1865 19 611
1867 5 161
1868 19 612
1870 4 129
1871 19 613
1873 10 323
1874 19 614
1876 20 647
1877 19 615
1879 5 162
1880 19 616
1882 20 649
1883 19 617
1886 19 618
1889 19 619
1892 19 620
1895 19 621
1898 19 622
1901 19 623
1904 19 624
1907 19 625
1910 19 626
1913 1 33
1916 20 661
1917 19 628
1919 10 331
1920 19 629
1922 20 663
1923 19 630
1925 5 166
1926 19 631
1928 4 133
1929 19 632
1931 10 333
1932 19 633
1934 20 667
1935 19 634
1937 5 167
1938 19 635
1940 20 669
1941 19 636
1944 19 637
1947 19 638
1950 19 639
1953 19 640
1956 19 641
1959 19 642
1962 19 643
1965 19 644
1968 19 645
1971 1 34
1974 20 681
1975 19 647
1977 10 341
1978 19 648
1980 20 683
1981 19 649
1983 5 171
1984 19 650
1986 4 137
1987 19 651
1989 10 343
1990 19 652
1992 20 687
1993 19 653
1995 5 172
1996 19 654
1998 20 689
1999 19 655
2002 19 656
2005 19 657
2008 19 658
2011 19 659
2014 19 660
2017 19 661
2020 19 662
2023 19 663
2026 19 664
2029 1 35
2032 20 701
2033 19 666
2035 10 351
2036 19 667
2038 20 703
2039 19 668
2041 5 176
2042 19 669
2044 4 141
2045 19 670
2047 10 353
2048 19 671
2050 20 707
2051 19 672
2053 5 177
2054 19 673
2056 20 709
2057 19 674
2060 19 675
2063 19 676
2066 19 677
2069 19 678
2072 19 679
2075 19 680
2078 19 681
2081 19 682
2084 19 683
2087 1 36
2090 20 721
2091 19 685
2093 10 361
2094 19 686
2096 20 723
2097 19 687
2099 5 181
2100 19 688
2102 4 145
2103 19 689
2105 10 363
2106 19 690
2108 20 727
2109 19 691
2111 5 182
2112 19 692
2114 20 729
2115 19 693
2118 19 694
2121 19 695
2124 19 696
2127 19 697
2130 19 698
2133 19 699
2136 19 700
2139 19 701
2142 19 702
2145 1 37
2148 20 741
2149 19 704
2151 10 371
2152 19 705
2154 20 743
2155 19 706
2157 5 186
2158 19 707
2160 4 149
2161 19 708
2163 10 373
2164 19 709
2166 20 747
2167 19 710
2169 5 187
2170 19 711
2172 20 749
2173 19 712
2176 19 713
2179 19 714
2182 19 715
2185 19 716
2188 19 717
2191 19 718
2194 19 719
2197 19 720
2200 19 721
2203 1 38
2206 20 761
2207 19 723
2209 10 381
2210 19 724
2212 20 763
2213 19 725
2215 5 191
2216 19 726
2218 4 153
2219 19 727
2221 10 383
2222 19 728
2224 20 767
2225 19 729
2227 5 192
2228 19 730
2230 20 769
2231 19 731
2234 19 732
2237 19 733
2240 19 734
2243 19 735
2246 19 736
2249 19 737
2252 19 738
2255 19 739
2258 19 740
2261 1 39
2264 20 781
2265 19 742
2267 10 391
2268 19 743
2270 20 783
2271 19 744
2273 5 196
2274 19 745
2276 4 157
2277 19 746
2279 10 393
2280 19 747
2282 20 787
2283 19 748
2285 5 197
2286 19 749
2288 20 789
2289 19 750
2292 19 751
2295 19 752
2298 19 753
2301 19 754
2304 19 755
2307 19 756
2310 19 757
2313 19 758
2316 19 759
2319 1 40
2322 20 801
2323 19 761
2325 10 401
2326 19 762
2328 20 803
2329 19 763
2331 5 201
2332 19 764
2334 4 161
2335 19 765
2337 10 403
2338 19 766
2340 20 807
2341 19 767
2343 5 202
2344 19 768
2346 20 809
2347 19 769
2350 19 770
2353 19 771
2356 19 772
2359 19 773
2362 19 774
2365 19 775
2368 19 776
2371 19 777
2374 19 778
2377 1 41
2380 20 821
2381 19 780
2383 10 411
2384 19 781
2386 20 823
2387 19 782
2389 5 206
2390 19 783
2392 4 165
2393 19 784
2395 10 413
2396 19 785
2398 20 827
2399 19 786
2401 5 207
2402 19 787
2404 20 829
2405 19 788
2408 19 789
2411 19 790
2414 19 791
2417 19 792
2420 19 793
2423 19 794
2426 19 795
2429 19 796
2432 19 797
2435 1 42
2438 20 841
2439 19 799
2441 10 421
2442 19 800
2444 20 843
2445 19 801
2447 5 211
2448 19 802
2450 4 169
2451 19 803
2453 10 423
2454 19 804
2456 20 847
2457 19 805
2459 5 212
2460 19 806
2462 20 849
2463 19 807
2466 19 808
2469 19 809
2472 19 810
2475 19 811
2478 19 812
2481 19 813
2484 19 814
2487 19 815
2490 19 816
2493 1 43
2496 20 861
2497 19 818
2499 10 431
2500 19 819
2502 20 863
2503 19 820
2505 5 216
2506 19 821
2508 4 173
2509 19 822
2511 10 433
2512 19 823
2514 20 867
2515 19 824
2517 5 217
2518 19 825
2520 20 869
2521 19 826
2524 19 827
2527 19 828
2530 19 829
2533 19 830
2536 19 831
2539 19 832
2542 19 833
2545 19 834
2548 19 835
2551 1 44
2554 20 881
2555 19 837
2557 10 441
2558 19 838
2560 20 883
2561 19 839
2563 5 221
2564 19 840
2566 4 177
2567 19 841
2569 10 443
2570 19 842
2572 20 887
2573 19 843
2575 5 222
2576 19 844
2578 20 889
2579 19 845
2582 19 846
2585 19 847
2588 19 848
2591 19 849
2594 19 850
2597 19 851
2600 19 852
2603 19 853
2606 19 854
2609 1 45
2612 20 901
2613 19 856
2615 10 451
2616 19 857
2618 20 903
2619 19 858
2621 5 226
2622 19 859
2624 4 181
2625 19 860
2627 10 453
2628 19 861
2630 20 907
2631 19 862
2633 5 227
2634 19 863
2636 20 909
2637 19 864
2640 19 865
2643 19 866
2646 19 867
2649 19 868
2652 19 869
2655 19 870
2658 19 871
2661 19 872
2664 19 873
2667 1 46
2670 20 921
2671 19 875
2673 10 461
2674 19 876
2676 20 923
2677 19 877
2679 5 231
2680 19 878
2682 4 185
2683 19 879
2685 10 463
2686 19 880
2688 20 927
2689 19 881
2691 5 232
2692 19 882
2694 20 929
2695 19 883
2698 19 884
2701 19 885
2704 19 886
2707 19 887
2710 19 888
2713 19 889
2716 19 890
2719 19 891
2722 19 892
2725 1 47
2728 20 941
2729 19 894
2731 10 471
2732 19 895
2734 20 943
2735 19 896
2737 5 236
2738 19 897
2740 4 189
2741 19 898
2743 10 473
2744 19 899
2746 20 947
2747 19 900
2749 5 237
2750 19 901
2752 20 949
2753 19 902
2756 19 903
2759 19 904
2762 19 905
2765 19 906
2768 19 907
2771 19 908
2774 19 909
2777 19 910
2780 19 911
2783 1 48
2786 20 961
2787 19 913
2789 10 481
2790 19 914
2792 20 963
2793 19 915
2795 5 241
2796 19 916
2798 4 193
2799 19 917
2801 10 483
2802 19 918
2804 20 967
2805 19 919
2807 5 242
2808 19 920
2810 20 969
2811 19 921
2814 19 922
2817 19 923
2820 19 924
2823 19 925
2826 19 926
2829 19 927
2832 19 928
2835 19 929
2838 19 930
2841 1 49
2844 20 981
2845 19 932
2847 10 491
2848 19 933
2850 20 983
2851 19 934
2853 5 246
2854 19 935
2856 4 197
2857 19 936
2859 10 493
2860 19 937
2862 20 987
2863 19 938
2865 5 247
2866 19 939
2868 20 989
2869 19 940
2872 19 941
2875 19 942
2878 19 943
2881 19 944
2884 19 945
2887 19 946
2890 19 947
2893 19 948
2896 19 949
2899 1 50
2902 20 1001
2903 19 951
2905 10 501
2906 19 952
2908 20 1003
2909 19 953
2911 5 251
2912 19 954
2914 4 201
2915 19 955
2917 10 503
2918 19 956
2920 20 1007
2921 19 957
2923 5 252
2924 19 958
2926 20 1009
2927 19 959
2930 19 960
2933 19 961
2936 19 962
2939 19 963
2942 19 964
2945 19 965
2948 19 966
2951 19 967
2954 19 968
2957 1 51
2960 20 1021
2961 19 970
2963 10 511
2964 19 971
2966 20 1023
2967 19 972
2969 5 256
2970 19 973
2972 4 205
2973 19 974
2975 10 513
2976 19 975
2978 20 1027
2979 19 976
2981 5 257
2982 19 977
2984 20 1029
2985 19 978
2988 19 979
2991 19 980
2994 19 981
2997 19 982
3000 19 983
3003 19 984
3006 19 985
3009 19 986
3012 19 987
3015 1 52
3018 20 1041
3019 19 989
3021 10 521
3022 19 990
3024 20 1043
3025 19 991
3027 5 261
3028 19 992
3030 4 209
3031 19 993
3033 10 523
3034 19 994
3036 20 1047
3037 19 995
3039 5 262
3040 19 996
3042 20 1049
3043 19 997
3046 19 998
3049 19 999
3052 19 1000
3055 19 1001
3058 19 1002
3061 19 1003
3064 19 1004
3067 19 1005
3070 19 1006
3073 1 53
3076 20 1061
3077 19 1008
3079 10 531
3080 19 1009
3082 20 1063
3083 19 1010
3085 5 266
3086 19 1011
3088 4 213
3089 19 1012
3091 10 533
3092 19 1013
3094 20 1067
3095 19 1014
3097 5 267
3098 19 1015
3100 20 1069
3101 19 1016
3104 19 1017
3107 19 1018
3110 19 1019
3113 19 1020
3116 19 1021
3119 19 1022
3122 19 1023
3125 19 1024
3128 19 1025
3131 1 54
3134 20 1081
3135 19 1027
3137 10 541
3138 19 1028
3140 20 1083
3141 19 1029
3143 5 271
3144 19 1030
3146 4 217
3147 19 1031
3149 10 543
3150 19 1032
3152 20 1087
3153 19 1033
3155 5 272
3156 19 1034
3158 20 1089
3159 19 1035
3162 19 1036
3165 19 1037
3168 19 1038
3171 19 1039
3174 19 1040
3177 19 1041
3180 19 1042
3183 19 1043
3186 19 1044
3189 1 55
3192 20 1101
3193 19 1046
3195 10 551
3196 19 1047
3198 20 1103
3199 19 1048
3201 5 276
3202 19 1049
3204 4 221
3205 19 1050
3207 10 553
3208 19 1051
3210 20 1107
3211 19 1052
3213 5 277
3214 19 1053
3216 20 1109
3217 19 1054
3220 19 1055
3223 19 1056
3226 19 1057
3229 19 1058
3232 19 1059
3235 19 1060
3238 19 1061
3241 19 1062
3244 19 1063
3247 1 56
3250 20 1121
3251 19 1065
3253 10 561
3254 19 1066
3256 20 1123
3257 19 1067
3259 5 281
3260 19 1068
3262 4 225
3263 19 1069
3265 10 563
3266 19 1070
3268 20 1127
3269 19 1071
3271 5 282
3272 19 1072
3274 20 1129
3275 19 1073
3278 19 1074
3281 19 1075
3284 19 1076
3287 19 1077
3290 19 1078
3293 19 1079
3296 19 1080
3299 19 1081
3302 19 1082
3305 1 57
3308 20 1141
3309 19 1084
3311 10 571
3312 19 1085
3314 20 1143
3315 19 1086
3317 5 286
3318 19 1087
3320 4 229
3321 19 1088
3323 10 573
3324 19 1089
3326 20 1147
3327 19 1090
3329 5 287
3330 19 1091
3332 20 1149
3333 19 1092
3336 19 1093
3339 19 1094
3342 19 1095
3345 19 1096
3348 19 1097
3351 19 1098
3354 19 1099
3357 19 1100
3360 19 1101
3363 1 58
3366 20 1161
3367 19 1103
3369 10 581
3370 19 1104
3372 20 1163
3373 19 1105
3375 5 291
3376 19 1106
3378 4 233
3379 19 1107
3381 10 583
3382 19 1108
3384 20 1167
3385 19 1109
3387 5 292
3388 19 1110
3390 20 1169
3391 19 1111
3394 19 1112
3397 19 1113
3400 19 1114
3403 19 1115
3406 19 1116
3409 19 1117
3412 19 1118
3415 19 1119
3418 19 1120
3421 1 59
3424 20 1181
3425 19 1122
3427 10 591
3428 19 1123
3430 20 1183
3431 19 1124
3433 5 296
3434 19 1125
3436 4 237
3437 19 1126
3439 10 593
3440 19 1127
3442 20 1187
3443 19 1128
3445 5 297
3446 19 1129
3448 20 1189
3449 19 1130
3452 19 1131
3455 19 1132
3458 19 1133
3461 19 1134
3464 19 1135
3467 19 1136
3470 19 1137
3473 19 1138
3476 19 1139
3479 1 60
3482 20 1201
3483 19 1141
3485 10 601
3486 19 1142
3488 20 1203
3489 19 1143
3491 5 301
3492 19 1144
3494 4 241
3495 19 1145
3497 10 603
3498 19 1146
3500 20 1207
3501 19 1147
3503 5 302
3504 19 1148
3506 20 1209
3507 19 1149
3510 19 1150
3513 19 1151
3516 19 1152
3519 19 1153
3522 19 1154
3525 19 1155
3528 19 1156
3531 19 1157
3534 19 1158
3537 1 61
3540 20 1221
3541 19 1160
3543 10 611
3544 19 1161
3546 20 1223
3547 19 1162
3549 5 306
3550 19 1163
3552 4 245
3553 19 1164
3555 10 613
3556 19 1165
3558 20 1227
3559 19 1166
3561 5 307
3562 19 1167
3564 20 1229
3565 19 1168
3568 19 1169
3571 19 1170
3574 19 1171
3577 19 1172
3580 19 1173
3583 19 1174
3586 19 1175
3589 19 1176
3592 19 1177
3595 1 62
3598 20 1241
3599 19 1179
3601 10 621
3602 19 1180
3604 20 1243
3605 19 1181
3607 5 311
3608 19 1182
3610 4 249
3611 19 1183
3613 10 623
3614 19 1184
3616 20 1247
3617 19 1185
3619 5 312
3620 19 1186
3622 20 1249
3623 19 1187
3626 19 1188
3629 19 1189
3632 19 1190
3635 19 1191
3638 19 1192
3641 19 1193
3644 19 1194
3647 19 1195
3650 19 1196
3653 1 63
3656 20 1261
3657 19 1198
3659 10 631
3660 19 1199
3662 20 1263
3663 19 1200
3665 5 316
3666 19 1201
3668 4 253
3669 19 1202
3671 10 633
3672 19 1203
3674 20 1267
3675 19 1204
3677 5 317
3678 19 1205
3680 20 1269
3681 19 1206
3684 19 1207
3687 19 1208
3690 19 1209
3693 19 1210
3696 19 1211
3699 19 1212
3702 19 1213
3705 19 1214
3708 19 1215
3711 1 64
3714 20 1281
3715 19 1217
3717 10 641
3718 19 1218
3720 20 1283
3721 19 1219
3723 5 321
3724 19 1220
3726 4 257
3727 19 1221
3729 10 643
3730 19 1222
3732 20 1287
3733 19 1223
3735 5 322
3736 19 1224
3738 20 1289
3739 19 1225
3742 19 1226
3745 19 1227
3748 19 1228
3751 19 1229
3754 19 1230
3757 19 1231
3760 19 1232
3763 19 1233
3766 19 1234
3769 1 65
3772 20 1301
3773 19 1236
3775 10 651
3776 19 1237
3778 20 1303
3779 19 1238
3781 5 326
3782 19 1239
3784 4 261
3785 19 1240
3787 10 653
3788 19 1241
3790 20 1307
3791 19 1242
3793 5 327
3794 19 1243
3796 20 1309
3797 19 1244
3800 19 1245
3803 19 1246
3806 19 1247
3809 19 1248
3812 19 1249
3815 19 1250
3818 19 1251
3821 19 1252
3824 19 1253
3827 1 66
3830 20 1321
3831 19 1255
3833 10 661
3834 19 1256
3836 20 1323
3837 19 1257
3839 5 331
3840 19 1258
3842 4 265
3843 19 1259
3845 10 663
3846 19 1260
3848 20 1327
3849 19 1261
3851 5 332
3852 19 1262
3854 20 1329
3855 19 1263
3858 19 1264
3861 19 1265
3864 19 1266
3867 19 1267
3870 19 1268
3873 19 1269
3876 19 1270
3879 19 1271
3882 19 1272
3885 1 67
3888 20 1341
3889 19 1274
3891 10 671
3892 19 1275
3894 20 1343
3895 19 1276
3897 5 336
3898 19 1277
3900 4 269
3901 19 1278
3903 10 673
3904 19 1279
3906 20 1347
3907 19 1280
3909 5 337
3910 19 1281
3912 20 1349
3913 19 1282
3916 19 1283
3919 19 1284
3922 19 1285
3925 19 1286
3928 19 1287
3931 19 1288
3934 19 1289
3937 19 1290
3940 19 1291
3943 1 68
3946 20 1361
3947 19 1293
3949 10 681
3950 19 1294
3952 20 1363
3953 19 1295
3955 5 341
3956 19 1296
3958 4 273
3959 19 1297
3961 10 683
3962 19 1298
3964 20 1367
3965 19 1299
3967 5 342
3968 19 1300
3970 20 1369
3971 19 1301
3974 19 1302
3977 19 1303
3980 19 1304
3983 19 1305
3986 19 1306
3989 19 1307
3992 19 1308
3995 19 1309
3998 19 1310
4001 1 69
4004 20 1381
4005 19 1312
4007 10 691
4008 19 1313
4010 20 1383
4011 19 1314
4013 5 346
4014 19 1315
4016 4 277
4017 19 1316
4019 10 693
4020 19 1317
4022 20 1387
4023 19 1318
4025 5 347
4026 19 1319
4028 20 1389
4029 19 1320
4032 19 1321
4035 19 1322
4038 19 1323
4041 19 1324
4044 19 1325
4047 19 1326
4050 19 1327
4053 19 1328
4056 19 1329
4059 1 70
4062 20 1401
4063 19 1331
4065 10 701
4066 19 1332
4068 20 1403
4069 19 1333
4071 5 351
4072 19 1334
4074 4 281
4075 19 1335
4077 10 703
4078 19 1336
4080 20 1407
4081 19 1337
4083 5 352
4084 19 1338
4086 20 1409
4087 19 1339
4090 19 1340
4093 19 1341
4096 19 1342
4099 19 1343
4102 19 1344
4105 19 1345
4108 19 1346
4111 19 1347
4114 19 1348
4117 1 71
4120 20 1421
4121 19 1350
4123 10 711
4124 19 1351
4126 20 1423
4127 19 1352
4129 5 356
4130 19 1353
4132 4 285
4133 19 1354
4135 10 713
4136 19 1355
4138 20 1427
4139 19 1356
4141 5 357
4142 19 1357
4144 20 1429
4145 19 1358
4148 19 1359
4151 19 1360
4154 19 1361
4157 19 1362
4160 19 1363
4163 19 1364
4166 19 1365
4169 19 1366
4172 19 1367
4175 1 72
4178 20 1441
4179 19 1369
4181 10 721
4182 19 1370
4184 20 1443
4185 19 1371
4187 5 361
4188 19 1372
4190 4 289
4191 19 1373
4193 10 723
4194 19 1374
4196 20 1447
4197 19 1375
4199 5 362
4200 19 1376
4202 20 1449
4203 19 1377
4206 19 1378
4209 19 1379
4212 19 1380
4215 19 1381
4218 19 1382
4221 19 1383
4224 19 1384
4227 19 1385
4230 19 1386
4233 1 73
4236 20 1461
4237 19 1388
4239 10 731
4240 19 1389
4242 20 1463
4243 19 1390
4245 5 366
4246 19 1391
4248 4 293
4249 19 1392
4251 10 733
4252 19 1393
4254 20 1467
4255 19 1394
4257 5 367
4258 19 1395
4260 20 1469
4261 19 1396
4264 19 1397
4267 19 1398
4270 19 1399
4273 19 1400
4276 19 1401
4279 19 1402
4282 19 1403
4285 19 1404
4288 19 1405
4291 1 74
4294 20 1481
4295 19 1407
4297 10 741
4298 19 1408
4300 20 1483
4301 19 1409
4303 5 371
4304 19 1410
4306 4 297
4307 19 1411
4309 10 743
4310 19 1412
4312 20 1487
4313 19 1413
4315 5 372
4316 19 1414
4318 20 1489
4319 19 1415
4322 19 1416
4325 19 1417
4328 19 1418
4331 19 1419
4334 19 1420
4337 19 1421
4340 19 1422
4343 19 1423
4346 19 1424
4349 1 75
4352 20 1501
4353 19 1426
4355 10 751
4356 19 1427
4358 20 1503
4359 19 1428
4361 5 376
4362 19 1429
4364 4 301
4365 19 1430
4367 10 753
4368 19 1431
4370 20 1507
4371 19 1432
4373 5 377
4374 19 1433
4376 20 1509
4377 19 1434
4380 19 1435
4383 19 1436
4386 19 1437
4389 19 1438
4392 19 1439
4395 19 1440
4398 19 1441
4401 19 1442
4404 19 1443
4407 1 76
4410 20 1521
4411 19 1445
4413 10 761
4414 19 1446
4416 20 1523
4417 19 1447
4419 5 381
4420 19 1448
4422 4 305
4423 19 1449
4425 10 763
4426 19 1450
4428 20 1527
4429 19 1451
4431 5 382
4432 19 1452
4434 20 1529
4435 19 1453
4438 19 1454
4441 19 1455
4444 19 1456
4447 19 1457
4450 19 1458
4453 19 1459
4456 19 1460
4459 19 1461
4462 19 1462
4465 1 77
4468 20 1541
4469 19 1464
4471 10 771
4472 19 1465
4474 20 1543
4475 19 1466
4477 5 386
4478 19 1467
4480 4 309
4481 19 1468
4483 10 773
4484 19 1469
4486 20 1547
4487 19 1470
4489 5 387
4490 19 1471
4492 20 1549
4493 19 1472
4496 19 1473
4499 19 1474
4502 19 1475
4505 19 1476
4508 19 1477
4511 19 1478
4514 19 1479
4517 19 1480
4520 19 1481
4523 1 78
4526 20 1561
4527 19 1483
4529 10 781
4530 19 1484
4532 20 1563
4533 19 1485
4535 5 391
4536 19 1486
4538 4 313
4539 19 1487
4541 10 783
4542 19 1488
4544 20 1567
4545 19 1489
4547 5 392
4548 19 1490
4550 20 1569
4551 19 1491
4554 19 1492
4557 19 1493
4560 19 1494
4563 19 1495
4566 19 1496
4569 19 1497
4572 19 1498
4575 19 1499
4578 19 1500
4581 1 79
4584 20 1581
4585 19 1502
4587 10 791
4588 19 1503
4590 20 1583
4591 19 1504
4593 5 396
4594 19 1505
4596 4 317
4597 19 1506
4599 10 793
4600 19 1507
4602 20 1587
4603 19 1508
4605 5 397
4606 19 1509
4608 20 1589
4609 19 1510
4612 19 1511
4615 19 1512
4618 19 1513
4621 19 1514
4624 19 1515
4627 19 1516
4630 19 1517
4633 19 1518
4636 19 1519
4639 1 80
4642 20 1601
4643 19 1521
4645 10 801
4646 19 1522
4648 20 1603
4649 19 1523
4651 5 401
4652 19 1524
4654 4 321
4655 19 1525
4657 10 803
4658 19 1526
4660 20 1607
4661 19 1527
4663 5 402
4664 19 1528
4666 20 1609
4667 19 1529
4670 19 1530
4673 19 1531
4676 19 1532
4679 19 1533
4682 19 1534
4685 19 1535
4688 19 1536
4691 19 1537
4694 19 1538
4697 1 81
4700 20 1621
4701 19 1540
4703 10 811
4704 19 1541
4706 20 1623
4707 19 1542
4709 5 406
4710 19 1543
4712 4 325
4713 19 1544
4715 10 813
4716 19 1545
4718 20 1627
4719 19 1546
4721 5 407
4722 19 1547
4724 20 1629
4725 19 1548
4728 19 1549
4731 19 1550
4734 19 1551
4737 19 1552
4740 19 1553
4743 19 1554
4746 19 1555
4749 19 1556
4752 19 1557
4755 1 82
4758 20 1641
4759 19 1559
4761 10 821
4762 19 1560
4764 20 1643
4765 19 1561
4767 5 411
4768 19 1562
4770 4 329
4771 19 1563
4773 10 823
4774 19 1564
4776 20 1647
4777 19 1565
4779 5 412
4780 19 1566
4782 20 1649
4783 19 1567
4786 19 1568
4789 19 1569
4792 19 1570
4795 19 1571
4798 19 1572
4801 19 1573
4804 19 1574
4807 19 1575
4810 19 1576
4813 1 83
4816 20 1661
4817 19 1578
4819 10 831
4820 19 1579
4822 20 1663
4823 19 1580
4825 5 416
4826 19 1581
4828 4 333
4829 19 1582
4831 10 833
4832 19 1583
4834 20 1667
4835 19 1584
4837 5 417
4838 19 1585
4840 20 1669
4841 19 1586
4844 19 1587
4847 19 1588
4850 19 1589
4853 19 1590
4856 19 1591
4859 19 1592
4862 19 1593
4865 19 1594
4868 19 1595
4871 1 84
4874 20 1681
4875 19 1597
4877 10 841
4878 19 1598
4880 20 1683
4881 19 1599
4883 5 421
4884 19 1600
4886 4 337
4887 19 1601
4889 10 843
4890 19 1602
4892 20 1687
4893 19 1603
4895 5 422
4896 19 1604
4898 20 1689
4899 19 1605
4902 19 1606
4905 19 1607
4908 19 1608
4911 19 1609
4914 19 1610
4917 19 1611
4920 19 1612
4923 19 1613
4926 19 1614
4929 1 85
4932 20 1701
4933 19 1616
4935 10 851
4936 19 1617
4938 20 1703
4939 19 1618
4941 5 426
4942 19 1619
4944 4 341
4945 19 1620
4947 10 853
4948 19 1621
4950 20 1707
4951 19 1622
4953 5 427
4954 19 1623
4956 20 1709
4957 19 1624
4960 19 1625
4963 19 1626
4966 19 1627
4969 19 1628
4972 19 1629
4975 19 1630
4978 19 1631
4981 19 1632
4984 19 1633
4987 1 86
4990 20 1721
4991 19 1635
4993 10 861
4994 19 1636
4996 20 1723
4997 19 1637
4999 5 431
5000 19 1638
5002 4 345
5003 19 1639
5005 10 863
5006 19 1640
5008 20 1727
5009 19 1641
5011 5 432
5012 19 1642
5014 20 1729
5015 19 1643
5018 19 1644
5021 19 1645
5024 19 1646
5027 19 1647
5030 19 1648
5033 19 1649
5036 19 1650
5039 19 1651
5042 19 1652
5045 1 87
5048 20 1741
5049 19 1654
5051 10 871
5052 19 1655
5054 20 1743
5055 19 1656
5057 5 436
5058 19 1657
5060 4 349
5061 19 1658
5063 10 873
5064 19 1659
5066 20 1747
5067 19 1660
5069 5 437
5070 19 1661
5072 20 1749
5073 19 1662
5076 19 1663
5079 19 1664
5082 19 1665
5085 19 1666
5088 19 1667
5091 19 1668
5094 19 1669
5097 19 1670
5100 19 1671
5103 1 88
5106 20 1761
5107 19 1673
5109 10 881
5110 19 1674
5112 20 1763
5113 19 1675
5115 5 441
5116 19 1676
5118 4 353
5119 19 1677
5121 10 883
5122 19 1678
5124 20 1767
5125 19 1679
5127 5 442
5128 19 1680
5130 20 1769
5131 19 1681
5134 19 1682
5137 19 1683
5140 19 1684
5143 19 1685
5146 19 1686
5149 19 1687
5152 19 1688
5155 19 1689
5158 19 1690
5161 1 89
5164 20 1781
5165 19 1692
5167 10 891
5168 19 1693
5170 20 1783
5171 19 1694
5173 5 446
5174 19 1695
5176 4 357
5177 19 1696
5179 10 893
5180 19 1697
5182 20 1787
5183 19 1698
5185 5 447
5186 19 1699
5188 20 1789
5189 19 1700
5192 19 1701
5195 19 1702
5198 19 1703
5201 19 1704
5204 19 1705
5207 19 1706
5210 19 1707
5213 19 1708
5216 19 1709
5219 1 90
5222 20 1801
5223 19 1711
5225 10 901
5226 19 1712
5228 20 1803
5229 19 1713
5231 5 451
5232 19 1714
5234 4 361
5235 19 1715
5237 10 903
5238 19 1716
5240 20 1807
5241 19 1717
5243 5 452
5244 19 1718
5246 20 1809
5247 19 1719
5250 19 1720
5253 19 1721
5256 19 1722
5259 19 1723
5262 19 1724
5265 19 1725
5268 19 1726
5271 19 1727
5274 19 1728
5277 1 91
5280 20 1821
5281 19 1730
5283 10 911
5284 19 1731
5286 20 1823
5287 19 1732
5289 5 456
5290 19 1733
5292 4 365
5293 19 1734
5295 10 913
5296 19 1735
5298 20 1827
5299 19 1736
5301 5 457
5302 19 1737
5304 20 1829
5305 19 1738
5308 19 1739
5311 19 1740
5314 19 1741
5317 19 1742
5320 19 1743
5323 19 1744
5326 19 1745
5329 19 1746
5332 19 1747
5335 1 92
5338 20 1841
5339 19 1749
5341 10 921
5342 19 1750
5344 20 1843
5345 19 1751
5347 5 461
5348 19 1752
5350 4 369
5351 19 1753
5353 10 923
5354 19 1754
5356 20 1847
5357 19 1755
5359 5 462
5360 19 1756
5362 20 1849
5363 19 1757
5366 19 1758
5369 19 1759
5372 19 1760
5375 19 1761
5378 19 1762
5381 19 1763
5384 19 1764
5387 19 1765
5390 19 1766
5393 1 93
5396 20 1861
5397 19 1768
5399 10 931
5400 19 1769
5402 20 1863
5403 19 1770
5405 5 466
5406 19 1771
5408 4 373
5409 19 1772
5411 10 933
5412 19 1773
5414 20 1867
5415 19 1774
5417 5 467
5418 19 1775
5420 20 1869
5421 19 1776
5424 19 1777
5427 19 1778
5430 19 1779
5433 19 1780
5436 19 1781
5439 19 1782
5442 19 1783
5445 19 1784
5448 19 1785
5451 1 94
5454 20 1881
5455 19 1787
5457 10 941
5458 19 1788
5460 20 1883
5461 19 1789
5463 5 471
5464 19 1790
5466 4 377
5467 19 1791
5469 10 943
5470 19 1792
5472 20 1887
5473 19 1793
5475 5 472
5476 19 1794
5478 20 1889
5479 19 1795
5482 19 1796
5485 19 1797
5488 19 1798
5491 19 1799
5494 19 1800
5497 19 1801
5500 19 1802
5503 19 1803
5506 19 1804
5509 1 95
5512 20 1901
5513 19 1806
5515 10 951
5516 19 1807
5518 20 1903
5519 19 1808
5521 5 476
5522 19 1809
5524 4 381
5525 19 1810
5527 10 953
5528 19 1811
5530 20 1907
5531 19 1812
5533 5 477
5534 19 1813
5536 20 1909
5537 19 1814
5540 19 1815
5543 19 1816
5546 19 1817
5549 19 1818
5552 19 1819
5555 19 1820
5558 19 1821
5561 19 1822
5564 19 1823
5567 1 96
5570 20 1921
5571 19 1825
5573 10 961
5574 19 1826
5576 20 1923
5577 19 1827
5579 5 481
5580 19 1828
5582 4 385
5583 19 1829
5585 10 963
5586 19 1830
5588 20 1927
5589 19 1831
5591 5 482
5592 19 1832
5594 20 1929
5595 19 1833
5598 19 1834
5601 19 1835
5604 19 1836
5607 19 1837
5610 19 1838
5613 19 1839
5616 19 1840
5619 19 1841
5622 19 1842
5625 1 97
5628 20 1941
5629 19 1844
5631 10 971
5632 19 1845
5634 20 1943
5635 19 1846
5637 5 486
5638 19 1847
5640 4 389
5641 19 1848
5643 10 973
5644 19 1849
5646 20 1947
5647 19 1850
5649 5 487
5650 19 1851
5652 20 1949
5653 19 1852
5656 19 1853
5659 19 1854
5662 19 1855
5665 19 1856
5668 19 1857
5671 19 1858
5674 19 1859
5677 19 1860
5680 19 1861
5683 1 98
5686 20 1961
5687 19 1863
5689 10 981
5690 19 1864
5692 20 1963
5693 19 1865
5695 5 491
5696 19 1866
5698 4 393
5699 19 1867
5701 10 983
5702 19 1868
5704 20 1967
5705 19 1869
5707 5 492
5708 19 1870
5710 20 1969
5711 19 1871
5714 19 1872
5717 19 1873
5720 19 1874
5723 19 1875
5726 19 1876
5729 19 1877
5732 19 1878
5735 19 1879
5738 19 1880
5741 1 99
5744 20 1981
5745 19 1882
5747 10 991
5748 19 1883
5750 20 1983
5751 19 1884
5753 5 496
5754 19 1885
5756 4 397
5757 19 1886
5759 10 993
5760 19 1887
5762 20 1987
5763 19 1888
5765 5 497
5766 19 1889
5768 20 1989
5769 19 1890
5772 19 1891
5775 19 1892
5778 19 1893
5781 19 1894
5784 19 1895
5787 19 1896
5790 19 1897
5793 19 1898
5796 19 1899
5799 1 100
5802 20 2001
5803 19 1901
5805 10 1001
5806 19 1902
5808 20 2003
5809 19 1903
5811 5 501
5812 19 1904
5814 4 401
5815 19 1905
5817 10 1003
5818 19 1906
5820 20 2007
5821 19 1907
5823 5 502
5824 19 1908
5826 20 2009
5827 19 1909
5830 19 1910
5833 19 1911
5836 19 1912
5839 19 1913
5842 19 1914
5845 19 1915
5848 19 1916
5851 19 1917
5854 19 1918
5857 1 101
5860 20 2021
5861 19 1920
5863 10 1011
5864 19 1921
5866 20 2023
5867 19 1922
5869 5 506
5870 19 1923
5872 4 405
5873 19 1924
5875 10 1013
5876 19 1925
5878 20 2027
5879 19 1926
5881 5 507
5882 19 1927
5884 20 2029
5885 19 1928
5888 19 1929
5891 19 1930
5894 19 1931
5897 19 1932
5900 19 1933
5903 19 1934
5906 19 1935
5909 19 1936
5912 19 1937
5915 1 102
5918 20 2041
5919 19 1939
5921 10 1021
5922 19 1940
5924 20 2043
5925 19 1941
5927 5 511
5928 19 1942
5930 4 409
5931 19 1943
5933 10 1023
5934 19 1944
5936 20 2047
5937 19 1945
5939 5 512
5940 19 1946
5942 20 2049
5943 19 1947
5946 19 1948
5949 19 1949
5952 19 1950
5955 19 1951
5958 19 1952
5961 19 1953
5964 19 1954
5967 19 1955
5970 19 1956
5973 1 103
5976 20 2061
5977 19 1958
5979 10 1031
5980 19 1959
5982 20 2063
5983 19 1960
5985 5 516
5986 19 1961
5988 4 413
5989 19 1962
5991 10 1033
5992 19 1963
5994 20 2067
5995 19 1964
5997 5 517
5998 19 1965
6000 20 2069
6001 19 1966
6004 19 1967
6007 19 1968
6010 19 1969
6013 19 1970
6016 19 1971
6019 19 1972
6022 19 1973
6025 19 1974
6028 19 1975
6031 1 104
6034 20 2081
6035 19 1977
6037 10 1041
6038 19 1978
6040 20 2083
6041 19 1979
6043 5 521
6044 19 1980
6046 4 417
6047 19 1981
6049 10 1043
6050 19 1982
6052 20 2087
6053 19 1983
6055 5 522
6056 19 1984
6058 20 2089
6059 19 1985
6062 19 1986
6065 19 1987
6068 19 1988
6071 19 1989
6074 19 1990
6077 19 1991
6080 19 1992
6083 19 1993
6086 19 1994
6089 1 105
6092 20 2101
6093 19 1996
6095 10 1051
6096 19 1997
6098 20 2103
6099 19 1998
6101 5 526
6102 19 1999
6104 4 421
6105 19 2000
6107 10 1053
6108 19 2001
6110 20 2107
6111 19 2002
6113 5 527
6114 19 2003
6116 20 2109
6117 19 2004
6120 19 2005
6123 19 2006
6126 19 2007
6129 19 2008
6132 19 2009
6135 19 2010
6138 19 2011
6141 19 2012
6144 19 2013
6147 1 106
6150 20 2121
6151 19 2015
6153 10 1061
6154 19 2016
6156 20 2123
6157 19 2017
6159 5 531
6160 19 2018
6162 4 425
6163 19 2019
6165 10 1063
6166 19 2020
6168 20 2127
6169 19 2021
6171 5 532
6172 19 2022
6174 20 2129
6175 19 2023
6178 19 2024
6181 19 2025
6184 19 2026
6187 19 2027
6190 19 2028
6193 19 2029
6196 19 2030
6199 19 2031
6202 19 2032
6205 1 107
6208 20 2141
6209 19 2034
6211 10 1071
6212 19 2035
6214 20 2143
6215 19 2036
6217 5 536
6218 19 2037
6220 4 429
6221 19 2038
6223 10 1073
6224 19 2039
6226 20 2147
6227 19 2040
6229 5 537
6230 19 2041
6232 20 2149
6233 19 2042
6236 19 2043
6239 19 2044
6242 19 2045
6245 19 2046
6248 19 2047
6251 19 2048
6254 19 2049
6257 19 2050
6260 19 2051
6263 1 108
6266 20 2161
6267 19 2053
6269 10 1081
6270 19 2054
6272 20 2163
6273 19 2055
6275 5 541
6276 19 2056
6278 4 433
6279 19 2057
6281 10 1083
6282 19 2058
6284 20 2167
6285 19 2059
6287 5 542
6288 19 2060
6290 20 2169
6291 19 2061
6294 19 2062
6297 19 2063
6300 19 2064
6303 19 2065
6306 19 2066
6309 19 2067
6312 19 2068
6315 19 2069
6318 19 2070
6321 1 109
6324 20 2181
6325 19 2072
6327 10 1091
6328 19 2073
6330 20 2183
6331 19 2074
6333 5 546
6334 19 2075
6336 4 437
6337 19 2076
6339 10 1093
6340 19 2077
6342 20 2187
6343 19 2078
6345 5 547
6346 19 2079
6348 20 2189
6349 19 2080
6352 19 2081
6355 19 2082
6358 19 2083
6361 19 2084
6364 19 2085
6367 19 2086
6370 19 2087
6373 19 2088
6376 19 2089
6379 1 110
6382 20 2201
6383 19 2091
6385 10 1101
6386 19 2092
6388 20 2203
6389 19 2093
6391 5 551
6392 19 2094
6394 4 441
6395 19 2095
6397 10 1103
6398 19 2096
6400 20 2207
6401 19 2097
6403 5 552
6404 19 2098
6406 20 2209
6407 19 2099
6410 19 2100
6413 19 2101
6416 19 2102
6419 19 2103
6422 19 2104
6425 19 2105
6428 19 2106
6431 19 2107
6434 19 2108
6437 1 111
6440 20 2221
6441 19 2110
6443 10 1111
6444 19 2111
6446 20 2223
6447 19 2112
6449 5 556
6450 19 2113
6452 4 445
6453 19 2114
6455 10 1113
6456 19 2115
6458 20 2227
6459 19 2116
6461 5 557
6462 19 2117
6464 20 2229
6465 19 2118
6468 19 2119
6471 19 2120
6474 19 2121
6477 19 2122
6480 19 2123
6483 19 2124
6486 19 2125
6489 19 2126
6492 19 2127
6495 1 112
6498 20 2241
6499 19 2129
6501 10 1121
6502 19 2130
6504 20 2243
6505 19 2131
6507 5 561
6508 19 2132
6510 4 449
6511 19 2133
6513 10 1123
6514 19 2134
6516 20 2247
6517 19 2135
6519 5 562
6520 19 2136
6522 20 2249
6523 19 2137
6526 19 2138
6529 19 2139
6532 19 2140
6535 19 2141
6538 19 2142
6541 19 2143
6544 19 2144
6547 19 2145
6550 19 2146
6553 1 113
6556 20 2261
6557 19 2148
6559 10 1131
6560 19 2149
6562 20 2263
6563 19 2150
6565 5 566
6566 19 2151
6568 4 453
6569 19 2152
6571 10 1133
6572 19 2153
6574 20 2267
6575 19 2154
6577 5 567
6578 19 2155
6580 20 2269
6581 19 2156
6584 19 2157
6587 19 2158
6590 19 2159
6593 19 2160
6596 19 2161
6599 19 2162
6602 19 2163
6605 19 2164
6608 19 2165
6611 1 114
6614 20 2281
6615 19 2167
6617 10 1141
6618 19 2168
6620 20 2283
6621 19 2169
6623 5 571
6624 19 2170
6626 4 457
6627 19 2171
6629 10 1143
6630 19 2172
6632 20 2287
6633 19 2173
6635 5 572
6636 19 2174
6638 20 2289
6639 19 2175
6642 19 2176
6645 19 2177
6648 19 2178
6651 19 2179
6654 19 2180
6657 19 2181
6660 19 2182
6663 19 2183
6666 19 2184
6669 1 115
6672 20 2301
6673 19 2186
6675 10 1151
6676 19 2187
6678 20 2303
6679 19 2188
6681 5 576
6682 19 2189
6684 4 461
6685 19 2190
6687 10 1153
6688 19 2191
6690 20 2307
6691 19 2192
6693 5 577
6694 19 2193
6696 20 2309
6697 19 2194
6700 19 2195
6703 19 2196
6706 19 2197
6709 19 2198
6712 19 2199
6715 19 2200
6718 19 2201
6721 19 2202
6724 19 2203
6727 1 116
6730 20 2321
6731 19 2205
6733 10 1161
6734 19 2206
6736 20 2323
6737 19 2207
6739 5 581
6740 19 2208
6742 4 465
6743 19 2209
6745 10 1163
6746 19 2210
6748 20 2327
6749 19 2211
6751 5 582
6752 19 2212
6754 20 2329
6755 19 2213
6758 19 2214
6761 19 2215
6764 19 2216
6767 19 2217
6770 19 2218
6773 19 2219
6776 19 2220
6779 19 2221
6782 19 2222
6785 1 117
6788 20 2341
6789 19 2224
6791 10 1171
6792 19 2225
6794 20 2343
6795 19 2226
6797 5 586
6798 19 2227
6800 4 469
6801 19 2228
6803 10 1173
6804 19 2229
6806 20 2347
6807 19 2230
6809 5 587
6810 19 2231
6812 20 2349
6813 19 2232
6816 19 2233
6819 19 2234
6822 19 2235
6825 19 2236
6828 19 2237
6831 19 2238
6834 19 2239
6837 19 2240
6840 19 2241
6843 1 118
6846 20 2361
6847 19 2243
6849 10 1181
6850 19 2244
6852 20 2363
6853 19 2245
6855 5 591
6856 19 2246
6858 4 473
6859 19 2247
6861 10 1183
6862 19 2248
6864 20 2367
6865 19 2249
6867 5 592
6868 19 2250
6870 20 2369
6871 19 2251
6874 19 2252
6877 19 2253
6880 19 2254
6883 19 2255
6886 19 2256
6889 19 2257
6892 19 2258
6895 19 2259
6898 19 2260
6901 1 119
6904 20 2381
6905 19 2262
6907 10 1191
6908 19 2263
6910 20 2383
6911 19 2264
6913 5 596
6914 19 2265
6916 4 477
6917 19 2266
6919 10 1193
6920 19 2267
6922 20 2387
6923 19 2268
6925 5 597
6926 19 2269
6928 20 2389
6929 19 2270
6932 19 2271
6935 19 2272
6938 19 2273
6941 19 2274
6944 19 2275
6947 19 2276
6950 19 2277
6953 19 2278
6956 19 2279
6959 1 120
6962 20 2401
6963 19 2281
6965 10 1201
6966 19 2282
6968 20 2403
6969 19 2283
6971 5 601
6972 19 2284
6974 4 481
6975 19 2285
6977 10 1203
6978 19 2286
6980 20 2407
6981 19 2287
6983 5 602
6984 19 2288
6986 20 2409
6987 19 2289
6990 19 2290
6993 19 2291
6996 19 2292
6999 19 2293
7002 19 2294
7005 19 2295
7008 19 2296
7011 19 2297
7014 19 2298
7017 1 121
7020 20 2421
7021 19 2300
7023 10 1211
7024 19 2301
7026 20 2423
7027 19 2302
7029 5 606
7030 19 2303
7032 4 485
7033 19 2304
7035 10 1213
7036 19 2305
7038 20 2427
7039 19 2306
7041 5 607
7042 19 2307
7044 20 2429
7045 19 2308
7048 19 2309
7051 19 2310
7054 19 2311
7057 19 2312
7060 19 2313
7063 19 2314
7066 19 2315
7069 19 2316
7072 19 2317
7075 1 122
7078 20 2441
7079 19 2319
7081 10 1221
7082 19 2320
7084 20 2443
7085 19 2321
7087 5 611
7088 19 2322
7090 4 489
7091 19 2323
7093 10 1223
7094 19 2324
7096 20 2447
7097 19 2325
7099 5 612
7100 19 2326
7102 20 2449
7103 19 2327
7106 19 2328
7109 19 2329
7112 19 2330
7115 19 2331
7118 19 2332
7121 19 2333
7124 19 2334
7127 19 2335
7130 19 2336
7133 1 123
7136 20 2461
7137 19 2338
7139 10 1231
7140 19 2339
7142 20 2463
7143 19 2340
7145 5 616
7146 19 2341
7148 4 493
7149 19 2342
7151 10 1233
7152 19 2343
7154 20 2467
7155 19 2344
7157 5 617
7158 19 2345
7160 20 2469
7161 19 2346
7164 19 2347
7167 19 2348
7170 19 2349
7173 19 2350
7176 19 2351
7179 19 2352
7182 19 2353
7185 19 2354
7188 19 2355
7191 1 124
7194 20 2481
7195 19 2357
7197 10 1241
7198 19 2358
7200 20 2483
7201 19 2359
7203 5 621
7204 19 2360
7206 4 497
7207 19 2361
7209 10 1243
7210 19 2362
7212 20 2487
7213 19 2363
7215 5 622
7216 19 2364
7218 20 2489
7219 19 2365
7222 19 2366
7225 19 2367
7228 19 2368
7231 19 2369
7234 19 2370
7237 19 2371
7240 19 2372
7243 19 2373
7246 19 2374
7249 1 125
7252 20 2501
7253 19 2376
7255 10 1251
7256 19 2377
7258 20 2503
7259 19 2378
7261 5 626
7262 19 2379
7264 4 501
7265 19 2380
7267 10 1253
7268 19 2381
7270 20 2507
7271 19 2382
7273 5 627
7274 19 2383
7276 20 2509
7277 19 2384
7280 19 2385
7283 19 2386
7286 19 2387
7289 19 2388
7292 19 2389
7295 19 2390
7298 19 2391
7301 19 2392
7304 19 2393
7307 1 126
7310 20 2521
7311 19 2395
7313 10 1261
7314 19 2396
7316 20 2523
7317 19 2397
7319 5 631
7320 19 2398
7322 4 505
7323 19 2399
7325 10 1263
7326 19 2400
7328 20 2527
7329 19 2401
7331 5 632
7332 19 2402
7334 20 2529
7335 19 2403
7338 19 2404
7341 19 2405
7344 19 2406
7347 19 2407
7350 19 2408
7353 19 2409
7356 19 2410
7359 19 2411
7362 19 2412
7365 1 127
7368 20 2541
7369 19 2414
7371 10 1271
7372 19 2415
7374 20 2543
7375 19 2416
7377 5 636
7378 19 2417
7380 4 509
7381 19 2418
7383 10 1273
7384 19 2419
7386 20 2547
7387 19 2420
7389 5 637
7390 19 2421
7392 20 2549
7393 19 2422
7396 19 2423
7399 19 2424
7402 19 2425
7405 19 2426
7408 19 2427
7411 19 2428
7414 19 2429
7417 19 2430
7420 19 2431
7423 1 128
7426 20 2561
7427 19 2433
7429 10 1281
7430 19 2434
7432 20 2563
7433 19 2435
7435 5 641
7436 19 2436
7438 4 513
7439 19 2437
7441 10 1283
7442 19 2438
7444 20 2567
7445 19 2439
7447 5 642
7448 19 2440
7450 20 2569
7451 19 2441
7454 19 2442
7457 19 2443
7460 19 2444
7463 19 2445
7466 19 2446
7469 19 2447
7472 19 2448
7475 19 2449
7478 19 2450
7481 1 129
