3870 75 100000000 5863 1000
3 45 2
4 17 1
8 9 1
11 13 2
13 17 3
16 9 2
17 13 3
21 45 13
22 17 5
23 13 4
26 17 6
28 45 17
33 9 4
34 13 6
38 45 23
39 17 9
43 45 26
44 17 10
46 13 8
48 45 29
51 45 31
56 45 34
57 17 13
61 45 37
63 45 38
66 17 15
68 45 41
69 13 12
73 45 44
74 1 1
78 45 47
79 17 18
83 9 10
86 13 15
88 17 20
91 9 11
92 13 16
96 45 58
97 17 22
98 13 17
101 17 23
103 45 62
108 9 13
109 13 19
113 45 68
114 17 26
118 45 71
119 17 27
121 13 21
123 45 74
126 45 76
131 45 79
132 17 30
136 45 82
138 45 83
141 17 32
143 45 86
144 13 25
148 45 89
149 1 2
153 45 92
154 17 35
158 9 19
161 13 28
163 17 37
166 9 20
167 13 29
171 45 103
172 17 39
173 13 30
176 17 40
178 45 107
183 9 22
184 13 32
188 45 113
189 17 43
193 45 116
194 17 44
196 13 34
198 45 119
201 45 121
206 45 124
207 17 47
211 45 127
213 45 128
216 17 49
218 45 131
219 13 38
223 45 134
224 1 3
228 45 137
229 17 52
233 9 28
236 13 41
238 17 54
241 9 29
242 13 42
246 45 148
247 17 56
248 13 43
251 17 57
253 45 152
258 9 31
259 13 45
263 45 158
264 17 60
268 45 161
269 17 61
271 13 47
273 45 164
276 45 166
281 45 169
282 17 64
286 45 172
288 45 173
291 17 66
293 45 176
294 13 51
298 45 179
299 1 4
303 45 182
304 17 69
308 9 37
311 13 54
313 17 71
316 9 38
317 13 55
321 45 193
322 17 73
323 13 56
326 17 74
328 45 197
333 9 40
334 13 58
338 45 203
339 17 77
343 45 206
344 17 78
346 13 60
348 45 209
351 45 211
356 45 214
357 17 81
361 45 217
363 45 218
366 17 83
368 45 221
369 13 64
373 45 224
374 1 5
378 45 227
379 17 86
383 9 46
386 13 67
388 17 88
391 9 47
392 13 68
396 45 238
397 17 90
398 13 69
401 17 91
403 45 242
408 9 49
409 13 71
413 45 248
414 17 94
418 45 251
419 17 95
421 13 73
423 45 254
426 45 256
431 45 259
432 17 98
436 45 262
438 45 263
441 17 100
443 45 266
444 13 77
448 45 269
449 1 6
453 45 272
454 17 103
458 9 55
461 13 80
463 17 105
466 9 56
467 13 81
471 45 283
472 17 107
473 13 82
476 17 108
478 45 287
483 9 58
484 13 84
488 45 293
489 17 111
493 45 296
494 17 112
496 13 86
498 45 299
501 45 301
506 45 304
507 17 115
511 45 307
513 45 308
516 17 117
518 45 311
519 13 90
523 45 314
524 1 7
528 45 317
529 17 120
533 9 64
536 13 93
538 17 122
541 9 65
542 13 94
546 45 328
547 17 124
548 13 95
551 17 125
553 45 332
558 9 67
559 13 97
563 45 338
564 17 128
568 45 341
569 17 129
571 13 99
573 45 344
576 45 346
581 45 349
582 17 132
586 45 352
588 45 353
591 17 134
593 45 356
594 13 103
598 45 359
599 1 8
603 45 362
604 17 137
608 9 73
611 13 106
613 17 139
616 9 74
617 13 107
621 45 373
622 17 141
623 13 108
626 17 142
628 45 377
633 9 76
634 13 110
638 45 383
639 17 145
643 45 386
644 17 146
646 13 112
648 45 389
651 45 391
656 45 394
657 17 149
661 45 397
663 45 398
666 17 151
668 45 401
669 13 116
673 45 404
674 1 9
678 45 407
679 17 154
683 9 82
686 13 119
688 17 156
691 9 83
692 13 120
696 45 418
697 17 158
698 13 121
701 17 159
703 45 422
708 9 85
709 13 123
713 45 428
714 17 162
718 45 431
719 17 163
721 13 125
723 45 434
726 45 436
731 45 439
732 17 166
736 45 442
738 45 443
741 17 168
743 45 446
744 13 129
748 45 449
749 1 10
753 45 452
754 17 171
758 9 91
761 13 132
763 17 173
766 9 92
767 13 133
771 45 463
772 17 175
773 13 134
776 17 176
778 45 467
783 9 94
784 13 136
788 45 473
789 17 179
793 45 476
794 17 180
796 13 138
798 45 479
801 45 481
806 45 484
807 17 183
811 45 487
813 45 488
816 17 185
818 45 491
819 13 142
823 45 494
824 1 11
828 45 497
829 17 188
833 9 100
836 13 145
838 17 190
841 9 101
842 13 146
846 45 508
847 17 192
848 13 147
851 17 193
853 45 512
858 9 103
859 13 149
863 45 518
864 17 196
868 45 521
869 17 197
871 13 151
873 45 524
876 45 526
881 45 529
882 17 200
886 45 532
888 45 533
891 17 202
893 45 536
894 13 155
898 45 539
899 1 12
903 45 542
904 17 205
908 9 109
911 13 158
913 17 207
916 9 110
917 13 159
921 45 553
922 17 209
923 13 160
926 17 210
928 45 557
933 9 112
934 13 162
938 45 563
939 17 213
943 45 566
944 17 214
946 13 164
948 45 569
951 45 571
956 45 574
957 17 217
961 45 577
963 45 578
966 17 219
968 45 581
969 13 168
973 45 584
974 1 13
978 45 587
979 17 222
983 9 118
986 13 171
988 17 224
991 9 119
992 13 172
996 45 598
997 17 226
998 13 173
1001 17 227
1003 45 602
1008 9 121
1009 13 175
1013 45 608
1014 17 230
1018 45 611
1019 17 231
1021 13 177
1023 45 614
1026 45 616
1031 45 619
1032 17 234
1036 45 622
1038 45 623
1041 17 236
1043 45 626
1044 13 181
1048 45 629
1049 1 14
1053 45 632
1054 17 239
1058 9 127
1061 13 184
1063 17 241
1066 9 128
1067 13 185
1071 45 643
1072 17 243
1073 13 186
1076 17 244
1078 45 647
1083 9 130
1084 13 188
1088 45 653
1089 17 247
1093 45 656
1094 17 248
1096 13 190
1098 45 659
1101 45 661
1106 45 664
1107 17 251
1111 45 667
1113 45 668
1116 17 253
1118 45 671
1119 13 194
1123 45 674
1124 1 15
1128 45 677
1129 17 256
1133 9 136
1136 13 197
1138 17 258
1141 9 137
1142 13 198
1146 45 688
1147 17 260
1148 13 199
1151 17 261
1153 45 692
1158 9 139
1159 13 201
1163 45 698
1164 17 264
1168 45 701
1169 17 265
1171 13 203
1173 45 704
1176 45 706
1181 45 709
1182 17 268
1186 45 712
1188 45 713
1191 17 270
1193 45 716
1194 13 207
1198 45 719
1199 1 16
1203 45 722
1204 17 273
1208 9 145
1211 13 210
1213 17 275
1216 9 146
1217 13 211
1221 45 733
1222 17 277
1223 13 212
1226 17 278
1228 45 737
1233 9 148
1234 13 214
1238 45 743
1239 17 281
1243 45 746
1244 17 282
1246 13 216
1248 45 749
1251 45 751
1256 45 754
1257 17 285
1261 45 757
1263 45 758
1266 17 287
1268 45 761
1269 13 220
1273 45 764
1274 1 17
1278 45 767
1279 17 290
1283 9 154
1286 13 223
1288 17 292
1291 9 155
1292 13 224
1296 45 778
1297 17 294
1298 13 225
1301 17 295
1303 45 782
1308 9 157
1309 13 227
1313 45 788
1314 17 298
1318 45 791
1319 17 299
1321 13 229
1323 45 794
1326 45 796
1331 45 799
1332 17 302
1336 45 802
1338 45 803
1341 17 304
1343 45 806
1344 13 233
1348 45 809
1349 1 18
1353 45 812
1354 17 307
1358 9 163
1361 13 236
1363 17 309
1366 9 164
1367 13 237
1371 45 823
1372 17 311
1373 13 238
1376 17 312
1378 45 827
1383 9 166
1384 13 240
1388 45 833
1389 17 315
1393 45 836
1394 17 316
1396 13 242
1398 45 839
1401 45 841
1406 45 844
1407 17 319
1411 45 847
1413 45 848
1416 17 321
1418 45 851
1419 13 246
1423 45 854
1424 1 19
1428 45 857
1429 17 324
1433 9 172
1436 13 249
1438 17 326
1441 9 173
1442 13 250
1446 45 868
1447 17 328
1448 13 251
1451 17 329
1453 45 872
1458 9 175
1459 13 253
1463 45 878
1464 17 332
1468 45 881
1469 17 333
1471 13 255
1473 45 884
1476 45 886
1481 45 889
1482 17 336
1486 45 892
1488 45 893
1491 17 338
1493 45 896
1494 13 259
1498 45 899
1499 1 20
1503 45 902
1504 17 341
1508 9 181
1511 13 262
1513 17 343
1516 9 182
1517 13 263
1521 45 913
1522 17 345
1523 13 264
1526 17 346
1528 45 917
1533 9 184
1534 13 266
1538 45 923
1539 17 349
1543 45 926
1544 17 350
1546 13 268
1548 45 929
1551 45 931
1556 45 934
1557 17 353
1561 45 937
1563 45 938
1566 17 355
1568 45 941
1569 13 272
1573 45 944
1574 1 21
1578 45 947
1579 17 358
1583 9 190
1586 13 275
1588 17 360
1591 9 191
1592 13 276
1596 45 958
1597 17 362
1598 13 277
1601 17 363
1603 45 962
1608 9 193
1609 13 279
1613 45 968
1614 17 366
1618 45 971
1619 17 367
1621 13 281
1623 45 974
1626 45 976
1631 45 979
1632 17 370
1636 45 982
1638 45 983
1641 17 372
1643 45 986
1644 13 285
1648 45 989
1649 1 22
1653 45 992
1654 17 375
1658 9 199
1661 13 288
1663 17 377
1666 9 200
1667 13 289
1671 45 1003
1672 17 379
1673 13 290
1676 17 380
1678 45 1007
1683 9 202
1684 13 292
1688 45 1013
1689 17 383
1693 45 1016
1694 17 384
1696 13 294
1698 45 1019
1701 45 1021
1706 45 1024
1707 17 387
1711 45 1027
1713 45 1028
1716 17 389
1718 45 1031
1719 13 298
1723 45 1034
1724 1 23
1728 45 1037
1729 17 392
1733 9 208
1736 13 301
1738 17 394
1741 9 209
1742 13 302
1746 45 1048
1747 17 396
1748 13 303
1751 17 397
1753 45 1052
1758 9 211
1759 13 305
1763 45 1058
1764 17 400
1768 45 1061
1769 17 401
1771 13 307
1773 45 1064
1776 45 1066
1781 45 1069
1782 17 404
1786 45 1072
1788 45 1073
1791 17 406
1793 45 1076
1794 13 311
1798 45 1079
1799 1 24
1803 45 1082
1804 17 409
1808 9 217
1811 13 314
1813 17 411
1816 9 218
1817 13 315
1821 45 1093
1822 17 413
1823 13 316
1826 17 414
1828 45 1097
1833 9 220
1834 13 318
1838 45 1103
1839 17 417
1843 45 1106
1844 17 418
1846 13 320
1848 45 1109
1851 45 1111
1856 45 1114
1857 17 421
1861 45 1117
1863 45 1118
1866 17 423
1868 45 1121
1869 13 324
1873 45 1124
1874 1 25
1878 45 1127
1879 17 426
1883 9 226
1886 13 327
1888 17 428
1891 9 227
1892 13 328
1896 45 1138
1897 17 430
1898 13 329
1901 17 431
1903 45 1142
1908 9 229
1909 13 331
1913 45 1148
1914 17 434
1918 45 1151
1919 17 435
1921 13 333
1923 45 1154
1926 45 1156
1931 45 1159
1932 17 438
1936 45 1162
1938 45 1163
1941 17 440
1943 45 1166
1944 13 337
1948 45 1169
1949 1 26
1953 45 1172
1954 17 443
1958 9 235
1961 13 340
1963 17 445
1966 9 236
1967 13 341
1971 45 1183
1972 17 447
1973 13 342
1976 17 448
1978 45 1187
1983 9 238
1984 13 344
1988 45 1193
1989 17 451
1993 45 1196
1994 17 452
1996 13 346
1998 45 1199
2001 45 1201
2006 45 1204
2007 17 455
2011 45 1207
2013 45 1208
2016 17 457
2018 45 1211
2019 13 350
2023 45 1214
2024 1 27
2028 45 1217
2029 17 460
2033 9 244
2036 13 353
2038 17 462
2041 9 245
2042 13 354
2046 45 1228
2047 17 464
2048 13 355
2051 17 465
2053 45 1232
2058 9 247
2059 13 357
2063 45 1238
2064 17 468
2068 45 1241
2069 17 469
2071 13 359
2073 45 1244
2076 45 1246
2081 45 1249
2082 17 472
2086 45 1252
2088 45 1253
2091 17 474
2093 45 1256
2094 13 363
2098 45 1259
2099 1 28
2103 45 1262
2104 17 477
2108 9 253
2111 13 366
2113 17 479
2116 9 254
2117 13 367
2121 45 1273
2122 17 481
2123 13 368
2126 17 482
2128 45 1277
2133 9 256
2134 13 370
2138 45 1283
2139 17 485
2143 45 1286
2144 17 486
2146 13 372
2148 45 1289
2151 45 1291
2156 45 1294
2157 17 489
2161 45 1297
2163 45 1298
2166 17 491
2168 45 1301
2169 13 376
2173 45 1304
2174 1 29
2178 45 1307
2179 17 494
2183 9 262
2186 13 379
2188 17 496
2191 9 263
2192 13 380
2196 45 1318
2197 17 498
2198 13 381
2201 17 499
2203 45 1322
2208 9 265
2209 13 383
2213 45 1328
2214 17 502
2218 45 1331
2219 17 503
2221 13 385
2223 45 1334
2226 45 1336
2231 45 1339
2232 17 506
2236 45 1342
2238 45 1343
2241 17 508
2243 45 1346
2244 13 389
2248 45 1349
2249 1 30
2253 45 1352
2254 17 511
2258 9 271
2261 13 392
2263 17 513
2266 9 272
2267 13 393
2271 45 1363
2272 17 515
2273 13 394
2276 17 516
2278 45 1367
2283 9 274
2284 13 396
2288 45 1373
2289 17 519
2293 45 1376
2294 17 520
2296 13 398
2298 45 1379
2301 45 1381
2306 45 1384
2307 17 523
2311 45 1387
2313 45 1388
2316 17 525
2318 45 1391
2319 13 402
2323 45 1394
2324 1 31
2328 45 1397
2329 17 528
2333 9 280
2336 13 405
2338 17 530
2341 9 281
2342 13 406
2346 45 1408
2347 17 532
2348 13 407
2351 17 533
2353 45 1412
2358 9 283
2359 13 409
2363 45 1418
2364 17 536
2368 45 1421
2369 17 537
2371 13 411
2373 45 1424
2376 45 1426
2381 45 1429
2382 17 540
2386 45 1432
2388 45 1433
2391 17 542
2393 45 1436
2394 13 415
2398 45 1439
2399 1 32
2403 45 1442
2404 17 545
2408 9 289
2411 13 418
2413 17 547
2416 9 290
2417 13 419
2421 45 1453
2422 17 549
2423 13 420
2426 17 550
2428 45 1457
2433 9 292
2434 13 422
2438 45 1463
2439 17 553
2443 45 1466
2444 17 554
2446 13 424
2448 45 1469
2451 45 1471
2456 45 1474
2457 17 557
2461 45 1477
2463 45 1478
2466 17 559
2468 45 1481
2469 13 428
2473 45 1484
2474 1 33
2478 45 1487
2479 17 562
2483 9 298
2486 13 431
2488 17 564
2491 9 299
2492 13 432
2496 45 1498
2497 17 566
2498 13 433
2501 17 567
2503 45 1502
2508 9 301
2509 13 435
2513 45 1508
2514 17 570
2518 45 1511
2519 17 571
2521 13 437
2523 45 1514
2526 45 1516
2531 45 1519
2532 17 574
2536 45 1522
2538 45 1523
2541 17 576
2543 45 1526
2544 13 441
2548 45 1529
2549 1 34
2553 45 1532
2554 17 579
2558 9 307
2561 13 444
2563 17 581
2566 9 308
2567 13 445
2571 45 1543
2572 17 583
2573 13 446
2576 17 584
2578 45 1547
2583 9 310
2584 13 448
2588 45 1553
2589 17 587
2593 45 1556
2594 17 588
2596 13 450
2598 45 1559
2601 45 1561
2606 45 1564
2607 17 591
2611 45 1567
2613 45 1568
2616 17 593
2618 45 1571
2619 13 454
2623 45 1574
2624 1 35
2628 45 1577
2629 17 596
2633 9 316
2636 13 457
2638 17 598
2641 9 317
2642 13 458
2646 45 1588
2647 17 600
2648 13 459
2651 17 601
2653 45 1592
2658 9 319
2659 13 461
2663 45 1598
2664 17 604
2668 45 1601
2669 17 605
2671 13 463
2673 45 1604
2676 45 1606
2681 45 1609
2682 17 608
2686 45 1612
2688 45 1613
2691 17 610
2693 45 1616
2694 13 467
2698 45 1619
2699 1 36
2703 45 1622
2704 17 613
2708 9 325
2711 13 470
2713 17 615
2716 9 326
2717 13 471
2721 45 1633
2722 17 617
2723 13 472
2726 17 618
2728 45 1637
2733 9 328
2734 13 474
2738 45 1643
2739 17 621
2743 45 1646
2744 17 622
2746 13 476
2748 45 1649
2751 45 1651
2756 45 1654
2757 17 625
2761 45 1657
2763 45 1658
2766 17 627
2768 45 1661
2769 13 480
2773 45 1664
2774 1 37
2778 45 1667
2779 17 630
2783 9 334
2786 13 483
2788 17 632
2791 9 335
2792 13 484
2796 45 1678
2797 17 634
2798 13 485
2801 17 635
2803 45 1682
2808 9 337
2809 13 487
2813 45 1688
2814 17 638
2818 45 1691
2819 17 639
2821 13 489
2823 45 1694
2826 45 1696
2831 45 1699
2832 17 642
2836 45 1702
2838 45 1703
2841 17 644
2843 45 1706
2844 13 493
2848 45 1709
2849 1 38
2853 45 1712
2854 17 647
2858 9 343
2861 13 496
2863 17 649
2866 9 344
2867 13 497
2871 45 1723
2872 17 651
2873 13 498
2876 17 652
2878 45 1727
2883 9 346
2884 13 500
2888 45 1733
2889 17 655
2893 45 1736
2894 17 656
2896 13 502
2898 45 1739
2901 45 1741
2906 45 1744
2907 17 659
2911 45 1747
2913 45 1748
2916 17 661
2918 45 1751
2919 13 506
2923 45 1754
2924 1 39
2928 45 1757
2929 17 664
2933 9 352
2936 13 509
2938 17 666
2941 9 353
2942 13 510
2946 45 1768
2947 17 668
2948 13 511
2951 17 669
2953 45 1772
2958 9 355
2959 13 513
2963 45 1778
2964 17 672
2968 45 1781
2969 17 673
2971 13 515
2973 45 1784
2976 45 1786
2981 45 1789
2982 17 676
2986 45 1792
2988 45 1793
2991 17 678
2993 45 1796
2994 13 519
2998 45 1799
2999 1 40
3003 45 1802
3004 17 681
3008 9 361
3011 13 522
3013 17 683
3016 9 362
3017 13 523
3021 45 1813
3022 17 685
3023 13 524
3026 17 686
3028 45 1817
3033 9 364
3034 13 526
3038 45 1823
3039 17 689
3043 45 1826
3044 17 690
3046 13 528
3048 45 1829
3051 45 1831
3056 45 1834
3057 17 693
3061 45 1837
3063 45 1838
3066 17 695
3068 45 1841
3069 13 532
3073 45 1844
3074 1 41
3078 45 1847
3079 17 698
3083 9 370
3086 13 535
3088 17 700
3091 9 371
3092 13 536
3096 45 1858
3097 17 702
3098 13 537
3101 17 703
3103 45 1862
3108 9 373
3109 13 539
3113 45 1868
3114 17 706
3118 45 1871
3119 17 707
3121 13 541
3123 45 1874
3126 45 1876
3131 45 1879
3132 17 710
3136 45 1882
3138 45 1883
3141 17 712
3143 45 1886
3144 13 545
3148 45 1889
3149 1 42
3153 45 1892
3154 17 715
3158 9 379
3161 13 548
3163 17 717
3166 9 380
3167 13 549
3171 45 1903
3172 17 719
3173 13 550
3176 17 720
3178 45 1907
3183 9 382
3184 13 552
3188 45 1913
3189 17 723
3193 45 1916
3194 17 724
3196 13 554
3198 45 1919
3201 45 1921
3206 45 1924
3207 17 727
3211 45 1927
3213 45 1928
3216 17 729
3218 45 1931
3219 13 558
3223 45 1934
3224 1 43
3228 45 1937
3229 17 732
3233 9 388
3236 13 561
3238 17 734
3241 9 389
3242 13 562
3246 45 1948
3247 17 736
3248 13 563
3251 17 737
3253 45 1952
3258 9 391
3259 13 565
3263 45 1958
3264 17 740
3268 45 1961
3269 17 741
3271 13 567
3273 45 1964
3276 45 1966
3281 45 1969
3282 17 744
3286 45 1972
3288 45 1973
3291 17 746
3293 45 1976
3294 13 571
3298 45 1979
3299 1 44
3303 45 1982
3304 17 749
3308 9 397
3311 13 574
3313 17 751
3316 9 398
3317 13 575
3321 45 1993
3322 17 753
3323 13 576
3326 17 754
3328 45 1997
3333 9 400
3334 13 578
3338 45 2003
3339 17 757
3343 45 2006
3344 17 758
3346 13 580
3348 45 2009
3351 45 2011
3356 45 2014
3357 17 761
3361 45 2017
3363 45 2018
3366 17 763
3368 45 2021
3369 13 584
3373 45 2024
3374 1 45
3378 45 2027
3379 17 766
3383 9 406
3386 13 587
3388 17 768
3391 9 407
3392 13 588
3396 45 2038
3397 17 770
3398 13 589
3401 17 771
3403 45 2042
3408 9 409
3409 13 591
3413 45 2048
3414 17 774
3418 45 2051
3419 17 775
3421 13 593
3423 45 2054
3426 45 2056
3431 45 2059
3432 17 778
3436 45 2062
3438 45 2063
3441 17 780
3443 45 2066
3444 13 597
3448 45 2069
3449 1 46
3453 45 2072
3454 17 783
3458 9 415
3461 13 600
3463 17 785
3466 9 416
3467 13 601
3471 45 2083
3472 17 787
3473 13 602
3476 17 788
3478 45 2087
3483 9 418
3484 13 604
3488 45 2093
3489 17 791
3493 45 2096
3494 17 792
3496 13 606
3498 45 2099
3501 45 2101
3506 45 2104
3507 17 795
3511 45 2107
3513 45 2108
3516 17 797
3518 45 2111
3519 13 610
3523 45 2114
3524 1 47
3528 45 2117
3529 17 800
3533 9 424
3536 13 613
3538 17 802
3541 9 425
3542 13 614
3546 45 2128
3547 17 804
3548 13 615
3551 17 805
3553 45 2132
3558 9 427
3559 13 617
3563 45 2138
3564 17 808
3568 45 2141
3569 17 809
3571 13 619
3573 45 2144
3576 45 2146
3581 45 2149
3582 17 812
3586 45 2152
3588 45 2153
3591 17 814
3593 45 2156
3594 13 623
3598 45 2159
3599 1 48
3603 45 2162
3604 17 817
3608 9 433
3611 13 626
3613 17 819
3616 9 434
3617 13 627
3621 45 2173
3622 17 821
3623 13 628
3626 17 822
3628 45 2177
3633 9 436
3634 13 630
3638 45 2183
3639 17 825
3643 45 2186
3644 17 826
3646 13 632
3648 45 2189
3651 45 2191
3656 45 2194
3657 17 829
3661 45 2197
3663 45 2198
3666 17 831
3668 45 2201
3669 13 636
3673 45 2204
3674 1 49
3678 45 2207
3679 17 834
3683 9 442
3686 13 639
3688 17 836
3691 9 443
3692 13 640
3696 45 2218
3697 17 838
3698 13 641
3701 17 839
3703 45 2222
3708 9 445
3709 13 643
3713 45 2228
3714 17 842
3718 45 2231
3719 17 843
3721 13 645
3723 45 2234
3726 45 2236
3731 45 2239
3732 17 846
3736 45 2242
3738 45 2243
3741 17 848
3743 45 2246
3744 13 649
3748 45 2249
3749 1 50
3753 45 2252
3754 17 851
3758 9 451
3761 13 652
3763 17 853
3766 9 452
3767 13 653
3771 45 2263
3772 17 855
3773 13 654
3776 17 856
3778 45 2267
3783 9 454
3784 13 656
3788 45 2273
3789 17 859
3793 45 2276
3794 17 860
3796 13 658
3798 45 2279
3801 45 2281
3806 45 2284
3807 17 863
3811 45 2287
3813 45 2288
3816 17 865
3818 45 2291
3819 13 662
3823 45 2294
3824 1 51
3828 45 2297
3829 17 868
3833 9 460
3836 13 665
3838 17 870
3841 9 461
3842 13 666
3846 45 2308
3847 17 872
3848 13 667
3851 17 873
3853 45 2312
3858 9 463
3859 13 669
3863 45 2318
3864 17 876
3868 45 2321
3869 17 877
3871 13 671
3873 45 2324
3876 45 2326
3881 45 2329
3882 17 880
3886 45 2332
3888 45 2333
3891 17 882
3893 45 2336
3894 13 675
3898 45 2339
3899 1 52
3903 45 2342
3904 17 885
3908 9 469
3911 13 678
3913 17 887
3916 9 470
3917 13 679
3921 45 2353
3922 17 889
3923 13 680
3926 17 890
3928 45 2357
3933 9 472
3934 13 682
3938 45 2363
3939 17 893
3943 45 2366
3944 17 894
3946 13 684
3948 45 2369
3951 45 2371
3956 45 2374
3957 17 897
3961 45 2377
3963 45 2378
3966 17 899
3968 45 2381
3969 13 688
3973 45 2384
3974 1 53
3978 45 2387
3979 17 902
3983 9 478
3986 13 691
3988 17 904
3991 9 479
3992 13 692
3996 45 2398
3997 17 906
3998 13 693
4001 17 907
4003 45 2402
4008 9 481
4009 13 695
4013 45 2408
4014 17 910
4018 45 2411
4019 17 911
4021 13 697
4023 45 2414
4026 45 2416
4031 45 2419
4032 17 914
4036 45 2422
4038 45 2423
4041 17 916
4043 45 2426
4044 13 701
4048 45 2429
4049 1 54
4053 45 2432
4054 17 919
4058 9 487
4061 13 704
4063 17 921
4066 9 488
4067 13 705
4071 45 2443
4072 17 923
4073 13 706
4076 17 924
4078 45 2447
4083 9 490
4084 13 708
4088 45 2453
4089 17 927
4093 45 2456
4094 17 928
4096 13 710
4098 45 2459
4101 45 2461
4106 45 2464
4107 17 931
4111 45 2467
4113 45 2468
4116 17 933
4118 45 2471
4119 13 714
4123 45 2474
4124 1 55
4128 45 2477
4129 17 936
4133 9 496
4136 13 717
4138 17 938
4141 9 497
4142 13 718
4146 45 2488
4147 17 940
4148 13 719
4151 17 941
4153 45 2492
4158 9 499
4159 13 721
4163 45 2498
4164 17 944
4168 45 2501
4169 17 945
4171 13 723
4173 45 2504
4176 45 2506
4181 45 2509
4182 17 948
4186 45 2512
4188 45 2513
4191 17 950
4193 45 2516
4194 13 727
4198 45 2519
4199 1 56
4203 45 2522
4204 17 953
4208 9 505
4211 13 730
4213 17 955
4216 9 506
4217 13 731
4221 45 2533
4222 17 957
4223 13 732
4226 17 958
4228 45 2537
4233 9 508
4234 13 734
4238 45 2543
4239 17 961
4243 45 2546
4244 17 962
4246 13 736
4248 45 2549
4251 45 2551
4256 45 2554
4257 17 965
4261 45 2557
4263 45 2558
4266 17 967
4268 45 2561
4269 13 740
4273 45 2564
4274 1 57
4278 45 2567
4279 17 970
4283 9 514
4286 13 743
4288 17 972
4291 9 515
4292 13 744
4296 45 2578
4297 17 974
4298 13 745
4301 17 975
4303 45 2582
4308 9 517
4309 13 747
4313 45 2588
4314 17 978
4318 45 2591
4319 17 979
4321 13 749
4323 45 2594
4326 45 2596
4331 45 2599
4332 17 982
4336 45 2602
4338 45 2603
4341 17 984
4343 45 2606
4344 13 753
4348 45 2609
4349 1 58
4353 45 2612
4354 17 987
4358 9 523
4361 13 756
4363 17 989
4366 9 524
4367 13 757
4371 45 2623
4372 17 991
4373 13 758
4376 17 992
4378 45 2627
4383 9 526
4384 13 760
4388 45 2633
4389 17 995
4393 45 2636
4394 17 996
4396 13 762
4398 45 2639
4401 45 2641
4406 45 2644
4407 17 999
4411 45 2647
4413 45 2648
4416 17 1001
4418 45 2651
4419 13 766
4423 45 2654
4424 1 59
4428 45 2657
4429 17 1004
4433 9 532
4436 13 769
4438 17 1006
4441 9 533
4442 13 770
4446 45 2668
4447 17 1008
4448 13 771
4451 17 1009
4453 45 2672
4458 9 535
4459 13 773
4463 45 2678
4464 17 1012
4468 45 2681
4469 17 1013
4471 13 775
4473 45 2684
4476 45 2686
4481 45 2689
4482 17 1016
4486 45 2692
4488 45 2693
4491 17 1018
4493 45 2696
4494 13 779
4498 45 2699
4499 1 60
4503 45 2702
4504 17 1021
4508 9 541
4511 13 782
4513 17 1023
4516 9 542
4517 13 783
4521 45 2713
4522 17 1025
4523 13 784
4526 17 1026
4528 45 2717
4533 9 544
4534 13 786
4538 45 2723
4539 17 1029
4543 45 2726
4544 17 1030
4546 13 788
4548 45 2729
4551 45 2731
4556 45 2734
4557 17 1033
4561 45 2737
4563 45 2738
4566 17 1035
4568 45 2741
4569 13 792
4573 45 2744
4574 1 61
4578 45 2747
4579 17 1038
4583 9 550
4586 13 795
4588 17 1040
4591 9 551
4592 13 796
4596 45 2758
4597 17 1042
4598 13 797
4601 17 1043
4603 45 2762
4608 9 553
4609 13 799
4613 45 2768
4614 17 1046
4618 45 2771
4619 17 1047
4621 13 801
4623 45 2774
4626 45 2776
4631 45 2779
4632 17 1050
4636 45 2782
4638 45 2783
4641 17 1052
4643 45 2786
4644 13 805
4648 45 2789
4649 1 62
4653 45 2792
4654 17 1055
4658 9 559
4661 13 808
4663 17 1057
4666 9 560
4667 13 809
4671 45 2803
4672 17 1059
4673 13 810
4676 17 1060
4678 45 2807
4683 9 562
4684 13 812
4688 45 2813
4689 17 1063
4693 45 2816
4694 17 1064
4696 13 814
4698 45 2819
4701 45 2821
4706 45 2824
4707 17 1067
4711 45 2827
4713 45 2828
4716 17 1069
4718 45 2831
4719 13 818
4723 45 2834
4724 1 63
4728 45 2837
4729 17 1072
4733 9 568
4736 13 821
4738 17 1074
4741 9 569
4742 13 822
4746 45 2848
4747 17 1076
4748 13 823
4751 17 1077
4753 45 2852
4758 9 571
4759 13 825
4763 45 2858
4764 17 1080
4768 45 2861
4769 17 1081
4771 13 827
4773 45 2864
4776 45 2866
4781 45 2869
4782 17 1084
4786 45 2872
4788 45 2873
4791 17 1086
4793 45 2876
4794 13 831
4798 45 2879
4799 1 64
4803 45 2882
4804 17 1089
4808 9 577
4811 13 834
4813 17 1091
4816 9 578
4817 13 835
4821 45 2893
4822 17 1093
4823 13 836
4826 17 1094
4828 45 2897
4833 9 580
4834 13 838
4838 45 2903
4839 17 1097
4843 45 2906
4844 17 1098
4846 13 840
4848 45 2909
4851 45 2911
4856 45 2914
4857 17 1101
4861 45 2917
4863 45 2918
4866 17 1103
4868 45 2921
4869 13 844
4873 45 2924
4874 1 65
4878 45 2927
4879 17 1106
4883 9 586
4886 13 847
4888 17 1108
4891 9 587
4892 13 848
4896 45 2938
4897 17 1110
4898 13 849
4901 17 1111
4903 45 2942
4908 9 589
4909 13 851
4913 45 2948
4914 17 1114
4918 45 2951
4919 17 1115
4921 13 853
4923 45 2954
4926 45 2956
4931 45 2959
4932 17 1118
4936 45 2962
4938 45 2963
4941 17 1120
4943 45 2966
4944 13 857
4948 45 2969
4949 1 66
4953 45 2972
4954 17 1123
4958 9 595
4961 13 860
4963 17 1125
4966 9 596
4967 13 861
4971 45 2983
4972 17 1127
4973 13 862
4976 17 1128
4978 45 2987
4983 9 598
4984 13 864
4988 45 2993
4989 17 1131
4993 45 2996
4994 17 1132
4996 13 866
4998 45 2999
5001 45 3001
5006 45 3004
5007 17 1135
5011 45 3007
5013 45 3008
5016 17 1137
5018 45 3011
5019 13 870
5023 45 3014
5024 1 67
5028 45 3017
5029 17 1140
5033 9 604
5036 13 873
5038 17 1142
5041 9 605
5042 13 874
5046 45 3028
5047 17 1144
5048 13 875
5051 17 1145
5053 45 3032
5058 9 607
5059 13 877
5063 45 3038
5064 17 1148
5068 45 3041
5069 17 1149
5071 13 879
5073 45 3044
5076 45 3046
5081 45 3049
5082 17 1152
5086 45 3052
5088 45 3053
5091 17 1154
5093 45 3056
5094 13 883
5098 45 3059
5099 1 68
5103 45 3062
5104 17 1157
5108 9 613
5111 13 886
5113 17 1159
5116 9 614
5117 13 887
5121 45 3073
5122 17 1161
5123 13 888
5126 17 1162
5128 45 3077
5133 9 616
5134 13 890
5138 45 3083
5139 17 1165
5143 45 3086
5144 17 1166
5146 13 892
5148 45 3089
5151 45 3091
5156 45 3094
5157 17 1169
5161 45 3097
5163 45 3098
5166 17 1171
5168 45 3101
5169 13 896
5173 45 3104
5174 1 69
5178 45 3107
5179 17 1174
5183 9 622
5186 13 899
5188 17 1176
5191 9 623
5192 13 900
5196 45 3118
5197 17 1178
5198 13 901
5201 17 1179
5203 45 3122
5208 9 625
5209 13 903
5213 45 3128
5214 17 1182
5218 45 3131
5219 17 1183
5221 13 905
5223 45 3134
5226 45 3136
5231 45 3139
5232 17 1186
5236 45 3142
5238 45 3143
5241 17 1188
5243 45 3146
5244 13 909
5248 45 3149
5249 1 70
5253 45 3152
5254 17 1191
5258 9 631
5261 13 912
5263 17 1193
5266 9 632
5267 13 913
5271 45 3163
5272 17 1195
5273 13 914
5276 17 1196
5278 45 3167
5283 9 634
5284 13 916
5288 45 3173
5289 17 1199
5293 45 3176
5294 17 1200
5296 13 918
5298 45 3179
5301 45 3181
5306 45 3184
5307 17 1203
5311 45 3187
5313 45 3188
5316 17 1205
5318 45 3191
5319 13 922
5323 45 3194
5324 1 71
5328 45 3197
5329 17 1208
5333 9 640
5336 13 925
5338 17 1210
5341 9 641
5342 13 926
5346 45 3208
5347 17 1212
5348 13 927
5351 17 1213
5353 45 3212
5358 9 643
5359 13 929
5363 45 3218
5364 17 1216
5368 45 3221
5369 17 1217
5371 13 931
5373 45 3224
5376 45 3226
5381 45 3229
5382 17 1220
5386 45 3232
5388 45 3233
5391 17 1222
5393 45 3236
5394 13 935
5398 45 3239
5399 1 72
5403 45 3242
5404 17 1225
5408 9 649
5411 13 938
5413 17 1227
5416 9 650
5417 13 939
5421 45 3253
5422 17 1229
5423 13 940
5426 17 1230
5428 45 3257
5433 9 652
5434 13 942
5438 45 3263
5439 17 1233
5443 45 3266
5444 17 1234
5446 13 944
5448 45 3269
5451 45 3271
5456 45 3274
5457 17 1237
5461 45 3277
5463 45 3278
5466 17 1239
5468 45 3281
5469 13 948
5473 45 3284
5474 1 73
5478 45 3287
5479 17 1242
5483 9 658
5486 13 951
5488 17 1244
5491 9 659
5492 13 952
5496 45 3298
5497 17 1246
5498 13 953
5501 17 1247
5503 45 3302
5508 9 661
5509 13 955
5513 45 3308
5514 17 1250
5518 45 3311
5519 17 1251
5521 13 957
5523 45 3314
5526 45 3316
5531 45 3319
5532 17 1254
5536 45 3322
5538 45 3323
5541 17 1256
5543 45 3326
5544 13 961
5548 45 3329
5549 1 74
5553 45 3332
5554 17 1259
5558 9 667
5561 13 964
5563 17 1261
5566 9 668
5567 13 965
5571 45 3343
5572 17 1263
5573 13 966
5576 17 1264
5578 45 3347
5583 9 670
5584 13 968
5588 45 3353
5589 17 1267
5593 45 3356
5594 17 1268
5596 13 970
5598 45 3359
5601 45 3361
5606 45 3364
5607 17 1271
5611 45 3367
5613 45 3368
5616 17 1273
5618 45 3371
5619 13 974
5623 45 3374
5624 1 75
5628 45 3377
5629 17 1276
5633 9 676
5636 13 977
5638 17 1278
5641 9 677
5642 13 978
5646 45 3388
5647 17 1280
5648 13 979
5651 17 1281
5653 45 3392
5658 9 679
5659 13 981
5663 45 3398
5664 17 1284
5668 45 3401
5669 17 1285
5671 13 983
5673 45 3404
5676 45 3406
5681 45 3409
5682 17 1288
5686 45 3412
5688 45 3413
5691 17 1290
5693 45 3416
5694 13 987
5698 45 3419
5699 1 76
5703 45 3422
5704 17 1293
5708 9 685
5711 13 990
5713 17 1295
5716 9 686
5717 13 991
5721 45 3433
5722 17 1297
5723 13 992
5726 17 1298
5728 45 3437
5733 9 688
5734 13 994
5738 45 3443
5739 17 1301
5743 45 3446
5744 17 1302
5746 13 996
5748 45 3449
5751 45 3451
5756 45 3454
5757 17 1305
5761 45 3457
5763 45 3458
5766 17 1307
5768 45 3461
5769 13 1000
5773 45 3464
5774 1 77
5778 45 3467
5779 17 1310
5783 9 694
5786 13 1003
5788 17 1312
5791 9 695
5792 13 1004
5796 45 3478
5797 17 1314
5798 13 1005
5801 17 1315
5803 45 3482
5808 9 697
5809 13 1007
5813 45 3488
5814 17 1318
5818 45 3491
5819 17 1319
5821 13 1009
5823 45 3494
5826 45 3496
5831 45 3499
5832 17 1322
5836 45 3502
5838 45 3503
5841 17 1324
5843 45 3506
5844 13 1013
5848 45 3509
5849 1 78
5853 45 3512
5854 17 1327
5858 9 703
5861 13 1016
5863 17 1329
5866 9 704
5867 13 1017
5871 45 3523
5872 17 1331
5873 13 1018
5876 17 1332
5878 45 3527
5883 9 706
5884 13 1020
5888 45 3533
5889 17 1335
5893 45 3536
5894 17 1336
5896 13 1022
5898 45 3539
5901 45 3541
5906 45 3544
5907 17 1339
5911 45 3547
5913 45 3548
5916 17 1341
5918 45 3551
5919 13 1026
5923 45 3554
5924 1 79
5928 45 3557
5929 17 1344
5933 9 712
5936 13 1029
5938 17 1346
5941 9 713
5942 13 1030
5946 45 3568
5947 17 1348
5948 13 1031
5951 17 1349
5953 45 3572
5958 9 715
5959 13 1033
5963 45 3578
5964 17 1352
5968 45 3581
5969 17 1353
5971 13 1035
5973 45 3584
5976 45 3586
5981 45 3589
5982 17 1356
5986 45 3592
5988 45 3593
5991 17 1358
5993 45 3596
5994 13 1039
5998 45 3599
5999 1 80
6003 45 3602
6004 17 1361
6008 9 721
6011 13 1042
6013 17 1363
6016 9 722
6017 13 1043
6021 45 3613
6022 17 1365
6023 13 1044
6026 17 1366
6028 45 3617
6033 9 724
6034 13 1046
6038 45 3623
6039 17 1369
6043 45 3626
6044 17 1370
6046 13 1048
6048 45 3629
6051 45 3631
6056 45 3634
6057 17 1373
6061 45 3637
6063 45 3638
6066 17 1375
6068 45 3641
6069 13 1052
6073 45 3644
6074 1 81
6078 45 3647
6079 17 1378
6083 9 730
6086 13 1055
6088 17 1380
6091 9 731
6092 13 1056
6096 45 3658
6097 17 1382
6098 13 1057
6101 17 1383
6103 45 3662
6108 9 733
6109 13 1059
6113 45 3668
6114 17 1386
6118 45 3671
6119 17 1387
6121 13 1061
6123 45 3674
6126 45 3676
6131 45 3679
6132 17 1390
6136 45 3682
6138 45 3683
6141 17 1392
6143 45 3686
6144 13 1065
6148 45 3689
6149 1 82
6153 45 3692
6154 17 1395
6158 9 739
6161 13 1068
6163 17 1397
6166 9 740
6167 13 1069
6171 45 3703
6172 17 1399
6173 13 1070
6176 17 1400
6178 45 3707
6183 9 742
6184 13 1072
6188 45 3713
6189 17 1403
6193 45 3716
6194 17 1404
6196 13 1074
6198 45 3719
6201 45 3721
6206 45 3724
6207 17 1407
6211 45 3727
6213 45 3728
6216 17 1409
6218 45 3731
6219 13 1078
6223 45 3734
6224 1 83
6228 45 3737
6229 17 1412
6233 9 748
6236 13 1081
6238 17 1414
6241 9 749
6242 13 1082
6246 45 3748
6247 17 1416
6248 13 1083
6251 17 1417
6253 45 3752
6258 9 751
6259 13 1085
6263 45 3758
6264 17 1420
6268 45 3761
6269 17 1421
6271 13 1087
6273 45 3764
6276 45 3766
6281 45 3769
6282 17 1424
6286 45 3772
6288 45 3773
6291 17 1426
6293 45 3776
6294 13 1091
6298 45 3779
6299 1 84
6303 45 3782
6304 17 1429
6308 9 757
6311 13 1094
6313 17 1431
6316 9 758
6317 13 1095
6321 45 3793
6322 17 1433
6323 13 1096
6326 17 1434
6328 45 3797
6333 9 760
6334 13 1098
6338 45 3803
6339 17 1437
6343 45 3806
6344 17 1438
6346 13 1100
6348 45 3809
6351 45 3811
6356 45 3814
6357 17 1441
6361 45 3817
6363 45 3818
6366 17 1443
6368 45 3821
6369 13 1104
6373 45 3824
6374 1 85
6378 45 3827
6379 17 1446
6383 9 766
6386 13 1107
6388 17 1448
6391 9 767
6392 13 1108
6396 45 3838
6397 17 1450
6398 13 1109
6401 17 1451
6403 45 3842
6408 9 769
6409 13 1111
6413 45 3848
6414 17 1454
6418 45 3851
6419 17 1455
6421 13 1113
6423 45 3854
6426 45 3856
6431 45 3859
6432 17 1458
6436 45 3862
6438 45 3863
6441 17 1460
6443 45 3866
6444 13 1117
6448 45 3869
6449 1 86
6453 45 3872
6454 17 1463
6458 9 775
6461 13 1120
6463 17 1465
6466 9 776
6467 13 1121
6471 45 3883
6472 17 1467
6473 13 1122
6476 17 1468
6478 45 3887
6483 9 778
6484 13 1124
6488 45 3893
6489 17 1471
6493 45 3896
6494 17 1472
6496 13 1126
6498 45 3899
6501 45 3901
6506 45 3904
6507 17 1475
6511 45 3907
6513 45 3908
6516 17 1477
6518 45 3911
6519 13 1130
6523 45 3914
6524 1 87
6528 45 3917
6529 17 1480
6533 9 784
6536 13 1133
6538 17 1482
6541 9 785
6542 13 1134
6546 45 3928
6547 17 1484
6548 13 1135
6551 17 1485
6553 45 3932
6558 9 787
6559 13 1137
6563 45 3938
6564 17 1488
6568 45 3941
6569 17 1489
6571 13 1139
6573 45 3944
6576 45 3946
6581 45 3949
6582 17 1492
6586 45 3952
6588 45 3953
6591 17 1494
6593 45 3956
6594 13 1143
6598 45 3959
6599 1 88
6603 45 3962
6604 17 1497
6608 9 793
6611 13 1146
6613 17 1499
6616 9 794
6617 13 1147
6621 45 3973
6622 17 1501
6623 13 1148
6626 17 1502
6628 45 3977
6633 9 796
6634 13 1150
6638 45 3983
6639 17 1505
6643 45 3986
6644 17 1506
6646 13 1152
6648 45 3989
6651 45 3991
6656 45 3994
6657 17 1509
6661 45 3997
6663 45 3998
6666 17 1511
6668 45 4001
6669 13 1156
6673 45 4004
6674 1 89
6678 45 4007
6679 17 1514
6683 9 802
6686 13 1159
6688 17 1516
6691 9 803
6692 13 1160
6696 45 4018
6697 17 1518
6698 13 1161
6701 17 1519
6703 45 4022
6708 9 805
6709 13 1163
6713 45 4028
6714 17 1522
6718 45 4031
6719 17 1523
6721 13 1165
6723 45 4034
6726 45 4036
6731 45 4039
6732 17 1526
6736 45 4042
6738 45 4043
6741 17 1528
6743 45 4046
6744 13 1169
6748 45 4049
6749 1 90
6753 45 4052
6754 17 1531
6758 9 811
6761 13 1172
6763 17 1533
6766 9 812
6767 13 1173
6771 45 4063
6772 17 1535
6773 13 1174
6776 17 1536
6778 45 4067
6783 9 814
6784 13 1176
6788 45 4073
6789 17 1539
6793 45 4076
6794 17 1540
6796 13 1178
6798 45 4079
6801 45 4081
6806 45 4084
6807 17 1543
6811 45 4087
6813 45 4088
6816 17 1545
6818 45 4091
6819 13 1182
6823 45 4094
6824 1 91
6828 45 4097
6829 17 1548
6833 9 820
6836 13 1185
6838 17 1550
6841 9 821
6842 13 1186
6846 45 4108
6847 17 1552
6848 13 1187
6851 17 1553
6853 45 4112
6858 9 823
6859 13 1189
6863 45 4118
6864 17 1556
6868 45 4121
6869 17 1557
6871 13 1191
6873 45 4124
6876 45 4126
6881 45 4129
6882 17 1560
6886 45 4132
6888 45 4133
6891 17 1562
6893 45 4136
6894 13 1195
6898 45 4139
6899 1 92
6903 45 4142
6904 17 1565
6908 9 829
6911 13 1198
6913 17 1567
6916 9 830
6917 13 1199
6921 45 4153
6922 17 1569
6923 13 1200
6926 17 1570
6928 45 4157
6933 9 832
6934 13 1202
6938 45 4163
6939 17 1573
6943 45 4166
6944 17 1574
6946 13 1204
6948 45 4169
6951 45 4171
6956 45 4174
6957 17 1577
6961 45 4177
6963 45 4178
6966 17 1579
6968 45 4181
6969 13 1208
6973 45 4184
6974 1 93
6978 45 4187
6979 17 1582
6983 9 838
6986 13 1211
6988 17 1584
6991 9 839
6992 13 1212
6996 45 4198
6997 17 1586
6998 13 1213
7001 17 1587
7003 45 4202
7008 9 841
7009 13 1215
7013 45 4208
7014 17 1590
7018 45 4211
7019 17 1591
7021 13 1217
7023 45 4214
7026 45 4216
7031 45 4219
7032 17 1594
7036 45 4222
7038 45 4223
7041 17 1596
7043 45 4226
7044 13 1221
7048 45 4229
7049 1 94
7053 45 4232
7054 17 1599
7058 9 847
7061 13 1224
7063 17 1601
7066 9 848
7067 13 1225
7071 45 4243
7072 17 1603
7073 13 1226
7076 17 1604
7078 45 4247
7083 9 850
7084 13 1228
7088 45 4253
7089 17 1607
7093 45 4256
7094 17 1608
7096 13 1230
7098 45 4259
7101 45 4261
7106 45 4264
7107 17 1611
7111 45 4267
7113 45 4268
7116 17 1613
7118 45 4271
7119 13 1234
7123 45 4274
7124 1 95
7128 45 4277
7129 17 1616
7133 9 856
7136 13 1237
7138 17 1618
7141 9 857
7142 13 1238
7146 45 4288
7147 17 1620
7148 13 1239
7151 17 1621
7153 45 4292
7158 9 859
7159 13 1241
7163 45 4298
7164 17 1624
7168 45 4301
7169 17 1625
7171 13 1243
7173 45 4304
7176 45 4306
7181 45 4309
7182 17 1628
7186 45 4312
7188 45 4313
7191 17 1630
7193 45 4316
7194 13 1247
7198 45 4319
7199 1 96
7203 45 4322
7204 17 1633
7208 9 865
7211 13 1250
7213 17 1635
7216 9 866
7217 13 1251
7221 45 4333
7222 17 1637
7223 13 1252
7226 17 1638
7228 45 4337
7233 9 868
7234 13 1254
7238 45 4343
7239 17 1641
7243 45 4346
7244 17 1642
7246 13 1256
7248 45 4349
7251 45 4351
7256 45 4354
7257 17 1645
7261 45 4357
7263 45 4358
7266 17 1647
7268 45 4361
7269 13 1260
7273 45 4364
7274 1 97
7278 45 4367
7279 17 1650
7283 9 874
7286 13 1263
7288 17 1652
7291 9 875
7292 13 1264
7296 45 4378
7297 17 1654
7298 13 1265
7301 17 1655
7303 45 4382
7308 9 877
7309 13 1267
7313 45 4388
7314 17 1658
7318 45 4391
7319 17 1659
7321 13 1269
7323 45 4394
7326 45 4396
7331 45 4399
7332 17 1662
7336 45 4402
7338 45 4403
7341 17 1664
7343 45 4406
7344 13 1273
7348 45 4409
7349 1 98
7353 45 4412
7354 17 1667
7358 9 883
7361 13 1276
7363 17 1669
7366 9 884
7367 13 1277
7371 45 4423
7372 17 1671
7373 13 1278
7376 17 1672
7378 45 4427
7383 9 886
7384 13 1280
7388 45 4433
7389 17 1675
7393 45 4436
7394 17 1676
7396 13 1282
7398 45 4439
7401 45 4441
7406 45 4444
7407 17 1679
7411 45 4447
7413 45 4448
7416 17 1681
7418 45 4451
7419 13 1286
7423 45 4454
7424 1 99
7428 45 4457
7429 17 1684
7433 9 892
7436 13 1289
7438 17 1686
7441 9 893
7442 13 1290
7446 45 4468
7447 17 1688
7448 13 1291
7451 17 1689
7453 45 4472
7458 9 895
7459 13 1293
7463 45 4478
7464 17 1692
7468 45 4481
7469 17 1693
7471 13 1295
7473 45 4484
7476 45 4486
7481 45 4489
7482 17 1696
7486 45 4492
7488 45 4493
7491 17 1698
7493 45 4496
7494 13 1299
7498 45 4499
7499 1 100
7503 45 4502
7504 17 1701
7508 9 901
7511 13 1302
7513 17 1703
7516 9 902
7517 13 1303
7521 45 4513
7522 17 1705
7523 13 1304
7526 17 1706
7528 45 4517
7533 9 904
7534 13 1306
7538 45 4523
7539 17 1709
7543 45 4526
7544 17 1710
7546 13 1308
7548 45 4529
7551 45 4531
7556 45 4534
7557 17 1713
7561 45 4537
7563 45 4538
7566 17 1715
7568 45 4541
7569 13 1312
7573 45 4544
7574 1 101
7578 45 4547
7579 17 1718
7583 9 910
7586 13 1315
7588 17 1720
7591 9 911
7592 13 1316
7596 45 4558
7597 17 1722
7598 13 1317
7601 17 1723
7603 45 4562
7608 9 913
7609 13 1319
7613 45 4568
7614 17 1726
7618 45 4571
7619 17 1727
7621 13 1321
7623 45 4574
7626 45 4576
7631 45 4579
7632 17 1730
7636 45 4582
7638 45 4583
7641 17 1732
7643 45 4586
7644 13 1325
7648 45 4589
7649 1 102
7653 45 4592
7654 17 1735
7658 9 919
7661 13 1328
7663 17 1737
7666 9 920
7667 13 1329
7671 45 4603
7672 17 1739
7673 13 1330
7676 17 1740
7678 45 4607
7683 9 922
7684 13 1332
7688 45 4613
7689 17 1743
7693 45 4616
7694 17 1744
7696 13 1334
7698 45 4619
7701 45 4621
7706 45 4624
7707 17 1747
7711 45 4627
7713 45 4628
7716 17 1749
7718 45 4631
7719 13 1338
7723 45 4634
7724 1 103
7728 45 4637
7729 17 1752
7733 9 928
7736 13 1341
7738 17 1754
7741 9 929
7742 13 1342
7746 45 4648
7747 17 1756
7748 13 1343
7751 17 1757
7753 45 4652
7758 9 931
7759 13 1345
7763 45 4658
7764 17 1760
7768 45 4661
7769 17 1761
7771 13 1347
7773 45 4664
7776 45 4666
7781 45 4669
7782 17 1764
7786 45 4672
7788 45 4673
7791 17 1766
7793 45 4676
7794 13 1351
7798 45 4679
7799 1 104
7803 45 4682
7804 17 1769
7808 9 937
7811 13 1354
7813 17 1771
7816 9 938
7817 13 1355
7821 45 4693
7822 17 1773
7823 13 1356
7826 17 1774
7828 45 4697
7833 9 940
7834 13 1358
7838 45 4703
7839 17 1777
7843 45 4706
7844 17 1778
7846 13 1360
7848 45 4709
7851 45 4711
7856 45 4714
7857 17 1781
7861 45 4717
7863 45 4718
7866 17 1783
7868 45 4721
7869 13 1364
7873 45 4724
7874 1 105
7878 45 4727
7879 17 1786
7883 9 946
7886 13 1367
7888 17 1788
7891 9 947
7892 13 1368
7896 45 4738
7897 17 1790
7898 13 1369
7901 17 1791
7903 45 4742
7908 9 949
7909 13 1371
7913 45 4748
7914 17 1794
7918 45 4751
7919 17 1795
7921 13 1373
7923 45 4754
7926 45 4756
7931 45 4759
7932 17 1798
7936 45 4762
7938 45 4763
7941 17 1800
7943 45 4766
7944 13 1377
7948 45 4769
7949 1 106
7953 45 4772
7954 17 1803
7958 9 955
7961 13 1380
7963 17 1805
7966 9 956
7967 13 1381
7971 45 4783
7972 17 1807
7973 13 1382
7976 17 1808
7978 45 4787
7983 9 958
7984 13 1384
7988 45 4793
7989 17 1811
7993 45 4796
7994 17 1812
7996 13 1386
7998 45 4799
8001 45 4801
8006 45 4804
8007 17 1815
8011 45 4807
8013 45 4808
8016 17 1817
8018 45 4811
8019 13 1390
8023 45 4814
8024 1 107
8028 45 4817
8029 17 1820
8033 9 964
8036 13 1393
8038 17 1822
8041 9 965
8042 13 1394
8046 45 4828
8047 17 1824
8048 13 1395
8051 17 1825
8053 45 4832
8058 9 967
8059 13 1397
8063 45 4838
8064 17 1828
8068 45 4841
8069 17 1829
8071 13 1399
8073 45 4844
8076 45 4846
8081 45 4849
8082 17 1832
8086 45 4852
8088 45 4853
8091 17 1834
8093 45 4856
8094 13 1403
8098 45 4859
8099 1 108
8103 45 4862
8104 17 1837
8108 9 973
8111 13 1406
8113 17 1839
8116 9 974
8117 13 1407
8121 45 4873
8122 17 1841
8123 13 1408
8126 17 1842
8128 45 4877
8133 9 976
8134 13 1410
8138 45 4883
8139 17 1845
8143 45 4886
8144 17 1846
8146 13 1412
8148 45 4889
8151 45 4891
8156 45 4894
8157 17 1849
8161 45 4897
8163 45 4898
8166 17 1851
8168 45 4901
8169 13 1416
8173 45 4904
8174 1 109
8178 45 4907
8179 17 1854
8183 9 982
8186 13 1419
8188 17 1856
8191 9 983
8192 13 1420
8196 45 4918
8197 17 1858
8198 13 1421
8201 17 1859
8203 45 4922
8208 9 985
8209 13 1423
8213 45 4928
8214 17 1862
8218 45 4931
8219 17 1863
8221 13 1425
8223 45 4934
8226 45 4936
8231 45 4939
8232 17 1866
8236 45 4942
8238 45 4943
8241 17 1868
8243 45 4946
8244 13 1429
8248 45 4949
8249 1 110
8253 45 4952
8254 17 1871
8258 9 991
8261 13 1432
8263 17 1873
8266 9 992
8267 13 1433
8271 45 4963
8272 17 1875
8273 13 1434
8276 17 1876
8278 45 4967
8283 9 994
8284 13 1436
8288 45 4973
8289 17 1879
8293 45 4976
8294 17 1880
8296 13 1438
8298 45 4979
8301 45 4981
8306 45 4984
8307 17 1883
8311 45 4987
8313 45 4988
8316 17 1885
8318 45 4991
8319 13 1442
8323 45 4994
8324 1 111
8328 45 4997
8329 17 1888
8333 9 1000
8336 13 1445
8338 17 1890
8341 9 1001
8342 13 1446
8346 45 5008
8347 17 1892
8348 13 1447
8351 17 1893
8353 45 5012
8358 9 1003
8359 13 1449
8363 45 5018
8364 17 1896
8368 45 5021
8369 17 1897
8371 13 1451
8373 45 5024
8376 45 5026
8381 45 5029
8382 17 1900
8386 45 5032
8388 45 5033
8391 17 1902
8393 45 5036
8394 13 1455
8398 45 5039
8399 1 112
8403 45 5042
8404 17 1905
8408 9 1009
8411 13 1458
8413 17 1907
8416 9 1010
8417 13 1459
8421 45 5053
8422 17 1909
8423 13 1460
8426 17 1910
8428 45 5057
8433 9 1012
8434 13 1462
8438 45 5063
8439 17 1913
8443 45 5066
8444 17 1914
8446 13 1464
8448 45 5069
8451 45 5071
8456 45 5074
8457 17 1917
8461 45 5077
8463 45 5078
8466 17 1919
8468 45 5081
8469 13 1468
8473 45 5084
8474 1 113
8478 45 5087
8479 17 1922
8483 9 1018
8486 13 1471
8488 17 1924
8491 9 1019
8492 13 1472
8496 45 5098
8497 17 1926
8498 13 1473
8501 17 1927
8503 45 5102
8508 9 1021
8509 13 1475
8513 45 5108
8514 17 1930
8518 45 5111
8519 17 1931
8521 13 1477
8523 45 5114
8526 45 5116
8531 45 5119
8532 17 1934
8536 45 5122
8538 45 5123
8541 17 1936
8543 45 5126
8544 13 1481
8548 45 5129
8549 1 114
8553 45 5132
8554 17 1939
8558 9 1027
8561 13 1484
8563 17 1941
8566 9 1028
8567 13 1485
8571 45 5143
8572 17 1943
8573 13 1486
8576 17 1944
8578 45 5147
8583 9 1030
8584 13 1488
8588 45 5153
8589 17 1947
8593 45 5156
8594 17 1948
8596 13 1490
8598 45 5159
8601 45 5161
8606 45 5164
8607 17 1951
8611 45 5167
8613 45 5168
8616 17 1953
8618 45 5171
8619 13 1494
8623 45 5174
8624 1 115
8628 45 5177
8629 17 1956
8633 9 1036
8636 13 1497
8638 17 1958
8641 9 1037
8642 13 1498
8646 45 5188
8647 17 1960
8648 13 1499
8651 17 1961
8653 45 5192
8658 9 1039
8659 13 1501
8663 45 5198
8664 17 1964
8668 45 5201
8669 17 1965
8671 13 1503
8673 45 5204
8676 45 5206
8681 45 5209
8682 17 1968
8686 45 5212
8688 45 5213
8691 17 1970
8693 45 5216
8694 13 1507
8698 45 5219
8699 1 116
8703 45 5222
8704 17 1973
8708 9 1045
8711 13 1510
8713 17 1975
8716 9 1046
8717 13 1511
8721 45 5233
8722 17 1977
8723 13 1512
8726 17 1978
8728 45 5237
8733 9 1048
8734 13 1514
8738 45 5243
8739 17 1981
8743 45 5246
8744 17 1982
8746 13 1516
8748 45 5249
8751 45 5251
8756 45 5254
8757 17 1985
8761 45 5257
8763 45 5258
8766 17 1987
8768 45 5261
8769 13 1520
8773 45 5264
8774 1 117
8778 45 5267
8779 17 1990
8783 9 1054
8786 13 1523
8788 17 1992
8791 9 1055
8792 13 1524
8796 45 5278
8797 17 1994
8798 13 1525
8801 17 1995
8803 45 5282
8808 9 1057
8809 13 1527
8813 45 5288
8814 17 1998
8818 45 5291
8819 17 1999
8821 13 1529
8823 45 5294
8826 45 5296
8831 45 5299
8832 17 2002
8836 45 5302
8838 45 5303
8841 17 2004
8843 45 5306
8844 13 1533
8848 45 5309
8849 1 118
8853 45 5312
8854 17 2007
8858 9 1063
8861 13 1536
8863 17 2009
8866 9 1064
8867 13 1537
8871 45 5323
8872 17 2011
8873 13 1538
8876 17 2012
8878 45 5327
8883 9 1066
8884 13 1540
8888 45 5333
8889 17 2015
8893 45 5336
8894 17 2016
8896 13 1542
8898 45 5339
8901 45 5341
8906 45 5344
8907 17 2019
8911 45 5347
8913 45 5348
8916 17 2021
8918 45 5351
8919 13 1546
8923 45 5354
8924 1 119
8928 45 5357
8929 17 2024
8933 9 1072
8936 13 1549
8938 17 2026
8941 9 1073
8942 13 1550
8946 45 5368
8947 17 2028
8948 13 1551
8951 17 2029
8953 45 5372
8958 9 1075
8959 13 1553
8963 45 5378
8964 17 2032
8968 45 5381
8969 17 2033
8971 13 1555
8973 45 5384
8976 45 5386
8981 45 5389
8982 17 2036
8986 45 5392
8988 45 5393
8991 17 2038
8993 45 5396
8994 13 1559
8998 45 5399
8999 1 120
9003 45 5402
9004 17 2041
9008 9 1081
9011 13 1562
9013 17 2043
9016 9 1082
9017 13 1563
9021 45 5413
9022 17 2045
9023 13 1564
9026 17 2046
9028 45 5417
9033 9 1084
9034 13 1566
9038 45 5423
9039 17 2049
9043 45 5426
9044 17 2050
9046 13 1568
9048 45 5429
9051 45 5431
9056 45 5434
9057 17 2053
9061 45 5437
9063 45 5438
9066 17 2055
9068 45 5441
9069 13 1572
9073 45 5444
9074 1 121
9078 45 5447
9079 17 2058
9083 9 1090
9086 13 1575
9088 17 2060
9091 9 1091
9092 13 1576
9096 45 5458
9097 17 2062
9098 13 1577
9101 17 2063
9103 45 5462
9108 9 1093
9109 13 1579
9113 45 5468
9114 17 2066
9118 45 5471
9119 17 2067
9121 13 1581
9123 45 5474
9126 45 5476
9131 45 5479
9132 17 2070
9136 45 5482
9138 45 5483
9141 17 2072
9143 45 5486
9144 13 1585
9148 45 5489
9149 1 122
9153 45 5492
9154 17 2075
9158 9 1099
9161 13 1588
9163 17 2077
9166 9 1100
9167 13 1589
9171 45 5503
9172 17 2079
9173 13 1590
9176 17 2080
9178 45 5507
9183 9 1102
9184 13 1592
9188 45 5513
9189 17 2083
9193 45 5516
9194 17 2084
9196 13 1594
9198 45 5519
9201 45 5521
9206 45 5524
9207 17 2087
9211 45 5527
9213 45 5528
9216 17 2089
9218 45 5531
9219 13 1598
9223 45 5534
9224 1 123
9228 45 5537
9229 17 2092
9233 9 1108
9236 13 1601
9238 17 2094
9241 9 1109
9242 13 1602
9246 45 5548
9247 17 2096
9248 13 1603
9251 17 2097
9253 45 5552
9258 9 1111
9259 13 1605
9263 45 5558
9264 17 2100
9268 45 5561
9269 17 2101
9271 13 1607
9273 45 5564
9276 45 5566
9281 45 5569
9282 17 2104
9286 45 5572
9288 45 5573
9291 17 2106
9293 45 5576
9294 13 1611
9298 45 5579
9299 1 124
9303 45 5582
9304 17 2109
9308 9 1117
9311 13 1614
9313 17 2111
9316 9 1118
9317 13 1615
9321 45 5593
9322 17 2113
9323 13 1616
9326 17 2114
9328 45 5597
9333 9 1120
9334 13 1618
9338 45 5603
9339 17 2117
9343 45 5606
9344 17 2118
9346 13 1620
9348 45 5609
9351 45 5611
9356 45 5614
9357 17 2121
9361 45 5617
9363 45 5618
9366 17 2123
9368 45 5621
9369 13 1624
9373 45 5624
9374 1 125
9378 45 5627
9379 17 2126
9383 9 1126
9386 13 1627
9388 17 2128
9391 9 1127
9392 13 1628
9396 45 5638
9397 17 2130
9398 13 1629
9401 17 2131
9403 45 5642
9408 9 1129
9409 13 1631
9413 45 5648
9414 17 2134
9418 45 5651
9419 17 2135
9421 13 1633
9423 45 5654
9426 45 5656
9431 45 5659
9432 17 2138
9436 45 5662
9438 45 5663
9441 17 2140
9443 45 5666
9444 13 1637
9448 45 5669
9449 1 126
9453 45 5672
9454 17 2143
9458 9 1135
9461 13 1640
9463 17 2145
9466 9 1136
9467 13 1641
9471 45 5683
9472 17 2147
9473 13 1642
9476 17 2148
9478 45 5687
9483 9 1138
9484 13 1644
9488 45 5693
9489 17 2151
9493 45 5696
9494 17 2152
9496 13 1646
9498 45 5699
9501 45 5701
9506 45 5704
9507 17 2155
9511 45 5707
9513 45 5708
9516 17 2157
9518 45 5711
9519 13 1650
9523 45 5714
9524 1 127
9528 45 5717
9529 17 2160
9533 9 1144
9536 13 1653
9538 17 2162
9541 9 1145
9542 13 1654
9546 45 5728
9547 17 2164
9548 13 1655
9551 17 2165
9553 45 5732
9558 9 1147
9559 13 1657
9563 45 5738
9564 17 2168
9568 45 5741
9569 17 2169
9571 13 1659
9573 45 5744
9576 45 5746
9581 45 5749
9582 17 2172
9586 45 5752
9588 45 5753
9591 17 2174
9593 45 5756
9594 13 1663
9598 45 5759
9599 1 128
9603 45 5762
9604 17 2177
9608 9 1153
9611 13 1666
9613 17 2179
9616 9 1154
9617 13 1667
9621 45 5773
9622 17 2181
9623 13 1668
9626 17 2182
9628 45 5777
9633 9 1156
9634 13 1670
9638 45 5783
9639 17 2185
9643 45 5786
9644 17 2186
9646 13 1672
9648 45 5789
9651 45 5791
9656 45 5794
9657 17 2189
9661 45 5797
9663 45 5798
9666 17 2191
9668 45 5801
9669 13 1676
9673 45 5804
9674 1 129
