4515 84 100000000 591 125
4 59 3
5 59 4
7 59 5
11 59 8
14 59 10
15 11 2
17 59 12
21 59 15
22 59 16
27 59 19
28 59 20
29 59 21
34 59 24
35 59 25
37 59 26
38 11 5
41 59 29
44 59 31
45 59 32
51 59 36
52 59 37
53 11 7
58 59 41
59 59 42
61 11 8
64 59 45
65 59 46
68 59 48
71 59 50
74 59 52
75 59 53
76 11 10
81 59 57
82 59 58
83 1 1
88 59 62
89 59 63
91 59 64
95 59 67
98 59 69
99 11 13
101 59 71
105 59 74
106 59 75
111 59 78
112 59 79
113 59 80
118 59 83
119 59 84
121 59 85
122 11 16
125 59 88
128 59 90
129 59 91
135 59 95
136 59 96
137 11 18
142 59 100
143 59 101
145 11 19
148 59 104
149 59 105
152 59 107
155 59 109
158 59 111
159 59 112
160 11 21
165 59 116
166 59 117
167 1 2
172 59 121
173 59 122
175 59 123
179 59 126
182 59 128
183 11 24
185 59 130
189 59 133
190 59 134
195 59 137
196 59 138
197 59 139
202 59 142
203 59 143
205 59 144
206 11 27
209 59 147
212 59 149
213 59 150
219 59 154
220 59 155
221 11 29
226 59 159
227 59 160
229 11 30
232 59 163
233 59 164
236 59 166
239 59 168
242 59 170
243 59 171
244 11 32
249 59 175
250 59 176
251 1 3
256 59 180
257 59 181
259 59 182
263 59 185
266 59 187
267 11 35
269 59 189
273 59 192
274 59 193
279 59 196
280 59 197
281 59 198
286 59 201
287 59 202
289 59 203
290 11 38
293 59 206
296 59 208
297 59 209
303 59 213
304 59 214
305 11 40
310 59 218
311 59 219
313 11 41
316 59 222
317 59 223
320 59 225
323 59 227
326 59 229
327 59 230
328 11 43
333 59 234
334 59 235
335 1 4
340 59 239
341 59 240
343 59 241
347 59 244
350 59 246
351 11 46
353 59 248
357 59 251
358 59 252
363 59 255
364 59 256
365 59 257
370 59 260
371 59 261
373 59 262
374 11 49
377 59 265
380 59 267
381 59 268
387 59 272
388 59 273
389 11 51
394 59 277
395 59 278
397 11 52
400 59 281
401 59 282
404 59 284
407 59 286
410 59 288
411 59 289
412 11 54
417 59 293
418 59 294
419 1 5
424 59 298
425 59 299
427 59 300
431 59 303
434 59 305
435 11 57
437 59 307
441 59 310
442 59 311
447 59 314
448 59 315
449 59 316
454 59 319
455 59 320
457 59 321
458 11 60
461 59 324
464 59 326
465 59 327
471 59 331
472 59 332
473 11 62
478 59 336
479 59 337
481 11 63
484 59 340
485 59 341
488 59 343
491 59 345
494 59 347
495 59 348
496 11 65
501 59 352
502 59 353
503 1 6
508 59 357
509 59 358
511 59 359
515 59 362
518 59 364
519 11 68
521 59 366
525 59 369
526 59 370
531 59 373
532 59 374
533 59 375
538 59 378
539 59 379
541 59 380
542 11 71
545 59 383
548 59 385
549 59 386
555 59 390
556 59 391
557 11 73
562 59 395
563 59 396
565 11 74
568 59 399
569 59 400
572 59 402
575 59 404
578 59 406
579 59 407
580 11 76
585 59 411
586 59 412
587 1 7
592 59 416
593 59 417
595 59 418
599 59 421
602 59 423
603 11 79
605 59 425
609 59 428
610 59 429
615 59 432
616 59 433
617 59 434
622 59 437
623 59 438
625 59 439
626 11 82
629 59 442
632 59 444
633 59 445
639 59 449
640 59 450
641 11 84
646 59 454
647 59 455
649 11 85
652 59 458
653 59 459
656 59 461
659 59 463
662 59 465
663 59 466
664 11 87
669 59 470
670 59 471
671 1 8
676 59 475
677 59 476
679 59 477
683 59 480
686 59 482
687 11 90
689 59 484
693 59 487
694 59 488
699 59 491
700 59 492
701 59 493
706 59 496
707 59 497
709 59 498
710 11 93
713 59 501
716 59 503
717 59 504
723 59 508
724 59 509
725 11 95
730 59 513
731 59 514
733 11 96
736 59 517
737 59 518
740 59 520
743 59 522
746 59 524
747 59 525
748 11 98
753 59 529
754 59 530
755 1 9
760 59 534
761 59 535
763 59 536
767 59 539
770 59 541
771 11 101
773 59 543
777 59 546
778 59 547
783 59 550
784 59 551
785 59 552
790 59 555
791 59 556
793 59 557
794 11 104
797 59 560
800 59 562
801 59 563
807 59 567
808 59 568
809 11 106
814 59 572
815 59 573
817 11 107
820 59 576
821 59 577
824 59 579
827 59 581
830 59 583
831 59 584
832 11 109
837 59 588
838 59 589
839 1 10
844 59 593
845 59 594
847 59 595
851 59 598
854 59 600
855 11 112
857 59 602
861 59 605
862 59 606
867 59 609
868 59 610
869 59 611
874 59 614
875 59 615
877 59 616
878 11 115
881 59 619
884 59 621
885 59 622
891 59 626
892 59 627
893 11 117
898 59 631
899 59 632
901 11 118
904 59 635
905 59 636
908 59 638
911 59 640
914 59 642
915 59 643
916 11 120
921 59 647
922 59 648
923 1 11
928 59 652
929 59 653
931 59 654
935 59 657
938 59 659
939 11 123
941 59 661
945 59 664
946 59 665
951 59 668
952 59 669
953 59 670
958 59 673
959 59 674
961 59 675
962 11 126
965 59 678
968 59 680
969 59 681
975 59 685
976 59 686
977 11 128
982 59 690
983 59 691
985 11 129
988 59 694
989 59 695
992 59 697
995 59 699
998 59 701
999 59 702
1000 11 131
1005 59 706
1006 59 707
1007 1 12
1012 59 711
1013 59 712
1015 59 713
1019 59 716
1022 59 718
1023 11 134
1025 59 720
1029 59 723
1030 59 724
1035 59 727
1036 59 728
1037 59 729
1042 59 732
1043 59 733
1045 59 734
1046 11 137
1049 59 737
1052 59 739
1053 59 740
1059 59 744
1060 59 745
1061 11 139
1066 59 749
1067 59 750
1069 11 140
1072 59 753
1073 59 754
1076 59 756
1079 59 758
1082 59 760
1083 59 761
1084 11 142
1089 59 765
1090 59 766
1091 1 13
1096 59 770
1097 59 771
1099 59 772
1103 59 775
1106 59 777
1107 11 145
1109 59 779
1113 59 782
1114 59 783
1119 59 786
1120 59 787
1121 59 788
1126 59 791
1127 59 792
1129 59 793
1130 11 148
1133 59 796
1136 59 798
1137 59 799
1143 59 803
1144 59 804
1145 11 150
1150 59 808
1151 59 809
1153 11 151
1156 59 812
1157 59 813
1160 59 815
1163 59 817
1166 59 819
1167 59 820
1168 11 153
1173 59 824
1174 59 825
1175 1 14
1180 59 829
1181 59 830
1183 59 831
1187 59 834
1190 59 836
1191 11 156
1193 59 838
1197 59 841
1198 59 842
1203 59 845
1204 59 846
1205 59 847
1210 59 850
1211 59 851
1213 59 852
1214 11 159
1217 59 855
1220 59 857
1221 59 858
1227 59 862
1228 59 863
1229 11 161
1234 59 867
1235 59 868
1237 11 162
1240 59 871
1241 59 872
1244 59 874
1247 59 876
1250 59 878
1251 59 879
1252 11 164
1257 59 883
1258 59 884
1259 1 15
1264 59 888
1265 59 889
1267 59 890
1271 59 893
1274 59 895
1275 11 167
1277 59 897
1281 59 900
1282 59 901
1287 59 904
1288 59 905
1289 59 906
1294 59 909
1295 59 910
1297 59 911
1298 11 170
1301 59 914
1304 59 916
1305 59 917
1311 59 921
1312 59 922
1313 11 172
1318 59 926
1319 59 927
1321 11 173
1324 59 930
1325 59 931
1328 59 933
1331 59 935
1334 59 937
1335 59 938
1336 11 175
1341 59 942
1342 59 943
1343 1 16
1348 59 947
1349 59 948
1351 59 949
1355 59 952
1358 59 954
1359 11 178
1361 59 956
1365 59 959
1366 59 960
1371 59 963
1372 59 964
1373 59 965
1378 59 968
1379 59 969
1381 59 970
1382 11 181
1385 59 973
1388 59 975
1389 59 976
1395 59 980
1396 59 981
1397 11 183
1402 59 985
1403 59 986
1405 11 184
1408 59 989
1409 59 990
1412 59 992
1415 59 994
1418 59 996
1419 59 997
1420 11 186
1425 59 1001
1426 59 1002
1427 1 17
1432 59 1006
1433 59 1007
1435 59 1008
1439 59 1011
1442 59 1013
1443 11 189
1445 59 1015
1449 59 1018
1450 59 1019
1455 59 1022
1456 59 1023
1457 59 1024
1462 59 1027
1463 59 1028
1465 59 1029
1466 11 192
1469 59 1032
1472 59 1034
1473 59 1035
1479 59 1039
1480 59 1040
1481 11 194
1486 59 1044
1487 59 1045
1489 11 195
1492 59 1048
1493 59 1049
1496 59 1051
1499 59 1053
1502 59 1055
1503 59 1056
1504 11 197
1509 59 1060
1510 59 1061
1511 1 18
1516 59 1065
1517 59 1066
1519 59 1067
1523 59 1070
1526 59 1072
1527 11 200
1529 59 1074
1533 59 1077
1534 59 1078
1539 59 1081
1540 59 1082
1541 59 1083
1546 59 1086
1547 59 1087
1549 59 1088
1550 11 203
1553 59 1091
1556 59 1093
1557 59 1094
1563 59 1098
1564 59 1099
1565 11 205
1570 59 1103
1571 59 1104
1573 11 206
1576 59 1107
1577 59 1108
1580 59 1110
1583 59 1112
1586 59 1114
1587 59 1115
1588 11 208
1593 59 1119
1594 59 1120
1595 1 19
1600 59 1124
1601 59 1125
1603 59 1126
1607 59 1129
1610 59 1131
1611 11 211
1613 59 1133
1617 59 1136
1618 59 1137
1623 59 1140
1624 59 1141
1625 59 1142
1630 59 1145
1631 59 1146
1633 59 1147
1634 11 214
1637 59 1150
1640 59 1152
1641 59 1153
1647 59 1157
1648 59 1158
1649 11 216
1654 59 1162
1655 59 1163
1657 11 217
1660 59 1166
1661 59 1167
1664 59 1169
1667 59 1171
1670 59 1173
1671 59 1174
1672 11 219
1677 59 1178
1678 59 1179
1679 1 20
1684 59 1183
1685 59 1184
1687 59 1185
1691 59 1188
1694 59 1190
1695 11 222
1697 59 1192
1701 59 1195
1702 59 1196
1707 59 1199
1708 59 1200
1709 59 1201
1714 59 1204
1715 59 1205
1717 59 1206
1718 11 225
1721 59 1209
1724 59 1211
1725 59 1212
1731 59 1216
1732 59 1217
1733 11 227
1738 59 1221
1739 59 1222
1741 11 228
1744 59 1225
1745 59 1226
1748 59 1228
1751 59 1230
1754 59 1232
1755 59 1233
1756 11 230
1761 59 1237
1762 59 1238
1763 1 21
1768 59 1242
1769 59 1243
1771 59 1244
1775 59 1247
1778 59 1249
1779 11 233
1781 59 1251
1785 59 1254
1786 59 1255
1791 59 1258
1792 59 1259
1793 59 1260
1798 59 1263
1799 59 1264
1801 59 1265
1802 11 236
1805 59 1268
1808 59 1270
1809 59 1271
1815 59 1275
1816 59 1276
1817 11 238
1822 59 1280
1823 59 1281
1825 11 239
1828 59 1284
1829 59 1285
1832 59 1287
1835 59 1289
1838 59 1291
1839 59 1292
1840 11 241
1845 59 1296
1846 59 1297
1847 1 22
1852 59 1301
1853 59 1302
1855 59 1303
1859 59 1306
1862 59 1308
1863 11 244
1865 59 1310
1869 59 1313
1870 59 1314
1875 59 1317
1876 59 1318
1877 59 1319
1882 59 1322
1883 59 1323
1885 59 1324
1886 11 247
1889 59 1327
1892 59 1329
1893 59 1330
1899 59 1334
1900 59 1335
1901 11 249
1906 59 1339
1907 59 1340
1909 11 250
1912 59 1343
1913 59 1344
1916 59 1346
1919 59 1348
1922 59 1350
1923 59 1351
1924 11 252
1929 59 1355
1930 59 1356
1931 1 23
1936 59 1360
1937 59 1361
1939 59 1362
1943 59 1365
1946 59 1367
1947 11 255
1949 59 1369
1953 59 1372
1954 59 1373
1959 59 1376
1960 59 1377
1961 59 1378
1966 59 1381
1967 59 1382
1969 59 1383
1970 11 258
1973 59 1386
1976 59 1388
1977 59 1389
1983 59 1393
1984 59 1394
1985 11 260
1990 59 1398
1991 59 1399
1993 11 261
1996 59 1402
1997 59 1403
2000 59 1405
2003 59 1407
2006 59 1409
2007 59 1410
2008 11 263
2013 59 1414
2014 59 1415
2015 1 24
2020 59 1419
2021 59 1420
2023 59 1421
2027 59 1424
2030 59 1426
2031 11 266
2033 59 1428
2037 59 1431
2038 59 1432
2043 59 1435
2044 59 1436
2045 59 1437
2050 59 1440
2051 59 1441
2053 59 1442
2054 11 269
2057 59 1445
2060 59 1447
2061 59 1448
2067 59 1452
2068 59 1453
2069 11 271
2074 59 1457
2075 59 1458
2077 11 272
2080 59 1461
2081 59 1462
2084 59 1464
2087 59 1466
2090 59 1468
2091 59 1469
2092 11 274
2097 59 1473
2098 59 1474
2099 1 25
2104 59 1478
2105 59 1479
2107 59 1480
2111 59 1483
2114 59 1485
2115 11 277
2117 59 1487
2121 59 1490
2122 59 1491
2127 59 1494
2128 59 1495
2129 59 1496
2134 59 1499
2135 59 1500
2137 59 1501
2138 11 280
2141 59 1504
2144 59 1506
2145 59 1507
2151 59 1511
2152 59 1512
2153 11 282
2158 59 1516
2159 59 1517
2161 11 283
2164 59 1520
2165 59 1521
2168 59 1523
2171 59 1525
2174 59 1527
2175 59 1528
2176 11 285
2181 59 1532
2182 59 1533
2183 1 26
2188 59 1537
2189 59 1538
2191 59 1539
2195 59 1542
2198 59 1544
2199 11 288
2201 59 1546
2205 59 1549
2206 59 1550
2211 59 1553
2212 59 1554
2213 59 1555
2218 59 1558
2219 59 1559
2221 59 1560
2222 11 291
2225 59 1563
2228 59 1565
2229 59 1566
2235 59 1570
2236 59 1571
2237 11 293
2242 59 1575
2243 59 1576
2245 11 294
2248 59 1579
2249 59 1580
2252 59 1582
2255 59 1584
2258 59 1586
2259 59 1587
2260 11 296
2265 59 1591
2266 59 1592
2267 1 27
2272 59 1596
2273 59 1597
2275 59 1598
2279 59 1601
2282 59 1603
2283 11 299
2285 59 1605
2289 59 1608
2290 59 1609
2295 59 1612
2296 59 1613
2297 59 1614
2302 59 1617
2303 59 1618
2305 59 1619
2306 11 302
2309 59 1622
2312 59 1624
2313 59 1625
2319 59 1629
2320 59 1630
2321 11 304
2326 59 1634
2327 59 1635
2329 11 305
2332 59 1638
2333 59 1639
2336 59 1641
2339 59 1643
2342 59 1645
2343 59 1646
2344 11 307
2349 59 1650
2350 59 1651
2351 1 28
2356 59 1655
2357 59 1656
2359 59 1657
2363 59 1660
2366 59 1662
2367 11 310
2369 59 1664
2373 59 1667
2374 59 1668
2379 59 1671
2380 59 1672
2381 59 1673
2386 59 1676
2387 59 1677
2389 59 1678
2390 11 313
2393 59 1681
2396 59 1683
2397 59 1684
2403 59 1688
2404 59 1689
2405 11 315
2410 59 1693
2411 59 1694
2413 11 316
2416 59 1697
2417 59 1698
2420 59 1700
2423 59 1702
2426 59 1704
2427 59 1705
2428 11 318
2433 59 1709
2434 59 1710
2435 1 29
2440 59 1714
2441 59 1715
2443 59 1716
2447 59 1719
2450 59 1721
2451 11 321
2453 59 1723
2457 59 1726
2458 59 1727
2463 59 1730
2464 59 1731
2465 59 1732
2470 59 1735
2471 59 1736
2473 59 1737
2474 11 324
2477 59 1740
2480 59 1742
2481 59 1743
2487 59 1747
2488 59 1748
2489 11 326
2494 59 1752
2495 59 1753
2497 11 327
2500 59 1756
2501 59 1757
2504 59 1759
2507 59 1761
2510 59 1763
2511 59 1764
2512 11 329
2517 59 1768
2518 59 1769
2519 1 30
2524 59 1773
2525 59 1774
2527 59 1775
2531 59 1778
2534 59 1780
2535 11 332
2537 59 1782
2541 59 1785
2542 59 1786
2547 59 1789
2548 59 1790
2549 59 1791
2554 59 1794
2555 59 1795
2557 59 1796
2558 11 335
2561 59 1799
2564 59 1801
2565 59 1802
2571 59 1806
2572 59 1807
2573 11 337
2578 59 1811
2579 59 1812
2581 11 338
2584 59 1815
2585 59 1816
2588 59 1818
2591 59 1820
2594 59 1822
2595 59 1823
2596 11 340
2601 59 1827
2602 59 1828
2603 1 31
2608 59 1832
2609 59 1833
2611 59 1834
2615 59 1837
2618 59 1839
2619 11 343
2621 59 1841
2625 59 1844
2626 59 1845
2631 59 1848
2632 59 1849
2633 59 1850
2638 59 1853
2639 59 1854
2641 59 1855
2642 11 346
2645 59 1858
2648 59 1860
2649 59 1861
2655 59 1865
2656 59 1866
2657 11 348
2662 59 1870
2663 59 1871
2665 11 349
2668 59 1874
2669 59 1875
2672 59 1877
2675 59 1879
2678 59 1881
2679 59 1882
2680 11 351
2685 59 1886
2686 59 1887
2687 1 32
2692 59 1891
2693 59 1892
2695 59 1893
2699 59 1896
2702 59 1898
2703 11 354
2705 59 1900
2709 59 1903
2710 59 1904
2715 59 1907
2716 59 1908
2717 59 1909
2722 59 1912
2723 59 1913
2725 59 1914
2726 11 357
2729 59 1917
2732 59 1919
2733 59 1920
2739 59 1924
2740 59 1925
2741 11 359
2746 59 1929
2747 59 1930
2749 11 360
2752 59 1933
2753 59 1934
2756 59 1936
2759 59 1938
2762 59 1940
2763 59 1941
2764 11 362
2769 59 1945
2770 59 1946
2771 1 33
2776 59 1950
2777 59 1951
2779 59 1952
2783 59 1955
2786 59 1957
2787 11 365
2789 59 1959
2793 59 1962
2794 59 1963
2799 59 1966
2800 59 1967
2801 59 1968
2806 59 1971
2807 59 1972
2809 59 1973
2810 11 368
2813 59 1976
2816 59 1978
2817 59 1979
2823 59 1983
2824 59 1984
2825 11 370
2830 59 1988
2831 59 1989
2833 11 371
2836 59 1992
2837 59 1993
2840 59 1995
2843 59 1997
2846 59 1999
2847 59 2000
2848 11 373
2853 59 2004
2854 59 2005
2855 1 34
2860 59 2009
2861 59 2010
2863 59 2011
2867 59 2014
2870 59 2016
2871 11 376
2873 59 2018
2877 59 2021
2878 59 2022
2883 59 2025
2884 59 2026
2885 59 2027
2890 59 2030
2891 59 2031
2893 59 2032
2894 11 379
2897 59 2035
2900 59 2037
2901 59 2038
2907 59 2042
2908 59 2043
2909 11 381
2914 59 2047
2915 59 2048
2917 11 382
2920 59 2051
2921 59 2052
2924 59 2054
2927 59 2056
2930 59 2058
2931 59 2059
2932 11 384
2937 59 2063
2938 59 2064
2939 1 35
2944 59 2068
2945 59 2069
2947 59 2070
2951 59 2073
2954 59 2075
2955 11 387
2957 59 2077
2961 59 2080
2962 59 2081
2967 59 2084
2968 59 2085
2969 59 2086
2974 59 2089
2975 59 2090
2977 59 2091
2978 11 390
2981 59 2094
2984 59 2096
2985 59 2097
2991 59 2101
2992 59 2102
2993 11 392
2998 59 2106
2999 59 2107
3001 11 393
3004 59 2110
3005 59 2111
3008 59 2113
3011 59 2115
3014 59 2117
3015 59 2118
3016 11 395
3021 59 2122
3022 59 2123
3023 1 36
3028 59 2127
3029 59 2128
3031 59 2129
3035 59 2132
3038 59 2134
3039 11 398
3041 59 2136
3045 59 2139
3046 59 2140
3051 59 2143
3052 59 2144
3053 59 2145
3058 59 2148
3059 59 2149
3061 59 2150
3062 11 401
3065 59 2153
3068 59 2155
3069 59 2156
3075 59 2160
3076 59 2161
3077 11 403
3082 59 2165
3083 59 2166
3085 11 404
3088 59 2169
3089 59 2170
3092 59 2172
3095 59 2174
3098 59 2176
3099 59 2177
3100 11 406
3105 59 2181
3106 59 2182
3107 1 37
3112 59 2186
3113 59 2187
3115 59 2188
3119 59 2191
3122 59 2193
3123 11 409
3125 59 2195
3129 59 2198
3130 59 2199
3135 59 2202
3136 59 2203
3137 59 2204
3142 59 2207
3143 59 2208
3145 59 2209
3146 11 412
3149 59 2212
3152 59 2214
3153 59 2215
3159 59 2219
3160 59 2220
3161 11 414
3166 59 2224
3167 59 2225
3169 11 415
3172 59 2228
3173 59 2229
3176 59 2231
3179 59 2233
3182 59 2235
3183 59 2236
3184 11 417
3189 59 2240
3190 59 2241
3191 1 38
3196 59 2245
3197 59 2246
3199 59 2247
3203 59 2250
3206 59 2252
3207 11 420
3209 59 2254
3213 59 2257
3214 59 2258
3219 59 2261
3220 59 2262
3221 59 2263
3226 59 2266
3227 59 2267
3229 59 2268
3230 11 423
3233 59 2271
3236 59 2273
3237 59 2274
3243 59 2278
3244 59 2279
3245 11 425
3250 59 2283
3251 59 2284
3253 11 426
3256 59 2287
3257 59 2288
3260 59 2290
3263 59 2292
3266 59 2294
3267 59 2295
3268 11 428
3273 59 2299
3274 59 2300
3275 1 39
3280 59 2304
3281 59 2305
3283 59 2306
3287 59 2309
3290 59 2311
3291 11 431
3293 59 2313
3297 59 2316
3298 59 2317
3303 59 2320
3304 59 2321
3305 59 2322
3310 59 2325
3311 59 2326
3313 59 2327
3314 11 434
3317 59 2330
3320 59 2332
3321 59 2333
3327 59 2337
3328 59 2338
3329 11 436
3334 59 2342
3335 59 2343
3337 11 437
3340 59 2346
3341 59 2347
3344 59 2349
3347 59 2351
3350 59 2353
3351 59 2354
3352 11 439
3357 59 2358
3358 59 2359
3359 1 40
3364 59 2363
3365 59 2364
3367 59 2365
3371 59 2368
3374 59 2370
3375 11 442
3377 59 2372
3381 59 2375
3382 59 2376
3387 59 2379
3388 59 2380
3389 59 2381
3394 59 2384
3395 59 2385
3397 59 2386
3398 11 445
3401 59 2389
3404 59 2391
3405 59 2392
3411 59 2396
3412 59 2397
3413 11 447
3418 59 2401
3419 59 2402
3421 11 448
3424 59 2405
3425 59 2406
3428 59 2408
3431 59 2410
3434 59 2412
3435 59 2413
3436 11 450
3441 59 2417
3442 59 2418
3443 1 41
3448 59 2422
3449 59 2423
3451 59 2424
3455 59 2427
3458 59 2429
3459 11 453
3461 59 2431
3465 59 2434
3466 59 2435
3471 59 2438
3472 59 2439
3473 59 2440
3478 59 2443
3479 59 2444
3481 59 2445
3482 11 456
3485 59 2448
3488 59 2450
3489 59 2451
3495 59 2455
3496 59 2456
3497 11 458
3502 59 2460
3503 59 2461
3505 11 459
3508 59 2464
3509 59 2465
3512 59 2467
3515 59 2469
3518 59 2471
3519 59 2472
3520 11 461
3525 59 2476
3526 59 2477
3527 1 42
3532 59 2481
3533 59 2482
3535 59 2483
3539 59 2486
3542 59 2488
3543 11 464
3545 59 2490
3549 59 2493
3550 59 2494
3555 59 2497
3556 59 2498
3557 59 2499
3562 59 2502
3563 59 2503
3565 59 2504
3566 11 467
3569 59 2507
3572 59 2509
3573 59 2510
3579 59 2514
3580 59 2515
3581 11 469
3586 59 2519
3587 59 2520
3589 11 470
3592 59 2523
3593 59 2524
3596 59 2526
3599 59 2528
3602 59 2530
3603 59 2531
3604 11 472
3609 59 2535
3610 59 2536
3611 1 43
3616 59 2540
3617 59 2541
3619 59 2542
3623 59 2545
3626 59 2547
3627 11 475
3629 59 2549
3633 59 2552
3634 59 2553
3639 59 2556
3640 59 2557
3641 59 2558
3646 59 2561
3647 59 2562
3649 59 2563
3650 11 478
3653 59 2566
3656 59 2568
3657 59 2569
3663 59 2573
3664 59 2574
3665 11 480
3670 59 2578
3671 59 2579
3673 11 481
3676 59 2582
3677 59 2583
3680 59 2585
3683 59 2587
3686 59 2589
3687 59 2590
3688 11 483
3693 59 2594
3694 59 2595
3695 1 44
3700 59 2599
3701 59 2600
3703 59 2601
3707 59 2604
3710 59 2606
3711 11 486
3713 59 2608
3717 59 2611
3718 59 2612
3723 59 2615
3724 59 2616
3725 59 2617
3730 59 2620
3731 59 2621
3733 59 2622
3734 11 489
3737 59 2625
3740 59 2627
3741 59 2628
3747 59 2632
3748 59 2633
3749 11 491
3754 59 2637
3755 59 2638
3757 11 492
3760 59 2641
3761 59 2642
3764 59 2644
3767 59 2646
3770 59 2648
3771 59 2649
3772 11 494
3777 59 2653
3778 59 2654
3779 1 45
3784 59 2658
3785 59 2659
3787 59 2660
3791 59 2663
3794 59 2665
3795 11 497
3797 59 2667
3801 59 2670
3802 59 2671
3807 59 2674
3808 59 2675
3809 59 2676
3814 59 2679
3815 59 2680
3817 59 2681
3818 11 500
3821 59 2684
3824 59 2686
3825 59 2687
3831 59 2691
3832 59 2692
3833 11 502
3838 59 2696
3839 59 2697
3841 11 503
3844 59 2700
3845 59 2701
3848 59 2703
3851 59 2705
3854 59 2707
3855 59 2708
3856 11 505
3861 59 2712
3862 59 2713
3863 1 46
3868 59 2717
3869 59 2718
3871 59 2719
3875 59 2722
3878 59 2724
3879 11 508
3881 59 2726
3885 59 2729
3886 59 2730
3891 59 2733
3892 59 2734
3893 59 2735
3898 59 2738
3899 59 2739
3901 59 2740
3902 11 511
3905 59 2743
3908 59 2745
3909 59 2746
3915 59 2750
3916 59 2751
3917 11 513
3922 59 2755
3923 59 2756
3925 11 514
3928 59 2759
3929 59 2760
3932 59 2762
3935 59 2764
3938 59 2766
3939 59 2767
3940 11 516
3945 59 2771
3946 59 2772
3947 1 47
3952 59 2776
3953 59 2777
3955 59 2778
3959 59 2781
3962 59 2783
3963 11 519
3965 59 2785
3969 59 2788
3970 59 2789
3975 59 2792
3976 59 2793
3977 59 2794
3982 59 2797
3983 59 2798
3985 59 2799
3986 11 522
3989 59 2802
3992 59 2804
3993 59 2805
3999 59 2809
4000 59 2810
4001 11 524
4006 59 2814
4007 59 2815
4009 11 525
4012 59 2818
4013 59 2819
4016 59 2821
4019 59 2823
4022 59 2825
4023 59 2826
4024 11 527
4029 59 2830
4030 59 2831
4031 1 48
4036 59 2835
4037 59 2836
4039 59 2837
4043 59 2840
4046 59 2842
4047 11 530
4049 59 2844
4053 59 2847
4054 59 2848
4059 59 2851
4060 59 2852
4061 59 2853
4066 59 2856
4067 59 2857
4069 59 2858
4070 11 533
4073 59 2861
4076 59 2863
4077 59 2864
4083 59 2868
4084 59 2869
4085 11 535
4090 59 2873
4091 59 2874
4093 11 536
4096 59 2877
4097 59 2878
4100 59 2880
4103 59 2882
4106 59 2884
4107 59 2885
4108 11 538
4113 59 2889
4114 59 2890
4115 1 49
4120 59 2894
4121 59 2895
4123 59 2896
4127 59 2899
4130 59 2901
4131 11 541
4133 59 2903
4137 59 2906
4138 59 2907
4143 59 2910
4144 59 2911
4145 59 2912
4150 59 2915
4151 59 2916
4153 59 2917
4154 11 544
4157 59 2920
4160 59 2922
4161 59 2923
4167 59 2927
4168 59 2928
4169 11 546
4174 59 2932
4175 59 2933
4177 11 547
4180 59 2936
4181 59 2937
4184 59 2939
4187 59 2941
4190 59 2943
4191 59 2944
4192 11 549
4197 59 2948
4198 59 2949
4199 1 50
4204 59 2953
4205 59 2954
4207 59 2955
4211 59 2958
4214 59 2960
4215 11 552
4217 59 2962
4221 59 2965
4222 59 2966
4227 59 2969
4228 59 2970
4229 59 2971
4234 59 2974
4235 59 2975
4237 59 2976
4238 11 555
4241 59 2979
4244 59 2981
4245 59 2982
4251 59 2986
4252 59 2987
4253 11 557
4258 59 2991
4259 59 2992
4261 11 558
4264 59 2995
4265 59 2996
4268 59 2998
4271 59 3000
4274 59 3002
4275 59 3003
4276 11 560
4281 59 3007
4282 59 3008
4283 1 51
4288 59 3012
4289 59 3013
4291 59 3014
4295 59 3017
4298 59 3019
4299 11 563
4301 59 3021
4305 59 3024
4306 59 3025
4311 59 3028
4312 59 3029
4313 59 3030
4318 59 3033
4319 59 3034
4321 59 3035
4322 11 566
4325 59 3038
4328 59 3040
4329 59 3041
4335 59 3045
4336 59 3046
4337 11 568
4342 59 3050
4343 59 3051
4345 11 569
4348 59 3054
4349 59 3055
4352 59 3057
4355 59 3059
4358 59 3061
4359 59 3062
4360 11 571
4365 59 3066
4366 59 3067
4367 1 52
4372 59 3071
4373 59 3072
4375 59 3073
4379 59 3076
4382 59 3078
4383 11 574
4385 59 3080
4389 59 3083
4390 59 3084
4395 59 3087
4396 59 3088
4397 59 3089
4402 59 3092
4403 59 3093
4405 59 3094
4406 11 577
4409 59 3097
4412 59 3099
4413 59 3100
4419 59 3104
4420 59 3105
4421 11 579
4426 59 3109
4427 59 3110
4429 11 580
4432 59 3113
4433 59 3114
4436 59 3116
4439 59 3118
4442 59 3120
4443 59 3121
4444 11 582
4449 59 3125
4450 59 3126
4451 1 53
4456 59 3130
4457 59 3131
4459 59 3132
4463 59 3135
4466 59 3137
4467 11 585
4469 59 3139
4473 59 3142
4474 59 3143
4479 59 3146
4480 59 3147
4481 59 3148
4486 59 3151
4487 59 3152
4489 59 3153
4490 11 588
4493 59 3156
4496 59 3158
4497 59 3159
4503 59 3163
4504 59 3164
4505 11 590
4510 59 3168
4511 59 3169
4513 11 591
4516 59 3172
4517 59 3173
4520 59 3175
4523 59 3177
4526 59 3179
4527 59 3180
4528 11 593
4533 59 3184
4534 59 3185
4535 1 54
4540 59 3189
4541 59 3190
4543 59 3191
4547 59 3194
4550 59 3196
4551 11 596
4553 59 3198
4557 59 3201
4558 59 3202
4563 59 3205
4564 59 3206
4565 59 3207
4570 59 3210
4571 59 3211
4573 59 3212
4574 11 599
4577 59 3215
4580 59 3217
4581 59 3218
4587 59 3222
4588 59 3223
4589 11 601
4594 59 3227
4595 59 3228
4597 11 602
4600 59 3231
4601 59 3232
4604 59 3234
4607 59 3236
4610 59 3238
4611 59 3239
4612 11 604
4617 59 3243
4618 59 3244
4619 1 55
4624 59 3248
4625 59 3249
4627 59 3250
4631 59 3253
4634 59 3255
4635 11 607
4637 59 3257
4641 59 3260
4642 59 3261
4647 59 3264
4648 59 3265
4649 59 3266
4654 59 3269
4655 59 3270
4657 59 3271
4658 11 610
4661 59 3274
4664 59 3276
4665 59 3277
4671 59 3281
4672 59 3282
4673 11 612
4678 59 3286
4679 59 3287
4681 11 613
4684 59 3290
4685 59 3291
4688 59 3293
4691 59 3295
4694 59 3297
4695 59 3298
4696 11 615
4701 59 3302
4702 59 3303
4703 1 56
4708 59 3307
4709 59 3308
4711 59 3309
4715 59 3312
4718 59 3314
4719 11 618
4721 59 3316
4725 59 3319
4726 59 3320
4731 59 3323
4732 59 3324
4733 59 3325
4738 59 3328
4739 59 3329
4741 59 3330
4742 11 621
4745 59 3333
4748 59 3335
4749 59 3336
4755 59 3340
4756 59 3341
4757 11 623
4762 59 3345
4763 59 3346
4765 11 624
4768 59 3349
4769 59 3350
4772 59 3352
4775 59 3354
4778 59 3356
4779 59 3357
4780 11 626
4785 59 3361
4786 59 3362
4787 1 57
4792 59 3366
4793 59 3367
4795 59 3368
4799 59 3371
4802 59 3373
4803 11 629
4805 59 3375
4809 59 3378
4810 59 3379
4815 59 3382
4816 59 3383
4817 59 3384
4822 59 3387
4823 59 3388
4825 59 3389
4826 11 632
4829 59 3392
4832 59 3394
4833 59 3395
4839 59 3399
4840 59 3400
4841 11 634
4846 59 3404
4847 59 3405
4849 11 635
4852 59 3408
4853 59 3409
4856 59 3411
4859 59 3413
4862 59 3415
4863 59 3416
4864 11 637
4869 59 3420
4870 59 3421
4871 1 58
4876 59 3425
4877 59 3426
4879 59 3427
4883 59 3430
4886 59 3432
4887 11 640
4889 59 3434
4893 59 3437
4894 59 3438
4899 59 3441
4900 59 3442
4901 59 3443
4906 59 3446
4907 59 3447
4909 59 3448
4910 11 643
4913 59 3451
4916 59 3453
4917 59 3454
4923 59 3458
4924 59 3459
4925 11 645
4930 59 3463
4931 59 3464
4933 11 646
4936 59 3467
4937 59 3468
4940 59 3470
4943 59 3472
4946 59 3474
4947 59 3475
4948 11 648
4953 59 3479
4954 59 3480
4955 1 59
4960 59 3484
4961 59 3485
4963 59 3486
4967 59 3489
4970 59 3491
4971 11 651
4973 59 3493
4977 59 3496
4978 59 3497
4983 59 3500
4984 59 3501
4985 59 3502
4990 59 3505
4991 59 3506
4993 59 3507
4994 11 654
4997 59 3510
5000 59 3512
5001 59 3513
5007 59 3517
5008 59 3518
5009 11 656
5014 59 3522
5015 59 3523
5017 11 657
5020 59 3526
5021 59 3527
5024 59 3529
5027 59 3531
5030 59 3533
5031 59 3534
5032 11 659
5037 59 3538
5038 59 3539
5039 1 60
5044 59 3543
5045 59 3544
5047 59 3545
5051 59 3548
5054 59 3550
5055 11 662
5057 59 3552
5061 59 3555
5062 59 3556
5067 59 3559
5068 59 3560
5069 59 3561
5074 59 3564
5075 59 3565
5077 59 3566
5078 11 665
5081 59 3569
5084 59 3571
5085 59 3572
5091 59 3576
5092 59 3577
5093 11 667
5098 59 3581
5099 59 3582
5101 11 668
5104 59 3585
5105 59 3586
5108 59 3588
5111 59 3590
5114 59 3592
5115 59 3593
5116 11 670
5121 59 3597
5122 59 3598
5123 1 61
5128 59 3602
5129 59 3603
5131 59 3604
5135 59 3607
5138 59 3609
5139 11 673
5141 59 3611
5145 59 3614
5146 59 3615
5151 59 3618
5152 59 3619
5153 59 3620
5158 59 3623
5159 59 3624
5161 59 3625
5162 11 676
5165 59 3628
5168 59 3630
5169 59 3631
5175 59 3635
5176 59 3636
5177 11 678
5182 59 3640
5183 59 3641
5185 11 679
5188 59 3644
5189 59 3645
5192 59 3647
5195 59 3649
5198 59 3651
5199 59 3652
5200 11 681
5205 59 3656
5206 59 3657
5207 1 62
5212 59 3661
5213 59 3662
5215 59 3663
5219 59 3666
5222 59 3668
5223 11 684
5225 59 3670
5229 59 3673
5230 59 3674
5235 59 3677
5236 59 3678
5237 59 3679
5242 59 3682
5243 59 3683
5245 59 3684
5246 11 687
5249 59 3687
5252 59 3689
5253 59 3690
5259 59 3694
5260 59 3695
5261 11 689
5266 59 3699
5267 59 3700
5269 11 690
5272 59 3703
5273 59 3704
5276 59 3706
5279 59 3708
5282 59 3710
5283 59 3711
5284 11 692
5289 59 3715
5290 59 3716
5291 1 63
5296 59 3720
5297 59 3721
5299 59 3722
5303 59 3725
5306 59 3727
5307 11 695
5309 59 3729
5313 59 3732
5314 59 3733
5319 59 3736
5320 59 3737
5321 59 3738
5326 59 3741
5327 59 3742
5329 59 3743
5330 11 698
5333 59 3746
5336 59 3748
5337 59 3749
5343 59 3753
5344 59 3754
5345 11 700
5350 59 3758
5351 59 3759
5353 11 701
5356 59 3762
5357 59 3763
5360 59 3765
5363 59 3767
5366 59 3769
5367 59 3770
5368 11 703
5373 59 3774
5374 59 3775
5375 1 64
5380 59 3779
5381 59 3780
5383 59 3781
5387 59 3784
5390 59 3786
5391 11 706
5393 59 3788
5397 59 3791
5398 59 3792
5403 59 3795
5404 59 3796
5405 59 3797
5410 59 3800
5411 59 3801
5413 59 3802
5414 11 709
5417 59 3805
5420 59 3807
5421 59 3808
5427 59 3812
5428 59 3813
5429 11 711
5434 59 3817
5435 59 3818
5437 11 712
5440 59 3821
5441 59 3822
5444 59 3824
5447 59 3826
5450 59 3828
5451 59 3829
5452 11 714
5457 59 3833
5458 59 3834
5459 1 65
5464 59 3838
5465 59 3839
5467 59 3840
5471 59 3843
5474 59 3845
5475 11 717
5477 59 3847
5481 59 3850
5482 59 3851
5487 59 3854
5488 59 3855
5489 59 3856
5494 59 3859
5495 59 3860
5497 59 3861
5498 11 720
5501 59 3864
5504 59 3866
5505 59 3867
5511 59 3871
5512 59 3872
5513 11 722
5518 59 3876
5519 59 3877
5521 11 723
5524 59 3880
5525 59 3881
5528 59 3883
5531 59 3885
5534 59 3887
5535 59 3888
5536 11 725
5541 59 3892
5542 59 3893
5543 1 66
5548 59 3897
5549 59 3898
5551 59 3899
5555 59 3902
5558 59 3904
5559 11 728
5561 59 3906
5565 59 3909
5566 59 3910
5571 59 3913
5572 59 3914
5573 59 3915
5578 59 3918
5579 59 3919
5581 59 3920
5582 11 731
5585 59 3923
5588 59 3925
5589 59 3926
5595 59 3930
5596 59 3931
5597 11 733
5602 59 3935
5603 59 3936
5605 11 734
5608 59 3939
5609 59 3940
5612 59 3942
5615 59 3944
5618 59 3946
5619 59 3947
5620 11 736
5625 59 3951
5626 59 3952
5627 1 67
5632 59 3956
5633 59 3957
5635 59 3958
5639 59 3961
5642 59 3963
5643 11 739
5645 59 3965
5649 59 3968
5650 59 3969
5655 59 3972
5656 59 3973
5657 59 3974
5662 59 3977
5663 59 3978
5665 59 3979
5666 11 742
5669 59 3982
5672 59 3984
5673 59 3985
5679 59 3989
5680 59 3990
5681 11 744
5686 59 3994
5687 59 3995
5689 11 745
5692 59 3998
5693 59 3999
5696 59 4001
5699 59 4003
5702 59 4005
5703 59 4006
5704 11 747
5709 59 4010
5710 59 4011
5711 1 68
5716 59 4015
5717 59 4016
5719 59 4017
5723 59 4020
5726 59 4022
5727 11 750
5729 59 4024
5733 59 4027
5734 59 4028
5739 59 4031
5740 59 4032
5741 59 4033
5746 59 4036
5747 59 4037
5749 59 4038
5750 11 753
5753 59 4041
5756 59 4043
5757 59 4044
5763 59 4048
5764 59 4049
5765 11 755
5770 59 4053
5771 59 4054
5773 11 756
5776 59 4057
5777 59 4058
5780 59 4060
5783 59 4062
5786 59 4064
5787 59 4065
5788 11 758
5793 59 4069
5794 59 4070
5795 1 69
5800 59 4074
5801 59 4075
5803 59 4076
5807 59 4079
5810 59 4081
5811 11 761
5813 59 4083
5817 59 4086
5818 59 4087
5823 59 4090
5824 59 4091
5825 59 4092
5830 59 4095
5831 59 4096
5833 59 4097
5834 11 764
5837 59 4100
5840 59 4102
5841 59 4103
5847 59 4107
5848 59 4108
5849 11 766
5854 59 4112
5855 59 4113
5857 11 767
5860 59 4116
5861 59 4117
5864 59 4119
5867 59 4121
5870 59 4123
5871 59 4124
5872 11 769
5877 59 4128
5878 59 4129
5879 1 70
5884 59 4133
5885 59 4134
5887 59 4135
5891 59 4138
5894 59 4140
5895 11 772
5897 59 4142
5901 59 4145
5902 59 4146
5907 59 4149
5908 59 4150
5909 59 4151
5914 59 4154
5915 59 4155
5917 59 4156
5918 11 775
5921 59 4159
5924 59 4161
5925 59 4162
5931 59 4166
5932 59 4167
5933 11 777
5938 59 4171
5939 59 4172
5941 11 778
5944 59 4175
5945 59 4176
5948 59 4178
5951 59 4180
5954 59 4182
5955 59 4183
5956 11 780
5961 59 4187
5962 59 4188
5963 1 71
5968 59 4192
5969 59 4193
5971 59 4194
5975 59 4197
5978 59 4199
5979 11 783
5981 59 4201
5985 59 4204
5986 59 4205
5991 59 4208
5992 59 4209
5993 59 4210
5998 59 4213
5999 59 4214
6001 59 4215
6002 11 786
6005 59 4218
6008 59 4220
6009 59 4221
6015 59 4225
6016 59 4226
6017 11 788
6022 59 4230
6023 59 4231
6025 11 789
6028 59 4234
6029 59 4235
6032 59 4237
6035 59 4239
6038 59 4241
6039 59 4242
6040 11 791
6045 59 4246
6046 59 4247
6047 1 72
6052 59 4251
6053 59 4252
6055 59 4253
6059 59 4256
6062 59 4258
6063 11 794
6065 59 4260
6069 59 4263
6070 59 4264
6075 59 4267
6076 59 4268
6077 59 4269
6082 59 4272
6083 59 4273
6085 59 4274
6086 11 797
6089 59 4277
6092 59 4279
6093 59 4280
6099 59 4284
6100 59 4285
6101 11 799
6106 59 4289
6107 59 4290
6109 11 800
6112 59 4293
6113 59 4294
6116 59 4296
6119 59 4298
6122 59 4300
6123 59 4301
6124 11 802
6129 59 4305
6130 59 4306
6131 1 73
6136 59 4310
6137 59 4311
6139 59 4312
6143 59 4315
6146 59 4317
6147 11 805
6149 59 4319
6153 59 4322
6154 59 4323
6159 59 4326
6160 59 4327
6161 59 4328
6166 59 4331
6167 59 4332
6169 59 4333
6170 11 808
6173 59 4336
6176 59 4338
6177 59 4339
6183 59 4343
6184 59 4344
6185 11 810
6190 59 4348
6191 59 4349
6193 11 811
6196 59 4352
6197 59 4353
6200 59 4355
6203 59 4357
6206 59 4359
6207 59 4360
6208 11 813
6213 59 4364
6214 59 4365
6215 1 74
6220 59 4369
6221 59 4370
6223 59 4371
6227 59 4374
6230 59 4376
6231 11 816
6233 59 4378
6237 59 4381
6238 59 4382
6243 59 4385
6244 59 4386
6245 59 4387
6250 59 4390
6251 59 4391
6253 59 4392
6254 11 819
6257 59 4395
6260 59 4397
6261 59 4398
6267 59 4402
6268 59 4403
6269 11 821
6274 59 4407
6275 59 4408
6277 11 822
6280 59 4411
6281 59 4412
6284 59 4414
6287 59 4416
6290 59 4418
6291 59 4419
6292 11 824
6297 59 4423
6298 59 4424
6299 1 75
6304 59 4428
6305 59 4429
6307 59 4430
6311 59 4433
6314 59 4435
6315 11 827
6317 59 4437
6321 59 4440
6322 59 4441
6327 59 4444
6328 59 4445
6329 59 4446
6334 59 4449
6335 59 4450
6337 59 4451
6338 11 830
6341 59 4454
6344 59 4456
6345 59 4457
6351 59 4461
6352 59 4462
6353 11 832
6358 59 4466
6359 59 4467
6361 11 833
6364 59 4470
6365 59 4471
6368 59 4473
6371 59 4475
6374 59 4477
6375 59 4478
6376 11 835
6381 59 4482
6382 59 4483
6383 1 76
6388 59 4487
6389 59 4488
6391 59 4489
6395 59 4492
6398 59 4494
6399 11 838
6401 59 4496
6405 59 4499
6406 59 4500
6411 59 4503
6412 59 4504
6413 59 4505
6418 59 4508
6419 59 4509
6421 59 4510
6422 11 841
6425 59 4513
6428 59 4515
6429 59 4516
6435 59 4520
6436 59 4521
6437 11 843
6442 59 4525
6443 59 4526
6445 11 844
6448 59 4529
6449 59 4530
6452 59 4532
6455 59 4534
6458 59 4536
6459 59 4537
6460 11 846
6465 59 4541
6466 59 4542
6467 1 77
6472 59 4546
6473 59 4547
6475 59 4548
6479 59 4551
6482 59 4553
6483 11 849
6485 59 4555
6489 59 4558
6490 59 4559
6495 59 4562
6496 59 4563
6497 59 4564
6502 59 4567
6503 59 4568
6505 59 4569
6506 11 852
6509 59 4572
6512 59 4574
6513 59 4575
6519 59 4579
6520 59 4580
6521 11 854
6526 59 4584
6527 59 4585
6529 11 855
6532 59 4588
6533 59 4589
6536 59 4591
6539 59 4593
6542 59 4595
6543 59 4596
6544 11 857
6549 59 4600
6550 59 4601
6551 1 78
6556 59 4605
6557 59 4606
6559 59 4607
6563 59 4610
6566 59 4612
6567 11 860
6569 59 4614
6573 59 4617
6574 59 4618
6579 59 4621
6580 59 4622
6581 59 4623
6586 59 4626
6587 59 4627
6589 59 4628
6590 11 863
6593 59 4631
6596 59 4633
6597 59 4634
6603 59 4638
6604 59 4639
6605 11 865
6610 59 4643
6611 59 4644
6613 11 866
6616 59 4647
6617 59 4648
6620 59 4650
6623 59 4652
6626 59 4654
6627 59 4655
6628 11 868
6633 59 4659
6634 59 4660
6635 1 79
6640 59 4664
6641 59 4665
6643 59 4666
6647 59 4669
6650 59 4671
6651 11 871
6653 59 4673
6657 59 4676
6658 59 4677
6663 59 4680
6664 59 4681
6665 59 4682
6670 59 4685
6671 59 4686
6673 59 4687
6674 11 874
6677 59 4690
6680 59 4692
6681 59 4693
6687 59 4697
6688 59 4698
6689 11 876
6694 59 4702
6695 59 4703
6697 11 877
6700 59 4706
6701 59 4707
6704 59 4709
6707 59 4711
6710 59 4713
6711 59 4714
6712 11 879
6717 59 4718
6718 59 4719
6719 1 80
6724 59 4723
6725 59 4724
6727 59 4725
6731 59 4728
6734 59 4730
6735 11 882
6737 59 4732
6741 59 4735
6742 59 4736
6747 59 4739
6748 59 4740
6749 59 4741
6754 59 4744
6755 59 4745
6757 59 4746
6758 11 885
6761 59 4749
6764 59 4751
6765 59 4752
6771 59 4756
6772 59 4757
6773 11 887
6778 59 4761
6779 59 4762
6781 11 888
6784 59 4765
6785 59 4766
6788 59 4768
6791 59 4770
6794 59 4772
6795 59 4773
6796 11 890
6801 59 4777
6802 59 4778
6803 1 81
6808 59 4782
6809 59 4783
6811 59 4784
6815 59 4787
6818 59 4789
6819 11 893
6821 59 4791
6825 59 4794
6826 59 4795
6831 59 4798
6832 59 4799
6833 59 4800
6838 59 4803
6839 59 4804
6841 59 4805
6842 11 896
6845 59 4808
6848 59 4810
6849 59 4811
6855 59 4815
6856 59 4816
6857 11 898
6862 59 4820
6863 59 4821
6865 11 899
6868 59 4824
6869 59 4825
6872 59 4827
6875 59 4829
6878 59 4831
6879 59 4832
6880 11 901
6885 59 4836
6886 59 4837
6887 1 82
6892 59 4841
6893 59 4842
6895 59 4843
6899 59 4846
6902 59 4848
6903 11 904
6905 59 4850
6909 59 4853
6910 59 4854
6915 59 4857
6916 59 4858
6917 59 4859
6922 59 4862
6923 59 4863
6925 59 4864
6926 11 907
6929 59 4867
6932 59 4869
6933 59 4870
6939 59 4874
6940 59 4875
6941 11 909
6946 59 4879
6947 59 4880
6949 11 910
6952 59 4883
6953 59 4884
6956 59 4886
6959 59 4888
6962 59 4890
6963 59 4891
6964 11 912
6969 59 4895
6970 59 4896
6971 1 83
6976 59 4900
6977 59 4901
6979 59 4902
6983 59 4905
6986 59 4907
6987 11 915
6989 59 4909
6993 59 4912
6994 59 4913
6999 59 4916
7000 59 4917
7001 59 4918
7006 59 4921
7007 59 4922
7009 59 4923
7010 11 918
7013 59 4926
7016 59 4928
7017 59 4929
7023 59 4933
7024 59 4934
7025 11 920
7030 59 4938
7031 59 4939
7033 11 921
7036 59 4942
7037 59 4943
7040 59 4945
7043 59 4947
7046 59 4949
7047 59 4950
7048 11 923
7053 59 4954
7054 59 4955
7055 1 84
7060 59 4959
7061 59 4960
7063 59 4961
7067 59 4964
7070 59 4966
7071 11 926
7073 59 4968
7077 59 4971
7078 59 4972
7083 59 4975
7084 59 4976
7085 59 4977
7090 59 4980
7091 59 4981
7093 59 4982
7094 11 929
7097 59 4985
7100 59 4987
7101 59 4988
7107 59 4992
7108 59 4993
7109 11 931
7114 59 4997
7115 59 4998
7117 11 932
7120 59 5001
7121 59 5002
7124 59 5004
7127 59 5006
7130 59 5008
7131 59 5009
7132 11 934
7137 59 5013
7138 59 5014
7139 1 85
7144 59 5018
7145 59 5019
7147 59 5020
7151 59 5023
7154 59 5025
7155 11 937
7157 59 5027
7161 59 5030
7162 59 5031
7167 59 5034
7168 59 5035
7169 59 5036
7174 59 5039
7175 59 5040
7177 59 5041
7178 11 940
7181 59 5044
7184 59 5046
7185 59 5047
7191 59 5051
7192 59 5052
7193 11 942
7198 59 5056
7199 59 5057
7201 11 943
7204 59 5060
7205 59 5061
7208 59 5063
7211 59 5065
7214 59 5067
7215 59 5068
7216 11 945
7221 59 5072
7222 59 5073
7223 1 86
7228 59 5077
7229 59 5078
7231 59 5079
7235 59 5082
7238 59 5084
7239 11 948
7241 59 5086
7245 59 5089
7246 59 5090
7251 59 5093
7252 59 5094
7253 59 5095
7258 59 5098
7259 59 5099
7261 59 5100
7262 11 951
7265 59 5103
7268 59 5105
7269 59 5106
7275 59 5110
7276 59 5111
7277 11 953
7282 59 5115
7283 59 5116
7285 11 954
7288 59 5119
7289 59 5120
7292 59 5122
7295 59 5124
7298 59 5126
7299 59 5127
7300 11 956
7305 59 5131
7306 59 5132
7307 1 87
7312 59 5136
7313 59 5137
7315 59 5138
7319 59 5141
7322 59 5143
7323 11 959
7325 59 5145
7329 59 5148
7330 59 5149
7335 59 5152
7336 59 5153
7337 59 5154
7342 59 5157
7343 59 5158
7345 59 5159
7346 11 962
7349 59 5162
7352 59 5164
7353 59 5165
7359 59 5169
7360 59 5170
7361 11 964
7366 59 5174
7367 59 5175
7369 11 965
7372 59 5178
7373 59 5179
7376 59 5181
7379 59 5183
7382 59 5185
7383 59 5186
7384 11 967
7389 59 5190
7390 59 5191
7391 1 88
7396 59 5195
7397 59 5196
7399 59 5197
7403 59 5200
7406 59 5202
7407 11 970
7409 59 5204
7413 59 5207
7414 59 5208
7419 59 5211
7420 59 5212
7421 59 5213
7426 59 5216
7427 59 5217
7429 59 5218
7430 11 973
7433 59 5221
7436 59 5223
7437 59 5224
7443 59 5228
7444 59 5229
7445 11 975
7450 59 5233
7451 59 5234
7453 11 976
7456 59 5237
7457 59 5238
7460 59 5240
7463 59 5242
7466 59 5244
7467 59 5245
7468 11 978
7473 59 5249
7474 59 5250
7475 1 89
7480 59 5254
7481 59 5255
7483 59 5256
7487 59 5259
7490 59 5261
7491 11 981
7493 59 5263
7497 59 5266
7498 59 5267
7503 59 5270
7504 59 5271
7505 59 5272
7510 59 5275
7511 59 5276
7513 59 5277
7514 11 984
7517 59 5280
7520 59 5282
7521 59 5283
7527 59 5287
7528 59 5288
7529 11 986
7534 59 5292
7535 59 5293
7537 11 987
7540 59 5296
7541 59 5297
7544 59 5299
7547 59 5301
7550 59 5303
7551 59 5304
7552 11 989
7557 59 5308
7558 59 5309
7559 1 90
7564 59 5313
7565 59 5314
7567 59 5315
7571 59 5318
7574 59 5320
7575 11 992
7577 59 5322
7581 59 5325
7582 59 5326
7587 59 5329
7588 59 5330
7589 59 5331
7594 59 5334
7595 59 5335
7597 59 5336
7598 11 995
7601 59 5339
7604 59 5341
7605 59 5342
7611 59 5346
7612 59 5347
7613 11 997
7618 59 5351
7619 59 5352
7621 11 998
7624 59 5355
7625 59 5356
7628 59 5358
7631 59 5360
7634 59 5362
7635 59 5363
7636 11 1000
7641 59 5367
7642 59 5368
7643 1 91
7648 59 5372
7649 59 5373
7651 59 5374
7655 59 5377
7658 59 5379
7659 11 1003
7661 59 5381
7665 59 5384
7666 59 5385
7671 59 5388
7672 59 5389
7673 59 5390
7678 59 5393
7679 59 5394
7681 59 5395
7682 11 1006
7685 59 5398
7688 59 5400
7689 59 5401
7695 59 5405
7696 59 5406
7697 11 1008
7702 59 5410
7703 59 5411
7705 11 1009
7708 59 5414
7709 59 5415
7712 59 5417
7715 59 5419
7718 59 5421
7719 59 5422
7720 11 1011
7725 59 5426
7726 59 5427
7727 1 92
7732 59 5431
7733 59 5432
7735 59 5433
7739 59 5436
7742 59 5438
7743 11 1014
7745 59 5440
7749 59 5443
7750 59 5444
7755 59 5447
7756 59 5448
7757 59 5449
7762 59 5452
7763 59 5453
7765 59 5454
7766 11 1017
7769 59 5457
7772 59 5459
7773 59 5460
7779 59 5464
7780 59 5465
7781 11 1019
7786 59 5469
7787 59 5470
7789 11 1020
7792 59 5473
7793 59 5474
7796 59 5476
7799 59 5478
7802 59 5480
7803 59 5481
7804 11 1022
7809 59 5485
7810 59 5486
7811 1 93
7816 59 5490
7817 59 5491
7819 59 5492
7823 59 5495
7826 59 5497
7827 11 1025
7829 59 5499
7833 59 5502
7834 59 5503
7839 59 5506
7840 59 5507
7841 59 5508
7846 59 5511
7847 59 5512
7849 59 5513
7850 11 1028
7853 59 5516
7856 59 5518
7857 59 5519
7863 59 5523
7864 59 5524
7865 11 1030
7870 59 5528
7871 59 5529
7873 11 1031
7876 59 5532
7877 59 5533
7880 59 5535
7883 59 5537
7886 59 5539
7887 59 5540
7888 11 1033
7893 59 5544
7894 59 5545
7895 1 94
7900 59 5549
7901 59 5550
7903 59 5551
7907 59 5554
7910 59 5556
7911 11 1036
7913 59 5558
7917 59 5561
7918 59 5562
7923 59 5565
7924 59 5566
7925 59 5567
7930 59 5570
7931 59 5571
7933 59 5572
7934 11 1039
7937 59 5575
7940 59 5577
7941 59 5578
7947 59 5582
7948 59 5583
7949 11 1041
7954 59 5587
7955 59 5588
7957 11 1042
7960 59 5591
7961 59 5592
7964 59 5594
7967 59 5596
7970 59 5598
7971 59 5599
7972 11 1044
7977 59 5603
7978 59 5604
7979 1 95
7984 59 5608
7985 59 5609
7987 59 5610
7991 59 5613
7994 59 5615
7995 11 1047
7997 59 5617
8001 59 5620
8002 59 5621
8007 59 5624
8008 59 5625
8009 59 5626
8014 59 5629
8015 59 5630
8017 59 5631
8018 11 1050
8021 59 5634
8024 59 5636
8025 59 5637
8031 59 5641
8032 59 5642
8033 11 1052
8038 59 5646
8039 59 5647
8041 11 1053
8044 59 5650
8045 59 5651
8048 59 5653
8051 59 5655
8054 59 5657
8055 59 5658
8056 11 1055
8061 59 5662
8062 59 5663
8063 1 96
8068 59 5667
8069 59 5668
8071 59 5669
8075 59 5672
8078 59 5674
8079 11 1058
8081 59 5676
8085 59 5679
8086 59 5680
8091 59 5683
8092 59 5684
8093 59 5685
8098 59 5688
8099 59 5689
8101 59 5690
8102 11 1061
8105 59 5693
8108 59 5695
8109 59 5696
8115 59 5700
8116 59 5701
8117 11 1063
8122 59 5705
8123 59 5706
8125 11 1064
8128 59 5709
8129 59 5710
8132 59 5712
8135 59 5714
8138 59 5716
8139 59 5717
8140 11 1066
8145 59 5721
8146 59 5722
8147 1 97
8152 59 5726
8153 59 5727
8155 59 5728
8159 59 5731
8162 59 5733
8163 11 1069
8165 59 5735
8169 59 5738
8170 59 5739
8175 59 5742
8176 59 5743
8177 59 5744
8182 59 5747
8183 59 5748
8185 59 5749
8186 11 1072
8189 59 5752
8192 59 5754
8193 59 5755
8199 59 5759
8200 59 5760
8201 11 1074
8206 59 5764
8207 59 5765
8209 11 1075
8212 59 5768
8213 59 5769
8216 59 5771
8219 59 5773
8222 59 5775
8223 59 5776
8224 11 1077
8229 59 5780
8230 59 5781
8231 1 98
8236 59 5785
8237 59 5786
8239 59 5787
8243 59 5790
8246 59 5792
8247 11 1080
8249 59 5794
8253 59 5797
8254 59 5798
8259 59 5801
8260 59 5802
8261 59 5803
8266 59 5806
8267 59 5807
8269 59 5808
8270 11 1083
8273 59 5811
8276 59 5813
8277 59 5814
8283 59 5818
8284 59 5819
8285 11 1085
8290 59 5823
8291 59 5824
8293 11 1086
8296 59 5827
8297 59 5828
8300 59 5830
8303 59 5832
8306 59 5834
8307 59 5835
8308 11 1088
8313 59 5839
8314 59 5840
8315 1 99
8320 59 5844
8321 59 5845
8323 59 5846
8327 59 5849
8330 59 5851
8331 11 1091
8333 59 5853
8337 59 5856
8338 59 5857
8343 59 5860
8344 59 5861
8345 59 5862
8350 59 5865
8351 59 5866
8353 59 5867
8354 11 1094
8357 59 5870
8360 59 5872
8361 59 5873
8367 59 5877
8368 59 5878
8369 11 1096
8374 59 5882
8375 59 5883
8377 11 1097
8380 59 5886
8381 59 5887
8384 59 5889
8387 59 5891
8390 59 5893
8391 59 5894
8392 11 1099
8397 59 5898
8398 59 5899
8399 1 100
8404 59 5903
8405 59 5904
8407 59 5905
8411 59 5908
8414 59 5910
8415 11 1102
8417 59 5912
8421 59 5915
8422 59 5916
8427 59 5919
8428 59 5920
8429 59 5921
8434 59 5924
8435 59 5925
8437 59 5926
8438 11 1105
8441 59 5929
8444 59 5931
8445 59 5932
8451 59 5936
8452 59 5937
8453 11 1107
8458 59 5941
8459 59 5942
8461 11 1108
8464 59 5945
8465 59 5946
8468 59 5948
8471 59 5950
8474 59 5952
8475 59 5953
8476 11 1110
8481 59 5957
8482 59 5958
8483 1 101
8488 59 5962
8489 59 5963
8491 59 5964
8495 59 5967
8498 59 5969
8499 11 1113
8501 59 5971
8505 59 5974
8506 59 5975
8511 59 5978
8512 59 5979
8513 59 5980
8518 59 5983
8519 59 5984
8521 59 5985
8522 11 1116
8525 59 5988
8528 59 5990
8529 59 5991
8535 59 5995
8536 59 5996
8537 11 1118
8542 59 6000
8543 59 6001
8545 11 1119
8548 59 6004
8549 59 6005
8552 59 6007
8555 59 6009
8558 59 6011
8559 59 6012
8560 11 1121
8565 59 6016
8566 59 6017
8567 1 102
8572 59 6021
8573 59 6022
8575 59 6023
8579 59 6026
8582 59 6028
8583 11 1124
8585 59 6030
8589 59 6033
8590 59 6034
8595 59 6037
8596 59 6038
8597 59 6039
8602 59 6042
8603 59 6043
8605 59 6044
8606 11 1127
8609 59 6047
8612 59 6049
8613 59 6050
8619 59 6054
8620 59 6055
8621 11 1129
8626 59 6059
8627 59 6060
8629 11 1130
8632 59 6063
8633 59 6064
8636 59 6066
8639 59 6068
8642 59 6070
8643 59 6071
8644 11 1132
8649 59 6075
8650 59 6076
8651 1 103
8656 59 6080
8657 59 6081
8659 59 6082
8663 59 6085
8666 59 6087
8667 11 1135
8669 59 6089
8673 59 6092
8674 59 6093
8679 59 6096
8680 59 6097
8681 59 6098
8686 59 6101
8687 59 6102
8689 59 6103
8690 11 1138
8693 59 6106
8696 59 6108
8697 59 6109
8703 59 6113
8704 59 6114
8705 11 1140
8710 59 6118
8711 59 6119
8713 11 1141
8716 59 6122
8717 59 6123
8720 59 6125
8723 59 6127
8726 59 6129
8727 59 6130
8728 11 1143
8733 59 6134
8734 59 6135
8735 1 104
8740 59 6139
8741 59 6140
8743 59 6141
8747 59 6144
8750 59 6146
8751 11 1146
8753 59 6148
8757 59 6151
8758 59 6152
8763 59 6155
8764 59 6156
8765 59 6157
8770 59 6160
8771 59 6161
8773 59 6162
8774 11 1149
8777 59 6165
8780 59 6167
8781 59 6168
8787 59 6172
8788 59 6173
8789 11 1151
8794 59 6177
8795 59 6178
8797 11 1152
8800 59 6181
8801 59 6182
8804 59 6184
8807 59 6186
8810 59 6188
8811 59 6189
8812 11 1154
8817 59 6193
8818 59 6194
8819 1 105
8824 59 6198
8825 59 6199
8827 59 6200
8831 59 6203
8834 59 6205
8835 11 1157
8837 59 6207
8841 59 6210
8842 59 6211
8847 59 6214
8848 59 6215
8849 59 6216
8854 59 6219
8855 59 6220
8857 59 6221
8858 11 1160
8861 59 6224
8864 59 6226
8865 59 6227
8871 59 6231
8872 59 6232
8873 11 1162
8878 59 6236
8879 59 6237
8881 11 1163
8884 59 6240
8885 59 6241
8888 59 6243
8891 59 6245
8894 59 6247
8895 59 6248
8896 11 1165
8901 59 6252
8902 59 6253
8903 1 106
8908 59 6257
8909 59 6258
8911 59 6259
8915 59 6262
8918 59 6264
8919 11 1168
8921 59 6266
8925 59 6269
8926 59 6270
8931 59 6273
8932 59 6274
8933 59 6275
8938 59 6278
8939 59 6279
8941 59 6280
8942 11 1171
8945 59 6283
8948 59 6285
8949 59 6286
8955 59 6290
8956 59 6291
8957 11 1173
8962 59 6295
8963 59 6296
8965 11 1174
8968 59 6299
8969 59 6300
8972 59 6302
8975 59 6304
8978 59 6306
8979 59 6307
8980 11 1176
8985 59 6311
8986 59 6312
8987 1 107
8992 59 6316
8993 59 6317
8995 59 6318
8999 59 6321
9002 59 6323
9003 11 1179
9005 59 6325
9009 59 6328
9010 59 6329
9015 59 6332
9016 59 6333
9017 59 6334
9022 59 6337
9023 59 6338
9025 59 6339
9026 11 1182
9029 59 6342
9032 59 6344
9033 59 6345
9039 59 6349
9040 59 6350
9041 11 1184
9046 59 6354
9047 59 6355
9049 11 1185
9052 59 6358
9053 59 6359
9056 59 6361
9059 59 6363
9062 59 6365
9063 59 6366
9064 11 1187
9069 59 6370
9070 59 6371
9071 1 108
9076 59 6375
9077 59 6376
9079 59 6377
9083 59 6380
9086 59 6382
9087 11 1190
9089 59 6384
9093 59 6387
9094 59 6388
9099 59 6391
9100 59 6392
9101 59 6393
9106 59 6396
9107 59 6397
9109 59 6398
9110 11 1193
9113 59 6401
9116 59 6403
9117 59 6404
9123 59 6408
9124 59 6409
9125 11 1195
9130 59 6413
9131 59 6414
9133 11 1196
9136 59 6417
9137 59 6418
9140 59 6420
9143 59 6422
9146 59 6424
9147 59 6425
9148 11 1198
9153 59 6429
9154 59 6430
9155 1 109
9160 59 6434
9161 59 6435
9163 59 6436
9167 59 6439
9170 59 6441
9171 11 1201
9173 59 6443
9177 59 6446
9178 59 6447
9183 59 6450
9184 59 6451
9185 59 6452
9190 59 6455
9191 59 6456
9193 59 6457
9194 11 1204
9197 59 6460
9200 59 6462
9201 59 6463
9207 59 6467
9208 59 6468
9209 11 1206
9214 59 6472
9215 59 6473
9217 11 1207
9220 59 6476
9221 59 6477
9224 59 6479
9227 59 6481
9230 59 6483
9231 59 6484
9232 11 1209
9237 59 6488
9238 59 6489
9239 1 110
9244 59 6493
9245 59 6494
9247 59 6495
9251 59 6498
9254 59 6500
9255 11 1212
9257 59 6502
9261 59 6505
9262 59 6506
9267 59 6509
9268 59 6510
9269 59 6511
9274 59 6514
9275 59 6515
9277 59 6516
9278 11 1215
9281 59 6519
9284 59 6521
9285 59 6522
9291 59 6526
9292 59 6527
9293 11 1217
9298 59 6531
9299 59 6532
9301 11 1218
9304 59 6535
9305 59 6536
9308 59 6538
9311 59 6540
9314 59 6542
9315 59 6543
9316 11 1220
9321 59 6547
9322 59 6548
9323 1 111
9328 59 6552
9329 59 6553
9331 59 6554
9335 59 6557
9338 59 6559
9339 11 1223
9341 59 6561
9345 59 6564
9346 59 6565
9351 59 6568
9352 59 6569
9353 59 6570
9358 59 6573
9359 59 6574
9361 59 6575
9362 11 1226
9365 59 6578
9368 59 6580
9369 59 6581
9375 59 6585
9376 59 6586
9377 11 1228
9382 59 6590
9383 59 6591
9385 11 1229
9388 59 6594
9389 59 6595
9392 59 6597
9395 59 6599
9398 59 6601
9399 59 6602
9400 11 1231
9405 59 6606
9406 59 6607
9407 1 112
9412 59 6611
9413 59 6612
9415 59 6613
9419 59 6616
9422 59 6618
9423 11 1234
9425 59 6620
9429 59 6623
9430 59 6624
9435 59 6627
9436 59 6628
9437 59 6629
9442 59 6632
9443 59 6633
9445 59 6634
9446 11 1237
9449 59 6637
9452 59 6639
9453 59 6640
9459 59 6644
9460 59 6645
9461 11 1239
9466 59 6649
9467 59 6650
9469 11 1240
9472 59 6653
9473 59 6654
9476 59 6656
9479 59 6658
9482 59 6660
9483 59 6661
9484 11 1242
9489 59 6665
9490 59 6666
9491 1 113
9496 59 6670
9497 59 6671
9499 59 6672
9503 59 6675
9506 59 6677
9507 11 1245
9509 59 6679
9513 59 6682
9514 59 6683
9519 59 6686
9520 59 6687
9521 59 6688
9526 59 6691
9527 59 6692
9529 59 6693
9530 11 1248
9533 59 6696
9536 59 6698
9537 59 6699
9543 59 6703
9544 59 6704
9545 11 1250
9550 59 6708
9551 59 6709
9553 11 1251
9556 59 6712
9557 59 6713
9560 59 6715
9563 59 6717
9566 59 6719
9567 59 6720
9568 11 1253
9573 59 6724
9574 59 6725
9575 1 114
9580 59 6729
9581 59 6730
9583 59 6731
9587 59 6734
9590 59 6736
9591 11 1256
9593 59 6738
9597 59 6741
9598 59 6742
9603 59 6745
9604 59 6746
9605 59 6747
9610 59 6750
9611 59 6751
9613 59 6752
9614 11 1259
9617 59 6755
9620 59 6757
9621 59 6758
9627 59 6762
9628 59 6763
9629 11 1261
9634 59 6767
9635 59 6768
9637 11 1262
9640 59 6771
9641 59 6772
9644 59 6774
9647 59 6776
9650 59 6778
9651 59 6779
9652 11 1264
9657 59 6783
9658 59 6784
9659 1 115
9664 59 6788
9665 59 6789
9667 59 6790
9671 59 6793
9674 59 6795
9675 11 1267
9677 59 6797
9681 59 6800
9682 59 6801
9687 59 6804
9688 59 6805
9689 59 6806
9694 59 6809
9695 59 6810
9697 59 6811
9698 11 1270
9701 59 6814
9704 59 6816
9705 59 6817
9711 59 6821
9712 59 6822
9713 11 1272
9718 59 6826
9719 59 6827
9721 11 1273
9724 59 6830
9725 59 6831
9728 59 6833
9731 59 6835
9734 59 6837
9735 59 6838
9736 11 1275
9741 59 6842
9742 59 6843
9743 1 116
9748 59 6847
9749 59 6848
9751 59 6849
9755 59 6852
9758 59 6854
9759 11 1278
9761 59 6856
9765 59 6859
9766 59 6860
9771 59 6863
9772 59 6864
9773 59 6865
9778 59 6868
9779 59 6869
9781 59 6870
9782 11 1281
9785 59 6873
9788 59 6875
9789 59 6876
9795 59 6880
9796 59 6881
9797 11 1283
9802 59 6885
9803 59 6886
9805 11 1284
9808 59 6889
9809 59 6890
9812 59 6892
9815 59 6894
9818 59 6896
9819 59 6897
9820 11 1286
9825 59 6901
9826 59 6902
9827 1 117
9832 59 6906
9833 59 6907
9835 59 6908
9839 59 6911
9842 59 6913
9843 11 1289
9845 59 6915
9849 59 6918
9850 59 6919
9855 59 6922
9856 59 6923
9857 59 6924
9862 59 6927
9863 59 6928
9865 59 6929
9866 11 1292
9869 59 6932
9872 59 6934
9873 59 6935
9879 59 6939
9880 59 6940
9881 11 1294
9886 59 6944
9887 59 6945
9889 11 1295
9892 59 6948
9893 59 6949
9896 59 6951
9899 59 6953
9902 59 6955
9903 59 6956
9904 11 1297
9909 59 6960
9910 59 6961
9911 1 118
9916 59 6965
9917 59 6966
9919 59 6967
9923 59 6970
9926 59 6972
9927 11 1300
9929 59 6974
9933 59 6977
9934 59 6978
9939 59 6981
9940 59 6982
9941 59 6983
9946 59 6986
9947 59 6987
9949 59 6988
9950 11 1303
9953 59 6991
9956 59 6993
9957 59 6994
9963 59 6998
9964 59 6999
9965 11 1305
9970 59 7003
9971 59 7004
9973 11 1306
9976 59 7007
9977 59 7008
9980 59 7010
9983 59 7012
9986 59 7014
9987 59 7015
9988 11 1308
9993 59 7019
9994 59 7020
9995 1 119
10000 59 7024
10001 59 7025
10003 59 7026
10007 59 7029
10010 59 7031
10011 11 1311
10013 59 7033
10017 59 7036
10018 59 7037
10023 59 7040
10024 59 7041
10025 59 7042
10030 59 7045
10031 59 7046
10033 59 7047
10034 11 1314
10037 59 7050
10040 59 7052
10041 59 7053
10047 59 7057
10048 59 7058
10049 11 1316
10054 59 7062
10055 59 7063
10057 11 1317
10060 59 7066
10061 59 7067
10064 59 7069
10067 59 7071
10070 59 7073
10071 59 7074
10072 11 1319
10077 59 7078
10078 59 7079
10079 1 120
10084 59 7083
10085 59 7084
10087 59 7085
10091 59 7088
10094 59 7090
10095 11 1322
10097 59 7092
10101 59 7095
10102 59 7096
10107 59 7099
10108 59 7100
10109 59 7101
10114 59 7104
10115 59 7105
10117 59 7106
10118 11 1325
10121 59 7109
10124 59 7111
10125 59 7112
10131 59 7116
10132 59 7117
10133 11 1327
10138 59 7121
10139 59 7122
10141 11 1328
10144 59 7125
10145 59 7126
10148 59 7128
10151 59 7130
10154 59 7132
10155 59 7133
10156 11 1330
10161 59 7137
10162 59 7138
10163 1 121
10168 59 7142
10169 59 7143
10171 59 7144
10175 59 7147
10178 59 7149
10179 11 1333
10181 59 7151
10185 59 7154
10186 59 7155
10191 59 7158
10192 59 7159
10193 59 7160
10198 59 7163
10199 59 7164
10201 59 7165
10202 11 1336
10205 59 7168
10208 59 7170
10209 59 7171
10215 59 7175
10216 59 7176
10217 11 1338
10222 59 7180
10223 59 7181
10225 11 1339
10228 59 7184
10229 59 7185
10232 59 7187
10235 59 7189
10238 59 7191
10239 59 7192
10240 11 1341
10245 59 7196
10246 59 7197
10247 1 122
10252 59 7201
10253 59 7202
10255 59 7203
10259 59 7206
10262 59 7208
10263 11 1344
10265 59 7210
10269 59 7213
10270 59 7214
10275 59 7217
10276 59 7218
10277 59 7219
10282 59 7222
10283 59 7223
10285 59 7224
10286 11 1347
10289 59 7227
10292 59 7229
10293 59 7230
10299 59 7234
10300 59 7235
10301 11 1349
10306 59 7239
10307 59 7240
10309 11 1350
10312 59 7243
10313 59 7244
10316 59 7246
10319 59 7248
10322 59 7250
10323 59 7251
10324 11 1352
10329 59 7255
10330 59 7256
10331 1 123
10336 59 7260
10337 59 7261
10339 59 7262
10343 59 7265
10346 59 7267
10347 11 1355
10349 59 7269
10353 59 7272
10354 59 7273
10359 59 7276
10360 59 7277
10361 59 7278
10366 59 7281
10367 59 7282
10369 59 7283
10370 11 1358
10373 59 7286
10376 59 7288
10377 59 7289
10383 59 7293
10384 59 7294
10385 11 1360
10390 59 7298
10391 59 7299
10393 11 1361
10396 59 7302
10397 59 7303
10400 59 7305
10403 59 7307
10406 59 7309
10407 59 7310
10408 11 1363
10413 59 7314
10414 59 7315
10415 1 124
10420 59 7319
10421 59 7320
10423 59 7321
10427 59 7324
10430 59 7326
10431 11 1366
10433 59 7328
10437 59 7331
10438 59 7332
10443 59 7335
10444 59 7336
10445 59 7337
10450 59 7340
10451 59 7341
10453 59 7342
10454 11 1369
10457 59 7345
10460 59 7347
10461 59 7348
10467 59 7352
10468 59 7353
10469 11 1371
10474 59 7357
10475 59 7358
10477 11 1372
10480 59 7361
10481 59 7362
10484 59 7364
10487 59 7366
10490 59 7368
10491 59 7369
10492 11 1374
10497 59 7373
10498 59 7374
10499 1 125
10504 59 7378
10505 59 7379
10507 59 7380
10511 59 7383
10514 59 7385
10515 11 1377
10517 59 7387
10521 59 7390
10522 59 7391
10527 59 7394
10528 59 7395
10529 59 7396
10534 59 7399
10535 59 7400
10537 59 7401
10538 11 1380
10541 59 7404
10544 59 7406
10545 59 7407
10551 59 7411
10552 59 7412
10553 11 1382
10558 59 7416
10559 59 7417
10561 11 1383
10564 59 7420
10565 59 7421
10568 59 7423
10571 59 7425
10574 59 7427
10575 59 7428
10576 11 1385
10581 59 7432
10582 59 7433
10583 1 126
10588 59 7437
10589 59 7438
10591 59 7439
10595 59 7442
10598 59 7444
10599 11 1388
10601 59 7446
10605 59 7449
10606 59 7450
10611 59 7453
10612 59 7454
10613 59 7455
10618 59 7458
10619 59 7459
10621 59 7460
10622 11 1391
10625 59 7463
10628 59 7465
10629 59 7466
10635 59 7470
10636 59 7471
10637 11 1393
10642 59 7475
10643 59 7476
10645 11 1394
10648 59 7479
10649 59 7480
10652 59 7482
10655 59 7484
10658 59 7486
10659 59 7487
10660 11 1396
10665 59 7491
10666 59 7492
10667 1 127
10672 59 7496
10673 59 7497
10675 59 7498
10679 59 7501
10682 59 7503
10683 11 1399
10685 59 7505
10689 59 7508
10690 59 7509
10695 59 7512
10696 59 7513
10697 59 7514
10702 59 7517
10703 59 7518
10705 59 7519
10706 11 1402
10709 59 7522
10712 59 7524
10713 59 7525
10719 59 7529
10720 59 7530
10721 11 1404
10726 59 7534
10727 59 7535
10729 11 1405
10732 59 7538
10733 59 7539
10736 59 7541
10739 59 7543
10742 59 7545
10743 59 7546
10744 11 1407
10749 59 7550
10750 59 7551
10751 1 128
10756 59 7555
10757 59 7556
10759 59 7557
10763 59 7560
10766 59 7562
10767 11 1410
10769 59 7564
10773 59 7567
10774 59 7568
10779 59 7571
10780 59 7572
10781 59 7573
10786 59 7576
10787 59 7577
10789 59 7578
10790 11 1413
10793 59 7581
10796 59 7583
10797 59 7584
10803 59 7588
10804 59 7589
10805 11 1415
10810 59 7593
10811 59 7594
10813 11 1416
10816 59 7597
10817 59 7598
10820 59 7600
10823 59 7602
10826 59 7604
10827 59 7605
10828 11 1418
10833 59 7609
10834 59 7610
10835 1 129
