7224 116 100000000 4267 500
3 33 1
5 23 1
7 33 2
9 12 1
10 23 2
13 60 7
14 33 4
15 23 3
17 20 3
19 6 1
20 23 4
21 11 2
23 5 1
24 33 7
25 60 13
27 30 7
28 33 8
30 23 6
34 10 3
35 33 10
38 3 1
40 23 8
42 11 4
44 60 23
45 23 9
48 12 5
49 33 14
50 30 13
52 20 9
54 15 7
55 23 11
56 60 29
59 33 17
63 11 6
65 23 13
69 5 3
70 33 20
73 30 19
75 20 13
77 3 2
79 60 41
80 23 16
83 60 43
84 11 8
85 15 11
90 23 18
94 60 49
98 33 28
100 15 13
104 10 9
105 11 10
108 15 14
110 20 19
112 30 29
114 60 59
115 1 1
119 33 34
121 23 24
123 33 35
125 12 13
126 23 25
129 60 67
130 33 37
131 23 26
133 20 23
135 6 7
136 23 27
137 11 13
139 5 6
140 33 40
141 60 73
143 30 37
144 33 41
146 23 29
150 10 13
151 33 43
154 3 4
156 23 31
158 11 15
160 60 83
161 23 32
164 12 17
165 33 47
166 30 43
168 20 29
170 15 22
171 23 34
172 60 89
175 33 50
179 11 17
181 23 36
185 5 8
186 33 53
189 30 49
191 20 33
193 3 5
195 60 101
196 23 39
199 60 103
200 11 19
201 15 26
206 23 41
210 60 109
214 33 61
216 15 28
220 10 19
221 11 21
224 15 29
226 20 39
228 30 59
230 60 119
231 1 2
235 33 67
237 23 47
239 33 68
241 12 25
242 23 48
245 60 127
246 33 70
247 23 49
249 20 43
251 6 13
252 23 50
253 11 24
255 5 11
256 33 73
257 60 133
259 30 67
260 33 74
262 23 52
266 10 23
267 33 76
270 3 7
272 23 54
274 11 26
276 60 143
277 23 55
280 12 29
281 33 80
282 30 73
284 20 49
286 15 37
287 23 57
288 60 149
291 33 83
295 11 28
297 23 59
301 5 13
302 33 86
305 30 79
307 20 53
309 3 8
311 60 161
312 23 62
315 60 163
316 11 30
317 15 41
322 23 64
326 60 169
330 33 94
332 15 43
336 10 29
337 11 32
340 15 44
342 20 59
344 30 89
346 60 179
347 1 3
351 33 100
353 23 70
355 33 101
357 12 37
358 23 71
361 60 187
362 33 103
363 23 72
365 20 63
367 6 19
368 23 73
369 11 35
371 5 16
372 33 106
373 60 193
375 30 97
376 33 107
378 23 75
382 10 33
383 33 109
386 3 10
388 23 77
390 11 37
392 60 203
393 23 78
396 12 41
397 33 113
398 30 103
400 20 69
402 15 52
403 23 80
404 60 209
407 33 116
411 11 39
413 23 82
417 5 18
418 33 119
421 30 109
423 20 73
425 3 11
427 60 221
428 23 85
431 60 223
432 11 41
433 15 56
438 23 87
442 60 229
446 33 127
448 15 58
452 10 39
453 11 43
456 15 59
458 20 79
460 30 119
462 60 239
463 1 4
467 33 133
469 23 93
471 33 134
473 12 49
474 23 94
477 60 247
478 33 136
479 23 95
481 20 83
483 6 25
484 23 96
485 11 46
487 5 21
488 33 139
489 60 253
491 30 127
492 33 140
494 23 98
498 10 43
499 33 142
502 3 13
504 23 100
506 11 48
508 60 263
509 23 101
512 12 53
513 33 146
514 30 133
516 20 89
518 15 67
519 23 103
520 60 269
523 33 149
527 11 50
529 23 105
533 5 23
534 33 152
537 30 139
539 20 93
541 3 14
543 60 281
544 23 108
547 60 283
548 11 52
549 15 71
554 23 110
558 60 289
562 33 160
564 15 73
568 10 49
569 11 54
572 15 74
574 20 99
576 30 149
578 60 299
579 1 5
583 33 166
585 23 116
587 33 167
589 12 61
590 23 117
593 60 307
594 33 169
595 23 118
597 20 103
599 6 31
600 23 119
601 11 57
603 5 26
604 33 172
605 60 313
607 30 157
608 33 173
610 23 121
614 10 53
615 33 175
618 3 16
620 23 123
622 11 59
624 60 323
625 23 124
628 12 65
629 33 179
630 30 163
632 20 109
634 15 82
635 23 126
636 60 329
639 33 182
643 11 61
645 23 128
649 5 28
650 33 185
653 30 169
655 20 113
657 3 17
659 60 341
660 23 131
663 60 343
664 11 63
665 15 86
670 23 133
674 60 349
678 33 193
680 15 88
684 10 59
685 11 65
688 15 89
690 20 119
692 30 179
694 60 359
695 1 6
699 33 199
701 23 139
703 33 200
705 12 73
706 23 140
709 60 367
710 33 202
711 23 141
713 20 123
715 6 37
716 23 142
717 11 68
719 5 31
720 33 205
721 60 373
723 30 187
724 33 206
726 23 144
730 10 63
731 33 208
734 3 19
736 23 146
738 11 70
740 60 383
741 23 147
744 12 77
745 33 212
746 30 193
748 20 129
750 15 97
751 23 149
752 60 389
755 33 215
759 11 72
761 23 151
765 5 33
766 33 218
769 30 199
771 20 133
773 3 20
775 60 401
776 23 154
779 60 403
780 11 74
781 15 101
786 23 156
790 60 409
794 33 226
796 15 103
800 10 69
801 11 76
804 15 104
806 20 139
808 30 209
810 60 419
811 1 7
815 33 232
817 23 162
819 33 233
821 12 85
822 23 163
825 60 427
826 33 235
827 23 164
829 20 143
831 6 43
832 23 165
833 11 79
835 5 36
836 33 238
837 60 433
839 30 217
840 33 239
842 23 167
846 10 73
847 33 241
850 3 22
852 23 169
854 11 81
856 60 443
857 23 170
860 12 89
861 33 245
862 30 223
864 20 149
866 15 112
867 23 172
868 60 449
871 33 248
875 11 83
877 23 174
881 5 38
882 33 251
885 30 229
887 20 153
889 3 23
891 60 461
892 23 177
895 60 463
896 11 85
897 15 116
902 23 179
906 60 469
910 33 259
912 15 118
916 10 79
917 11 87
920 15 119
922 20 159
924 30 239
926 60 479
927 1 8
931 33 265
933 23 185
935 33 266
937 12 97
938 23 186
941 60 487
942 33 268
943 23 187
945 20 163
947 6 49
948 23 188
949 11 90
951 5 41
952 33 271
953 60 493
955 30 247
956 33 272
958 23 190
962 10 83
963 33 274
966 3 25
968 23 192
970 11 92
972 60 503
973 23 193
976 12 101
977 33 278
978 30 253
980 20 169
982 15 127
983 23 195
984 60 509
987 33 281
991 11 94
993 23 197
997 5 43
998 33 284
1001 30 259
1003 20 173
1005 3 26
1007 60 521
1008 23 200
1011 60 523
1012 11 96
1013 15 131
1018 23 202
1022 60 529
1026 33 292
1028 15 133
1032 10 89
1033 11 98
1036 15 134
1038 20 179
1040 30 269
1042 60 539
1043 1 9
1047 33 298
1049 23 208
1051 33 299
1053 12 109
1054 23 209
1057 60 547
1058 33 301
1059 23 210
1061 20 183
1063 6 55
1064 23 211
1065 11 101
1067 5 46
1068 33 304
1069 60 553
1071 30 277
1072 33 305
1074 23 213
1078 10 93
1079 33 307
1082 3 28
1084 23 215
1086 11 103
1088 60 563
1089 23 216
1092 12 113
1093 33 311
1094 30 283
1096 20 189
1098 15 142
1099 23 218
1100 60 569
1103 33 314
1107 11 105
1109 23 220
1113 5 48
1114 33 317
1117 30 289
1119 20 193
1121 3 29
1123 60 581
1124 23 223
1127 60 583
1128 11 107
1129 15 146
1134 23 225
1138 60 589
1142 33 325
1144 15 148
1148 10 99
1149 11 109
1152 15 149
1154 20 199
1156 30 299
1158 60 599
1159 1 10
1163 33 331
1165 23 231
1167 33 332
1169 12 121
1170 23 232
1173 60 607
1174 33 334
1175 23 233
1177 20 203
1179 6 61
1180 23 234
1181 11 112
1183 5 51
1184 33 337
1185 60 613
1187 30 307
1188 33 338
1190 23 236
1194 10 103
1195 33 340
1198 3 31
1200 23 238
1202 11 114
1204 60 623
1205 23 239
1208 12 125
1209 33 344
1210 30 313
1212 20 209
1214 15 157
1215 23 241
1216 60 629
1219 33 347
1223 11 116
1225 23 243
1229 5 53
1230 33 350
1233 30 319
1235 20 213
1237 3 32
1239 60 641
1240 23 246
1243 60 643
1244 11 118
1245 15 161
1250 23 248
1254 60 649
1258 33 358
1260 15 163
1264 10 109
1265 11 120
1268 15 164
1270 20 219
1272 30 329
1274 60 659
1275 1 11
1279 33 364
1281 23 254
1283 33 365
1285 12 133
1286 23 255
1289 60 667
1290 33 367
1291 23 256
1293 20 223
1295 6 67
1296 23 257
1297 11 123
1299 5 56
1300 33 370
1301 60 673
1303 30 337
1304 33 371
1306 23 259
1310 10 113
1311 33 373
1314 3 34
1316 23 261
1318 11 125
1320 60 683
1321 23 262
1324 12 137
1325 33 377
1326 30 343
1328 20 229
1330 15 172
1331 23 264
1332 60 689
1335 33 380
1339 11 127
1341 23 266
1345 5 58
1346 33 383
1349 30 349
1351 20 233
1353 3 35
1355 60 701
1356 23 269
1359 60 703
1360 11 129
1361 15 176
1366 23 271
1370 60 709
1374 33 391
1376 15 178
1380 10 119
1381 11 131
1384 15 179
1386 20 239
1388 30 359
1390 60 719
1391 1 12
1395 33 397
1397 23 277
1399 33 398
1401 12 145
1402 23 278
1405 60 727
1406 33 400
1407 23 279
1409 20 243
1411 6 73
1412 23 280
1413 11 134
1415 5 61
1416 33 403
1417 60 733
1419 30 367
1420 33 404
1422 23 282
1426 10 123
1427 33 406
1430 3 37
1432 23 284
1434 11 136
1436 60 743
1437 23 285
1440 12 149
1441 33 410
1442 30 373
1444 20 249
1446 15 187
1447 23 287
1448 60 749
1451 33 413
1455 11 138
1457 23 289
1461 5 63
1462 33 416
1465 30 379
1467 20 253
1469 3 38
1471 60 761
1472 23 292
1475 60 763
1476 11 140
1477 15 191
1482 23 294
1486 60 769
1490 33 424
1492 15 193
1496 10 129
1497 11 142
1500 15 194
1502 20 259
1504 30 389
1506 60 779
1507 1 13
1511 33 430
1513 23 300
1515 33 431
1517 12 157
1518 23 301
1521 60 787
1522 33 433
1523 23 302
1525 20 263
1527 6 79
1528 23 303
1529 11 145
1531 5 66
1532 33 436
1533 60 793
1535 30 397
1536 33 437
1538 23 305
1542 10 133
1543 33 439
1546 3 40
1548 23 307
1550 11 147
1552 60 803
1553 23 308
1556 12 161
1557 33 443
1558 30 403
1560 20 269
1562 15 202
1563 23 310
1564 60 809
1567 33 446
1571 11 149
1573 23 312
1577 5 68
1578 33 449
1581 30 409
1583 20 273
1585 3 41
1587 60 821
1588 23 315
1591 60 823
1592 11 151
1593 15 206
1598 23 317
1602 60 829
1606 33 457
1608 15 208
1612 10 139
1613 11 153
1616 15 209
1618 20 279
1620 30 419
1622 60 839
1623 1 14
1627 33 463
1629 23 323
1631 33 464
1633 12 169
1634 23 324
1637 60 847
1638 33 466
1639 23 325
1641 20 283
1643 6 85
1644 23 326
1645 11 156
1647 5 71
1648 33 469
1649 60 853
1651 30 427
1652 33 470
1654 23 328
1658 10 143
1659 33 472
1662 3 43
1664 23 330
1666 11 158
1668 60 863
1669 23 331
1672 12 173
1673 33 476
1674 30 433
1676 20 289
1678 15 217
1679 23 333
1680 60 869
1683 33 479
1687 11 160
1689 23 335
1693 5 73
1694 33 482
1697 30 439
1699 20 293
1701 3 44
1703 60 881
1704 23 338
1707 60 883
1708 11 162
1709 15 221
1714 23 340
1718 60 889
1722 33 490
1724 15 223
1728 10 149
1729 11 164
1732 15 224
1734 20 299
1736 30 449
1738 60 899
1739 1 15
1743 33 496
1745 23 346
1747 33 497
1749 12 181
1750 23 347
1753 60 907
1754 33 499
1755 23 348
1757 20 303
1759 6 91
1760 23 349
1761 11 167
1763 5 76
1764 33 502
1765 60 913
1767 30 457
1768 33 503
1770 23 351
1774 10 153
1775 33 505
1778 3 46
1780 23 353
1782 11 169
1784 60 923
1785 23 354
1788 12 185
1789 33 509
1790 30 463
1792 20 309
1794 15 232
1795 23 356
1796 60 929
1799 33 512
1803 11 171
1805 23 358
1809 5 78
1810 33 515
1813 30 469
1815 20 313
1817 3 47
1819 60 941
1820 23 361
1823 60 943
1824 11 173
1825 15 236
1830 23 363
1834 60 949
1838 33 523
1840 15 238
1844 10 159
1845 11 175
1848 15 239
1850 20 319
1852 30 479
1854 60 959
1855 1 16
1859 33 529
1861 23 369
1863 33 530
1865 12 193
1866 23 370
1869 60 967
1870 33 532
1871 23 371
1873 20 323
1875 6 97
1876 23 372
1877 11 178
1879 5 81
1880 33 535
1881 60 973
1883 30 487
1884 33 536
1886 23 374
1890 10 163
1891 33 538
1894 3 49
1896 23 376
1898 11 180
1900 60 983
1901 23 377
1904 12 197
1905 33 542
1906 30 493
1908 20 329
1910 15 247
1911 23 379
1912 60 989
1915 33 545
1919 11 182
1921 23 381
1925 5 83
1926 33 548
1929 30 499
1931 20 333
1933 3 50
1935 60 1001
1936 23 384
1939 60 1003
1940 11 184
1941 15 251
1946 23 386
1950 60 1009
1954 33 556
1956 15 253
1960 10 169
1961 11 186
1964 15 254
1966 20 339
1968 30 509
1970 60 1019
1971 1 17
1975 33 562
1977 23 392
1979 33 563
1981 12 205
1982 23 393
1985 60 1027
1986 33 565
1987 23 394
1989 20 343
1991 6 103
1992 23 395
1993 11 189
1995 5 86
1996 33 568
1997 60 1033
1999 30 517
2000 33 569
2002 23 397
2006 10 173
2007 33 571
2010 3 52
2012 23 399
2014 11 191
2016 60 1043
2017 23 400
2020 12 209
2021 33 575
2022 30 523
2024 20 349
2026 15 262
2027 23 402
2028 60 1049
2031 33 578
2035 11 193
2037 23 404
2041 5 88
2042 33 581
2045 30 529
2047 20 353
2049 3 53
2051 60 1061
2052 23 407
2055 60 1063
2056 11 195
2057 15 266
2062 23 409
2066 60 1069
2070 33 589
2072 15 268
2076 10 179
2077 11 197
2080 15 269
2082 20 359
2084 30 539
2086 60 1079
2087 1 18
2091 33 595
2093 23 415
2095 33 596
2097 12 217
2098 23 416
2101 60 1087
2102 33 598
2103 23 417
2105 20 363
2107 6 109
2108 23 418
2109 11 200
2111 5 91
2112 33 601
2113 60 1093
2115 30 547
2116 33 602
2118 23 420
2122 10 183
2123 33 604
2126 3 55
2128 23 422
2130 11 202
2132 60 1103
2133 23 423
2136 12 221
2137 33 608
2138 30 553
2140 20 369
2142 15 277
2143 23 425
2144 60 1109
2147 33 611
2151 11 204
2153 23 427
2157 5 93
2158 33 614
2161 30 559
2163 20 373
2165 3 56
2167 60 1121
2168 23 430
2171 60 1123
2172 11 206
2173 15 281
2178 23 432
2182 60 1129
2186 33 622
2188 15 283
2192 10 189
2193 11 208
2196 15 284
2198 20 379
2200 30 569
2202 60 1139
2203 1 19
2207 33 628
2209 23 438
2211 33 629
2213 12 229
2214 23 439
2217 60 1147
2218 33 631
2219 23 440
2221 20 383
2223 6 115
2224 23 441
2225 11 211
2227 5 96
2228 33 634
2229 60 1153
2231 30 577
2232 33 635
2234 23 443
2238 10 193
2239 33 637
2242 3 58
2244 23 445
2246 11 213
2248 60 1163
2249 23 446
2252 12 233
2253 33 641
2254 30 583
2256 20 389
2258 15 292
2259 23 448
2260 60 1169
2263 33 644
2267 11 215
2269 23 450
2273 5 98
2274 33 647
2277 30 589
2279 20 393
2281 3 59
2283 60 1181
2284 23 453
2287 60 1183
2288 11 217
2289 15 296
2294 23 455
2298 60 1189
2302 33 655
2304 15 298
2308 10 199
2309 11 219
2312 15 299
2314 20 399
2316 30 599
2318 60 1199
2319 1 20
2323 33 661
2325 23 461
2327 33 662
2329 12 241
2330 23 462
2333 60 1207
2334 33 664
2335 23 463
2337 20 403
2339 6 121
2340 23 464
2341 11 222
2343 5 101
2344 33 667
2345 60 1213
2347 30 607
2348 33 668
2350 23 466
2354 10 203
2355 33 670
2358 3 61
2360 23 468
2362 11 224
2364 60 1223
2365 23 469
2368 12 245
2369 33 674
2370 30 613
2372 20 409
2374 15 307
2375 23 471
2376 60 1229
2379 33 677
2383 11 226
2385 23 473
2389 5 103
2390 33 680
2393 30 619
2395 20 413
2397 3 62
2399 60 1241
2400 23 476
2403 60 1243
2404 11 228
2405 15 311
2410 23 478
2414 60 1249
2418 33 688
2420 15 313
2424 10 209
2425 11 230
2428 15 314
2430 20 419
2432 30 629
2434 60 1259
2435 1 21
2439 33 694
2441 23 484
2443 33 695
2445 12 253
2446 23 485
2449 60 1267
2450 33 697
2451 23 486
2453 20 423
2455 6 127
2456 23 487
2457 11 233
2459 5 106
2460 33 700
2461 60 1273
2463 30 637
2464 33 701
2466 23 489
2470 10 213
2471 33 703
2474 3 64
2476 23 491
2478 11 235
2480 60 1283
2481 23 492
2484 12 257
2485 33 707
2486 30 643
2488 20 429
2490 15 322
2491 23 494
2492 60 1289
2495 33 710
2499 11 237
2501 23 496
2505 5 108
2506 33 713
2509 30 649
2511 20 433
2513 3 65
2515 60 1301
2516 23 499
2519 60 1303
2520 11 239
2521 15 326
2526 23 501
2530 60 1309
2534 33 721
2536 15 328
2540 10 219
2541 11 241
2544 15 329
2546 20 439
2548 30 659
2550 60 1319
2551 1 22
2555 33 727
2557 23 507
2559 33 728
2561 12 265
2562 23 508
2565 60 1327
2566 33 730
2567 23 509
2569 20 443
2571 6 133
2572 23 510
2573 11 244
2575 5 111
2576 33 733
2577 60 1333
2579 30 667
2580 33 734
2582 23 512
2586 10 223
2587 33 736
2590 3 67
2592 23 514
2594 11 246
2596 60 1343
2597 23 515
2600 12 269
2601 33 740
2602 30 673
2604 20 449
2606 15 337
2607 23 517
2608 60 1349
2611 33 743
2615 11 248
2617 23 519
2621 5 113
2622 33 746
2625 30 679
2627 20 453
2629 3 68
2631 60 1361
2632 23 522
2635 60 1363
2636 11 250
2637 15 341
2642 23 524
2646 60 1369
2650 33 754
2652 15 343
2656 10 229
2657 11 252
2660 15 344
2662 20 459
2664 30 689
2666 60 1379
2667 1 23
2671 33 760
2673 23 530
2675 33 761
2677 12 277
2678 23 531
2681 60 1387
2682 33 763
2683 23 532
2685 20 463
2687 6 139
2688 23 533
2689 11 255
2691 5 116
2692 33 766
2693 60 1393
2695 30 697
2696 33 767
2698 23 535
2702 10 233
2703 33 769
2706 3 70
2708 23 537
2710 11 257
2712 60 1403
2713 23 538
2716 12 281
2717 33 773
2718 30 703
2720 20 469
2722 15 352
2723 23 540
2724 60 1409
2727 33 776
2731 11 259
2733 23 542
2737 5 118
2738 33 779
2741 30 709
2743 20 473
2745 3 71
2747 60 1421
2748 23 545
2751 60 1423
2752 11 261
2753 15 356
2758 23 547
2762 60 1429
2766 33 787
2768 15 358
2772 10 239
2773 11 263
2776 15 359
2778 20 479
2780 30 719
2782 60 1439
2783 1 24
2787 33 793
2789 23 553
2791 33 794
2793 12 289
2794 23 554
2797 60 1447
2798 33 796
2799 23 555
2801 20 483
2803 6 145
2804 23 556
2805 11 266
2807 5 121
2808 33 799
2809 60 1453
2811 30 727
2812 33 800
2814 23 558
2818 10 243
2819 33 802
2822 3 73
2824 23 560
2826 11 268
2828 60 1463
2829 23 561
2832 12 293
2833 33 806
2834 30 733
2836 20 489
2838 15 367
2839 23 563
2840 60 1469
2843 33 809
2847 11 270
2849 23 565
2853 5 123
2854 33 812
2857 30 739
2859 20 493
2861 3 74
2863 60 1481
2864 23 568
2867 60 1483
2868 11 272
2869 15 371
2874 23 570
2878 60 1489
2882 33 820
2884 15 373
2888 10 249
2889 11 274
2892 15 374
2894 20 499
2896 30 749
2898 60 1499
2899 1 25
2903 33 826
2905 23 576
2907 33 827
2909 12 301
2910 23 577
2913 60 1507
2914 33 829
2915 23 578
2917 20 503
2919 6 151
2920 23 579
2921 11 277
2923 5 126
2924 33 832
2925 60 1513
2927 30 757
2928 33 833
2930 23 581
2934 10 253
2935 33 835
2938 3 76
2940 23 583
2942 11 279
2944 60 1523
2945 23 584
2948 12 305
2949 33 839
2950 30 763
2952 20 509
2954 15 382
2955 23 586
2956 60 1529
2959 33 842
2963 11 281
2965 23 588
2969 5 128
2970 33 845
2973 30 769
2975 20 513
2977 3 77
2979 60 1541
2980 23 591
2983 60 1543
2984 11 283
2985 15 386
2990 23 593
2994 60 1549
2998 33 853
3000 15 388
3004 10 259
3005 11 285
3008 15 389
3010 20 519
3012 30 779
3014 60 1559
3015 1 26
3019 33 859
3021 23 599
3023 33 860
3025 12 313
3026 23 600
3029 60 1567
3030 33 862
3031 23 601
3033 20 523
3035 6 157
3036 23 602
3037 11 288
3039 5 131
3040 33 865
3041 60 1573
3043 30 787
3044 33 866
3046 23 604
3050 10 263
3051 33 868
3054 3 79
3056 23 606
3058 11 290
3060 60 1583
3061 23 607
3064 12 317
3065 33 872
3066 30 793
3068 20 529
3070 15 397
3071 23 609
3072 60 1589
3075 33 875
3079 11 292
3081 23 611
3085 5 133
3086 33 878
3089 30 799
3091 20 533
3093 3 80
3095 60 1601
3096 23 614
3099 60 1603
3100 11 294
3101 15 401
3106 23 616
3110 60 1609
3114 33 886
3116 15 403
3120 10 269
3121 11 296
3124 15 404
3126 20 539
3128 30 809
3130 60 1619
3131 1 27
3135 33 892
3137 23 622
3139 33 893
3141 12 325
3142 23 623
3145 60 1627
3146 33 895
3147 23 624
3149 20 543
3151 6 163
3152 23 625
3153 11 299
3155 5 136
3156 33 898
3157 60 1633
3159 30 817
3160 33 899
3162 23 627
3166 10 273
3167 33 901
3170 3 82
3172 23 629
3174 11 301
3176 60 1643
3177 23 630
3180 12 329
3181 33 905
3182 30 823
3184 20 549
3186 15 412
3187 23 632
3188 60 1649
3191 33 908
3195 11 303
3197 23 634
3201 5 138
3202 33 911
3205 30 829
3207 20 553
3209 3 83
3211 60 1661
3212 23 637
3215 60 1663
3216 11 305
3217 15 416
3222 23 639
3226 60 1669
3230 33 919
3232 15 418
3236 10 279
3237 11 307
3240 15 419
3242 20 559
3244 30 839
3246 60 1679
3247 1 28
3251 33 925
3253 23 645
3255 33 926
3257 12 337
3258 23 646
3261 60 1687
3262 33 928
3263 23 647
3265 20 563
3267 6 169
3268 23 648
3269 11 310
3271 5 141
3272 33 931
3273 60 1693
3275 30 847
3276 33 932
3278 23 650
3282 10 283
3283 33 934
3286 3 85
3288 23 652
3290 11 312
3292 60 1703
3293 23 653
3296 12 341
3297 33 938
3298 30 853
3300 20 569
3302 15 427
3303 23 655
3304 60 1709
3307 33 941
3311 11 314
3313 23 657
3317 5 143
3318 33 944
3321 30 859
3323 20 573
3325 3 86
3327 60 1721
3328 23 660
3331 60 1723
3332 11 316
3333 15 431
3338 23 662
3342 60 1729
3346 33 952
3348 15 433
3352 10 289
3353 11 318
3356 15 434
3358 20 579
3360 30 869
3362 60 1739
3363 1 29
3367 33 958
3369 23 668
3371 33 959
3373 12 349
3374 23 669
3377 60 1747
3378 33 961
3379 23 670
3381 20 583
3383 6 175
3384 23 671
3385 11 321
3387 5 146
3388 33 964
3389 60 1753
3391 30 877
3392 33 965
3394 23 673
3398 10 293
3399 33 967
3402 3 88
3404 23 675
3406 11 323
3408 60 1763
3409 23 676
3412 12 353
3413 33 971
3414 30 883
3416 20 589
3418 15 442
3419 23 678
3420 60 1769
3423 33 974
3427 11 325
3429 23 680
3433 5 148
3434 33 977
3437 30 889
3439 20 593
3441 3 89
3443 60 1781
3444 23 683
3447 60 1783
3448 11 327
3449 15 446
3454 23 685
3458 60 1789
3462 33 985
3464 15 448
3468 10 299
3469 11 329
3472 15 449
3474 20 599
3476 30 899
3478 60 1799
3479 1 30
3483 33 991
3485 23 691
3487 33 992
3489 12 361
3490 23 692
3493 60 1807
3494 33 994
3495 23 693
3497 20 603
3499 6 181
3500 23 694
3501 11 332
3503 5 151
3504 33 997
3505 60 1813
3507 30 907
3508 33 998
3510 23 696
3514 10 303
3515 33 1000
3518 3 91
3520 23 698
3522 11 334
3524 60 1823
3525 23 699
3528 12 365
3529 33 1004
3530 30 913
3532 20 609
3534 15 457
3535 23 701
3536 60 1829
3539 33 1007
3543 11 336
3545 23 703
3549 5 153
3550 33 1010
3553 30 919
3555 20 613
3557 3 92
3559 60 1841
3560 23 706
3563 60 1843
3564 11 338
3565 15 461
3570 23 708
3574 60 1849
3578 33 1018
3580 15 463
3584 10 309
3585 11 340
3588 15 464
3590 20 619
3592 30 929
3594 60 1859
3595 1 31
3599 33 1024
3601 23 714
3603 33 1025
3605 12 373
3606 23 715
3609 60 1867
3610 33 1027
3611 23 716
3613 20 623
3615 6 187
3616 23 717
3617 11 343
3619 5 156
3620 33 1030
3621 60 1873
3623 30 937
3624 33 1031
3626 23 719
3630 10 313
3631 33 1033
3634 3 94
3636 23 721
3638 11 345
3640 60 1883
3641 23 722
3644 12 377
3645 33 1037
3646 30 943
3648 20 629
3650 15 472
3651 23 724
3652 60 1889
3655 33 1040
3659 11 347
3661 23 726
3665 5 158
3666 33 1043
3669 30 949
3671 20 633
3673 3 95
3675 60 1901
3676 23 729
3679 60 1903
3680 11 349
3681 15 476
3686 23 731
3690 60 1909
3694 33 1051
3696 15 478
3700 10 319
3701 11 351
3704 15 479
3706 20 639
3708 30 959
3710 60 1919
3711 1 32
3715 33 1057
3717 23 737
3719 33 1058
3721 12 385
3722 23 738
3725 60 1927
3726 33 1060
3727 23 739
3729 20 643
3731 6 193
3732 23 740
3733 11 354
3735 5 161
3736 33 1063
3737 60 1933
3739 30 967
3740 33 1064
3742 23 742
3746 10 323
3747 33 1066
3750 3 97
3752 23 744
3754 11 356
3756 60 1943
3757 23 745
3760 12 389
3761 33 1070
3762 30 973
3764 20 649
3766 15 487
3767 23 747
3768 60 1949
3771 33 1073
3775 11 358
3777 23 749
3781 5 163
3782 33 1076
3785 30 979
3787 20 653
3789 3 98
3791 60 1961
3792 23 752
3795 60 1963
3796 11 360
3797 15 491
3802 23 754
3806 60 1969
3810 33 1084
3812 15 493
3816 10 329
3817 11 362
3820 15 494
3822 20 659
3824 30 989
3826 60 1979
3827 1 33
3831 33 1090
3833 23 760
3835 33 1091
3837 12 397
3838 23 761
3841 60 1987
3842 33 1093
3843 23 762
3845 20 663
3847 6 199
3848 23 763
3849 11 365
3851 5 166
3852 33 1096
3853 60 1993
3855 30 997
3856 33 1097
3858 23 765
3862 10 333
3863 33 1099
3866 3 100
3868 23 767
3870 11 367
3872 60 2003
3873 23 768
3876 12 401
3877 33 1103
3878 30 1003
3880 20 669
3882 15 502
3883 23 770
3884 60 2009
3887 33 1106
3891 11 369
3893 23 772
3897 5 168
3898 33 1109
3901 30 1009
3903 20 673
3905 3 101
3907 60 2021
3908 23 775
3911 60 2023
3912 11 371
3913 15 506
3918 23 777
3922 60 2029
3926 33 1117
3928 15 508
3932 10 339
3933 11 373
3936 15 509
3938 20 679
3940 30 1019
3942 60 2039
3943 1 34
3947 33 1123
3949 23 783
3951 33 1124
3953 12 409
3954 23 784
3957 60 2047
3958 33 1126
3959 23 785
3961 20 683
3963 6 205
3964 23 786
3965 11 376
3967 5 171
3968 33 1129
3969 60 2053
3971 30 1027
3972 33 1130
3974 23 788
3978 10 343
3979 33 1132
3982 3 103
3984 23 790
3986 11 378
3988 60 2063
3989 23 791
3992 12 413
3993 33 1136
3994 30 1033
3996 20 689
3998 15 517
3999 23 793
4000 60 2069
4003 33 1139
4007 11 380
4009 23 795
4013 5 173
4014 33 1142
4017 30 1039
4019 20 693
4021 3 104
4023 60 2081
4024 23 798
4027 60 2083
4028 11 382
4029 15 521
4034 23 800
4038 60 2089
4042 33 1150
4044 15 523
4048 10 349
4049 11 384
4052 15 524
4054 20 699
4056 30 1049
4058 60 2099
4059 1 35
4063 33 1156
4065 23 806
4067 33 1157
4069 12 421
4070 23 807
4073 60 2107
4074 33 1159
4075 23 808
4077 20 703
4079 6 211
4080 23 809
4081 11 387
4083 5 176
4084 33 1162
4085 60 2113
4087 30 1057
4088 33 1163
4090 23 811
4094 10 353
4095 33 1165
4098 3 106
4100 23 813
4102 11 389
4104 60 2123
4105 23 814
4108 12 425
4109 33 1169
4110 30 1063
4112 20 709
4114 15 532
4115 23 816
4116 60 2129
4119 33 1172
4123 11 391
4125 23 818
4129 5 178
4130 33 1175
4133 30 1069
4135 20 713
4137 3 107
4139 60 2141
4140 23 821
4143 60 2143
4144 11 393
4145 15 536
4150 23 823
4154 60 2149
4158 33 1183
4160 15 538
4164 10 359
4165 11 395
4168 15 539
4170 20 719
4172 30 1079
4174 60 2159
4175 1 36
4179 33 1189
4181 23 829
4183 33 1190
4185 12 433
4186 23 830
4189 60 2167
4190 33 1192
4191 23 831
4193 20 723
4195 6 217
4196 23 832
4197 11 398
4199 5 181
4200 33 1195
4201 60 2173
4203 30 1087
4204 33 1196
4206 23 834
4210 10 363
4211 33 1198
4214 3 109
4216 23 836
4218 11 400
4220 60 2183
4221 23 837
4224 12 437
4225 33 1202
4226 30 1093
4228 20 729
4230 15 547
4231 23 839
4232 60 2189
4235 33 1205
4239 11 402
4241 23 841
4245 5 183
4246 33 1208
4249 30 1099
4251 20 733
4253 3 110
4255 60 2201
4256 23 844
4259 60 2203
4260 11 404
4261 15 551
4266 23 846
4270 60 2209
4274 33 1216
4276 15 553
4280 10 369
4281 11 406
4284 15 554
4286 20 739
4288 30 1109
4290 60 2219
4291 1 37
4295 33 1222
4297 23 852
4299 33 1223
4301 12 445
4302 23 853
4305 60 2227
4306 33 1225
4307 23 854
4309 20 743
4311 6 223
4312 23 855
4313 11 409
4315 5 186
4316 33 1228
4317 60 2233
4319 30 1117
4320 33 1229
4322 23 857
4326 10 373
4327 33 1231
4330 3 112
4332 23 859
4334 11 411
4336 60 2243
4337 23 860
4340 12 449
4341 33 1235
4342 30 1123
4344 20 749
4346 15 562
4347 23 862
4348 60 2249
4351 33 1238
4355 11 413
4357 23 864
4361 5 188
4362 33 1241
4365 30 1129
4367 20 753
4369 3 113
4371 60 2261
4372 23 867
4375 60 2263
4376 11 415
4377 15 566
4382 23 869
4386 60 2269
4390 33 1249
4392 15 568
4396 10 379
4397 11 417
4400 15 569
4402 20 759
4404 30 1139
4406 60 2279
4407 1 38
4411 33 1255
4413 23 875
4415 33 1256
4417 12 457
4418 23 876
4421 60 2287
4422 33 1258
4423 23 877
4425 20 763
4427 6 229
4428 23 878
4429 11 420
4431 5 191
4432 33 1261
4433 60 2293
4435 30 1147
4436 33 1262
4438 23 880
4442 10 383
4443 33 1264
4446 3 115
4448 23 882
4450 11 422
4452 60 2303
4453 23 883
4456 12 461
4457 33 1268
4458 30 1153
4460 20 769
4462 15 577
4463 23 885
4464 60 2309
4467 33 1271
4471 11 424
4473 23 887
4477 5 193
4478 33 1274
4481 30 1159
4483 20 773
4485 3 116
4487 60 2321
4488 23 890
4491 60 2323
4492 11 426
4493 15 581
4498 23 892
4502 60 2329
4506 33 1282
4508 15 583
4512 10 389
4513 11 428
4516 15 584
4518 20 779
4520 30 1169
4522 60 2339
4523 1 39
4527 33 1288
4529 23 898
4531 33 1289
4533 12 469
4534 23 899
4537 60 2347
4538 33 1291
4539 23 900
4541 20 783
4543 6 235
4544 23 901
4545 11 431
4547 5 196
4548 33 1294
4549 60 2353
4551 30 1177
4552 33 1295
4554 23 903
4558 10 393
4559 33 1297
4562 3 118
4564 23 905
4566 11 433
4568 60 2363
4569 23 906
4572 12 473
4573 33 1301
4574 30 1183
4576 20 789
4578 15 592
4579 23 908
4580 60 2369
4583 33 1304
4587 11 435
4589 23 910
4593 5 198
4594 33 1307
4597 30 1189
4599 20 793
4601 3 119
4603 60 2381
4604 23 913
4607 60 2383
4608 11 437
4609 15 596
4614 23 915
4618 60 2389
4622 33 1315
4624 15 598
4628 10 399
4629 11 439
4632 15 599
4634 20 799
4636 30 1199
4638 60 2399
4639 1 40
4643 33 1321
4645 23 921
4647 33 1322
4649 12 481
4650 23 922
4653 60 2407
4654 33 1324
4655 23 923
4657 20 803
4659 6 241
4660 23 924
4661 11 442
4663 5 201
4664 33 1327
4665 60 2413
4667 30 1207
4668 33 1328
4670 23 926
4674 10 403
4675 33 1330
4678 3 121
4680 23 928
4682 11 444
4684 60 2423
4685 23 929
4688 12 485
4689 33 1334
4690 30 1213
4692 20 809
4694 15 607
4695 23 931
4696 60 2429
4699 33 1337
4703 11 446
4705 23 933
4709 5 203
4710 33 1340
4713 30 1219
4715 20 813
4717 3 122
4719 60 2441
4720 23 936
4723 60 2443
4724 11 448
4725 15 611
4730 23 938
4734 60 2449
4738 33 1348
4740 15 613
4744 10 409
4745 11 450
4748 15 614
4750 20 819
4752 30 1229
4754 60 2459
4755 1 41
4759 33 1354
4761 23 944
4763 33 1355
4765 12 493
4766 23 945
4769 60 2467
4770 33 1357
4771 23 946
4773 20 823
4775 6 247
4776 23 947
4777 11 453
4779 5 206
4780 33 1360
4781 60 2473
4783 30 1237
4784 33 1361
4786 23 949
4790 10 413
4791 33 1363
4794 3 124
4796 23 951
4798 11 455
4800 60 2483
4801 23 952
4804 12 497
4805 33 1367
4806 30 1243
4808 20 829
4810 15 622
4811 23 954
4812 60 2489
4815 33 1370
4819 11 457
4821 23 956
4825 5 208
4826 33 1373
4829 30 1249
4831 20 833
4833 3 125
4835 60 2501
4836 23 959
4839 60 2503
4840 11 459
4841 15 626
4846 23 961
4850 60 2509
4854 33 1381
4856 15 628
4860 10 419
4861 11 461
4864 15 629
4866 20 839
4868 30 1259
4870 60 2519
4871 1 42
4875 33 1387
4877 23 967
4879 33 1388
4881 12 505
4882 23 968
4885 60 2527
4886 33 1390
4887 23 969
4889 20 843
4891 6 253
4892 23 970
4893 11 464
4895 5 211
4896 33 1393
4897 60 2533
4899 30 1267
4900 33 1394
4902 23 972
4906 10 423
4907 33 1396
4910 3 127
4912 23 974
4914 11 466
4916 60 2543
4917 23 975
4920 12 509
4921 33 1400
4922 30 1273
4924 20 849
4926 15 637
4927 23 977
4928 60 2549
4931 33 1403
4935 11 468
4937 23 979
4941 5 213
4942 33 1406
4945 30 1279
4947 20 853
4949 3 128
4951 60 2561
4952 23 982
4955 60 2563
4956 11 470
4957 15 641
4962 23 984
4966 60 2569
4970 33 1414
4972 15 643
4976 10 429
4977 11 472
4980 15 644
4982 20 859
4984 30 1289
4986 60 2579
4987 1 43
4991 33 1420
4993 23 990
4995 33 1421
4997 12 517
4998 23 991
5001 60 2587
5002 33 1423
5003 23 992
5005 20 863
5007 6 259
5008 23 993
5009 11 475
5011 5 216
5012 33 1426
5013 60 2593
5015 30 1297
5016 33 1427
5018 23 995
5022 10 433
5023 33 1429
5026 3 130
5028 23 997
5030 11 477
5032 60 2603
5033 23 998
5036 12 521
5037 33 1433
5038 30 1303
5040 20 869
5042 15 652
5043 23 1000
5044 60 2609
5047 33 1436
5051 11 479
5053 23 1002
5057 5 218
5058 33 1439
5061 30 1309
5063 20 873
5065 3 131
5067 60 2621
5068 23 1005
5071 60 2623
5072 11 481
5073 15 656
5078 23 1007
5082 60 2629
5086 33 1447
5088 15 658
5092 10 439
5093 11 483
5096 15 659
5098 20 879
5100 30 1319
5102 60 2639
5103 1 44
5107 33 1453
5109 23 1013
5111 33 1454
5113 12 529
5114 23 1014
5117 60 2647
5118 33 1456
5119 23 1015
5121 20 883
5123 6 265
5124 23 1016
5125 11 486
5127 5 221
5128 33 1459
5129 60 2653
5131 30 1327
5132 33 1460
5134 23 1018
5138 10 443
5139 33 1462
5142 3 133
5144 23 1020
5146 11 488
5148 60 2663
5149 23 1021
5152 12 533
5153 33 1466
5154 30 1333
5156 20 889
5158 15 667
5159 23 1023
5160 60 2669
5163 33 1469
5167 11 490
5169 23 1025
5173 5 223
5174 33 1472
5177 30 1339
5179 20 893
5181 3 134
5183 60 2681
5184 23 1028
5187 60 2683
5188 11 492
5189 15 671
5194 23 1030
5198 60 2689
5202 33 1480
5204 15 673
5208 10 449
5209 11 494
5212 15 674
5214 20 899
5216 30 1349
5218 60 2699
5219 1 45
5223 33 1486
5225 23 1036
5227 33 1487
5229 12 541
5230 23 1037
5233 60 2707
5234 33 1489
5235 23 1038
5237 20 903
5239 6 271
5240 23 1039
5241 11 497
5243 5 226
5244 33 1492
5245 60 2713
5247 30 1357
5248 33 1493
5250 23 1041
5254 10 453
5255 33 1495
5258 3 136
5260 23 1043
5262 11 499
5264 60 2723
5265 23 1044
5268 12 545
5269 33 1499
5270 30 1363
5272 20 909
5274 15 682
5275 23 1046
5276 60 2729
5279 33 1502
5283 11 501
5285 23 1048
5289 5 228
5290 33 1505
5293 30 1369
5295 20 913
5297 3 137
5299 60 2741
5300 23 1051
5303 60 2743
5304 11 503
5305 15 686
5310 23 1053
5314 60 2749
5318 33 1513
5320 15 688
5324 10 459
5325 11 505
5328 15 689
5330 20 919
5332 30 1379
5334 60 2759
5335 1 46
5339 33 1519
5341 23 1059
5343 33 1520
5345 12 553
5346 23 1060
5349 60 2767
5350 33 1522
5351 23 1061
5353 20 923
5355 6 277
5356 23 1062
5357 11 508
5359 5 231
5360 33 1525
5361 60 2773
5363 30 1387
5364 33 1526
5366 23 1064
5370 10 463
5371 33 1528
5374 3 139
5376 23 1066
5378 11 510
5380 60 2783
5381 23 1067
5384 12 557
5385 33 1532
5386 30 1393
5388 20 929
5390 15 697
5391 23 1069
5392 60 2789
5395 33 1535
5399 11 512
5401 23 1071
5405 5 233
5406 33 1538
5409 30 1399
5411 20 933
5413 3 140
5415 60 2801
5416 23 1074
5419 60 2803
5420 11 514
5421 15 701
5426 23 1076
5430 60 2809
5434 33 1546
5436 15 703
5440 10 469
5441 11 516
5444 15 704
5446 20 939
5448 30 1409
5450 60 2819
5451 1 47
5455 33 1552
5457 23 1082
5459 33 1553
5461 12 565
5462 23 1083
5465 60 2827
5466 33 1555
5467 23 1084
5469 20 943
5471 6 283
5472 23 1085
5473 11 519
5475 5 236
5476 33 1558
5477 60 2833
5479 30 1417
5480 33 1559
5482 23 1087
5486 10 473
5487 33 1561
5490 3 142
5492 23 1089
5494 11 521
5496 60 2843
5497 23 1090
5500 12 569
5501 33 1565
5502 30 1423
5504 20 949
5506 15 712
5507 23 1092
5508 60 2849
5511 33 1568
5515 11 523
5517 23 1094
5521 5 238
5522 33 1571
5525 30 1429
5527 20 953
5529 3 143
5531 60 2861
5532 23 1097
5535 60 2863
5536 11 525
5537 15 716
5542 23 1099
5546 60 2869
5550 33 1579
5552 15 718
5556 10 479
5557 11 527
5560 15 719
5562 20 959
5564 30 1439
5566 60 2879
5567 1 48
5571 33 1585
5573 23 1105
5575 33 1586
5577 12 577
5578 23 1106
5581 60 2887
5582 33 1588
5583 23 1107
5585 20 963
5587 6 289
5588 23 1108
5589 11 530
5591 5 241
5592 33 1591
5593 60 2893
5595 30 1447
5596 33 1592
5598 23 1110
5602 10 483
5603 33 1594
5606 3 145
5608 23 1112
5610 11 532
5612 60 2903
5613 23 1113
5616 12 581
5617 33 1598
5618 30 1453
5620 20 969
5622 15 727
5623 23 1115
5624 60 2909
5627 33 1601
5631 11 534
5633 23 1117
5637 5 243
5638 33 1604
5641 30 1459
5643 20 973
5645 3 146
5647 60 2921
5648 23 1120
5651 60 2923
5652 11 536
5653 15 731
5658 23 1122
5662 60 2929
5666 33 1612
5668 15 733
5672 10 489
5673 11 538
5676 15 734
5678 20 979
5680 30 1469
5682 60 2939
5683 1 49
5687 33 1618
5689 23 1128
5691 33 1619
5693 12 589
5694 23 1129
5697 60 2947
5698 33 1621
5699 23 1130
5701 20 983
5703 6 295
5704 23 1131
5705 11 541
5707 5 246
5708 33 1624
5709 60 2953
5711 30 1477
5712 33 1625
5714 23 1133
5718 10 493
5719 33 1627
5722 3 148
5724 23 1135
5726 11 543
5728 60 2963
5729 23 1136
5732 12 593
5733 33 1631
5734 30 1483
5736 20 989
5738 15 742
5739 23 1138
5740 60 2969
5743 33 1634
5747 11 545
5749 23 1140
5753 5 248
5754 33 1637
5757 30 1489
5759 20 993
5761 3 149
5763 60 2981
5764 23 1143
5767 60 2983
5768 11 547
5769 15 746
5774 23 1145
5778 60 2989
5782 33 1645
5784 15 748
5788 10 499
5789 11 549
5792 15 749
5794 20 999
5796 30 1499
5798 60 2999
5799 1 50
5803 33 1651
5805 23 1151
5807 33 1652
5809 12 601
5810 23 1152
5813 60 3007
5814 33 1654
5815 23 1153
5817 20 1003
5819 6 301
5820 23 1154
5821 11 552
5823 5 251
5824 33 1657
5825 60 3013
5827 30 1507
5828 33 1658
5830 23 1156
5834 10 503
5835 33 1660
5838 3 151
5840 23 1158
5842 11 554
5844 60 3023
5845 23 1159
5848 12 605
5849 33 1664
5850 30 1513
5852 20 1009
5854 15 757
5855 23 1161
5856 60 3029
5859 33 1667
5863 11 556
5865 23 1163
5869 5 253
5870 33 1670
5873 30 1519
5875 20 1013
5877 3 152
5879 60 3041
5880 23 1166
5883 60 3043
5884 11 558
5885 15 761
5890 23 1168
5894 60 3049
5898 33 1678
5900 15 763
5904 10 509
5905 11 560
5908 15 764
5910 20 1019
5912 30 1529
5914 60 3059
5915 1 51
5919 33 1684
5921 23 1174
5923 33 1685
5925 12 613
5926 23 1175
5929 60 3067
5930 33 1687
5931 23 1176
5933 20 1023
5935 6 307
5936 23 1177
5937 11 563
5939 5 256
5940 33 1690
5941 60 3073
5943 30 1537
5944 33 1691
5946 23 1179
5950 10 513
5951 33 1693
5954 3 154
5956 23 1181
5958 11 565
5960 60 3083
5961 23 1182
5964 12 617
5965 33 1697
5966 30 1543
5968 20 1029
5970 15 772
5971 23 1184
5972 60 3089
5975 33 1700
5979 11 567
5981 23 1186
5985 5 258
5986 33 1703
5989 30 1549
5991 20 1033
5993 3 155
5995 60 3101
5996 23 1189
5999 60 3103
6000 11 569
6001 15 776
6006 23 1191
6010 60 3109
6014 33 1711
6016 15 778
6020 10 519
6021 11 571
6024 15 779
6026 20 1039
6028 30 1559
6030 60 3119
6031 1 52
6035 33 1717
6037 23 1197
6039 33 1718
6041 12 625
6042 23 1198
6045 60 3127
6046 33 1720
6047 23 1199
6049 20 1043
6051 6 313
6052 23 1200
6053 11 574
6055 5 261
6056 33 1723
6057 60 3133
6059 30 1567
6060 33 1724
6062 23 1202
6066 10 523
6067 33 1726
6070 3 157
6072 23 1204
6074 11 576
6076 60 3143
6077 23 1205
6080 12 629
6081 33 1730
6082 30 1573
6084 20 1049
6086 15 787
6087 23 1207
6088 60 3149
6091 33 1733
6095 11 578
6097 23 1209
6101 5 263
6102 33 1736
6105 30 1579
6107 20 1053
6109 3 158
6111 60 3161
6112 23 1212
6115 60 3163
6116 11 580
6117 15 791
6122 23 1214
6126 60 3169
6130 33 1744
6132 15 793
6136 10 529
6137 11 582
6140 15 794
6142 20 1059
6144 30 1589
6146 60 3179
6147 1 53
6151 33 1750
6153 23 1220
6155 33 1751
6157 12 637
6158 23 1221
6161 60 3187
6162 33 1753
6163 23 1222
6165 20 1063
6167 6 319
6168 23 1223
6169 11 585
6171 5 266
6172 33 1756
6173 60 3193
6175 30 1597
6176 33 1757
6178 23 1225
6182 10 533
6183 33 1759
6186 3 160
6188 23 1227
6190 11 587
6192 60 3203
6193 23 1228
6196 12 641
6197 33 1763
6198 30 1603
6200 20 1069
6202 15 802
6203 23 1230
6204 60 3209
6207 33 1766
6211 11 589
6213 23 1232
6217 5 268
6218 33 1769
6221 30 1609
6223 20 1073
6225 3 161
6227 60 3221
6228 23 1235
6231 60 3223
6232 11 591
6233 15 806
6238 23 1237
6242 60 3229
6246 33 1777
6248 15 808
6252 10 539
6253 11 593
6256 15 809
6258 20 1079
6260 30 1619
6262 60 3239
6263 1 54
6267 33 1783
6269 23 1243
6271 33 1784
6273 12 649
6274 23 1244
6277 60 3247
6278 33 1786
6279 23 1245
6281 20 1083
6283 6 325
6284 23 1246
6285 11 596
6287 5 271
6288 33 1789
6289 60 3253
6291 30 1627
6292 33 1790
6294 23 1248
6298 10 543
6299 33 1792
6302 3 163
6304 23 1250
6306 11 598
6308 60 3263
6309 23 1251
6312 12 653
6313 33 1796
6314 30 1633
6316 20 1089
6318 15 817
6319 23 1253
6320 60 3269
6323 33 1799
6327 11 600
6329 23 1255
6333 5 273
6334 33 1802
6337 30 1639
6339 20 1093
6341 3 164
6343 60 3281
6344 23 1258
6347 60 3283
6348 11 602
6349 15 821
6354 23 1260
6358 60 3289
6362 33 1810
6364 15 823
6368 10 549
6369 11 604
6372 15 824
6374 20 1099
6376 30 1649
6378 60 3299
6379 1 55
6383 33 1816
6385 23 1266
6387 33 1817
6389 12 661
6390 23 1267
6393 60 3307
6394 33 1819
6395 23 1268
6397 20 1103
6399 6 331
6400 23 1269
6401 11 607
6403 5 276
6404 33 1822
6405 60 3313
6407 30 1657
6408 33 1823
6410 23 1271
6414 10 553
6415 33 1825
6418 3 166
6420 23 1273
6422 11 609
6424 60 3323
6425 23 1274
6428 12 665
6429 33 1829
6430 30 1663
6432 20 1109
6434 15 832
6435 23 1276
6436 60 3329
6439 33 1832
6443 11 611
6445 23 1278
6449 5 278
6450 33 1835
6453 30 1669
6455 20 1113
6457 3 167
6459 60 3341
6460 23 1281
6463 60 3343
6464 11 613
6465 15 836
6470 23 1283
6474 60 3349
6478 33 1843
6480 15 838
6484 10 559
6485 11 615
6488 15 839
6490 20 1119
6492 30 1679
6494 60 3359
6495 1 56
6499 33 1849
6501 23 1289
6503 33 1850
6505 12 673
6506 23 1290
6509 60 3367
6510 33 1852
6511 23 1291
6513 20 1123
6515 6 337
6516 23 1292
6517 11 618
6519 5 281
6520 33 1855
6521 60 3373
6523 30 1687
6524 33 1856
6526 23 1294
6530 10 563
6531 33 1858
6534 3 169
6536 23 1296
6538 11 620
6540 60 3383
6541 23 1297
6544 12 677
6545 33 1862
6546 30 1693
6548 20 1129
6550 15 847
6551 23 1299
6552 60 3389
6555 33 1865
6559 11 622
6561 23 1301
6565 5 283
6566 33 1868
6569 30 1699
6571 20 1133
6573 3 170
6575 60 3401
6576 23 1304
6579 60 3403
6580 11 624
6581 15 851
6586 23 1306
6590 60 3409
6594 33 1876
6596 15 853
6600 10 569
6601 11 626
6604 15 854
6606 20 1139
6608 30 1709
6610 60 3419
6611 1 57
6615 33 1882
6617 23 1312
6619 33 1883
6621 12 685
6622 23 1313
6625 60 3427
6626 33 1885
6627 23 1314
6629 20 1143
6631 6 343
6632 23 1315
6633 11 629
6635 5 286
6636 33 1888
6637 60 3433
6639 30 1717
6640 33 1889
6642 23 1317
6646 10 573
6647 33 1891
6650 3 172
6652 23 1319
6654 11 631
6656 60 3443
6657 23 1320
6660 12 689
6661 33 1895
6662 30 1723
6664 20 1149
6666 15 862
6667 23 1322
6668 60 3449
6671 33 1898
6675 11 633
6677 23 1324
6681 5 288
6682 33 1901
6685 30 1729
6687 20 1153
6689 3 173
6691 60 3461
6692 23 1327
6695 60 3463
6696 11 635
6697 15 866
6702 23 1329
6706 60 3469
6710 33 1909
6712 15 868
6716 10 579
6717 11 637
6720 15 869
6722 20 1159
6724 30 1739
6726 60 3479
6727 1 58
6731 33 1915
6733 23 1335
6735 33 1916
6737 12 697
6738 23 1336
6741 60 3487
6742 33 1918
6743 23 1337
6745 20 1163
6747 6 349
6748 23 1338
6749 11 640
6751 5 291
6752 33 1921
6753 60 3493
6755 30 1747
6756 33 1922
6758 23 1340
6762 10 583
6763 33 1924
6766 3 175
6768 23 1342
6770 11 642
6772 60 3503
6773 23 1343
6776 12 701
6777 33 1928
6778 30 1753
6780 20 1169
6782 15 877
6783 23 1345
6784 60 3509
6787 33 1931
6791 11 644
6793 23 1347
6797 5 293
6798 33 1934
6801 30 1759
6803 20 1173
6805 3 176
6807 60 3521
6808 23 1350
6811 60 3523
6812 11 646
6813 15 881
6818 23 1352
6822 60 3529
6826 33 1942
6828 15 883
6832 10 589
6833 11 648
6836 15 884
6838 20 1179
6840 30 1769
6842 60 3539
6843 1 59
6847 33 1948
6849 23 1358
6851 33 1949
6853 12 709
6854 23 1359
6857 60 3547
6858 33 1951
6859 23 1360
6861 20 1183
6863 6 355
6864 23 1361
6865 11 651
6867 5 296
6868 33 1954
6869 60 3553
6871 30 1777
6872 33 1955
6874 23 1363
6878 10 593
6879 33 1957
6882 3 178
6884 23 1365
6886 11 653
6888 60 3563
6889 23 1366
6892 12 713
6893 33 1961
6894 30 1783
6896 20 1189
6898 15 892
6899 23 1368
6900 60 3569
6903 33 1964
6907 11 655
6909 23 1370
6913 5 298
6914 33 1967
6917 30 1789
6919 20 1193
6921 3 179
6923 60 3581
6924 23 1373
6927 60 3583
6928 11 657
6929 15 896
6934 23 1375
6938 60 3589
6942 33 1975
6944 15 898
6948 10 599
6949 11 659
6952 15 899
6954 20 1199
6956 30 1799
6958 60 3599
6959 1 60
6963 33 1981
6965 23 1381
6967 33 1982
6969 12 721
6970 23 1382
6973 60 3607
6974 33 1984
6975 23 1383
6977 20 1203
6979 6 361
6980 23 1384
6981 11 662
6983 5 301
6984 33 1987
6985 60 3613
6987 30 1807
6988 33 1988
6990 23 1386
6994 10 603
6995 33 1990
6998 3 181
7000 23 1388
7002 11 664
7004 60 3623
7005 23 1389
7008 12 725
7009 33 1994
7010 30 1813
7012 20 1209
7014 15 907
7015 23 1391
7016 60 3629
7019 33 1997
7023 11 666
7025 23 1393
7029 5 303
7030 33 2000
7033 30 1819
7035 20 1213
7037 3 182
7039 60 3641
7040 23 1396
7043 60 3643
7044 11 668
7045 15 911
7050 23 1398
7054 60 3649
7058 33 2008
7060 15 913
7064 10 609
7065 11 670
7068 15 914
7070 20 1219
7072 30 1829
7074 60 3659
7075 1 61
7079 33 2014
7081 23 1404
7083 33 2015
7085 12 733
7086 23 1405
7089 60 3667
7090 33 2017
7091 23 1406
7093 20 1223
7095 6 367
7096 23 1407
7097 11 673
7099 5 306
7100 33 2020
7101 60 3673
7103 30 1837
7104 33 2021
7106 23 1409
7110 10 613
7111 33 2023
7114 3 184
7116 23 1411
7118 11 675
7120 60 3683
7121 23 1412
7124 12 737
7125 33 2027
7126 30 1843
7128 20 1229
7130 15 922
7131 23 1414
7132 60 3689
7135 33 2030
7139 11 677
7141 23 1416
7145 5 308
7146 33 2033
7149 30 1849
7151 20 1233
7153 3 185
7155 60 3701
7156 23 1419
7159 60 3703
7160 11 679
7161 15 926
7166 23 1421
7170 60 3709
7174 33 2041
7176 15 928
7180 10 619
7181 11 681
7184 15 929
7186 20 1239
7188 30 1859
7190 60 3719
7191 1 62
7195 33 2047
7197 23 1427
7199 33 2048
7201 12 745
7202 23 1428
7205 60 3727
7206 33 2050
7207 23 1429
7209 20 1243
7211 6 373
7212 23 1430
7213 11 684
7215 5 311
7216 33 2053
7217 60 3733
7219 30 1867
7220 33 2054
7222 23 1432
7226 10 623
7227 33 2056
7230 3 187
7232 23 1434
7234 11 686
7236 60 3743
7237 23 1435
7240 12 749
7241 33 2060
7242 30 1873
7244 20 1249
7246 15 937
7247 23 1437
7248 60 3749
7251 33 2063
7255 11 688
7257 23 1439
7261 5 313
7262 33 2066
7265 30 1879
7267 20 1253
7269 3 188
7271 60 3761
7272 23 1442
7275 60 3763
7276 11 690
7277 15 941
7282 23 1444
7286 60 3769
7290 33 2074
7292 15 943
7296 10 629
7297 11 692
7300 15 944
7302 20 1259
7304 30 1889
7306 60 3779
7307 1 63
7311 33 2080
7313 23 1450
7315 33 2081
7317 12 757
7318 23 1451
7321 60 3787
7322 33 2083
7323 23 1452
7325 20 1263
7327 6 379
7328 23 1453
7329 11 695
7331 5 316
7332 33 2086
7333 60 3793
7335 30 1897
7336 33 2087
7338 23 1455
7342 10 633
7343 33 2089
7346 3 190
7348 23 1457
7350 11 697
7352 60 3803
7353 23 1458
7356 12 761
7357 33 2093
7358 30 1903
7360 20 1269
7362 15 952
7363 23 1460
7364 60 3809
7367 33 2096
7371 11 699
7373 23 1462
7377 5 318
7378 33 2099
7381 30 1909
7383 20 1273
7385 3 191
7387 60 3821
7388 23 1465
7391 60 3823
7392 11 701
7393 15 956
7398 23 1467
7402 60 3829
7406 33 2107
7408 15 958
7412 10 639
7413 11 703
7416 15 959
7418 20 1279
7420 30 1919
7422 60 3839
7423 1 64
7427 33 2113
7429 23 1473
7431 33 2114
7433 12 769
7434 23 1474
7437 60 3847
7438 33 2116
7439 23 1475
7441 20 1283
7443 6 385
7444 23 1476
7445 11 706
7447 5 321
7448 33 2119
7449 60 3853
7451 30 1927
7452 33 2120
7454 23 1478
7458 10 643
7459 33 2122
7462 3 193
7464 23 1480
7466 11 708
7468 60 3863
7469 23 1481
7472 12 773
7473 33 2126
7474 30 1933
7476 20 1289
7478 15 967
7479 23 1483
7480 60 3869
7483 33 2129
7487 11 710
7489 23 1485
7493 5 323
7494 33 2132
7497 30 1939
7499 20 1293
7501 3 194
7503 60 3881
7504 23 1488
7507 60 3883
7508 11 712
7509 15 971
7514 23 1490
7518 60 3889
7522 33 2140
7524 15 973
7528 10 649
7529 11 714
7532 15 974
7534 20 1299
7536 30 1949
7538 60 3899
7539 1 65
7543 33 2146
7545 23 1496
7547 33 2147
7549 12 781
7550 23 1497
7553 60 3907
7554 33 2149
7555 23 1498
7557 20 1303
7559 6 391
7560 23 1499
7561 11 717
7563 5 326
7564 33 2152
7565 60 3913
7567 30 1957
7568 33 2153
7570 23 1501
7574 10 653
7575 33 2155
7578 3 196
7580 23 1503
7582 11 719
7584 60 3923
7585 23 1504
7588 12 785
7589 33 2159
7590 30 1963
7592 20 1309
7594 15 982
7595 23 1506
7596 60 3929
7599 33 2162
7603 11 721
7605 23 1508
7609 5 328
7610 33 2165
7613 30 1969
7615 20 1313
7617 3 197
7619 60 3941
7620 23 1511
7623 60 3943
7624 11 723
7625 15 986
7630 23 1513
7634 60 3949
7638 33 2173
7640 15 988
7644 10 659
7645 11 725
7648 15 989
7650 20 1319
7652 30 1979
7654 60 3959
7655 1 66
7659 33 2179
7661 23 1519
7663 33 2180
7665 12 793
7666 23 1520
7669 60 3967
7670 33 2182
7671 23 1521
7673 20 1323
7675 6 397
7676 23 1522
7677 11 728
7679 5 331
7680 33 2185
7681 60 3973
7683 30 1987
7684 33 2186
7686 23 1524
7690 10 663
7691 33 2188
7694 3 199
7696 23 1526
7698 11 730
7700 60 3983
7701 23 1527
7704 12 797
7705 33 2192
7706 30 1993
7708 20 1329
7710 15 997
7711 23 1529
7712 60 3989
7715 33 2195
7719 11 732
7721 23 1531
7725 5 333
7726 33 2198
7729 30 1999
7731 20 1333
7733 3 200
7735 60 4001
7736 23 1534
7739 60 4003
7740 11 734
7741 15 1001
7746 23 1536
7750 60 4009
7754 33 2206
7756 15 1003
7760 10 669
7761 11 736
7764 15 1004
7766 20 1339
7768 30 2009
7770 60 4019
7771 1 67
7775 33 2212
7777 23 1542
7779 33 2213
7781 12 805
7782 23 1543
7785 60 4027
7786 33 2215
7787 23 1544
7789 20 1343
7791 6 403
7792 23 1545
7793 11 739
7795 5 336
7796 33 2218
7797 60 4033
7799 30 2017
7800 33 2219
7802 23 1547
7806 10 673
7807 33 2221
7810 3 202
7812 23 1549
7814 11 741
7816 60 4043
7817 23 1550
7820 12 809
7821 33 2225
7822 30 2023
7824 20 1349
7826 15 1012
7827 23 1552
7828 60 4049
7831 33 2228
7835 11 743
7837 23 1554
7841 5 338
7842 33 2231
7845 30 2029
7847 20 1353
7849 3 203
7851 60 4061
7852 23 1557
7855 60 4063
7856 11 745
7857 15 1016
7862 23 1559
7866 60 4069
7870 33 2239
7872 15 1018
7876 10 679
7877 11 747
7880 15 1019
7882 20 1359
7884 30 2039
7886 60 4079
7887 1 68
7891 33 2245
7893 23 1565
7895 33 2246
7897 12 817
7898 23 1566
7901 60 4087
7902 33 2248
7903 23 1567
7905 20 1363
7907 6 409
7908 23 1568
7909 11 750
7911 5 341
7912 33 2251
7913 60 4093
7915 30 2047
7916 33 2252
7918 23 1570
7922 10 683
7923 33 2254
7926 3 205
7928 23 1572
7930 11 752
7932 60 4103
7933 23 1573
7936 12 821
7937 33 2258
7938 30 2053
7940 20 1369
7942 15 1027
7943 23 1575
7944 60 4109
7947 33 2261
7951 11 754
7953 23 1577
7957 5 343
7958 33 2264
7961 30 2059
7963 20 1373
7965 3 206
7967 60 4121
7968 23 1580
7971 60 4123
7972 11 756
7973 15 1031
7978 23 1582
7982 60 4129
7986 33 2272
7988 15 1033
7992 10 689
7993 11 758
7996 15 1034
7998 20 1379
8000 30 2069
8002 60 4139
8003 1 69
8007 33 2278
8009 23 1588
8011 33 2279
8013 12 829
8014 23 1589
8017 60 4147
8018 33 2281
8019 23 1590
8021 20 1383
8023 6 415
8024 23 1591
8025 11 761
8027 5 346
8028 33 2284
8029 60 4153
8031 30 2077
8032 33 2285
8034 23 1593
8038 10 693
8039 33 2287
8042 3 208
8044 23 1595
8046 11 763
8048 60 4163
8049 23 1596
8052 12 833
8053 33 2291
8054 30 2083
8056 20 1389
8058 15 1042
8059 23 1598
8060 60 4169
8063 33 2294
8067 11 765
8069 23 1600
8073 5 348
8074 33 2297
8077 30 2089
8079 20 1393
8081 3 209
8083 60 4181
8084 23 1603
8087 60 4183
8088 11 767
8089 15 1046
8094 23 1605
8098 60 4189
8102 33 2305
8104 15 1048
8108 10 699
8109 11 769
8112 15 1049
8114 20 1399
8116 30 2099
8118 60 4199
8119 1 70
8123 33 2311
8125 23 1611
8127 33 2312
8129 12 841
8130 23 1612
8133 60 4207
8134 33 2314
8135 23 1613
8137 20 1403
8139 6 421
8140 23 1614
8141 11 772
8143 5 351
8144 33 2317
8145 60 4213
8147 30 2107
8148 33 2318
8150 23 1616
8154 10 703
8155 33 2320
8158 3 211
8160 23 1618
8162 11 774
8164 60 4223
8165 23 1619
8168 12 845
8169 33 2324
8170 30 2113
8172 20 1409
8174 15 1057
8175 23 1621
8176 60 4229
8179 33 2327
8183 11 776
8185 23 1623
8189 5 353
8190 33 2330
8193 30 2119
8195 20 1413
8197 3 212
8199 60 4241
8200 23 1626
8203 60 4243
8204 11 778
8205 15 1061
8210 23 1628
8214 60 4249
8218 33 2338
8220 15 1063
8224 10 709
8225 11 780
8228 15 1064
8230 20 1419
8232 30 2129
8234 60 4259
8235 1 71
8239 33 2344
8241 23 1634
8243 33 2345
8245 12 853
8246 23 1635
8249 60 4267
8250 33 2347
8251 23 1636
8253 20 1423
8255 6 427
8256 23 1637
8257 11 783
8259 5 356
8260 33 2350
8261 60 4273
8263 30 2137
8264 33 2351
8266 23 1639
8270 10 713
8271 33 2353
8274 3 214
8276 23 1641
8278 11 785
8280 60 4283
8281 23 1642
8284 12 857
8285 33 2357
8286 30 2143
8288 20 1429
8290 15 1072
8291 23 1644
8292 60 4289
8295 33 2360
8299 11 787
8301 23 1646
8305 5 358
8306 33 2363
8309 30 2149
8311 20 1433
8313 3 215
8315 60 4301
8316 23 1649
8319 60 4303
8320 11 789
8321 15 1076
8326 23 1651
8330 60 4309
8334 33 2371
8336 15 1078
8340 10 719
8341 11 791
8344 15 1079
8346 20 1439
8348 30 2159
8350 60 4319
8351 1 72
8355 33 2377
8357 23 1657
8359 33 2378
8361 12 865
8362 23 1658
8365 60 4327
8366 33 2380
8367 23 1659
8369 20 1443
8371 6 433
8372 23 1660
8373 11 794
8375 5 361
8376 33 2383
8377 60 4333
8379 30 2167
8380 33 2384
8382 23 1662
8386 10 723
8387 33 2386
8390 3 217
8392 23 1664
8394 11 796
8396 60 4343
8397 23 1665
8400 12 869
8401 33 2390
8402 30 2173
8404 20 1449
8406 15 1087
8407 23 1667
8408 60 4349
8411 33 2393
8415 11 798
8417 23 1669
8421 5 363
8422 33 2396
8425 30 2179
8427 20 1453
8429 3 218
8431 60 4361
8432 23 1672
8435 60 4363
8436 11 800
8437 15 1091
8442 23 1674
8446 60 4369
8450 33 2404
8452 15 1093
8456 10 729
8457 11 802
8460 15 1094
8462 20 1459
8464 30 2189
8466 60 4379
8467 1 73
8471 33 2410
8473 23 1680
8475 33 2411
8477 12 877
8478 23 1681
8481 60 4387
8482 33 2413
8483 23 1682
8485 20 1463
8487 6 439
8488 23 1683
8489 11 805
8491 5 366
8492 33 2416
8493 60 4393
8495 30 2197
8496 33 2417
8498 23 1685
8502 10 733
8503 33 2419
8506 3 220
8508 23 1687
8510 11 807
8512 60 4403
8513 23 1688
8516 12 881
8517 33 2423
8518 30 2203
8520 20 1469
8522 15 1102
8523 23 1690
8524 60 4409
8527 33 2426
8531 11 809
8533 23 1692
8537 5 368
8538 33 2429
8541 30 2209
8543 20 1473
8545 3 221
8547 60 4421
8548 23 1695
8551 60 4423
8552 11 811
8553 15 1106
8558 23 1697
8562 60 4429
8566 33 2437
8568 15 1108
8572 10 739
8573 11 813
8576 15 1109
8578 20 1479
8580 30 2219
8582 60 4439
8583 1 74
8587 33 2443
8589 23 1703
8591 33 2444
8593 12 889
8594 23 1704
8597 60 4447
8598 33 2446
8599 23 1705
8601 20 1483
8603 6 445
8604 23 1706
8605 11 816
8607 5 371
8608 33 2449
8609 60 4453
8611 30 2227
8612 33 2450
8614 23 1708
8618 10 743
8619 33 2452
8622 3 223
8624 23 1710
8626 11 818
8628 60 4463
8629 23 1711
8632 12 893
8633 33 2456
8634 30 2233
8636 20 1489
8638 15 1117
8639 23 1713
8640 60 4469
8643 33 2459
8647 11 820
8649 23 1715
8653 5 373
8654 33 2462
8657 30 2239
8659 20 1493
8661 3 224
8663 60 4481
8664 23 1718
8667 60 4483
8668 11 822
8669 15 1121
8674 23 1720
8678 60 4489
8682 33 2470
8684 15 1123
8688 10 749
8689 11 824
8692 15 1124
8694 20 1499
8696 30 2249
8698 60 4499
8699 1 75
8703 33 2476
8705 23 1726
8707 33 2477
8709 12 901
8710 23 1727
8713 60 4507
8714 33 2479
8715 23 1728
8717 20 1503
8719 6 451
8720 23 1729
8721 11 827
8723 5 376
8724 33 2482
8725 60 4513
8727 30 2257
8728 33 2483
8730 23 1731
8734 10 753
8735 33 2485
8738 3 226
8740 23 1733
8742 11 829
8744 60 4523
8745 23 1734
8748 12 905
8749 33 2489
8750 30 2263
8752 20 1509
8754 15 1132
8755 23 1736
8756 60 4529
8759 33 2492
8763 11 831
8765 23 1738
8769 5 378
8770 33 2495
8773 30 2269
8775 20 1513
8777 3 227
8779 60 4541
8780 23 1741
8783 60 4543
8784 11 833
8785 15 1136
8790 23 1743
8794 60 4549
8798 33 2503
8800 15 1138
8804 10 759
8805 11 835
8808 15 1139
8810 20 1519
8812 30 2279
8814 60 4559
8815 1 76
8819 33 2509
8821 23 1749
8823 33 2510
8825 12 913
8826 23 1750
8829 60 4567
8830 33 2512
8831 23 1751
8833 20 1523
8835 6 457
8836 23 1752
8837 11 838
8839 5 381
8840 33 2515
8841 60 4573
8843 30 2287
8844 33 2516
8846 23 1754
8850 10 763
8851 33 2518
8854 3 229
8856 23 1756
8858 11 840
8860 60 4583
8861 23 1757
8864 12 917
8865 33 2522
8866 30 2293
8868 20 1529
8870 15 1147
8871 23 1759
8872 60 4589
8875 33 2525
8879 11 842
8881 23 1761
8885 5 383
8886 33 2528
8889 30 2299
8891 20 1533
8893 3 230
8895 60 4601
8896 23 1764
8899 60 4603
8900 11 844
8901 15 1151
8906 23 1766
8910 60 4609
8914 33 2536
8916 15 1153
8920 10 769
8921 11 846
8924 15 1154
8926 20 1539
8928 30 2309
8930 60 4619
8931 1 77
8935 33 2542
8937 23 1772
8939 33 2543
8941 12 925
8942 23 1773
8945 60 4627
8946 33 2545
8947 23 1774
8949 20 1543
8951 6 463
8952 23 1775
8953 11 849
8955 5 386
8956 33 2548
8957 60 4633
8959 30 2317
8960 33 2549
8962 23 1777
8966 10 773
8967 33 2551
8970 3 232
8972 23 1779
8974 11 851
8976 60 4643
8977 23 1780
8980 12 929
8981 33 2555
8982 30 2323
8984 20 1549
8986 15 1162
8987 23 1782
8988 60 4649
8991 33 2558
8995 11 853
8997 23 1784
9001 5 388
9002 33 2561
9005 30 2329
9007 20 1553
9009 3 233
9011 60 4661
9012 23 1787
9015 60 4663
9016 11 855
9017 15 1166
9022 23 1789
9026 60 4669
9030 33 2569
9032 15 1168
9036 10 779
9037 11 857
9040 15 1169
9042 20 1559
9044 30 2339
9046 60 4679
9047 1 78
9051 33 2575
9053 23 1795
9055 33 2576
9057 12 937
9058 23 1796
9061 60 4687
9062 33 2578
9063 23 1797
9065 20 1563
9067 6 469
9068 23 1798
9069 11 860
9071 5 391
9072 33 2581
9073 60 4693
9075 30 2347
9076 33 2582
9078 23 1800
9082 10 783
9083 33 2584
9086 3 235
9088 23 1802
9090 11 862
9092 60 4703
9093 23 1803
9096 12 941
9097 33 2588
9098 30 2353
9100 20 1569
9102 15 1177
9103 23 1805
9104 60 4709
9107 33 2591
9111 11 864
9113 23 1807
9117 5 393
9118 33 2594
9121 30 2359
9123 20 1573
9125 3 236
9127 60 4721
9128 23 1810
9131 60 4723
9132 11 866
9133 15 1181
9138 23 1812
9142 60 4729
9146 33 2602
9148 15 1183
9152 10 789
9153 11 868
9156 15 1184
9158 20 1579
9160 30 2369
9162 60 4739
9163 1 79
9167 33 2608
9169 23 1818
9171 33 2609
9173 12 949
9174 23 1819
9177 60 4747
9178 33 2611
9179 23 1820
9181 20 1583
9183 6 475
9184 23 1821
9185 11 871
9187 5 396
9188 33 2614
9189 60 4753
9191 30 2377
9192 33 2615
9194 23 1823
9198 10 793
9199 33 2617
9202 3 238
9204 23 1825
9206 11 873
9208 60 4763
9209 23 1826
9212 12 953
9213 33 2621
9214 30 2383
9216 20 1589
9218 15 1192
9219 23 1828
9220 60 4769
9223 33 2624
9227 11 875
9229 23 1830
9233 5 398
9234 33 2627
9237 30 2389
9239 20 1593
9241 3 239
9243 60 4781
9244 23 1833
9247 60 4783
9248 11 877
9249 15 1196
9254 23 1835
9258 60 4789
9262 33 2635
9264 15 1198
9268 10 799
9269 11 879
9272 15 1199
9274 20 1599
9276 30 2399
9278 60 4799
9279 1 80
9283 33 2641
9285 23 1841
9287 33 2642
9289 12 961
9290 23 1842
9293 60 4807
9294 33 2644
9295 23 1843
9297 20 1603
9299 6 481
9300 23 1844
9301 11 882
9303 5 401
9304 33 2647
9305 60 4813
9307 30 2407
9308 33 2648
9310 23 1846
9314 10 803
9315 33 2650
9318 3 241
9320 23 1848
9322 11 884
9324 60 4823
9325 23 1849
9328 12 965
9329 33 2654
9330 30 2413
9332 20 1609
9334 15 1207
9335 23 1851
9336 60 4829
9339 33 2657
9343 11 886
9345 23 1853
9349 5 403
9350 33 2660
9353 30 2419
9355 20 1613
9357 3 242
9359 60 4841
9360 23 1856
9363 60 4843
9364 11 888
9365 15 1211
9370 23 1858
9374 60 4849
9378 33 2668
9380 15 1213
9384 10 809
9385 11 890
9388 15 1214
9390 20 1619
9392 30 2429
9394 60 4859
9395 1 81
9399 33 2674
9401 23 1864
9403 33 2675
9405 12 973
9406 23 1865
9409 60 4867
9410 33 2677
9411 23 1866
9413 20 1623
9415 6 487
9416 23 1867
9417 11 893
9419 5 406
9420 33 2680
9421 60 4873
9423 30 2437
9424 33 2681
9426 23 1869
9430 10 813
9431 33 2683
9434 3 244
9436 23 1871
9438 11 895
9440 60 4883
9441 23 1872
9444 12 977
9445 33 2687
9446 30 2443
9448 20 1629
9450 15 1222
9451 23 1874
9452 60 4889
9455 33 2690
9459 11 897
9461 23 1876
9465 5 408
9466 33 2693
9469 30 2449
9471 20 1633
9473 3 245
9475 60 4901
9476 23 1879
9479 60 4903
9480 11 899
9481 15 1226
9486 23 1881
9490 60 4909
9494 33 2701
9496 15 1228
9500 10 819
9501 11 901
9504 15 1229
9506 20 1639
9508 30 2459
9510 60 4919
9511 1 82
9515 33 2707
9517 23 1887
9519 33 2708
9521 12 985
9522 23 1888
9525 60 4927
9526 33 2710
9527 23 1889
9529 20 1643
9531 6 493
9532 23 1890
9533 11 904
9535 5 411
9536 33 2713
9537 60 4933
9539 30 2467
9540 33 2714
9542 23 1892
9546 10 823
9547 33 2716
9550 3 247
9552 23 1894
9554 11 906
9556 60 4943
9557 23 1895
9560 12 989
9561 33 2720
9562 30 2473
9564 20 1649
9566 15 1237
9567 23 1897
9568 60 4949
9571 33 2723
9575 11 908
9577 23 1899
9581 5 413
9582 33 2726
9585 30 2479
9587 20 1653
9589 3 248
9591 60 4961
9592 23 1902
9595 60 4963
9596 11 910
9597 15 1241
9602 23 1904
9606 60 4969
9610 33 2734
9612 15 1243
9616 10 829
9617 11 912
9620 15 1244
9622 20 1659
9624 30 2489
9626 60 4979
9627 1 83
9631 33 2740
9633 23 1910
9635 33 2741
9637 12 997
9638 23 1911
9641 60 4987
9642 33 2743
9643 23 1912
9645 20 1663
9647 6 499
9648 23 1913
9649 11 915
9651 5 416
9652 33 2746
9653 60 4993
9655 30 2497
9656 33 2747
9658 23 1915
9662 10 833
9663 33 2749
9666 3 250
9668 23 1917
9670 11 917
9672 60 5003
9673 23 1918
9676 12 1001
9677 33 2753
9678 30 2503
9680 20 1669
9682 15 1252
9683 23 1920
9684 60 5009
9687 33 2756
9691 11 919
9693 23 1922
9697 5 418
9698 33 2759
9701 30 2509
9703 20 1673
9705 3 251
9707 60 5021
9708 23 1925
9711 60 5023
9712 11 921
9713 15 1256
9718 23 1927
9722 60 5029
9726 33 2767
9728 15 1258
9732 10 839
9733 11 923
9736 15 1259
9738 20 1679
9740 30 2519
9742 60 5039
9743 1 84
9747 33 2773
9749 23 1933
9751 33 2774
9753 12 1009
9754 23 1934
9757 60 5047
9758 33 2776
9759 23 1935
9761 20 1683
9763 6 505
9764 23 1936
9765 11 926
9767 5 421
9768 33 2779
9769 60 5053
9771 30 2527
9772 33 2780
9774 23 1938
9778 10 843
9779 33 2782
9782 3 253
9784 23 1940
9786 11 928
9788 60 5063
9789 23 1941
9792 12 1013
9793 33 2786
9794 30 2533
9796 20 1689
9798 15 1267
9799 23 1943
9800 60 5069
9803 33 2789
9807 11 930
9809 23 1945
9813 5 423
9814 33 2792
9817 30 2539
9819 20 1693
9821 3 254
9823 60 5081
9824 23 1948
9827 60 5083
9828 11 932
9829 15 1271
9834 23 1950
9838 60 5089
9842 33 2800
9844 15 1273
9848 10 849
9849 11 934
9852 15 1274
9854 20 1699
9856 30 2549
9858 60 5099
9859 1 85
9863 33 2806
9865 23 1956
9867 33 2807
9869 12 1021
9870 23 1957
9873 60 5107
9874 33 2809
9875 23 1958
9877 20 1703
9879 6 511
9880 23 1959
9881 11 937
9883 5 426
9884 33 2812
9885 60 5113
9887 30 2557
9888 33 2813
9890 23 1961
9894 10 853
9895 33 2815
9898 3 256
9900 23 1963
9902 11 939
9904 60 5123
9905 23 1964
9908 12 1025
9909 33 2819
9910 30 2563
9912 20 1709
9914 15 1282
9915 23 1966
9916 60 5129
9919 33 2822
9923 11 941
9925 23 1968
9929 5 428
9930 33 2825
9933 30 2569
9935 20 1713
9937 3 257
9939 60 5141
9940 23 1971
9943 60 5143
9944 11 943
9945 15 1286
9950 23 1973
9954 60 5149
9958 33 2833
9960 15 1288
9964 10 859
9965 11 945
9968 15 1289
9970 20 1719
9972 30 2579
9974 60 5159
9975 1 86
9979 33 2839
9981 23 1979
9983 33 2840
9985 12 1033
9986 23 1980
9989 60 5167
9990 33 2842
9991 23 1981
9993 20 1723
9995 6 517
9996 23 1982
9997 11 948
9999 5 431
10000 33 2845
10001 60 5173
10003 30 2587
10004 33 2846
10006 23 1984
10010 10 863
10011 33 2848
10014 3 259
10016 23 1986
10018 11 950
10020 60 5183
10021 23 1987
10024 12 1037
10025 33 2852
10026 30 2593
10028 20 1729
10030 15 1297
10031 23 1989
10032 60 5189
10035 33 2855
10039 11 952
10041 23 1991
10045 5 433
10046 33 2858
10049 30 2599
10051 20 1733
10053 3 260
10055 60 5201
10056 23 1994
10059 60 5203
10060 11 954
10061 15 1301
10066 23 1996
10070 60 5209
10074 33 2866
10076 15 1303
10080 10 869
10081 11 956
10084 15 1304
10086 20 1739
10088 30 2609
10090 60 5219
10091 1 87
10095 33 2872
10097 23 2002
10099 33 2873
10101 12 1045
10102 23 2003
10105 60 5227
10106 33 2875
10107 23 2004
10109 20 1743
10111 6 523
10112 23 2005
10113 11 959
10115 5 436
10116 33 2878
10117 60 5233
10119 30 2617
10120 33 2879
10122 23 2007
10126 10 873
10127 33 2881
10130 3 262
10132 23 2009
10134 11 961
10136 60 5243
10137 23 2010
10140 12 1049
10141 33 2885
10142 30 2623
10144 20 1749
10146 15 1312
10147 23 2012
10148 60 5249
10151 33 2888
10155 11 963
10157 23 2014
10161 5 438
10162 33 2891
10165 30 2629
10167 20 1753
10169 3 263
10171 60 5261
10172 23 2017
10175 60 5263
10176 11 965
10177 15 1316
10182 23 2019
10186 60 5269
10190 33 2899
10192 15 1318
10196 10 879
10197 11 967
10200 15 1319
10202 20 1759
10204 30 2639
10206 60 5279
10207 1 88
10211 33 2905
10213 23 2025
10215 33 2906
10217 12 1057
10218 23 2026
10221 60 5287
10222 33 2908
10223 23 2027
10225 20 1763
10227 6 529
10228 23 2028
10229 11 970
10231 5 441
10232 33 2911
10233 60 5293
10235 30 2647
10236 33 2912
10238 23 2030
10242 10 883
10243 33 2914
10246 3 265
10248 23 2032
10250 11 972
10252 60 5303
10253 23 2033
10256 12 1061
10257 33 2918
10258 30 2653
10260 20 1769
10262 15 1327
10263 23 2035
10264 60 5309
10267 33 2921
10271 11 974
10273 23 2037
10277 5 443
10278 33 2924
10281 30 2659
10283 20 1773
10285 3 266
10287 60 5321
10288 23 2040
10291 60 5323
10292 11 976
10293 15 1331
10298 23 2042
10302 60 5329
10306 33 2932
10308 15 1333
10312 10 889
10313 11 978
10316 15 1334
10318 20 1779
10320 30 2669
10322 60 5339
10323 1 89
10327 33 2938
10329 23 2048
10331 33 2939
10333 12 1069
10334 23 2049
10337 60 5347
10338 33 2941
10339 23 2050
10341 20 1783
10343 6 535
10344 23 2051
10345 11 981
10347 5 446
10348 33 2944
10349 60 5353
10351 30 2677
10352 33 2945
10354 23 2053
10358 10 893
10359 33 2947
10362 3 268
10364 23 2055
10366 11 983
10368 60 5363
10369 23 2056
10372 12 1073
10373 33 2951
10374 30 2683
10376 20 1789
10378 15 1342
10379 23 2058
10380 60 5369
10383 33 2954
10387 11 985
10389 23 2060
10393 5 448
10394 33 2957
10397 30 2689
10399 20 1793
10401 3 269
10403 60 5381
10404 23 2063
10407 60 5383
10408 11 987
10409 15 1346
10414 23 2065
10418 60 5389
10422 33 2965
10424 15 1348
10428 10 899
10429 11 989
10432 15 1349
10434 20 1799
10436 30 2699
10438 60 5399
10439 1 90
10443 33 2971
10445 23 2071
10447 33 2972
10449 12 1081
10450 23 2072
10453 60 5407
10454 33 2974
10455 23 2073
10457 20 1803
10459 6 541
10460 23 2074
10461 11 992
10463 5 451
10464 33 2977
10465 60 5413
10467 30 2707
10468 33 2978
10470 23 2076
10474 10 903
10475 33 2980
10478 3 271
10480 23 2078
10482 11 994
10484 60 5423
10485 23 2079
10488 12 1085
10489 33 2984
10490 30 2713
10492 20 1809
10494 15 1357
10495 23 2081
10496 60 5429
10499 33 2987
10503 11 996
10505 23 2083
10509 5 453
10510 33 2990
10513 30 2719
10515 20 1813
10517 3 272
10519 60 5441
10520 23 2086
10523 60 5443
10524 11 998
10525 15 1361
10530 23 2088
10534 60 5449
10538 33 2998
10540 15 1363
10544 10 909
10545 11 1000
10548 15 1364
10550 20 1819
10552 30 2729
10554 60 5459
10555 1 91
10559 33 3004
10561 23 2094
10563 33 3005
10565 12 1093
10566 23 2095
10569 60 5467
10570 33 3007
10571 23 2096
10573 20 1823
10575 6 547
10576 23 2097
10577 11 1003
10579 5 456
10580 33 3010
10581 60 5473
10583 30 2737
10584 33 3011
10586 23 2099
10590 10 913
10591 33 3013
10594 3 274
10596 23 2101
10598 11 1005
10600 60 5483
10601 23 2102
10604 12 1097
10605 33 3017
10606 30 2743
10608 20 1829
10610 15 1372
10611 23 2104
10612 60 5489
10615 33 3020
10619 11 1007
10621 23 2106
10625 5 458
10626 33 3023
10629 30 2749
10631 20 1833
10633 3 275
10635 60 5501
10636 23 2109
10639 60 5503
10640 11 1009
10641 15 1376
10646 23 2111
10650 60 5509
10654 33 3031
10656 15 1378
10660 10 919
10661 11 1011
10664 15 1379
10666 20 1839
10668 30 2759
10670 60 5519
10671 1 92
10675 33 3037
10677 23 2117
10679 33 3038
10681 12 1105
10682 23 2118
10685 60 5527
10686 33 3040
10687 23 2119
10689 20 1843
10691 6 553
10692 23 2120
10693 11 1014
10695 5 461
10696 33 3043
10697 60 5533
10699 30 2767
10700 33 3044
10702 23 2122
10706 10 923
10707 33 3046
10710 3 277
10712 23 2124
10714 11 1016
10716 60 5543
10717 23 2125
10720 12 1109
10721 33 3050
10722 30 2773
10724 20 1849
10726 15 1387
10727 23 2127
10728 60 5549
10731 33 3053
10735 11 1018
10737 23 2129
10741 5 463
10742 33 3056
10745 30 2779
10747 20 1853
10749 3 278
10751 60 5561
10752 23 2132
10755 60 5563
10756 11 1020
10757 15 1391
10762 23 2134
10766 60 5569
10770 33 3064
10772 15 1393
10776 10 929
10777 11 1022
10780 15 1394
10782 20 1859
10784 30 2789
10786 60 5579
10787 1 93
10791 33 3070
10793 23 2140
10795 33 3071
10797 12 1117
10798 23 2141
10801 60 5587
10802 33 3073
10803 23 2142
10805 20 1863
10807 6 559
10808 23 2143
10809 11 1025
10811 5 466
10812 33 3076
10813 60 5593
10815 30 2797
10816 33 3077
10818 23 2145
10822 10 933
10823 33 3079
10826 3 280
10828 23 2147
10830 11 1027
10832 60 5603
10833 23 2148
10836 12 1121
10837 33 3083
10838 30 2803
10840 20 1869
10842 15 1402
10843 23 2150
10844 60 5609
10847 33 3086
10851 11 1029
10853 23 2152
10857 5 468
10858 33 3089
10861 30 2809
10863 20 1873
10865 3 281
10867 60 5621
10868 23 2155
10871 60 5623
10872 11 1031
10873 15 1406
10878 23 2157
10882 60 5629
10886 33 3097
10888 15 1408
10892 10 939
10893 11 1033
10896 15 1409
10898 20 1879
10900 30 2819
10902 60 5639
10903 1 94
10907 33 3103
10909 23 2163
10911 33 3104
10913 12 1129
10914 23 2164
10917 60 5647
10918 33 3106
10919 23 2165
10921 20 1883
10923 6 565
10924 23 2166
10925 11 1036
10927 5 471
10928 33 3109
10929 60 5653
10931 30 2827
10932 33 3110
10934 23 2168
10938 10 943
10939 33 3112
10942 3 283
10944 23 2170
10946 11 1038
10948 60 5663
10949 23 2171
10952 12 1133
10953 33 3116
10954 30 2833
10956 20 1889
10958 15 1417
10959 23 2173
10960 60 5669
10963 33 3119
10967 11 1040
10969 23 2175
10973 5 473
10974 33 3122
10977 30 2839
10979 20 1893
10981 3 284
10983 60 5681
10984 23 2178
10987 60 5683
10988 11 1042
10989 15 1421
10994 23 2180
10998 60 5689
11002 33 3130
11004 15 1423
11008 10 949
11009 11 1044
11012 15 1424
11014 20 1899
11016 30 2849
11018 60 5699
11019 1 95
11023 33 3136
11025 23 2186
11027 33 3137
11029 12 1141
11030 23 2187
11033 60 5707
11034 33 3139
11035 23 2188
11037 20 1903
11039 6 571
11040 23 2189
11041 11 1047
11043 5 476
11044 33 3142
11045 60 5713
11047 30 2857
11048 33 3143
11050 23 2191
11054 10 953
11055 33 3145
11058 3 286
11060 23 2193
11062 11 1049
11064 60 5723
11065 23 2194
11068 12 1145
11069 33 3149
11070 30 2863
11072 20 1909
11074 15 1432
11075 23 2196
11076 60 5729
11079 33 3152
11083 11 1051
11085 23 2198
11089 5 478
11090 33 3155
11093 30 2869
11095 20 1913
11097 3 287
11099 60 5741
11100 23 2201
11103 60 5743
11104 11 1053
11105 15 1436
11110 23 2203
11114 60 5749
11118 33 3163
11120 15 1438
11124 10 959
11125 11 1055
11128 15 1439
11130 20 1919
11132 30 2879
11134 60 5759
11135 1 96
11139 33 3169
11141 23 2209
11143 33 3170
11145 12 1153
11146 23 2210
11149 60 5767
11150 33 3172
11151 23 2211
11153 20 1923
11155 6 577
11156 23 2212
11157 11 1058
11159 5 481
11160 33 3175
11161 60 5773
11163 30 2887
11164 33 3176
11166 23 2214
11170 10 963
11171 33 3178
11174 3 289
11176 23 2216
11178 11 1060
11180 60 5783
11181 23 2217
11184 12 1157
11185 33 3182
11186 30 2893
11188 20 1929
11190 15 1447
11191 23 2219
11192 60 5789
11195 33 3185
11199 11 1062
11201 23 2221
11205 5 483
11206 33 3188
11209 30 2899
11211 20 1933
11213 3 290
11215 60 5801
11216 23 2224
11219 60 5803
11220 11 1064
11221 15 1451
11226 23 2226
11230 60 5809
11234 33 3196
11236 15 1453
11240 10 969
11241 11 1066
11244 15 1454
11246 20 1939
11248 30 2909
11250 60 5819
11251 1 97
11255 33 3202
11257 23 2232
11259 33 3203
11261 12 1165
11262 23 2233
11265 60 5827
11266 33 3205
11267 23 2234
11269 20 1943
11271 6 583
11272 23 2235
11273 11 1069
11275 5 486
11276 33 3208
11277 60 5833
11279 30 2917
11280 33 3209
11282 23 2237
11286 10 973
11287 33 3211
11290 3 292
11292 23 2239
11294 11 1071
11296 60 5843
11297 23 2240
11300 12 1169
11301 33 3215
11302 30 2923
11304 20 1949
11306 15 1462
11307 23 2242
11308 60 5849
11311 33 3218
11315 11 1073
11317 23 2244
11321 5 488
11322 33 3221
11325 30 2929
11327 20 1953
11329 3 293
11331 60 5861
11332 23 2247
11335 60 5863
11336 11 1075
11337 15 1466
11342 23 2249
11346 60 5869
11350 33 3229
11352 15 1468
11356 10 979
11357 11 1077
11360 15 1469
11362 20 1959
11364 30 2939
11366 60 5879
11367 1 98
11371 33 3235
11373 23 2255
11375 33 3236
11377 12 1177
11378 23 2256
11381 60 5887
11382 33 3238
11383 23 2257
11385 20 1963
11387 6 589
11388 23 2258
11389 11 1080
11391 5 491
11392 33 3241
11393 60 5893
11395 30 2947
11396 33 3242
11398 23 2260
11402 10 983
11403 33 3244
11406 3 295
11408 23 2262
11410 11 1082
11412 60 5903
11413 23 2263
11416 12 1181
11417 33 3248
11418 30 2953
11420 20 1969
11422 15 1477
11423 23 2265
11424 60 5909
11427 33 3251
11431 11 1084
11433 23 2267
11437 5 493
11438 33 3254
11441 30 2959
11443 20 1973
11445 3 296
11447 60 5921
11448 23 2270
11451 60 5923
11452 11 1086
11453 15 1481
11458 23 2272
11462 60 5929
11466 33 3262
11468 15 1483
11472 10 989
11473 11 1088
11476 15 1484
11478 20 1979
11480 30 2969
11482 60 5939
11483 1 99
11487 33 3268
11489 23 2278
11491 33 3269
11493 12 1189
11494 23 2279
11497 60 5947
11498 33 3271
11499 23 2280
11501 20 1983
11503 6 595
11504 23 2281
11505 11 1091
11507 5 496
11508 33 3274
11509 60 5953
11511 30 2977
11512 33 3275
11514 23 2283
11518 10 993
11519 33 3277
11522 3 298
11524 23 2285
11526 11 1093
11528 60 5963
11529 23 2286
11532 12 1193
11533 33 3281
11534 30 2983
11536 20 1989
11538 15 1492
11539 23 2288
11540 60 5969
11543 33 3284
11547 11 1095
11549 23 2290
11553 5 498
11554 33 3287
11557 30 2989
11559 20 1993
11561 3 299
11563 60 5981
11564 23 2293
11567 60 5983
11568 11 1097
11569 15 1496
11574 23 2295
11578 60 5989
11582 33 3295
11584 15 1498
11588 10 999
11589 11 1099
11592 15 1499
11594 20 1999
11596 30 2999
11598 60 5999
11599 1 100
11603 33 3301
11605 23 2301
11607 33 3302
11609 12 1201
11610 23 2302
11613 60 6007
11614 33 3304
11615 23 2303
11617 20 2003
11619 6 601
11620 23 2304
11621 11 1102
11623 5 501
11624 33 3307
11625 60 6013
11627 30 3007
11628 33 3308
11630 23 2306
11634 10 1003
11635 33 3310
11638 3 301
11640 23 2308
11642 11 1104
11644 60 6023
11645 23 2309
11648 12 1205
11649 33 3314
11650 30 3013
11652 20 2009
11654 15 1507
11655 23 2311
11656 60 6029
11659 33 3317
11663 11 1106
11665 23 2313
11669 5 503
11670 33 3320
11673 30 3019
11675 20 2013
11677 3 302
11679 60 6041
11680 23 2316
11683 60 6043
11684 11 1108
11685 15 1511
11690 23 2318
11694 60 6049
11698 33 3328
11700 15 1513
11704 10 1009
11705 11 1110
11708 15 1514
11710 20 2019
11712 30 3029
11714 60 6059
11715 1 101
11719 33 3334
11721 23 2324
11723 33 3335
11725 12 1213
11726 23 2325
11729 60 6067
11730 33 3337
11731 23 2326
11733 20 2023
11735 6 607
11736 23 2327
11737 11 1113
11739 5 506
11740 33 3340
11741 60 6073
11743 30 3037
11744 33 3341
11746 23 2329
11750 10 1013
11751 33 3343
11754 3 304
11756 23 2331
11758 11 1115
11760 60 6083
11761 23 2332
11764 12 1217
11765 33 3347
11766 30 3043
11768 20 2029
11770 15 1522
11771 23 2334
11772 60 6089
11775 33 3350
11779 11 1117
11781 23 2336
11785 5 508
11786 33 3353
11789 30 3049
11791 20 2033
11793 3 305
11795 60 6101
11796 23 2339
11799 60 6103
11800 11 1119
11801 15 1526
11806 23 2341
11810 60 6109
11814 33 3361
11816 15 1528
11820 10 1019
11821 11 1121
11824 15 1529
11826 20 2039
11828 30 3059
11830 60 6119
11831 1 102
11835 33 3367
11837 23 2347
11839 33 3368
11841 12 1225
11842 23 2348
11845 60 6127
11846 33 3370
11847 23 2349
11849 20 2043
11851 6 613
11852 23 2350
11853 11 1124
11855 5 511
11856 33 3373
11857 60 6133
11859 30 3067
11860 33 3374
11862 23 2352
11866 10 1023
11867 33 3376
11870 3 307
11872 23 2354
11874 11 1126
11876 60 6143
11877 23 2355
11880 12 1229
11881 33 3380
11882 30 3073
11884 20 2049
11886 15 1537
11887 23 2357
11888 60 6149
11891 33 3383
11895 11 1128
11897 23 2359
11901 5 513
11902 33 3386
11905 30 3079
11907 20 2053
11909 3 308
11911 60 6161
11912 23 2362
11915 60 6163
11916 11 1130
11917 15 1541
11922 23 2364
11926 60 6169
11930 33 3394
11932 15 1543
11936 10 1029
11937 11 1132
11940 15 1544
11942 20 2059
11944 30 3089
11946 60 6179
11947 1 103
11951 33 3400
11953 23 2370
11955 33 3401
11957 12 1237
11958 23 2371
11961 60 6187
11962 33 3403
11963 23 2372
11965 20 2063
11967 6 619
11968 23 2373
11969 11 1135
11971 5 516
11972 33 3406
11973 60 6193
11975 30 3097
11976 33 3407
11978 23 2375
11982 10 1033
11983 33 3409
11986 3 310
11988 23 2377
11990 11 1137
11992 60 6203
11993 23 2378
11996 12 1241
11997 33 3413
11998 30 3103
12000 20 2069
12002 15 1552
12003 23 2380
12004 60 6209
12007 33 3416
12011 11 1139
12013 23 2382
12017 5 518
12018 33 3419
12021 30 3109
12023 20 2073
12025 3 311
12027 60 6221
12028 23 2385
12031 60 6223
12032 11 1141
12033 15 1556
12038 23 2387
12042 60 6229
12046 33 3427
12048 15 1558
12052 10 1039
12053 11 1143
12056 15 1559
12058 20 2079
12060 30 3119
12062 60 6239
12063 1 104
12067 33 3433
12069 23 2393
12071 33 3434
12073 12 1249
12074 23 2394
12077 60 6247
12078 33 3436
12079 23 2395
12081 20 2083
12083 6 625
12084 23 2396
12085 11 1146
12087 5 521
12088 33 3439
12089 60 6253
12091 30 3127
12092 33 3440
12094 23 2398
12098 10 1043
12099 33 3442
12102 3 313
12104 23 2400
12106 11 1148
12108 60 6263
12109 23 2401
12112 12 1253
12113 33 3446
12114 30 3133
12116 20 2089
12118 15 1567
12119 23 2403
12120 60 6269
12123 33 3449
12127 11 1150
12129 23 2405
12133 5 523
12134 33 3452
12137 30 3139
12139 20 2093
12141 3 314
12143 60 6281
12144 23 2408
12147 60 6283
12148 11 1152
12149 15 1571
12154 23 2410
12158 60 6289
12162 33 3460
12164 15 1573
12168 10 1049
12169 11 1154
12172 15 1574
12174 20 2099
12176 30 3149
12178 60 6299
12179 1 105
12183 33 3466
12185 23 2416
12187 33 3467
12189 12 1261
12190 23 2417
12193 60 6307
12194 33 3469
12195 23 2418
12197 20 2103
12199 6 631
12200 23 2419
12201 11 1157
12203 5 526
12204 33 3472
12205 60 6313
12207 30 3157
12208 33 3473
12210 23 2421
12214 10 1053
12215 33 3475
12218 3 316
12220 23 2423
12222 11 1159
12224 60 6323
12225 23 2424
12228 12 1265
12229 33 3479
12230 30 3163
12232 20 2109
12234 15 1582
12235 23 2426
12236 60 6329
12239 33 3482
12243 11 1161
12245 23 2428
12249 5 528
12250 33 3485
12253 30 3169
12255 20 2113
12257 3 317
12259 60 6341
12260 23 2431
12263 60 6343
12264 11 1163
12265 15 1586
12270 23 2433
12274 60 6349
12278 33 3493
12280 15 1588
12284 10 1059
12285 11 1165
12288 15 1589
12290 20 2119
12292 30 3179
12294 60 6359
12295 1 106
12299 33 3499
12301 23 2439
12303 33 3500
12305 12 1273
12306 23 2440
12309 60 6367
12310 33 3502
12311 23 2441
12313 20 2123
12315 6 637
12316 23 2442
12317 11 1168
12319 5 531
12320 33 3505
12321 60 6373
12323 30 3187
12324 33 3506
12326 23 2444
12330 10 1063
12331 33 3508
12334 3 319
12336 23 2446
12338 11 1170
12340 60 6383
12341 23 2447
12344 12 1277
12345 33 3512
12346 30 3193
12348 20 2129
12350 15 1597
12351 23 2449
12352 60 6389
12355 33 3515
12359 11 1172
12361 23 2451
12365 5 533
12366 33 3518
12369 30 3199
12371 20 2133
12373 3 320
12375 60 6401
12376 23 2454
12379 60 6403
12380 11 1174
12381 15 1601
12386 23 2456
12390 60 6409
12394 33 3526
12396 15 1603
12400 10 1069
12401 11 1176
12404 15 1604
12406 20 2139
12408 30 3209
12410 60 6419
12411 1 107
12415 33 3532
12417 23 2462
12419 33 3533
12421 12 1285
12422 23 2463
12425 60 6427
12426 33 3535
12427 23 2464
12429 20 2143
12431 6 643
12432 23 2465
12433 11 1179
12435 5 536
12436 33 3538
12437 60 6433
12439 30 3217
12440 33 3539
12442 23 2467
12446 10 1073
12447 33 3541
12450 3 322
12452 23 2469
12454 11 1181
12456 60 6443
12457 23 2470
12460 12 1289
12461 33 3545
12462 30 3223
12464 20 2149
12466 15 1612
12467 23 2472
12468 60 6449
12471 33 3548
12475 11 1183
12477 23 2474
12481 5 538
12482 33 3551
12485 30 3229
12487 20 2153
12489 3 323
12491 60 6461
12492 23 2477
12495 60 6463
12496 11 1185
12497 15 1616
12502 23 2479
12506 60 6469
12510 33 3559
12512 15 1618
12516 10 1079
12517 11 1187
12520 15 1619
12522 20 2159
12524 30 3239
12526 60 6479
12527 1 108
12531 33 3565
12533 23 2485
12535 33 3566
12537 12 1297
12538 23 2486
12541 60 6487
12542 33 3568
12543 23 2487
12545 20 2163
12547 6 649
12548 23 2488
12549 11 1190
12551 5 541
12552 33 3571
12553 60 6493
12555 30 3247
12556 33 3572
12558 23 2490
12562 10 1083
12563 33 3574
12566 3 325
12568 23 2492
12570 11 1192
12572 60 6503
12573 23 2493
12576 12 1301
12577 33 3578
12578 30 3253
12580 20 2169
12582 15 1627
12583 23 2495
12584 60 6509
12587 33 3581
12591 11 1194
12593 23 2497
12597 5 543
12598 33 3584
12601 30 3259
12603 20 2173
12605 3 326
12607 60 6521
12608 23 2500
12611 60 6523
12612 11 1196
12613 15 1631
12618 23 2502
12622 60 6529
12626 33 3592
12628 15 1633
12632 10 1089
12633 11 1198
12636 15 1634
12638 20 2179
12640 30 3269
12642 60 6539
12643 1 109
12647 33 3598
12649 23 2508
12651 33 3599
12653 12 1309
12654 23 2509
12657 60 6547
12658 33 3601
12659 23 2510
12661 20 2183
12663 6 655
12664 23 2511
12665 11 1201
12667 5 546
12668 33 3604
12669 60 6553
12671 30 3277
12672 33 3605
12674 23 2513
12678 10 1093
12679 33 3607
12682 3 328
12684 23 2515
12686 11 1203
12688 60 6563
12689 23 2516
12692 12 1313
12693 33 3611
12694 30 3283
12696 20 2189
12698 15 1642
12699 23 2518
12700 60 6569
12703 33 3614
12707 11 1205
12709 23 2520
12713 5 548
12714 33 3617
12717 30 3289
12719 20 2193
12721 3 329
12723 60 6581
12724 23 2523
12727 60 6583
12728 11 1207
12729 15 1646
12734 23 2525
12738 60 6589
12742 33 3625
12744 15 1648
12748 10 1099
12749 11 1209
12752 15 1649
12754 20 2199
12756 30 3299
12758 60 6599
12759 1 110
12763 33 3631
12765 23 2531
12767 33 3632
12769 12 1321
12770 23 2532
12773 60 6607
12774 33 3634
12775 23 2533
12777 20 2203
12779 6 661
12780 23 2534
12781 11 1212
12783 5 551
12784 33 3637
12785 60 6613
12787 30 3307
12788 33 3638
12790 23 2536
12794 10 1103
12795 33 3640
12798 3 331
12800 23 2538
12802 11 1214
12804 60 6623
12805 23 2539
12808 12 1325
12809 33 3644
12810 30 3313
12812 20 2209
12814 15 1657
12815 23 2541
12816 60 6629
12819 33 3647
12823 11 1216
12825 23 2543
12829 5 553
12830 33 3650
12833 30 3319
12835 20 2213
12837 3 332
12839 60 6641
12840 23 2546
12843 60 6643
12844 11 1218
12845 15 1661
12850 23 2548
12854 60 6649
12858 33 3658
12860 15 1663
12864 10 1109
12865 11 1220
12868 15 1664
12870 20 2219
12872 30 3329
12874 60 6659
12875 1 111
12879 33 3664
12881 23 2554
12883 33 3665
12885 12 1333
12886 23 2555
12889 60 6667
12890 33 3667
12891 23 2556
12893 20 2223
12895 6 667
12896 23 2557
12897 11 1223
12899 5 556
12900 33 3670
12901 60 6673
12903 30 3337
12904 33 3671
12906 23 2559
12910 10 1113
12911 33 3673
12914 3 334
12916 23 2561
12918 11 1225
12920 60 6683
12921 23 2562
12924 12 1337
12925 33 3677
12926 30 3343
12928 20 2229
12930 15 1672
12931 23 2564
12932 60 6689
12935 33 3680
12939 11 1227
12941 23 2566
12945 5 558
12946 33 3683
12949 30 3349
12951 20 2233
12953 3 335
12955 60 6701
12956 23 2569
12959 60 6703
12960 11 1229
12961 15 1676
12966 23 2571
12970 60 6709
12974 33 3691
12976 15 1678
12980 10 1119
12981 11 1231
12984 15 1679
12986 20 2239
12988 30 3359
12990 60 6719
12991 1 112
12995 33 3697
12997 23 2577
12999 33 3698
13001 12 1345
13002 23 2578
13005 60 6727
13006 33 3700
13007 23 2579
13009 20 2243
13011 6 673
13012 23 2580
13013 11 1234
13015 5 561
13016 33 3703
13017 60 6733
13019 30 3367
13020 33 3704
13022 23 2582
13026 10 1123
13027 33 3706
13030 3 337
13032 23 2584
13034 11 1236
13036 60 6743
13037 23 2585
13040 12 1349
13041 33 3710
13042 30 3373
13044 20 2249
13046 15 1687
13047 23 2587
13048 60 6749
13051 33 3713
13055 11 1238
13057 23 2589
13061 5 563
13062 33 3716
13065 30 3379
13067 20 2253
13069 3 338
13071 60 6761
13072 23 2592
13075 60 6763
13076 11 1240
13077 15 1691
13082 23 2594
13086 60 6769
13090 33 3724
13092 15 1693
13096 10 1129
13097 11 1242
13100 15 1694
13102 20 2259
13104 30 3389
13106 60 6779
13107 1 113
13111 33 3730
13113 23 2600
13115 33 3731
13117 12 1357
13118 23 2601
13121 60 6787
13122 33 3733
13123 23 2602
13125 20 2263
13127 6 679
13128 23 2603
13129 11 1245
13131 5 566
13132 33 3736
13133 60 6793
13135 30 3397
13136 33 3737
13138 23 2605
13142 10 1133
13143 33 3739
13146 3 340
13148 23 2607
13150 11 1247
13152 60 6803
13153 23 2608
13156 12 1361
13157 33 3743
13158 30 3403
13160 20 2269
13162 15 1702
13163 23 2610
13164 60 6809
13167 33 3746
13171 11 1249
13173 23 2612
13177 5 568
13178 33 3749
13181 30 3409
13183 20 2273
13185 3 341
13187 60 6821
13188 23 2615
13191 60 6823
13192 11 1251
13193 15 1706
13198 23 2617
13202 60 6829
13206 33 3757
13208 15 1708
13212 10 1139
13213 11 1253
13216 15 1709
13218 20 2279
13220 30 3419
13222 60 6839
13223 1 114
13227 33 3763
13229 23 2623
13231 33 3764
13233 12 1369
13234 23 2624
13237 60 6847
13238 33 3766
13239 23 2625
13241 20 2283
13243 6 685
13244 23 2626
13245 11 1256
13247 5 571
13248 33 3769
13249 60 6853
13251 30 3427
13252 33 3770
13254 23 2628
13258 10 1143
13259 33 3772
13262 3 343
13264 23 2630
13266 11 1258
13268 60 6863
13269 23 2631
13272 12 1373
13273 33 3776
13274 30 3433
13276 20 2289
13278 15 1717
13279 23 2633
13280 60 6869
13283 33 3779
13287 11 1260
13289 23 2635
13293 5 573
13294 33 3782
13297 30 3439
13299 20 2293
13301 3 344
13303 60 6881
13304 23 2638
13307 60 6883
13308 11 1262
13309 15 1721
13314 23 2640
13318 60 6889
13322 33 3790
13324 15 1723
13328 10 1149
13329 11 1264
13332 15 1724
13334 20 2299
13336 30 3449
13338 60 6899
13339 1 115
13343 33 3796
13345 23 2646
13347 33 3797
13349 12 1381
13350 23 2647
13353 60 6907
13354 33 3799
13355 23 2648
13357 20 2303
13359 6 691
13360 23 2649
13361 11 1267
13363 5 576
13364 33 3802
13365 60 6913
13367 30 3457
13368 33 3803
13370 23 2651
13374 10 1153
13375 33 3805
13378 3 346
13380 23 2653
13382 11 1269
13384 60 6923
13385 23 2654
13388 12 1385
13389 33 3809
13390 30 3463
13392 20 2309
13394 15 1732
13395 23 2656
13396 60 6929
13399 33 3812
13403 11 1271
13405 23 2658
13409 5 578
13410 33 3815
13413 30 3469
13415 20 2313
13417 3 347
13419 60 6941
13420 23 2661
13423 60 6943
13424 11 1273
13425 15 1736
13430 23 2663
13434 60 6949
13438 33 3823
13440 15 1738
13444 10 1159
13445 11 1275
13448 15 1739
13450 20 2319
13452 30 3479
13454 60 6959
13455 1 116
13459 33 3829
13461 23 2669
13463 33 3830
13465 12 1393
13466 23 2670
13469 60 6967
13470 33 3832
13471 23 2671
13473 20 2323
13475 6 697
13476 23 2672
13477 11 1278
13479 5 581
13480 33 3835
13481 60 6973
13483 30 3487
13484 33 3836
13486 23 2674
13490 10 1163
13491 33 3838
13494 3 349
13496 23 2676
13498 11 1280
13500 60 6983
13501 23 2677
13504 12 1397
13505 33 3842
13506 30 3493
13508 20 2329
13510 15 1747
13511 23 2679
13512 60 6989
13515 33 3845
13519 11 1282
13521 23 2681
13525 5 583
13526 33 3848
13529 30 3499
13531 20 2333
13533 3 350
13535 60 7001
13536 23 2684
13539 60 7003
13540 11 1284
13541 15 1751
13546 23 2686
13550 60 7009
13554 33 3856
13556 15 1753
13560 10 1169
13561 11 1286
13564 15 1754
13566 20 2339
13568 30 3509
13570 60 7019
13571 1 117
13575 33 3862
13577 23 2692
13579 33 3863
13581 12 1405
13582 23 2693
13585 60 7027
13586 33 3865
13587 23 2694
13589 20 2343
13591 6 703
13592 23 2695
13593 11 1289
13595 5 586
13596 33 3868
13597 60 7033
13599 30 3517
13600 33 3869
13602 23 2697
13606 10 1173
13607 33 3871
13610 3 352
13612 23 2699
13614 11 1291
13616 60 7043
13617 23 2700
13620 12 1409
13621 33 3875
13622 30 3523
13624 20 2349
13626 15 1762
13627 23 2702
13628 60 7049
13631 33 3878
13635 11 1293
13637 23 2704
13641 5 588
13642 33 3881
13645 30 3529
13647 20 2353
13649 3 353
13651 60 7061
13652 23 2707
13655 60 7063
13656 11 1295
13657 15 1766
13662 23 2709
13666 60 7069
13670 33 3889
13672 15 1768
13676 10 1179
13677 11 1297
13680 15 1769
13682 20 2359
13684 30 3539
13686 60 7079
13687 1 118
13691 33 3895
13693 23 2715
13695 33 3896
13697 12 1417
13698 23 2716
13701 60 7087
13702 33 3898
13703 23 2717
13705 20 2363
13707 6 709
13708 23 2718
13709 11 1300
13711 5 591
13712 33 3901
13713 60 7093
13715 30 3547
13716 33 3902
13718 23 2720
13722 10 1183
13723 33 3904
13726 3 355
13728 23 2722
13730 11 1302
13732 60 7103
13733 23 2723
13736 12 1421
13737 33 3908
13738 30 3553
13740 20 2369
13742 15 1777
13743 23 2725
13744 60 7109
13747 33 3911
13751 11 1304
13753 23 2727
13757 5 593
13758 33 3914
13761 30 3559
13763 20 2373
13765 3 356
13767 60 7121
13768 23 2730
13771 60 7123
13772 11 1306
13773 15 1781
13778 23 2732
13782 60 7129
13786 33 3922
13788 15 1783
13792 10 1189
13793 11 1308
13796 15 1784
13798 20 2379
13800 30 3569
13802 60 7139
13803 1 119
13807 33 3928
13809 23 2738
13811 33 3929
13813 12 1429
13814 23 2739
13817 60 7147
13818 33 3931
13819 23 2740
13821 20 2383
13823 6 715
13824 23 2741
13825 11 1311
13827 5 596
13828 33 3934
13829 60 7153
13831 30 3577
13832 33 3935
13834 23 2743
13838 10 1193
13839 33 3937
13842 3 358
13844 23 2745
13846 11 1313
13848 60 7163
13849 23 2746
13852 12 1433
13853 33 3941
13854 30 3583
13856 20 2389
13858 15 1792
13859 23 2748
13860 60 7169
13863 33 3944
13867 11 1315
13869 23 2750
13873 5 598
13874 33 3947
13877 30 3589
13879 20 2393
13881 3 359
13883 60 7181
13884 23 2753
13887 60 7183
13888 11 1317
13889 15 1796
13894 23 2755
13898 60 7189
13902 33 3955
13904 15 1798
13908 10 1199
13909 11 1319
13912 15 1799
13914 20 2399
13916 30 3599
13918 60 7199
13919 1 120
13923 33 3961
13925 23 2761
13927 33 3962
13929 12 1441
13930 23 2762
13933 60 7207
13934 33 3964
13935 23 2763
13937 20 2403
13939 6 721
13940 23 2764
13941 11 1322
13943 5 601
13944 33 3967
13945 60 7213
13947 30 3607
13948 33 3968
13950 23 2766
13954 10 1203
13955 33 3970
13958 3 361
13960 23 2768
13962 11 1324
13964 60 7223
13965 23 2769
13968 12 1445
13969 33 3974
13970 30 3613
13972 20 2409
13974 15 1807
13975 23 2771
13976 60 7229
13979 33 3977
13983 11 1326
13985 23 2773
13989 5 603
13990 33 3980
13993 30 3619
13995 20 2413
13997 3 362
13999 60 7241
14000 23 2776
14003 60 7243
14004 11 1328
14005 15 1811
14010 23 2778
14014 60 7249
14018 33 3988
14020 15 1813
14024 10 1209
14025 11 1330
14028 15 1814
14030 20 2419
14032 30 3629
14034 60 7259
14035 1 121
14039 33 3994
14041 23 2784
14043 33 3995
14045 12 1453
14046 23 2785
14049 60 7267
14050 33 3997
14051 23 2786
14053 20 2423
14055 6 727
14056 23 2787
14057 11 1333
14059 5 606
14060 33 4000
14061 60 7273
14063 30 3637
14064 33 4001
14066 23 2789
14070 10 1213
14071 33 4003
14074 3 364
14076 23 2791
14078 11 1335
14080 60 7283
14081 23 2792
14084 12 1457
14085 33 4007
14086 30 3643
14088 20 2429
14090 15 1822
14091 23 2794
14092 60 7289
14095 33 4010
14099 11 1337
14101 23 2796
14105 5 608
14106 33 4013
14109 30 3649
14111 20 2433
14113 3 365
14115 60 7301
14116 23 2799
14119 60 7303
14120 11 1339
14121 15 1826
14126 23 2801
14130 60 7309
14134 33 4021
14136 15 1828
14140 10 1219
14141 11 1341
14144 15 1829
14146 20 2439
14148 30 3659
14150 60 7319
14151 1 122
14155 33 4027
14157 23 2807
14159 33 4028
14161 12 1465
14162 23 2808
14165 60 7327
14166 33 4030
14167 23 2809
14169 20 2443
14171 6 733
14172 23 2810
14173 11 1344
14175 5 611
14176 33 4033
14177 60 7333
14179 30 3667
14180 33 4034
14182 23 2812
14186 10 1223
14187 33 4036
14190 3 367
14192 23 2814
14194 11 1346
14196 60 7343
14197 23 2815
14200 12 1469
14201 33 4040
14202 30 3673
14204 20 2449
14206 15 1837
14207 23 2817
14208 60 7349
14211 33 4043
14215 11 1348
14217 23 2819
14221 5 613
14222 33 4046
14225 30 3679
14227 20 2453
14229 3 368
14231 60 7361
14232 23 2822
14235 60 7363
14236 11 1350
14237 15 1841
14242 23 2824
14246 60 7369
14250 33 4054
14252 15 1843
14256 10 1229
14257 11 1352
14260 15 1844
14262 20 2459
14264 30 3689
14266 60 7379
14267 1 123
14271 33 4060
14273 23 2830
14275 33 4061
14277 12 1477
14278 23 2831
14281 60 7387
14282 33 4063
14283 23 2832
14285 20 2463
14287 6 739
14288 23 2833
14289 11 1355
14291 5 616
14292 33 4066
14293 60 7393
14295 30 3697
14296 33 4067
14298 23 2835
14302 10 1233
14303 33 4069
14306 3 370
14308 23 2837
14310 11 1357
14312 60 7403
14313 23 2838
14316 12 1481
14317 33 4073
14318 30 3703
14320 20 2469
14322 15 1852
14323 23 2840
14324 60 7409
14327 33 4076
14331 11 1359
14333 23 2842
14337 5 618
14338 33 4079
14341 30 3709
14343 20 2473
14345 3 371
14347 60 7421
14348 23 2845
14351 60 7423
14352 11 1361
14353 15 1856
14358 23 2847
14362 60 7429
14366 33 4087
14368 15 1858
14372 10 1239
14373 11 1363
14376 15 1859
14378 20 2479
14380 30 3719
14382 60 7439
14383 1 124
14387 33 4093
14389 23 2853
14391 33 4094
14393 12 1489
14394 23 2854
14397 60 7447
14398 33 4096
14399 23 2855
14401 20 2483
14403 6 745
14404 23 2856
14405 11 1366
14407 5 621
14408 33 4099
14409 60 7453
14411 30 3727
14412 33 4100
14414 23 2858
14418 10 1243
14419 33 4102
14422 3 373
14424 23 2860
14426 11 1368
14428 60 7463
14429 23 2861
14432 12 1493
14433 33 4106
14434 30 3733
14436 20 2489
14438 15 1867
14439 23 2863
14440 60 7469
14443 33 4109
14447 11 1370
14449 23 2865
14453 5 623
14454 33 4112
14457 30 3739
14459 20 2493
14461 3 374
14463 60 7481
14464 23 2868
14467 60 7483
14468 11 1372
14469 15 1871
14474 23 2870
14478 60 7489
14482 33 4120
14484 15 1873
14488 10 1249
14489 11 1374
14492 15 1874
14494 20 2499
14496 30 3749
14498 60 7499
14499 1 125
14503 33 4126
14505 23 2876
14507 33 4127
14509 12 1501
14510 23 2877
14513 60 7507
14514 33 4129
14515 23 2878
14517 20 2503
14519 6 751
14520 23 2879
14521 11 1377
14523 5 626
14524 33 4132
14525 60 7513
14527 30 3757
14528 33 4133
14530 23 2881
14534 10 1253
14535 33 4135
14538 3 376
14540 23 2883
14542 11 1379
14544 60 7523
14545 23 2884
14548 12 1505
14549 33 4139
14550 30 3763
14552 20 2509
14554 15 1882
14555 23 2886
14556 60 7529
14559 33 4142
14563 11 1381
14565 23 2888
14569 5 628
14570 33 4145
14573 30 3769
14575 20 2513
14577 3 377
14579 60 7541
14580 23 2891
14583 60 7543
14584 11 1383
14585 15 1886
14590 23 2893
14594 60 7549
14598 33 4153
14600 15 1888
14604 10 1259
14605 11 1385
14608 15 1889
14610 20 2519
14612 30 3779
14614 60 7559
14615 1 126
14619 33 4159
14621 23 2899
14623 33 4160
14625 12 1513
14626 23 2900
14629 60 7567
14630 33 4162
14631 23 2901
14633 20 2523
14635 6 757
14636 23 2902
14637 11 1388
14639 5 631
14640 33 4165
14641 60 7573
14643 30 3787
14644 33 4166
14646 23 2904
14650 10 1263
14651 33 4168
14654 3 379
14656 23 2906
14658 11 1390
14660 60 7583
14661 23 2907
14664 12 1517
14665 33 4172
14666 30 3793
14668 20 2529
14670 15 1897
14671 23 2909
14672 60 7589
14675 33 4175
14679 11 1392
14681 23 2911
14685 5 633
14686 33 4178
14689 30 3799
14691 20 2533
14693 3 380
14695 60 7601
14696 23 2914
14699 60 7603
14700 11 1394
14701 15 1901
14706 23 2916
14710 60 7609
14714 33 4186
14716 15 1903
14720 10 1269
14721 11 1396
14724 15 1904
14726 20 2539
14728 30 3809
14730 60 7619
14731 1 127
14735 33 4192
14737 23 2922
14739 33 4193
14741 12 1525
14742 23 2923
14745 60 7627
14746 33 4195
14747 23 2924
14749 20 2543
14751 6 763
14752 23 2925
14753 11 1399
14755 5 636
14756 33 4198
14757 60 7633
14759 30 3817
14760 33 4199
14762 23 2927
14766 10 1273
14767 33 4201
14770 3 382
14772 23 2929
14774 11 1401
14776 60 7643
14777 23 2930
14780 12 1529
14781 33 4205
14782 30 3823
14784 20 2549
14786 15 1912
14787 23 2932
14788 60 7649
14791 33 4208
14795 11 1403
14797 23 2934
14801 5 638
14802 33 4211
14805 30 3829
14807 20 2553
14809 3 383
14811 60 7661
14812 23 2937
14815 60 7663
14816 11 1405
14817 15 1916
14822 23 2939
14826 60 7669
14830 33 4219
14832 15 1918
14836 10 1279
14837 11 1407
14840 15 1919
14842 20 2559
14844 30 3839
14846 60 7679
14847 1 128
14851 33 4225
14853 23 2945
14855 33 4226
14857 12 1537
14858 23 2946
14861 60 7687
14862 33 4228
14863 23 2947
14865 20 2563
14867 6 769
14868 23 2948
14869 11 1410
14871 5 641
14872 33 4231
14873 60 7693
14875 30 3847
14876 33 4232
14878 23 2950
14882 10 1283
14883 33 4234
14886 3 385
14888 23 2952
14890 11 1412
14892 60 7703
14893 23 2953
14896 12 1541
14897 33 4238
14898 30 3853
14900 20 2569
14902 15 1927
14903 23 2955
14904 60 7709
14907 33 4241
14911 11 1414
14913 23 2957
14917 5 643
14918 33 4244
14921 30 3859
14923 20 2573
14925 3 386
14927 60 7721
14928 23 2960
14931 60 7723
14932 11 1416
14933 15 1931
14938 23 2962
14942 60 7729
14946 33 4252
14948 15 1933
14952 10 1289
14953 11 1418
14956 15 1934
14958 20 2579
14960 30 3869
14962 60 7739
14963 1 129
