3096 60 100000000 511 125
4 41 3
5 41 4
10 41 7
11 41 8
13 41 9
16 41 11
17 41 12
19 41 13
23 41 16
26 41 18
29 41 20
32 41 22
33 9 5
35 41 24
38 41 26
39 41 27
45 41 31
46 9 7
51 41 35
52 41 36
53 9 8
57 41 39
58 41 40
59 1 1
64 41 44
65 41 45
70 41 48
71 41 49
73 41 50
76 41 52
77 41 53
79 41 54
83 41 57
86 41 59
89 41 61
92 41 63
93 9 14
95 41 65
98 41 67
99 41 68
105 41 72
106 9 16
111 41 76
112 41 77
113 9 17
117 41 80
118 41 81
119 1 2
124 41 85
125 41 86
130 41 89
131 41 90
133 41 91
136 41 93
137 41 94
139 41 95
143 41 98
146 41 100
149 41 102
152 41 104
153 9 23
155 41 106
158 41 108
159 41 109
165 41 113
166 9 25
171 41 117
172 41 118
173 9 26
177 41 121
178 41 122
179 1 3
184 41 126
185 41 127
190 41 130
191 41 131
193 41 132
196 41 134
197 41 135
199 41 136
203 41 139
206 41 141
209 41 143
212 41 145
213 9 32
215 41 147
218 41 149
219 41 150
225 41 154
226 9 34
231 41 158
232 41 159
233 9 35
237 41 162
238 41 163
239 1 4
244 41 167
245 41 168
250 41 171
251 41 172
253 41 173
256 41 175
257 41 176
259 41 177
263 41 180
266 41 182
269 41 184
272 41 186
273 9 41
275 41 188
278 41 190
279 41 191
285 41 195
286 9 43
291 41 199
292 41 200
293 9 44
297 41 203
298 41 204
299 1 5
304 41 208
305 41 209
310 41 212
311 41 213
313 41 214
316 41 216
317 41 217
319 41 218
323 41 221
326 41 223
329 41 225
332 41 227
333 9 50
335 41 229
338 41 231
339 41 232
345 41 236
346 9 52
351 41 240
352 41 241
353 9 53
357 41 244
358 41 245
359 1 6
364 41 249
365 41 250
370 41 253
371 41 254
373 41 255
376 41 257
377 41 258
379 41 259
383 41 262
386 41 264
389 41 266
392 41 268
393 9 59
395 41 270
398 41 272
399 41 273
405 41 277
406 9 61
411 41 281
412 41 282
413 9 62
417 41 285
418 41 286
419 1 7
424 41 290
425 41 291
430 41 294
431 41 295
433 41 296
436 41 298
437 41 299
439 41 300
443 41 303
446 41 305
449 41 307
452 41 309
453 9 68
455 41 311
458 41 313
459 41 314
465 41 318
466 9 70
471 41 322
472 41 323
473 9 71
477 41 326
478 41 327
479 1 8
484 41 331
485 41 332
490 41 335
491 41 336
493 41 337
496 41 339
497 41 340
499 41 341
503 41 344
506 41 346
509 41 348
512 41 350
513 9 77
515 41 352
518 41 354
519 41 355
525 41 359
526 9 79
531 41 363
532 41 364
533 9 80
537 41 367
538 41 368
539 1 9
544 41 372
545 41 373
550 41 376
551 41 377
553 41 378
556 41 380
557 41 381
559 41 382
563 41 385
566 41 387
569 41 389
572 41 391
573 9 86
575 41 393
578 41 395
579 41 396
585 41 400
586 9 88
591 41 404
592 41 405
593 9 89
597 41 408
598 41 409
599 1 10
604 41 413
605 41 414
610 41 417
611 41 418
613 41 419
616 41 421
617 41 422
619 41 423
623 41 426
626 41 428
629 41 430
632 41 432
633 9 95
635 41 434
638 41 436
639 41 437
645 41 441
646 9 97
651 41 445
652 41 446
653 9 98
657 41 449
658 41 450
659 1 11
664 41 454
665 41 455
670 41 458
671 41 459
673 41 460
676 41 462
677 41 463
679 41 464
683 41 467
686 41 469
689 41 471
692 41 473
693 9 104
695 41 475
698 41 477
699 41 478
705 41 482
706 9 106
711 41 486
712 41 487
713 9 107
717 41 490
718 41 491
719 1 12
724 41 495
725 41 496
730 41 499
731 41 500
733 41 501
736 41 503
737 41 504
739 41 505
743 41 508
746 41 510
749 41 512
752 41 514
753 9 113
755 41 516
758 41 518
759 41 519
765 41 523
766 9 115
771 41 527
772 41 528
773 9 116
777 41 531
778 41 532
779 1 13
784 41 536
785 41 537
790 41 540
791 41 541
793 41 542
796 41 544
797 41 545
799 41 546
803 41 549
806 41 551
809 41 553
812 41 555
813 9 122
815 41 557
818 41 559
819 41 560
825 41 564
826 9 124
831 41 568
832 41 569
833 9 125
837 41 572
838 41 573
839 1 14
844 41 577
845 41 578
850 41 581
851 41 582
853 41 583
856 41 585
857 41 586
859 41 587
863 41 590
866 41 592
869 41 594
872 41 596
873 9 131
875 41 598
878 41 600
879 41 601
885 41 605
886 9 133
891 41 609
892 41 610
893 9 134
897 41 613
898 41 614
899 1 15
904 41 618
905 41 619
910 41 622
911 41 623
913 41 624
916 41 626
917 41 627
919 41 628
923 41 631
926 41 633
929 41 635
932 41 637
933 9 140
935 41 639
938 41 641
939 41 642
945 41 646
946 9 142
951 41 650
952 41 651
953 9 143
957 41 654
958 41 655
959 1 16
964 41 659
965 41 660
970 41 663
971 41 664
973 41 665
976 41 667
977 41 668
979 41 669
983 41 672
986 41 674
989 41 676
992 41 678
993 9 149
995 41 680
998 41 682
999 41 683
1005 41 687
1006 9 151
1011 41 691
1012 41 692
1013 9 152
1017 41 695
1018 41 696
1019 1 17
1024 41 700
1025 41 701
1030 41 704
1031 41 705
1033 41 706
1036 41 708
1037 41 709
1039 41 710
1043 41 713
1046 41 715
1049 41 717
1052 41 719
1053 9 158
1055 41 721
1058 41 723
1059 41 724
1065 41 728
1066 9 160
1071 41 732
1072 41 733
1073 9 161
1077 41 736
1078 41 737
1079 1 18
1084 41 741
1085 41 742
1090 41 745
1091 41 746
1093 41 747
1096 41 749
1097 41 750
1099 41 751
1103 41 754
1106 41 756
1109 41 758
1112 41 760
1113 9 167
1115 41 762
1118 41 764
1119 41 765
1125 41 769
1126 9 169
1131 41 773
1132 41 774
1133 9 170
1137 41 777
1138 41 778
1139 1 19
1144 41 782
1145 41 783
1150 41 786
1151 41 787
1153 41 788
1156 41 790
1157 41 791
1159 41 792
1163 41 795
1166 41 797
1169 41 799
1172 41 801
1173 9 176
1175 41 803
1178 41 805
1179 41 806
1185 41 810
1186 9 178
1191 41 814
1192 41 815
1193 9 179
1197 41 818
1198 41 819
1199 1 20
1204 41 823
1205 41 824
1210 41 827
1211 41 828
1213 41 829
1216 41 831
1217 41 832
1219 41 833
1223 41 836
1226 41 838
1229 41 840
1232 41 842
1233 9 185
1235 41 844
1238 41 846
1239 41 847
1245 41 851
1246 9 187
1251 41 855
1252 41 856
1253 9 188
1257 41 859
1258 41 860
1259 1 21
1264 41 864
1265 41 865
1270 41 868
1271 41 869
1273 41 870
1276 41 872
1277 41 873
1279 41 874
1283 41 877
1286 41 879
1289 41 881
1292 41 883
1293 9 194
1295 41 885
1298 41 887
1299 41 888
1305 41 892
1306 9 196
1311 41 896
1312 41 897
1313 9 197
1317 41 900
1318 41 901
1319 1 22
1324 41 905
1325 41 906
1330 41 909
1331 41 910
1333 41 911
1336 41 913
1337 41 914
1339 41 915
1343 41 918
1346 41 920
1349 41 922
1352 41 924
1353 9 203
1355 41 926
1358 41 928
1359 41 929
1365 41 933
1366 9 205
1371 41 937
1372 41 938
1373 9 206
1377 41 941
1378 41 942
1379 1 23
1384 41 946
1385 41 947
1390 41 950
1391 41 951
1393 41 952
1396 41 954
1397 41 955
1399 41 956
1403 41 959
1406 41 961
1409 41 963
1412 41 965
1413 9 212
1415 41 967
1418 41 969
1419 41 970
1425 41 974
1426 9 214
1431 41 978
1432 41 979
1433 9 215
1437 41 982
1438 41 983
1439 1 24
1444 41 987
1445 41 988
1450 41 991
1451 41 992
1453 41 993
1456 41 995
1457 41 996
1459 41 997
1463 41 1000
1466 41 1002
1469 41 1004
1472 41 1006
1473 9 221
1475 41 1008
1478 41 1010
1479 41 1011
1485 41 1015
1486 9 223
1491 41 1019
1492 41 1020
1493 9 224
1497 41 1023
1498 41 1024
1499 1 25
1504 41 1028
1505 41 1029
1510 41 1032
1511 41 1033
1513 41 1034
1516 41 1036
1517 41 1037
1519 41 1038
1523 41 1041
1526 41 1043
1529 41 1045
1532 41 1047
1533 9 230
1535 41 1049
1538 41 1051
1539 41 1052
1545 41 1056
1546 9 232
1551 41 1060
1552 41 1061
1553 9 233
1557 41 1064
1558 41 1065
1559 1 26
1564 41 1069
1565 41 1070
1570 41 1073
1571 41 1074
1573 41 1075
1576 41 1077
1577 41 1078
1579 41 1079
1583 41 1082
1586 41 1084
1589 41 1086
1592 41 1088
1593 9 239
1595 41 1090
1598 41 1092
1599 41 1093
1605 41 1097
1606 9 241
1611 41 1101
1612 41 1102
1613 9 242
1617 41 1105
1618 41 1106
1619 1 27
1624 41 1110
1625 41 1111
1630 41 1114
1631 41 1115
1633 41 1116
1636 41 1118
1637 41 1119
1639 41 1120
1643 41 1123
1646 41 1125
1649 41 1127
1652 41 1129
1653 9 248
1655 41 1131
1658 41 1133
1659 41 1134
1665 41 1138
1666 9 250
1671 41 1142
1672 41 1143
1673 9 251
1677 41 1146
1678 41 1147
1679 1 28
1684 41 1151
1685 41 1152
1690 41 1155
1691 41 1156
1693 41 1157
1696 41 1159
1697 41 1160
1699 41 1161
1703 41 1164
1706 41 1166
1709 41 1168
1712 41 1170
1713 9 257
1715 41 1172
1718 41 1174
1719 41 1175
1725 41 1179
1726 9 259
1731 41 1183
1732 41 1184
1733 9 260
1737 41 1187
1738 41 1188
1739 1 29
1744 41 1192
1745 41 1193
1750 41 1196
1751 41 1197
1753 41 1198
1756 41 1200
1757 41 1201
1759 41 1202
1763 41 1205
1766 41 1207
1769 41 1209
1772 41 1211
1773 9 266
1775 41 1213
1778 41 1215
1779 41 1216
1785 41 1220
1786 9 268
1791 41 1224
1792 41 1225
1793 9 269
1797 41 1228
1798 41 1229
1799 1 30
1804 41 1233
1805 41 1234
1810 41 1237
1811 41 1238
1813 41 1239
1816 41 1241
1817 41 1242
1819 41 1243
1823 41 1246
1826 41 1248
1829 41 1250
1832 41 1252
1833 9 275
1835 41 1254
1838 41 1256
1839 41 1257
1845 41 1261
1846 9 277
1851 41 1265
1852 41 1266
1853 9 278
1857 41 1269
1858 41 1270
1859 1 31
1864 41 1274
1865 41 1275
1870 41 1278
1871 41 1279
1873 41 1280
1876 41 1282
1877 41 1283
1879 41 1284
1883 41 1287
1886 41 1289
1889 41 1291
1892 41 1293
1893 9 284
1895 41 1295
1898 41 1297
1899 41 1298
1905 41 1302
1906 9 286
1911 41 1306
1912 41 1307
1913 9 287
1917 41 1310
1918 41 1311
1919 1 32
1924 41 1315
1925 41 1316
1930 41 1319
1931 41 1320
1933 41 1321
1936 41 1323
1937 41 1324
1939 41 1325
1943 41 1328
1946 41 1330
1949 41 1332
1952 41 1334
1953 9 293
1955 41 1336
1958 41 1338
1959 41 1339
1965 41 1343
1966 9 295
1971 41 1347
1972 41 1348
1973 9 296
1977 41 1351
1978 41 1352
1979 1 33
1984 41 1356
1985 41 1357
1990 41 1360
1991 41 1361
1993 41 1362
1996 41 1364
1997 41 1365
1999 41 1366
2003 41 1369
2006 41 1371
2009 41 1373
2012 41 1375
2013 9 302
2015 41 1377
2018 41 1379
2019 41 1380
2025 41 1384
2026 9 304
2031 41 1388
2032 41 1389
2033 9 305
2037 41 1392
2038 41 1393
2039 1 34
2044 41 1397
2045 41 1398
2050 41 1401
2051 41 1402
2053 41 1403
2056 41 1405
2057 41 1406
2059 41 1407
2063 41 1410
2066 41 1412
2069 41 1414
2072 41 1416
2073 9 311
2075 41 1418
2078 41 1420
2079 41 1421
2085 41 1425
2086 9 313
2091 41 1429
2092 41 1430
2093 9 314
2097 41 1433
2098 41 1434
2099 1 35
2104 41 1438
2105 41 1439
2110 41 1442
2111 41 1443
2113 41 1444
2116 41 1446
2117 41 1447
2119 41 1448
2123 41 1451
2126 41 1453
2129 41 1455
2132 41 1457
2133 9 320
2135 41 1459
2138 41 1461
2139 41 1462
2145 41 1466
2146 9 322
2151 41 1470
2152 41 1471
2153 9 323
2157 41 1474
2158 41 1475
2159 1 36
2164 41 1479
2165 41 1480
2170 41 1483
2171 41 1484
2173 41 1485
2176 41 1487
2177 41 1488
2179 41 1489
2183 41 1492
2186 41 1494
2189 41 1496
2192 41 1498
2193 9 329
2195 41 1500
2198 41 1502
2199 41 1503
2205 41 1507
2206 9 331
2211 41 1511
2212 41 1512
2213 9 332
2217 41 1515
2218 41 1516
2219 1 37
2224 41 1520
2225 41 1521
2230 41 1524
2231 41 1525
2233 41 1526
2236 41 1528
2237 41 1529
2239 41 1530
2243 41 1533
2246 41 1535
2249 41 1537
2252 41 1539
2253 9 338
2255 41 1541
2258 41 1543
2259 41 1544
2265 41 1548
2266 9 340
2271 41 1552
2272 41 1553
2273 9 341
2277 41 1556
2278 41 1557
2279 1 38
2284 41 1561
2285 41 1562
2290 41 1565
2291 41 1566
2293 41 1567
2296 41 1569
2297 41 1570
2299 41 1571
2303 41 1574
2306 41 1576
2309 41 1578
2312 41 1580
2313 9 347
2315 41 1582
2318 41 1584
2319 41 1585
2325 41 1589
2326 9 349
2331 41 1593
2332 41 1594
2333 9 350
2337 41 1597
2338 41 1598
2339 1 39
2344 41 1602
2345 41 1603
2350 41 1606
2351 41 1607
2353 41 1608
2356 41 1610
2357 41 1611
2359 41 1612
2363 41 1615
2366 41 1617
2369 41 1619
2372 41 1621
2373 9 356
2375 41 1623
2378 41 1625
2379 41 1626
2385 41 1630
2386 9 358
2391 41 1634
2392 41 1635
2393 9 359
2397 41 1638
2398 41 1639
2399 1 40
2404 41 1643
2405 41 1644
2410 41 1647
2411 41 1648
2413 41 1649
2416 41 1651
2417 41 1652
2419 41 1653
2423 41 1656
2426 41 1658
2429 41 1660
2432 41 1662
2433 9 365
2435 41 1664
2438 41 1666
2439 41 1667
2445 41 1671
2446 9 367
2451 41 1675
2452 41 1676
2453 9 368
2457 41 1679
2458 41 1680
2459 1 41
2464 41 1684
2465 41 1685
2470 41 1688
2471 41 1689
2473 41 1690
2476 41 1692
2477 41 1693
2479 41 1694
2483 41 1697
2486 41 1699
2489 41 1701
2492 41 1703
2493 9 374
2495 41 1705
2498 41 1707
2499 41 1708
2505 41 1712
2506 9 376
2511 41 1716
2512 41 1717
2513 9 377
2517 41 1720
2518 41 1721
2519 1 42
2524 41 1725
2525 41 1726
2530 41 1729
2531 41 1730
2533 41 1731
2536 41 1733
2537 41 1734
2539 41 1735
2543 41 1738
2546 41 1740
2549 41 1742
2552 41 1744
2553 9 383
2555 41 1746
2558 41 1748
2559 41 1749
2565 41 1753
2566 9 385
2571 41 1757
2572 41 1758
2573 9 386
2577 41 1761
2578 41 1762
2579 1 43
2584 41 1766
2585 41 1767
2590 41 1770
2591 41 1771
2593 41 1772
2596 41 1774
2597 41 1775
2599 41 1776
2603 41 1779
2606 41 1781
2609 41 1783
2612 41 1785
2613 9 392
2615 41 1787
2618 41 1789
2619 41 1790
2625 41 1794
2626 9 394
2631 41 1798
2632 41 1799
2633 9 395
2637 41 1802
2638 41 1803
2639 1 44
2644 41 1807
2645 41 1808
2650 41 1811
2651 41 1812
2653 41 1813
2656 41 1815
2657 41 1816
2659 41 1817
2663 41 1820
2666 41 1822
2669 41 1824
2672 41 1826
2673 9 401
2675 41 1828
2678 41 1830
2679 41 1831
2685 41 1835
2686 9 403
2691 41 1839
2692 41 1840
2693 9 404
2697 41 1843
2698 41 1844
2699 1 45
2704 41 1848
2705 41 1849
2710 41 1852
2711 41 1853
2713 41 1854
2716 41 1856
2717 41 1857
2719 41 1858
2723 41 1861
2726 41 1863
2729 41 1865
2732 41 1867
2733 9 410
2735 41 1869
2738 41 1871
2739 41 1872
2745 41 1876
2746 9 412
2751 41 1880
2752 41 1881
2753 9 413
2757 41 1884
2758 41 1885
2759 1 46
2764 41 1889
2765 41 1890
2770 41 1893
2771 41 1894
2773 41 1895
2776 41 1897
2777 41 1898
2779 41 1899
2783 41 1902
2786 41 1904
2789 41 1906
2792 41 1908
2793 9 419
2795 41 1910
2798 41 1912
2799 41 1913
2805 41 1917
2806 9 421
2811 41 1921
2812 41 1922
2813 9 422
2817 41 1925
2818 41 1926
2819 1 47
2824 41 1930
2825 41 1931
2830 41 1934
2831 41 1935
2833 41 1936
2836 41 1938
2837 41 1939
2839 41 1940
2843 41 1943
2846 41 1945
2849 41 1947
2852 41 1949
2853 9 428
2855 41 1951
2858 41 1953
2859 41 1954
2865 41 1958
2866 9 430
2871 41 1962
2872 41 1963
2873 9 431
2877 41 1966
2878 41 1967
2879 1 48
2884 41 1971
2885 41 1972
2890 41 1975
2891 41 1976
2893 41 1977
2896 41 1979
2897 41 1980
2899 41 1981
2903 41 1984
2906 41 1986
2909 41 1988
2912 41 1990
2913 9 437
2915 41 1992
2918 41 1994
2919 41 1995
2925 41 1999
2926 9 439
2931 41 2003
2932 41 2004
2933 9 440
2937 41 2007
2938 41 2008
2939 1 49
2944 41 2012
2945 41 2013
2950 41 2016
2951 41 2017
2953 41 2018
2956 41 2020
2957 41 2021
2959 41 2022
2963 41 2025
2966 41 2027
2969 41 2029
2972 41 2031
2973 9 446
2975 41 2033
2978 41 2035
2979 41 2036
2985 41 2040
2986 9 448
2991 41 2044
2992 41 2045
2993 9 449
2997 41 2048
2998 41 2049
2999 1 50
3004 41 2053
3005 41 2054
3010 41 2057
3011 41 2058
3013 41 2059
3016 41 2061
3017 41 2062
3019 41 2063
3023 41 2066
3026 41 2068
3029 41 2070
3032 41 2072
3033 9 455
3035 41 2074
3038 41 2076
3039 41 2077
3045 41 2081
3046 9 457
3051 41 2085
3052 41 2086
3053 9 458
3057 41 2089
3058 41 2090
3059 1 51
3064 41 2094
3065 41 2095
3070 41 2098
3071 41 2099
3073 41 2100
3076 41 2102
3077 41 2103
3079 41 2104
3083 41 2107
3086 41 2109
3089 41 2111
3092 41 2113
3093 9 464
3095 41 2115
3098 41 2117
3099 41 2118
3105 41 2122
3106 9 466
3111 41 2126
3112 41 2127
3113 9 467
3117 41 2130
3118 41 2131
3119 1 52
3124 41 2135
3125 41 2136
3130 41 2139
3131 41 2140
3133 41 2141
3136 41 2143
3137 41 2144
3139 41 2145
3143 41 2148
3146 41 2150
3149 41 2152
3152 41 2154
3153 9 473
3155 41 2156
3158 41 2158
3159 41 2159
3165 41 2163
3166 9 475
3171 41 2167
3172 41 2168
3173 9 476
3177 41 2171
3178 41 2172
3179 1 53
3184 41 2176
3185 41 2177
3190 41 2180
3191 41 2181
3193 41 2182
3196 41 2184
3197 41 2185
3199 41 2186
3203 41 2189
3206 41 2191
3209 41 2193
3212 41 2195
3213 9 482
3215 41 2197
3218 41 2199
3219 41 2200
3225 41 2204
3226 9 484
3231 41 2208
3232 41 2209
3233 9 485
3237 41 2212
3238 41 2213
3239 1 54
3244 41 2217
3245 41 2218
3250 41 2221
3251 41 2222
3253 41 2223
3256 41 2225
3257 41 2226
3259 41 2227
3263 41 2230
3266 41 2232
3269 41 2234
3272 41 2236
3273 9 491
3275 41 2238
3278 41 2240
3279 41 2241
3285 41 2245
3286 9 493
3291 41 2249
3292 41 2250
3293 9 494
3297 41 2253
3298 41 2254
3299 1 55
3304 41 2258
3305 41 2259
3310 41 2262
3311 41 2263
3313 41 2264
3316 41 2266
3317 41 2267
3319 41 2268
3323 41 2271
3326 41 2273
3329 41 2275
3332 41 2277
3333 9 500
3335 41 2279
3338 41 2281
3339 41 2282
3345 41 2286
3346 9 502
3351 41 2290
3352 41 2291
3353 9 503
3357 41 2294
3358 41 2295
3359 1 56
3364 41 2299
3365 41 2300
3370 41 2303
3371 41 2304
3373 41 2305
3376 41 2307
3377 41 2308
3379 41 2309
3383 41 2312
3386 41 2314
3389 41 2316
3392 41 2318
3393 9 509
3395 41 2320
3398 41 2322
3399 41 2323
3405 41 2327
3406 9 511
3411 41 2331
3412 41 2332
3413 9 512
3417 41 2335
3418 41 2336
3419 1 57
3424 41 2340
3425 41 2341
3430 41 2344
3431 41 2345
3433 41 2346
3436 41 2348
3437 41 2349
3439 41 2350
3443 41 2353
3446 41 2355
3449 41 2357
3452 41 2359
3453 9 518
3455 41 2361
3458 41 2363
3459 41 2364
3465 41 2368
3466 9 520
3471 41 2372
3472 41 2373
3473 9 521
3477 41 2376
3478 41 2377
3479 1 58
3484 41 2381
3485 41 2382
3490 41 2385
3491 41 2386
3493 41 2387
3496 41 2389
3497 41 2390
3499 41 2391
3503 41 2394
3506 41 2396
3509 41 2398
3512 41 2400
3513 9 527
3515 41 2402
3518 41 2404
3519 41 2405
3525 41 2409
3526 9 529
3531 41 2413
3532 41 2414
3533 9 530
3537 41 2417
3538 41 2418
3539 1 59
3544 41 2422
3545 41 2423
3550 41 2426
3551 41 2427
3553 41 2428
3556 41 2430
3557 41 2431
3559 41 2432
3563 41 2435
3566 41 2437
3569 41 2439
3572 41 2441
3573 9 536
3575 41 2443
3578 41 2445
3579 41 2446
3585 41 2450
3586 9 538
3591 41 2454
3592 41 2455
3593 9 539
3597 41 2458
3598 41 2459
3599 1 60
3604 41 2463
3605 41 2464
3610 41 2467
3611 41 2468
3613 41 2469
3616 41 2471
3617 41 2472
3619 41 2473
3623 41 2476
3626 41 2478
3629 41 2480
3632 41 2482
3633 9 545
3635 41 2484
3638 41 2486
3639 41 2487
3645 41 2491
3646 9 547
3651 41 2495
3652 41 2496
3653 9 548
3657 41 2499
3658 41 2500
3659 1 61
3664 41 2504
3665 41 2505
3670 41 2508
3671 41 2509
3673 41 2510
3676 41 2512
3677 41 2513
3679 41 2514
3683 41 2517
3686 41 2519
3689 41 2521
3692 41 2523
3693 9 554
3695 41 2525
3698 41 2527
3699 41 2528
3705 41 2532
3706 9 556
3711 41 2536
3712 41 2537
3713 9 557
3717 41 2540
3718 41 2541
3719 1 62
3724 41 2545
3725 41 2546
3730 41 2549
3731 41 2550
3733 41 2551
3736 41 2553
3737 41 2554
3739 41 2555
3743 41 2558
3746 41 2560
3749 41 2562
3752 41 2564
3753 9 563
3755 41 2566
3758 41 2568
3759 41 2569
3765 41 2573
3766 9 565
3771 41 2577
3772 41 2578
3773 9 566
3777 41 2581
3778 41 2582
3779 1 63
3784 41 2586
3785 41 2587
3790 41 2590
3791 41 2591
3793 41 2592
3796 41 2594
3797 41 2595
3799 41 2596
3803 41 2599
3806 41 2601
3809 41 2603
3812 41 2605
3813 9 572
3815 41 2607
3818 41 2609
3819 41 2610
3825 41 2614
3826 9 574
3831 41 2618
3832 41 2619
3833 9 575
3837 41 2622
3838 41 2623
3839 1 64
3844 41 2627
3845 41 2628
3850 41 2631
3851 41 2632
3853 41 2633
3856 41 2635
3857 41 2636
3859 41 2637
3863 41 2640
3866 41 2642
3869 41 2644
3872 41 2646
3873 9 581
3875 41 2648
3878 41 2650
3879 41 2651
3885 41 2655
3886 9 583
3891 41 2659
3892 41 2660
3893 9 584
3897 41 2663
3898 41 2664
3899 1 65
3904 41 2668
3905 41 2669
3910 41 2672
3911 41 2673
3913 41 2674
3916 41 2676
3917 41 2677
3919 41 2678
3923 41 2681
3926 41 2683
3929 41 2685
3932 41 2687
3933 9 590
3935 41 2689
3938 41 2691
3939 41 2692
3945 41 2696
3946 9 592
3951 41 2700
3952 41 2701
3953 9 593
3957 41 2704
3958 41 2705
3959 1 66
3964 41 2709
3965 41 2710
3970 41 2713
3971 41 2714
3973 41 2715
3976 41 2717
3977 41 2718
3979 41 2719
3983 41 2722
3986 41 2724
3989 41 2726
3992 41 2728
3993 9 599
3995 41 2730
3998 41 2732
3999 41 2733
4005 41 2737
4006 9 601
4011 41 2741
4012 41 2742
4013 9 602
4017 41 2745
4018 41 2746
4019 1 67
4024 41 2750
4025 41 2751
4030 41 2754
4031 41 2755
4033 41 2756
4036 41 2758
4037 41 2759
4039 41 2760
4043 41 2763
4046 41 2765
4049 41 2767
4052 41 2769
4053 9 608
4055 41 2771
4058 41 2773
4059 41 2774
4065 41 2778
4066 9 610
4071 41 2782
4072 41 2783
4073 9 611
4077 41 2786
4078 41 2787
4079 1 68
4084 41 2791
4085 41 2792
4090 41 2795
4091 41 2796
4093 41 2797
4096 41 2799
4097 41 2800
4099 41 2801
4103 41 2804
4106 41 2806
4109 41 2808
4112 41 2810
4113 9 617
4115 41 2812
4118 41 2814
4119 41 2815
4125 41 2819
4126 9 619
4131 41 2823
4132 41 2824
4133 9 620
4137 41 2827
4138 41 2828
4139 1 69
4144 41 2832
4145 41 2833
4150 41 2836
4151 41 2837
4153 41 2838
4156 41 2840
4157 41 2841
4159 41 2842
4163 41 2845
4166 41 2847
4169 41 2849
4172 41 2851
4173 9 626
4175 41 2853
4178 41 2855
4179 41 2856
4185 41 2860
4186 9 628
4191 41 2864
4192 41 2865
4193 9 629
4197 41 2868
4198 41 2869
4199 1 70
4204 41 2873
4205 41 2874
4210 41 2877
4211 41 2878
4213 41 2879
4216 41 2881
4217 41 2882
4219 41 2883
4223 41 2886
4226 41 2888
4229 41 2890
4232 41 2892
4233 9 635
4235 41 2894
4238 41 2896
4239 41 2897
4245 41 2901
4246 9 637
4251 41 2905
4252 41 2906
4253 9 638
4257 41 2909
4258 41 2910
4259 1 71
4264 41 2914
4265 41 2915
4270 41 2918
4271 41 2919
4273 41 2920
4276 41 2922
4277 41 2923
4279 41 2924
4283 41 2927
4286 41 2929
4289 41 2931
4292 41 2933
4293 9 644
4295 41 2935
4298 41 2937
4299 41 2938
4305 41 2942
4306 9 646
4311 41 2946
4312 41 2947
4313 9 647
4317 41 2950
4318 41 2951
4319 1 72
4324 41 2955
4325 41 2956
4330 41 2959
4331 41 2960
4333 41 2961
4336 41 2963
4337 41 2964
4339 41 2965
4343 41 2968
4346 41 2970
4349 41 2972
4352 41 2974
4353 9 653
4355 41 2976
4358 41 2978
4359 41 2979
4365 41 2983
4366 9 655
4371 41 2987
4372 41 2988
4373 9 656
4377 41 2991
4378 41 2992
4379 1 73
4384 41 2996
4385 41 2997
4390 41 3000
4391 41 3001
4393 41 3002
4396 41 3004
4397 41 3005
4399 41 3006
4403 41 3009
4406 41 3011
4409 41 3013
4412 41 3015
4413 9 662
4415 41 3017
4418 41 3019
4419 41 3020
4425 41 3024
4426 9 664
4431 41 3028
4432 41 3029
4433 9 665
4437 41 3032
4438 41 3033
4439 1 74
4444 41 3037
4445 41 3038
4450 41 3041
4451 41 3042
4453 41 3043
4456 41 3045
4457 41 3046
4459 41 3047
4463 41 3050
4466 41 3052
4469 41 3054
4472 41 3056
4473 9 671
4475 41 3058
4478 41 3060
4479 41 3061
4485 41 3065
4486 9 673
4491 41 3069
4492 41 3070
4493 9 674
4497 41 3073
4498 41 3074
4499 1 75
4504 41 3078
4505 41 3079
4510 41 3082
4511 41 3083
4513 41 3084
4516 41 3086
4517 41 3087
4519 41 3088
4523 41 3091
4526 41 3093
4529 41 3095
4532 41 3097
4533 9 680
4535 41 3099
4538 41 3101
4539 41 3102
4545 41 3106
4546 9 682
4551 41 3110
4552 41 3111
4553 9 683
4557 41 3114
4558 41 3115
4559 1 76
4564 41 3119
4565 41 3120
4570 41 3123
4571 41 3124
4573 41 3125
4576 41 3127
4577 41 3128
4579 41 3129
4583 41 3132
4586 41 3134
4589 41 3136
4592 41 3138
4593 9 689
4595 41 3140
4598 41 3142
4599 41 3143
4605 41 3147
4606 9 691
4611 41 3151
4612 41 3152
4613 9 692
4617 41 3155
4618 41 3156
4619 1 77
4624 41 3160
4625 41 3161
4630 41 3164
4631 41 3165
4633 41 3166
4636 41 3168
4637 41 3169
4639 41 3170
4643 41 3173
4646 41 3175
4649 41 3177
4652 41 3179
4653 9 698
4655 41 3181
4658 41 3183
4659 41 3184
4665 41 3188
4666 9 700
4671 41 3192
4672 41 3193
4673 9 701
4677 41 3196
4678 41 3197
4679 1 78
4684 41 3201
4685 41 3202
4690 41 3205
4691 41 3206
4693 41 3207
4696 41 3209
4697 41 3210
4699 41 3211
4703 41 3214
4706 41 3216
4709 41 3218
4712 41 3220
4713 9 707
4715 41 3222
4718 41 3224
4719 41 3225
4725 41 3229
4726 9 709
4731 41 3233
4732 41 3234
4733 9 710
4737 41 3237
4738 41 3238
4739 1 79
4744 41 3242
4745 41 3243
4750 41 3246
4751 41 3247
4753 41 3248
4756 41 3250
4757 41 3251
4759 41 3252
4763 41 3255
4766 41 3257
4769 41 3259
4772 41 3261
4773 9 716
4775 41 3263
4778 41 3265
4779 41 3266
4785 41 3270
4786 9 718
4791 41 3274
4792 41 3275
4793 9 719
4797 41 3278
4798 41 3279
4799 1 80
4804 41 3283
4805 41 3284
4810 41 3287
4811 41 3288
4813 41 3289
4816 41 3291
4817 41 3292
4819 41 3293
4823 41 3296
4826 41 3298
4829 41 3300
4832 41 3302
4833 9 725
4835 41 3304
4838 41 3306
4839 41 3307
4845 41 3311
4846 9 727
4851 41 3315
4852 41 3316
4853 9 728
4857 41 3319
4858 41 3320
4859 1 81
4864 41 3324
4865 41 3325
4870 41 3328
4871 41 3329
4873 41 3330
4876 41 3332
4877 41 3333
4879 41 3334
4883 41 3337
4886 41 3339
4889 41 3341
4892 41 3343
4893 9 734
4895 41 3345
4898 41 3347
4899 41 3348
4905 41 3352
4906 9 736
4911 41 3356
4912 41 3357
4913 9 737
4917 41 3360
4918 41 3361
4919 1 82
4924 41 3365
4925 41 3366
4930 41 3369
4931 41 3370
4933 41 3371
4936 41 3373
4937 41 3374
4939 41 3375
4943 41 3378
4946 41 3380
4949 41 3382
4952 41 3384
4953 9 743
4955 41 3386
4958 41 3388
4959 41 3389
4965 41 3393
4966 9 745
4971 41 3397
4972 41 3398
4973 9 746
4977 41 3401
4978 41 3402
4979 1 83
4984 41 3406
4985 41 3407
4990 41 3410
4991 41 3411
4993 41 3412
4996 41 3414
4997 41 3415
4999 41 3416
5003 41 3419
5006 41 3421
5009 41 3423
5012 41 3425
5013 9 752
5015 41 3427
5018 41 3429
5019 41 3430
5025 41 3434
5026 9 754
5031 41 3438
5032 41 3439
5033 9 755
5037 41 3442
5038 41 3443
5039 1 84
5044 41 3447
5045 41 3448
5050 41 3451
5051 41 3452
5053 41 3453
5056 41 3455
5057 41 3456
5059 41 3457
5063 41 3460
5066 41 3462
5069 41 3464
5072 41 3466
5073 9 761
5075 41 3468
5078 41 3470
5079 41 3471
5085 41 3475
5086 9 763
5091 41 3479
5092 41 3480
5093 9 764
5097 41 3483
5098 41 3484
5099 1 85
5104 41 3488
5105 41 3489
5110 41 3492
5111 41 3493
5113 41 3494
5116 41 3496
5117 41 3497
5119 41 3498
5123 41 3501
5126 41 3503
5129 41 3505
5132 41 3507
5133 9 770
5135 41 3509
5138 41 3511
5139 41 3512
5145 41 3516
5146 9 772
5151 41 3520
5152 41 3521
5153 9 773
5157 41 3524
5158 41 3525
5159 1 86
5164 41 3529
5165 41 3530
5170 41 3533
5171 41 3534
5173 41 3535
5176 41 3537
5177 41 3538
5179 41 3539
5183 41 3542
5186 41 3544
5189 41 3546
5192 41 3548
5193 9 779
5195 41 3550
5198 41 3552
5199 41 3553
5205 41 3557
5206 9 781
5211 41 3561
5212 41 3562
5213 9 782
5217 41 3565
5218 41 3566
5219 1 87
5224 41 3570
5225 41 3571
5230 41 3574
5231 41 3575
5233 41 3576
5236 41 3578
5237 41 3579
5239 41 3580
5243 41 3583
5246 41 3585
5249 41 3587
5252 41 3589
5253 9 788
5255 41 3591
5258 41 3593
5259 41 3594
5265 41 3598
5266 9 790
5271 41 3602
5272 41 3603
5273 9 791
5277 41 3606
5278 41 3607
5279 1 88
5284 41 3611
5285 41 3612
5290 41 3615
5291 41 3616
5293 41 3617
5296 41 3619
5297 41 3620
5299 41 3621
5303 41 3624
5306 41 3626
5309 41 3628
5312 41 3630
5313 9 797
5315 41 3632
5318 41 3634
5319 41 3635
5325 41 3639
5326 9 799
5331 41 3643
5332 41 3644
5333 9 800
5337 41 3647
5338 41 3648
5339 1 89
5344 41 3652
5345 41 3653
5350 41 3656
5351 41 3657
5353 41 3658
5356 41 3660
5357 41 3661
5359 41 3662
5363 41 3665
5366 41 3667
5369 41 3669
5372 41 3671
5373 9 806
5375 41 3673
5378 41 3675
5379 41 3676
5385 41 3680
5386 9 808
5391 41 3684
5392 41 3685
5393 9 809
5397 41 3688
5398 41 3689
5399 1 90
5404 41 3693
5405 41 3694
5410 41 3697
5411 41 3698
5413 41 3699
5416 41 3701
5417 41 3702
5419 41 3703
5423 41 3706
5426 41 3708
5429 41 3710
5432 41 3712
5433 9 815
5435 41 3714
5438 41 3716
5439 41 3717
5445 41 3721
5446 9 817
5451 41 3725
5452 41 3726
5453 9 818
5457 41 3729
5458 41 3730
5459 1 91
5464 41 3734
5465 41 3735
5470 41 3738
5471 41 3739
5473 41 3740
5476 41 3742
5477 41 3743
5479 41 3744
5483 41 3747
5486 41 3749
5489 41 3751
5492 41 3753
5493 9 824
5495 41 3755
5498 41 3757
5499 41 3758
5505 41 3762
5506 9 826
5511 41 3766
5512 41 3767
5513 9 827
5517 41 3770
5518 41 3771
5519 1 92
5524 41 3775
5525 41 3776
5530 41 3779
5531 41 3780
5533 41 3781
5536 41 3783
5537 41 3784
5539 41 3785
5543 41 3788
5546 41 3790
5549 41 3792
5552 41 3794
5553 9 833
5555 41 3796
5558 41 3798
5559 41 3799
5565 41 3803
5566 9 835
5571 41 3807
5572 41 3808
5573 9 836
5577 41 3811
5578 41 3812
5579 1 93
5584 41 3816
5585 41 3817
5590 41 3820
5591 41 3821
5593 41 3822
5596 41 3824
5597 41 3825
5599 41 3826
5603 41 3829
5606 41 3831
5609 41 3833
5612 41 3835
5613 9 842
5615 41 3837
5618 41 3839
5619 41 3840
5625 41 3844
5626 9 844
5631 41 3848
5632 41 3849
5633 9 845
5637 41 3852
5638 41 3853
5639 1 94
5644 41 3857
5645 41 3858
5650 41 3861
5651 41 3862
5653 41 3863
5656 41 3865
5657 41 3866
5659 41 3867
5663 41 3870
5666 41 3872
5669 41 3874
5672 41 3876
5673 9 851
5675 41 3878
5678 41 3880
5679 41 3881
5685 41 3885
5686 9 853
5691 41 3889
5692 41 3890
5693 9 854
5697 41 3893
5698 41 3894
5699 1 95
5704 41 3898
5705 41 3899
5710 41 3902
5711 41 3903
5713 41 3904
5716 41 3906
5717 41 3907
5719 41 3908
5723 41 3911
5726 41 3913
5729 41 3915
5732 41 3917
5733 9 860
5735 41 3919
5738 41 3921
5739 41 3922
5745 41 3926
5746 9 862
5751 41 3930
5752 41 3931
5753 9 863
5757 41 3934
5758 41 3935
5759 1 96
5764 41 3939
5765 41 3940
5770 41 3943
5771 41 3944
5773 41 3945
5776 41 3947
5777 41 3948
5779 41 3949
5783 41 3952
5786 41 3954
5789 41 3956
5792 41 3958
5793 9 869
5795 41 3960
5798 41 3962
5799 41 3963
5805 41 3967
5806 9 871
5811 41 3971
5812 41 3972
5813 9 872
5817 41 3975
5818 41 3976
5819 1 97
5824 41 3980
5825 41 3981
5830 41 3984
5831 41 3985
5833 41 3986
5836 41 3988
5837 41 3989
5839 41 3990
5843 41 3993
5846 41 3995
5849 41 3997
5852 41 3999
5853 9 878
5855 41 4001
5858 41 4003
5859 41 4004
5865 41 4008
5866 9 880
5871 41 4012
5872 41 4013
5873 9 881
5877 41 4016
5878 41 4017
5879 1 98
5884 41 4021
5885 41 4022
5890 41 4025
5891 41 4026
5893 41 4027
5896 41 4029
5897 41 4030
5899 41 4031
5903 41 4034
5906 41 4036
5909 41 4038
5912 41 4040
5913 9 887
5915 41 4042
5918 41 4044
5919 41 4045
5925 41 4049
5926 9 889
5931 41 4053
5932 41 4054
5933 9 890
5937 41 4057
5938 41 4058
5939 1 99
5944 41 4062
5945 41 4063
5950 41 4066
5951 41 4067
5953 41 4068
5956 41 4070
5957 41 4071
5959 41 4072
5963 41 4075
5966 41 4077
5969 41 4079
5972 41 4081
5973 9 896
5975 41 4083
5978 41 4085
5979 41 4086
5985 41 4090
5986 9 898
5991 41 4094
5992 41 4095
5993 9 899
5997 41 4098
5998 41 4099
5999 1 100
6004 41 4103
6005 41 4104
6010 41 4107
6011 41 4108
6013 41 4109
6016 41 4111
6017 41 4112
6019 41 4113
6023 41 4116
6026 41 4118
6029 41 4120
6032 41 4122
6033 9 905
6035 41 4124
6038 41 4126
6039 41 4127
6045 41 4131
6046 9 907
6051 41 4135
6052 41 4136
6053 9 908
6057 41 4139
6058 41 4140
6059 1 101
6064 41 4144
6065 41 4145
6070 41 4148
6071 41 4149
6073 41 4150
6076 41 4152
6077 41 4153
6079 41 4154
6083 41 4157
6086 41 4159
6089 41 4161
6092 41 4163
6093 9 914
6095 41 4165
6098 41 4167
6099 41 4168
6105 41 4172
6106 9 916
6111 41 4176
6112 41 4177
6113 9 917
6117 41 4180
6118 41 4181
6119 1 102
6124 41 4185
6125 41 4186
6130 41 4189
6131 41 4190
6133 41 4191
6136 41 4193
6137 41 4194
6139 41 4195
6143 41 4198
6146 41 4200
6149 41 4202
6152 41 4204
6153 9 923
6155 41 4206
6158 41 4208
6159 41 4209
6165 41 4213
6166 9 925
6171 41 4217
6172 41 4218
6173 9 926
6177 41 4221
6178 41 4222
6179 1 103
6184 41 4226
6185 41 4227
6190 41 4230
6191 41 4231
6193 41 4232
6196 41 4234
6197 41 4235
6199 41 4236
6203 41 4239
6206 41 4241
6209 41 4243
6212 41 4245
6213 9 932
6215 41 4247
6218 41 4249
6219 41 4250
6225 41 4254
6226 9 934
6231 41 4258
6232 41 4259
6233 9 935
6237 41 4262
6238 41 4263
6239 1 104
6244 41 4267
6245 41 4268
6250 41 4271
6251 41 4272
6253 41 4273
6256 41 4275
6257 41 4276
6259 41 4277
6263 41 4280
6266 41 4282
6269 41 4284
6272 41 4286
6273 9 941
6275 41 4288
6278 41 4290
6279 41 4291
6285 41 4295
6286 9 943
6291 41 4299
6292 41 4300
6293 9 944
6297 41 4303
6298 41 4304
6299 1 105
6304 41 4308
6305 41 4309
6310 41 4312
6311 41 4313
6313 41 4314
6316 41 4316
6317 41 4317
6319 41 4318
6323 41 4321
6326 41 4323
6329 41 4325
6332 41 4327
6333 9 950
6335 41 4329
6338 41 4331
6339 41 4332
6345 41 4336
6346 9 952
6351 41 4340
6352 41 4341
6353 9 953
6357 41 4344
6358 41 4345
6359 1 106
6364 41 4349
6365 41 4350
6370 41 4353
6371 41 4354
6373 41 4355
6376 41 4357
6377 41 4358
6379 41 4359
6383 41 4362
6386 41 4364
6389 41 4366
6392 41 4368
6393 9 959
6395 41 4370
6398 41 4372
6399 41 4373
6405 41 4377
6406 9 961
6411 41 4381
6412 41 4382
6413 9 962
6417 41 4385
6418 41 4386
6419 1 107
6424 41 4390
6425 41 4391
6430 41 4394
6431 41 4395
6433 41 4396
6436 41 4398
6437 41 4399
6439 41 4400
6443 41 4403
6446 41 4405
6449 41 4407
6452 41 4409
6453 9 968
6455 41 4411
6458 41 4413
6459 41 4414
6465 41 4418
6466 9 970
6471 41 4422
6472 41 4423
6473 9 971
6477 41 4426
6478 41 4427
6479 1 108
6484 41 4431
6485 41 4432
6490 41 4435
6491 41 4436
6493 41 4437
6496 41 4439
6497 41 4440
6499 41 4441
6503 41 4444
6506 41 4446
6509 41 4448
6512 41 4450
6513 9 977
6515 41 4452
6518 41 4454
6519 41 4455
6525 41 4459
6526 9 979
6531 41 4463
6532 41 4464
6533 9 980
6537 41 4467
6538 41 4468
6539 1 109
6544 41 4472
6545 41 4473
6550 41 4476
6551 41 4477
6553 41 4478
6556 41 4480
6557 41 4481
6559 41 4482
6563 41 4485
6566 41 4487
6569 41 4489
6572 41 4491
6573 9 986
6575 41 4493
6578 41 4495
6579 41 4496
6585 41 4500
6586 9 988
6591 41 4504
6592 41 4505
6593 9 989
6597 41 4508
6598 41 4509
6599 1 110
6604 41 4513
6605 41 4514
6610 41 4517
6611 41 4518
6613 41 4519
6616 41 4521
6617 41 4522
6619 41 4523
6623 41 4526
6626 41 4528
6629 41 4530
6632 41 4532
6633 9 995
6635 41 4534
6638 41 4536
6639 41 4537
6645 41 4541
6646 9 997
6651 41 4545
6652 41 4546
6653 9 998
6657 41 4549
6658 41 4550
6659 1 111
6664 41 4554
6665 41 4555
6670 41 4558
6671 41 4559
6673 41 4560
6676 41 4562
6677 41 4563
6679 41 4564
6683 41 4567
6686 41 4569
6689 41 4571
6692 41 4573
6693 9 1004
6695 41 4575
6698 41 4577
6699 41 4578
6705 41 4582
6706 9 1006
6711 41 4586
6712 41 4587
6713 9 1007
6717 41 4590
6718 41 4591
6719 1 112
6724 41 4595
6725 41 4596
6730 41 4599
6731 41 4600
6733 41 4601
6736 41 4603
6737 41 4604
6739 41 4605
6743 41 4608
6746 41 4610
6749 41 4612
6752 41 4614
6753 9 1013
6755 41 4616
6758 41 4618
6759 41 4619
6765 41 4623
6766 9 1015
6771 41 4627
6772 41 4628
6773 9 1016
6777 41 4631
6778 41 4632
6779 1 113
6784 41 4636
6785 41 4637
6790 41 4640
6791 41 4641
6793 41 4642
6796 41 4644
6797 41 4645
6799 41 4646
6803 41 4649
6806 41 4651
6809 41 4653
6812 41 4655
6813 9 1022
6815 41 4657
6818 41 4659
6819 41 4660
6825 41 4664
6826 9 1024
6831 41 4668
6832 41 4669
6833 9 1025
6837 41 4672
6838 41 4673
6839 1 114
6844 41 4677
6845 41 4678
6850 41 4681
6851 41 4682
6853 41 4683
6856 41 4685
6857 41 4686
6859 41 4687
6863 41 4690
6866 41 4692
6869 41 4694
6872 41 4696
6873 9 1031
6875 41 4698
6878 41 4700
6879 41 4701
6885 41 4705
6886 9 1033
6891 41 4709
6892 41 4710
6893 9 1034
6897 41 4713
6898 41 4714
6899 1 115
6904 41 4718
6905 41 4719
6910 41 4722
6911 41 4723
6913 41 4724
6916 41 4726
6917 41 4727
6919 41 4728
6923 41 4731
6926 41 4733
6929 41 4735
6932 41 4737
6933 9 1040
6935 41 4739
6938 41 4741
6939 41 4742
6945 41 4746
6946 9 1042
6951 41 4750
6952 41 4751
6953 9 1043
6957 41 4754
6958 41 4755
6959 1 116
6964 41 4759
6965 41 4760
6970 41 4763
6971 41 4764
6973 41 4765
6976 41 4767
6977 41 4768
6979 41 4769
6983 41 4772
6986 41 4774
6989 41 4776
6992 41 4778
6993 9 1049
6995 41 4780
6998 41 4782
6999 41 4783
7005 41 4787
7006 9 1051
7011 41 4791
7012 41 4792
7013 9 1052
7017 41 4795
7018 41 4796
7019 1 117
7024 41 4800
7025 41 4801
7030 41 4804
7031 41 4805
7033 41 4806
7036 41 4808
7037 41 4809
7039 41 4810
7043 41 4813
7046 41 4815
7049 41 4817
7052 41 4819
7053 9 1058
7055 41 4821
7058 41 4823
7059 41 4824
7065 41 4828
7066 9 1060
7071 41 4832
7072 41 4833
7073 9 1061
7077 41 4836
7078 41 4837
7079 1 118
7084 41 4841
7085 41 4842
7090 41 4845
7091 41 4846
7093 41 4847
7096 41 4849
7097 41 4850
7099 41 4851
7103 41 4854
7106 41 4856
7109 41 4858
7112 41 4860
7113 9 1067
7115 41 4862
7118 41 4864
7119 41 4865
7125 41 4869
7126 9 1069
7131 41 4873
7132 41 4874
7133 9 1070
7137 41 4877
7138 41 4878
7139 1 119
7144 41 4882
7145 41 4883
7150 41 4886
7151 41 4887
7153 41 4888
7156 41 4890
7157 41 4891
7159 41 4892
7163 41 4895
7166 41 4897
7169 41 4899
7172 41 4901
7173 9 1076
7175 41 4903
7178 41 4905
7179 41 4906
7185 41 4910
7186 9 1078
7191 41 4914
7192 41 4915
7193 9 1079
7197 41 4918
7198 41 4919
7199 1 120
7204 41 4923
7205 41 4924
7210 41 4927
7211 41 4928
7213 41 4929
7216 41 4931
7217 41 4932
7219 41 4933
7223 41 4936
7226 41 4938
7229 41 4940
7232 41 4942
7233 9 1085
7235 41 4944
7238 41 4946
7239 41 4947
7245 41 4951
7246 9 1087
7251 41 4955
7252 41 4956
7253 9 1088
7257 41 4959
7258 41 4960
7259 1 121
7264 41 4964
7265 41 4965
7270 41 4968
7271 41 4969
7273 41 4970
7276 41 4972
7277 41 4973
7279 41 4974
7283 41 4977
7286 41 4979
7289 41 4981
7292 41 4983
7293 9 1094
7295 41 4985
7298 41 4987
7299 41 4988
7305 41 4992
7306 9 1096
7311 41 4996
7312 41 4997
7313 9 1097
7317 41 5000
7318 41 5001
7319 1 122
7324 41 5005
7325 41 5006
7330 41 5009
7331 41 5010
7333 41 5011
7336 41 5013
7337 41 5014
7339 41 5015
7343 41 5018
7346 41 5020
7349 41 5022
7352 41 5024
7353 9 1103
7355 41 5026
7358 41 5028
7359 41 5029
7365 41 5033
7366 9 1105
7371 41 5037
7372 41 5038
7373 9 1106
7377 41 5041
7378 41 5042
7379 1 123
7384 41 5046
7385 41 5047
7390 41 5050
7391 41 5051
7393 41 5052
7396 41 5054
7397 41 5055
7399 41 5056
7403 41 5059
7406 41 5061
7409 41 5063
7412 41 5065
7413 9 1112
7415 41 5067
7418 41 5069
7419 41 5070
7425 41 5074
7426 9 1114
7431 41 5078
7432 41 5079
7433 9 1115
7437 41 5082
7438 41 5083
7439 1 124
7444 41 5087
7445 41 5088
7450 41 5091
7451 41 5092
7453 41 5093
7456 41 5095
7457 41 5096
7459 41 5097
7463 41 5100
7466 41 5102
7469 41 5104
7472 41 5106
7473 9 1121
7475 41 5108
7478 41 5110
7479 41 5111
7485 41 5115
7486 9 1123
7491 41 5119
7492 41 5120
7493 9 1124
7497 41 5123
7498 41 5124
7499 1 125
7504 41 5128
7505 41 5129
7510 41 5132
7511 41 5133
7513 41 5134
7516 41 5136
7517 41 5137
7519 41 5138
7523 41 5141
7526 41 5143
7529 41 5145
7532 41 5147
7533 9 1130
7535 41 5149
7538 41 5151
7539 41 5152
7545 41 5156
7546 9 1132
7551 41 5160
7552 41 5161
7553 9 1133
7557 41 5164
7558 41 5165
7559 1 126
7564 41 5169
7565 41 5170
7570 41 5173
7571 41 5174
7573 41 5175
7576 41 5177
7577 41 5178
7579 41 5179
7583 41 5182
7586 41 5184
7589 41 5186
7592 41 5188
7593 9 1139
7595 41 5190
7598 41 5192
7599 41 5193
7605 41 5197
7606 9 1141
7611 41 5201
7612 41 5202
7613 9 1142
7617 41 5205
7618 41 5206
7619 1 127
7624 41 5210
7625 41 5211
7630 41 5214
7631 41 5215
7633 41 5216
7636 41 5218
7637 41 5219
7639 41 5220
7643 41 5223
7646 41 5225
7649 41 5227
7652 41 5229
7653 9 1148
7655 41 5231
7658 41 5233
7659 41 5234
7665 41 5238
7666 9 1150
7671 41 5242
7672 41 5243
7673 9 1151
7677 41 5246
7678 41 5247
7679 1 128
7684 41 5251
7685 41 5252
7690 41 5255
7691 41 5256
7693 41 5257
7696 41 5259
7697 41 5260
7699 41 5261
7703 41 5264
7706 41 5266
7709 41 5268
7712 41 5270
7713 9 1157
7715 41 5272
7718 41 5274
7719 41 5275
7725 41 5279
7726 9 1159
7731 41 5283
7732 41 5284
7733 9 1160
7737 41 5287
7738 41 5288
7739 1 129
