2322 37 100000000 1107 250
2 18 1
3 10 1
4 9 1
6 6 1
7 5 1
8 9 2
10 18 5
11 10 3
12 3 1
14 18 7
16 9 4
18 2 1
20 9 5
22 5 3
24 3 2
28 9 7
32 9 8
36 1 1
39 18 19
40 10 11
41 9 10
43 6 7
44 5 6
45 9 11
47 18 23
48 10 13
49 3 4
51 18 25
53 9 13
55 2 3
57 9 14
59 5 8
61 3 5
65 9 16
69 9 17
73 1 2
76 18 37
77 10 21
78 9 19
80 6 13
81 5 11
82 9 20
84 18 41
85 10 23
86 3 7
88 18 43
90 9 22
92 2 5
94 9 23
96 5 13
98 3 8
102 9 25
106 9 26
110 1 3
113 18 55
114 10 31
115 9 28
117 6 19
118 5 16
119 9 29
121 18 59
122 10 33
123 3 10
125 18 61
127 9 31
129 2 7
131 9 32
133 5 18
135 3 11
139 9 34
143 9 35
147 1 4
150 18 73
151 10 41
152 9 37
154 6 25
155 5 21
156 9 38
158 18 77
159 10 43
160 3 13
162 18 79
164 9 40
166 2 9
168 9 41
170 5 23
172 3 14
176 9 43
180 9 44
184 1 5
187 18 91
188 10 51
189 9 46
191 6 31
192 5 26
193 9 47
195 18 95
196 10 53
197 3 16
199 18 97
201 9 49
203 2 11
205 9 50
207 5 28
209 3 17
213 9 52
217 9 53
221 1 6
224 18 109
225 10 61
226 9 55
228 6 37
229 5 31
230 9 56
232 18 113
233 10 63
234 3 19
236 18 115
238 9 58
240 2 13
242 9 59
244 5 33
246 3 20
250 9 61
254 9 62
258 1 7
261 18 127
262 10 71
263 9 64
265 6 43
266 5 36
267 9 65
269 18 131
270 10 73
271 3 22
273 18 133
275 9 67
277 2 15
279 9 68
281 5 38
283 3 23
287 9 70
291 9 71
295 1 8
298 18 145
299 10 81
300 9 73
302 6 49
303 5 41
304 9 74
306 18 149
307 10 83
308 3 25
310 18 151
312 9 76
314 2 17
316 9 77
318 5 43
320 3 26
324 9 79
328 9 80
332 1 9
335 18 163
336 10 91
337 9 82
339 6 55
340 5 46
341 9 83
343 18 167
344 10 93
345 3 28
347 18 169
349 9 85
351 2 19
353 9 86
355 5 48
357 3 29
361 9 88
365 9 89
369 1 10
372 18 181
373 10 101
374 9 91
376 6 61
377 5 51
378 9 92
380 18 185
381 10 103
382 3 31
384 18 187
386 9 94
388 2 21
390 9 95
392 5 53
394 3 32
398 9 97
402 9 98
406 1 11
409 18 199
410 10 111
411 9 100
413 6 67
414 5 56
415 9 101
417 18 203
418 10 113
419 3 34
421 18 205
423 9 103
425 2 23
427 9 104
429 5 58
431 3 35
435 9 106
439 9 107
443 1 12
446 18 217
447 10 121
448 9 109
450 6 73
451 5 61
452 9 110
454 18 221
455 10 123
456 3 37
458 18 223
460 9 112
462 2 25
464 9 113
466 5 63
468 3 38
472 9 115
476 9 116
480 1 13
483 18 235
484 10 131
485 9 118
487 6 79
488 5 66
489 9 119
491 18 239
492 10 133
493 3 40
495 18 241
497 9 121
499 2 27
501 9 122
503 5 68
505 3 41
509 9 124
513 9 125
517 1 14
520 18 253
521 10 141
522 9 127
524 6 85
525 5 71
526 9 128
528 18 257
529 10 143
530 3 43
532 18 259
534 9 130
536 2 29
538 9 131
540 5 73
542 3 44
546 9 133
550 9 134
554 1 15
557 18 271
558 10 151
559 9 136
561 6 91
562 5 76
563 9 137
565 18 275
566 10 153
567 3 46
569 18 277
571 9 139
573 2 31
575 9 140
577 5 78
579 3 47
583 9 142
587 9 143
591 1 16
594 18 289
595 10 161
596 9 145
598 6 97
599 5 81
600 9 146
602 18 293
603 10 163
604 3 49
606 18 295
608 9 148
610 2 33
612 9 149
614 5 83
616 3 50
620 9 151
624 9 152
628 1 17
631 18 307
632 10 171
633 9 154
635 6 103
636 5 86
637 9 155
639 18 311
640 10 173
641 3 52
643 18 313
645 9 157
647 2 35
649 9 158
651 5 88
653 3 53
657 9 160
661 9 161
665 1 18
668 18 325
669 10 181
670 9 163
672 6 109
673 5 91
674 9 164
676 18 329
677 10 183
678 3 55
680 18 331
682 9 166
684 2 37
686 9 167
688 5 93
690 3 56
694 9 169
698 9 170
702 1 19
705 18 343
706 10 191
707 9 172
709 6 115
710 5 96
711 9 173
713 18 347
714 10 193
715 3 58
717 18 349
719 9 175
721 2 39
723 9 176
725 5 98
727 3 59
731 9 178
735 9 179
739 1 20
742 18 361
743 10 201
744 9 181
746 6 121
747 5 101
748 9 182
750 18 365
751 10 203
752 3 61
754 18 367
756 9 184
758 2 41
760 9 185
762 5 103
764 3 62
768 9 187
772 9 188
776 1 21
779 18 379
780 10 211
781 9 190
783 6 127
784 5 106
785 9 191
787 18 383
788 10 213
789 3 64
791 18 385
793 9 193
795 2 43
797 9 194
799 5 108
801 3 65
805 9 196
809 9 197
813 1 22
816 18 397
817 10 221
818 9 199
820 6 133
821 5 111
822 9 200
824 18 401
825 10 223
826 3 67
828 18 403
830 9 202
832 2 45
834 9 203
836 5 113
838 3 68
842 9 205
846 9 206
850 1 23
853 18 415
854 10 231
855 9 208
857 6 139
858 5 116
859 9 209
861 18 419
862 10 233
863 3 70
865 18 421
867 9 211
869 2 47
871 9 212
873 5 118
875 3 71
879 9 214
883 9 215
887 1 24
890 18 433
891 10 241
892 9 217
894 6 145
895 5 121
896 9 218
898 18 437
899 10 243
900 3 73
902 18 439
904 9 220
906 2 49
908 9 221
910 5 123
912 3 74
916 9 223
920 9 224
924 1 25
927 18 451
928 10 251
929 9 226
931 6 151
932 5 126
933 9 227
935 18 455
936 10 253
937 3 76
939 18 457
941 9 229
943 2 51
945 9 230
947 5 128
949 3 77
953 9 232
957 9 233
961 1 26
964 18 469
965 10 261
966 9 235
968 6 157
969 5 131
970 9 236
972 18 473
973 10 263
974 3 79
976 18 475
978 9 238
980 2 53
982 9 239
984 5 133
986 3 80
990 9 241
994 9 242
998 1 27
1001 18 487
1002 10 271
1003 9 244
1005 6 163
1006 5 136
1007 9 245
1009 18 491
1010 10 273
1011 3 82
1013 18 493
1015 9 247
1017 2 55
1019 9 248
1021 5 138
1023 3 83
1027 9 250
1031 9 251
1035 1 28
1038 18 505
1039 10 281
1040 9 253
1042 6 169
1043 5 141
1044 9 254
1046 18 509
1047 10 283
1048 3 85
1050 18 511
1052 9 256
1054 2 57
1056 9 257
1058 5 143
1060 3 86
1064 9 259
1068 9 260
1072 1 29
1075 18 523
1076 10 291
1077 9 262
1079 6 175
1080 5 146
1081 9 263
1083 18 527
1084 10 293
1085 3 88
1087 18 529
1089 9 265
1091 2 59
1093 9 266
1095 5 148
1097 3 89
1101 9 268
1105 9 269
1109 1 30
1112 18 541
1113 10 301
1114 9 271
1116 6 181
1117 5 151
1118 9 272
1120 18 545
1121 10 303
1122 3 91
1124 18 547
1126 9 274
1128 2 61
1130 9 275
1132 5 153
1134 3 92
1138 9 277
1142 9 278
1146 1 31
1149 18 559
1150 10 311
1151 9 280
1153 6 187
1154 5 156
1155 9 281
1157 18 563
1158 10 313
1159 3 94
1161 18 565
1163 9 283
1165 2 63
1167 9 284
1169 5 158
1171 3 95
1175 9 286
1179 9 287
1183 1 32
1186 18 577
1187 10 321
1188 9 289
1190 6 193
1191 5 161
1192 9 290
1194 18 581
1195 10 323
1196 3 97
1198 18 583
1200 9 292
1202 2 65
1204 9 293
1206 5 163
1208 3 98
1212 9 295
1216 9 296
1220 1 33
1223 18 595
1224 10 331
1225 9 298
1227 6 199
1228 5 166
1229 9 299
1231 18 599
1232 10 333
1233 3 100
1235 18 601
1237 9 301
1239 2 67
1241 9 302
1243 5 168
1245 3 101
1249 9 304
1253 9 305
1257 1 34
1260 18 613
1261 10 341
1262 9 307
1264 6 205
1265 5 171
1266 9 308
1268 18 617
1269 10 343
1270 3 103
1272 18 619
1274 9 310
1276 2 69
1278 9 311
1280 5 173
1282 3 104
1286 9 313
1290 9 314
1294 1 35
1297 18 631
1298 10 351
1299 9 316
1301 6 211
1302 5 176
1303 9 317
1305 18 635
1306 10 353
1307 3 106
1309 18 637
1311 9 319
1313 2 71
1315 9 320
1317 5 178
1319 3 107
1323 9 322
1327 9 323
1331 1 36
1334 18 649
1335 10 361
1336 9 325
1338 6 217
1339 5 181
1340 9 326
1342 18 653
1343 10 363
1344 3 109
1346 18 655
1348 9 328
1350 2 73
1352 9 329
1354 5 183
1356 3 110
1360 9 331
1364 9 332
1368 1 37
1371 18 667
1372 10 371
1373 9 334
1375 6 223
1376 5 186
1377 9 335
1379 18 671
1380 10 373
1381 3 112
1383 18 673
1385 9 337
1387 2 75
1389 9 338
1391 5 188
1393 3 113
1397 9 340
1401 9 341
1405 1 38
1408 18 685
1409 10 381
1410 9 343
1412 6 229
1413 5 191
1414 9 344
1416 18 689
1417 10 383
1418 3 115
1420 18 691
1422 9 346
1424 2 77
1426 9 347
1428 5 193
1430 3 116
1434 9 349
1438 9 350
1442 1 39
1445 18 703
1446 10 391
1447 9 352
1449 6 235
1450 5 196
1451 9 353
1453 18 707
1454 10 393
1455 3 118
1457 18 709
1459 9 355
1461 2 79
1463 9 356
1465 5 198
1467 3 119
1471 9 358
1475 9 359
1479 1 40
1482 18 721
1483 10 401
1484 9 361
1486 6 241
1487 5 201
1488 9 362
1490 18 725
1491 10 403
1492 3 121
1494 18 727
1496 9 364
1498 2 81
1500 9 365
1502 5 203
1504 3 122
1508 9 367
1512 9 368
1516 1 41
1519 18 739
1520 10 411
1521 9 370
1523 6 247
1524 5 206
1525 9 371
1527 18 743
1528 10 413
1529 3 124
1531 18 745
1533 9 373
1535 2 83
1537 9 374
1539 5 208
1541 3 125
1545 9 376
1549 9 377
1553 1 42
1556 18 757
1557 10 421
1558 9 379
1560 6 253
1561 5 211
1562 9 380
1564 18 761
1565 10 423
1566 3 127
1568 18 763
1570 9 382
1572 2 85
1574 9 383
1576 5 213
1578 3 128
1582 9 385
1586 9 386
1590 1 43
1593 18 775
1594 10 431
1595 9 388
1597 6 259
1598 5 216
1599 9 389
1601 18 779
1602 10 433
1603 3 130
1605 18 781
1607 9 391
1609 2 87
1611 9 392
1613 5 218
1615 3 131
1619 9 394
1623 9 395
1627 1 44
1630 18 793
1631 10 441
1632 9 397
1634 6 265
1635 5 221
1636 9 398
1638 18 797
1639 10 443
1640 3 133
1642 18 799
1644 9 400
1646 2 89
1648 9 401
1650 5 223
1652 3 134
1656 9 403
1660 9 404
1664 1 45
1667 18 811
1668 10 451
1669 9 406
1671 6 271
1672 5 226
1673 9 407
1675 18 815
1676 10 453
1677 3 136
1679 18 817
1681 9 409
1683 2 91
1685 9 410
1687 5 228
1689 3 137
1693 9 412
1697 9 413
1701 1 46
1704 18 829
1705 10 461
1706 9 415
1708 6 277
1709 5 231
1710 9 416
1712 18 833
1713 10 463
1714 3 139
1716 18 835
1718 9 418
1720 2 93
1722 9 419
1724 5 233
1726 3 140
1730 9 421
1734 9 422
1738 1 47
1741 18 847
1742 10 471
1743 9 424
1745 6 283
1746 5 236
1747 9 425
1749 18 851
1750 10 473
1751 3 142
1753 18 853
1755 9 427
1757 2 95
1759 9 428
1761 5 238
1763 3 143
1767 9 430
1771 9 431
1775 1 48
1778 18 865
1779 10 481
1780 9 433
1782 6 289
1783 5 241
1784 9 434
1786 18 869
1787 10 483
1788 3 145
1790 18 871
1792 9 436
1794 2 97
1796 9 437
1798 5 243
1800 3 146
1804 9 439
1808 9 440
1812 1 49
1815 18 883
1816 10 491
1817 9 442
1819 6 295
1820 5 246
1821 9 443
1823 18 887
1824 10 493
1825 3 148
1827 18 889
1829 9 445
1831 2 99
1833 9 446
1835 5 248
1837 3 149
1841 9 448
1845 9 449
1849 1 50
1852 18 901
1853 10 501
1854 9 451
1856 6 301
1857 5 251
1858 9 452
1860 18 905
1861 10 503
1862 3 151
1864 18 907
1866 9 454
1868 2 101
1870 9 455
1872 5 253
1874 3 152
1878 9 457
1882 9 458
1886 1 51
1889 18 919
1890 10 511
1891 9 460
1893 6 307
1894 5 256
1895 9 461
1897 18 923
1898 10 513
1899 3 154
1901 18 925
1903 9 463
1905 2 103
1907 9 464
1909 5 258
1911 3 155
1915 9 466
1919 9 467
1923 1 52
1926 18 937
1927 10 521
1928 9 469
1930 6 313
1931 5 261
1932 9 470
1934 18 941
1935 10 523
1936 3 157
1938 18 943
1940 9 472
1942 2 105
1944 9 473
1946 5 263
1948 3 158
1952 9 475
1956 9 476
1960 1 53
1963 18 955
1964 10 531
1965 9 478
1967 6 319
1968 5 266
1969 9 479
1971 18 959
1972 10 533
1973 3 160
1975 18 961
1977 9 481
1979 2 107
1981 9 482
1983 5 268
1985 3 161
1989 9 484
1993 9 485
1997 1 54
2000 18 973
2001 10 541
2002 9 487
2004 6 325
2005 5 271
2006 9 488
2008 18 977
2009 10 543
2010 3 163
2012 18 979
2014 9 490
2016 2 109
2018 9 491
2020 5 273
2022 3 164
2026 9 493
2030 9 494
2034 1 55
2037 18 991
2038 10 551
2039 9 496
2041 6 331
2042 5 276
2043 9 497
2045 18 995
2046 10 553
2047 3 166
2049 18 997
2051 9 499
2053 2 111
2055 9 500
2057 5 278
2059 3 167
2063 9 502
2067 9 503
2071 1 56
2074 18 1009
2075 10 561
2076 9 505
2078 6 337
2079 5 281
2080 9 506
2082 18 1013
2083 10 563
2084 3 169
2086 18 1015
2088 9 508
2090 2 113
2092 9 509
2094 5 283
2096 3 170
2100 9 511
2104 9 512
2108 1 57
2111 18 1027
2112 10 571
2113 9 514
2115 6 343
2116 5 286
2117 9 515
2119 18 1031
2120 10 573
2121 3 172
2123 18 1033
2125 9 517
2127 2 115
2129 9 518
2131 5 288
2133 3 173
2137 9 520
2141 9 521
2145 1 58
2148 18 1045
2149 10 581
2150 9 523
2152 6 349
2153 5 291
2154 9 524
2156 18 1049
2157 10 583
2158 3 175
2160 18 1051
2162 9 526
2164 2 117
2166 9 527
2168 5 293
2170 3 176
2174 9 529
2178 9 530
2182 1 59
2185 18 1063
2186 10 591
2187 9 532
2189 6 355
2190 5 296
2191 9 533
2193 18 1067
2194 10 593
2195 3 178
2197 18 1069
2199 9 535
2201 2 119
2203 9 536
2205 5 298
2207 3 179
2211 9 538
2215 9 539
2219 1 60
2222 18 1081
2223 10 601
2224 9 541
2226 6 361
2227 5 301
2228 9 542
2230 18 1085
2231 10 603
2232 3 181
2234 18 1087
2236 9 544
2238 2 121
2240 9 545
2242 5 303
2244 3 182
2248 9 547
2252 9 548
2256 1 61
2259 18 1099
2260 10 611
2261 9 550
2263 6 367
2264 5 306
2265 9 551
2267 18 1103
2268 10 613
2269 3 184
2271 18 1105
2273 9 553
2275 2 123
2277 9 554
2279 5 308
2281 3 185
2285 9 556
2289 9 557
2293 1 62
2296 18 1117
2297 10 621
2298 9 559
2300 6 373
2301 5 311
2302 9 560
2304 18 1121
2305 10 623
2306 3 187
2308 18 1123
2310 9 562
2312 2 125
2314 9 563
2316 5 313
2318 3 188
2322 9 565
2326 9 566
2330 1 63
2333 18 1135
2334 10 631
2335 9 568
2337 6 379
2338 5 316
2339 9 569
2341 18 1139
2342 10 633
2343 3 190
2345 18 1141
2347 9 571
2349 2 127
2351 9 572
2353 5 318
2355 3 191
2359 9 574
2363 9 575
2367 1 64
2370 18 1153
2371 10 641
2372 9 577
2374 6 385
2375 5 321
2376 9 578
2378 18 1157
2379 10 643
2380 3 193
2382 18 1159
2384 9 580
2386 2 129
2388 9 581
2390 5 323
2392 3 194
2396 9 583
2400 9 584
2404 1 65
2407 18 1171
2408 10 651
2409 9 586
2411 6 391
2412 5 326
2413 9 587
2415 18 1175
2416 10 653
2417 3 196
2419 18 1177
2421 9 589
2423 2 131
2425 9 590
2427 5 328
2429 3 197
2433 9 592
2437 9 593
2441 1 66
2444 18 1189
2445 10 661
2446 9 595
2448 6 397
2449 5 331
2450 9 596
2452 18 1193
2453 10 663
2454 3 199
2456 18 1195
2458 9 598
2460 2 133
2462 9 599
2464 5 333
2466 3 200
2470 9 601
2474 9 602
2478 1 67
2481 18 1207
2482 10 671
2483 9 604
2485 6 403
2486 5 336
2487 9 605
2489 18 1211
2490 10 673
2491 3 202
2493 18 1213
2495 9 607
2497 2 135
2499 9 608
2501 5 338
2503 3 203
2507 9 610
2511 9 611
2515 1 68
2518 18 1225
2519 10 681
2520 9 613
2522 6 409
2523 5 341
2524 9 614
2526 18 1229
2527 10 683
2528 3 205
2530 18 1231
2532 9 616
2534 2 137
2536 9 617
2538 5 343
2540 3 206
2544 9 619
2548 9 620
2552 1 69
2555 18 1243
2556 10 691
2557 9 622
2559 6 415
2560 5 346
2561 9 623
2563 18 1247
2564 10 693
2565 3 208
2567 18 1249
2569 9 625
2571 2 139
2573 9 626
2575 5 348
2577 3 209
2581 9 628
2585 9 629
2589 1 70
2592 18 1261
2593 10 701
2594 9 631
2596 6 421
2597 5 351
2598 9 632
2600 18 1265
2601 10 703
2602 3 211
2604 18 1267
2606 9 634
2608 2 141
2610 9 635
2612 5 353
2614 3 212
2618 9 637
2622 9 638
2626 1 71
2629 18 1279
2630 10 711
2631 9 640
2633 6 427
2634 5 356
2635 9 641
2637 18 1283
2638 10 713
2639 3 214
2641 18 1285
2643 9 643
2645 2 143
2647 9 644
2649 5 358
2651 3 215
2655 9 646
2659 9 647
2663 1 72
2666 18 1297
2667 10 721
2668 9 649
2670 6 433
2671 5 361
2672 9 650
2674 18 1301
2675 10 723
2676 3 217
2678 18 1303
2680 9 652
2682 2 145
2684 9 653
2686 5 363
2688 3 218
2692 9 655
2696 9 656
2700 1 73
2703 18 1315
2704 10 731
2705 9 658
2707 6 439
2708 5 366
2709 9 659
2711 18 1319
2712 10 733
2713 3 220
2715 18 1321
2717 9 661
2719 2 147
2721 9 662
2723 5 368
2725 3 221
2729 9 664
2733 9 665
2737 1 74
2740 18 1333
2741 10 741
2742 9 667
2744 6 445
2745 5 371
2746 9 668
2748 18 1337
2749 10 743
2750 3 223
2752 18 1339
2754 9 670
2756 2 149
2758 9 671
2760 5 373
2762 3 224
2766 9 673
2770 9 674
2774 1 75
2777 18 1351
2778 10 751
2779 9 676
2781 6 451
2782 5 376
2783 9 677
2785 18 1355
2786 10 753
2787 3 226
2789 18 1357
2791 9 679
2793 2 151
2795 9 680
2797 5 378
2799 3 227
2803 9 682
2807 9 683
2811 1 76
2814 18 1369
2815 10 761
2816 9 685
2818 6 457
2819 5 381
2820 9 686
2822 18 1373
2823 10 763
2824 3 229
2826 18 1375
2828 9 688
2830 2 153
2832 9 689
2834 5 383
2836 3 230
2840 9 691
2844 9 692
2848 1 77
2851 18 1387
2852 10 771
2853 9 694
2855 6 463
2856 5 386
2857 9 695
2859 18 1391
2860 10 773
2861 3 232
2863 18 1393
2865 9 697
2867 2 155
2869 9 698
2871 5 388
2873 3 233
2877 9 700
2881 9 701
2885 1 78
2888 18 1405
2889 10 781
2890 9 703
2892 6 469
2893 5 391
2894 9 704
2896 18 1409
2897 10 783
2898 3 235
2900 18 1411
2902 9 706
2904 2 157
2906 9 707
2908 5 393
2910 3 236
2914 9 709
2918 9 710
2922 1 79
2925 18 1423
2926 10 791
2927 9 712
2929 6 475
2930 5 396
2931 9 713
2933 18 1427
2934 10 793
2935 3 238
2937 18 1429
2939 9 715
2941 2 159
2943 9 716
2945 5 398
2947 3 239
2951 9 718
2955 9 719
2959 1 80
2962 18 1441
2963 10 801
2964 9 721
2966 6 481
2967 5 401
2968 9 722
2970 18 1445
2971 10 803
2972 3 241
2974 18 1447
2976 9 724
2978 2 161
2980 9 725
2982 5 403
2984 3 242
2988 9 727
2992 9 728
2996 1 81
2999 18 1459
3000 10 811
3001 9 730
3003 6 487
3004 5 406
3005 9 731
3007 18 1463
3008 10 813
3009 3 244
3011 18 1465
3013 9 733
3015 2 163
3017 9 734
3019 5 408
3021 3 245
3025 9 736
3029 9 737
3033 1 82
3036 18 1477
3037 10 821
3038 9 739
3040 6 493
3041 5 411
3042 9 740
3044 18 1481
3045 10 823
3046 3 247
3048 18 1483
3050 9 742
3052 2 165
3054 9 743
3056 5 413
3058 3 248
3062 9 745
3066 9 746
3070 1 83
3073 18 1495
3074 10 831
3075 9 748
3077 6 499
3078 5 416
3079 9 749
3081 18 1499
3082 10 833
3083 3 250
3085 18 1501
3087 9 751
3089 2 167
3091 9 752
3093 5 418
3095 3 251
3099 9 754
3103 9 755
3107 1 84
3110 18 1513
3111 10 841
3112 9 757
3114 6 505
3115 5 421
3116 9 758
3118 18 1517
3119 10 843
3120 3 253
3122 18 1519
3124 9 760
3126 2 169
3128 9 761
3130 5 423
3132 3 254
3136 9 763
3140 9 764
3144 1 85
3147 18 1531
3148 10 851
3149 9 766
3151 6 511
3152 5 426
3153 9 767
3155 18 1535
3156 10 853
3157 3 256
3159 18 1537
3161 9 769
3163 2 171
3165 9 770
3167 5 428
3169 3 257
3173 9 772
3177 9 773
3181 1 86
3184 18 1549
3185 10 861
3186 9 775
3188 6 517
3189 5 431
3190 9 776
3192 18 1553
3193 10 863
3194 3 259
3196 18 1555
3198 9 778
3200 2 173
3202 9 779
3204 5 433
3206 3 260
3210 9 781
3214 9 782
3218 1 87
3221 18 1567
3222 10 871
3223 9 784
3225 6 523
3226 5 436
3227 9 785
3229 18 1571
3230 10 873
3231 3 262
3233 18 1573
3235 9 787
3237 2 175
3239 9 788
3241 5 438
3243 3 263
3247 9 790
3251 9 791
3255 1 88
3258 18 1585
3259 10 881
3260 9 793
3262 6 529
3263 5 441
3264 9 794
3266 18 1589
3267 10 883
3268 3 265
3270 18 1591
3272 9 796
3274 2 177
3276 9 797
3278 5 443
3280 3 266
3284 9 799
3288 9 800
3292 1 89
3295 18 1603
3296 10 891
3297 9 802
3299 6 535
3300 5 446
3301 9 803
3303 18 1607
3304 10 893
3305 3 268
3307 18 1609
3309 9 805
3311 2 179
3313 9 806
3315 5 448
3317 3 269
3321 9 808
3325 9 809
3329 1 90
3332 18 1621
3333 10 901
3334 9 811
3336 6 541
3337 5 451
3338 9 812
3340 18 1625
3341 10 903
3342 3 271
3344 18 1627
3346 9 814
3348 2 181
3350 9 815
3352 5 453
3354 3 272
3358 9 817
3362 9 818
3366 1 91
3369 18 1639
3370 10 911
3371 9 820
3373 6 547
3374 5 456
3375 9 821
3377 18 1643
3378 10 913
3379 3 274
3381 18 1645
3383 9 823
3385 2 183
3387 9 824
3389 5 458
3391 3 275
3395 9 826
3399 9 827
3403 1 92
3406 18 1657
3407 10 921
3408 9 829
3410 6 553
3411 5 461
3412 9 830
3414 18 1661
3415 10 923
3416 3 277
3418 18 1663
3420 9 832
3422 2 185
3424 9 833
3426 5 463
3428 3 278
3432 9 835
3436 9 836
3440 1 93
3443 18 1675
3444 10 931
3445 9 838
3447 6 559
3448 5 466
3449 9 839
3451 18 1679
3452 10 933
3453 3 280
3455 18 1681
3457 9 841
3459 2 187
3461 9 842
3463 5 468
3465 3 281
3469 9 844
3473 9 845
3477 1 94
3480 18 1693
3481 10 941
3482 9 847
3484 6 565
3485 5 471
3486 9 848
3488 18 1697
3489 10 943
3490 3 283
3492 18 1699
3494 9 850
3496 2 189
3498 9 851
3500 5 473
3502 3 284
3506 9 853
3510 9 854
3514 1 95
3517 18 1711
3518 10 951
3519 9 856
3521 6 571
3522 5 476
3523 9 857
3525 18 1715
3526 10 953
3527 3 286
3529 18 1717
3531 9 859
3533 2 191
3535 9 860
3537 5 478
3539 3 287
3543 9 862
3547 9 863
3551 1 96
3554 18 1729
3555 10 961
3556 9 865
3558 6 577
3559 5 481
3560 9 866
3562 18 1733
3563 10 963
3564 3 289
3566 18 1735
3568 9 868
3570 2 193
3572 9 869
3574 5 483
3576 3 290
3580 9 871
3584 9 872
3588 1 97
3591 18 1747
3592 10 971
3593 9 874
3595 6 583
3596 5 486
3597 9 875
3599 18 1751
3600 10 973
3601 3 292
3603 18 1753
3605 9 877
3607 2 195
3609 9 878
3611 5 488
3613 3 293
3617 9 880
3621 9 881
3625 1 98
3628 18 1765
3629 10 981
3630 9 883
3632 6 589
3633 5 491
3634 9 884
3636 18 1769
3637 10 983
3638 3 295
3640 18 1771
3642 9 886
3644 2 197
3646 9 887
3648 5 493
3650 3 296
3654 9 889
3658 9 890
3662 1 99
3665 18 1783
3666 10 991
3667 9 892
3669 6 595
3670 5 496
3671 9 893
3673 18 1787
3674 10 993
3675 3 298
3677 18 1789
3679 9 895
3681 2 199
3683 9 896
3685 5 498
3687 3 299
3691 9 898
3695 9 899
3699 1 100
3702 18 1801
3703 10 1001
3704 9 901
3706 6 601
3707 5 501
3708 9 902
3710 18 1805
3711 10 1003
3712 3 301
3714 18 1807
3716 9 904
3718 2 201
3720 9 905
3722 5 503
3724 3 302
3728 9 907
3732 9 908
3736 1 101
3739 18 1819
3740 10 1011
3741 9 910
3743 6 607
3744 5 506
3745 9 911
3747 18 1823
3748 10 1013
3749 3 304
3751 18 1825
3753 9 913
3755 2 203
3757 9 914
3759 5 508
3761 3 305
3765 9 916
3769 9 917
3773 1 102
3776 18 1837
3777 10 1021
3778 9 919
3780 6 613
3781 5 511
3782 9 920
3784 18 1841
3785 10 1023
3786 3 307
3788 18 1843
3790 9 922
3792 2 205
3794 9 923
3796 5 513
3798 3 308
3802 9 925
3806 9 926
3810 1 103
3813 18 1855
3814 10 1031
3815 9 928
3817 6 619
3818 5 516
3819 9 929
3821 18 1859
3822 10 1033
3823 3 310
3825 18 1861
3827 9 931
3829 2 207
3831 9 932
3833 5 518
3835 3 311
3839 9 934
3843 9 935
3847 1 104
3850 18 1873
3851 10 1041
3852 9 937
3854 6 625
3855 5 521
3856 9 938
3858 18 1877
3859 10 1043
3860 3 313
3862 18 1879
3864 9 940
3866 2 209
3868 9 941
3870 5 523
3872 3 314
3876 9 943
3880 9 944
3884 1 105
3887 18 1891
3888 10 1051
3889 9 946
3891 6 631
3892 5 526
3893 9 947
3895 18 1895
3896 10 1053
3897 3 316
3899 18 1897
3901 9 949
3903 2 211
3905 9 950
3907 5 528
3909 3 317
3913 9 952
3917 9 953
3921 1 106
3924 18 1909
3925 10 1061
3926 9 955
3928 6 637
3929 5 531
3930 9 956
3932 18 1913
3933 10 1063
3934 3 319
3936 18 1915
3938 9 958
3940 2 213
3942 9 959
3944 5 533
3946 3 320
3950 9 961
3954 9 962
3958 1 107
3961 18 1927
3962 10 1071
3963 9 964
3965 6 643
3966 5 536
3967 9 965
3969 18 1931
3970 10 1073
3971 3 322
3973 18 1933
3975 9 967
3977 2 215
3979 9 968
3981 5 538
3983 3 323
3987 9 970
3991 9 971
3995 1 108
3998 18 1945
3999 10 1081
4000 9 973
4002 6 649
4003 5 541
4004 9 974
4006 18 1949
4007 10 1083
4008 3 325
4010 18 1951
4012 9 976
4014 2 217
4016 9 977
4018 5 543
4020 3 326
4024 9 979
4028 9 980
4032 1 109
4035 18 1963
4036 10 1091
4037 9 982
4039 6 655
4040 5 546
4041 9 983
4043 18 1967
4044 10 1093
4045 3 328
4047 18 1969
4049 9 985
4051 2 219
4053 9 986
4055 5 548
4057 3 329
4061 9 988
4065 9 989
4069 1 110
4072 18 1981
4073 10 1101
4074 9 991
4076 6 661
4077 5 551
4078 9 992
4080 18 1985
4081 10 1103
4082 3 331
4084 18 1987
4086 9 994
4088 2 221
4090 9 995
4092 5 553
4094 3 332
4098 9 997
4102 9 998
4106 1 111
4109 18 1999
4110 10 1111
4111 9 1000
4113 6 667
4114 5 556
4115 9 1001
4117 18 2003
4118 10 1113
4119 3 334
4121 18 2005
4123 9 1003
4125 2 223
4127 9 1004
4129 5 558
4131 3 335
4135 9 1006
4139 9 1007
4143 1 112
4146 18 2017
4147 10 1121
4148 9 1009
4150 6 673
4151 5 561
4152 9 1010
4154 18 2021
4155 10 1123
4156 3 337
4158 18 2023
4160 9 1012
4162 2 225
4164 9 1013
4166 5 563
4168 3 338
4172 9 1015
4176 9 1016
4180 1 113
4183 18 2035
4184 10 1131
4185 9 1018
4187 6 679
4188 5 566
4189 9 1019
4191 18 2039
4192 10 1133
4193 3 340
4195 18 2041
4197 9 1021
4199 2 227
4201 9 1022
4203 5 568
4205 3 341
4209 9 1024
4213 9 1025
4217 1 114
4220 18 2053
4221 10 1141
4222 9 1027
4224 6 685
4225 5 571
4226 9 1028
4228 18 2057
4229 10 1143
4230 3 343
4232 18 2059
4234 9 1030
4236 2 229
4238 9 1031
4240 5 573
4242 3 344
4246 9 1033
4250 9 1034
4254 1 115
4257 18 2071
4258 10 1151
4259 9 1036
4261 6 691
4262 5 576
4263 9 1037
4265 18 2075
4266 10 1153
4267 3 346
4269 18 2077
4271 9 1039
4273 2 231
4275 9 1040
4277 5 578
4279 3 347
4283 9 1042
4287 9 1043
4291 1 116
4294 18 2089
4295 10 1161
4296 9 1045
4298 6 697
4299 5 581
4300 9 1046
4302 18 2093
4303 10 1163
4304 3 349
4306 18 2095
4308 9 1048
4310 2 233
4312 9 1049
4314 5 583
4316 3 350
4320 9 1051
4324 9 1052
4328 1 117
4331 18 2107
4332 10 1171
4333 9 1054
4335 6 703
4336 5 586
4337 9 1055
4339 18 2111
4340 10 1173
4341 3 352
4343 18 2113
4345 9 1057
4347 2 235
4349 9 1058
4351 5 588
4353 3 353
4357 9 1060
4361 9 1061
4365 1 118
4368 18 2125
4369 10 1181
4370 9 1063
4372 6 709
4373 5 591
4374 9 1064
4376 18 2129
4377 10 1183
4378 3 355
4380 18 2131
4382 9 1066
4384 2 237
4386 9 1067
4388 5 593
4390 3 356
4394 9 1069
4398 9 1070
4402 1 119
4405 18 2143
4406 10 1191
4407 9 1072
4409 6 715
4410 5 596
4411 9 1073
4413 18 2147
4414 10 1193
4415 3 358
4417 18 2149
4419 9 1075
4421 2 239
4423 9 1076
4425 5 598
4427 3 359
4431 9 1078
4435 9 1079
4439 1 120
4442 18 2161
4443 10 1201
4444 9 1081
4446 6 721
4447 5 601
4448 9 1082
4450 18 2165
4451 10 1203
4452 3 361
4454 18 2167
4456 9 1084
4458 2 241
4460 9 1085
4462 5 603
4464 3 362
4468 9 1087
4472 9 1088
4476 1 121
4479 18 2179
4480 10 1211
4481 9 1090
4483 6 727
4484 5 606
4485 9 1091
4487 18 2183
4488 10 1213
4489 3 364
4491 18 2185
4493 9 1093
4495 2 243
4497 9 1094
4499 5 608
4501 3 365
4505 9 1096
4509 9 1097
4513 1 122
4516 18 2197
4517 10 1221
4518 9 1099
4520 6 733
4521 5 611
4522 9 1100
4524 18 2201
4525 10 1223
4526 3 367
4528 18 2203
4530 9 1102
4532 2 245
4534 9 1103
4536 5 613
4538 3 368
4542 9 1105
4546 9 1106
4550 1 123
4553 18 2215
4554 10 1231
4555 9 1108
4557 6 739
4558 5 616
4559 9 1109
4561 18 2219
4562 10 1233
4563 3 370
4565 18 2221
4567 9 1111
4569 2 247
4571 9 1112
4573 5 618
4575 3 371
4579 9 1114
4583 9 1115
4587 1 124
4590 18 2233
4591 10 1241
4592 9 1117
4594 6 745
4595 5 621
4596 9 1118
4598 18 2237
4599 10 1243
4600 3 373
4602 18 2239
4604 9 1120
4606 2 249
4608 9 1121
4610 5 623
4612 3 374
4616 9 1123
4620 9 1124
4624 1 125
4627 18 2251
4628 10 1251
4629 9 1126
4631 6 751
4632 5 626
4633 9 1127
4635 18 2255
4636 10 1253
4637 3 376
4639 18 2257
4641 9 1129
4643 2 251
4645 9 1130
4647 5 628
4649 3 377
4653 9 1132
4657 9 1133
4661 1 126
4664 18 2269
4665 10 1261
4666 9 1135
4668 6 757
4669 5 631
4670 9 1136
4672 18 2273
4673 10 1263
4674 3 379
4676 18 2275
4678 9 1138
4680 2 253
4682 9 1139
4684 5 633
4686 3 380
4690 9 1141
4694 9 1142
4698 1 127
4701 18 2287
4702 10 1271
4703 9 1144
4705 6 763
4706 5 636
4707 9 1145
4709 18 2291
4710 10 1273
4711 3 382
4713 18 2293
4715 9 1147
4717 2 255
4719 9 1148
4721 5 638
4723 3 383
4727 9 1150
4731 9 1151
4735 1 128
4738 18 2305
4739 10 1281
4740 9 1153
4742 6 769
4743 5 641
4744 9 1154
4746 18 2309
4747 10 1283
4748 3 385
4750 18 2311
4752 9 1156
4754 2 257
4756 9 1157
4758 5 643
4760 3 386
4764 9 1159
4768 9 1160
4772 1 129
