4644 73 100000000 3629 1000
4 53 3
5 53 4
6 12 1
8 53 6
9 8 1
11 53 8
12 6 1
15 53 11
16 53 12
17 53 13
18 4 1
22 53 16
23 53 17
24 3 1
26 53 19
27 8 3
30 53 22
33 53 24
34 53 25
35 53 26
36 2 1
41 53 30
42 12 7
44 53 32
45 53 33
48 53 35
52 53 38
53 53 39
54 4 3
59 53 43
60 53 44
63 53 46
66 53 48
70 53 51
71 53 52
72 1 1
77 53 56
78 53 57
79 12 13
81 53 59
82 8 9
84 53 61
85 6 7
88 53 64
89 53 65
90 53 66
91 4 5
95 53 69
96 53 70
97 3 4
99 53 72
100 8 11
103 53 75
106 53 77
107 53 78
108 53 79
109 2 3
114 53 83
115 12 19
117 53 85
118 53 86
121 53 88
125 53 91
126 53 92
127 4 7
132 53 96
133 53 97
136 53 99
139 53 101
143 53 104
144 53 105
145 1 2
150 53 109
151 53 110
152 12 25
154 53 112
155 8 17
157 53 114
158 6 13
161 53 117
162 53 118
163 53 119
164 4 9
168 53 122
169 53 123
170 3 7
172 53 125
173 8 19
176 53 128
179 53 130
180 53 131
181 53 132
182 2 5
187 53 136
188 12 31
190 53 138
191 53 139
194 53 141
198 53 144
199 53 145
200 4 11
205 53 149
206 53 150
209 53 152
212 53 154
216 53 157
217 53 158
218 1 3
223 53 162
224 53 163
225 12 37
227 53 165
228 8 25
230 53 167
231 6 19
234 53 170
235 53 171
236 53 172
237 4 13
241 53 175
242 53 176
243 3 10
245 53 178
246 8 27
249 53 181
252 53 183
253 53 184
254 53 185
255 2 7
260 53 189
261 12 43
263 53 191
264 53 192
267 53 194
271 53 197
272 53 198
273 4 15
278 53 202
279 53 203
282 53 205
285 53 207
289 53 210
290 53 211
291 1 4
296 53 215
297 53 216
298 12 49
300 53 218
301 8 33
303 53 220
304 6 25
307 53 223
308 53 224
309 53 225
310 4 17
314 53 228
315 53 229
316 3 13
318 53 231
319 8 35
322 53 234
325 53 236
326 53 237
327 53 238
328 2 9
333 53 242
334 12 55
336 53 244
337 53 245
340 53 247
344 53 250
345 53 251
346 4 19
351 53 255
352 53 256
355 53 258
358 53 260
362 53 263
363 53 264
364 1 5
369 53 268
370 53 269
371 12 61
373 53 271
374 8 41
376 53 273
377 6 31
380 53 276
381 53 277
382 53 278
383 4 21
387 53 281
388 53 282
389 3 16
391 53 284
392 8 43
395 53 287
398 53 289
399 53 290
400 53 291
401 2 11
406 53 295
407 12 67
409 53 297
410 53 298
413 53 300
417 53 303
418 53 304
419 4 23
424 53 308
425 53 309
428 53 311
431 53 313
435 53 316
436 53 317
437 1 6
442 53 321
443 53 322
444 12 73
446 53 324
447 8 49
449 53 326
450 6 37
453 53 329
454 53 330
455 53 331
456 4 25
460 53 334
461 53 335
462 3 19
464 53 337
465 8 51
468 53 340
471 53 342
472 53 343
473 53 344
474 2 13
479 53 348
480 12 79
482 53 350
483 53 351
486 53 353
490 53 356
491 53 357
492 4 27
497 53 361
498 53 362
501 53 364
504 53 366
508 53 369
509 53 370
510 1 7
515 53 374
516 53 375
517 12 85
519 53 377
520 8 57
522 53 379
523 6 43
526 53 382
527 53 383
528 53 384
529 4 29
533 53 387
534 53 388
535 3 22
537 53 390
538 8 59
541 53 393
544 53 395
545 53 396
546 53 397
547 2 15
552 53 401
553 12 91
555 53 403
556 53 404
559 53 406
563 53 409
564 53 410
565 4 31
570 53 414
571 53 415
574 53 417
577 53 419
581 53 422
582 53 423
583 1 8
588 53 427
589 53 428
590 12 97
592 53 430
593 8 65
595 53 432
596 6 49
599 53 435
600 53 436
601 53 437
602 4 33
606 53 440
607 53 441
608 3 25
610 53 443
611 8 67
614 53 446
617 53 448
618 53 449
619 53 450
620 2 17
625 53 454
626 12 103
628 53 456
629 53 457
632 53 459
636 53 462
637 53 463
638 4 35
643 53 467
644 53 468
647 53 470
650 53 472
654 53 475
655 53 476
656 1 9
661 53 480
662 53 481
663 12 109
665 53 483
666 8 73
668 53 485
669 6 55
672 53 488
673 53 489
674 53 490
675 4 37
679 53 493
680 53 494
681 3 28
683 53 496
684 8 75
687 53 499
690 53 501
691 53 502
692 53 503
693 2 19
698 53 507
699 12 115
701 53 509
702 53 510
705 53 512
709 53 515
710 53 516
711 4 39
716 53 520
717 53 521
720 53 523
723 53 525
727 53 528
728 53 529
729 1 10
734 53 533
735 53 534
736 12 121
738 53 536
739 8 81
741 53 538
742 6 61
745 53 541
746 53 542
747 53 543
748 4 41
752 53 546
753 53 547
754 3 31
756 53 549
757 8 83
760 53 552
763 53 554
764 53 555
765 53 556
766 2 21
771 53 560
772 12 127
774 53 562
775 53 563
778 53 565
782 53 568
783 53 569
784 4 43
789 53 573
790 53 574
793 53 576
796 53 578
800 53 581
801 53 582
802 1 11
807 53 586
808 53 587
809 12 133
811 53 589
812 8 89
814 53 591
815 6 67
818 53 594
819 53 595
820 53 596
821 4 45
825 53 599
826 53 600
827 3 34
829 53 602
830 8 91
833 53 605
836 53 607
837 53 608
838 53 609
839 2 23
844 53 613
845 12 139
847 53 615
848 53 616
851 53 618
855 53 621
856 53 622
857 4 47
862 53 626
863 53 627
866 53 629
869 53 631
873 53 634
874 53 635
875 1 12
880 53 639
881 53 640
882 12 145
884 53 642
885 8 97
887 53 644
888 6 73
891 53 647
892 53 648
893 53 649
894 4 49
898 53 652
899 53 653
900 3 37
902 53 655
903 8 99
906 53 658
909 53 660
910 53 661
911 53 662
912 2 25
917 53 666
918 12 151
920 53 668
921 53 669
924 53 671
928 53 674
929 53 675
930 4 51
935 53 679
936 53 680
939 53 682
942 53 684
946 53 687
947 53 688
948 1 13
953 53 692
954 53 693
955 12 157
957 53 695
958 8 105
960 53 697
961 6 79
964 53 700
965 53 701
966 53 702
967 4 53
971 53 705
972 53 706
973 3 40
975 53 708
976 8 107
979 53 711
982 53 713
983 53 714
984 53 715
985 2 27
990 53 719
991 12 163
993 53 721
994 53 722
997 53 724
1001 53 727
1002 53 728
1003 4 55
1008 53 732
1009 53 733
1012 53 735
1015 53 737
1019 53 740
1020 53 741
1021 1 14
1026 53 745
1027 53 746
1028 12 169
1030 53 748
1031 8 113
1033 53 750
1034 6 85
1037 53 753
1038 53 754
1039 53 755
1040 4 57
1044 53 758
1045 53 759
1046 3 43
1048 53 761
1049 8 115
1052 53 764
1055 53 766
1056 53 767
1057 53 768
1058 2 29
1063 53 772
1064 12 175
1066 53 774
1067 53 775
1070 53 777
1074 53 780
1075 53 781
1076 4 59
1081 53 785
1082 53 786
1085 53 788
1088 53 790
1092 53 793
1093 53 794
1094 1 15
1099 53 798
1100 53 799
1101 12 181
1103 53 801
1104 8 121
1106 53 803
1107 6 91
1110 53 806
1111 53 807
1112 53 808
1113 4 61
1117 53 811
1118 53 812
1119 3 46
1121 53 814
1122 8 123
1125 53 817
1128 53 819
1129 53 820
1130 53 821
1131 2 31
1136 53 825
1137 12 187
1139 53 827
1140 53 828
1143 53 830
1147 53 833
1148 53 834
1149 4 63
1154 53 838
1155 53 839
1158 53 841
1161 53 843
1165 53 846
1166 53 847
1167 1 16
1172 53 851
1173 53 852
1174 12 193
1176 53 854
1177 8 129
1179 53 856
1180 6 97
1183 53 859
1184 53 860
1185 53 861
1186 4 65
1190 53 864
1191 53 865
1192 3 49
1194 53 867
1195 8 131
1198 53 870
1201 53 872
1202 53 873
1203 53 874
1204 2 33
1209 53 878
1210 12 199
1212 53 880
1213 53 881
1216 53 883
1220 53 886
1221 53 887
1222 4 67
1227 53 891
1228 53 892
1231 53 894
1234 53 896
1238 53 899
1239 53 900
1240 1 17
1245 53 904
1246 53 905
1247 12 205
1249 53 907
1250 8 137
1252 53 909
1253 6 103
1256 53 912
1257 53 913
1258 53 914
1259 4 69
1263 53 917
1264 53 918
1265 3 52
1267 53 920
1268 8 139
1271 53 923
1274 53 925
1275 53 926
1276 53 927
1277 2 35
1282 53 931
1283 12 211
1285 53 933
1286 53 934
1289 53 936
1293 53 939
1294 53 940
1295 4 71
1300 53 944
1301 53 945
1304 53 947
1307 53 949
1311 53 952
1312 53 953
1313 1 18
1318 53 957
1319 53 958
1320 12 217
1322 53 960
1323 8 145
1325 53 962
1326 6 109
1329 53 965
1330 53 966
1331 53 967
1332 4 73
1336 53 970
1337 53 971
1338 3 55
1340 53 973
1341 8 147
1344 53 976
1347 53 978
1348 53 979
1349 53 980
1350 2 37
1355 53 984
1356 12 223
1358 53 986
1359 53 987
1362 53 989
1366 53 992
1367 53 993
1368 4 75
1373 53 997
1374 53 998
1377 53 1000
1380 53 1002
1384 53 1005
1385 53 1006
1386 1 19
1391 53 1010
1392 53 1011
1393 12 229
1395 53 1013
1396 8 153
1398 53 1015
1399 6 115
1402 53 1018
1403 53 1019
1404 53 1020
1405 4 77
1409 53 1023
1410 53 1024
1411 3 58
1413 53 1026
1414 8 155
1417 53 1029
1420 53 1031
1421 53 1032
1422 53 1033
1423 2 39
1428 53 1037
1429 12 235
1431 53 1039
1432 53 1040
1435 53 1042
1439 53 1045
1440 53 1046
1441 4 79
1446 53 1050
1447 53 1051
1450 53 1053
1453 53 1055
1457 53 1058
1458 53 1059
1459 1 20
1464 53 1063
1465 53 1064
1466 12 241
1468 53 1066
1469 8 161
1471 53 1068
1472 6 121
1475 53 1071
1476 53 1072
1477 53 1073
1478 4 81
1482 53 1076
1483 53 1077
1484 3 61
1486 53 1079
1487 8 163
1490 53 1082
1493 53 1084
1494 53 1085
1495 53 1086
1496 2 41
1501 53 1090
1502 12 247
1504 53 1092
1505 53 1093
1508 53 1095
1512 53 1098
1513 53 1099
1514 4 83
1519 53 1103
1520 53 1104
1523 53 1106
1526 53 1108
1530 53 1111
1531 53 1112
1532 1 21
1537 53 1116
1538 53 1117
1539 12 253
1541 53 1119
1542 8 169
1544 53 1121
1545 6 127
1548 53 1124
1549 53 1125
1550 53 1126
1551 4 85
1555 53 1129
1556 53 1130
1557 3 64
1559 53 1132
1560 8 171
1563 53 1135
1566 53 1137
1567 53 1138
1568 53 1139
1569 2 43
1574 53 1143
1575 12 259
1577 53 1145
1578 53 1146
1581 53 1148
1585 53 1151
1586 53 1152
1587 4 87
1592 53 1156
1593 53 1157
1596 53 1159
1599 53 1161
1603 53 1164
1604 53 1165
1605 1 22
1610 53 1169
1611 53 1170
1612 12 265
1614 53 1172
1615 8 177
1617 53 1174
1618 6 133
1621 53 1177
1622 53 1178
1623 53 1179
1624 4 89
1628 53 1182
1629 53 1183
1630 3 67
1632 53 1185
1633 8 179
1636 53 1188
1639 53 1190
1640 53 1191
1641 53 1192
1642 2 45
1647 53 1196
1648 12 271
1650 53 1198
1651 53 1199
1654 53 1201
1658 53 1204
1659 53 1205
1660 4 91
1665 53 1209
1666 53 1210
1669 53 1212
1672 53 1214
1676 53 1217
1677 53 1218
1678 1 23
1683 53 1222
1684 53 1223
1685 12 277
1687 53 1225
1688 8 185
1690 53 1227
1691 6 139
1694 53 1230
1695 53 1231
1696 53 1232
1697 4 93
1701 53 1235
1702 53 1236
1703 3 70
1705 53 1238
1706 8 187
1709 53 1241
1712 53 1243
1713 53 1244
1714 53 1245
1715 2 47
1720 53 1249
1721 12 283
1723 53 1251
1724 53 1252
1727 53 1254
1731 53 1257
1732 53 1258
1733 4 95
1738 53 1262
1739 53 1263
1742 53 1265
1745 53 1267
1749 53 1270
1750 53 1271
1751 1 24
1756 53 1275
1757 53 1276
1758 12 289
1760 53 1278
1761 8 193
1763 53 1280
1764 6 145
1767 53 1283
1768 53 1284
1769 53 1285
1770 4 97
1774 53 1288
1775 53 1289
1776 3 73
1778 53 1291
1779 8 195
1782 53 1294
1785 53 1296
1786 53 1297
1787 53 1298
1788 2 49
1793 53 1302
1794 12 295
1796 53 1304
1797 53 1305
1800 53 1307
1804 53 1310
1805 53 1311
1806 4 99
1811 53 1315
1812 53 1316
1815 53 1318
1818 53 1320
1822 53 1323
1823 53 1324
1824 1 25
1829 53 1328
1830 53 1329
1831 12 301
1833 53 1331
1834 8 201
1836 53 1333
1837 6 151
1840 53 1336
1841 53 1337
1842 53 1338
1843 4 101
1847 53 1341
1848 53 1342
1849 3 76
1851 53 1344
1852 8 203
1855 53 1347
1858 53 1349
1859 53 1350
1860 53 1351
1861 2 51
1866 53 1355
1867 12 307
1869 53 1357
1870 53 1358
1873 53 1360
1877 53 1363
1878 53 1364
1879 4 103
1884 53 1368
1885 53 1369
1888 53 1371
1891 53 1373
1895 53 1376
1896 53 1377
1897 1 26
1902 53 1381
1903 53 1382
1904 12 313
1906 53 1384
1907 8 209
1909 53 1386
1910 6 157
1913 53 1389
1914 53 1390
1915 53 1391
1916 4 105
1920 53 1394
1921 53 1395
1922 3 79
1924 53 1397
1925 8 211
1928 53 1400
1931 53 1402
1932 53 1403
1933 53 1404
1934 2 53
1939 53 1408
1940 12 319
1942 53 1410
1943 53 1411
1946 53 1413
1950 53 1416
1951 53 1417
1952 4 107
1957 53 1421
1958 53 1422
1961 53 1424
1964 53 1426
1968 53 1429
1969 53 1430
1970 1 27
1975 53 1434
1976 53 1435
1977 12 325
1979 53 1437
1980 8 217
1982 53 1439
1983 6 163
1986 53 1442
1987 53 1443
1988 53 1444
1989 4 109
1993 53 1447
1994 53 1448
1995 3 82
1997 53 1450
1998 8 219
2001 53 1453
2004 53 1455
2005 53 1456
2006 53 1457
2007 2 55
2012 53 1461
2013 12 331
2015 53 1463
2016 53 1464
2019 53 1466
2023 53 1469
2024 53 1470
2025 4 111
2030 53 1474
2031 53 1475
2034 53 1477
2037 53 1479
2041 53 1482
2042 53 1483
2043 1 28
2048 53 1487
2049 53 1488
2050 12 337
2052 53 1490
2053 8 225
2055 53 1492
2056 6 169
2059 53 1495
2060 53 1496
2061 53 1497
2062 4 113
2066 53 1500
2067 53 1501
2068 3 85
2070 53 1503
2071 8 227
2074 53 1506
2077 53 1508
2078 53 1509
2079 53 1510
2080 2 57
2085 53 1514
2086 12 343
2088 53 1516
2089 53 1517
2092 53 1519
2096 53 1522
2097 53 1523
2098 4 115
2103 53 1527
2104 53 1528
2107 53 1530
2110 53 1532
2114 53 1535
2115 53 1536
2116 1 29
2121 53 1540
2122 53 1541
2123 12 349
2125 53 1543
2126 8 233
2128 53 1545
2129 6 175
2132 53 1548
2133 53 1549
2134 53 1550
2135 4 117
2139 53 1553
2140 53 1554
2141 3 88
2143 53 1556
2144 8 235
2147 53 1559
2150 53 1561
2151 53 1562
2152 53 1563
2153 2 59
2158 53 1567
2159 12 355
2161 53 1569
2162 53 1570
2165 53 1572
2169 53 1575
2170 53 1576
2171 4 119
2176 53 1580
2177 53 1581
2180 53 1583
2183 53 1585
2187 53 1588
2188 53 1589
2189 1 30
2194 53 1593
2195 53 1594
2196 12 361
2198 53 1596
2199 8 241
2201 53 1598
2202 6 181
2205 53 1601
2206 53 1602
2207 53 1603
2208 4 121
2212 53 1606
2213 53 1607
2214 3 91
2216 53 1609
2217 8 243
2220 53 1612
2223 53 1614
2224 53 1615
2225 53 1616
2226 2 61
2231 53 1620
2232 12 367
2234 53 1622
2235 53 1623
2238 53 1625
2242 53 1628
2243 53 1629
2244 4 123
2249 53 1633
2250 53 1634
2253 53 1636
2256 53 1638
2260 53 1641
2261 53 1642
2262 1 31
2267 53 1646
2268 53 1647
2269 12 373
2271 53 1649
2272 8 249
2274 53 1651
2275 6 187
2278 53 1654
2279 53 1655
2280 53 1656
2281 4 125
2285 53 1659
2286 53 1660
2287 3 94
2289 53 1662
2290 8 251
2293 53 1665
2296 53 1667
2297 53 1668
2298 53 1669
2299 2 63
2304 53 1673
2305 12 379
2307 53 1675
2308 53 1676
2311 53 1678
2315 53 1681
2316 53 1682
2317 4 127
2322 53 1686
2323 53 1687
2326 53 1689
2329 53 1691
2333 53 1694
2334 53 1695
2335 1 32
2340 53 1699
2341 53 1700
2342 12 385
2344 53 1702
2345 8 257
2347 53 1704
2348 6 193
2351 53 1707
2352 53 1708
2353 53 1709
2354 4 129
2358 53 1712
2359 53 1713
2360 3 97
2362 53 1715
2363 8 259
2366 53 1718
2369 53 1720
2370 53 1721
2371 53 1722
2372 2 65
2377 53 1726
2378 12 391
2380 53 1728
2381 53 1729
2384 53 1731
2388 53 1734
2389 53 1735
2390 4 131
2395 53 1739
2396 53 1740
2399 53 1742
2402 53 1744
2406 53 1747
2407 53 1748
2408 1 33
2413 53 1752
2414 53 1753
2415 12 397
2417 53 1755
2418 8 265
2420 53 1757
2421 6 199
2424 53 1760
2425 53 1761
2426 53 1762
2427 4 133
2431 53 1765
2432 53 1766
2433 3 100
2435 53 1768
2436 8 267
2439 53 1771
2442 53 1773
2443 53 1774
2444 53 1775
2445 2 67
2450 53 1779
2451 12 403
2453 53 1781
2454 53 1782
2457 53 1784
2461 53 1787
2462 53 1788
2463 4 135
2468 53 1792
2469 53 1793
2472 53 1795
2475 53 1797
2479 53 1800
2480 53 1801
2481 1 34
2486 53 1805
2487 53 1806
2488 12 409
2490 53 1808
2491 8 273
2493 53 1810
2494 6 205
2497 53 1813
2498 53 1814
2499 53 1815
2500 4 137
2504 53 1818
2505 53 1819
2506 3 103
2508 53 1821
2509 8 275
2512 53 1824
2515 53 1826
2516 53 1827
2517 53 1828
2518 2 69
2523 53 1832
2524 12 415
2526 53 1834
2527 53 1835
2530 53 1837
2534 53 1840
2535 53 1841
2536 4 139
2541 53 1845
2542 53 1846
2545 53 1848
2548 53 1850
2552 53 1853
2553 53 1854
2554 1 35
2559 53 1858
2560 53 1859
2561 12 421
2563 53 1861
2564 8 281
2566 53 1863
2567 6 211
2570 53 1866
2571 53 1867
2572 53 1868
2573 4 141
2577 53 1871
2578 53 1872
2579 3 106
2581 53 1874
2582 8 283
2585 53 1877
2588 53 1879
2589 53 1880
2590 53 1881
2591 2 71
2596 53 1885
2597 12 427
2599 53 1887
2600 53 1888
2603 53 1890
2607 53 1893
2608 53 1894
2609 4 143
2614 53 1898
2615 53 1899
2618 53 1901
2621 53 1903
2625 53 1906
2626 53 1907
2627 1 36
2632 53 1911
2633 53 1912
2634 12 433
2636 53 1914
2637 8 289
2639 53 1916
2640 6 217
2643 53 1919
2644 53 1920
2645 53 1921
2646 4 145
2650 53 1924
2651 53 1925
2652 3 109
2654 53 1927
2655 8 291
2658 53 1930
2661 53 1932
2662 53 1933
2663 53 1934
2664 2 73
2669 53 1938
2670 12 439
2672 53 1940
2673 53 1941
2676 53 1943
2680 53 1946
2681 53 1947
2682 4 147
2687 53 1951
2688 53 1952
2691 53 1954
2694 53 1956
2698 53 1959
2699 53 1960
2700 1 37
2705 53 1964
2706 53 1965
2707 12 445
2709 53 1967
2710 8 297
2712 53 1969
2713 6 223
2716 53 1972
2717 53 1973
2718 53 1974
2719 4 149
2723 53 1977
2724 53 1978
2725 3 112
2727 53 1980
2728 8 299
2731 53 1983
2734 53 1985
2735 53 1986
2736 53 1987
2737 2 75
2742 53 1991
2743 12 451
2745 53 1993
2746 53 1994
2749 53 1996
2753 53 1999
2754 53 2000
2755 4 151
2760 53 2004
2761 53 2005
2764 53 2007
2767 53 2009
2771 53 2012
2772 53 2013
2773 1 38
2778 53 2017
2779 53 2018
2780 12 457
2782 53 2020
2783 8 305
2785 53 2022
2786 6 229
2789 53 2025
2790 53 2026
2791 53 2027
2792 4 153
2796 53 2030
2797 53 2031
2798 3 115
2800 53 2033
2801 8 307
2804 53 2036
2807 53 2038
2808 53 2039
2809 53 2040
2810 2 77
2815 53 2044
2816 12 463
2818 53 2046
2819 53 2047
2822 53 2049
2826 53 2052
2827 53 2053
2828 4 155
2833 53 2057
2834 53 2058
2837 53 2060
2840 53 2062
2844 53 2065
2845 53 2066
2846 1 39
2851 53 2070
2852 53 2071
2853 12 469
2855 53 2073
2856 8 313
2858 53 2075
2859 6 235
2862 53 2078
2863 53 2079
2864 53 2080
2865 4 157
2869 53 2083
2870 53 2084
2871 3 118
2873 53 2086
2874 8 315
2877 53 2089
2880 53 2091
2881 53 2092
2882 53 2093
2883 2 79
2888 53 2097
2889 12 475
2891 53 2099
2892 53 2100
2895 53 2102
2899 53 2105
2900 53 2106
2901 4 159
2906 53 2110
2907 53 2111
2910 53 2113
2913 53 2115
2917 53 2118
2918 53 2119
2919 1 40
2924 53 2123
2925 53 2124
2926 12 481
2928 53 2126
2929 8 321
2931 53 2128
2932 6 241
2935 53 2131
2936 53 2132
2937 53 2133
2938 4 161
2942 53 2136
2943 53 2137
2944 3 121
2946 53 2139
2947 8 323
2950 53 2142
2953 53 2144
2954 53 2145
2955 53 2146
2956 2 81
2961 53 2150
2962 12 487
2964 53 2152
2965 53 2153
2968 53 2155
2972 53 2158
2973 53 2159
2974 4 163
2979 53 2163
2980 53 2164
2983 53 2166
2986 53 2168
2990 53 2171
2991 53 2172
2992 1 41
2997 53 2176
2998 53 2177
2999 12 493
3001 53 2179
3002 8 329
3004 53 2181
3005 6 247
3008 53 2184
3009 53 2185
3010 53 2186
3011 4 165
3015 53 2189
3016 53 2190
3017 3 124
3019 53 2192
3020 8 331
3023 53 2195
3026 53 2197
3027 53 2198
3028 53 2199
3029 2 83
3034 53 2203
3035 12 499
3037 53 2205
3038 53 2206
3041 53 2208
3045 53 2211
3046 53 2212
3047 4 167
3052 53 2216
3053 53 2217
3056 53 2219
3059 53 2221
3063 53 2224
3064 53 2225
3065 1 42
3070 53 2229
3071 53 2230
3072 12 505
3074 53 2232
3075 8 337
3077 53 2234
3078 6 253
3081 53 2237
3082 53 2238
3083 53 2239
3084 4 169
3088 53 2242
3089 53 2243
3090 3 127
3092 53 2245
3093 8 339
3096 53 2248
3099 53 2250
3100 53 2251
3101 53 2252
3102 2 85
3107 53 2256
3108 12 511
3110 53 2258
3111 53 2259
3114 53 2261
3118 53 2264
3119 53 2265
3120 4 171
3125 53 2269
3126 53 2270
3129 53 2272
3132 53 2274
3136 53 2277
3137 53 2278
3138 1 43
3143 53 2282
3144 53 2283
3145 12 517
3147 53 2285
3148 8 345
3150 53 2287
3151 6 259
3154 53 2290
3155 53 2291
3156 53 2292
3157 4 173
3161 53 2295
3162 53 2296
3163 3 130
3165 53 2298
3166 8 347
3169 53 2301
3172 53 2303
3173 53 2304
3174 53 2305
3175 2 87
3180 53 2309
3181 12 523
3183 53 2311
3184 53 2312
3187 53 2314
3191 53 2317
3192 53 2318
3193 4 175
3198 53 2322
3199 53 2323
3202 53 2325
3205 53 2327
3209 53 2330
3210 53 2331
3211 1 44
3216 53 2335
3217 53 2336
3218 12 529
3220 53 2338
3221 8 353
3223 53 2340
3224 6 265
3227 53 2343
3228 53 2344
3229 53 2345
3230 4 177
3234 53 2348
3235 53 2349
3236 3 133
3238 53 2351
3239 8 355
3242 53 2354
3245 53 2356
3246 53 2357
3247 53 2358
3248 2 89
3253 53 2362
3254 12 535
3256 53 2364
3257 53 2365
3260 53 2367
3264 53 2370
3265 53 2371
3266 4 179
3271 53 2375
3272 53 2376
3275 53 2378
3278 53 2380
3282 53 2383
3283 53 2384
3284 1 45
3289 53 2388
3290 53 2389
3291 12 541
3293 53 2391
3294 8 361
3296 53 2393
3297 6 271
3300 53 2396
3301 53 2397
3302 53 2398
3303 4 181
3307 53 2401
3308 53 2402
3309 3 136
3311 53 2404
3312 8 363
3315 53 2407
3318 53 2409
3319 53 2410
3320 53 2411
3321 2 91
3326 53 2415
3327 12 547
3329 53 2417
3330 53 2418
3333 53 2420
3337 53 2423
3338 53 2424
3339 4 183
3344 53 2428
3345 53 2429
3348 53 2431
3351 53 2433
3355 53 2436
3356 53 2437
3357 1 46
3362 53 2441
3363 53 2442
3364 12 553
3366 53 2444
3367 8 369
3369 53 2446
3370 6 277
3373 53 2449
3374 53 2450
3375 53 2451
3376 4 185
3380 53 2454
3381 53 2455
3382 3 139
3384 53 2457
3385 8 371
3388 53 2460
3391 53 2462
3392 53 2463
3393 53 2464
3394 2 93
3399 53 2468
3400 12 559
3402 53 2470
3403 53 2471
3406 53 2473
3410 53 2476
3411 53 2477
3412 4 187
3417 53 2481
3418 53 2482
3421 53 2484
3424 53 2486
3428 53 2489
3429 53 2490
3430 1 47
3435 53 2494
3436 53 2495
3437 12 565
3439 53 2497
3440 8 377
3442 53 2499
3443 6 283
3446 53 2502
3447 53 2503
3448 53 2504
3449 4 189
3453 53 2507
3454 53 2508
3455 3 142
3457 53 2510
3458 8 379
3461 53 2513
3464 53 2515
3465 53 2516
3466 53 2517
3467 2 95
3472 53 2521
3473 12 571
3475 53 2523
3476 53 2524
3479 53 2526
3483 53 2529
3484 53 2530
3485 4 191
3490 53 2534
3491 53 2535
3494 53 2537
3497 53 2539
3501 53 2542
3502 53 2543
3503 1 48
3508 53 2547
3509 53 2548
3510 12 577
3512 53 2550
3513 8 385
3515 53 2552
3516 6 289
3519 53 2555
3520 53 2556
3521 53 2557
3522 4 193
3526 53 2560
3527 53 2561
3528 3 145
3530 53 2563
3531 8 387
3534 53 2566
3537 53 2568
3538 53 2569
3539 53 2570
3540 2 97
3545 53 2574
3546 12 583
3548 53 2576
3549 53 2577
3552 53 2579
3556 53 2582
3557 53 2583
3558 4 195
3563 53 2587
3564 53 2588
3567 53 2590
3570 53 2592
3574 53 2595
3575 53 2596
3576 1 49
3581 53 2600
3582 53 2601
3583 12 589
3585 53 2603
3586 8 393
3588 53 2605
3589 6 295
3592 53 2608
3593 53 2609
3594 53 2610
3595 4 197
3599 53 2613
3600 53 2614
3601 3 148
3603 53 2616
3604 8 395
3607 53 2619
3610 53 2621
3611 53 2622
3612 53 2623
3613 2 99
3618 53 2627
3619 12 595
3621 53 2629
3622 53 2630
3625 53 2632
3629 53 2635
3630 53 2636
3631 4 199
3636 53 2640
3637 53 2641
3640 53 2643
3643 53 2645
3647 53 2648
3648 53 2649
3649 1 50
3654 53 2653
3655 53 2654
3656 12 601
3658 53 2656
3659 8 401
3661 53 2658
3662 6 301
3665 53 2661
3666 53 2662
3667 53 2663
3668 4 201
3672 53 2666
3673 53 2667
3674 3 151
3676 53 2669
3677 8 403
3680 53 2672
3683 53 2674
3684 53 2675
3685 53 2676
3686 2 101
3691 53 2680
3692 12 607
3694 53 2682
3695 53 2683
3698 53 2685
3702 53 2688
3703 53 2689
3704 4 203
3709 53 2693
3710 53 2694
3713 53 2696
3716 53 2698
3720 53 2701
3721 53 2702
3722 1 51
3727 53 2706
3728 53 2707
3729 12 613
3731 53 2709
3732 8 409
3734 53 2711
3735 6 307
3738 53 2714
3739 53 2715
3740 53 2716
3741 4 205
3745 53 2719
3746 53 2720
3747 3 154
3749 53 2722
3750 8 411
3753 53 2725
3756 53 2727
3757 53 2728
3758 53 2729
3759 2 103
3764 53 2733
3765 12 619
3767 53 2735
3768 53 2736
3771 53 2738
3775 53 2741
3776 53 2742
3777 4 207
3782 53 2746
3783 53 2747
3786 53 2749
3789 53 2751
3793 53 2754
3794 53 2755
3795 1 52
3800 53 2759
3801 53 2760
3802 12 625
3804 53 2762
3805 8 417
3807 53 2764
3808 6 313
3811 53 2767
3812 53 2768
3813 53 2769
3814 4 209
3818 53 2772
3819 53 2773
3820 3 157
3822 53 2775
3823 8 419
3826 53 2778
3829 53 2780
3830 53 2781
3831 53 2782
3832 2 105
3837 53 2786
3838 12 631
3840 53 2788
3841 53 2789
3844 53 2791
3848 53 2794
3849 53 2795
3850 4 211
3855 53 2799
3856 53 2800
3859 53 2802
3862 53 2804
3866 53 2807
3867 53 2808
3868 1 53
3873 53 2812
3874 53 2813
3875 12 637
3877 53 2815
3878 8 425
3880 53 2817
3881 6 319
3884 53 2820
3885 53 2821
3886 53 2822
3887 4 213
3891 53 2825
3892 53 2826
3893 3 160
3895 53 2828
3896 8 427
3899 53 2831
3902 53 2833
3903 53 2834
3904 53 2835
3905 2 107
3910 53 2839
3911 12 643
3913 53 2841
3914 53 2842
3917 53 2844
3921 53 2847
3922 53 2848
3923 4 215
3928 53 2852
3929 53 2853
3932 53 2855
3935 53 2857
3939 53 2860
3940 53 2861
3941 1 54
3946 53 2865
3947 53 2866
3948 12 649
3950 53 2868
3951 8 433
3953 53 2870
3954 6 325
3957 53 2873
3958 53 2874
3959 53 2875
3960 4 217
3964 53 2878
3965 53 2879
3966 3 163
3968 53 2881
3969 8 435
3972 53 2884
3975 53 2886
3976 53 2887
3977 53 2888
3978 2 109
3983 53 2892
3984 12 655
3986 53 2894
3987 53 2895
3990 53 2897
3994 53 2900
3995 53 2901
3996 4 219
4001 53 2905
4002 53 2906
4005 53 2908
4008 53 2910
4012 53 2913
4013 53 2914
4014 1 55
4019 53 2918
4020 53 2919
4021 12 661
4023 53 2921
4024 8 441
4026 53 2923
4027 6 331
4030 53 2926
4031 53 2927
4032 53 2928
4033 4 221
4037 53 2931
4038 53 2932
4039 3 166
4041 53 2934
4042 8 443
4045 53 2937
4048 53 2939
4049 53 2940
4050 53 2941
4051 2 111
4056 53 2945
4057 12 667
4059 53 2947
4060 53 2948
4063 53 2950
4067 53 2953
4068 53 2954
4069 4 223
4074 53 2958
4075 53 2959
4078 53 2961
4081 53 2963
4085 53 2966
4086 53 2967
4087 1 56
4092 53 2971
4093 53 2972
4094 12 673
4096 53 2974
4097 8 449
4099 53 2976
4100 6 337
4103 53 2979
4104 53 2980
4105 53 2981
4106 4 225
4110 53 2984
4111 53 2985
4112 3 169
4114 53 2987
4115 8 451
4118 53 2990
4121 53 2992
4122 53 2993
4123 53 2994
4124 2 113
4129 53 2998
4130 12 679
4132 53 3000
4133 53 3001
4136 53 3003
4140 53 3006
4141 53 3007
4142 4 227
4147 53 3011
4148 53 3012
4151 53 3014
4154 53 3016
4158 53 3019
4159 53 3020
4160 1 57
4165 53 3024
4166 53 3025
4167 12 685
4169 53 3027
4170 8 457
4172 53 3029
4173 6 343
4176 53 3032
4177 53 3033
4178 53 3034
4179 4 229
4183 53 3037
4184 53 3038
4185 3 172
4187 53 3040
4188 8 459
4191 53 3043
4194 53 3045
4195 53 3046
4196 53 3047
4197 2 115
4202 53 3051
4203 12 691
4205 53 3053
4206 53 3054
4209 53 3056
4213 53 3059
4214 53 3060
4215 4 231
4220 53 3064
4221 53 3065
4224 53 3067
4227 53 3069
4231 53 3072
4232 53 3073
4233 1 58
4238 53 3077
4239 53 3078
4240 12 697
4242 53 3080
4243 8 465
4245 53 3082
4246 6 349
4249 53 3085
4250 53 3086
4251 53 3087
4252 4 233
4256 53 3090
4257 53 3091
4258 3 175
4260 53 3093
4261 8 467
4264 53 3096
4267 53 3098
4268 53 3099
4269 53 3100
4270 2 117
4275 53 3104
4276 12 703
4278 53 3106
4279 53 3107
4282 53 3109
4286 53 3112
4287 53 3113
4288 4 235
4293 53 3117
4294 53 3118
4297 53 3120
4300 53 3122
4304 53 3125
4305 53 3126
4306 1 59
4311 53 3130
4312 53 3131
4313 12 709
4315 53 3133
4316 8 473
4318 53 3135
4319 6 355
4322 53 3138
4323 53 3139
4324 53 3140
4325 4 237
4329 53 3143
4330 53 3144
4331 3 178
4333 53 3146
4334 8 475
4337 53 3149
4340 53 3151
4341 53 3152
4342 53 3153
4343 2 119
4348 53 3157
4349 12 715
4351 53 3159
4352 53 3160
4355 53 3162
4359 53 3165
4360 53 3166
4361 4 239
4366 53 3170
4367 53 3171
4370 53 3173
4373 53 3175
4377 53 3178
4378 53 3179
4379 1 60
4384 53 3183
4385 53 3184
4386 12 721
4388 53 3186
4389 8 481
4391 53 3188
4392 6 361
4395 53 3191
4396 53 3192
4397 53 3193
4398 4 241
4402 53 3196
4403 53 3197
4404 3 181
4406 53 3199
4407 8 483
4410 53 3202
4413 53 3204
4414 53 3205
4415 53 3206
4416 2 121
4421 53 3210
4422 12 727
4424 53 3212
4425 53 3213
4428 53 3215
4432 53 3218
4433 53 3219
4434 4 243
4439 53 3223
4440 53 3224
4443 53 3226
4446 53 3228
4450 53 3231
4451 53 3232
4452 1 61
4457 53 3236
4458 53 3237
4459 12 733
4461 53 3239
4462 8 489
4464 53 3241
4465 6 367
4468 53 3244
4469 53 3245
4470 53 3246
4471 4 245
4475 53 3249
4476 53 3250
4477 3 184
4479 53 3252
4480 8 491
4483 53 3255
4486 53 3257
4487 53 3258
4488 53 3259
4489 2 123
4494 53 3263
4495 12 739
4497 53 3265
4498 53 3266
4501 53 3268
4505 53 3271
4506 53 3272
4507 4 247
4512 53 3276
4513 53 3277
4516 53 3279
4519 53 3281
4523 53 3284
4524 53 3285
4525 1 62
4530 53 3289
4531 53 3290
4532 12 745
4534 53 3292
4535 8 497
4537 53 3294
4538 6 373
4541 53 3297
4542 53 3298
4543 53 3299
4544 4 249
4548 53 3302
4549 53 3303
4550 3 187
4552 53 3305
4553 8 499
4556 53 3308
4559 53 3310
4560 53 3311
4561 53 3312
4562 2 125
4567 53 3316
4568 12 751
4570 53 3318
4571 53 3319
4574 53 3321
4578 53 3324
4579 53 3325
4580 4 251
4585 53 3329
4586 53 3330
4589 53 3332
4592 53 3334
4596 53 3337
4597 53 3338
4598 1 63
4603 53 3342
4604 53 3343
4605 12 757
4607 53 3345
4608 8 505
4610 53 3347
4611 6 379
4614 53 3350
4615 53 3351
4616 53 3352
4617 4 253
4621 53 3355
4622 53 3356
4623 3 190
4625 53 3358
4626 8 507
4629 53 3361
4632 53 3363
4633 53 3364
4634 53 3365
4635 2 127
4640 53 3369
4641 12 763
4643 53 3371
4644 53 3372
4647 53 3374
4651 53 3377
4652 53 3378
4653 4 255
4658 53 3382
4659 53 3383
4662 53 3385
4665 53 3387
4669 53 3390
4670 53 3391
4671 1 64
4676 53 3395
4677 53 3396
4678 12 769
4680 53 3398
4681 8 513
4683 53 3400
4684 6 385
4687 53 3403
4688 53 3404
4689 53 3405
4690 4 257
4694 53 3408
4695 53 3409
4696 3 193
4698 53 3411
4699 8 515
4702 53 3414
4705 53 3416
4706 53 3417
4707 53 3418
4708 2 129
4713 53 3422
4714 12 775
4716 53 3424
4717 53 3425
4720 53 3427
4724 53 3430
4725 53 3431
4726 4 259
4731 53 3435
4732 53 3436
4735 53 3438
4738 53 3440
4742 53 3443
4743 53 3444
4744 1 65
4749 53 3448
4750 53 3449
4751 12 781
4753 53 3451
4754 8 521
4756 53 3453
4757 6 391
4760 53 3456
4761 53 3457
4762 53 3458
4763 4 261
4767 53 3461
4768 53 3462
4769 3 196
4771 53 3464
4772 8 523
4775 53 3467
4778 53 3469
4779 53 3470
4780 53 3471
4781 2 131
4786 53 3475
4787 12 787
4789 53 3477
4790 53 3478
4793 53 3480
4797 53 3483
4798 53 3484
4799 4 263
4804 53 3488
4805 53 3489
4808 53 3491
4811 53 3493
4815 53 3496
4816 53 3497
4817 1 66
4822 53 3501
4823 53 3502
4824 12 793
4826 53 3504
4827 8 529
4829 53 3506
4830 6 397
4833 53 3509
4834 53 3510
4835 53 3511
4836 4 265
4840 53 3514
4841 53 3515
4842 3 199
4844 53 3517
4845 8 531
4848 53 3520
4851 53 3522
4852 53 3523
4853 53 3524
4854 2 133
4859 53 3528
4860 12 799
4862 53 3530
4863 53 3531
4866 53 3533
4870 53 3536
4871 53 3537
4872 4 267
4877 53 3541
4878 53 3542
4881 53 3544
4884 53 3546
4888 53 3549
4889 53 3550
4890 1 67
4895 53 3554
4896 53 3555
4897 12 805
4899 53 3557
4900 8 537
4902 53 3559
4903 6 403
4906 53 3562
4907 53 3563
4908 53 3564
4909 4 269
4913 53 3567
4914 53 3568
4915 3 202
4917 53 3570
4918 8 539
4921 53 3573
4924 53 3575
4925 53 3576
4926 53 3577
4927 2 135
4932 53 3581
4933 12 811
4935 53 3583
4936 53 3584
4939 53 3586
4943 53 3589
4944 53 3590
4945 4 271
4950 53 3594
4951 53 3595
4954 53 3597
4957 53 3599
4961 53 3602
4962 53 3603
4963 1 68
4968 53 3607
4969 53 3608
4970 12 817
4972 53 3610
4973 8 545
4975 53 3612
4976 6 409
4979 53 3615
4980 53 3616
4981 53 3617
4982 4 273
4986 53 3620
4987 53 3621
4988 3 205
4990 53 3623
4991 8 547
4994 53 3626
4997 53 3628
4998 53 3629
4999 53 3630
5000 2 137
5005 53 3634
5006 12 823
5008 53 3636
5009 53 3637
5012 53 3639
5016 53 3642
5017 53 3643
5018 4 275
5023 53 3647
5024 53 3648
5027 53 3650
5030 53 3652
5034 53 3655
5035 53 3656
5036 1 69
5041 53 3660
5042 53 3661
5043 12 829
5045 53 3663
5046 8 553
5048 53 3665
5049 6 415
5052 53 3668
5053 53 3669
5054 53 3670
5055 4 277
5059 53 3673
5060 53 3674
5061 3 208
5063 53 3676
5064 8 555
5067 53 3679
5070 53 3681
5071 53 3682
5072 53 3683
5073 2 139
5078 53 3687
5079 12 835
5081 53 3689
5082 53 3690
5085 53 3692
5089 53 3695
5090 53 3696
5091 4 279
5096 53 3700
5097 53 3701
5100 53 3703
5103 53 3705
5107 53 3708
5108 53 3709
5109 1 70
5114 53 3713
5115 53 3714
5116 12 841
5118 53 3716
5119 8 561
5121 53 3718
5122 6 421
5125 53 3721
5126 53 3722
5127 53 3723
5128 4 281
5132 53 3726
5133 53 3727
5134 3 211
5136 53 3729
5137 8 563
5140 53 3732
5143 53 3734
5144 53 3735
5145 53 3736
5146 2 141
5151 53 3740
5152 12 847
5154 53 3742
5155 53 3743
5158 53 3745
5162 53 3748
5163 53 3749
5164 4 283
5169 53 3753
5170 53 3754
5173 53 3756
5176 53 3758
5180 53 3761
5181 53 3762
5182 1 71
5187 53 3766
5188 53 3767
5189 12 853
5191 53 3769
5192 8 569
5194 53 3771
5195 6 427
5198 53 3774
5199 53 3775
5200 53 3776
5201 4 285
5205 53 3779
5206 53 3780
5207 3 214
5209 53 3782
5210 8 571
5213 53 3785
5216 53 3787
5217 53 3788
5218 53 3789
5219 2 143
5224 53 3793
5225 12 859
5227 53 3795
5228 53 3796
5231 53 3798
5235 53 3801
5236 53 3802
5237 4 287
5242 53 3806
5243 53 3807
5246 53 3809
5249 53 3811
5253 53 3814
5254 53 3815
5255 1 72
5260 53 3819
5261 53 3820
5262 12 865
5264 53 3822
5265 8 577
5267 53 3824
5268 6 433
5271 53 3827
5272 53 3828
5273 53 3829
5274 4 289
5278 53 3832
5279 53 3833
5280 3 217
5282 53 3835
5283 8 579
5286 53 3838
5289 53 3840
5290 53 3841
5291 53 3842
5292 2 145
5297 53 3846
5298 12 871
5300 53 3848
5301 53 3849
5304 53 3851
5308 53 3854
5309 53 3855
5310 4 291
5315 53 3859
5316 53 3860
5319 53 3862
5322 53 3864
5326 53 3867
5327 53 3868
5328 1 73
5333 53 3872
5334 53 3873
5335 12 877
5337 53 3875
5338 8 585
5340 53 3877
5341 6 439
5344 53 3880
5345 53 3881
5346 53 3882
5347 4 293
5351 53 3885
5352 53 3886
5353 3 220
5355 53 3888
5356 8 587
5359 53 3891
5362 53 3893
5363 53 3894
5364 53 3895
5365 2 147
5370 53 3899
5371 12 883
5373 53 3901
5374 53 3902
5377 53 3904
5381 53 3907
5382 53 3908
5383 4 295
5388 53 3912
5389 53 3913
5392 53 3915
5395 53 3917
5399 53 3920
5400 53 3921
5401 1 74
5406 53 3925
5407 53 3926
5408 12 889
5410 53 3928
5411 8 593
5413 53 3930
5414 6 445
5417 53 3933
5418 53 3934
5419 53 3935
5420 4 297
5424 53 3938
5425 53 3939
5426 3 223
5428 53 3941
5429 8 595
5432 53 3944
5435 53 3946
5436 53 3947
5437 53 3948
5438 2 149
5443 53 3952
5444 12 895
5446 53 3954
5447 53 3955
5450 53 3957
5454 53 3960
5455 53 3961
5456 4 299
5461 53 3965
5462 53 3966
5465 53 3968
5468 53 3970
5472 53 3973
5473 53 3974
5474 1 75
5479 53 3978
5480 53 3979
5481 12 901
5483 53 3981
5484 8 601
5486 53 3983
5487 6 451
5490 53 3986
5491 53 3987
5492 53 3988
5493 4 301
5497 53 3991
5498 53 3992
5499 3 226
5501 53 3994
5502 8 603
5505 53 3997
5508 53 3999
5509 53 4000
5510 53 4001
5511 2 151
5516 53 4005
5517 12 907
5519 53 4007
5520 53 4008
5523 53 4010
5527 53 4013
5528 53 4014
5529 4 303
5534 53 4018
5535 53 4019
5538 53 4021
5541 53 4023
5545 53 4026
5546 53 4027
5547 1 76
5552 53 4031
5553 53 4032
5554 12 913
5556 53 4034
5557 8 609
5559 53 4036
5560 6 457
5563 53 4039
5564 53 4040
5565 53 4041
5566 4 305
5570 53 4044
5571 53 4045
5572 3 229
5574 53 4047
5575 8 611
5578 53 4050
5581 53 4052
5582 53 4053
5583 53 4054
5584 2 153
5589 53 4058
5590 12 919
5592 53 4060
5593 53 4061
5596 53 4063
5600 53 4066
5601 53 4067
5602 4 307
5607 53 4071
5608 53 4072
5611 53 4074
5614 53 4076
5618 53 4079
5619 53 4080
5620 1 77
5625 53 4084
5626 53 4085
5627 12 925
5629 53 4087
5630 8 617
5632 53 4089
5633 6 463
5636 53 4092
5637 53 4093
5638 53 4094
5639 4 309
5643 53 4097
5644 53 4098
5645 3 232
5647 53 4100
5648 8 619
5651 53 4103
5654 53 4105
5655 53 4106
5656 53 4107
5657 2 155
5662 53 4111
5663 12 931
5665 53 4113
5666 53 4114
5669 53 4116
5673 53 4119
5674 53 4120
5675 4 311
5680 53 4124
5681 53 4125
5684 53 4127
5687 53 4129
5691 53 4132
5692 53 4133
5693 1 78
5698 53 4137
5699 53 4138
5700 12 937
5702 53 4140
5703 8 625
5705 53 4142
5706 6 469
5709 53 4145
5710 53 4146
5711 53 4147
5712 4 313
5716 53 4150
5717 53 4151
5718 3 235
5720 53 4153
5721 8 627
5724 53 4156
5727 53 4158
5728 53 4159
5729 53 4160
5730 2 157
5735 53 4164
5736 12 943
5738 53 4166
5739 53 4167
5742 53 4169
5746 53 4172
5747 53 4173
5748 4 315
5753 53 4177
5754 53 4178
5757 53 4180
5760 53 4182
5764 53 4185
5765 53 4186
5766 1 79
5771 53 4190
5772 53 4191
5773 12 949
5775 53 4193
5776 8 633
5778 53 4195
5779 6 475
5782 53 4198
5783 53 4199
5784 53 4200
5785 4 317
5789 53 4203
5790 53 4204
5791 3 238
5793 53 4206
5794 8 635
5797 53 4209
5800 53 4211
5801 53 4212
5802 53 4213
5803 2 159
5808 53 4217
5809 12 955
5811 53 4219
5812 53 4220
5815 53 4222
5819 53 4225
5820 53 4226
5821 4 319
5826 53 4230
5827 53 4231
5830 53 4233
5833 53 4235
5837 53 4238
5838 53 4239
5839 1 80
5844 53 4243
5845 53 4244
5846 12 961
5848 53 4246
5849 8 641
5851 53 4248
5852 6 481
5855 53 4251
5856 53 4252
5857 53 4253
5858 4 321
5862 53 4256
5863 53 4257
5864 3 241
5866 53 4259
5867 8 643
5870 53 4262
5873 53 4264
5874 53 4265
5875 53 4266
5876 2 161
5881 53 4270
5882 12 967
5884 53 4272
5885 53 4273
5888 53 4275
5892 53 4278
5893 53 4279
5894 4 323
5899 53 4283
5900 53 4284
5903 53 4286
5906 53 4288
5910 53 4291
5911 53 4292
5912 1 81
5917 53 4296
5918 53 4297
5919 12 973
5921 53 4299
5922 8 649
5924 53 4301
5925 6 487
5928 53 4304
5929 53 4305
5930 53 4306
5931 4 325
5935 53 4309
5936 53 4310
5937 3 244
5939 53 4312
5940 8 651
5943 53 4315
5946 53 4317
5947 53 4318
5948 53 4319
5949 2 163
5954 53 4323
5955 12 979
5957 53 4325
5958 53 4326
5961 53 4328
5965 53 4331
5966 53 4332
5967 4 327
5972 53 4336
5973 53 4337
5976 53 4339
5979 53 4341
5983 53 4344
5984 53 4345
5985 1 82
5990 53 4349
5991 53 4350
5992 12 985
5994 53 4352
5995 8 657
5997 53 4354
5998 6 493
6001 53 4357
6002 53 4358
6003 53 4359
6004 4 329
6008 53 4362
6009 53 4363
6010 3 247
6012 53 4365
6013 8 659
6016 53 4368
6019 53 4370
6020 53 4371
6021 53 4372
6022 2 165
6027 53 4376
6028 12 991
6030 53 4378
6031 53 4379
6034 53 4381
6038 53 4384
6039 53 4385
6040 4 331
6045 53 4389
6046 53 4390
6049 53 4392
6052 53 4394
6056 53 4397
6057 53 4398
6058 1 83
6063 53 4402
6064 53 4403
6065 12 997
6067 53 4405
6068 8 665
6070 53 4407
6071 6 499
6074 53 4410
6075 53 4411
6076 53 4412
6077 4 333
6081 53 4415
6082 53 4416
6083 3 250
6085 53 4418
6086 8 667
6089 53 4421
6092 53 4423
6093 53 4424
6094 53 4425
6095 2 167
6100 53 4429
6101 12 1003
6103 53 4431
6104 53 4432
6107 53 4434
6111 53 4437
6112 53 4438
6113 4 335
6118 53 4442
6119 53 4443
6122 53 4445
6125 53 4447
6129 53 4450
6130 53 4451
6131 1 84
6136 53 4455
6137 53 4456
6138 12 1009
6140 53 4458
6141 8 673
6143 53 4460
6144 6 505
6147 53 4463
6148 53 4464
6149 53 4465
6150 4 337
6154 53 4468
6155 53 4469
6156 3 253
6158 53 4471
6159 8 675
6162 53 4474
6165 53 4476
6166 53 4477
6167 53 4478
6168 2 169
6173 53 4482
6174 12 1015
6176 53 4484
6177 53 4485
6180 53 4487
6184 53 4490
6185 53 4491
6186 4 339
6191 53 4495
6192 53 4496
6195 53 4498
6198 53 4500
6202 53 4503
6203 53 4504
6204 1 85
6209 53 4508
6210 53 4509
6211 12 1021
6213 53 4511
6214 8 681
6216 53 4513
6217 6 511
6220 53 4516
6221 53 4517
6222 53 4518
6223 4 341
6227 53 4521
6228 53 4522
6229 3 256
6231 53 4524
6232 8 683
6235 53 4527
6238 53 4529
6239 53 4530
6240 53 4531
6241 2 171
6246 53 4535
6247 12 1027
6249 53 4537
6250 53 4538
6253 53 4540
6257 53 4543
6258 53 4544
6259 4 343
6264 53 4548
6265 53 4549
6268 53 4551
6271 53 4553
6275 53 4556
6276 53 4557
6277 1 86
6282 53 4561
6283 53 4562
6284 12 1033
6286 53 4564
6287 8 689
6289 53 4566
6290 6 517
6293 53 4569
6294 53 4570
6295 53 4571
6296 4 345
6300 53 4574
6301 53 4575
6302 3 259
6304 53 4577
6305 8 691
6308 53 4580
6311 53 4582
6312 53 4583
6313 53 4584
6314 2 173
6319 53 4588
6320 12 1039
6322 53 4590
6323 53 4591
6326 53 4593
6330 53 4596
6331 53 4597
6332 4 347
6337 53 4601
6338 53 4602
6341 53 4604
6344 53 4606
6348 53 4609
6349 53 4610
6350 1 87
6355 53 4614
6356 53 4615
6357 12 1045
6359 53 4617
6360 8 697
6362 53 4619
6363 6 523
6366 53 4622
6367 53 4623
6368 53 4624
6369 4 349
6373 53 4627
6374 53 4628
6375 3 262
6377 53 4630
6378 8 699
6381 53 4633
6384 53 4635
6385 53 4636
6386 53 4637
6387 2 175
6392 53 4641
6393 12 1051
6395 53 4643
6396 53 4644
6399 53 4646
6403 53 4649
6404 53 4650
6405 4 351
6410 53 4654
6411 53 4655
6414 53 4657
6417 53 4659
6421 53 4662
6422 53 4663
6423 1 88
6428 53 4667
6429 53 4668
6430 12 1057
6432 53 4670
6433 8 705
6435 53 4672
6436 6 529
6439 53 4675
6440 53 4676
6441 53 4677
6442 4 353
6446 53 4680
6447 53 4681
6448 3 265
6450 53 4683
6451 8 707
6454 53 4686
6457 53 4688
6458 53 4689
6459 53 4690
6460 2 177
6465 53 4694
6466 12 1063
6468 53 4696
6469 53 4697
6472 53 4699
6476 53 4702
6477 53 4703
6478 4 355
6483 53 4707
6484 53 4708
6487 53 4710
6490 53 4712
6494 53 4715
6495 53 4716
6496 1 89
6501 53 4720
6502 53 4721
6503 12 1069
6505 53 4723
6506 8 713
6508 53 4725
6509 6 535
6512 53 4728
6513 53 4729
6514 53 4730
6515 4 357
6519 53 4733
6520 53 4734
6521 3 268
6523 53 4736
6524 8 715
6527 53 4739
6530 53 4741
6531 53 4742
6532 53 4743
6533 2 179
6538 53 4747
6539 12 1075
6541 53 4749
6542 53 4750
6545 53 4752
6549 53 4755
6550 53 4756
6551 4 359
6556 53 4760
6557 53 4761
6560 53 4763
6563 53 4765
6567 53 4768
6568 53 4769
6569 1 90
6574 53 4773
6575 53 4774
6576 12 1081
6578 53 4776
6579 8 721
6581 53 4778
6582 6 541
6585 53 4781
6586 53 4782
6587 53 4783
6588 4 361
6592 53 4786
6593 53 4787
6594 3 271
6596 53 4789
6597 8 723
6600 53 4792
6603 53 4794
6604 53 4795
6605 53 4796
6606 2 181
6611 53 4800
6612 12 1087
6614 53 4802
6615 53 4803
6618 53 4805
6622 53 4808
6623 53 4809
6624 4 363
6629 53 4813
6630 53 4814
6633 53 4816
6636 53 4818
6640 53 4821
6641 53 4822
6642 1 91
6647 53 4826
6648 53 4827
6649 12 1093
6651 53 4829
6652 8 729
6654 53 4831
6655 6 547
6658 53 4834
6659 53 4835
6660 53 4836
6661 4 365
6665 53 4839
6666 53 4840
6667 3 274
6669 53 4842
6670 8 731
6673 53 4845
6676 53 4847
6677 53 4848
6678 53 4849
6679 2 183
6684 53 4853
6685 12 1099
6687 53 4855
6688 53 4856
6691 53 4858
6695 53 4861
6696 53 4862
6697 4 367
6702 53 4866
6703 53 4867
6706 53 4869
6709 53 4871
6713 53 4874
6714 53 4875
6715 1 92
6720 53 4879
6721 53 4880
6722 12 1105
6724 53 4882
6725 8 737
6727 53 4884
6728 6 553
6731 53 4887
6732 53 4888
6733 53 4889
6734 4 369
6738 53 4892
6739 53 4893
6740 3 277
6742 53 4895
6743 8 739
6746 53 4898
6749 53 4900
6750 53 4901
6751 53 4902
6752 2 185
6757 53 4906
6758 12 1111
6760 53 4908
6761 53 4909
6764 53 4911
6768 53 4914
6769 53 4915
6770 4 371
6775 53 4919
6776 53 4920
6779 53 4922
6782 53 4924
6786 53 4927
6787 53 4928
6788 1 93
6793 53 4932
6794 53 4933
6795 12 1117
6797 53 4935
6798 8 745
6800 53 4937
6801 6 559
6804 53 4940
6805 53 4941
6806 53 4942
6807 4 373
6811 53 4945
6812 53 4946
6813 3 280
6815 53 4948
6816 8 747
6819 53 4951
6822 53 4953
6823 53 4954
6824 53 4955
6825 2 187
6830 53 4959
6831 12 1123
6833 53 4961
6834 53 4962
6837 53 4964
6841 53 4967
6842 53 4968
6843 4 375
6848 53 4972
6849 53 4973
6852 53 4975
6855 53 4977
6859 53 4980
6860 53 4981
6861 1 94
6866 53 4985
6867 53 4986
6868 12 1129
6870 53 4988
6871 8 753
6873 53 4990
6874 6 565
6877 53 4993
6878 53 4994
6879 53 4995
6880 4 377
6884 53 4998
6885 53 4999
6886 3 283
6888 53 5001
6889 8 755
6892 53 5004
6895 53 5006
6896 53 5007
6897 53 5008
6898 2 189
6903 53 5012
6904 12 1135
6906 53 5014
6907 53 5015
6910 53 5017
6914 53 5020
6915 53 5021
6916 4 379
6921 53 5025
6922 53 5026
6925 53 5028
6928 53 5030
6932 53 5033
6933 53 5034
6934 1 95
6939 53 5038
6940 53 5039
6941 12 1141
6943 53 5041
6944 8 761
6946 53 5043
6947 6 571
6950 53 5046
6951 53 5047
6952 53 5048
6953 4 381
6957 53 5051
6958 53 5052
6959 3 286
6961 53 5054
6962 8 763
6965 53 5057
6968 53 5059
6969 53 5060
6970 53 5061
6971 2 191
6976 53 5065
6977 12 1147
6979 53 5067
6980 53 5068
6983 53 5070
6987 53 5073
6988 53 5074
6989 4 383
6994 53 5078
6995 53 5079
6998 53 5081
7001 53 5083
7005 53 5086
7006 53 5087
7007 1 96
7012 53 5091
7013 53 5092
7014 12 1153
7016 53 5094
7017 8 769
7019 53 5096
7020 6 577
7023 53 5099
7024 53 5100
7025 53 5101
7026 4 385
7030 53 5104
7031 53 5105
7032 3 289
7034 53 5107
7035 8 771
7038 53 5110
7041 53 5112
7042 53 5113
7043 53 5114
7044 2 193
7049 53 5118
7050 12 1159
7052 53 5120
7053 53 5121
7056 53 5123
7060 53 5126
7061 53 5127
7062 4 387
7067 53 5131
7068 53 5132
7071 53 5134
7074 53 5136
7078 53 5139
7079 53 5140
7080 1 97
7085 53 5144
7086 53 5145
7087 12 1165
7089 53 5147
7090 8 777
7092 53 5149
7093 6 583
7096 53 5152
7097 53 5153
7098 53 5154
7099 4 389
7103 53 5157
7104 53 5158
7105 3 292
7107 53 5160
7108 8 779
7111 53 5163
7114 53 5165
7115 53 5166
7116 53 5167
7117 2 195
7122 53 5171
7123 12 1171
7125 53 5173
7126 53 5174
7129 53 5176
7133 53 5179
7134 53 5180
7135 4 391
7140 53 5184
7141 53 5185
7144 53 5187
7147 53 5189
7151 53 5192
7152 53 5193
7153 1 98
7158 53 5197
7159 53 5198
7160 12 1177
7162 53 5200
7163 8 785
7165 53 5202
7166 6 589
7169 53 5205
7170 53 5206
7171 53 5207
7172 4 393
7176 53 5210
7177 53 5211
7178 3 295
7180 53 5213
7181 8 787
7184 53 5216
7187 53 5218
7188 53 5219
7189 53 5220
7190 2 197
7195 53 5224
7196 12 1183
7198 53 5226
7199 53 5227
7202 53 5229
7206 53 5232
7207 53 5233
7208 4 395
7213 53 5237
7214 53 5238
7217 53 5240
7220 53 5242
7224 53 5245
7225 53 5246
7226 1 99
7231 53 5250
7232 53 5251
7233 12 1189
7235 53 5253
7236 8 793
7238 53 5255
7239 6 595
7242 53 5258
7243 53 5259
7244 53 5260
7245 4 397
7249 53 5263
7250 53 5264
7251 3 298
7253 53 5266
7254 8 795
7257 53 5269
7260 53 5271
7261 53 5272
7262 53 5273
7263 2 199
7268 53 5277
7269 12 1195
7271 53 5279
7272 53 5280
7275 53 5282
7279 53 5285
7280 53 5286
7281 4 399
7286 53 5290
7287 53 5291
7290 53 5293
7293 53 5295
7297 53 5298
7298 53 5299
7299 1 100
7304 53 5303
7305 53 5304
7306 12 1201
7308 53 5306
7309 8 801
7311 53 5308
7312 6 601
7315 53 5311
7316 53 5312
7317 53 5313
7318 4 401
7322 53 5316
7323 53 5317
7324 3 301
7326 53 5319
7327 8 803
7330 53 5322
7333 53 5324
7334 53 5325
7335 53 5326
7336 2 201
7341 53 5330
7342 12 1207
7344 53 5332
7345 53 5333
7348 53 5335
7352 53 5338
7353 53 5339
7354 4 403
7359 53 5343
7360 53 5344
7363 53 5346
7366 53 5348
7370 53 5351
7371 53 5352
7372 1 101
7377 53 5356
7378 53 5357
7379 12 1213
7381 53 5359
7382 8 809
7384 53 5361
7385 6 607
7388 53 5364
7389 53 5365
7390 53 5366
7391 4 405
7395 53 5369
7396 53 5370
7397 3 304
7399 53 5372
7400 8 811
7403 53 5375
7406 53 5377
7407 53 5378
7408 53 5379
7409 2 203
7414 53 5383
7415 12 1219
7417 53 5385
7418 53 5386
7421 53 5388
7425 53 5391
7426 53 5392
7427 4 407
7432 53 5396
7433 53 5397
7436 53 5399
7439 53 5401
7443 53 5404
7444 53 5405
7445 1 102
7450 53 5409
7451 53 5410
7452 12 1225
7454 53 5412
7455 8 817
7457 53 5414
7458 6 613
7461 53 5417
7462 53 5418
7463 53 5419
7464 4 409
7468 53 5422
7469 53 5423
7470 3 307
7472 53 5425
7473 8 819
7476 53 5428
7479 53 5430
7480 53 5431
7481 53 5432
7482 2 205
7487 53 5436
7488 12 1231
7490 53 5438
7491 53 5439
7494 53 5441
7498 53 5444
7499 53 5445
7500 4 411
7505 53 5449
7506 53 5450
7509 53 5452
7512 53 5454
7516 53 5457
7517 53 5458
7518 1 103
7523 53 5462
7524 53 5463
7525 12 1237
7527 53 5465
7528 8 825
7530 53 5467
7531 6 619
7534 53 5470
7535 53 5471
7536 53 5472
7537 4 413
7541 53 5475
7542 53 5476
7543 3 310
7545 53 5478
7546 8 827
7549 53 5481
7552 53 5483
7553 53 5484
7554 53 5485
7555 2 207
7560 53 5489
7561 12 1243
7563 53 5491
7564 53 5492
7567 53 5494
7571 53 5497
7572 53 5498
7573 4 415
7578 53 5502
7579 53 5503
7582 53 5505
7585 53 5507
7589 53 5510
7590 53 5511
7591 1 104
7596 53 5515
7597 53 5516
7598 12 1249
7600 53 5518
7601 8 833
7603 53 5520
7604 6 625
7607 53 5523
7608 53 5524
7609 53 5525
7610 4 417
7614 53 5528
7615 53 5529
7616 3 313
7618 53 5531
7619 8 835
7622 53 5534
7625 53 5536
7626 53 5537
7627 53 5538
7628 2 209
7633 53 5542
7634 12 1255
7636 53 5544
7637 53 5545
7640 53 5547
7644 53 5550
7645 53 5551
7646 4 419
7651 53 5555
7652 53 5556
7655 53 5558
7658 53 5560
7662 53 5563
7663 53 5564
7664 1 105
7669 53 5568
7670 53 5569
7671 12 1261
7673 53 5571
7674 8 841
7676 53 5573
7677 6 631
7680 53 5576
7681 53 5577
7682 53 5578
7683 4 421
7687 53 5581
7688 53 5582
7689 3 316
7691 53 5584
7692 8 843
7695 53 5587
7698 53 5589
7699 53 5590
7700 53 5591
7701 2 211
7706 53 5595
7707 12 1267
7709 53 5597
7710 53 5598
7713 53 5600
7717 53 5603
7718 53 5604
7719 4 423
7724 53 5608
7725 53 5609
7728 53 5611
7731 53 5613
7735 53 5616
7736 53 5617
7737 1 106
7742 53 5621
7743 53 5622
7744 12 1273
7746 53 5624
7747 8 849
7749 53 5626
7750 6 637
7753 53 5629
7754 53 5630
7755 53 5631
7756 4 425
7760 53 5634
7761 53 5635
7762 3 319
7764 53 5637
7765 8 851
7768 53 5640
7771 53 5642
7772 53 5643
7773 53 5644
7774 2 213
7779 53 5648
7780 12 1279
7782 53 5650
7783 53 5651
7786 53 5653
7790 53 5656
7791 53 5657
7792 4 427
7797 53 5661
7798 53 5662
7801 53 5664
7804 53 5666
7808 53 5669
7809 53 5670
7810 1 107
7815 53 5674
7816 53 5675
7817 12 1285
7819 53 5677
7820 8 857
7822 53 5679
7823 6 643
7826 53 5682
7827 53 5683
7828 53 5684
7829 4 429
7833 53 5687
7834 53 5688
7835 3 322
7837 53 5690
7838 8 859
7841 53 5693
7844 53 5695
7845 53 5696
7846 53 5697
7847 2 215
7852 53 5701
7853 12 1291
7855 53 5703
7856 53 5704
7859 53 5706
7863 53 5709
7864 53 5710
7865 4 431
7870 53 5714
7871 53 5715
7874 53 5717
7877 53 5719
7881 53 5722
7882 53 5723
7883 1 108
7888 53 5727
7889 53 5728
7890 12 1297
7892 53 5730
7893 8 865
7895 53 5732
7896 6 649
7899 53 5735
7900 53 5736
7901 53 5737
7902 4 433
7906 53 5740
7907 53 5741
7908 3 325
7910 53 5743
7911 8 867
7914 53 5746
7917 53 5748
7918 53 5749
7919 53 5750
7920 2 217
7925 53 5754
7926 12 1303
7928 53 5756
7929 53 5757
7932 53 5759
7936 53 5762
7937 53 5763
7938 4 435
7943 53 5767
7944 53 5768
7947 53 5770
7950 53 5772
7954 53 5775
7955 53 5776
7956 1 109
7961 53 5780
7962 53 5781
7963 12 1309
7965 53 5783
7966 8 873
7968 53 5785
7969 6 655
7972 53 5788
7973 53 5789
7974 53 5790
7975 4 437
7979 53 5793
7980 53 5794
7981 3 328
7983 53 5796
7984 8 875
7987 53 5799
7990 53 5801
7991 53 5802
7992 53 5803
7993 2 219
7998 53 5807
7999 12 1315
8001 53 5809
8002 53 5810
8005 53 5812
8009 53 5815
8010 53 5816
8011 4 439
8016 53 5820
8017 53 5821
8020 53 5823
8023 53 5825
8027 53 5828
8028 53 5829
8029 1 110
8034 53 5833
8035 53 5834
8036 12 1321
8038 53 5836
8039 8 881
8041 53 5838
8042 6 661
8045 53 5841
8046 53 5842
8047 53 5843
8048 4 441
8052 53 5846
8053 53 5847
8054 3 331
8056 53 5849
8057 8 883
8060 53 5852
8063 53 5854
8064 53 5855
8065 53 5856
8066 2 221
8071 53 5860
8072 12 1327
8074 53 5862
8075 53 5863
8078 53 5865
8082 53 5868
8083 53 5869
8084 4 443
8089 53 5873
8090 53 5874
8093 53 5876
8096 53 5878
8100 53 5881
8101 53 5882
8102 1 111
8107 53 5886
8108 53 5887
8109 12 1333
8111 53 5889
8112 8 889
8114 53 5891
8115 6 667
8118 53 5894
8119 53 5895
8120 53 5896
8121 4 445
8125 53 5899
8126 53 5900
8127 3 334
8129 53 5902
8130 8 891
8133 53 5905
8136 53 5907
8137 53 5908
8138 53 5909
8139 2 223
8144 53 5913
8145 12 1339
8147 53 5915
8148 53 5916
8151 53 5918
8155 53 5921
8156 53 5922
8157 4 447
8162 53 5926
8163 53 5927
8166 53 5929
8169 53 5931
8173 53 5934
8174 53 5935
8175 1 112
8180 53 5939
8181 53 5940
8182 12 1345
8184 53 5942
8185 8 897
8187 53 5944
8188 6 673
8191 53 5947
8192 53 5948
8193 53 5949
8194 4 449
8198 53 5952
8199 53 5953
8200 3 337
8202 53 5955
8203 8 899
8206 53 5958
8209 53 5960
8210 53 5961
8211 53 5962
8212 2 225
8217 53 5966
8218 12 1351
8220 53 5968
8221 53 5969
8224 53 5971
8228 53 5974
8229 53 5975
8230 4 451
8235 53 5979
8236 53 5980
8239 53 5982
8242 53 5984
8246 53 5987
8247 53 5988
8248 1 113
8253 53 5992
8254 53 5993
8255 12 1357
8257 53 5995
8258 8 905
8260 53 5997
8261 6 679
8264 53 6000
8265 53 6001
8266 53 6002
8267 4 453
8271 53 6005
8272 53 6006
8273 3 340
8275 53 6008
8276 8 907
8279 53 6011
8282 53 6013
8283 53 6014
8284 53 6015
8285 2 227
8290 53 6019
8291 12 1363
8293 53 6021
8294 53 6022
8297 53 6024
8301 53 6027
8302 53 6028
8303 4 455
8308 53 6032
8309 53 6033
8312 53 6035
8315 53 6037
8319 53 6040
8320 53 6041
8321 1 114
8326 53 6045
8327 53 6046
8328 12 1369
8330 53 6048
8331 8 913
8333 53 6050
8334 6 685
8337 53 6053
8338 53 6054
8339 53 6055
8340 4 457
8344 53 6058
8345 53 6059
8346 3 343
8348 53 6061
8349 8 915
8352 53 6064
8355 53 6066
8356 53 6067
8357 53 6068
8358 2 229
8363 53 6072
8364 12 1375
8366 53 6074
8367 53 6075
8370 53 6077
8374 53 6080
8375 53 6081
8376 4 459
8381 53 6085
8382 53 6086
8385 53 6088
8388 53 6090
8392 53 6093
8393 53 6094
8394 1 115
8399 53 6098
8400 53 6099
8401 12 1381
8403 53 6101
8404 8 921
8406 53 6103
8407 6 691
8410 53 6106
8411 53 6107
8412 53 6108
8413 4 461
8417 53 6111
8418 53 6112
8419 3 346
8421 53 6114
8422 8 923
8425 53 6117
8428 53 6119
8429 53 6120
8430 53 6121
8431 2 231
8436 53 6125
8437 12 1387
8439 53 6127
8440 53 6128
8443 53 6130
8447 53 6133
8448 53 6134
8449 4 463
8454 53 6138
8455 53 6139
8458 53 6141
8461 53 6143
8465 53 6146
8466 53 6147
8467 1 116
8472 53 6151
8473 53 6152
8474 12 1393
8476 53 6154
8477 8 929
8479 53 6156
8480 6 697
8483 53 6159
8484 53 6160
8485 53 6161
8486 4 465
8490 53 6164
8491 53 6165
8492 3 349
8494 53 6167
8495 8 931
8498 53 6170
8501 53 6172
8502 53 6173
8503 53 6174
8504 2 233
8509 53 6178
8510 12 1399
8512 53 6180
8513 53 6181
8516 53 6183
8520 53 6186
8521 53 6187
8522 4 467
8527 53 6191
8528 53 6192
8531 53 6194
8534 53 6196
8538 53 6199
8539 53 6200
8540 1 117
8545 53 6204
8546 53 6205
8547 12 1405
8549 53 6207
8550 8 937
8552 53 6209
8553 6 703
8556 53 6212
8557 53 6213
8558 53 6214
8559 4 469
8563 53 6217
8564 53 6218
8565 3 352
8567 53 6220
8568 8 939
8571 53 6223
8574 53 6225
8575 53 6226
8576 53 6227
8577 2 235
8582 53 6231
8583 12 1411
8585 53 6233
8586 53 6234
8589 53 6236
8593 53 6239
8594 53 6240
8595 4 471
8600 53 6244
8601 53 6245
8604 53 6247
8607 53 6249
8611 53 6252
8612 53 6253
8613 1 118
8618 53 6257
8619 53 6258
8620 12 1417
8622 53 6260
8623 8 945
8625 53 6262
8626 6 709
8629 53 6265
8630 53 6266
8631 53 6267
8632 4 473
8636 53 6270
8637 53 6271
8638 3 355
8640 53 6273
8641 8 947
8644 53 6276
8647 53 6278
8648 53 6279
8649 53 6280
8650 2 237
8655 53 6284
8656 12 1423
8658 53 6286
8659 53 6287
8662 53 6289
8666 53 6292
8667 53 6293
8668 4 475
8673 53 6297
8674 53 6298
8677 53 6300
8680 53 6302
8684 53 6305
8685 53 6306
8686 1 119
8691 53 6310
8692 53 6311
8693 12 1429
8695 53 6313
8696 8 953
8698 53 6315
8699 6 715
8702 53 6318
8703 53 6319
8704 53 6320
8705 4 477
8709 53 6323
8710 53 6324
8711 3 358
8713 53 6326
8714 8 955
8717 53 6329
8720 53 6331
8721 53 6332
8722 53 6333
8723 2 239
8728 53 6337
8729 12 1435
8731 53 6339
8732 53 6340
8735 53 6342
8739 53 6345
8740 53 6346
8741 4 479
8746 53 6350
8747 53 6351
8750 53 6353
8753 53 6355
8757 53 6358
8758 53 6359
8759 1 120
8764 53 6363
8765 53 6364
8766 12 1441
8768 53 6366
8769 8 961
8771 53 6368
8772 6 721
8775 53 6371
8776 53 6372
8777 53 6373
8778 4 481
8782 53 6376
8783 53 6377
8784 3 361
8786 53 6379
8787 8 963
8790 53 6382
8793 53 6384
8794 53 6385
8795 53 6386
8796 2 241
8801 53 6390
8802 12 1447
8804 53 6392
8805 53 6393
8808 53 6395
8812 53 6398
8813 53 6399
8814 4 483
8819 53 6403
8820 53 6404
8823 53 6406
8826 53 6408
8830 53 6411
8831 53 6412
8832 1 121
8837 53 6416
8838 53 6417
8839 12 1453
8841 53 6419
8842 8 969
8844 53 6421
8845 6 727
8848 53 6424
8849 53 6425
8850 53 6426
8851 4 485
8855 53 6429
8856 53 6430
8857 3 364
8859 53 6432
8860 8 971
8863 53 6435
8866 53 6437
8867 53 6438
8868 53 6439
8869 2 243
8874 53 6443
8875 12 1459
8877 53 6445
8878 53 6446
8881 53 6448
8885 53 6451
8886 53 6452
8887 4 487
8892 53 6456
8893 53 6457
8896 53 6459
8899 53 6461
8903 53 6464
8904 53 6465
8905 1 122
8910 53 6469
8911 53 6470
8912 12 1465
8914 53 6472
8915 8 977
8917 53 6474
8918 6 733
8921 53 6477
8922 53 6478
8923 53 6479
8924 4 489
8928 53 6482
8929 53 6483
8930 3 367
8932 53 6485
8933 8 979
8936 53 6488
8939 53 6490
8940 53 6491
8941 53 6492
8942 2 245
8947 53 6496
8948 12 1471
8950 53 6498
8951 53 6499
8954 53 6501
8958 53 6504
8959 53 6505
8960 4 491
8965 53 6509
8966 53 6510
8969 53 6512
8972 53 6514
8976 53 6517
8977 53 6518
8978 1 123
8983 53 6522
8984 53 6523
8985 12 1477
8987 53 6525
8988 8 985
8990 53 6527
8991 6 739
8994 53 6530
8995 53 6531
8996 53 6532
8997 4 493
9001 53 6535
9002 53 6536
9003 3 370
9005 53 6538
9006 8 987
9009 53 6541
9012 53 6543
9013 53 6544
9014 53 6545
9015 2 247
9020 53 6549
9021 12 1483
9023 53 6551
9024 53 6552
9027 53 6554
9031 53 6557
9032 53 6558
9033 4 495
9038 53 6562
9039 53 6563
9042 53 6565
9045 53 6567
9049 53 6570
9050 53 6571
9051 1 124
9056 53 6575
9057 53 6576
9058 12 1489
9060 53 6578
9061 8 993
9063 53 6580
9064 6 745
9067 53 6583
9068 53 6584
9069 53 6585
9070 4 497
9074 53 6588
9075 53 6589
9076 3 373
9078 53 6591
9079 8 995
9082 53 6594
9085 53 6596
9086 53 6597
9087 53 6598
9088 2 249
9093 53 6602
9094 12 1495
9096 53 6604
9097 53 6605
9100 53 6607
9104 53 6610
9105 53 6611
9106 4 499
9111 53 6615
9112 53 6616
9115 53 6618
9118 53 6620
9122 53 6623
9123 53 6624
9124 1 125
9129 53 6628
9130 53 6629
9131 12 1501
9133 53 6631
9134 8 1001
9136 53 6633
9137 6 751
9140 53 6636
9141 53 6637
9142 53 6638
9143 4 501
9147 53 6641
9148 53 6642
9149 3 376
9151 53 6644
9152 8 1003
9155 53 6647
9158 53 6649
9159 53 6650
9160 53 6651
9161 2 251
9166 53 6655
9167 12 1507
9169 53 6657
9170 53 6658
9173 53 6660
9177 53 6663
9178 53 6664
9179 4 503
9184 53 6668
9185 53 6669
9188 53 6671
9191 53 6673
9195 53 6676
9196 53 6677
9197 1 126
9202 53 6681
9203 53 6682
9204 12 1513
9206 53 6684
9207 8 1009
9209 53 6686
9210 6 757
9213 53 6689
9214 53 6690
9215 53 6691
9216 4 505
9220 53 6694
9221 53 6695
9222 3 379
9224 53 6697
9225 8 1011
9228 53 6700
9231 53 6702
9232 53 6703
9233 53 6704
9234 2 253
9239 53 6708
9240 12 1519
9242 53 6710
9243 53 6711
9246 53 6713
9250 53 6716
9251 53 6717
9252 4 507
9257 53 6721
9258 53 6722
9261 53 6724
9264 53 6726
9268 53 6729
9269 53 6730
9270 1 127
9275 53 6734
9276 53 6735
9277 12 1525
9279 53 6737
9280 8 1017
9282 53 6739
9283 6 763
9286 53 6742
9287 53 6743
9288 53 6744
9289 4 509
9293 53 6747
9294 53 6748
9295 3 382
9297 53 6750
9298 8 1019
9301 53 6753
9304 53 6755
9305 53 6756
9306 53 6757
9307 2 255
9312 53 6761
9313 12 1531
9315 53 6763
9316 53 6764
9319 53 6766
9323 53 6769
9324 53 6770
9325 4 511
9330 53 6774
9331 53 6775
9334 53 6777
9337 53 6779
9341 53 6782
9342 53 6783
9343 1 128
9348 53 6787
9349 53 6788
9350 12 1537
9352 53 6790
9353 8 1025
9355 53 6792
9356 6 769
9359 53 6795
9360 53 6796
9361 53 6797
9362 4 513
9366 53 6800
9367 53 6801
9368 3 385
9370 53 6803
9371 8 1027
9374 53 6806
9377 53 6808
9378 53 6809
9379 53 6810
9380 2 257
9385 53 6814
9386 12 1543
9388 53 6816
9389 53 6817
9392 53 6819
9396 53 6822
9397 53 6823
9398 4 515
9403 53 6827
9404 53 6828
9407 53 6830
9410 53 6832
9414 53 6835
9415 53 6836
9416 1 129
