45
1 0 2847 3231
0 2 1805 3043
0 2 1527 3179
0 2 2062 2913
3 0 1063 3632
0 3 2731 3198
0 3 3057 1386
0 4 1992 1536
0 4 2472 1320
0 5 639 2301
0 5 1422 806
0 5 1717 292
0 5 1173 1365
0 5 1587 475
0 5 1920 154
2 1 3645 2409
3 1 3187 386
1 4 3293 4144
1 4 5185 1878
1 4 4273 2833
1 4 4748 2362
1 4 3817 3383
1 4 5666 1445
1 4 6629 449
1 4 4975 2087
1 4 5405 1707
1 4 4528 2598
1 4 6876 255
1 4 6521 583
1 4 6267 828
1 5 1570 3439
5 1 2307 2312
2 3 3915 2644
2 4 1991 2045
2 4 3159 490
5 2 3334 1635
5 2 1390 2666
5 2 562 3303
3 5 984 2077
3 5 1960 887
3 5 1545 1369
3 5 2146 612
3 5 1709 1043
5 4 827 270
5 4 710 1314
