1633 112 2 0 0 5 6 12
1636 112 2 0 6 5 6 3
1643 113 0 2 2 0 8 14
1644 113 0 2 2 0 16 5
1646 113 0 2 2 7 0 14
1647 113 0 2 2 7 8 5
1650 113 0 2 8 0 0 14
1651 113 0 2 8 0 8 5
1652 113 0 2 8 7 0 5
1667 114 2 4 4 2 2 7
1670 115 0 1 0 4 4 18
1672 115 0 1 0 4 12 9
1679 115 0 1 6 4 4 9
1680 115 0 1 6 4 12 0
1682 115 0 1 12 4 4 0
1687 115 0 6 6 4 4 0
1699 117 0 0 4 1 0 22
1701 117 0 0 4 1 8 13
1702 117 0 0 4 1 16 4
1704 117 0 0 4 8 0 13
1705 117 0 0 4 8 8 4
1708 117 0 0 10 1 0 13
1709 117 0 0 10 1 8 4
1710 117 0 0 10 8 0 4
1711 117 0 0 16 1 0 4
1713 117 0 5 4 1 0 13
1714 117 0 5 4 1 8 4
1719 117 4 0 4 1 0 13
1726 118 2 2 0 3 2 15
1729 118 2 2 6 3 2 6
1732 119 0 4 2 5 4 8
1734 120 2 1 4 0 6 10
1742 121 0 3 0 2 0 21
1744 121 0 3 0 2 8 12
1751 121 0 3 6 2 0 12
1752 121 0 3 6 2 8 3
1753 121 0 3 6 9 0 3
1754 121 0 3 12 2 0 3
1759 121 0 8 6 2 0 3
1769 122 2 0 2 4 2 14
1770 122 2 0 2 4 10 5
1772 122 2 0 8 4 2 5
1775 123 0 2 4 6 4 7
1785 125 0 1 2 3 0 20
1787 125 0 1 2 3 8 11
1788 125 0 1 2 3 16 2
1790 125 0 1 2 10 0 11
1794 125 0 1 8 3 0 11
1795 125 0 1 8 3 8 2
1796 125 0 1 8 10 0 2
1797 125 0 1 14 3 0 2
1799 125 0 6 2 3 0 11
1800 125 0 6 2 3 8 2
1802 125 0 6 8 3 0 2
1814 127 0 0 0 0 4 24
1816 127 0 0 0 0 12 15
1817 127 0 0 0 0 20 6
1819 127 0 0 0 7 4 15
1820 127 0 0 0 7 12 6
1823 127 0 0 6 0 4 15
1824 127 0 0 6 0 12 6
1825 127 0 0 6 7 4 6
1826 127 0 0 12 0 4 6
1828 127 0 5 0 0 4 15
1829 127 0 5 0 0 12 6
1831 127 0 5 6 0 4 6
1834 127 4 0 0 0 4 15
1840 128 2 2 2 2 6 8
1842 129 0 4 4 4 0 10
1843 129 0 4 4 4 8 1
1844 129 0 4 4 11 0 1
1845 129 0 4 10 4 0 1
1849 130 2 1 0 6 2 12
1852 130 2 1 6 6 2 3
1856 131 0 3 2 1 4 14
1857 131 0 3 2 1 12 5
1858 131 0 3 2 8 4 5
1859 131 0 3 8 1 4 5
1860 131 0 8 2 1 4 5
1862 132 2 0 4 3 6 7
1865 133 0 2 0 5 0 18
1867 133 0 2 0 5 8 9
1868 133 0 2 0 5 16 0
1870 133 0 2 0 12 0 9
1874 133 0 2 6 5 0 9
1875 133 0 2 6 5 8 0
1876 133 0 2 6 12 0 0
1877 133 0 2 12 5 0 0
1882 133 0 7 6 5 0 0
1892 134 2 4 2 0 2 11
1899 135 0 1 4 2 4 13
1900 135 0 1 4 2 12 4
1901 135 0 1 4 9 4 4
1902 135 0 1 10 2 4 4
1903 135 0 6 4 2 4 4
1907 137 0 0 2 6 0 17
1908 137 0 0 2 6 8 8
1909 137 0 0 2 13 0 8
1910 137 0 0 8 6 0 8
1911 137 0 5 2 6 0 8
1912 137 4 0 2 6 0 8
1914 138 2 2 4 1 2 10
1915 138 2 2 4 1 10 1
1916 138 2 2 4 8 2 1
1917 138 2 2 10 1 2 1
1921 139 0 4 0 3 4 12
1922 139 0 4 0 3 12 3
1924 139 0 4 6 3 4 3
1927 140 2 1 2 5 6 5
1929 141 0 3 4 0 0 16
1930 141 0 3 4 0 8 7
1931 141 0 3 4 7 0 7
1932 141 0 3 10 0 0 7
1933 141 0 8 4 0 0 7
1937 142 2 0 0 2 2 18
1939 142 2 0 0 2 10 9
1940 142 2 0 0 2 18 0
1942 142 2 0 0 9 2 9
1946 142 2 0 6 2 2 9
1947 142 2 0 6 2 10 0
1948 142 2 0 6 9 2 0
1949 142 2 0 12 2 2 0
1951 142 2 5 0 2 2 9
1954 142 2 5 6 2 2 0
1964 143 0 2 2 4 4 11
1965 143 0 2 2 4 12 2
1966 143 0 2 2 11 4 2
1967 143 0 2 8 4 4 2
1968 143 0 7 2 4 4 2
1972 145 0 1 0 1 0 24
1974 145 0 1 0 1 8 15
1975 145 0 1 0 1 16 6
1977 145 0 1 0 8 0 15
1978 145 0 1 0 8 8 6
1979 145 0 1 0 15 0 6
1981 145 0 1 6 1 0 15
1982 145 0 1 6 1 8 6
1983 145 0 1 6 8 0 6
1984 145 0 1 12 1 0 6
1986 145 0 6 0 1 0 15
1987 145 0 6 0 1 8 6
1988 145 0 6 0 8 0 6
1989 145 0 6 6 1 0 6
1992 145 4 1 0 1 0 15
1993 145 4 1 0 1 8 6
1995 145 4 1 6 1 0 6
1998 146 2 3 2 3 2 8
2000 147 0 0 4 5 4 10
2001 147 0 0 4 5 12 1
2002 147 0 0 4 12 4 1
2003 147 0 0 10 5 4 1
2004 147 0 5 4 5 4 1
2005 147 4 0 4 5 4 1
2007 148 2 2 0 0 6 12
2008 148 2 2 0 0 14 3
2009 148 2 2 0 7 6 3
2010 148 2 2 6 0 6 3
2014 149 0 4 2 2 0 14
2015 149 0 4 2 2 8 5
2016 149 0 4 2 9 0 5
2017 149 0 4 8 2 0 5
2018 149 0 9 2 2 0 5
2019 149 4 4 2 2 0 5
2020 150 2 1 4 4 2 7
2022 151 0 3 0 6 4 9
2023 151 0 3 0 6 12 0
2025 151 0 3 6 6 4 0
2029 152 2 0 2 1 6 11
2030 152 2 0 2 1 14 2
2031 152 2 0 2 8 6 2
2032 152 2 0 8 1 6 2
2033 152 2 5 2 1 6 2
2034 152 6 0 2 1 6 2
