p 257 h 77 constraints 6162
0 0 1 0
1 0 1 1
2 0 1 2
3 0 1 3
4 0 1 4
5 0 1 5
6 0 1 6
7 0 1 7
8 0 1 8
9 0 1 9
10 0 1 10
11 0 1 11
12 0 1 12
13 0 1 13
14 0 1 14
15 0 1 15
16 0 1 16
17 0 1 17
18 0 1 18
19 0 1 19
20 0 1 20
21 0 1 21
22 0 1 22
23 0 1 23
24 0 1 24
25 0 1 25
26 0 1 26
27 0 1 27
28 0 1 28
29 0 1 29
30 0 1 30
31 0 1 31
32 0 1 32
33 0 1 33
34 0 1 34
35 0 1 35
36 0 1 36
37 0 1 37
38 0 1 38
39 0 1 39
40 1 1 2
41 1 1 3
42 1 1 4
43 1 1 5
44 1 1 6
45 1 1 7
46 1 1 8
47 1 1 9
48 1 1 10
49 1 1 11
50 1 1 12
51 1 1 13
52 1 1 14
53 1 1 15
54 1 1 16
55 1 1 17
56 1 1 18
57 1 1 19
58 1 1 20
59 1 1 21
60 1 1 22
61 1 1 23
62 1 1 24
63 1 1 25
64 1 1 26
65 1 1 27
66 1 1 28
67 1 1 29
68 1 1 30
69 1 1 31
70 1 1 32
71 1 1 33
72 1 1 34
73 1 1 35
74 1 1 36
75 1 1 37
76 1 1 38
77 1 1 39
78 1 1 40
79 2 1 4
80 2 1 5
81 2 1 6
82 2 1 7
83 2 1 8
84 2 1 9
85 2 1 10
86 2 1 11
87 2 1 12
88 2 1 13
89 2 1 14
90 2 1 15
91 2 1 16
92 2 1 17
93 2 1 18
94 2 1 19
95 2 1 20
96 2 1 21
97 2 1 22
98 2 1 23
99 2 1 24
100 2 1 25
101 2 1 26
102 2 1 27
103 2 1 28
104 2 1 29
105 2 1 30
106 2 1 31
107 2 1 32
108 2 1 33
109 2 1 34
110 2 1 35
111 2 1 36
112 2 1 37
113 2 1 38
114 2 1 39
115 2 1 40
116 2 1 41
117 3 1 6
118 3 1 7
119 3 1 8
120 3 1 9
121 3 1 10
122 3 1 11
123 3 1 12
124 3 1 13
125 3 1 14
126 3 1 15
127 3 1 16
128 3 1 17
129 3 1 18
130 3 1 19
131 3 1 20
132 3 1 21
133 3 1 22
134 3 1 23
135 3 1 24
136 3 1 25
137 3 1 26
138 3 1 27
139 3 1 28
140 3 1 29
141 3 1 30
142 3 1 31
143 3 1 32
144 3 1 33
145 3 1 34
146 3 1 35
147 3 1 36
148 3 1 37
149 3 1 38
150 3 1 39
151 3 1 40
152 3 1 41
153 3 1 42
154 4 1 8
155 4 1 9
156 4 1 10
157 4 1 11
158 4 1 12
159 4 1 13
160 4 1 14
161 4 1 15
162 4 1 16
163 4 1 17
164 4 1 18
165 4 1 19
166 4 1 20
167 4 1 21
168 4 1 22
169 4 1 23
170 4 1 24
171 4 1 25
172 4 1 26
173 4 1 27
174 4 1 28
175 4 1 29
176 4 1 30
177 4 1 31
178 4 1 32
179 4 1 33
180 4 1 34
181 4 1 35
182 4 1 36
183 4 1 37
184 4 1 38
185 4 1 39
186 4 1 40
187 4 1 41
188 4 1 42
189 4 1 43
190 5 1 10
191 5 1 11
192 5 1 12
193 5 1 13
194 5 1 14
195 5 1 15
196 5 1 16
197 5 1 17
198 5 1 18
199 5 1 19
200 5 1 20
201 5 1 21
202 5 1 22
203 5 1 23
204 5 1 24
205 5 1 25
206 5 1 26
207 5 1 27
208 5 1 28
209 5 1 29
210 5 1 30
211 5 1 31
212 5 1 32
213 5 1 33
214 5 1 34
215 5 1 35
216 5 1 36
217 5 1 37
218 5 1 38
219 5 1 39
220 5 1 40
221 5 1 41
222 5 1 42
223 5 1 43
224 5 1 44
225 6 1 12
226 6 1 13
227 6 1 14
228 6 1 15
229 6 1 16
230 6 1 17
231 6 1 18
232 6 1 19
233 6 1 20
234 6 1 21
235 6 1 22
236 6 1 23
237 6 1 24
238 6 1 25
239 6 1 26
240 6 1 27
241 6 1 28
242 6 1 29
243 6 1 30
244 6 1 31
245 6 1 32
246 6 1 33
247 6 1 34
248 6 1 35
249 6 1 36
250 6 1 37
251 6 1 38
252 6 1 39
253 6 1 40
254 6 1 41
255 6 1 42
256 6 1 43
257 6 1 44
258 6 1 45
259 7 1 14
260 7 1 15
261 7 1 16
262 7 1 17
263 7 1 18
264 7 1 19
265 7 1 20
266 7 1 21
267 7 1 22
268 7 1 23
269 7 1 24
270 7 1 25
271 7 1 26
272 7 1 27
273 7 1 28
274 7 1 29
275 7 1 30
276 7 1 31
277 7 1 32
278 7 1 33
279 7 1 34
280 7 1 35
281 7 1 36
282 7 1 37
283 7 1 38
284 7 1 39
285 7 1 40
286 7 1 41
287 7 1 42
288 7 1 43
289 7 1 44
290 7 1 45
291 7 1 46
292 8 1 16
293 8 1 17
294 8 1 18
295 8 1 19
296 8 1 20
297 8 1 21
298 8 1 22
299 8 1 23
300 8 1 24
301 8 1 25
302 8 1 26
303 8 1 27
304 8 1 28
305 8 1 29
306 8 1 30
307 8 1 31
308 8 1 32
309 8 1 33
310 8 1 34
311 8 1 35
312 8 1 36
313 8 1 37
314 8 1 38
315 8 1 39
316 8 1 40
317 8 1 41
318 8 1 42
319 8 1 43
320 8 1 44
321 8 1 45
322 8 1 46
323 8 1 47
324 9 1 18
325 9 1 19
326 9 1 20
327 9 1 21
328 9 1 22
329 9 1 23
330 9 1 24
331 9 1 25
332 9 1 26
333 9 1 27
334 9 1 28
335 9 1 29
336 9 1 30
337 9 1 31
338 9 1 32
339 9 1 33
340 9 1 34
341 9 1 35
342 9 1 36
343 9 1 37
344 9 1 38
345 9 1 39
346 9 1 40
347 9 1 41
348 9 1 42
349 9 1 43
350 9 1 44
351 9 1 45
352 9 1 46
353 9 1 47
354 9 1 48
355 10 1 20
356 10 1 21
357 10 1 22
358 10 1 23
359 10 1 24
360 10 1 25
361 10 1 26
362 10 1 27
363 10 1 28
364 10 1 29
365 10 1 30
366 10 1 31
367 10 1 32
368 10 1 33
369 10 1 34
370 10 1 35
371 10 1 36
372 10 1 37
373 10 1 38
374 10 1 39
375 10 1 40
376 10 1 41
377 10 1 42
378 10 1 43
379 10 1 44
380 10 1 45
381 10 1 46
382 10 1 47
383 10 1 48
384 10 1 49
385 11 1 22
386 11 1 23
387 11 1 24
388 11 1 25
389 11 1 26
390 11 1 27
391 11 1 28
392 11 1 29
393 11 1 30
394 11 1 31
395 11 1 32
396 11 1 33
397 11 1 34
398 11 1 35
399 11 1 36
400 11 1 37
401 11 1 38
402 11 1 39
403 11 1 40
404 11 1 41
405 11 1 42
406 11 1 43
407 11 1 44
408 11 1 45
409 11 1 46
410 11 1 47
411 11 1 48
412 11 1 49
413 11 1 50
414 12 1 24
415 12 1 25
416 12 1 26
417 12 1 27
418 12 1 28
419 12 1 29
420 12 1 30
421 12 1 31
422 12 1 32
423 12 1 33
424 12 1 34
425 12 1 35
426 12 1 36
427 12 1 37
428 12 1 38
429 12 1 39
430 12 1 40
431 12 1 41
432 12 1 42
433 12 1 43
434 12 1 44
435 12 1 45
436 12 1 46
437 12 1 47
438 12 1 48
439 12 1 49
440 12 1 50
441 12 1 51
442 13 1 26
443 13 1 27
444 13 1 28
445 13 1 29
446 13 1 30
447 13 1 31
448 13 1 32
449 13 1 33
450 13 1 34
451 13 1 35
452 13 1 36
453 13 1 37
454 13 1 38
455 13 1 39
456 13 1 40
457 13 1 41
458 13 1 42
459 13 1 43
460 13 1 44
461 13 1 45
462 13 1 46
463 13 1 47
464 13 1 48
465 13 1 49
466 13 1 50
467 13 1 51
468 13 1 52
469 14 1 28
470 14 1 29
471 14 1 30
472 14 1 31
473 14 1 32
474 14 1 33
475 14 1 34
476 14 1 35
477 14 1 36
478 14 1 37
479 14 1 38
480 14 1 39
481 14 1 40
482 14 1 41
483 14 1 42
484 14 1 43
485 14 1 44
486 14 1 45
487 14 1 46
488 14 1 47
489 14 1 48
490 14 1 49
491 14 1 50
492 14 1 51
493 14 1 52
494 14 1 53
495 15 1 30
496 15 1 31
497 15 1 32
498 15 1 33
499 15 1 34
500 15 1 35
501 15 1 36
502 15 1 37
503 15 1 38
504 15 1 39
505 15 1 40
506 15 1 41
507 15 1 42
508 15 1 43
509 15 1 44
510 15 1 45
511 15 1 46
512 15 1 47
513 15 1 48
514 15 1 49
515 15 1 50
516 15 1 51
517 15 1 52
518 15 1 53
519 15 1 54
520 16 1 32
521 16 1 33
522 16 1 34
523 16 1 35
524 16 1 36
525 16 1 37
526 16 1 38
527 16 1 39
528 16 1 40
529 16 1 41
530 16 1 42
531 16 1 43
532 16 1 44
533 16 1 45
534 16 1 46
535 16 1 47
536 16 1 48
537 16 1 49
538 16 1 50
539 16 1 51
540 16 1 52
541 16 1 53
542 16 1 54
543 16 1 55
544 17 1 34
545 17 1 35
546 17 1 36
547 17 1 37
548 17 1 38
549 17 1 39
550 17 1 40
551 17 1 41
552 17 1 42
553 17 1 43
554 17 1 44
555 17 1 45
556 17 1 46
557 17 1 47
558 17 1 48
559 17 1 49
560 17 1 50
561 17 1 51
562 17 1 52
563 17 1 53
564 17 1 54
565 17 1 55
566 17 1 56
567 18 1 36
568 18 1 37
569 18 1 38
570 18 1 39
571 18 1 40
572 18 1 41
573 18 1 42
574 18 1 43
575 18 1 44
576 18 1 45
577 18 1 46
578 18 1 47
579 18 1 48
580 18 1 49
581 18 1 50
582 18 1 51
583 18 1 52
584 18 1 53
585 18 1 54
586 18 1 55
587 18 1 56
588 18 1 57
589 19 1 38
590 19 1 39
591 19 1 40
592 19 1 41
593 19 1 42
594 19 1 43
595 19 1 44
596 19 1 45
597 19 1 46
598 19 1 47
599 19 1 48
600 19 1 49
601 19 1 50
602 19 1 51
603 19 1 52
604 19 1 53
605 19 1 54
606 19 1 55
607 19 1 56
608 19 1 57
609 19 1 58
610 20 1 40
611 20 1 41
612 20 1 42
613 20 1 43
614 20 1 44
615 20 1 45
616 20 1 46
617 20 1 47
618 20 1 48
619 20 1 49
620 20 1 50
621 20 1 51
622 20 1 52
623 20 1 53
624 20 1 54
625 20 1 55
626 20 1 56
627 20 1 57
628 20 1 58
629 20 1 59
630 21 1 42
631 21 1 43
632 21 1 44
633 21 1 45
634 21 1 46
635 21 1 47
636 21 1 48
637 21 1 49
638 21 1 50
639 21 1 51
640 21 1 52
641 21 1 53
642 21 1 54
643 21 1 55
644 21 1 56
645 21 1 57
646 21 1 58
647 21 1 59
648 21 1 60
649 22 1 44
650 22 1 45
651 22 1 46
652 22 1 47
653 22 1 48
654 22 1 49
655 22 1 50
656 22 1 51
657 22 1 52
658 22 1 53
659 22 1 54
660 22 1 55
661 22 1 56
662 22 1 57
663 22 1 58
664 22 1 59
665 22 1 60
666 22 1 61
667 23 1 46
668 23 1 47
669 23 1 48
670 23 1 49
671 23 1 50
672 23 1 51
673 23 1 52
674 23 1 53
675 23 1 54
676 23 1 55
677 23 1 56
678 23 1 57
679 23 1 58
680 23 1 59
681 23 1 60
682 23 1 61
683 23 1 62
684 24 1 48
685 24 1 49
686 24 1 50
687 24 1 51
688 24 1 52
689 24 1 53
690 24 1 54
691 24 1 55
692 24 1 56
693 24 1 57
694 24 1 58
695 24 1 59
696 24 1 60
697 24 1 61
698 24 1 62
699 24 1 63
700 25 1 50
701 25 1 51
702 25 1 52
703 25 1 53
704 25 1 54
705 25 1 55
706 25 1 56
707 25 1 57
708 25 1 58
709 25 1 59
710 25 1 60
711 25 1 61
712 25 1 62
713 25 1 63
714 25 1 64
715 26 1 52
716 26 1 53
717 26 1 54
718 26 1 55
719 26 1 56
720 26 1 57
721 26 1 58
722 26 1 59
723 26 1 60
724 26 1 61
725 26 1 62
726 26 1 63
727 26 1 64
728 26 1 65
729 27 1 54
730 27 1 55
731 27 1 56
732 27 1 57
733 27 1 58
734 27 1 59
735 27 1 60
736 27 1 61
737 27 1 62
738 27 1 63
739 27 1 64
740 27 1 65
741 27 1 66
742 28 1 56
743 28 1 57
744 28 1 58
745 28 1 59
746 28 1 60
747 28 1 61
748 28 1 62
749 28 1 63
750 28 1 64
751 28 1 65
752 28 1 66
753 28 1 67
754 29 1 58
755 29 1 59
756 29 1 60
757 29 1 61
758 29 1 62
759 29 1 63
760 29 1 64
761 29 1 65
762 29 1 66
763 29 1 67
764 29 1 68
765 30 1 60
766 30 1 61
767 30 1 62
768 30 1 63
769 30 1 64
770 30 1 65
771 30 1 66
772 30 1 67
773 30 1 68
774 30 1 69
775 31 1 62
776 31 1 63
777 31 1 64
778 31 1 65
779 31 1 66
780 31 1 67
781 31 1 68
782 31 1 69
783 31 1 70
784 32 1 64
785 32 1 65
786 32 1 66
787 32 1 67
788 32 1 68
789 32 1 69
790 32 1 70
791 32 1 71
792 33 1 66
793 33 1 67
794 33 1 68
795 33 1 69
796 33 1 70
797 33 1 71
798 33 1 72
799 34 1 68
800 34 1 69
801 34 1 70
802 34 1 71
803 34 1 72
804 34 1 73
805 35 1 70
806 35 1 71
807 35 1 72
808 35 1 73
809 35 1 74
810 36 1 72
811 36 1 73
812 36 1 74
813 36 1 75
814 37 1 74
815 37 1 75
816 37 1 76
817 38 1 76
818 38 1 77
819 39 1 78
820 40 256 80
821 39 128 79
822 38 64 78
823 37 32 77
824 36 16 76
825 35 8 75
826 34 4 74
827 33 2 73
828 32 1 72
829 31 129 71
830 30 193 70
831 29 225 69
832 28 241 68
833 27 249 67
834 26 253 66
835 25 255 65
836 24 256 64
837 23 128 63
838 22 64 62
839 21 32 61
840 20 16 60
841 19 8 59
842 18 4 58
843 17 2 57
844 16 1 56
845 15 129 55
846 14 193 54
847 13 225 53
848 12 241 52
849 11 249 51
850 10 253 50
851 9 255 49
852 8 256 48
853 7 128 47
854 6 64 46
855 5 32 45
856 4 16 44
857 41 256 82
858 40 128 81
859 39 64 80
860 38 32 79
861 37 16 78
862 36 8 77
863 35 4 76
864 34 2 75
865 33 1 74
866 32 129 73
867 31 193 72
868 30 225 71
869 29 241 70
870 28 249 69
871 27 253 68
872 26 255 67
873 25 256 66
874 24 128 65
875 23 64 64
876 22 32 63
877 21 16 62
878 20 8 61
879 19 4 60
880 18 2 59
881 17 1 58
882 16 129 57
883 15 193 56
884 14 225 55
885 13 241 54
886 12 249 53
887 11 253 52
888 10 255 51
889 9 256 50
890 8 128 49
891 7 64 48
892 6 32 47
893 42 256 84
894 41 128 83
895 40 64 82
896 39 32 81
897 38 16 80
898 37 8 79
899 36 4 78
900 35 2 77
901 34 1 76
902 33 129 75
903 32 193 74
904 31 225 73
905 30 241 72
906 29 249 71
907 28 253 70
908 27 255 69
909 26 256 68
910 25 128 67
911 24 64 66
912 23 32 65
913 22 16 64
914 21 8 63
915 20 4 62
916 19 2 61
917 18 1 60
918 17 129 59
919 16 193 58
920 15 225 57
921 14 241 56
922 13 249 55
923 12 253 54
924 11 255 53
925 10 256 52
926 9 128 51
927 8 64 50
928 43 256 86
929 42 128 85
930 41 64 84
931 40 32 83
932 39 16 82
933 38 8 81
934 37 4 80
935 36 2 79
936 35 1 78
937 34 129 77
938 33 193 76
939 32 225 75
940 31 241 74
941 30 249 73
942 29 253 72
943 28 255 71
944 27 256 70
945 26 128 69
946 25 64 68
947 24 32 67
948 23 16 66
949 22 8 65
950 21 4 64
951 20 2 63
952 19 1 62
953 18 129 61
954 17 193 60
955 16 225 59
956 15 241 58
957 14 249 57
958 13 253 56
959 12 255 55
960 11 256 54
961 10 128 53
962 44 256 88
963 43 128 87
964 42 64 86
965 41 32 85
966 40 16 84
967 39 8 83
968 38 4 82
969 37 2 81
970 36 1 80
971 35 129 79
972 34 193 78
973 33 225 77
974 32 241 76
975 31 249 75
976 30 253 74
977 29 255 73
978 28 256 72
979 27 128 71
980 26 64 70
981 25 32 69
982 24 16 68
983 23 8 67
984 22 4 66
985 21 2 65
986 20 1 64
987 19 129 63
988 18 193 62
989 17 225 61
990 16 241 60
991 15 249 59
992 14 253 58
993 13 255 57
994 12 256 56
995 45 256 90
996 44 128 89
997 43 64 88
998 42 32 87
999 41 16 86
1000 40 8 85
1001 39 4 84
1002 38 2 83
1003 37 1 82
1004 36 129 81
1005 35 193 80
1006 34 225 79
1007 33 241 78
1008 32 249 77
1009 31 253 76
1010 30 255 75
1011 29 256 74
1012 28 128 73
1013 27 64 72
1014 26 32 71
1015 25 16 70
1016 24 8 69
1017 23 4 68
1018 22 2 67
1019 21 1 66
1020 20 129 65
1021 19 193 64
1022 18 225 63
1023 17 241 62
1024 16 249 61
1025 15 253 60
1026 14 255 59
1027 46 256 92
1028 45 128 91
1029 44 64 90
1030 43 32 89
1031 42 16 88
1032 41 8 87
1033 40 4 86
1034 39 2 85
1035 38 1 84
1036 37 129 83
1037 36 193 82
1038 35 225 81
1039 34 241 80
1040 33 249 79
1041 32 253 78
1042 31 255 77
1043 30 256 76
1044 29 128 75
1045 28 64 74
1046 27 32 73
1047 26 16 72
1048 25 8 71
1049 24 4 70
1050 23 2 69
1051 22 1 68
1052 21 129 67
1053 20 193 66
1054 19 225 65
1055 18 241 64
1056 17 249 63
1057 16 253 62
1058 47 256 94
1059 46 128 93
1060 45 64 92
1061 44 32 91
1062 43 16 90
1063 42 8 89
1064 41 4 88
1065 40 2 87
1066 39 1 86
1067 38 129 85
1068 37 193 84
1069 36 225 83
1070 35 241 82
1071 34 249 81
1072 33 253 80
1073 32 255 79
1074 31 256 78
1075 30 128 77
1076 29 64 76
1077 28 32 75
1078 27 16 74
1079 26 8 73
1080 25 4 72
1081 24 2 71
1082 23 1 70
1083 22 129 69
1084 21 193 68
1085 20 225 67
1086 19 241 66
1087 18 249 65
1088 48 256 96
1089 47 128 95
1090 46 64 94
1091 45 32 93
1092 44 16 92
1093 43 8 91
1094 42 4 90
1095 41 2 89
1096 40 1 88
1097 39 129 87
1098 38 193 86
1099 37 225 85
1100 36 241 84
1101 35 249 83
1102 34 253 82
1103 33 255 81
1104 32 256 80
1105 31 128 79
1106 30 64 78
1107 29 32 77
1108 28 16 76
1109 27 8 75
1110 26 4 74
1111 25 2 73
1112 24 1 72
1113 23 129 71
1114 22 193 70
1115 21 225 69
1116 20 241 68
1117 49 256 98
1118 48 128 97
1119 47 64 96
1120 46 32 95
1121 45 16 94
1122 44 8 93
1123 43 4 92
1124 42 2 91
1125 41 1 90
1126 40 129 89
1127 39 193 88
1128 38 225 87
1129 37 241 86
1130 36 249 85
1131 35 253 84
1132 34 255 83
1133 33 256 82
1134 32 128 81
1135 31 64 80
1136 30 32 79
1137 29 16 78
1138 28 8 77
1139 27 4 76
1140 26 2 75
1141 25 1 74
1142 24 129 73
1143 23 193 72
1144 22 225 71
1145 50 256 100
1146 49 128 99
1147 48 64 98
1148 47 32 97
1149 46 16 96
1150 45 8 95
1151 44 4 94
1152 43 2 93
1153 42 1 92
1154 41 129 91
1155 40 193 90
1156 39 225 89
1157 38 241 88
1158 37 249 87
1159 36 253 86
1160 35 255 85
1161 34 256 84
1162 33 128 83
1163 32 64 82
1164 31 32 81
1165 30 16 80
1166 29 8 79
1167 28 4 78
1168 27 2 77
1169 26 1 76
1170 25 129 75
1171 24 193 74
1172 51 256 102
1173 50 128 101
1174 49 64 100
1175 48 32 99
1176 47 16 98
1177 46 8 97
1178 45 4 96
1179 44 2 95
1180 43 1 94
1181 42 129 93
1182 41 193 92
1183 40 225 91
1184 39 241 90
1185 38 249 89
1186 37 253 88
1187 36 255 87
1188 35 256 86
1189 34 128 85
1190 33 64 84
1191 32 32 83
1192 31 16 82
1193 30 8 81
1194 29 4 80
1195 28 2 79
1196 27 1 78
1197 26 129 77
1198 52 256 104
1199 51 128 103
1200 50 64 102
1201 49 32 101
1202 48 16 100
1203 47 8 99
1204 46 4 98
1205 45 2 97
1206 44 1 96
1207 43 129 95
1208 42 193 94
1209 41 225 93
1210 40 241 92
1211 39 249 91
1212 38 253 90
1213 37 255 89
1214 36 256 88
1215 35 128 87
1216 34 64 86
1217 33 32 85
1218 32 16 84
1219 31 8 83
1220 30 4 82
1221 29 2 81
1222 28 1 80
1223 53 256 106
1224 52 128 105
1225 51 64 104
1226 50 32 103
1227 49 16 102
1228 48 8 101
1229 47 4 100
1230 46 2 99
1231 45 1 98
1232 44 129 97
1233 43 193 96
1234 42 225 95
1235 41 241 94
1236 40 249 93
1237 39 253 92
1238 38 255 91
1239 37 256 90
1240 36 128 89
1241 35 64 88
1242 34 32 87
1243 33 16 86
1244 32 8 85
1245 31 4 84
1246 30 2 83
1247 54 256 108
1248 53 128 107
1249 52 64 106
1250 51 32 105
1251 50 16 104
1252 49 8 103
1253 48 4 102
1254 47 2 101
1255 46 1 100
1256 45 129 99
1257 44 193 98
1258 43 225 97
1259 42 241 96
1260 41 249 95
1261 40 253 94
1262 39 255 93
1263 38 256 92
1264 37 128 91
1265 36 64 90
1266 35 32 89
1267 34 16 88
1268 33 8 87
1269 32 4 86
1270 55 256 110
1271 54 128 109
1272 53 64 108
1273 52 32 107
1274 51 16 106
1275 50 8 105
1276 49 4 104
1277 48 2 103
1278 47 1 102
1279 46 129 101
1280 45 193 100
1281 44 225 99
1282 43 241 98
1283 42 249 97
1284 41 253 96
1285 40 255 95
1286 39 256 94
1287 38 128 93
1288 37 64 92
1289 36 32 91
1290 35 16 90
1291 34 8 89
1292 56 256 112
1293 55 128 111
1294 54 64 110
1295 53 32 109
1296 52 16 108
1297 51 8 107
1298 50 4 106
1299 49 2 105
1300 48 1 104
1301 47 129 103
1302 46 193 102
1303 45 225 101
1304 44 241 100
1305 43 249 99
1306 42 253 98
1307 41 255 97
1308 40 256 96
1309 39 128 95
1310 38 64 94
1311 37 32 93
1312 36 16 92
1313 57 256 114
1314 56 128 113
1315 55 64 112
1316 54 32 111
1317 53 16 110
1318 52 8 109
1319 51 4 108
1320 50 2 107
1321 49 1 106
1322 48 129 105
1323 47 193 104
1324 46 225 103
1325 45 241 102
1326 44 249 101
1327 43 253 100
1328 42 255 99
1329 41 256 98
1330 40 128 97
1331 39 64 96
1332 38 32 95
1333 58 256 116
1334 57 128 115
1335 56 64 114
1336 55 32 113
1337 54 16 112
1338 53 8 111
1339 52 4 110
1340 51 2 109
1341 50 1 108
1342 49 129 107
1343 48 193 106
1344 47 225 105
1345 46 241 104
1346 45 249 103
1347 44 253 102
1348 43 255 101
1349 42 256 100
1350 41 128 99
1351 40 64 98
1352 59 256 118
1353 58 128 117
1354 57 64 116
1355 56 32 115
1356 55 16 114
1357 54 8 113
1358 53 4 112
1359 52 2 111
1360 51 1 110
1361 50 129 109
1362 49 193 108
1363 48 225 107
1364 47 241 106
1365 46 249 105
1366 45 253 104
1367 44 255 103
1368 43 256 102
1369 42 128 101
1370 60 256 120
1371 59 128 119
1372 58 64 118
1373 57 32 117
1374 56 16 116
1375 55 8 115
1376 54 4 114
1377 53 2 113
1378 52 1 112
1379 51 129 111
1380 50 193 110
1381 49 225 109
1382 48 241 108
1383 47 249 107
1384 46 253 106
1385 45 255 105
1386 44 256 104
1387 61 256 122
1388 60 128 121
1389 59 64 120
1390 58 32 119
1391 57 16 118
1392 56 8 117
1393 55 4 116
1394 54 2 115
1395 53 1 114
1396 52 129 113
1397 51 193 112
1398 50 225 111
1399 49 241 110
1400 48 249 109
1401 47 253 108
1402 46 255 107
1403 62 256 124
1404 61 128 123
1405 60 64 122
1406 59 32 121
1407 58 16 120
1408 57 8 119
1409 56 4 118
1410 55 2 117
1411 54 1 116
1412 53 129 115
1413 52 193 114
1414 51 225 113
1415 50 241 112
1416 49 249 111
1417 48 253 110
1418 63 256 126
1419 62 128 125
1420 61 64 124
1421 60 32 123
1422 59 16 122
1423 58 8 121
1424 57 4 120
1425 56 2 119
1426 55 1 118
1427 54 129 117
1428 53 193 116
1429 52 225 115
1430 51 241 114
1431 50 249 113
1432 64 256 128
1433 63 128 127
1434 62 64 126
1435 61 32 125
1436 60 16 124
1437 59 8 123
1438 58 4 122
1439 57 2 121
1440 56 1 120
1441 55 129 119
1442 54 193 118
1443 53 225 117
1444 52 241 116
1445 65 256 130
1446 64 128 129
1447 63 64 128
1448 62 32 127
1449 61 16 126
1450 60 8 125
1451 59 4 124
1452 58 2 123
1453 57 1 122
1454 56 129 121
1455 55 193 120
1456 54 225 119
1457 66 256 132
1458 65 128 131
1459 64 64 130
1460 63 32 129
1461 62 16 128
1462 61 8 127
1463 60 4 126
1464 59 2 125
1465 58 1 124
1466 57 129 123
1467 56 193 122
1468 67 256 134
1469 66 128 133
1470 65 64 132
1471 64 32 131
1472 63 16 130
1473 62 8 129
1474 61 4 128
1475 60 2 127
1476 59 1 126
1477 58 129 125
1478 68 256 136
1479 67 128 135
1480 66 64 134
1481 65 32 133
1482 64 16 132
1483 63 8 131
1484 62 4 130
1485 61 2 129
1486 60 1 128
1487 69 256 138
1488 68 128 137
1489 67 64 136
1490 66 32 135
1491 65 16 134
1492 64 8 133
1493 63 4 132
1494 62 2 131
1495 70 256 140
1496 69 128 139
1497 68 64 138
1498 67 32 137
1499 66 16 136
1500 65 8 135
1501 64 4 134
1502 71 256 142
1503 70 128 141
1504 69 64 140
1505 68 32 139
1506 67 16 138
1507 66 8 137
1508 72 256 144
1509 71 128 143
1510 70 64 142
1511 69 32 141
1512 68 16 140
1513 73 256 146
1514 72 128 145
1515 71 64 144
1516 70 32 143
1517 74 256 148
1518 73 128 147
1519 72 64 146
1520 75 256 150
1521 74 128 149
1522 76 256 152
1523 0 1 40
1524 0 1 41
1525 0 1 42
1526 0 1 43
1527 0 1 44
1528 0 1 45
1529 0 1 46
1530 0 1 47
1531 0 1 48
1532 0 1 49
1533 0 1 50
1534 0 1 51
1535 0 1 52
1536 0 1 53
1537 0 1 54
1538 0 1 55
1539 0 1 56
1540 0 1 57
1541 0 1 58
1542 0 1 59
1543 0 1 60
1544 0 1 61
1545 0 1 62
1546 0 1 63
1547 0 1 64
1548 0 1 65
1549 0 1 66
1550 0 1 67
1551 0 1 68
1552 0 1 69
1553 0 1 70
1554 0 1 71
1555 0 1 72
1556 0 1 73
1557 0 1 74
1558 0 1 75
1559 0 1 76
1560 1 1 41
1561 1 1 42
1562 1 1 43
1563 1 1 44
1564 1 1 45
1565 1 1 46
1566 1 1 47
1567 1 1 48
1568 1 1 49
1569 1 1 50
1570 1 1 51
1571 1 1 52
1572 1 1 53
1573 1 1 54
1574 1 1 55
1575 1 1 56
1576 1 1 57
1577 1 1 58
1578 1 1 59
1579 1 1 60
1580 1 1 61
1581 1 1 62
1582 1 1 63
1583 1 1 64
1584 1 1 65
1585 1 1 66
1586 1 1 67
1587 1 1 68
1588 1 1 69
1589 1 1 70
1590 1 1 71
1591 1 1 72
1592 1 1 73
1593 1 1 74
1594 1 1 75
1595 1 1 76
1596 2 1 42
1597 2 1 43
1598 2 1 44
1599 2 1 45
1600 2 1 46
1601 2 1 47
1602 2 1 48
1603 2 1 49
1604 2 1 50
1605 2 1 51
1606 2 1 52
1607 2 1 53
1608 2 1 54
1609 2 1 55
1610 2 1 56
1611 2 1 57
1612 2 1 58
1613 2 1 59
1614 2 1 60
1615 2 1 61
1616 2 1 62
1617 2 1 63
1618 2 1 64
1619 2 1 65
1620 2 1 66
1621 2 1 67
1622 2 1 68
1623 2 1 69
1624 2 1 70
1625 2 1 71
1626 2 1 72
1627 2 1 73
1628 2 1 74
1629 2 1 75
1630 2 1 76
1631 3 1 43
1632 3 1 44
1633 3 1 45
1634 3 1 46
1635 3 1 47
1636 3 1 48
1637 3 1 49
1638 3 1 50
1639 3 1 51
1640 3 1 52
1641 3 1 53
1642 3 1 54
1643 3 1 55
1644 3 1 56
1645 3 1 57
1646 3 1 58
1647 3 1 59
1648 3 1 60
1649 3 1 61
1650 3 1 62
1651 3 1 63
1652 3 1 64
1653 3 1 65
1654 3 1 66
1655 3 1 67
1656 3 1 68
1657 3 1 69
1658 3 1 70
1659 3 1 71
1660 3 1 72
1661 3 1 73
1662 3 1 74
1663 3 1 75
1664 3 1 76
1665 4 1 45
1666 4 1 46
1667 5 255 46
1668 4 1 47
1669 4 1 48
1670 4 1 49
1671 4 1 50
1672 4 1 51
1673 4 1 52
1674 4 1 53
1675 4 1 54
1676 4 1 55
1677 4 1 56
1678 4 1 57
1679 4 1 58
1680 4 1 59
1681 4 1 60
1682 4 1 61
1683 4 1 62
1684 4 1 63
1685 4 1 64
1686 4 1 65
1687 4 1 66
1688 4 1 67
1689 4 1 68
1690 4 1 69
1691 4 1 70
1692 4 1 71
1693 4 1 72
1694 4 1 73
1695 4 1 74
1696 4 1 75
1697 4 1 76
1698 5 1 47
1699 5 1 48
1700 6 255 48
1701 5 1 49
1702 7 4 49
1703 5 1 50
1704 5 1 51
1705 5 1 52
1706 5 1 53
1707 5 1 54
1708 5 1 55
1709 5 1 56
1710 5 1 57
1711 5 1 58
1712 5 1 59
1713 5 1 60
1714 5 1 61
1715 5 1 62
1716 5 1 63
1717 5 1 64
1718 5 1 65
1719 5 1 66
1720 5 1 67
1721 5 1 68
1722 5 1 69
1723 5 1 70
1724 5 1 71
1725 5 1 72
1726 5 1 73
1727 5 1 74
1728 5 1 75
1729 5 1 76
1730 6 1 49
1731 6 1 50
1732 7 255 50
1733 6 1 51
1734 8 4 51
1735 6 1 52
1736 9 249 52
1737 6 1 53
1738 6 1 54
1739 6 1 55
1740 6 1 56
1741 6 1 57
1742 6 1 58
1743 6 1 59
1744 6 1 60
1745 6 1 61
1746 6 1 62
1747 6 1 63
1748 6 1 64
1749 6 1 65
1750 6 1 66
1751 6 1 67
1752 6 1 68
1753 6 1 69
1754 6 1 70
1755 6 1 71
1756 6 1 72
1757 6 1 73
1758 6 1 74
1759 6 1 75
1760 6 1 76
1761 7 1 51
1762 7 1 52
1763 8 255 52
1764 7 1 53
1765 9 4 53
1766 7 1 54
1767 10 249 54
1768 7 1 55
1769 11 16 55
1770 7 1 56
1771 7 1 57
1772 7 1 58
1773 7 1 59
1774 7 1 60
1775 7 1 61
1776 7 1 62
1777 7 1 63
1778 7 1 64
1779 7 1 65
1780 7 1 66
1781 7 1 67
1782 7 1 68
1783 7 1 69
1784 7 1 70
1785 7 1 71
1786 7 1 72
1787 7 1 73
1788 7 1 74
1789 7 1 75
1790 7 1 76
1791 8 1 53
1792 8 1 54
1793 9 255 54
1794 8 1 55
1795 10 4 55
1796 8 1 56
1797 11 249 56
1798 8 1 57
1799 12 16 57
1800 8 1 58
1801 13 225 58
1802 8 1 59
1803 8 1 60
1804 8 1 61
1805 8 1 62
1806 8 1 63
1807 8 1 64
1808 8 1 65
1809 8 1 66
1810 8 1 67
1811 8 1 68
1812 8 1 69
1813 8 1 70
1814 8 1 71
1815 8 1 72
1816 8 1 73
1817 8 1 74
1818 8 1 75
1819 8 1 76
1820 9 1 55
1821 9 1 56
1822 10 255 56
1823 9 1 57
1824 11 4 57
1825 9 1 58
1826 12 249 58
1827 9 1 59
1828 13 16 59
1829 9 1 60
1830 14 225 60
1831 9 1 61
1832 15 64 61
1833 9 1 62
1834 9 1 63
1835 9 1 64
1836 9 1 65
1837 9 1 66
1838 9 1 67
1839 9 1 68
1840 9 1 69
1841 9 1 70
1842 9 1 71
1843 9 1 72
1844 9 1 73
1845 9 1 74
1846 9 1 75
1847 9 1 76
1848 10 1 57
1849 10 1 58
1850 11 255 58
1851 10 1 59
1852 12 4 59
1853 10 1 60
1854 13 249 60
1855 10 1 61
1856 14 16 61
1857 10 1 62
1858 15 225 62
1859 10 1 63
1860 16 64 63
1861 10 1 64
1862 17 129 64
1863 10 1 65
1864 10 1 66
1865 10 1 67
1866 10 1 68
1867 10 1 69
1868 10 1 70
1869 10 1 71
1870 10 1 72
1871 10 1 73
1872 10 1 74
1873 10 1 75
1874 10 1 76
1875 11 1 59
1876 11 1 60
1877 12 255 60
1878 11 1 61
1879 13 4 61
1880 11 1 62
1881 14 249 62
1882 11 1 63
1883 15 16 63
1884 11 1 64
1885 16 225 64
1886 11 1 65
1887 17 64 65
1888 11 1 66
1889 18 129 66
1890 11 1 67
1891 19 256 67
1892 11 1 68
1893 11 1 69
1894 11 1 70
1895 11 1 71
1896 11 1 72
1897 11 1 73
1898 11 1 74
1899 11 1 75
1900 11 1 76
1901 12 1 61
1902 12 1 62
1903 13 255 62
1904 12 1 63
1905 14 4 63
1906 12 1 64
1907 15 249 64
1908 12 1 65
1909 16 16 65
1910 12 1 66
1911 17 225 66
1912 12 1 67
1913 18 64 67
1914 12 1 68
1915 19 129 68
1916 12 1 69
1917 20 256 69
1918 12 1 70
1919 21 2 70
1920 12 1 71
1921 12 1 72
1922 12 1 73
1923 12 1 74
1924 12 1 75
1925 12 1 76
1926 13 1 63
1927 13 1 64
1928 14 255 64
1929 13 1 65
1930 15 4 65
1931 13 1 66
1932 16 249 66
1933 13 1 67
1934 17 16 67
1935 13 1 68
1936 18 225 68
1937 13 1 69
1938 19 64 69
1939 13 1 70
1940 20 129 70
1941 13 1 71
1942 21 256 71
1943 13 1 72
1944 22 2 72
1945 13 1 73
1946 23 253 73
1947 13 1 74
1948 13 1 75
1949 13 1 76
1950 14 1 65
1951 14 1 66
1952 15 255 66
1953 14 1 67
1954 16 4 67
1955 14 1 68
1956 17 249 68
1957 14 1 69
1958 18 16 69
1959 14 1 70
1960 19 225 70
1961 14 1 71
1962 20 64 71
1963 14 1 72
1964 21 129 72
1965 14 1 73
1966 22 256 73
1967 14 1 74
1968 23 2 74
1969 14 1 75
1970 24 253 75
1971 14 1 76
1972 25 8 76
1973 15 1 67
1974 15 1 68
1975 16 255 68
1976 15 1 69
1977 17 4 69
1978 15 1 70
1979 18 249 70
1980 15 1 71
1981 19 16 71
1982 15 1 72
1983 20 225 72
1984 15 1 73
1985 21 64 73
1986 15 1 74
1987 22 129 74
1988 15 1 75
1989 23 256 75
1990 15 1 76
1991 24 2 76
1992 13 78 77
1993 14 134 77
1994 15 1 77
1995 16 1 69
1996 16 1 70
1997 17 255 70
1998 16 1 71
1999 18 4 71
2000 16 1 72
2001 19 249 72
2002 16 1 73
2003 20 16 73
2004 16 1 74
2005 21 225 74
2006 16 1 75
2007 22 64 75
2008 16 1 76
2009 23 129 76
2010 11 89 77
2011 12 47 77
2012 16 1 77
2013 25 8 77
2014 15 131 78
2015 16 1 78
2016 17 1 71
2017 17 1 72
2018 18 255 72
2019 17 1 73
2020 19 4 73
2021 17 1 74
2022 20 249 74
2023 17 1 75
2024 21 16 75
2025 17 1 76
2026 22 225 76
2027 9 255 77
2028 10 166 77
2029 17 1 77
2030 24 151 77
2031 13 229 78
2032 14 222 78
2033 17 1 78
2034 26 44 78
2035 17 1 79
2036 18 1 73
2037 18 1 74
2038 19 255 74
2039 18 1 75
2040 20 4 75
2041 18 1 76
2042 21 249 76
2043 7 83 77
2044 8 71 77
2045 18 1 77
2046 23 93 77
2047 11 59 78
2048 12 243 78
2049 18 1 78
2050 25 54 78
2051 15 130 79
2052 16 34 79
2053 18 1 79
2054 27 183 79
2055 19 1 75
2056 19 1 76
2057 20 255 76
2058 5 60 77
2059 6 69 77
2060 19 1 77
2061 22 247 77
2062 9 122 78
2063 10 157 78
2064 19 1 78
2065 24 119 78
2066 13 191 79
2067 14 81 79
2068 19 1 79
2069 26 20 79
2070 17 78 80
2071 18 226 80
2072 19 1 80
2073 4 1 77
2074 20 1 77
2075 21 15 77
2076 7 8 78
2077 8 112 78
2078 20 1 78
2079 23 34 78
2080 11 255 79
2081 12 246 79
2082 20 1 79
2083 25 204 79
2084 15 221 80
2085 16 161 80
2086 20 1 80
2087 27 238 80
2088 19 155 81
2089 20 1 81
2090 6 225 78
2091 21 1 78
2092 22 218 78
2093 9 39 79
2094 10 32 79
2095 21 1 79
2096 24 147 79
2097 13 256 80
2098 14 123 80
2099 21 1 80
2100 26 117 80
2101 17 74 81
2102 18 26 81
2103 21 1 81
2104 28 43 81
2105 21 1 82
2106 8 60 79
2107 22 1 79
2108 23 215 79
2109 11 18 80
2110 12 252 80
2111 22 1 80
2112 25 196 80
2113 15 46 81
2114 16 253 81
2115 22 1 81
2116 27 234 81
2117 19 225 82
2118 20 86 82
2119 22 1 82
2120 29 87 82
2121 10 246 80
2122 23 1 80
2123 24 83 80
2124 13 12 81
2125 14 168 81
2126 23 1 81
2127 26 141 81
2128 17 46 82
2129 18 253 82
2130 23 1 82
2131 28 141 82
2132 21 209 83
2133 22 129 83
2134 23 1 83
2135 12 13 81
2136 24 1 81
2137 25 184 81
2138 15 81 82
2139 16 106 82
2140 24 1 82
2141 27 128 82
2142 19 147 83
2143 20 166 83
2144 24 1 83
2145 29 119 83
2146 23 161 84
2147 24 1 84
2148 14 225 82
2149 25 1 82
2150 26 151 82
2151 17 200 83
2152 18 230 83
2153 25 1 83
2154 28 192 83
2155 21 193 84
2156 22 162 84
2157 25 1 84
2158 30 31 84
2159 25 1 85
2160 16 152 83
2161 26 1 83
2162 27 25 83
2163 19 254 84
2164 20 215 84
2165 26 1 84
2166 29 153 84
2167 23 74 85
2168 24 150 85
2169 26 1 85
2170 31 186 85
2171 18 110 84
2172 27 1 84
2173 28 253 84
2174 21 251 85
2175 22 173 85
2176 27 1 85
2177 30 75 85
2178 25 222 86
2179 26 193 86
2180 27 1 86
2181 20 167 85
2182 28 1 85
2183 29 179 85
2184 23 58 86
2185 24 41 86
2186 28 1 86
2187 31 150 86
2188 27 117 87
2189 28 1 87
2190 22 183 86
2191 29 1 86
2192 30 166 86
2193 25 22 87
2194 26 51 87
2195 29 1 87
2196 32 118 87
2197 29 1 88
2198 24 119 87
2199 30 1 87
2200 31 45 87
2201 27 251 88
2202 28 173 88
2203 30 1 88
2204 33 215 88
2205 26 8 88
2206 31 1 88
2207 32 249 88
2208 29 221 89
2209 30 10 89
2210 31 1 89
2211 28 244 89
2212 32 1 89
2213 33 75 89
2214 31 202 90
2215 32 1 90
2216 30 44 90
2217 33 1 90
2218 34 241 90
2219 33 1 91
2220 32 68 91
2221 34 1 91
2222 35 225 91
2223 34 249 92
2224 35 1 92
2225 36 1 93
2226 37 132 94
2227 36 44 94
2228 35 186 93
2229 34 62 93
2230 33 192 92
2231 32 64 92
2232 31 107 91
2233 30 207 91
2234 29 69 90
2235 28 23 90
2236 27 179 89
2237 26 231 89
2238 25 77 88
2239 24 197 88
2240 23 237 87
2241 22 79 87
2242 21 112 86
2243 20 123 86
2244 19 41 85
2245 18 185 85
2246 17 233 84
2247 16 249 84
2248 15 83 83
2249 14 199 83
2250 13 152 82
2251 12 222 82
2252 11 74 81
2253 38 132 96
2254 37 44 95
2255 36 186 95
2256 35 62 94
2257 34 192 94
2258 33 64 93
2259 32 107 93
2260 31 207 92
2261 30 69 92
2262 29 23 91
2263 28 179 91
2264 27 231 90
2265 26 77 90
2266 25 197 89
2267 24 237 89
2268 23 79 88
2269 22 112 88
2270 21 123 87
2271 20 41 87
2272 19 185 86
2273 18 233 86
2274 17 249 85
2275 16 83 85
2276 15 199 84
2277 14 152 84
2278 13 222 83
2279 39 132 97
2280 38 44 97
2281 37 186 96
2282 36 62 96
2283 35 192 95
2284 34 64 95
2285 33 107 94
2286 32 207 94
2287 31 69 93
2288 30 23 93
2289 29 179 92
2290 28 231 92
2291 27 77 91
2292 26 197 91
2293 25 237 90
2294 24 79 90
2295 23 112 89
2296 22 123 89
2297 21 41 88
2298 20 185 88
2299 19 233 87
2300 18 249 87
2301 17 83 86
2302 16 199 86
2303 15 152 85
2304 40 132 99
2305 39 44 98
2306 38 186 98
2307 37 62 97
2308 36 192 97
2309 35 64 96
2310 34 107 96
2311 33 207 95
2312 32 69 95
2313 31 23 94
2314 30 179 94
2315 29 231 93
2316 28 77 93
2317 27 197 92
2318 26 237 92
2319 25 79 91
2320 24 112 91
2321 23 123 90
2322 22 41 90
2323 21 185 89
2324 20 233 89
2325 19 249 88
2326 18 83 88
2327 17 199 87
2328 41 132 100
2329 40 44 100
2330 39 186 99
2331 38 62 99
2332 37 192 98
2333 36 64 98
2334 35 107 97
2335 34 207 97
2336 33 69 96
2337 32 23 96
2338 31 179 95
2339 30 231 95
2340 29 77 94
2341 28 197 94
2342 27 237 93
2343 26 79 93
2344 25 112 92
2345 24 123 92
2346 23 41 91
2347 22 185 91
2348 21 233 90
2349 20 249 90
2350 19 83 89
2351 42 132 102
2352 41 44 101
2353 40 186 101
2354 39 62 100
2355 38 192 100
2356 37 64 99
2357 36 107 99
2358 35 207 98
2359 34 69 98
2360 33 23 97
2361 32 179 97
2362 31 231 96
2363 30 77 96
2364 29 197 95
2365 28 237 95
2366 27 79 94
2367 26 112 94
2368 25 123 93
2369 24 41 93
2370 23 185 92
2371 22 233 92
2372 21 249 91
2373 43 132 103
2374 42 44 103
2375 41 186 102
2376 40 62 102
2377 39 192 101
2378 38 64 101
2379 37 107 100
2380 36 207 100
2381 35 69 99
2382 34 23 99
2383 33 179 98
2384 32 231 98
2385 31 77 97
2386 30 197 97
2387 29 237 96
2388 28 79 96
2389 27 112 95
2390 26 123 95
2391 25 41 94
2392 24 185 94
2393 23 233 93
2394 44 132 105
2395 43 44 104
2396 42 186 104
2397 41 62 103
2398 40 192 103
2399 39 64 102
2400 38 107 102
2401 37 207 101
2402 36 69 101
2403 35 23 100
2404 34 179 100
2405 33 231 99
2406 32 77 99
2407 31 197 98
2408 30 237 98
2409 29 79 97
2410 28 112 97
2411 27 123 96
2412 26 41 96
2413 25 185 95
2414 45 132 106
2415 44 44 106
2416 43 186 105
2417 42 62 105
2418 41 192 104
2419 40 64 104
2420 39 107 103
2421 38 207 103
2422 37 69 102
2423 36 23 102
2424 35 179 101
2425 34 231 101
2426 33 77 100
2427 32 197 100
2428 31 237 99
2429 30 79 99
2430 29 112 98
2431 28 123 98
2432 27 41 97
2433 46 132 108
2434 45 44 107
2435 44 186 107
2436 43 62 106
2437 42 192 106
2438 41 64 105
2439 40 107 105
2440 39 207 104
2441 38 69 104
2442 37 23 103
2443 36 179 103
2444 35 231 102
2445 34 77 102
2446 33 197 101
2447 32 237 101
2448 31 79 100
2449 30 112 100
2450 29 123 99
2451 47 132 109
2452 46 44 109
2453 45 186 108
2454 44 62 108
2455 43 192 107
2456 42 64 107
2457 41 107 106
2458 40 207 106
2459 39 69 105
2460 38 23 105
2461 37 179 104
2462 36 231 104
2463 35 77 103
2464 34 197 103
2465 33 237 102
2466 32 79 102
2467 31 112 101
2468 48 132 111
2469 47 44 110
2470 46 186 110
2471 45 62 109
2472 44 192 109
2473 43 64 108
2474 42 107 108
2475 41 207 107
2476 40 69 107
2477 39 23 106
2478 38 179 106
2479 37 231 105
2480 36 77 105
2481 35 197 104
2482 34 237 104
2483 33 79 103
2484 49 132 112
2485 48 44 112
2486 47 186 111
2487 46 62 111
2488 45 192 110
2489 44 64 110
2490 43 107 109
2491 42 207 109
2492 41 69 108
2493 40 23 108
2494 39 179 107
2495 38 231 107
2496 37 77 106
2497 36 197 106
2498 35 237 105
2499 50 132 114
2500 49 44 113
2501 48 186 113
2502 47 62 112
2503 46 192 112
2504 45 64 111
2505 44 107 111
2506 43 207 110
2507 42 69 110
2508 41 23 109
2509 40 179 109
2510 39 231 108
2511 38 77 108
2512 37 197 107
2513 51 132 115
2514 50 44 115
2515 49 186 114
2516 48 62 114
2517 47 192 113
2518 46 64 113
2519 45 107 112
2520 44 207 112
2521 43 69 111
2522 42 23 111
2523 41 179 110
2524 40 231 110
2525 39 77 109
2526 52 132 117
2527 51 44 116
2528 50 186 116
2529 49 62 115
2530 48 192 115
2531 47 64 114
2532 46 107 114
2533 45 207 113
2534 44 69 113
2535 43 23 112
2536 42 179 112
2537 41 231 111
2538 53 132 118
2539 52 44 118
2540 51 186 117
2541 50 62 117
2542 49 192 116
2543 48 64 116
2544 47 107 115
2545 46 207 115
2546 45 69 114
2547 44 23 114
2548 43 179 113
2549 54 132 120
2550 53 44 119
2551 52 186 119
2552 51 62 118
2553 50 192 118
2554 49 64 117
2555 48 107 117
2556 47 207 116
2557 46 69 116
2558 45 23 115
2559 55 132 121
2560 54 44 121
2561 53 186 120
2562 52 62 120
2563 51 192 119
2564 50 64 119
2565 49 107 118
2566 48 207 118
2567 47 69 117
2568 56 132 123
2569 55 44 122
2570 54 186 122
2571 53 62 121
2572 52 192 121
2573 51 64 120
2574 50 107 120
2575 49 207 119
2576 57 132 124
2577 56 44 124
2578 55 186 123
2579 54 62 123
2580 53 192 122
2581 52 64 122
2582 51 107 121
2583 58 132 126
2584 57 44 125
2585 56 186 125
2586 55 62 124
2587 54 192 124
2588 53 64 123
2589 59 132 127
2590 58 44 127
2591 57 186 126
2592 56 62 126
2593 55 192 125
2594 60 132 129
2595 59 44 128
2596 58 186 128
2597 57 62 127
2598 61 132 130
2599 60 44 130
2600 59 186 129
2601 62 132 132
2602 61 44 131
2603 63 132 133
2604 64 253 135
2605 62 256 133
2606 60 64 131
2607 58 16 129
2608 56 4 127
2609 54 1 125
2610 52 193 123
2611 50 241 121
2612 48 253 119
2613 46 256 117
2614 44 64 115
2615 42 16 113
2616 40 4 111
2617 38 1 109
2618 36 193 107
2619 34 241 105
2620 32 253 103
2621 30 256 101
2622 28 64 99
2623 26 16 97
2624 24 4 95
2625 22 1 93
2626 20 193 91
2627 18 241 89
2628 16 253 87
2629 14 256 85
2630 65 253 136
2631 63 256 134
2632 61 64 132
2633 59 16 130
2634 57 4 128
2635 55 1 126
2636 53 193 124
2637 51 241 122
2638 49 253 120
2639 47 256 118
2640 45 64 116
2641 43 16 114
2642 41 4 112
2643 39 1 110
2644 37 193 108
2645 35 241 106
2646 33 253 104
2647 31 256 102
2648 29 64 100
2649 27 16 98
2650 25 4 96
2651 23 1 94
2652 21 193 92
2653 19 241 90
2654 66 253 138
2655 64 256 136
2656 62 64 134
2657 60 16 132
2658 58 4 130
2659 56 1 128
2660 54 193 126
2661 52 241 124
2662 50 253 122
2663 48 256 120
2664 46 64 118
2665 44 16 116
2666 42 4 114
2667 40 1 112
2668 38 193 110
2669 36 241 108
2670 34 253 106
2671 32 256 104
2672 30 64 102
2673 28 16 100
2674 26 4 98
2675 24 1 96
2676 67 253 139
2677 65 256 137
2678 63 64 135
2679 61 16 133
2680 59 4 131
2681 57 1 129
2682 55 193 127
2683 53 241 125
2684 51 253 123
2685 49 256 121
2686 47 64 119
2687 45 16 117
2688 43 4 115
2689 41 1 113
2690 39 193 111
2691 37 241 109
2692 35 253 107
2693 33 256 105
2694 31 64 103
2695 29 16 101
2696 68 253 141
2697 66 256 139
2698 64 64 137
2699 62 16 135
2700 60 4 133
2701 58 1 131
2702 56 193 129
2703 54 241 127
2704 52 253 125
2705 50 256 123
2706 48 64 121
2707 46 16 119
2708 44 4 117
2709 42 1 115
2710 40 193 113
2711 38 241 111
2712 36 253 109
2713 34 256 107
2714 69 253 142
2715 67 256 140
2716 65 64 138
2717 63 16 136
2718 61 4 134
2719 59 1 132
2720 57 193 130
2721 55 241 128
2722 53 253 126
2723 51 256 124
2724 49 64 122
2725 47 16 120
2726 45 4 118
2727 43 1 116
2728 41 193 114
2729 39 241 112
2730 70 253 144
2731 68 256 142
2732 66 64 140
2733 64 16 138
2734 62 4 136
2735 60 1 134
2736 58 193 132
2737 56 241 130
2738 54 253 128
2739 52 256 126
2740 50 64 124
2741 48 16 122
2742 46 4 120
2743 44 1 118
2744 71 253 145
2745 69 256 143
2746 67 64 141
2747 65 16 139
2748 63 4 137
2749 61 1 135
2750 59 193 133
2751 57 241 131
2752 55 253 129
2753 53 256 127
2754 51 64 125
2755 49 16 123
2756 72 253 147
2757 70 256 145
2758 68 64 143
2759 66 16 141
2760 64 4 139
2761 62 1 137
2762 60 193 135
2763 58 241 133
2764 56 253 131
2765 54 256 129
2766 73 253 148
2767 71 256 146
2768 69 64 144
2769 67 16 142
2770 65 4 140
2771 63 1 138
2772 61 193 136
2773 59 241 134
2774 74 253 150
2775 72 256 148
2776 70 64 146
2777 68 16 144
2778 66 4 142
2779 64 1 140
2780 75 253 151
2781 73 256 149
2782 71 64 147
2783 69 16 145
2784 76 253 153
2785 74 256 151
2786 0 256 77
2787 0 256 78
2788 0 256 79
2789 0 256 80
2790 0 256 81
2791 0 256 82
2792 0 256 83
2793 0 256 84
2794 0 256 85
2795 0 256 86
2796 0 256 87
2797 0 256 88
2798 0 256 89
2799 0 256 90
2800 0 256 91
2801 0 256 92
2802 0 256 93
2803 0 256 94
2804 0 256 95
2805 0 256 96
2806 0 256 97
2807 0 256 98
2808 0 256 99
2809 0 256 100
2810 0 256 101
2811 0 256 102
2812 1 128 77
2813 1 128 78
2814 1 128 79
2815 1 128 80
2816 1 128 81
2817 1 128 82
2818 1 128 83
2819 1 128 84
2820 1 128 85
2821 1 128 86
2822 1 128 87
2823 1 128 88
2824 1 128 89
2825 1 128 90
2826 1 128 91
2827 1 128 92
2828 1 128 93
2829 1 128 94
2830 1 128 95
2831 1 128 96
2832 1 128 97
2833 1 128 98
2834 1 128 99
2835 1 128 100
2836 1 128 101
2837 2 64 77
2838 2 64 78
2839 2 64 79
2840 2 64 80
2841 2 64 81
2842 2 64 82
2843 2 64 83
2844 2 64 84
2845 2 64 85
2846 2 64 86
2847 2 64 87
2848 2 64 88
2849 2 64 89
2850 2 64 90
2851 2 64 91
2852 2 64 92
2853 2 64 93
2854 2 64 94
2855 2 64 95
2856 2 64 96
2857 2 64 97
2858 2 64 98
2859 2 64 99
2860 2 64 100
2861 3 32 77
2862 3 32 78
2863 3 32 79
2864 3 32 80
2865 3 32 81
2866 3 32 82
2867 3 32 83
2868 3 32 84
2869 3 32 85
2870 3 32 86
2871 3 32 87
2872 3 32 88
2873 3 32 89
2874 3 32 90
2875 3 32 91
2876 3 32 92
2877 3 32 93
2878 3 32 94
2879 3 32 95
2880 3 32 96
2881 3 32 97
2882 3 32 98
2883 3 32 99
2884 4 32 78
2885 5 241 78
2886 4 16 79
2887 4 16 80
2888 4 16 81
2889 4 16 82
2890 4 16 83
2891 4 16 84
2892 4 16 85
2893 4 16 86
2894 4 16 87
2895 4 16 88
2896 4 16 89
2897 4 16 90
2898 4 16 91
2899 4 16 92
2900 4 16 93
2901 4 16 94
2902 4 16 95
2903 4 16 96
2904 4 16 97
2905 4 16 98
2906 5 32 79
2907 6 241 79
2908 7 8 79
2909 5 8 80
2910 5 8 81
2911 5 8 82
2912 5 8 83
2913 5 8 84
2914 5 8 85
2915 5 8 86
2916 5 8 87
2917 5 8 88
2918 5 8 89
2919 5 8 90
2920 5 8 91
2921 5 8 92
2922 5 8 93
2923 5 8 94
2924 5 8 95
2925 5 8 96
2926 5 8 97
2927 6 32 80
2928 7 241 80
2929 8 8 80
2930 9 253 80
2931 6 4 81
2932 6 4 82
2933 6 4 83
2934 6 4 84
2935 6 4 85
2936 6 4 86
2937 6 4 87
2938 6 4 88
2939 6 4 89
2940 6 4 90
2941 6 4 91
2942 6 4 92
2943 6 4 93
2944 6 4 94
2945 6 4 95
2946 6 4 96
2947 7 32 81
2948 8 241 81
2949 9 8 81
2950 10 253 81
2951 7 4 82
2952 11 1 82
2953 7 2 83
2954 7 2 84
2955 7 2 85
2956 7 2 86
2957 7 2 87
2958 7 2 88
2959 7 2 89
2960 7 2 90
2961 7 2 91
2962 7 2 92
2963 7 2 93
2964 7 2 94
2965 7 2 95
2966 8 32 82
2967 9 241 82
2968 10 8 82
2969 8 8 83
2970 11 255 83
2971 12 1 83
2972 8 2 84
2973 13 64 84
2974 8 1 85
2975 8 1 86
2976 8 1 87
2977 8 1 88
2978 8 1 89
2979 8 1 90
2980 8 1 91
2981 8 1 92
2982 8 1 93
2983 8 1 94
2984 9 32 83
2985 10 241 83
2986 9 16 84
2987 11 4 84
2988 12 255 84
2989 9 4 85
2990 13 129 85
2991 9 2 86
2992 14 32 86
2993 15 241 86
2994 9 129 87
2995 9 129 88
2996 9 129 89
2997 9 129 90
2998 9 129 91
2999 9 129 92
3000 9 129 93
3001 10 32 84
3002 10 32 85
3003 11 249 85
3004 12 4 85
3005 10 8 86
3006 13 256 86
3007 10 4 87
3008 14 193 87
3009 15 32 87
3010 10 1 88
3011 16 249 88
3012 17 4 88
3013 10 193 89
3014 10 193 90
3015 10 193 91
3016 10 193 92
3017 11 32 86
3018 12 80 86
3019 11 138 87
3020 12 19 87
3021 13 2 87
3022 11 8 88
3023 14 128 88
3024 15 193 88
3025 11 2 89
3026 16 16 89
3027 17 249 89
3028 11 129 90
3029 18 2 90
3030 11 193 91
3031 19 128 91
3032 12 32 88
3033 13 80 88
3034 12 138 89
3035 13 19 89
3036 14 2 89
3037 15 30 89
3038 12 248 90
3039 15 242 90
3040 16 225 90
3041 17 16 90
3042 12 1 91
3043 18 253 91
3044 11 135 92
3045 12 94 92
3046 13 32 90
3047 14 80 90
3048 13 138 91
3049 14 19 91
3050 15 2 91
3051 16 30 91
3052 17 225 91
3053 13 15 92
3054 16 255 92
3055 17 56 92
3056 18 8 92
3057 19 43 92
3058 20 6 92
3059 14 32 92
3060 15 80 92
3061 10 171 93
3062 11 202 93
3063 12 113 93
3064 13 149 93
3065 14 232 93
3066 15 174 93
3067 16 128 93
3068 17 134 93
3069 18 76 93
3070 19 62 93
3071 20 225 93
3072 21 84 93
3073 9 135 94
3074 10 146 94
3075 11 10 94
3076 12 250 94
3077 13 240 94
3078 14 67 94
3079 15 140 94
3080 16 90 94
3081 17 42 94
3082 18 107 94
3083 19 98 94
3084 20 83 94
3085 21 179 94
3086 22 18 94
3087 8 146 95
3088 9 183 95
3089 10 3 95
3090 11 3 95
3091 12 236 95
3092 13 200 95
3093 14 1 95
3094 15 52 95
3095 16 200 95
3096 17 254 95
3097 18 55 95
3098 19 19 95
3099 20 234 95
3100 21 142 95
3101 22 133 95
3102 23 216 95
3103 7 111 96
3104 8 209 96
3105 9 86 96
3106 10 150 96
3107 11 165 96
3108 12 235 96
3109 13 71 96
3110 14 7 96
3111 15 244 96
3112 16 152 96
3113 17 163 96
3114 18 99 96
3115 19 102 96
3116 20 4 96
3117 21 227 96
3118 22 12 96
3119 23 209 96
3120 6 87 97
3121 7 27 97
3122 8 73 97
3123 14 1 97
3124 16 213 97
3125 18 28 97
3126 19 187 97
3127 21 150 97
3128 20 55 97
3129 22 162 97
3130 24 221 97
3131 23 185 97
3132 25 126 97
3133 5 99 98
3134 6 83 98
3135 24 226 98
3136 4 32 99
3137 26 193 99
3138 25 241 98
3139 24 249 99
3140 23 255 98
3141 22 256 98
3142 21 64 98
3143 20 32 98
3144 19 8 98
3145 18 4 98
3146 17 1 97
3147 16 129 98
3148 15 225 97
3149 14 241 98
3150 13 253 97
3151 12 255 97
3152 11 128 97
3153 10 64 97
3154 9 16 97
3155 8 8 98
3156 7 2 98
3157 9 58 98
3158 10 150 98
3159 11 81 98
3160 12 144 98
3161 13 89 98
3162 15 87 98
3163 17 214 98
3164 5 69 99
3165 6 216 99
3166 27 225 99
3167 26 241 100
3168 25 253 99
3169 24 255 100
3170 23 128 99
3171 22 64 99
3172 21 16 99
3173 20 8 99
3174 19 2 99
3175 18 1 99
3176 7 62 99
3177 16 225 99
3178 8 23 99
3179 14 253 99
3180 9 211 99
3181 12 128 99
3182 11 64 99
3183 10 16 99
3184 13 146 99
3185 15 210 99
3186 17 237 99
3187 3 228 100
3188 4 243 100
3189 5 52 100
3190 6 227 100
3191 7 127 100
3192 8 226 100
3193 9 208 100
3194 28 225 101
3195 27 249 100
3196 26 253 101
3197 25 256 100
3198 24 128 101
3199 23 32 100
3200 22 16 100
3201 21 4 100
3202 20 2 100
3203 19 129 100
3204 18 193 100
3205 10 228 100
3206 16 249 100
3207 11 120 100
3208 14 256 100
3209 12 209 100
3210 13 57 100
3211 15 15 100
3212 17 105 100
3213 2 142 101
3214 3 131 101
3215 4 64 101
3216 5 120 101
3217 6 172 101
3218 7 68 101
3219 8 28 101
3220 9 242 101
3221 29 241 102
3222 28 249 102
3223 27 255 101
3224 26 256 102
3225 25 64 101
3226 24 32 102
3227 23 8 101
3228 22 4 101
3229 21 1 101
3230 20 129 101
3231 19 225 101
3232 18 241 101
3233 10 27 101
3234 16 255 101
3235 11 50 101
3236 14 64 101
3237 12 37 101
3238 13 44 101
3239 15 187 101
3240 17 240 101
3241 1 49 102
3242 2 40 102
3243 3 41 102
3244 4 87 102
3245 5 131 102
3246 6 87 102
3247 30 241 103
3248 29 253 103
3249 28 255 103
3250 27 128 102
3251 26 64 103
3252 25 16 102
3253 24 8 103
3254 23 2 102
3255 22 1 102
3256 21 193 102
3257 20 225 102
3258 19 249 102
3259 18 253 102
3260 7 37 102
3261 16 128 102
3262 8 201 102
3263 14 16 102
3264 9 85 102
3265 10 6 102
3266 11 116 102
3267 13 143 102
3268 12 250 102
3269 15 225 102
3270 17 139 102
3271 0 26 103
3272 31 249 104
3273 30 253 104
3274 29 256 104
3275 28 128 104
3276 27 32 103
3277 26 16 104
3278 25 4 103
3279 24 2 104
3280 23 129 103
3281 22 193 103
3282 21 241 103
3283 20 249 103
3284 19 255 103
3285 18 256 103
3286 1 70 103
3287 16 32 103
3288 2 218 103
3289 14 4 103
3290 4 34 103
3291 6 64 103
3292 8 15 103
3293 10 5 103
3294 11 48 103
3295 12 109 103
3296 32 249 105
3297 31 255 105
3298 30 256 105
3299 29 64 105
3300 28 32 105
3301 27 8 104
3302 26 4 105
3303 25 1 104
3304 24 129 105
3305 23 225 104
3306 22 241 104
3307 21 253 104
3308 20 255 104
3309 19 128 104
3310 18 64 104
3311 17 16 103
3312 16 8 104
3313 15 2 103
3314 14 1 104
3315 13 193 103
3316 0 232 104
3317 1 219 104
3318 12 48 104
3319 33 253 106
3320 32 255 106
3321 31 128 106
3322 30 64 106
3323 29 16 106
3324 28 8 106
3325 27 2 105
3326 26 1 106
3327 25 193 105
3328 24 225 106
3329 23 249 105
3330 22 253 105
3331 21 256 105
3332 20 128 105
3333 19 32 105
3334 18 16 105
3335 17 4 104
3336 16 2 105
3337 15 129 104
3338 14 193 105
3339 13 241 104
3340 0 155 105
3341 34 253 108
3342 33 256 107
3343 32 128 107
3344 31 32 107
3345 30 16 107
3346 29 4 107
3347 28 2 107
3348 27 129 106
3349 26 193 107
3350 25 241 106
3351 24 249 107
3352 23 255 106
3353 22 256 106
3354 21 64 106
3355 20 32 106
3356 19 8 106
3357 18 4 106
3358 17 1 105
3359 16 129 106
3360 15 225 105
3361 14 241 106
3362 35 255 108
3363 34 256 109
3364 33 64 108
3365 32 32 108
3366 31 8 108
3367 30 4 108
3368 29 1 108
3369 28 129 108
3370 27 225 107
3371 26 241 108
3372 25 253 107
3373 24 255 108
3374 23 128 107
3375 22 64 107
3376 21 16 107
3377 20 8 107
3378 19 2 107
3379 18 1 107
3380 17 193 106
3381 16 225 107
3382 36 255 110
3383 35 128 109
3384 34 64 110
3385 33 16 109
3386 32 8 109
3387 31 2 109
3388 30 1 109
3389 29 193 109
3390 28 225 109
3391 27 249 108
3392 26 253 109
3393 25 256 108
3394 24 128 109
3395 23 32 108
3396 22 16 108
3397 21 4 108
3398 20 2 108
3399 19 129 108
3400 18 193 108
3401 37 256 110
3402 36 128 111
3403 35 32 110
3404 34 16 111
3405 33 4 110
3406 32 2 110
3407 31 129 110
3408 30 193 110
3409 29 241 110
3410 28 249 110
3411 27 255 109
3412 26 256 110
3413 25 64 109
3414 24 32 110
3415 23 8 109
3416 22 4 109
3417 21 1 109
3418 20 129 109
3419 38 256 112
3420 37 64 111
3421 36 32 112
3422 35 8 111
3423 34 4 112
3424 33 1 111
3425 32 129 111
3426 31 225 111
3427 30 241 111
3428 29 253 111
3429 28 255 111
3430 27 128 110
3431 26 64 111
3432 25 16 110
3433 24 8 111
3434 23 2 110
3435 22 1 110
3436 39 128 113
3437 38 64 113
3438 37 16 112
3439 36 8 113
3440 35 2 112
3441 34 1 113
3442 33 193 112
3443 32 225 112
3444 31 249 112
3445 30 253 112
3446 29 256 112
3447 28 128 112
3448 27 32 111
3449 26 16 112
3450 25 4 111
3451 24 2 112
3452 40 128 114
3453 39 32 114
3454 38 16 114
3455 37 4 113
3456 36 2 114
3457 35 129 113
3458 34 193 114
3459 33 241 113
3460 32 249 113
3461 31 255 113
3462 30 256 113
3463 29 64 113
3464 28 32 113
3465 27 8 112
3466 26 4 113
3467 41 64 115
3468 40 32 115
3469 39 8 115
3470 38 4 115
3471 37 1 114
3472 36 129 115
3473 35 225 114
3474 34 241 115
3475 33 253 114
3476 32 255 114
3477 31 128 114
3478 30 64 114
3479 29 16 114
3480 28 8 114
3481 42 64 116
3482 41 16 116
3483 40 8 116
3484 39 2 116
3485 38 1 116
3486 37 193 115
3487 36 225 116
3488 35 249 115
3489 34 253 116
3490 33 256 115
3491 32 128 115
3492 31 32 115
3493 30 16 115
3494 43 32 117
3495 42 16 117
3496 41 4 117
3497 40 2 117
3498 39 129 117
3499 38 193 117
3500 37 241 116
3501 36 249 117
3502 35 255 116
3503 34 256 117
3504 33 64 116
3505 32 32 116
3506 44 32 119
3507 43 8 118
3508 42 4 118
3509 41 1 118
3510 40 129 118
3511 39 225 118
3512 38 241 118
3513 37 253 117
3514 36 255 118
3515 35 128 117
3516 34 64 118
3517 45 16 119
3518 44 8 120
3519 43 2 119
3520 42 1 119
3521 41 193 119
3522 40 225 119
3523 39 249 119
3524 38 253 119
3525 37 256 118
3526 36 128 119
3527 46 16 121
3528 45 4 120
3529 44 2 121
3530 43 129 120
3531 42 193 120
3532 41 241 120
3533 40 249 120
3534 39 255 120
3535 38 256 120
3536 47 8 121
3537 46 4 122
3538 45 1 121
3539 44 129 122
3540 43 225 121
3541 42 241 121
3542 41 253 121
3543 40 255 121
3544 48 8 123
3545 47 2 122
3546 46 1 123
3547 45 193 122
3548 44 225 123
3549 43 249 122
3550 42 253 122
3551 49 4 124
3552 48 2 124
3553 47 129 123
3554 46 193 124
3555 45 241 123
3556 44 249 124
3557 50 4 125
3558 49 1 125
3559 48 129 125
3560 47 225 124
3561 46 241 125
3562 51 2 126
3563 50 1 126
3564 49 193 126
3565 48 225 126
3566 52 2 127
3567 51 129 127
3568 50 193 127
3569 53 1 128
3570 52 129 128
3571 54 1 130
3572 55 153 130
3573 53 154 129
3574 51 197 128
3575 49 247 127
3576 47 84 125
3577 45 14 124
3578 43 88 123
3579 41 186 122
3580 39 31 121
3581 37 48 119
3582 35 8 118
3583 33 87 117
3584 31 143 116
3585 29 238 115
3586 27 211 113
3587 25 78 112
3588 23 13 111
3589 21 45 110
3590 19 136 109
3591 17 194 107
3592 15 118 106
3593 56 153 132
3594 54 154 131
3595 52 197 129
3596 50 247 128
3597 48 84 127
3598 46 14 126
3599 44 88 125
3600 42 186 123
3601 40 31 122
3602 38 48 121
3603 36 8 120
3604 34 87 119
3605 32 143 117
3606 30 238 116
3607 28 211 115
3608 26 78 114
3609 24 13 113
3610 22 45 111
3611 20 136 110
3612 18 194 109
3613 57 205 132
3614 55 77 131
3615 53 227 130
3616 51 252 129
3617 49 42 128
3618 47 7 126
3619 45 44 125
3620 43 93 124
3621 41 144 123
3622 39 24 122
3623 37 4 120
3624 35 172 119
3625 33 200 118
3626 31 119 117
3627 29 234 116
3628 27 39 114
3629 25 135 113
3630 23 151 112
3631 21 68 111
3632 58 205 134
3633 56 77 133
3634 54 227 132
3635 52 252 130
3636 50 42 129
3637 48 7 128
3638 46 44 127
3639 44 93 126
3640 42 144 124
3641 40 24 123
3642 38 4 122
3643 36 172 121
3644 34 200 120
3645 32 119 118
3646 30 234 117
3647 28 39 116
3648 26 135 115
3649 24 151 114
3650 59 231 135
3651 57 167 133
3652 55 242 132
3653 53 126 131
3654 51 21 130
3655 49 132 129
3656 47 22 127
3657 45 175 126
3658 43 72 125
3659 41 12 124
3660 39 2 123
3661 37 86 121
3662 35 100 120
3663 33 188 119
3664 31 117 118
3665 29 148 117
3666 27 196 115
3667 60 231 136
3668 58 167 135
3669 56 242 134
3670 54 126 133
3671 52 21 131
3672 50 132 130
3673 48 22 129
3674 46 175 128
3675 44 72 127
3676 42 12 125
3677 40 2 124
3678 38 86 123
3679 36 100 122
3680 34 188 121
3681 32 117 119
3682 30 148 118
3683 61 244 137
3684 59 212 136
3685 57 121 134
3686 55 63 133
3687 53 139 132
3688 51 66 131
3689 49 11 130
3690 47 216 128
3691 45 36 127
3692 43 6 126
3693 41 1 125
3694 39 43 124
3695 37 50 122
3696 35 94 121
3697 33 187 120
3698 62 244 138
3699 60 212 137
3700 58 121 136
3701 56 63 135
3702 54 139 134
3703 52 66 132
3704 50 11 131
3705 48 216 130
3706 46 36 129
3707 44 6 128
3708 42 1 126
3709 40 43 125
3710 38 50 124
3711 36 94 123
3712 63 122 139
3713 61 106 138
3714 59 189 137
3715 57 160 135
3716 55 198 134
3717 53 33 133
3718 51 134 132
3719 49 108 131
3720 47 18 129
3721 45 3 128
3722 43 129 127
3723 41 150 126
3724 39 25 125
3725 64 122 141
3726 62 106 139
3727 60 189 138
3728 58 160 137
3729 56 198 136
3730 54 33 135
3731 52 134 133
3732 50 108 132
3733 48 18 131
3734 46 3 130
3735 44 129 129
3736 42 150 127
3737 65 61 141
3738 63 53 140
3739 61 223 139
3740 59 80 138
3741 57 99 136
3742 55 145 135
3743 53 67 134
3744 51 54 133
3745 49 9 132
3746 47 130 130
3747 45 193 129
3748 66 61 143
3749 64 53 142
3750 62 223 140
3751 60 80 139
3752 58 99 138
3753 56 145 137
3754 54 67 136
3755 52 54 134
3756 50 9 133
3757 48 130 132
3758 67 159 143
3759 65 155 142
3760 63 240 141
3761 61 40 140
3762 59 178 139
3763 57 201 137
3764 55 162 136
3765 53 27 135
3766 51 133 134
3767 68 159 145
3768 66 155 144
3769 64 240 143
3770 62 40 141
3771 60 178 140
3772 58 201 139
3773 56 162 138
3774 54 27 137
3775 69 208 146
3776 67 206 144
3777 65 120 143
3778 63 20 142
3779 61 89 141
3780 59 229 140
3781 57 81 138
3782 70 208 147
3783 68 206 146
3784 66 120 145
3785 64 20 144
3786 62 89 142
3787 60 229 141
3788 71 104 148
3789 69 103 147
3790 67 60 145
3791 65 10 144
3792 63 173 143
3793 72 104 149
3794 70 103 148
3795 68 60 147
3796 66 10 146
3797 73 52 150
3798 71 180 149
3799 69 30 148
3800 74 52 152
3801 72 180 150
3802 75 26 152
3803 3 223 103
3804 2 17 104
3805 1 120 105
3806 0 197 106
3807 0 197 107
3808 0 197 108
3809 0 197 109
3810 0 197 110
3811 0 197 111
3812 0 197 112
3813 0 197 113
3814 0 197 114
3815 0 197 115
3816 0 197 116
3817 0 197 117
3818 0 197 118
3819 0 197 119
3820 0 197 120
3821 5 211 103
3822 3 84 104
3823 4 82 104
3824 2 20 105
3825 1 247 106
3826 1 247 107
3827 1 247 108
3828 1 247 109
3829 1 247 110
3830 1 247 111
3831 1 247 112
3832 1 247 113
3833 1 247 114
3834 1 247 115
3835 1 247 116
3836 1 247 117
3837 1 247 118
3838 7 225 103
3839 5 159 104
3840 6 247 104
3841 3 211 105
3842 4 254 105
3843 2 84 106
3844 2 84 107
3845 2 84 108
3846 2 84 109
3847 2 84 110
3848 2 84 111
3849 2 84 112
3850 2 84 113
3851 2 84 114
3852 2 84 115
3853 2 84 116
3854 9 123 103
3855 7 200 104
3856 8 183 104
3857 5 225 105
3858 6 132 105
3859 3 25 106
3860 4 54 106
3861 3 14 107
3862 3 14 108
3863 3 14 109
3864 3 14 110
3865 3 14 111
3866 3 14 112
3867 3 14 113
3868 3 14 114
3869 9 54 104
3870 10 216 104
3871 11 175 104
3872 7 123 105
3873 8 103 105
3874 5 185 106
3875 6 194 106
3876 4 163 107
3877 5 242 107
3878 4 88 108
3879 4 88 109
3880 4 88 110
3881 4 88 111
3882 4 88 112
3883 9 124 105
3884 10 239 105
3885 11 221 105
3886 12 113 105
3887 13 226 105
3888 7 84 106
3889 8 202 106
3890 6 24 107
3891 7 146 107
3892 5 163 108
3893 6 70 108
3894 5 186 109
3895 5 186 110
3896 9 161 106
3897 10 130 106
3898 11 3 106
3899 12 12 106
3900 13 24 106
3901 8 41 107
3902 9 222 107
3903 14 165 107
3904 7 229 108
3905 8 251 108
3906 16 227 108
3907 6 36 109
3908 10 209 107
3909 11 252 107
3910 12 179 107
3911 13 250 107
3912 15 217 107
3913 9 152 108
3914 10 9 108
3915 11 234 108
3916 14 77 108
3917 17 73 108
3918 7 156 109
3919 12 40 108
3920 13 47 108
3921 15 53 108
3922 8 193 109
3923 9 149 109
3924 10 176 109
3925 11 3 109
3926 12 166 109
3927 13 256 109
3928 14 17 109
3929 15 165 109
3930 16 108 109
3931 17 216 109
3932 6 189 110
3933 7 113 110
3934 8 173 110
3935 9 135 110
3936 10 251 110
3937 11 78 110
3938 12 85 110
3939 13 78 110
3940 14 185 110
3941 15 73 110
3942 16 167 110
3943 17 202 110
3944 18 211 110
3945 19 213 110
3946 5 80 111
3947 6 198 111
3948 7 17 111
3949 8 4 111
3950 9 219 111
3951 10 88 111
3952 11 136 111
3953 12 218 111
3954 13 40 111
3955 14 114 111
3956 15 111 111
3957 16 204 111
3958 17 151 111
3959 18 84 111
3960 19 79 111
3961 20 2 111
3962 5 123 112
3963 7 159 112
3964 6 110 112
3965 8 7 112
3966 9 36 112
3967 10 94 112
3968 11 254 112
3969 12 44 112
3970 13 85 112
3971 14 44 112
3972 15 85 112
3973 16 189 112
3974 17 218 112
3975 18 58 112
3976 19 52 112
3977 20 68 112
3978 21 92 112
3979 22 209 112
3980 4 244 113
3981 5 222 113
3982 6 71 113
3983 7 39 113
3984 8 169 113
3985 9 225 113
3986 10 119 113
3987 11 147 113
3988 12 34 113
3989 13 88 113
3990 14 201 113
3991 15 61 113
3992 16 17 113
3993 17 179 113
3994 18 63 113
3995 19 106 113
3996 20 13 113
3997 21 127 113
3998 22 78 113
3999 23 235 113
4000 4 161 114
4001 5 49 114
4002 6 146 114
4003 7 4 114
4004 8 131 114
4005 9 7 114
4006 10 212 114
4007 11 87 114
4008 12 103 114
4009 13 24 114
4010 14 117 114
4011 15 206 114
4012 16 144 114
4013 17 181 114
4014 18 174 114
4015 19 13 114
4016 20 157 114
4017 21 129 114
4018 22 224 114
4019 23 145 114
4020 25 12 114
4021 3 106 115
4022 4 197 115
4023 5 184 115
4024 6 114 115
4025 7 161 115
4026 8 49 115
4027 9 6 115
4028 10 12 115
4029 11 203 115
4030 12 113 115
4031 13 82 115
4032 14 150 115
4033 15 250 115
4034 16 159 115
4035 17 223 115
4036 18 155 115
4037 19 216 115
4038 20 50 115
4039 21 1 115
4040 22 56 115
4041 23 2 115
4042 24 61 115
4043 25 133 115
4044 3 243 116
4045 4 193 116
4046 5 154 116
4047 6 249 116
4048 7 153 116
4049 8 207 116
4050 9 128 116
4051 10 175 116
4052 11 148 116
4053 12 40 116
4054 13 210 116
4055 14 165 116
4056 15 225 116
4057 16 92 116
4058 17 236 116
4059 18 133 116
4060 19 134 116
4061 20 145 116
4062 21 203 116
4063 22 116 116
4064 23 166 116
4065 24 206 116
4066 25 39 116
4067 26 137 116
4068 27 39 116
4069 2 39 117
4070 3 203 117
4071 4 120 117
4072 5 236 117
4073 6 62 117
4074 7 211 117
4075 8 173 117
4076 9 44 117
4077 10 212 117
4078 11 149 117
4079 12 4 117
4080 13 54 117
4081 14 212 117
4082 15 178 117
4083 16 40 117
4084 17 146 117
4085 18 86 117
4086 19 201 117
4087 20 30 117
4088 21 16 117
4089 22 45 117
4090 23 110 117
4091 24 47 117
4092 25 66 117
4093 26 168 117
4094 27 188 117
4095 28 21 117
4096 2 167 118
4097 3 172 118
4098 4 196 118
4099 5 177 118
4100 6 90 118
4101 7 126 118
4102 8 242 118
4103 9 70 118
4104 10 175 118
4105 11 39 118
4106 12 163 118
4107 13 251 118
4108 14 92 118
4109 15 183 118
4110 16 4 118
4111 17 110 118
4112 18 111 118
4113 19 12 118
4114 20 66 118
4115 21 159 118
4116 22 54 118
4117 23 215 118
4118 24 80 118
4119 25 66 118
4120 26 106 118
4121 27 223 118
4122 28 123 118
4123 29 128 118
4124 1 246 119
4125 2 175 119
4126 3 94 119
4127 4 234 119
4128 5 71 119
4129 6 229 119
4130 7 243 119
4131 8 119 119
4132 9 96 119
4133 10 81 119
4134 11 231 119
4135 12 18 119
4136 13 133 119
4137 14 246 119
4138 15 202 119
4139 16 228 119
4140 17 104 119
4141 18 169 119
4142 19 213 119
4143 20 131 119
4144 21 248 119
4145 22 168 119
4146 23 73 119
4147 24 130 119
4148 25 255 119
4149 26 2 119
4150 27 112 119
4151 28 7 119
4152 29 86 119
4153 30 68 119
4154 31 108 119
4155 1 56 120
4156 2 110 120
4157 3 165 120
4158 4 41 120
4159 5 126 120
4160 6 57 120
4161 7 34 120
4162 18 7 120
4163 20 76 120
4164 21 237 120
4165 24 239 120
4166 25 219 120
4167 23 60 120
4168 22 36 120
4169 26 55 120
4170 30 214 120
4171 29 137 120
4172 28 185 120
4173 27 37 120
4174 31 45 120
4175 32 89 120
4176 24 57 121
4177 25 203 121
4178 26 13 121
4179 30 197 121
4180 29 233 121
4181 28 37 121
4182 27 213 121
4183 31 205 121
4184 33 88 121
4185 32 207 121
4186 26 218 122
4187 30 245 122
4188 29 98 122
4189 28 213 122
4190 34 88 122
4191 33 69 122
4192 32 247 122
4193 31 253 122
4194 35 22 122
4195 30 53 123
4196 34 69 123
4197 33 168 123
4198 32 255 123
4199 37 2 123
4200 35 140 123
4201 34 168 124
4202 36 201 124
4203 37 237 124
4204 38 31 125
4205 39 137 126
4206 36 152 125
4207 35 189 124
4208 33 240 124
4209 31 60 123
4210 29 15 123
4211 27 34 122
4212 24 228 122
4213 23 227 121
4214 21 121 121
4215 19 223 120
4216 8 78 120
4217 9 123 120
4218 10 103 120
4219 11 54 120
4220 12 33 120
4221 13 184 120
4222 14 184 120
4223 15 165 120
4224 16 220 120
4225 17 113 120
4226 0 22 121
4227 1 142 121
4228 2 198 121
4229 3 207 121
4230 4 256 121
4231 40 197 126
4232 38 242 126
4233 37 191 125
4234 34 240 125
4235 32 30 124
4236 30 136 124
4237 28 34 123
4238 26 137 123
4239 25 78 122
4240 22 189 121
4241 20 240 121
4242 18 60 121
4243 5 167 121
4244 6 91 121
4245 7 240 121
4246 8 183 121
4247 9 134 121
4248 10 62 121
4249 12 6 121
4250 11 20 121
4251 13 144 121
4252 14 56 121
4253 15 233 121
4254 16 93 121
4255 17 198 121
4256 41 237 127
4257 39 252 127
4258 36 61 126
4259 35 40 125
4260 33 10 125
4261 31 131 124
4262 29 97 124
4263 27 237 123
4264 24 176 123
4265 23 63 122
4266 21 80 122
4267 19 20 121
4268 0 145 122
4269 1 239 122
4270 2 237 122
4271 3 181 122
4272 4 168 122
4273 5 50 122
4274 6 55 122
4275 7 192 122
4276 8 104 122
4277 9 194 122
4278 10 154 122
4279 11 97 122
4280 42 247 128
4281 40 126 127
4282 38 160 127
4283 37 92 126
4284 34 10 126
4285 32 194 125
4286 30 177 125
4287 28 237 124
4288 26 252 124
4289 25 183 123
4290 22 40 122
4291 20 10 122
4292 18 131 122
4293 12 76 122
4294 13 211 122
4295 14 66 122
4296 15 22 122
4297 16 60 122
4298 17 131 122
4299 19 130 122
4300 0 19 123
4301 1 184 123
4302 2 61 123
4303 43 168 128
4304 41 42 128
4305 39 139 128
4306 36 12 127
4307 35 173 126
4308 33 236 126
4309 31 59 125
4310 29 79 125
4311 27 42 124
4312 24 226 124
4313 23 99 123
4314 21 89 123
4315 3 92 123
4316 4 135 123
4317 5 256 123
4318 6 209 123
4319 7 173 123
4320 8 76 123
4321 9 25 123
4322 10 35 123
4323 11 152 123
4324 12 120 123
4325 44 168 130
4326 42 21 129
4327 40 198 128
4328 38 178 128
4329 37 64 127
4330 34 236 127
4331 32 158 126
4332 30 168 126
4333 28 42 125
4334 26 139 125
4335 25 157 124
4336 22 173 123
4337 20 236 123
4338 18 59 123
4339 13 2 123
4340 14 142 123
4341 15 148 123
4342 16 94 123
4343 17 232 123
4344 19 74 123
4345 0 183 124
4346 45 28 130
4347 43 7 129
4348 41 66 129
4349 39 145 129
4350 36 78 128
4351 35 125 127
4352 33 224 127
4353 31 56 126
4354 29 14 126
4355 27 66 125
4356 24 105 125
4357 23 229 124
4358 21 250 124
4359 1 99 124
4360 2 162 124
4361 3 250 124
4362 4 63 124
4363 5 116 124
4364 6 231 124
4365 7 100 124
4366 46 28 131
4367 44 7 131
4368 42 33 130
4369 40 201 129
4370 38 243 129
4371 37 189 128
4372 34 224 128
4373 32 28 127
4374 30 7 127
4375 28 66 126
4376 26 145 126
4377 25 73 125
4378 22 125 124
4379 20 224 124
4380 18 56 124
4381 8 81 124
4382 9 221 124
4383 10 4 124
4384 11 123 124
4385 47 176 131
4386 45 44 131
4387 43 11 130
4388 41 67 130
4389 39 81 130
4390 36 209 129
4391 35 123 128
4392 33 95 128
4393 31 88 127
4394 29 22 127
4395 27 67 126
4396 24 105 126
4397 23 213 125
4398 21 246 125
4399 19 190 124
4400 12 101 124
4401 14 179 124
4402 15 45 124
4403 48 176 133
4404 46 44 132
4405 44 11 132
4406 42 162 131
4407 40 169 130
4408 38 235 130
4409 37 137 129
4410 34 95 129
4411 32 44 128
4412 30 11 128
4413 28 67 127
4414 26 81 127
4415 25 83 126
4416 22 123 125
4417 20 95 125
4418 18 88 125
4419 16 22 124
4420 49 230 133
4421 47 93 132
4422 45 216 132
4423 43 54 131
4424 41 142 131
4425 39 164 131
4426 36 172 130
4427 35 230 129
4428 33 186 129
4429 31 175 128
4430 29 108 128
4431 27 142 127
4432 24 121 127
4433 23 41 126
4434 21 203 126
4435 19 115 125
4436 50 115 134
4437 48 93 134
4438 46 216 133
4439 44 54 133
4440 42 71 132
4441 40 82 131
4442 38 149 131
4443 37 74 130
4444 34 186 130
4445 32 216 129
4446 30 54 129
4447 28 142 128
4448 26 164 128
4449 25 175 127
4450 22 230 126
4451 51 124 135
4452 49 31 134
4453 47 36 133
4454 45 9 133
4455 43 195 132
4456 41 113 132
4457 39 221 132
4458 36 205 131
4459 35 31 130
4460 33 72 130
4461 31 18 129
4462 29 133 129
4463 27 113 128
4464 24 239 128
4465 52 62 135
4466 50 144 135
4467 48 36 135
4468 46 9 134
4469 44 195 134
4470 42 185 133
4471 40 239 132
4472 38 124 132
4473 37 167 131
4474 34 72 131
4475 32 9 130
4476 30 195 130
4477 28 113 129
4478 53 192 136
4479 51 48 136
4480 49 12 135
4481 47 130 134
4482 45 161 134
4483 43 233 133
4484 41 251 133
4485 39 127 133
4486 36 205 132
4487 35 12 131
4488 33 3 131
4489 31 65 130
4490 55 233 137
4491 52 24 136
4492 50 6 136
4493 48 130 136
4494 46 161 135
4495 44 233 135
4496 42 254 134
4497 40 192 133
4498 38 48 133
4499 37 211 132
4500 34 3 132
4501 54 256 138
4502 53 8 137
4503 51 2 137
4504 49 129 136
4505 47 241 135
4506 45 253 135
4507 43 256 134
4508 41 64 134
4509 39 16 134
4510 36 224 133
4511 56 32 139
4512 55 185 138
4513 52 1 137
4514 50 193 137
4515 48 241 137
4516 46 253 136
4517 44 256 136
4518 42 32 135
4519 40 8 134
4520 57 91 139
4521 54 181 139
4522 53 86 138
4523 51 150 138
4524 49 166 137
4525 47 85 136
4526 45 214 136
4527 43 182 135
4528 58 91 140
4529 56 87 140
4530 55 69 139
4531 52 75 138
4532 50 83 138
4533 48 85 138
4534 46 214 137
4535 59 116 141
4536 57 143 140
4537 54 2 140
4538 53 25 139
4539 51 199 139
4540 49 114 138
4541 60 58 142
4542 58 143 141
4543 56 100 141
4544 55 38 140
4545 52 228 139
4546 61 105 142
4547 59 219 142
4548 57 188 141
4549 54 57 141
4550 62 181 143
4551 60 238 143
4552 58 188 142
4553 63 146 144
4554 61 165 143
4555 64 146 145
4556 65 104 145
4557 62 52 144
4558 59 103 143
4559 56 180 142
4560 53 30 140
4561 50 15 139
4562 47 131 137
4563 44 131 137
4564 41 236 135
4565 38 118 134
4566 35 191 132
4567 32 224 131
4568 29 246 130
4569 26 123 129
4570 23 149 127
4571 20 203 126
4572 17 248 124
4573 0 215 125
4574 13 124 124
4575 67 251 146
4576 63 103 145
4577 60 180 144
4578 57 30 142
4579 55 162 141
4580 51 5 140
4581 48 131 139
4582 45 236 137
4583 42 118 136
4584 39 125 135
4585 37 110 133
4586 33 246 132
4587 30 123 131
4588 27 149 129
4589 25 239 128
4590 21 239 127
4591 18 248 126
4592 66 72 147
4593 64 103 146
4594 61 60 144
4595 58 30 143
4596 54 218 142
4597 52 131 140
4598 49 215 139
4599 46 236 138
4600 43 125 136
4601 40 191 135
4602 36 199 134
4603 34 246 133
4604 31 41 131
4605 28 149 130
4606 24 108 129
4607 68 103 148
4608 65 60 146
4609 62 30 145
4610 59 10 144
4611 56 5 143
4612 53 215 141
4613 50 236 140
4614 47 125 138
4615 44 125 138
4616 41 235 136
4617 38 246 135
4618 35 41 133
4619 32 149 132
4620 69 120 149
4621 67 97 147
4622 63 10 146
4623 60 5 145
4624 57 215 143
4625 55 35 142
4626 51 250 141
4627 48 125 140
4628 45 235 138
4629 42 246 137
4630 39 82 136
4631 70 60 149
4632 66 68 148
4633 64 10 147
4634 61 173 145
4635 58 215 144
4636 54 43 143
4637 52 125 141
4638 49 213 140
4639 46 235 139
4640 71 20 150
4641 68 10 149
4642 65 173 147
4643 62 215 146
4644 59 243 145
4645 56 250 144
4646 53 213 142
4647 72 10 151
4648 69 89 150
4649 67 28 148
4650 63 243 147
4651 60 250 146
4652 73 89 151
4653 70 173 150
4654 66 215 149
4655 74 89 153
4656 1 22 125
4657 2 53 125
4658 3 100 125
4659 4 231 125
4660 5 254 125
4661 0 243 126
4662 0 243 127
4663 0 243 128
4664 0 243 129
4665 0 243 130
4666 0 243 131
4667 0 243 132
4668 0 243 133
4669 6 222 125
4670 7 75 125
4671 8 37 125
4672 9 128 125
4673 10 71 125
4674 11 20 125
4675 12 8 125
4676 1 235 126
4677 1 235 127
4678 1 235 128
4679 1 235 129
4680 1 235 130
4681 13 136 125
4682 14 161 125
4683 15 117 125
4684 16 51 125
4685 17 22 125
4686 2 180 126
4687 3 95 126
4688 4 73 126
4689 5 68 126
4690 19 254 126
4691 2 149 127
4692 6 191 126
4693 7 67 126
4694 8 41 126
4695 9 132 126
4696 10 223 126
4697 11 231 126
4698 12 221 126
4699 13 132 126
4700 14 222 126
4701 15 217 126
4702 16 163 126
4703 17 157 126
4704 3 82 127
4705 4 144 127
4706 5 93 127
4707 6 203 127
4708 7 76 127
4709 8 30 127
4710 9 186 127
4711 10 132 127
4712 11 16 127
4713 12 104 127
4714 13 53 127
4715 14 18 127
4716 15 153 127
4717 16 214 127
4718 17 189 127
4719 18 26 127
4720 19 194 127
4721 20 249 127
4722 22 201 127
4723 2 34 128
4724 3 192 128
4725 4 202 128
4726 5 218 128
4727 6 68 128
4728 7 109 128
4729 8 97 128
4730 9 223 128
4731 10 11 128
4732 11 160 128
4733 12 184 128
4734 13 70 128
4735 14 172 128
4736 15 124 128
4737 16 147 128
4738 17 88 128
4739 18 89 128
4740 19 72 128
4741 20 101 128
4742 21 111 128
4743 22 19 128
4744 23 58 128
4745 2 255 129
4746 3 15 129
4747 4 208 129
4748 5 248 129
4749 6 80 129
4750 7 89 129
4751 8 119 129
4752 9 36 129
4753 10 179 129
4754 11 223 129
4755 12 30 129
4756 13 104 129
4757 14 112 129
4758 15 102 129
4759 16 206 129
4760 17 224 129
4761 18 158 129
4762 19 120 129
4763 20 130 129
4764 21 35 129
4765 22 87 129
4766 23 169 129
4767 25 215 129
4768 2 94 130
4769 3 109 130
4770 4 223 130
4771 5 6 130
4772 6 78 130
4773 7 59 130
4774 8 42 130
4775 9 74 130
4776 10 53 130
4777 11 174 130
4778 12 256 130
4779 13 230 130
4780 14 24 130
4781 15 146 130
4782 16 70 130
4783 17 34 130
4784 18 112 130
4785 19 124 130
4786 20 52 130
4787 21 253 130
4788 22 213 130
4789 23 233 130
4790 24 233 130
4791 25 227 130
4792 26 170 130
4793 27 59 130
4794 1 44 131
4795 2 148 131
4796 3 131 131
4797 4 186 131
4798 5 21 131
4799 6 46 131
4800 7 200 131
4801 8 128 131
4802 9 48 131
4803 10 30 131
4804 11 7 131
4805 12 61 131
4806 13 216 131
4807 14 10 131
4808 15 231 131
4809 16 64 131
4810 17 35 131
4811 18 79 131
4812 19 162 131
4813 20 221 131
4814 21 158 131
4815 22 135 131
4816 23 237 131
4817 24 19 131
4818 25 97 131
4819 26 110 131
4820 27 214 131
4821 28 108 131
4822 29 90 131
4823 1 240 132
4824 2 179 132
4825 3 124 132
4826 4 114 132
4827 5 201 132
4828 6 41 132
4829 7 19 132
4830 8 61 132
4831 9 248 132
4832 10 157 132
4833 11 59 132
4834 12 28 132
4835 13 4 132
4836 14 99 132
4837 15 233 132
4838 16 75 132
4839 17 173 132
4840 18 13 132
4841 19 190 132
4842 20 62 132
4843 21 101 132
4844 22 93 132
4845 23 206 132
4846 24 139 132
4847 25 28 132
4848 26 61 132
4849 27 107 132
4850 28 106 132
4851 29 222 132
4852 30 214 132
4853 31 78 132
4854 1 235 133
4855 2 154 133
4856 3 174 133
4857 4 40 133
4858 5 231 133
4859 6 144 133
4860 7 41 133
4861 8 177 133
4862 9 60 133
4863 10 221 133
4864 11 61 133
4865 12 239 133
4866 13 71 133
4867 14 252 133
4868 15 47 133
4869 16 8 133
4870 17 101 133
4871 18 249 133
4872 19 140 133
4873 20 158 133
4874 21 175 133
4875 22 249 133
4876 23 99 133
4877 24 217 133
4878 25 23 133
4879 26 196 133
4880 27 141 133
4881 28 166 133
4882 29 131 133
4883 30 50 133
4884 31 26 133
4885 32 88 133
4886 33 249 133
4887 0 24 134
4888 1 142 134
4889 2 171 134
4890 3 84 134
4891 4 68 134
4892 5 206 134
4893 6 100 134
4894 7 164 134
4895 8 185 134
4896 9 246 134
4897 10 219 134
4898 11 39 134
4899 12 30 134
4900 13 49 134
4901 14 209 134
4902 16 139 134
4903 15 181 134
4904 17 92 134
4905 18 188 134
4906 19 105 134
4907 20 211 134
4908 21 98 134
4909 22 196 134
4910 23 80 134
4911 24 165 134
4912 25 252 134
4913 26 99 134
4914 27 112 134
4915 29 20 134
4916 28 168 134
4917 30 142 134
4918 31 41 134
4919 32 60 134
4920 33 245 134
4921 34 181 134
4922 35 155 134
4923 37 60 134
4924 0 241 135
4925 1 248 135
4926 2 35 135
4927 3 157 135
4928 4 31 135
4929 5 12 135
4930 6 100 135
4931 7 249 135
4932 8 46 135
4933 9 142 135
4934 10 108 135
4935 11 212 135
4936 12 26 135
4937 13 237 135
4938 14 165 135
4939 15 226 135
4940 16 239 135
4941 17 46 135
4942 18 18 135
4943 19 85 135
4944 20 47 135
4945 21 158 135
4946 22 46 135
4947 23 34 135
4948 24 160 135
4949 25 238 135
4950 26 60 135
4951 27 225 135
4952 28 57 135
4953 29 141 135
4954 30 178 135
4955 31 243 135
4956 32 210 135
4957 33 123 135
4958 34 99 135
4959 35 54 135
4960 36 55 135
4961 37 63 135
4962 0 133 136
4963 1 4 136
4964 2 244 136
4965 3 107 136
4966 4 200 136
4967 5 35 136
4968 6 7 136
4969 7 107 136
4970 8 242 136
4971 9 227 136
4972 10 116 136
4973 11 199 136
4974 12 111 136
4975 13 245 136
4976 14 129 136
4977 15 234 136
4978 16 203 136
4979 17 164 136
4980 18 150 136
4981 19 131 136
4982 20 137 136
4983 21 52 136
4984 22 143 136
4985 23 16 136
4986 24 49 136
4987 25 50 136
4988 26 217 136
4989 27 249 136
4990 28 14 136
4991 29 121 136
4992 30 48 136
4993 31 200 136
4994 32 198 136
4995 33 22 136
4996 34 96 136
4997 35 173 136
4998 36 107 136
4999 37 243 136
5000 38 184 136
5001 40 129 136
5002 0 233 137
5003 1 73 137
5004 2 17 137
5005 3 109 137
5006 4 123 137
5007 5 144 137
5008 6 96 137
5009 8 44 137
5010 7 114 137
5011 9 187 137
5012 10 189 137
5013 11 142 137
5014 12 65 137
5015 13 1 137
5016 14 31 137
5017 15 188 137
5018 16 59 137
5019 17 91 137
5020 18 61 137
5021 19 186 137
5022 20 105 137
5023 21 117 137
5024 22 106 137
5025 23 28 137
5026 24 65 137
5027 25 22 137
5028 26 140 137
5029 27 16 137
5030 28 202 137
5031 29 140 137
5032 30 227 137
5033 31 123 137
5034 32 206 137
5035 33 238 137
5036 34 149 137
5037 35 205 137
5038 36 165 137
5039 37 201 137
5040 38 109 137
5041 39 79 137
5042 40 176 137
5043 41 27 137
5044 43 247 137
5045 0 11 138
5046 1 219 138
5047 2 136 138
5048 3 65 138
5049 4 139 138
5050 5 138 138
5051 6 27 138
5052 7 202 138
5053 8 87 138
5054 9 172 138
5055 10 159 138
5056 11 158 138
5057 12 156 138
5058 13 9 138
5059 14 81 138
5060 15 134 138
5061 16 219 138
5062 17 184 138
5063 18 202 138
5064 19 191 138
5065 20 66 138
5066 21 193 138
5067 22 180 138
5068 23 75 138
5069 24 181 138
5070 25 254 138
5071 26 55 138
5072 27 254 138
5073 28 119 138
5074 29 28 138
5075 30 182 138
5076 31 202 138
5077 32 154 138
5078 33 123 138
5079 39 100 138
5080 38 38 138
5081 34 158 138
5082 35 68 138
5083 36 39 138
5084 37 195 138
5085 40 197 138
5086 42 57 138
5087 41 230 138
5088 43 37 138
5089 0 13 139
5090 1 106 139
5091 2 223 139
5092 3 155 139
5093 44 212 139
5094 4 98 139
5095 39 183 139
5096 38 168 139
5097 5 127 139
5098 34 205 139
5099 45 189 139
5100 42 85 139
5101 41 70 139
5102 40 118 139
5103 36 196 139
5104 47 248 139
5105 44 31 140
5106 43 55 139
5107 39 28 140
5108 46 163 140
5109 45 24 140
5110 42 39 140
5111 48 40 141
5112 47 123 140
5113 49 5 141
5114 50 227 141
5115 46 176 141
5116 44 247 141
5117 41 84 140
5118 38 56 140
5119 35 95 139
5120 32 149 139
5121 6 98 139
5122 7 99 139
5123 8 231 139
5124 9 51 139
5125 10 213 139
5126 11 111 139
5127 12 35 139
5128 13 181 139
5129 14 196 139
5130 15 47 139
5131 16 106 139
5132 17 134 139
5133 18 13 139
5134 19 115 139
5135 20 150 139
5136 21 254 139
5137 22 70 139
5138 23 20 139
5139 24 91 139
5140 25 234 139
5141 51 121 142
5142 48 252 142
5143 45 42 141
5144 43 129 140
5145 40 167 140
5146 37 161 139
5147 33 230 139
5148 30 239 139
5149 26 92 139
5150 27 109 139
5151 28 12 139
5152 29 252 139
5153 31 36 139
5154 0 108 140
5155 1 210 140
5156 2 124 140
5157 3 246 140
5158 4 196 140
5159 5 120 140
5160 6 199 140
5161 7 211 140
5162 8 235 140
5163 9 169 140
5164 10 147 140
5165 11 238 140
5166 12 116 140
5167 52 63 142
5168 49 160 142
5169 47 186 141
5170 42 61 141
5171 39 225 141
5172 36 168 140
5173 34 115 140
5174 13 107 140
5175 14 6 140
5176 15 239 140
5177 16 189 140
5178 17 214 140
5179 18 15 140
5180 19 174 140
5181 20 106 140
5182 21 123 140
5183 22 71 140
5184 23 104 140
5185 24 240 140
5186 25 137 140
5187 26 179 140
5188 27 215 140
5189 28 34 140
5190 29 11 140
5191 30 11 140
5192 53 80 143
5193 50 139 142
5194 46 34 142
5195 44 132 142
5196 41 22 141
5197 38 186 141
5198 35 31 140
5199 32 192 140
5200 31 166 140
5201 33 174 140
5202 37 256 140
5203 0 234 141
5204 1 104 141
5205 2 48 141
5206 3 155 141
5207 4 235 141
5208 5 137 141
5209 6 153 141
5210 7 6 141
5211 8 102 141
5212 9 182 141
5213 10 127 141
5214 11 97 141
5215 12 116 141
5216 55 174 143
5217 51 99 143
5218 48 66 143
5219 45 11 142
5220 43 46 141
5221 40 58 141
5222 13 57 141
5223 14 181 141
5224 15 83 141
5225 16 142 141
5226 17 183 141
5227 18 117 141
5228 19 239 141
5229 20 52 141
5230 21 7 141
5231 22 132 141
5232 23 239 141
5233 24 21 141
5234 25 201 141
5235 26 1 141
5236 27 154 141
5237 28 101 141
5238 29 256 141
5239 54 157 144
5240 52 145 143
5241 49 201 143
5242 47 64 142
5243 42 61 142
5244 39 217 142
5245 36 55 141
5246 34 24 141
5247 30 211 141
5248 31 98 141
5249 32 51 141
5250 33 173 141
5251 35 26 141
5252 37 76 141
5253 0 100 142
5254 1 41 142
5255 2 233 142
5256 3 85 142
5257 4 68 142
5258 5 2 142
5259 6 81 142
5260 7 73 142
5261 57 115 144
5262 53 229 144
5263 50 67 143
5264 46 160 143
5265 44 108 143
5266 41 18 142
5267 38 12 142
5268 8 10 142
5269 9 110 142
5270 10 74 142
5271 11 232 142
5272 12 231 142
5273 13 147 142
5274 14 69 142
5275 15 256 142
5276 16 45 142
5277 17 95 142
5278 18 54 142
5279 19 93 142
5280 20 101 142
5281 21 230 142
5282 56 60 145
5283 55 10 144
5284 51 81 144
5285 48 54 144
5286 45 9 143
5287 43 76 142
5288 40 221 142
5289 22 209 142
5290 23 135 142
5291 24 190 142
5292 25 29 142
5293 26 5 142
5294 27 77 142
5295 28 243 142
5296 29 250 142
5297 30 86 142
5298 31 152 142
5299 32 139 142
5300 33 38 142
5301 34 216 142
5302 58 250 145
5303 54 31 145
5304 52 142 144
5305 49 71 144
5306 47 165 143
5307 42 191 143
5308 39 75 143
5309 36 60 142
5310 35 38 142
5311 37 198 142
5312 0 190 143
5313 1 200 143
5314 2 44 143
5315 3 219 143
5316 4 85 143
5317 5 175 143
5318 6 172 143
5319 7 126 143
5320 8 102 143
5321 59 191 146
5322 57 122 145
5323 53 164 145
5324 50 195 144
5325 46 40 144
5326 44 65 144
5327 41 225 143
5328 38 150 143
5329 9 99 143
5330 10 6 143
5331 11 24 143
5332 12 234 143
5333 13 21 143
5334 14 90 143
5335 15 97 143
5336 16 250 143
5337 17 157 143
5338 18 121 143
5339 61 149 146
5340 56 38 146
5341 55 176 145
5342 51 113 145
5343 48 161 145
5344 45 241 144
5345 43 238 143
5346 40 189 143
5347 19 219 143
5348 20 109 143
5349 21 133 143
5350 22 30 143
5351 23 243 143
5352 24 135 143
5353 25 213 143
5354 26 248 143
5355 27 191 143
5356 60 66 147
5357 58 41 146
5358 54 127 146
5359 52 233 145
5360 49 245 145
5361 47 36 144
5362 42 130 144
5363 39 191 144
5364 36 97 143
5365 34 152 143
5366 29 49 143
5367 28 137 143
5368 30 77 143
5369 31 111 143
5370 32 121 143
5371 33 156 143
5372 62 149 147
5373 59 203 147
5374 57 180 146
5375 53 251 146
5376 50 253 145
5377 46 76 145
5378 44 170 145
5379 41 114 144
5380 38 76 144
5381 35 184 143
5382 37 117 143
5383 0 228 144
5384 1 52 144
5385 2 187 144
5386 3 169 144
5387 63 230 148
5388 61 147 147
5389 56 205 147
5390 55 139 146
5391 51 256 146
5392 48 85 146
5393 45 57 145
5394 43 243 144
5395 40 70 144
5396 4 190 144
5397 5 63 144
5398 6 95 144
5399 7 220 144
5400 8 39 144
5401 64 115 148
5402 60 102 148
5403 58 127 147
5404 54 110 147
5405 52 214 146
5406 49 107 146
5407 47 112 145
5408 42 224 145
5409 39 105 145
5410 36 112 144
5411 34 101 144
5412 9 100 144
5413 10 124 144
5414 65 31 148
5415 62 192 148
5416 59 96 148
5417 57 215 147
5418 53 182 147
5419 50 207 146
5420 46 118 146
5421 44 69 146
5422 41 140 145
5423 38 179 145
5424 35 244 144
5425 32 77 144
5426 67 171 149
5427 63 48 149
5428 61 247 148
5429 56 53 148
5430 55 133 147
5431 51 116 147
5432 48 163 147
5433 45 70 146
5434 43 113 145
5435 40 39 145
5436 36 244 145
5437 66 88 150
5438 64 24 149
5439 60 167 149
5440 58 174 148
5441 54 55 148
5442 52 105 147
5443 49 181 147
5444 47 2 146
5445 42 176 146
5446 39 159 146
5447 68 12 150
5448 65 2 149
5449 62 87 149
5450 59 172 149
5451 57 123 148
5452 53 219 148
5453 50 146 147
5454 46 131 147
5455 44 220 147
5456 69 3 151
5457 67 126 150
5458 63 86 150
5459 61 104 149
5460 56 40 149
5461 55 46 148
5462 51 165 148
5463 48 110 148
5464 70 129 151
5465 66 120 151
5466 64 43 150
5467 60 124 150
5468 58 119 149
5469 54 238 149
5470 52 156 148
5471 71 225 151
5472 68 150 151
5473 65 25 150
5474 62 188 150
5475 59 94 150
5476 56 234 150
5477 72 75 152
5478 69 166 152
5479 67 11 151
5480 63 47 151
5481 61 179 150
5482 73 170 152
5483 70 199 152
5484 66 131 152
5485 64 152 151
5486 75 87 153
5487 71 114 152
5488 68 76 152
5489 74 57 154
5490 72 38 153
5491 76 157 154
5492 11 32 144
5493 12 225 144
5494 13 204 144
5495 14 235 144
5496 15 205 144
5497 16 222 144
5498 17 63 144
5499 18 142 144
5500 19 25 144
5501 20 256 144
5502 21 215 144
5503 22 198 144
5504 23 219 144
5505 24 67 144
5506 25 58 144
5507 26 223 144
5508 27 228 144
5509 28 194 144
5510 29 97 144
5511 30 36 144
5512 31 232 144
5513 33 41 144
5514 37 250 144
5515 0 112 145
5516 1 247 145
5517 2 241 145
5518 3 116 145
5519 4 187 145
5520 5 210 145
5521 6 252 145
5522 7 97 145
5523 8 7 145
5524 9 254 145
5525 10 105 145
5526 12 11 145
5527 11 171 145
5528 13 176 145
5529 14 136 145
5530 15 39 145
5531 16 50 145
5532 17 143 145
5533 18 110 145
5534 19 47 145
5535 20 202 145
5536 21 4 145
5537 22 93 145
5538 23 247 145
5539 24 127 145
5540 25 127 145
5541 26 5 145
5542 27 9 145
5543 28 72 145
5544 29 190 145
5545 30 97 145
5546 31 156 145
5547 32 176 145
5548 33 172 145
5549 34 124 145
5550 35 137 145
5551 37 55 145
5552 0 119 146
5553 1 7 146
5554 2 176 146
5555 3 68 146
5556 4 218 146
5557 5 224 146
5558 6 43 146
5559 7 120 146
5560 8 147 146
5561 9 145 146
5562 10 193 146
5563 11 199 146
5564 12 94 146
5565 13 212 146
5566 14 71 146
5567 15 45 146
5568 16 22 146
5569 17 36 146
5570 18 32 146
5571 19 163 146
5572 20 94 146
5573 21 18 146
5574 22 15 146
5575 23 62 146
5576 24 227 146
5577 25 218 146
5578 26 111 146
5579 27 131 146
5580 28 86 146
5581 29 23 146
5582 30 82 146
5583 31 52 146
5584 32 71 146
5585 33 222 146
5586 34 34 146
5587 35 103 146
5588 36 121 146
5589 37 250 146
5590 38 66 146
5591 40 33 146
5592 41 231 146
5593 43 42 146
5594 0 28 147
5595 1 203 147
5596 2 253 147
5597 3 51 147
5598 4 252 147
5599 5 55 147
5600 6 244 147
5601 7 117 147
5602 8 163 147
5603 9 139 147
5604 10 72 147
5605 11 74 147
5606 12 137 147
5607 13 83 147
5608 14 251 147
5609 15 112 147
5610 16 30 147
5611 17 256 147
5612 18 19 147
5613 19 103 147
5614 20 155 147
5615 21 245 147
5616 22 172 147
5617 23 102 147
5618 24 190 147
5619 25 229 147
5620 26 26 147
5621 27 51 147
5622 28 101 147
5623 29 211 147
5624 30 123 147
5625 31 167 147
5626 32 198 147
5627 33 114 147
5628 34 94 147
5629 35 204 147
5630 36 64 147
5631 37 6 147
5632 38 229 147
5633 39 66 147
5634 40 247 147
5635 41 26 147
5636 42 64 147
5637 43 171 147
5638 45 65 147
5639 47 58 147
5640 0 110 148
5641 1 162 148
5642 2 117 148
5643 3 249 148
5644 4 143 148
5645 5 246 148
5646 6 164 148
5647 7 79 148
5648 8 40 148
5649 9 234 148
5650 10 103 148
5651 11 238 148
5652 12 212 148
5653 13 104 148
5654 14 12 148
5655 15 36 148
5656 16 232 148
5657 17 201 148
5658 18 169 148
5659 19 227 148
5660 20 33 148
5661 21 154 148
5662 22 133 148
5663 23 114 148
5664 24 51 148
5665 25 161 148
5666 26 218 148
5667 27 49 148
5668 28 109 148
5669 29 122 148
5670 30 12 148
5671 31 193 148
5672 32 152 148
5673 33 131 148
5674 34 240 148
5675 35 20 148
5676 36 226 148
5677 37 78 148
5678 38 114 148
5679 39 121 148
5680 40 116 148
5681 41 152 148
5682 42 186 148
5683 43 155 148
5684 44 136 148
5685 45 5 148
5686 46 106 148
5687 47 215 148
5688 49 67 148
5689 50 164 148
5690 0 124 149
5691 1 188 149
5692 2 58 149
5693 3 66 149
5694 4 132 149
5695 5 226 149
5696 6 44 149
5697 7 105 149
5698 8 42 149
5699 9 224 149
5700 10 84 149
5701 11 150 149
5702 12 255 149
5703 13 6 149
5704 14 46 149
5705 15 17 149
5706 16 222 149
5707 17 73 149
5708 18 20 149
5709 19 40 149
5710 20 77 149
5711 21 33 149
5712 22 151 149
5713 23 167 149
5714 24 19 149
5715 25 218 149
5716 26 30 149
5717 27 218 149
5718 28 142 149
5719 29 240 149
5720 30 111 149
5721 31 72 149
5722 32 218 149
5723 33 113 149
5724 34 241 149
5725 35 168 149
5726 36 139 149
5727 37 149 149
5728 38 122 149
5729 39 153 149
5730 40 181 149
5731 41 245 149
5732 42 7 149
5733 43 120 149
5734 44 118 149
5735 45 162 149
5736 46 31 149
5737 47 193 149
5738 48 256 149
5739 49 85 149
5740 50 181 149
5741 51 164 149
5742 52 1 149
5743 53 181 149
5744 55 231 149
5745 57 54 149
5746 0 140 150
5747 1 152 150
5748 2 14 150
5749 3 65 150
5750 4 75 150
5751 5 69 150
5752 6 231 150
5753 7 151 150
5754 8 167 150
5755 9 151 150
5756 10 42 150
5757 11 53 150
5758 12 231 150
5759 13 126 150
5760 14 98 150
5761 15 61 150
5762 16 110 150
5763 17 47 150
5764 18 40 150
5765 19 84 150
5766 20 157 150
5767 21 189 150
5768 22 44 150
5769 23 170 150
5770 24 34 150
5771 25 172 150
5772 26 168 150
5773 27 93 150
5774 28 174 150
5775 29 205 150
5776 30 79 150
5777 31 98 150
5778 32 147 150
5779 33 158 150
5780 34 209 150
5781 35 183 150
5782 36 14 150
5783 37 197 150
5784 38 99 150
5785 39 205 150
5786 40 208 150
5787 41 231 150
5788 42 154 150
5789 43 50 150
5790 44 4 150
5791 45 245 150
5792 46 98 150
5793 47 119 150
5794 48 41 150
5795 49 208 150
5796 50 163 150
5797 51 225 150
5798 52 41 150
5799 53 122 150
5800 54 165 150
5801 55 63 150
5802 57 150 150
5803 58 240 150
5804 0 243 151
5805 1 65 151
5806 2 101 151
5807 3 118 151
5808 4 227 151
5809 5 97 151
5810 6 41 151
5811 7 50 151
5812 8 72 151
5813 9 11 151
5814 10 100 151
5815 11 180 151
5816 12 148 151
5817 13 23 151
5818 14 1 151
5819 15 35 151
5820 16 75 151
5821 17 54 151
5822 18 68 151
5823 19 198 151
5824 20 36 151
5825 21 198 151
5826 22 183 151
5827 23 235 151
5828 24 3 151
5829 25 46 151
5830 26 219 151
5831 27 116 151
5832 28 9 151
5833 29 37 151
5834 30 206 151
5835 31 238 151
5836 32 184 151
5837 33 195 151
5838 34 210 151
5839 35 252 151
5840 36 4 151
5841 37 66 151
5842 38 204 151
5843 39 42 151
5844 40 66 151
5845 41 149 151
5846 42 182 151
5847 43 105 151
5848 44 229 151
5849 45 22 151
5850 46 225 151
5851 47 25 151
5852 48 190 151
5853 49 199 151
5854 50 50 151
5855 51 58 151
5856 52 84 151
5857 53 204 151
5858 54 231 151
5859 55 49 151
5860 56 79 151
5861 57 148 151
5862 58 4 151
5863 59 237 151
5864 60 143 151
5865 61 108 151
5866 62 79 151
5867 65 111 151
5868 0 76 152
5869 1 57 152
5870 2 90 152
5871 3 46 152
5872 0 205 153
5873 4 183 152
5874 5 51 152
5875 6 193 152
5876 7 179 152
5877 8 90 152
5878 9 41 152
5879 10 82 152
5880 11 144 152
5881 12 219 152
5882 13 29 152
5883 14 195 152
5884 15 50 152
5885 16 201 152
5886 17 112 152
5887 18 63 152
5888 19 226 152
5889 20 246 152
5890 21 157 152
5891 22 222 152
5892 23 97 152
5893 24 105 152
5894 25 118 152
5895 26 37 152
5896 27 128 152
5897 29 212 152
5898 28 213 152
5899 63 11 152
5900 67 117 152
5901 1 32 153
5902 69 80 153
5903 71 167 153
5904 73 92 153
5905 0 4 154
5906 30 142 152
5907 31 245 152
5908 32 69 152
5909 33 30 152
5910 34 229 152
5911 35 128 152
5912 36 172 152
5913 37 224 152
5914 38 206 152
5915 39 132 152
5916 40 109 152
5917 41 64 152
5918 42 204 152
5919 43 113 152
5920 44 256 152
5921 45 182 152
5922 46 10 152
5923 47 200 152
5924 48 178 152
5925 49 188 152
5926 50 94 152
5927 51 254 152
5928 52 71 152
5929 53 156 152
5930 54 235 152
5931 55 106 152
5932 56 152 152
5933 64 137 152
5934 2 119 153
5935 66 169 153
5936 68 99 153
5937 57 23 152
5938 58 101 152
5939 59 68 152
5940 60 252 152
5941 61 152 152
5942 62 250 152
5943 65 50 152
5944 3 3 153
5945 4 152 153
5946 5 31 153
5947 6 93 153
5948 7 181 153
5949 8 52 153
5950 9 183 153
5951 10 89 153
5952 11 69 153
5953 12 102 153
5954 13 34 153
5955 14 37 153
5956 15 218 153
5957 16 163 153
5958 18 74 153
5959 17 22 153
5960 19 182 153
5961 20 164 153
5962 21 81 153
5963 22 123 153
5964 23 97 153
5965 24 123 153
5966 25 195 153
5967 26 203 153
5968 27 196 153
5969 28 61 153
5970 29 52 153
5971 30 76 153
5972 31 191 153
5973 32 189 153
5974 33 74 153
5975 34 70 153
5976 35 253 153
5977 36 16 153
5978 37 2 153
5979 38 194 153
5980 39 30 153
5981 40 120 153
5982 41 79 153
5983 42 147 153
5984 43 202 153
5985 44 28 153
5986 45 186 153
5987 46 247 153
5988 47 55 153
5989 48 215 153
5990 49 140 153
5991 50 188 153
5992 51 10 153
5993 52 231 153
5994 53 183 153
5995 54 146 153
5996 55 95 153
5997 56 104 153
5998 57 151 153
5999 58 202 153
6000 59 35 153
6001 60 189 153
6002 61 158 153
6003 62 220 153
6004 63 139 153
6005 64 217 153
6006 65 195 153
6007 67 241 153
6008 70 146 153
6009 1 138 154
6010 2 161 154
6011 3 235 154
6012 4 240 154
6013 5 175 154
6014 6 17 154
6015 7 15 154
6016 8 134 154
6017 9 166 154
6018 10 216 154
6019 11 197 154
6020 12 155 154
6021 13 24 154
6022 14 25 154
6023 15 3 154
6024 16 14 154
6025 17 96 154
6026 18 43 154
6027 19 24 154
6028 20 51 154
6029 21 91 154
6030 22 71 154
6031 23 42 154
6032 24 225 154
6033 25 88 154
6034 26 61 154
6035 27 81 154
6036 28 112 154
6037 29 68 154
6038 30 256 154
6039 31 252 154
6040 32 97 154
6041 33 186 154
6042 34 194 154
6043 35 58 154
6044 36 246 154
6045 37 176 154
6046 38 111 154
6047 39 74 154
6048 40 157 154
6049 41 205 154
6050 42 36 154
6051 43 232 154
6052 44 48 154
6053 45 170 154
6054 46 160 154
6055 47 255 154
6056 48 147 154
6057 49 219 154
6058 50 181 154
6059 51 165 154
6060 52 49 154
6061 53 72 154
6062 54 26 154
6063 55 161 154
6064 56 67 154
6065 57 237 154
6066 58 236 154
6067 59 242 154
6068 60 141 154
6069 61 252 154
6070 62 32 154
6071 63 158 154
6072 64 139 154
6073 65 42 154
6074 66 253 154
6075 67 110 154
6076 68 120 154
6077 69 146 154
6078 70 6 154
6079 71 182 154
6080 72 127 154
6081 73 67 154
6082 75 203 154
6083 77 169 154
6084 0 212 155
6085 1 192 155
6086 2 249 155
6087 3 135 155
6088 4 142 155
6089 5 228 155
6090 6 45 155
6091 7 127 155
6092 8 176 155
6093 9 21 155
6094 10 245 155
6095 11 105 155
6096 12 161 155
6097 13 58 155
6098 14 81 155
6099 15 209 155
6100 16 114 155
6101 17 198 155
6102 18 86 155
6103 19 57 155
6104 20 158 155
6105 21 247 155
6106 22 208 155
6107 23 174 155
6108 24 72 155
6109 25 125 155
6110 26 12 155
6111 27 130 155
6112 28 204 155
6113 29 157 155
6114 30 101 155
6115 31 151 155
6116 32 16 155
6117 33 202 155
6118 34 59 155
6119 35 228 155
6120 36 177 155
6121 37 53 155
6122 38 63 155
6123 39 250 155
6124 40 76 155
6125 41 209 155
6126 42 89 155
6127 43 116 155
6128 44 20 155
6129 45 218 155
6130 46 237 155
6131 47 131 155
6132 48 144 155
6133 49 105 155
6134 50 112 155
6135 51 128 155
6136 52 21 155
6137 53 24 155
6138 54 49 155
6139 55 66 155
6140 56 86 155
6141 57 107 155
6142 58 233 155
6143 59 193 155
6144 60 188 155
6145 61 194 155
6146 62 193 155
6147 63 114 155
6148 64 218 155
6149 65 41 155
6150 66 173 155
6151 67 136 155
6152 68 80 155
6153 69 109 155
6154 70 133 155
6155 71 29 155
6156 72 194 155
6157 73 139 155
6158 74 204 155
6159 75 98 155
6160 76 159 155
6161 77 18 155
weights 156 156 156 156 156 156 156 156 156 156 156 156 156 156 156 156 156 156 156 156 156 156 156 156 156 156 156 156 156 156 156 156 156 156 156 156 156 156 156 156 156 156 156 156 156 156 156 156 156 156 156 156 156 156 156 156 156 156 156 156 156 156 156 156 156 156 156 156 156 156 156 156 156 156 156 156 156 156
