42 0 0 1680 17 25 16 18 8 14 14 14 12 12 10 8 11 8 11 12 10 7 8 7 10
42 0 0 1681 17 25 18 16 8 15 14 13 12 12 10 8 10 8 11 13 8 7 8 9 10
42 0 0 1678 17 25 19 15 8 16 14 12 13 12 10 7 11 7 14 10 8 9 6 14 5
42 0 0 1664 18 24 15 19 8 13 16 13 13 10 14 5 13 7 11 11 12 8 6 11 5
42 0 0 1663 18 24 17 18 7 14 16 12 12 12 12 6 11 7 13 11 10 5 9 13 5
42 0 0 1678 18 24 18 15 9 15 14 13 12 13 11 6 10 12 6 14 11 3 11 12 5
42 0 0 1678 18 24 18 17 7 15 14 13 12 11 13 6 10 7 13 12 8 7 7 10 10
42 0 0 1680 18 24 19 14 9 16 13 13 12 14 10 6 10 10 12 10 9 9 5 9 10
42 0 0 1679 18 24 19 16 7 16 14 12 12 14 10 6 10 9 13 10 9 7 7 9 10
42 0 0 1681 18 24 21 12 9 17 13 12 12 14 10 6 8 13 9 12 6 8 11 12 5
42 0 0 1671 19 23 16 20 6 14 15 13 12 13 10 7 11 9 12 10 11 4 14 8 5
42 0 0 1675 19 23 17 17 8 13 18 11 12 12 11 7 11 9 8 14 10 4 14 9 5
42 0 0 1670 19 23 17 18 7 15 13 14 13 10 13 6 11 9 10 12 9 9 9 5 10
42 0 0 1672 19 23 18 15 9 14 16 12 11 14 12 5 10 9 12 11 10 6 7 9 10
42 0 0 1678 19 23 18 16 8 14 17 11 13 10 13 6 11 10 5 16 9 6 12 10 5
42 0 0 1662 19 23 18 17 7 15 14 13 11 14 12 5 9 10 13 10 9 6 7 15 5
42 0 0 1681 19 23 18 18 6 15 15 12 13 10 13 6 11 7 12 12 8 8 10 6 10
42 0 0 1680 19 23 19 15 8 14 17 11 11 12 14 5 8 11 8 15 6 6 12 13 5
42 0 0 1677 19 23 19 16 7 15 16 11 12 12 14 4 9 12 7 14 8 5 13 11 5
42 0 0 1671 19 23 19 17 6 17 11 14 12 13 13 4 8 14 9 11 8 6 12 11 5
42 0 0 1680 19 23 20 15 7 16 15 11 13 12 8 9 10 8 13 11 5 10 13 9 5
42 0 0 1676 20 22 16 16 10 14 12 16 12 12 10 8 11 10 10 11 10 11 6 5 10
42 0 0 1667 20 22 17 16 9 13 17 12 11 14 11 6 11 8 12 11 12 3 9 13 5
42 0 0 1640 20 22 17 17 8 14 15 13 13 10 12 7 11 10 8 13 8 10 12 7 5
42 0 0 1681 20 22 18 13 11 13 18 11 11 15 10 6 11 9 11 11 11 7 5 14 5
42 0 0 1681 20 22 18 15 9 14 15 13 10 16 9 7 9 10 12 11 10 5 7 10 10
42 0 0 1674 20 22 18 16 8 14 15 13 11 12 13 6 9 8 14 11 6 11 6 9 10
42 0 0 1675 20 22 18 16 8 16 10 16 11 14 11 6 8 13 11 10 8 9 8 7 10
42 0 0 1660 20 22 18 18 6 15 15 12 13 11 11 7 11 7 15 9 7 10 12 8 5
42 0 0 1673 20 22 19 13 10 14 16 12 11 13 12 6 9 10 10 13 7 9 8 8 10
42 0 0 1657 20 22 19 14 9 14 17 11 11 14 11 6 9 11 9 13 8 6 11 12 5
42 0 0 1671 20 22 19 14 9 15 15 12 11 16 9 6 9 13 9 11 10 4 13 10 5
42 0 0 1674 20 22 19 15 8 15 14 13 11 13 12 6 8 12 8 14 7 7 10 8 10
42 0 0 1678 20 22 19 15 8 16 12 14 12 12 13 5 9 10 14 9 6 13 4 14 5
42 0 0 1675 20 22 19 16 7 16 12 14 11 14 11 6 8 10 16 8 6 10 7 14 5
42 0 0 1656 20 22 19 17 6 16 13 13 12 12 13 5 9 10 12 11 8 5 12 12 5
42 0 0 1670 20 22 20 12 10 15 16 11 12 13 12 5 10 9 13 10 7 11 6 13 5
42 0 0 1677 20 22 20 14 8 15 16 11 11 14 11 6 8 12 8 14 7 5 12 13 5
42 0 0 1669 20 22 20 14 8 16 14 12 13 10 15 4 9 12 8 13 5 12 10 10 5
42 0 0 1664 20 22 20 15 7 17 11 14 12 12 13 5 8 12 10 12 7 6 11 13 5
42 0 0 1679 20 22 21 12 9 17 12 13 12 13 12 5 8 13 9 12 6 10 7 14 5
42 0 0 1677 21 21 15 19 8 11 20 11 12 11 13 6 13 6 11 12 12 6 10 9 5
42 0 0 1678 21 21 16 18 8 14 12 16 11 12 15 4 9 13 8 12 10 8 8 6 10
42 0 0 1681 21 21 17 16 9 12 20 10 12 11 16 3 12 7 12 11 10 9 7 11 5
42 0 0 1644 21 21 17 17 8 13 17 12 11 13 14 4 10 10 11 11 10 6 10 11 5
42 0 0 1679 21 21 17 18 7 13 17 12 12 10 14 6 11 7 10 14 9 7 9 7 10
42 0 0 1673 21 21 17 19 6 13 18 11 11 13 14 4 10 9 12 11 10 4 12 11 5
42 0 0 1681 21 21 18 13 11 14 14 14 10 16 11 5 9 12 11 10 11 6 5 15 5
42 0 0 1679 21 21 18 15 9 13 17 12 10 15 9 8 9 9 12 12 8 7 9 8 10
42 0 0 1668 21 21 18 15 9 15 12 15 12 11 13 6 10 9 12 11 8 11 5 8 10
42 0 0 1681 21 21 18 16 8 14 16 12 12 13 8 9 11 6 17 8 7 11 10 9 5
42 0 0 1674 21 21 18 17 7 13 19 10 11 13 14 4 10 8 13 11 9 5 11 12 5
42 0 0 1671 21 21 18 17 7 15 14 13 14 8 13 7 11 9 10 12 5 15 11 6 5
42 0 0 1652 21 21 18 18 6 15 14 13 13 9 15 5 10 10 9 13 7 9 12 9 5
42 0 0 1679 21 21 19 14 9 13 20 9 12 12 12 6 11 8 9 14 8 9 7 13 5
42 0 0 1678 21 21 19 14 9 15 14 13 12 11 16 3 9 13 6 14 8 9 7 13 5
42 0 0 1678 21 21 19 15 8 15 15 12 13 11 10 8 10 11 8 13 6 10 16 5 5
42 0 0 1681 21 21 19 16 7 15 15 12 11 14 13 4 9 10 13 10 9 5 11 7 10
42 0 0 1680 21 21 19 16 7 17 9 16 11 14 13 4 7 15 10 10 8 7 9 13 5
42 0 0 1680 21 21 20 12 10 14 18 10 12 12 12 6 10 8 13 11 5 13 8 11 5
42 0 0 1672 21 21 20 13 9 15 16 11 12 13 11 6 9 13 6 14 7 8 13 9 5
42 0 0 1680 21 21 20 14 8 16 12 14 11 13 11 7 8 9 14 11 6 8 8 10 10
42 0 0 1668 21 21 20 15 7 15 17 10 13 10 14 5 10 9 10 13 5 12 9 11 5
42 0 0 1679 21 21 20 16 6 16 14 12 12 12 12 6 9 9 12 12 6 10 6 10 10
42 0 0 1681 21 21 21 13 8 17 12 13 12 13 11 6 8 11 14 9 4 13 8 12 5
42 0 0 1666 22 20 16 19 7 13 15 14 11 12 14 5 10 10 10 12 10 8 7 7 10
42 0 0 1656 22 20 17 16 9 12 19 11 11 13 13 5 11 8 12 11 10 8 7 12 5
42 0 0 1645 22 20 17 17 8 14 14 14 11 14 12 5 10 10 14 8 10 9 6 12 5
42 0 0 1678 22 20 17 19 6 13 17 12 11 12 14 5 10 8 12 12 9 7 8 8 10
42 0 0 1670 22 20 18 14 10 13 17 12 12 10 16 4 10 11 7 14 7 12 8 10 5
42 0 0 1680 22 20 18 15 9 14 15 13 12 11 15 4 10 11 9 12 8 11 9 4 10
42 0 0 1657 22 20 18 16 8 13 18 11 12 11 12 7 11 6 14 11 7 10 10 10 5
42 0 0 1680 22 20 18 16 8 15 12 15 11 13 13 5 9 10 14 9 8 11 4 9 10
42 0 0 1677 22 20 18 17 7 15 13 14 11 14 12 5 8 15 7 12 9 5 15 8 5
42 0 0 1671 22 20 18 19 5 14 17 11 12 11 15 4 10 8 14 10 7 9 11 10 5
42 0 0 1676 22 20 19 13 10 15 13 14 10 17 9 6 8 14 10 10 10 5 10 12 5
42 0 0 1679 22 20 19 14 9 15 13 14 10 16 10 6 8 12 12 10 9 6 9 8 10
42 0 0 1657 22 20 19 15 8 15 14 13 11 14 12 5 9 10 14 9 8 9 6 14 5
42 0 0 1654 22 20 19 17 6 15 15 12 12 11 15 4 9 10 12 11 6 10 10 11 5
42 0 0 1681 22 20 20 12 10 16 12 14 11 16 7 8 8 14 10 10 7 10 10 10 5
42 0 0 1678 22 20 20 14 8 14 18 10 11 13 13 5 9 9 11 13 7 7 8 15 5
42 0 0 1676 22 20 20 16 6 15 16 11 11 13 13 5 8 9 15 10 5 8 12 12 5
42 0 0 1664 23 19 15 19 8 12 16 14 11 12 16 3 11 10 11 10 12 8 6 11 5
42 0 0 1678 23 19 16 19 7 12 18 12 11 12 16 3 11 8 13 10 11 7 7 12 5
42 0 0 1674 23 19 17 16 9 12 17 13 10 13 12 7 9 9 12 12 7 10 9 6 10
42 0 0 1676 23 19 17 17 8 14 13 15 11 13 12 6 9 13 8 12 9 9 10 4 10
42 0 0 1676 23 19 18 13 11 13 16 13 10 15 13 4 9 13 8 12 11 5 9 12 5
42 0 0 1677 23 19 18 15 9 13 17 12 10 15 13 4 9 12 9 12 11 3 11 12 5
42 0 0 1669 23 19 18 15 9 14 14 14 11 13 12 6 9 12 9 12 8 10 9 5 10
42 0 0 1679 23 19 18 16 8 14 15 13 13 9 13 7 11 7 14 10 5 16 8 8 5
42 0 0 1680 23 19 18 18 6 13 19 10 11 14 11 6 10 9 12 11 9 5 14 9 5
42 0 0 1676 23 19 19 13 10 13 18 11 10 16 9 7 9 10 13 10 8 7 12 10 5
42 0 0 1676 23 19 19 14 9 14 16 12 12 11 14 5 9 13 6 14 6 11 13 7 5
42 0 0 1669 23 19 19 15 8 14 16 12 12 10 15 5 9 10 11 12 4 14 10 9 5
42 0 0 1658 23 19 19 16 7 14 17 11 11 14 11 6 9 11 10 12 8 6 13 10 5
42 0 0 1681 23 19 19 17 6 14 17 11 12 10 15 5 10 6 15 11 6 9 10 12 5
42 0 0 1672 23 19 20 13 9 16 12 14 12 12 13 5 8 14 9 11 5 13 11 8 5
42 0 0 1680 23 19 20 17 5 16 14 12 12 12 13 5 8 12 11 11 5 9 15 8 5
42 0 0 1680 24 18 16 17 9 12 16 14 11 12 12 7 11 8 12 11 10 9 9 4 10
42 0 0 1667 24 18 17 15 10 12 17 13 11 11 16 4 10 10 10 12 8 12 6 11 5
42 0 0 1674 24 18 18 13 11 12 18 12 10 14 13 5 9 12 8 13 9 7 11 10 5
42 0 0 1664 24 18 18 16 8 13 17 12 10 15 12 5 9 10 14 9 9 6 12 10 5
42 0 0 1666 24 18 19 13 10 14 15 13 11 14 10 7 9 11 13 9 6 13 10 8 5
42 0 0 1672 24 18 19 16 7 14 16 12 10 15 12 5 8 11 13 10 8 5 13 11 5
42 0 0 1676 25 17 17 13 12 12 16 14 10 15 11 6 10 11 12 9 10 11 6 10 5
42 0 0 1659 25 17 17 18 7 14 13 15 11 13 13 5 9 12 13 8 8 11 11 7 5
42 0 0 1664 25 17 18 17 7 13 17 12 11 12 14 5 9 11 10 12 7 9 13 8 5
42 0 0 1670 25 17 19 14 9 15 12 15 11 13 13 5 8 13 12 9 6 13 9 9 5
42 0 0 1680 26 16 16 18 8 12 16 14 11 11 17 3 10 11 11 10 9 11 10 7 5
