p 257 h 73 constraints 5564
0 0 1 0
1 0 1 1
2 0 1 2
3 0 1 3
4 0 1 4
5 0 1 5
6 0 1 6
7 0 1 7
8 0 1 8
9 0 1 9
10 0 1 10
11 0 1 11
12 0 1 12
13 0 1 13
14 0 1 14
15 0 1 15
16 0 1 16
17 0 1 17
18 0 1 18
19 0 1 19
20 0 1 20
21 0 1 21
22 0 1 22
23 0 1 23
24 0 1 24
25 0 1 25
26 0 1 26
27 0 1 27
28 0 1 28
29 0 1 29
30 0 1 30
31 0 1 31
32 0 1 32
33 0 1 33
34 0 1 34
35 0 1 35
36 0 1 36
37 0 1 37
38 1 1 2
39 1 1 3
40 1 1 4
41 1 1 5
42 1 1 6
43 1 1 7
44 1 1 8
45 1 1 9
46 1 1 10
47 1 1 11
48 1 1 12
49 1 1 13
50 1 1 14
51 1 1 15
52 1 1 16
53 1 1 17
54 1 1 18
55 1 1 19
56 1 1 20
57 1 1 21
58 1 1 22
59 1 1 23
60 1 1 24
61 1 1 25
62 1 1 26
63 1 1 27
64 1 1 28
65 1 1 29
66 1 1 30
67 1 1 31
68 1 1 32
69 1 1 33
70 1 1 34
71 1 1 35
72 1 1 36
73 1 1 37
74 1 1 38
75 2 1 4
76 2 1 5
77 2 1 6
78 2 1 7
79 2 1 8
80 2 1 9
81 2 1 10
82 2 1 11
83 2 1 12
84 2 1 13
85 2 1 14
86 2 1 15
87 2 1 16
88 2 1 17
89 2 1 18
90 2 1 19
91 2 1 20
92 2 1 21
93 2 1 22
94 2 1 23
95 2 1 24
96 2 1 25
97 2 1 26
98 2 1 27
99 2 1 28
100 2 1 29
101 2 1 30
102 2 1 31
103 2 1 32
104 2 1 33
105 2 1 34
106 2 1 35
107 2 1 36
108 2 1 37
109 2 1 38
110 2 1 39
111 3 1 6
112 3 1 7
113 3 1 8
114 3 1 9
115 3 1 10
116 3 1 11
117 3 1 12
118 3 1 13
119 3 1 14
120 3 1 15
121 3 1 16
122 3 1 17
123 3 1 18
124 3 1 19
125 3 1 20
126 3 1 21
127 3 1 22
128 3 1 23
129 3 1 24
130 3 1 25
131 3 1 26
132 3 1 27
133 3 1 28
134 3 1 29
135 3 1 30
136 3 1 31
137 3 1 32
138 3 1 33
139 3 1 34
140 3 1 35
141 3 1 36
142 3 1 37
143 3 1 38
144 3 1 39
145 3 1 40
146 4 1 8
147 4 1 9
148 4 1 10
149 4 1 11
150 4 1 12
151 4 1 13
152 4 1 14
153 4 1 15
154 4 1 16
155 4 1 17
156 4 1 18
157 4 1 19
158 4 1 20
159 4 1 21
160 4 1 22
161 4 1 23
162 4 1 24
163 4 1 25
164 4 1 26
165 4 1 27
166 4 1 28
167 4 1 29
168 4 1 30
169 4 1 31
170 4 1 32
171 4 1 33
172 4 1 34
173 4 1 35
174 4 1 36
175 4 1 37
176 4 1 38
177 4 1 39
178 4 1 40
179 4 1 41
180 5 1 10
181 5 1 11
182 5 1 12
183 5 1 13
184 5 1 14
185 5 1 15
186 5 1 16
187 5 1 17
188 5 1 18
189 5 1 19
190 5 1 20
191 5 1 21
192 5 1 22
193 5 1 23
194 5 1 24
195 5 1 25
196 5 1 26
197 5 1 27
198 5 1 28
199 5 1 29
200 5 1 30
201 5 1 31
202 5 1 32
203 5 1 33
204 5 1 34
205 5 1 35
206 5 1 36
207 5 1 37
208 5 1 38
209 5 1 39
210 5 1 40
211 5 1 41
212 5 1 42
213 6 1 12
214 6 1 13
215 6 1 14
216 6 1 15
217 6 1 16
218 6 1 17
219 6 1 18
220 6 1 19
221 6 1 20
222 6 1 21
223 6 1 22
224 6 1 23
225 6 1 24
226 6 1 25
227 6 1 26
228 6 1 27
229 6 1 28
230 6 1 29
231 6 1 30
232 6 1 31
233 6 1 32
234 6 1 33
235 6 1 34
236 6 1 35
237 6 1 36
238 6 1 37
239 6 1 38
240 6 1 39
241 6 1 40
242 6 1 41
243 6 1 42
244 6 1 43
245 7 1 14
246 7 1 15
247 7 1 16
248 7 1 17
249 7 1 18
250 7 1 19
251 7 1 20
252 7 1 21
253 7 1 22
254 7 1 23
255 7 1 24
256 7 1 25
257 7 1 26
258 7 1 27
259 7 1 28
260 7 1 29
261 7 1 30
262 7 1 31
263 7 1 32
264 7 1 33
265 7 1 34
266 7 1 35
267 7 1 36
268 7 1 37
269 7 1 38
270 7 1 39
271 7 1 40
272 7 1 41
273 7 1 42
274 7 1 43
275 7 1 44
276 8 1 16
277 8 1 17
278 8 1 18
279 8 1 19
280 8 1 20
281 8 1 21
282 8 1 22
283 8 1 23
284 8 1 24
285 8 1 25
286 8 1 26
287 8 1 27
288 8 1 28
289 8 1 29
290 8 1 30
291 8 1 31
292 8 1 32
293 8 1 33
294 8 1 34
295 8 1 35
296 8 1 36
297 8 1 37
298 8 1 38
299 8 1 39
300 8 1 40
301 8 1 41
302 8 1 42
303 8 1 43
304 8 1 44
305 8 1 45
306 9 1 18
307 9 1 19
308 9 1 20
309 9 1 21
310 9 1 22
311 9 1 23
312 9 1 24
313 9 1 25
314 9 1 26
315 9 1 27
316 9 1 28
317 9 1 29
318 9 1 30
319 9 1 31
320 9 1 32
321 9 1 33
322 9 1 34
323 9 1 35
324 9 1 36
325 9 1 37
326 9 1 38
327 9 1 39
328 9 1 40
329 9 1 41
330 9 1 42
331 9 1 43
332 9 1 44
333 9 1 45
334 9 1 46
335 10 1 20
336 10 1 21
337 10 1 22
338 10 1 23
339 10 1 24
340 10 1 25
341 10 1 26
342 10 1 27
343 10 1 28
344 10 1 29
345 10 1 30
346 10 1 31
347 10 1 32
348 10 1 33
349 10 1 34
350 10 1 35
351 10 1 36
352 10 1 37
353 10 1 38
354 10 1 39
355 10 1 40
356 10 1 41
357 10 1 42
358 10 1 43
359 10 1 44
360 10 1 45
361 10 1 46
362 10 1 47
363 11 1 22
364 11 1 23
365 11 1 24
366 11 1 25
367 11 1 26
368 11 1 27
369 11 1 28
370 11 1 29
371 11 1 30
372 11 1 31
373 11 1 32
374 11 1 33
375 11 1 34
376 11 1 35
377 11 1 36
378 11 1 37
379 11 1 38
380 11 1 39
381 11 1 40
382 11 1 41
383 11 1 42
384 11 1 43
385 11 1 44
386 11 1 45
387 11 1 46
388 11 1 47
389 11 1 48
390 12 1 24
391 12 1 25
392 12 1 26
393 12 1 27
394 12 1 28
395 12 1 29
396 12 1 30
397 12 1 31
398 12 1 32
399 12 1 33
400 12 1 34
401 12 1 35
402 12 1 36
403 12 1 37
404 12 1 38
405 12 1 39
406 12 1 40
407 12 1 41
408 12 1 42
409 12 1 43
410 12 1 44
411 12 1 45
412 12 1 46
413 12 1 47
414 12 1 48
415 12 1 49
416 13 1 26
417 13 1 27
418 13 1 28
419 13 1 29
420 13 1 30
421 13 1 31
422 13 1 32
423 13 1 33
424 13 1 34
425 13 1 35
426 13 1 36
427 13 1 37
428 13 1 38
429 13 1 39
430 13 1 40
431 13 1 41
432 13 1 42
433 13 1 43
434 13 1 44
435 13 1 45
436 13 1 46
437 13 1 47
438 13 1 48
439 13 1 49
440 13 1 50
441 14 1 28
442 14 1 29
443 14 1 30
444 14 1 31
445 14 1 32
446 14 1 33
447 14 1 34
448 14 1 35
449 14 1 36
450 14 1 37
451 14 1 38
452 14 1 39
453 14 1 40
454 14 1 41
455 14 1 42
456 14 1 43
457 14 1 44
458 14 1 45
459 14 1 46
460 14 1 47
461 14 1 48
462 14 1 49
463 14 1 50
464 14 1 51
465 15 1 30
466 15 1 31
467 15 1 32
468 15 1 33
469 15 1 34
470 15 1 35
471 15 1 36
472 15 1 37
473 15 1 38
474 15 1 39
475 15 1 40
476 15 1 41
477 15 1 42
478 15 1 43
479 15 1 44
480 15 1 45
481 15 1 46
482 15 1 47
483 15 1 48
484 15 1 49
485 15 1 50
486 15 1 51
487 15 1 52
488 16 1 32
489 16 1 33
490 16 1 34
491 16 1 35
492 16 1 36
493 16 1 37
494 16 1 38
495 16 1 39
496 16 1 40
497 16 1 41
498 16 1 42
499 16 1 43
500 16 1 44
501 16 1 45
502 16 1 46
503 16 1 47
504 16 1 48
505 16 1 49
506 16 1 50
507 16 1 51
508 16 1 52
509 16 1 53
510 17 1 34
511 17 1 35
512 17 1 36
513 17 1 37
514 17 1 38
515 17 1 39
516 17 1 40
517 17 1 41
518 17 1 42
519 17 1 43
520 17 1 44
521 17 1 45
522 17 1 46
523 17 1 47
524 17 1 48
525 17 1 49
526 17 1 50
527 17 1 51
528 17 1 52
529 17 1 53
530 17 1 54
531 18 1 36
532 18 1 37
533 18 1 38
534 18 1 39
535 18 1 40
536 18 1 41
537 18 1 42
538 18 1 43
539 18 1 44
540 18 1 45
541 18 1 46
542 18 1 47
543 18 1 48
544 18 1 49
545 18 1 50
546 18 1 51
547 18 1 52
548 18 1 53
549 18 1 54
550 18 1 55
551 19 1 38
552 19 1 39
553 19 1 40
554 19 1 41
555 19 1 42
556 19 1 43
557 19 1 44
558 19 1 45
559 19 1 46
560 19 1 47
561 19 1 48
562 19 1 49
563 19 1 50
564 19 1 51
565 19 1 52
566 19 1 53
567 19 1 54
568 19 1 55
569 19 1 56
570 20 1 40
571 20 1 41
572 20 1 42
573 20 1 43
574 20 1 44
575 20 1 45
576 20 1 46
577 20 1 47
578 20 1 48
579 20 1 49
580 20 1 50
581 20 1 51
582 20 1 52
583 20 1 53
584 20 1 54
585 20 1 55
586 20 1 56
587 20 1 57
588 21 1 42
589 21 1 43
590 21 1 44
591 21 1 45
592 21 1 46
593 21 1 47
594 21 1 48
595 21 1 49
596 21 1 50
597 21 1 51
598 21 1 52
599 21 1 53
600 21 1 54
601 21 1 55
602 21 1 56
603 21 1 57
604 21 1 58
605 22 1 44
606 22 1 45
607 22 1 46
608 22 1 47
609 22 1 48
610 22 1 49
611 22 1 50
612 22 1 51
613 22 1 52
614 22 1 53
615 22 1 54
616 22 1 55
617 22 1 56
618 22 1 57
619 22 1 58
620 22 1 59
621 23 1 46
622 23 1 47
623 23 1 48
624 23 1 49
625 23 1 50
626 23 1 51
627 23 1 52
628 23 1 53
629 23 1 54
630 23 1 55
631 23 1 56
632 23 1 57
633 23 1 58
634 23 1 59
635 23 1 60
636 24 1 48
637 24 1 49
638 24 1 50
639 24 1 51
640 24 1 52
641 24 1 53
642 24 1 54
643 24 1 55
644 24 1 56
645 24 1 57
646 24 1 58
647 24 1 59
648 24 1 60
649 24 1 61
650 25 1 50
651 25 1 51
652 25 1 52
653 25 1 53
654 25 1 54
655 25 1 55
656 25 1 56
657 25 1 57
658 25 1 58
659 25 1 59
660 25 1 60
661 25 1 61
662 25 1 62
663 26 1 52
664 26 1 53
665 26 1 54
666 26 1 55
667 26 1 56
668 26 1 57
669 26 1 58
670 26 1 59
671 26 1 60
672 26 1 61
673 26 1 62
674 26 1 63
675 27 1 54
676 27 1 55
677 27 1 56
678 27 1 57
679 27 1 58
680 27 1 59
681 27 1 60
682 27 1 61
683 27 1 62
684 27 1 63
685 27 1 64
686 28 1 56
687 28 1 57
688 28 1 58
689 28 1 59
690 28 1 60
691 28 1 61
692 28 1 62
693 28 1 63
694 28 1 64
695 28 1 65
696 29 1 58
697 29 1 59
698 29 1 60
699 29 1 61
700 29 1 62
701 29 1 63
702 29 1 64
703 29 1 65
704 29 1 66
705 30 1 60
706 30 1 61
707 30 1 62
708 30 1 63
709 30 1 64
710 30 1 65
711 30 1 66
712 30 1 67
713 31 1 62
714 31 1 63
715 31 1 64
716 31 1 65
717 31 1 66
718 31 1 67
719 31 1 68
720 32 1 64
721 32 1 65
722 32 1 66
723 32 1 67
724 32 1 68
725 32 1 69
726 33 1 66
727 33 1 67
728 33 1 68
729 33 1 69
730 33 1 70
731 34 1 68
732 34 1 69
733 34 1 70
734 34 1 71
735 35 1 70
736 35 1 71
737 35 1 72
738 36 1 72
739 36 1 73
740 37 1 74
741 38 64 76
742 37 32 75
743 36 16 74
744 35 8 73
745 34 4 72
746 33 2 71
747 32 1 70
748 31 129 69
749 30 193 68
750 29 225 67
751 28 241 66
752 27 249 65
753 26 253 64
754 25 255 63
755 24 256 62
756 23 128 61
757 22 64 60
758 21 32 59
759 20 16 58
760 19 8 57
761 18 4 56
762 17 2 55
763 16 1 54
764 15 129 53
765 14 193 52
766 13 225 51
767 12 241 50
768 11 249 49
769 10 253 48
770 9 255 47
771 8 256 46
772 7 128 45
773 6 64 44
774 5 32 43
775 4 16 42
776 39 64 78
777 38 32 77
778 37 16 76
779 36 8 75
780 35 4 74
781 34 2 73
782 33 1 72
783 32 129 71
784 31 193 70
785 30 225 69
786 29 241 68
787 28 249 67
788 27 253 66
789 26 255 65
790 25 256 64
791 24 128 63
792 23 64 62
793 22 32 61
794 21 16 60
795 20 8 59
796 19 4 58
797 18 2 57
798 17 1 56
799 16 129 55
800 15 193 54
801 14 225 53
802 13 241 52
803 12 249 51
804 11 253 50
805 10 255 49
806 9 256 48
807 8 128 47
808 7 64 46
809 6 32 45
810 40 64 80
811 39 32 79
812 38 16 78
813 37 8 77
814 36 4 76
815 35 2 75
816 34 1 74
817 33 129 73
818 32 193 72
819 31 225 71
820 30 241 70
821 29 249 69
822 28 253 68
823 27 255 67
824 26 256 66
825 25 128 65
826 24 64 64
827 23 32 63
828 22 16 62
829 21 8 61
830 20 4 60
831 19 2 59
832 18 1 58
833 17 129 57
834 16 193 56
835 15 225 55
836 14 241 54
837 13 249 53
838 12 253 52
839 11 255 51
840 10 256 50
841 9 128 49
842 8 64 48
843 41 64 82
844 40 32 81
845 39 16 80
846 38 8 79
847 37 4 78
848 36 2 77
849 35 1 76
850 34 129 75
851 33 193 74
852 32 225 73
853 31 241 72
854 30 249 71
855 29 253 70
856 28 255 69
857 27 256 68
858 26 128 67
859 25 64 66
860 24 32 65
861 23 16 64
862 22 8 63
863 21 4 62
864 20 2 61
865 19 1 60
866 18 129 59
867 17 193 58
868 16 225 57
869 15 241 56
870 14 249 55
871 13 253 54
872 12 255 53
873 11 256 52
874 10 128 51
875 42 64 84
876 41 32 83
877 40 16 82
878 39 8 81
879 38 4 80
880 37 2 79
881 36 1 78
882 35 129 77
883 34 193 76
884 33 225 75
885 32 241 74
886 31 249 73
887 30 253 72
888 29 255 71
889 28 256 70
890 27 128 69
891 26 64 68
892 25 32 67
893 24 16 66
894 23 8 65
895 22 4 64
896 21 2 63
897 20 1 62
898 19 129 61
899 18 193 60
900 17 225 59
901 16 241 58
902 15 249 57
903 14 253 56
904 13 255 55
905 12 256 54
906 43 64 86
907 42 32 85
908 41 16 84
909 40 8 83
910 39 4 82
911 38 2 81
912 37 1 80
913 36 129 79
914 35 193 78
915 34 225 77
916 33 241 76
917 32 249 75
918 31 253 74
919 30 255 73
920 29 256 72
921 28 128 71
922 27 64 70
923 26 32 69
924 25 16 68
925 24 8 67
926 23 4 66
927 22 2 65
928 21 1 64
929 20 129 63
930 19 193 62
931 18 225 61
932 17 241 60
933 16 249 59
934 15 253 58
935 14 255 57
936 44 64 88
937 43 32 87
938 42 16 86
939 41 8 85
940 40 4 84
941 39 2 83
942 38 1 82
943 37 129 81
944 36 193 80
945 35 225 79
946 34 241 78
947 33 249 77
948 32 253 76
949 31 255 75
950 30 256 74
951 29 128 73
952 28 64 72
953 27 32 71
954 26 16 70
955 25 8 69
956 24 4 68
957 23 2 67
958 22 1 66
959 21 129 65
960 20 193 64
961 19 225 63
962 18 241 62
963 17 249 61
964 16 253 60
965 45 64 90
966 44 32 89
967 43 16 88
968 42 8 87
969 41 4 86
970 40 2 85
971 39 1 84
972 38 129 83
973 37 193 82
974 36 225 81
975 35 241 80
976 34 249 79
977 33 253 78
978 32 255 77
979 31 256 76
980 30 128 75
981 29 64 74
982 28 32 73
983 27 16 72
984 26 8 71
985 25 4 70
986 24 2 69
987 23 1 68
988 22 129 67
989 21 193 66
990 20 225 65
991 19 241 64
992 18 249 63
993 46 64 92
994 45 32 91
995 44 16 90
996 43 8 89
997 42 4 88
998 41 2 87
999 40 1 86
1000 39 129 85
1001 38 193 84
1002 37 225 83
1003 36 241 82
1004 35 249 81
1005 34 253 80
1006 33 255 79
1007 32 256 78
1008 31 128 77
1009 30 64 76
1010 29 32 75
1011 28 16 74
1012 27 8 73
1013 26 4 72
1014 25 2 71
1015 24 1 70
1016 23 129 69
1017 22 193 68
1018 21 225 67
1019 20 241 66
1020 47 64 94
1021 46 32 93
1022 45 16 92
1023 44 8 91
1024 43 4 90
1025 42 2 89
1026 41 1 88
1027 40 129 87
1028 39 193 86
1029 38 225 85
1030 37 241 84
1031 36 249 83
1032 35 253 82
1033 34 255 81
1034 33 256 80
1035 32 128 79
1036 31 64 78
1037 30 32 77
1038 29 16 76
1039 28 8 75
1040 27 4 74
1041 26 2 73
1042 25 1 72
1043 24 129 71
1044 23 193 70
1045 22 225 69
1046 48 64 96
1047 47 32 95
1048 46 16 94
1049 45 8 93
1050 44 4 92
1051 43 2 91
1052 42 1 90
1053 41 129 89
1054 40 193 88
1055 39 225 87
1056 38 241 86
1057 37 249 85
1058 36 253 84
1059 35 255 83
1060 34 256 82
1061 33 128 81
1062 32 64 80
1063 31 32 79
1064 30 16 78
1065 29 8 77
1066 28 4 76
1067 27 2 75
1068 26 1 74
1069 25 129 73
1070 24 193 72
1071 49 64 98
1072 48 32 97
1073 47 16 96
1074 46 8 95
1075 45 4 94
1076 44 2 93
1077 43 1 92
1078 42 129 91
1079 41 193 90
1080 40 225 89
1081 39 241 88
1082 38 249 87
1083 37 253 86
1084 36 255 85
1085 35 256 84
1086 34 128 83
1087 33 64 82
1088 32 32 81
1089 31 16 80
1090 30 8 79
1091 29 4 78
1092 28 2 77
1093 27 1 76
1094 26 129 75
1095 50 64 100
1096 49 32 99
1097 48 16 98
1098 47 8 97
1099 46 4 96
1100 45 2 95
1101 44 1 94
1102 43 129 93
1103 42 193 92
1104 41 225 91
1105 40 241 90
1106 39 249 89
1107 38 253 88
1108 37 255 87
1109 36 256 86
1110 35 128 85
1111 34 64 84
1112 33 32 83
1113 32 16 82
1114 31 8 81
1115 30 4 80
1116 29 2 79
1117 28 1 78
1118 51 64 102
1119 50 32 101
1120 49 16 100
1121 48 8 99
1122 47 4 98
1123 46 2 97
1124 45 1 96
1125 44 129 95
1126 43 193 94
1127 42 225 93
1128 41 241 92
1129 40 249 91
1130 39 253 90
1131 38 255 89
1132 37 256 88
1133 36 128 87
1134 35 64 86
1135 34 32 85
1136 33 16 84
1137 32 8 83
1138 31 4 82
1139 30 2 81
1140 52 64 104
1141 51 32 103
1142 50 16 102
1143 49 8 101
1144 48 4 100
1145 47 2 99
1146 46 1 98
1147 45 129 97
1148 44 193 96
1149 43 225 95
1150 42 241 94
1151 41 249 93
1152 40 253 92
1153 39 255 91
1154 38 256 90
1155 37 128 89
1156 36 64 88
1157 35 32 87
1158 34 16 86
1159 33 8 85
1160 32 4 84
1161 53 64 106
1162 52 32 105
1163 51 16 104
1164 50 8 103
1165 49 4 102
1166 48 2 101
1167 47 1 100
1168 46 129 99
1169 45 193 98
1170 44 225 97
1171 43 241 96
1172 42 249 95
1173 41 253 94
1174 40 255 93
1175 39 256 92
1176 38 128 91
1177 37 64 90
1178 36 32 89
1179 35 16 88
1180 34 8 87
1181 54 64 108
1182 53 32 107
1183 52 16 106
1184 51 8 105
1185 50 4 104
1186 49 2 103
1187 48 1 102
1188 47 129 101
1189 46 193 100
1190 45 225 99
1191 44 241 98
1192 43 249 97
1193 42 253 96
1194 41 255 95
1195 40 256 94
1196 39 128 93
1197 38 64 92
1198 37 32 91
1199 36 16 90
1200 55 64 110
1201 54 32 109
1202 53 16 108
1203 52 8 107
1204 51 4 106
1205 50 2 105
1206 49 1 104
1207 48 129 103
1208 47 193 102
1209 46 225 101
1210 45 241 100
1211 44 249 99
1212 43 253 98
1213 42 255 97
1214 41 256 96
1215 40 128 95
1216 39 64 94
1217 38 32 93
1218 56 64 112
1219 55 32 111
1220 54 16 110
1221 53 8 109
1222 52 4 108
1223 51 2 107
1224 50 1 106
1225 49 129 105
1226 48 193 104
1227 47 225 103
1228 46 241 102
1229 45 249 101
1230 44 253 100
1231 43 255 99
1232 42 256 98
1233 41 128 97
1234 40 64 96
1235 57 64 114
1236 56 32 113
1237 55 16 112
1238 54 8 111
1239 53 4 110
1240 52 2 109
1241 51 1 108
1242 50 129 107
1243 49 193 106
1244 48 225 105
1245 47 241 104
1246 46 249 103
1247 45 253 102
1248 44 255 101
1249 43 256 100
1250 42 128 99
1251 58 64 116
1252 57 32 115
1253 56 16 114
1254 55 8 113
1255 54 4 112
1256 53 2 111
1257 52 1 110
1258 51 129 109
1259 50 193 108
1260 49 225 107
1261 48 241 106
1262 47 249 105
1263 46 253 104
1264 45 255 103
1265 44 256 102
1266 59 64 118
1267 58 32 117
1268 57 16 116
1269 56 8 115
1270 55 4 114
1271 54 2 113
1272 53 1 112
1273 52 129 111
1274 51 193 110
1275 50 225 109
1276 49 241 108
1277 48 249 107
1278 47 253 106
1279 46 255 105
1280 60 64 120
1281 59 32 119
1282 58 16 118
1283 57 8 117
1284 56 4 116
1285 55 2 115
1286 54 1 114
1287 53 129 113
1288 52 193 112
1289 51 225 111
1290 50 241 110
1291 49 249 109
1292 48 253 108
1293 61 64 122
1294 60 32 121
1295 59 16 120
1296 58 8 119
1297 57 4 118
1298 56 2 117
1299 55 1 116
1300 54 129 115
1301 53 193 114
1302 52 225 113
1303 51 241 112
1304 50 249 111
1305 62 64 124
1306 61 32 123
1307 60 16 122
1308 59 8 121
1309 58 4 120
1310 57 2 119
1311 56 1 118
1312 55 129 117
1313 54 193 116
1314 53 225 115
1315 52 241 114
1316 63 64 126
1317 62 32 125
1318 61 16 124
1319 60 8 123
1320 59 4 122
1321 58 2 121
1322 57 1 120
1323 56 129 119
1324 55 193 118
1325 54 225 117
1326 64 64 128
1327 63 32 127
1328 62 16 126
1329 61 8 125
1330 60 4 124
1331 59 2 123
1332 58 1 122
1333 57 129 121
1334 56 193 120
1335 65 64 130
1336 64 32 129
1337 63 16 128
1338 62 8 127
1339 61 4 126
1340 60 2 125
1341 59 1 124
1342 58 129 123
1343 66 64 132
1344 65 32 131
1345 64 16 130
1346 63 8 129
1347 62 4 128
1348 61 2 127
1349 60 1 126
1350 67 64 134
1351 66 32 133
1352 65 16 132
1353 64 8 131
1354 63 4 130
1355 62 2 129
1356 68 64 136
1357 67 32 135
1358 66 16 134
1359 65 8 133
1360 64 4 132
1361 69 64 138
1362 68 32 137
1363 67 16 136
1364 66 8 135
1365 70 64 140
1366 69 32 139
1367 68 16 138
1368 71 64 142
1369 70 32 141
1370 72 64 144
1371 0 1 38
1372 0 1 39
1373 0 1 40
1374 0 1 41
1375 0 1 42
1376 0 1 43
1377 0 1 44
1378 0 1 45
1379 0 1 46
1380 0 1 47
1381 0 1 48
1382 0 1 49
1383 0 1 50
1384 0 1 51
1385 0 1 52
1386 0 1 53
1387 0 1 54
1388 0 1 55
1389 0 1 56
1390 0 1 57
1391 0 1 58
1392 0 1 59
1393 0 1 60
1394 0 1 61
1395 0 1 62
1396 0 1 63
1397 0 1 64
1398 0 1 65
1399 0 1 66
1400 0 1 67
1401 0 1 68
1402 0 1 69
1403 0 1 70
1404 0 1 71
1405 0 1 72
1406 1 1 39
1407 1 1 40
1408 1 1 41
1409 1 1 42
1410 1 1 43
1411 1 1 44
1412 1 1 45
1413 1 1 46
1414 1 1 47
1415 1 1 48
1416 1 1 49
1417 1 1 50
1418 1 1 51
1419 1 1 52
1420 1 1 53
1421 1 1 54
1422 1 1 55
1423 1 1 56
1424 1 1 57
1425 1 1 58
1426 1 1 59
1427 1 1 60
1428 1 1 61
1429 1 1 62
1430 1 1 63
1431 1 1 64
1432 1 1 65
1433 1 1 66
1434 1 1 67
1435 1 1 68
1436 1 1 69
1437 1 1 70
1438 1 1 71
1439 1 1 72
1440 2 1 40
1441 2 1 41
1442 2 1 42
1443 2 1 43
1444 2 1 44
1445 2 1 45
1446 2 1 46
1447 2 1 47
1448 2 1 48
1449 2 1 49
1450 2 1 50
1451 2 1 51
1452 2 1 52
1453 2 1 53
1454 2 1 54
1455 2 1 55
1456 2 1 56
1457 2 1 57
1458 2 1 58
1459 2 1 59
1460 2 1 60
1461 2 1 61
1462 2 1 62
1463 2 1 63
1464 2 1 64
1465 2 1 65
1466 2 1 66
1467 2 1 67
1468 2 1 68
1469 2 1 69
1470 2 1 70
1471 2 1 71
1472 2 1 72
1473 3 1 41
1474 3 1 42
1475 3 1 43
1476 3 1 44
1477 3 1 45
1478 3 1 46
1479 3 1 47
1480 3 1 48
1481 3 1 49
1482 3 1 50
1483 3 1 51
1484 3 1 52
1485 3 1 53
1486 3 1 54
1487 3 1 55
1488 3 1 56
1489 3 1 57
1490 3 1 58
1491 3 1 59
1492 3 1 60
1493 3 1 61
1494 3 1 62
1495 3 1 63
1496 3 1 64
1497 3 1 65
1498 3 1 66
1499 3 1 67
1500 3 1 68
1501 3 1 69
1502 3 1 70
1503 3 1 71
1504 3 1 72
1505 4 1 43
1506 4 1 44
1507 5 255 44
1508 4 1 45
1509 4 1 46
1510 4 1 47
1511 4 1 48
1512 4 1 49
1513 4 1 50
1514 4 1 51
1515 4 1 52
1516 4 1 53
1517 4 1 54
1518 4 1 55
1519 4 1 56
1520 4 1 57
1521 4 1 58
1522 4 1 59
1523 4 1 60
1524 4 1 61
1525 4 1 62
1526 4 1 63
1527 4 1 64
1528 4 1 65
1529 4 1 66
1530 4 1 67
1531 4 1 68
1532 4 1 69
1533 4 1 70
1534 4 1 71
1535 4 1 72
1536 5 1 45
1537 5 1 46
1538 6 255 46
1539 5 1 47
1540 7 4 47
1541 5 1 48
1542 5 1 49
1543 5 1 50
1544 5 1 51
1545 5 1 52
1546 5 1 53
1547 5 1 54
1548 5 1 55
1549 5 1 56
1550 5 1 57
1551 5 1 58
1552 5 1 59
1553 5 1 60
1554 5 1 61
1555 5 1 62
1556 5 1 63
1557 5 1 64
1558 5 1 65
1559 5 1 66
1560 5 1 67
1561 5 1 68
1562 5 1 69
1563 5 1 70
1564 5 1 71
1565 5 1 72
1566 6 1 47
1567 6 1 48
1568 7 255 48
1569 6 1 49
1570 8 4 49
1571 6 1 50
1572 9 249 50
1573 6 1 51
1574 6 1 52
1575 6 1 53
1576 6 1 54
1577 6 1 55
1578 6 1 56
1579 6 1 57
1580 6 1 58
1581 6 1 59
1582 6 1 60
1583 6 1 61
1584 6 1 62
1585 6 1 63
1586 6 1 64
1587 6 1 65
1588 6 1 66
1589 6 1 67
1590 6 1 68
1591 6 1 69
1592 6 1 70
1593 6 1 71
1594 6 1 72
1595 7 1 49
1596 7 1 50
1597 8 255 50
1598 7 1 51
1599 9 4 51
1600 7 1 52
1601 10 249 52
1602 7 1 53
1603 11 16 53
1604 7 1 54
1605 7 1 55
1606 7 1 56
1607 7 1 57
1608 7 1 58
1609 7 1 59
1610 7 1 60
1611 7 1 61
1612 7 1 62
1613 7 1 63
1614 7 1 64
1615 7 1 65
1616 7 1 66
1617 7 1 67
1618 7 1 68
1619 7 1 69
1620 7 1 70
1621 7 1 71
1622 7 1 72
1623 8 1 51
1624 8 1 52
1625 9 255 52
1626 8 1 53
1627 10 4 53
1628 8 1 54
1629 11 249 54
1630 8 1 55
1631 12 16 55
1632 8 1 56
1633 13 225 56
1634 8 1 57
1635 8 1 58
1636 8 1 59
1637 8 1 60
1638 8 1 61
1639 8 1 62
1640 8 1 63
1641 8 1 64
1642 8 1 65
1643 8 1 66
1644 8 1 67
1645 8 1 68
1646 8 1 69
1647 8 1 70
1648 8 1 71
1649 8 1 72
1650 9 1 53
1651 9 1 54
1652 10 255 54
1653 9 1 55
1654 11 4 55
1655 9 1 56
1656 12 249 56
1657 9 1 57
1658 13 16 57
1659 9 1 58
1660 14 225 58
1661 9 1 59
1662 15 64 59
1663 9 1 60
1664 9 1 61
1665 9 1 62
1666 9 1 63
1667 9 1 64
1668 9 1 65
1669 9 1 66
1670 9 1 67
1671 9 1 68
1672 9 1 69
1673 9 1 70
1674 9 1 71
1675 9 1 72
1676 10 1 55
1677 10 1 56
1678 11 255 56
1679 10 1 57
1680 12 4 57
1681 10 1 58
1682 13 249 58
1683 10 1 59
1684 14 16 59
1685 10 1 60
1686 15 225 60
1687 10 1 61
1688 16 64 61
1689 10 1 62
1690 17 129 62
1691 10 1 63
1692 10 1 64
1693 10 1 65
1694 10 1 66
1695 10 1 67
1696 10 1 68
1697 10 1 69
1698 10 1 70
1699 10 1 71
1700 10 1 72
1701 11 1 57
1702 11 1 58
1703 12 255 58
1704 11 1 59
1705 13 4 59
1706 11 1 60
1707 14 249 60
1708 11 1 61
1709 15 16 61
1710 11 1 62
1711 16 225 62
1712 11 1 63
1713 17 64 63
1714 11 1 64
1715 18 129 64
1716 11 1 65
1717 19 256 65
1718 11 1 66
1719 11 1 67
1720 11 1 68
1721 11 1 69
1722 11 1 70
1723 11 1 71
1724 11 1 72
1725 12 1 59
1726 12 1 60
1727 13 255 60
1728 12 1 61
1729 14 4 61
1730 12 1 62
1731 15 249 62
1732 12 1 63
1733 16 16 63
1734 12 1 64
1735 17 225 64
1736 12 1 65
1737 18 64 65
1738 12 1 66
1739 19 129 66
1740 12 1 67
1741 20 256 67
1742 12 1 68
1743 21 2 68
1744 12 1 69
1745 12 1 70
1746 12 1 71
1747 12 1 72
1748 13 1 61
1749 13 1 62
1750 14 255 62
1751 13 1 63
1752 15 4 63
1753 13 1 64
1754 16 249 64
1755 13 1 65
1756 17 16 65
1757 13 1 66
1758 18 225 66
1759 13 1 67
1760 19 64 67
1761 13 1 68
1762 20 129 68
1763 13 1 69
1764 21 256 69
1765 13 1 70
1766 22 2 70
1767 13 1 71
1768 23 253 71
1769 13 1 72
1770 14 1 63
1771 14 1 64
1772 15 255 64
1773 14 1 65
1774 16 4 65
1775 14 1 66
1776 17 249 66
1777 14 1 67
1778 18 16 67
1779 14 1 68
1780 19 225 68
1781 14 1 69
1782 20 64 69
1783 14 1 70
1784 21 129 70
1785 14 1 71
1786 22 256 71
1787 14 1 72
1788 23 2 72
1789 13 5 73
1790 14 1 73
1791 15 1 65
1792 15 1 66
1793 16 255 66
1794 15 1 67
1795 17 4 67
1796 15 1 68
1797 18 249 68
1798 15 1 69
1799 19 16 69
1800 15 1 70
1801 20 225 70
1802 15 1 71
1803 21 64 71
1804 15 1 72
1805 22 129 72
1806 11 117 73
1807 12 117 73
1808 15 1 73
1809 24 11 73
1810 15 1 74
1811 16 1 67
1812 16 1 68
1813 17 255 68
1814 16 1 69
1815 18 4 69
1816 16 1 70
1817 19 249 70
1818 16 1 71
1819 20 16 71
1820 16 1 72
1821 21 225 72
1822 9 215 73
1823 10 159 73
1824 16 1 73
1825 23 104 73
1826 13 68 74
1827 14 68 74
1828 16 1 74
1829 25 110 74
1830 17 1 69
1831 17 1 70
1832 18 255 70
1833 17 1 71
1834 19 4 71
1835 17 1 72
1836 20 249 72
1837 7 57 73
1838 8 28 73
1839 17 1 73
1840 22 205 73
1841 11 250 74
1842 12 155 74
1843 17 1 74
1844 24 29 74
1845 15 130 75
1846 16 130 75
1847 17 1 75
1848 18 1 71
1849 18 1 72
1850 19 255 72
1851 5 112 73
1852 6 171 73
1853 18 1 73
1854 21 130 73
1855 9 246 74
1856 10 202 74
1857 18 1 74
1858 23 21 74
1859 13 161 75
1860 14 33 75
1861 18 1 75
1862 25 11 75
1863 17 1 76
1864 18 1 76
1865 4 2 73
1866 19 1 73
1867 20 108 73
1868 7 16 74
1869 8 208 74
1870 19 1 74
1871 22 169 74
1872 11 82 75
1873 12 153 75
1874 19 1 75
1875 24 167 75
1876 15 148 76
1877 16 174 76
1878 19 1 76
1879 26 178 76
1880 19 1 77
1881 6 223 74
1882 20 1 74
1883 21 57 74
1884 9 84 75
1885 10 64 75
1886 20 1 75
1887 23 54 75
1888 13 255 76
1889 14 247 76
1890 20 1 76
1891 25 77 76
1892 17 103 77
1893 18 69 77
1894 20 1 77
1895 27 139 77
1896 8 27 75
1897 21 1 75
1898 22 126 75
1899 11 42 76
1900 12 32 76
1901 21 1 76
1902 24 10 76
1903 15 204 77
1904 16 249 77
1905 21 1 77
1906 26 109 77
1907 19 193 78
1908 20 22 78
1909 21 1 78
1910 10 52 76
1911 22 1 76
1912 23 44 76
1913 13 124 77
1914 14 70 77
1915 22 1 77
1916 25 51 77
1917 17 141 78
1918 18 191 78
1919 22 1 78
1920 27 205 78
1921 21 184 79
1922 22 1 79
1923 12 206 77
1924 23 1 77
1925 24 254 77
1926 15 124 78
1927 16 70 78
1928 23 1 78
1929 26 205 78
1930 19 83 79
1931 20 158 79
1932 23 1 79
1933 28 75 79
1934 23 1 80
1935 14 234 78
1936 24 1 78
1937 25 168 78
1938 17 251 79
1939 18 179 79
1940 24 1 79
1941 27 71 79
1942 21 166 80
1943 22 59 80
1944 24 1 80
1945 29 193 80
1946 16 178 79
1947 25 1 79
1948 26 189 79
1949 19 118 80
1950 20 249 80
1951 25 1 80
1952 28 60 80
1953 23 100 81
1954 24 243 81
1955 25 1 81
1956 18 77 80
1957 26 1 80
1958 27 216 80
1959 21 233 81
1960 22 202 81
1961 26 1 81
1962 29 120 81
1963 25 103 82
1964 26 1 82
1965 20 154 81
1966 27 1 81
1967 28 252 81
1968 23 185 82
1969 24 92 82
1970 27 1 82
1971 30 43 82
1972 27 1 83
1973 22 139 82
1974 28 1 82
1975 29 251 82
1976 25 226 83
1977 26 111 83
1978 28 1 83
1979 31 172 83
1980 24 35 83
1981 29 1 83
1982 30 121 83
1983 27 215 84
1984 28 225 84
1985 29 1 84
1986 26 154 84
1987 30 1 84
1988 31 247 84
1989 29 178 85
1990 30 1 85
1991 28 153 85
1992 31 1 85
1993 32 242 85
1994 31 1 86
1995 30 41 86
1996 32 1 86
1997 33 227 86
1998 32 60 87
1999 33 1 87
2000 34 1 88
2001 35 186 89
2002 34 62 89
2003 33 192 88
2004 32 64 88
2005 31 107 87
2006 30 207 87
2007 29 69 86
2008 28 23 86
2009 27 179 85
2010 26 231 85
2011 25 77 84
2012 24 197 84
2013 23 237 83
2014 22 79 83
2015 21 112 82
2016 20 123 82
2017 19 41 81
2018 18 185 81
2019 17 233 80
2020 16 249 80
2021 15 83 79
2022 14 199 79
2023 13 152 78
2024 12 222 78
2025 11 74 77
2026 36 186 91
2027 35 62 90
2028 34 192 90
2029 33 64 89
2030 32 107 89
2031 31 207 88
2032 30 69 88
2033 29 23 87
2034 28 179 87
2035 27 231 86
2036 26 77 86
2037 25 197 85
2038 24 237 85
2039 23 79 84
2040 22 112 84
2041 21 123 83
2042 20 41 83
2043 19 185 82
2044 18 233 82
2045 17 249 81
2046 16 83 81
2047 15 199 80
2048 14 152 80
2049 13 222 79
2050 37 186 92
2051 36 62 92
2052 35 192 91
2053 34 64 91
2054 33 107 90
2055 32 207 90
2056 31 69 89
2057 30 23 89
2058 29 179 88
2059 28 231 88
2060 27 77 87
2061 26 197 87
2062 25 237 86
2063 24 79 86
2064 23 112 85
2065 22 123 85
2066 21 41 84
2067 20 185 84
2068 19 233 83
2069 18 249 83
2070 17 83 82
2071 16 199 82
2072 15 152 81
2073 38 186 94
2074 37 62 93
2075 36 192 93
2076 35 64 92
2077 34 107 92
2078 33 207 91
2079 32 69 91
2080 31 23 90
2081 30 179 90
2082 29 231 89
2083 28 77 89
2084 27 197 88
2085 26 237 88
2086 25 79 87
2087 24 112 87
2088 23 123 86
2089 22 41 86
2090 21 185 85
2091 20 233 85
2092 19 249 84
2093 18 83 84
2094 17 199 83
2095 39 186 95
2096 38 62 95
2097 37 192 94
2098 36 64 94
2099 35 107 93
2100 34 207 93
2101 33 69 92
2102 32 23 92
2103 31 179 91
2104 30 231 91
2105 29 77 90
2106 28 197 90
2107 27 237 89
2108 26 79 89
2109 25 112 88
2110 24 123 88
2111 23 41 87
2112 22 185 87
2113 21 233 86
2114 20 249 86
2115 19 83 85
2116 40 186 97
2117 39 62 96
2118 38 192 96
2119 37 64 95
2120 36 107 95
2121 35 207 94
2122 34 69 94
2123 33 23 93
2124 32 179 93
2125 31 231 92
2126 30 77 92
2127 29 197 91
2128 28 237 91
2129 27 79 90
2130 26 112 90
2131 25 123 89
2132 24 41 89
2133 23 185 88
2134 22 233 88
2135 21 249 87
2136 41 186 98
2137 40 62 98
2138 39 192 97
2139 38 64 97
2140 37 107 96
2141 36 207 96
2142 35 69 95
2143 34 23 95
2144 33 179 94
2145 32 231 94
2146 31 77 93
2147 30 197 93
2148 29 237 92
2149 28 79 92
2150 27 112 91
2151 26 123 91
2152 25 41 90
2153 24 185 90
2154 23 233 89
2155 42 186 100
2156 41 62 99
2157 40 192 99
2158 39 64 98
2159 38 107 98
2160 37 207 97
2161 36 69 97
2162 35 23 96
2163 34 179 96
2164 33 231 95
2165 32 77 95
2166 31 197 94
2167 30 237 94
2168 29 79 93
2169 28 112 93
2170 27 123 92
2171 26 41 92
2172 25 185 91
2173 43 186 101
2174 42 62 101
2175 41 192 100
2176 40 64 100
2177 39 107 99
2178 38 207 99
2179 37 69 98
2180 36 23 98
2181 35 179 97
2182 34 231 97
2183 33 77 96
2184 32 197 96
2185 31 237 95
2186 30 79 95
2187 29 112 94
2188 28 123 94
2189 27 41 93
2190 44 186 103
2191 43 62 102
2192 42 192 102
2193 41 64 101
2194 40 107 101
2195 39 207 100
2196 38 69 100
2197 37 23 99
2198 36 179 99
2199 35 231 98
2200 34 77 98
2201 33 197 97
2202 32 237 97
2203 31 79 96
2204 30 112 96
2205 29 123 95
2206 45 186 104
2207 44 62 104
2208 43 192 103
2209 42 64 103
2210 41 107 102
2211 40 207 102
2212 39 69 101
2213 38 23 101
2214 37 179 100
2215 36 231 100
2216 35 77 99
2217 34 197 99
2218 33 237 98
2219 32 79 98
2220 31 112 97
2221 46 186 106
2222 45 62 105
2223 44 192 105
2224 43 64 104
2225 42 107 104
2226 41 207 103
2227 40 69 103
2228 39 23 102
2229 38 179 102
2230 37 231 101
2231 36 77 101
2232 35 197 100
2233 34 237 100
2234 33 79 99
2235 47 186 107
2236 46 62 107
2237 45 192 106
2238 44 64 106
2239 43 107 105
2240 42 207 105
2241 41 69 104
2242 40 23 104
2243 39 179 103
2244 38 231 103
2245 37 77 102
2246 36 197 102
2247 35 237 101
2248 48 186 109
2249 47 62 108
2250 46 192 108
2251 45 64 107
2252 44 107 107
2253 43 207 106
2254 42 69 106
2255 41 23 105
2256 40 179 105
2257 39 231 104
2258 38 77 104
2259 37 197 103
2260 49 186 110
2261 48 62 110
2262 47 192 109
2263 46 64 109
2264 45 107 108
2265 44 207 108
2266 43 69 107
2267 42 23 107
2268 41 179 106
2269 40 231 106
2270 39 77 105
2271 50 186 112
2272 49 62 111
2273 48 192 111
2274 47 64 110
2275 46 107 110
2276 45 207 109
2277 44 69 109
2278 43 23 108
2279 42 179 108
2280 41 231 107
2281 51 186 113
2282 50 62 113
2283 49 192 112
2284 48 64 112
2285 47 107 111
2286 46 207 111
2287 45 69 110
2288 44 23 110
2289 43 179 109
2290 52 186 115
2291 51 62 114
2292 50 192 114
2293 49 64 113
2294 48 107 113
2295 47 207 112
2296 46 69 112
2297 45 23 111
2298 53 186 116
2299 52 62 116
2300 51 192 115
2301 50 64 115
2302 49 107 114
2303 48 207 114
2304 47 69 113
2305 54 186 118
2306 53 62 117
2307 52 192 117
2308 51 64 116
2309 50 107 116
2310 49 207 115
2311 55 186 119
2312 54 62 119
2313 53 192 118
2314 52 64 118
2315 51 107 117
2316 56 186 121
2317 55 62 120
2318 54 192 120
2319 53 64 119
2320 57 186 122
2321 56 62 122
2322 55 192 121
2323 58 186 124
2324 57 62 123
2325 59 186 125
2326 60 64 127
2327 58 16 125
2328 56 4 123
2329 54 1 121
2330 52 193 119
2331 50 241 117
2332 48 253 115
2333 46 256 113
2334 44 64 111
2335 42 16 109
2336 40 4 107
2337 38 1 105
2338 36 193 103
2339 34 241 101
2340 32 253 99
2341 30 256 97
2342 28 64 95
2343 26 16 93
2344 24 4 91
2345 22 1 89
2346 20 193 87
2347 18 241 85
2348 16 253 83
2349 14 256 81
2350 61 64 128
2351 59 16 126
2352 57 4 124
2353 55 1 122
2354 53 193 120
2355 51 241 118
2356 49 253 116
2357 47 256 114
2358 45 64 112
2359 43 16 110
2360 41 4 108
2361 39 1 106
2362 37 193 104
2363 35 241 102
2364 33 253 100
2365 31 256 98
2366 29 64 96
2367 27 16 94
2368 25 4 92
2369 23 1 90
2370 21 193 88
2371 19 241 86
2372 62 64 130
2373 60 16 128
2374 58 4 126
2375 56 1 124
2376 54 193 122
2377 52 241 120
2378 50 253 118
2379 48 256 116
2380 46 64 114
2381 44 16 112
2382 42 4 110
2383 40 1 108
2384 38 193 106
2385 36 241 104
2386 34 253 102
2387 32 256 100
2388 30 64 98
2389 28 16 96
2390 26 4 94
2391 24 1 92
2392 63 64 131
2393 61 16 129
2394 59 4 127
2395 57 1 125
2396 55 193 123
2397 53 241 121
2398 51 253 119
2399 49 256 117
2400 47 64 115
2401 45 16 113
2402 43 4 111
2403 41 1 109
2404 39 193 107
2405 37 241 105
2406 35 253 103
2407 33 256 101
2408 31 64 99
2409 29 16 97
2410 64 64 133
2411 62 16 131
2412 60 4 129
2413 58 1 127
2414 56 193 125
2415 54 241 123
2416 52 253 121
2417 50 256 119
2418 48 64 117
2419 46 16 115
2420 44 4 113
2421 42 1 111
2422 40 193 109
2423 38 241 107
2424 36 253 105
2425 34 256 103
2426 65 64 134
2427 63 16 132
2428 61 4 130
2429 59 1 128
2430 57 193 126
2431 55 241 124
2432 53 253 122
2433 51 256 120
2434 49 64 118
2435 47 16 116
2436 45 4 114
2437 43 1 112
2438 41 193 110
2439 39 241 108
2440 66 64 136
2441 64 16 134
2442 62 4 132
2443 60 1 130
2444 58 193 128
2445 56 241 126
2446 54 253 124
2447 52 256 122
2448 50 64 120
2449 48 16 118
2450 46 4 116
2451 44 1 114
2452 67 64 137
2453 65 16 135
2454 63 4 133
2455 61 1 131
2456 59 193 129
2457 57 241 127
2458 55 253 125
2459 53 256 123
2460 51 64 121
2461 49 16 119
2462 68 64 139
2463 66 16 137
2464 64 4 135
2465 62 1 133
2466 60 193 131
2467 58 241 129
2468 56 253 127
2469 54 256 125
2470 69 64 140
2471 67 16 138
2472 65 4 136
2473 63 1 134
2474 61 193 132
2475 59 241 130
2476 70 64 142
2477 68 16 140
2478 66 4 138
2479 64 1 136
2480 71 64 143
2481 69 16 141
2482 0 64 73
2483 0 64 74
2484 0 64 75
2485 0 64 76
2486 0 64 77
2487 0 64 78
2488 0 64 79
2489 0 64 80
2490 0 64 81
2491 0 64 82
2492 0 64 83
2493 0 64 84
2494 0 64 85
2495 0 64 86
2496 0 64 87
2497 0 64 88
2498 0 64 89
2499 0 64 90
2500 0 64 91
2501 0 64 92
2502 0 64 93
2503 0 64 94
2504 0 64 95
2505 0 64 96
2506 0 64 97
2507 1 32 73
2508 1 32 74
2509 1 32 75
2510 1 32 76
2511 1 32 77
2512 1 32 78
2513 1 32 79
2514 1 32 80
2515 1 32 81
2516 1 32 82
2517 1 32 83
2518 1 32 84
2519 1 32 85
2520 1 32 86
2521 1 32 87
2522 1 32 88
2523 1 32 89
2524 1 32 90
2525 1 32 91
2526 1 32 92
2527 1 32 93
2528 1 32 94
2529 1 32 95
2530 1 32 96
2531 2 16 73
2532 2 16 74
2533 2 16 75
2534 2 16 76
2535 2 16 77
2536 2 16 78
2537 2 16 79
2538 2 16 80
2539 2 16 81
2540 2 16 82
2541 2 16 83
2542 2 16 84
2543 2 16 85
2544 2 16 86
2545 2 16 87
2546 2 16 88
2547 2 16 89
2548 2 16 90
2549 2 16 91
2550 2 16 92
2551 2 16 93
2552 2 16 94
2553 2 16 95
2554 3 8 73
2555 3 8 74
2556 3 8 75
2557 3 8 76
2558 3 8 77
2559 3 8 78
2560 3 8 79
2561 3 8 80
2562 3 8 81
2563 3 8 82
2564 3 8 83
2565 3 8 84
2566 3 8 85
2567 3 8 86
2568 3 8 87
2569 3 8 88
2570 3 8 89
2571 3 8 90
2572 3 8 91
2573 3 8 92
2574 3 8 93
2575 3 8 94
2576 4 8 74
2577 5 253 74
2578 4 4 75
2579 4 4 76
2580 4 4 77
2581 4 4 78
2582 4 4 79
2583 4 4 80
2584 4 4 81
2585 4 4 82
2586 4 4 83
2587 4 4 84
2588 4 4 85
2589 4 4 86
2590 4 4 87
2591 4 4 88
2592 4 4 89
2593 4 4 90
2594 4 4 91
2595 4 4 92
2596 4 4 93
2597 5 8 75
2598 6 253 75
2599 7 2 75
2600 5 2 76
2601 5 2 77
2602 5 2 78
2603 5 2 79
2604 5 2 80
2605 5 2 81
2606 5 2 82
2607 5 2 83
2608 5 2 84
2609 5 2 85
2610 5 2 86
2611 5 2 87
2612 5 2 88
2613 5 2 89
2614 5 2 90
2615 5 2 91
2616 5 2 92
2617 6 8 76
2618 7 253 76
2619 8 2 76
2620 9 256 76
2621 6 1 77
2622 6 1 78
2623 6 1 79
2624 6 1 80
2625 6 1 81
2626 6 1 82
2627 6 1 83
2628 6 1 84
2629 6 1 85
2630 6 1 86
2631 6 1 87
2632 6 1 88
2633 6 1 89
2634 6 1 90
2635 6 1 91
2636 7 8 77
2637 8 253 77
2638 9 2 77
2639 10 256 77
2640 7 1 78
2641 11 193 78
2642 7 129 79
2643 7 129 80
2644 7 129 81
2645 7 129 82
2646 7 129 83
2647 7 129 84
2648 7 129 85
2649 7 129 86
2650 7 129 87
2651 7 129 88
2652 7 129 89
2653 7 129 90
2654 8 8 78
2655 9 253 78
2656 10 2 78
2657 8 2 79
2658 11 128 79
2659 12 193 79
2660 8 129 80
2661 13 16 80
2662 8 193 81
2663 8 193 82
2664 8 193 83
2665 8 193 84
2666 8 193 85
2667 8 193 86
2668 8 193 87
2669 8 193 88
2670 8 193 89
2671 9 8 79
2672 10 253 79
2673 9 4 80
2674 11 1 80
2675 12 128 80
2676 9 1 81
2677 13 225 81
2678 9 129 82
2679 14 8 82
2680 15 253 82
2681 9 225 83
2682 9 225 84
2683 9 225 85
2684 9 225 86
2685 9 225 87
2686 9 225 88
2687 10 8 80
2688 10 8 81
2689 11 255 81
2690 12 1 81
2691 10 2 82
2692 13 64 82
2693 10 1 83
2694 14 241 83
2695 15 8 83
2696 10 193 84
2697 16 255 84
2698 17 1 84
2699 10 241 85
2700 10 241 86
2701 10 241 87
2702 11 8 82
2703 12 20 82
2704 11 163 83
2705 12 69 83
2706 13 129 83
2707 11 2 84
2708 14 32 84
2709 15 241 84
2710 11 129 85
2711 16 4 85
2712 17 255 85
2713 11 225 86
2714 18 129 86
2715 11 241 87
2716 12 8 84
2717 13 20 84
2718 12 163 85
2719 13 69 85
2720 14 129 85
2721 15 136 85
2722 12 62 86
2723 15 189 86
2724 16 249 86
2725 17 4 86
2726 12 193 87
2727 18 256 87
2728 19 130 87
2729 13 8 86
2730 14 20 86
2731 13 163 87
2732 14 69 87
2733 15 129 87
2734 16 136 87
2735 17 249 87
2736 10 155 88
2737 11 252 88
2738 12 176 88
2739 13 243 88
2740 16 172 88
2741 14 8 88
2742 15 20 88
2743 17 1 88
2744 18 181 88
2745 19 84 88
2746 20 137 88
2747 9 128 89
2748 10 189 89
2749 11 180 89
2750 12 189 89
2751 13 169 89
2752 14 113 89
2753 15 236 89
2754 16 84 89
2755 17 18 89
2756 18 231 89
2757 19 143 89
2758 20 227 89
2759 21 146 89
2760 8 62 90
2761 9 213 90
2762 10 26 90
2763 11 120 90
2764 12 194 90
2765 13 221 90
2766 14 209 90
2767 15 61 90
2768 16 4 90
2769 17 255 90
2770 18 53 90
2771 19 26 90
2772 20 108 90
2773 21 139 90
2774 22 135 90
2775 7 115 91
2776 8 81 91
2777 9 215 91
2778 10 28 91
2779 11 243 91
2780 12 137 91
2781 13 64 91
2782 14 101 91
2783 15 7 91
2784 16 214 91
2785 17 126 91
2786 18 54 91
2787 19 16 91
2788 20 94 91
2789 21 246 91
2790 22 126 91
2791 23 90 91
2792 6 230 92
2793 7 166 92
2794 8 5 92
2795 14 47 92
2796 16 197 92
2797 18 160 92
2798 19 233 92
2799 20 79 92
2800 21 161 92
2801 22 46 92
2802 23 183 92
2803 5 72 93
2804 6 29 93
2805 24 2 93
2806 4 8 94
2807 25 253 93
2808 24 255 94
2809 23 128 93
2810 22 64 93
2811 21 16 93
2812 20 8 93
2813 19 2 93
2814 18 1 93
2815 17 193 92
2816 16 225 93
2817 15 249 92
2818 14 253 93
2819 13 256 92
2820 12 128 92
2821 11 32 92
2822 10 16 92
2823 9 4 92
2824 8 2 93
2825 7 129 93
2826 9 143 93
2827 10 166 93
2828 11 213 93
2829 12 36 93
2830 13 215 93
2831 15 86 93
2832 17 182 93
2833 5 210 94
2834 6 54 94
2835 26 253 95
2836 25 256 94
2837 24 128 95
2838 23 32 94
2839 22 16 94
2840 21 4 94
2841 20 2 94
2842 19 129 94
2843 18 193 94
2844 7 144 94
2845 16 249 94
2846 8 70 94
2847 14 256 94
2848 9 117 94
2849 12 32 94
2850 11 16 94
2851 10 4 94
2852 13 165 94
2853 15 181 94
2854 17 252 94
2855 3 57 95
2856 4 125 95
2857 5 13 95
2858 6 121 95
2859 7 96 95
2860 8 185 95
2861 9 52 95
2862 27 255 95
2863 26 256 96
2864 25 64 95
2865 24 32 96
2866 23 8 95
2867 22 4 95
2868 21 1 95
2869 20 129 95
2870 19 225 95
2871 18 241 95
2872 10 57 95
2873 16 255 95
2874 11 30 95
2875 14 64 95
2876 12 245 95
2877 13 207 95
2878 15 68 95
2879 17 219 95
2880 2 164 96
2881 3 97 96
2882 4 16 96
2883 5 30 96
2884 6 43 96
2885 7 17 96
2886 8 7 96
2887 9 189 96
2888 28 255 97
2889 27 128 96
2890 26 64 97
2891 25 16 96
2892 24 8 97
2893 23 2 96
2894 22 1 96
2895 21 193 96
2896 20 225 96
2897 19 249 96
2898 18 253 96
2899 10 71 96
2900 16 128 96
2901 11 141 96
2902 14 16 96
2903 12 202 96
2904 13 11 96
2905 15 111 96
2906 17 60 96
2907 1 205 97
2908 2 10 97
2909 3 203 97
2910 4 86 97
2911 5 97 97
2912 6 86 97
2913 29 256 98
2914 28 128 98
2915 27 32 97
2916 26 16 98
2917 25 4 97
2918 24 2 98
2919 23 129 97
2920 22 193 97
2921 21 241 97
2922 20 249 97
2923 19 255 97
2924 18 256 97
2925 7 202 97
2926 16 32 97
2927 8 243 97
2928 14 4 97
2929 9 214 97
2930 10 130 97
2931 11 29 97
2932 13 100 97
2933 12 191 97
2934 15 249 97
2935 17 99 97
2936 0 135 98
2937 30 256 99
2938 29 64 99
2939 28 32 99
2940 27 8 98
2941 26 4 99
2942 25 1 98
2943 24 129 99
2944 23 225 98
2945 22 241 98
2946 21 253 98
2947 20 255 98
2948 19 128 98
2949 18 64 98
2950 1 146 98
2951 16 8 98
2952 2 183 98
2953 14 1 98
2954 4 137 98
2955 6 16 98
2956 8 68 98
2957 10 194 98
2958 11 12 98
2959 12 220 98
2960 31 128 100
2961 30 64 100
2962 29 16 100
2963 28 8 100
2964 27 2 99
2965 26 1 100
2966 25 193 99
2967 24 225 100
2968 23 249 99
2969 22 253 99
2970 21 256 99
2971 20 128 99
2972 19 32 99
2973 18 16 99
2974 17 4 98
2975 16 2 99
2976 15 129 98
2977 14 193 99
2978 13 241 98
2979 0 58 99
2980 1 119 99
2981 12 12 99
2982 32 128 101
2983 31 32 101
2984 30 16 101
2985 29 4 101
2986 28 2 101
2987 27 129 100
2988 26 193 101
2989 25 241 100
2990 24 249 101
2991 23 255 100
2992 22 256 100
2993 21 64 100
2994 20 32 100
2995 19 8 100
2996 18 4 100
2997 17 1 99
2998 16 129 100
2999 15 225 99
3000 14 241 100
3001 13 253 99
3002 0 103 100
3003 33 64 102
3004 32 32 102
3005 31 8 102
3006 30 4 102
3007 29 1 102
3008 28 129 102
3009 27 225 101
3010 26 241 102
3011 25 253 101
3012 24 255 102
3013 23 128 101
3014 22 64 101
3015 21 16 101
3016 20 8 101
3017 19 2 101
3018 18 1 101
3019 17 193 100
3020 16 225 101
3021 15 249 100
3022 14 253 101
3023 34 64 104
3024 33 16 103
3025 32 8 103
3026 31 2 103
3027 30 1 103
3028 29 193 103
3029 28 225 103
3030 27 249 102
3031 26 253 103
3032 25 256 102
3033 24 128 103
3034 23 32 102
3035 22 16 102
3036 21 4 102
3037 20 2 102
3038 19 129 102
3039 18 193 102
3040 17 241 101
3041 16 249 102
3042 35 32 104
3043 34 16 105
3044 33 4 104
3045 32 2 104
3046 31 129 104
3047 30 193 104
3048 29 241 104
3049 28 249 104
3050 27 255 103
3051 26 256 104
3052 25 64 103
3053 24 32 104
3054 23 8 103
3055 22 4 103
3056 21 1 103
3057 20 129 103
3058 19 225 103
3059 18 241 103
3060 36 32 106
3061 35 8 105
3062 34 4 106
3063 33 1 105
3064 32 129 105
3065 31 225 105
3066 30 241 105
3067 29 253 105
3068 28 255 105
3069 27 128 104
3070 26 64 105
3071 25 16 104
3072 24 8 105
3073 23 2 104
3074 22 1 104
3075 21 193 104
3076 20 225 104
3077 37 16 106
3078 36 8 107
3079 35 2 106
3080 34 1 107
3081 33 193 106
3082 32 225 106
3083 31 249 106
3084 30 253 106
3085 29 256 106
3086 28 128 106
3087 27 32 105
3088 26 16 106
3089 25 4 105
3090 24 2 106
3091 23 129 105
3092 22 193 105
3093 38 16 108
3094 37 4 107
3095 36 2 108
3096 35 129 107
3097 34 193 108
3098 33 241 107
3099 32 249 107
3100 31 255 107
3101 30 256 107
3102 29 64 107
3103 28 32 107
3104 27 8 106
3105 26 4 107
3106 25 1 106
3107 24 129 107
3108 39 8 109
3109 38 4 109
3110 37 1 108
3111 36 129 109
3112 35 225 108
3113 34 241 109
3114 33 253 108
3115 32 255 108
3116 31 128 108
3117 30 64 108
3118 29 16 108
3119 28 8 108
3120 27 2 107
3121 26 1 108
3122 40 8 110
3123 39 2 110
3124 38 1 110
3125 37 193 109
3126 36 225 110
3127 35 249 109
3128 34 253 110
3129 33 256 109
3130 32 128 109
3131 31 32 109
3132 30 16 109
3133 29 4 109
3134 28 2 109
3135 41 4 111
3136 40 2 111
3137 39 129 111
3138 38 193 111
3139 37 241 110
3140 36 249 111
3141 35 255 110
3142 34 256 111
3143 33 64 110
3144 32 32 110
3145 31 8 110
3146 30 4 110
3147 42 4 112
3148 41 1 112
3149 40 129 112
3150 39 225 112
3151 38 241 112
3152 37 253 111
3153 36 255 112
3154 35 128 111
3155 34 64 112
3156 33 16 111
3157 32 8 111
3158 43 2 113
3159 42 1 113
3160 41 193 113
3161 40 225 113
3162 39 249 113
3163 38 253 113
3164 37 256 112
3165 36 128 113
3166 35 32 112
3167 34 16 113
3168 44 2 115
3169 43 129 114
3170 42 193 114
3171 41 241 114
3172 40 249 114
3173 39 255 114
3174 38 256 114
3175 37 64 113
3176 36 32 114
3177 45 1 115
3178 44 129 116
3179 43 225 115
3180 42 241 115
3181 41 253 115
3182 40 255 115
3183 39 128 115
3184 38 64 115
3185 46 1 117
3186 45 193 116
3187 44 225 117
3188 43 249 116
3189 42 253 116
3190 41 256 116
3191 40 128 116
3192 47 129 117
3193 46 193 118
3194 45 241 117
3195 44 249 118
3196 43 255 117
3197 42 256 117
3198 48 129 119
3199 47 225 118
3200 46 241 119
3201 45 253 118
3202 44 255 119
3203 49 193 120
3204 48 225 120
3205 47 249 119
3206 46 253 120
3207 50 193 121
3208 49 241 121
3209 48 249 121
3210 51 225 122
3211 50 241 122
3212 52 225 123
3213 53 167 124
3214 51 242 123
3215 49 126 122
3216 47 21 120
3217 45 132 119
3218 43 22 118
3219 41 175 117
3220 39 72 116
3221 37 12 114
3222 35 2 113
3223 33 86 112
3224 31 100 111
3225 29 188 110
3226 27 117 108
3227 25 148 107
3228 23 196 106
3229 21 204 105
3230 19 34 104
3231 17 177 102
3232 15 158 101
3233 54 167 126
3234 52 242 124
3235 50 126 123
3236 48 21 122
3237 46 132 121
3238 44 22 120
3239 42 175 118
3240 40 72 117
3241 38 12 116
3242 36 2 115
3243 34 86 114
3244 32 100 112
3245 30 188 111
3246 28 117 110
3247 26 148 109
3248 24 196 108
3249 22 204 106
3250 20 34 105
3251 18 177 104
3252 55 212 126
3253 53 121 125
3254 51 63 124
3255 49 139 123
3256 47 66 121
3257 45 11 120
3258 43 216 119
3259 41 36 118
3260 39 6 117
3261 37 1 115
3262 35 43 114
3263 33 50 113
3264 31 94 112
3265 29 187 111
3266 27 74 109
3267 25 98 108
3268 23 102 107
3269 21 17 106
3270 56 212 128
3271 54 121 127
3272 52 63 125
3273 50 139 124
3274 48 66 123
3275 46 11 122
3276 44 216 121
3277 42 36 119
3278 40 6 118
3279 38 1 117
3280 36 43 116
3281 34 50 115
3282 32 94 113
3283 30 187 112
3284 28 74 111
3285 26 98 110
3286 24 102 109
3287 57 106 128
3288 55 189 127
3289 53 160 126
3290 51 198 125
3291 49 33 124
3292 47 134 122
3293 45 108 121
3294 43 18 120
3295 41 3 119
3296 39 129 118
3297 37 150 116
3298 35 25 115
3299 33 47 114
3300 31 222 113
3301 29 37 112
3302 27 49 110
3303 58 106 130
3304 56 189 129
3305 54 160 128
3306 52 198 126
3307 50 33 125
3308 48 134 124
3309 46 108 123
3310 44 18 122
3311 42 3 120
3312 40 129 119
3313 38 150 118
3314 36 25 117
3315 34 47 116
3316 32 222 114
3317 30 37 113
3318 59 53 131
3319 57 223 129
3320 55 80 128
3321 53 99 127
3322 51 145 126
3323 49 67 125
3324 47 54 123
3325 45 9 122
3326 43 130 121
3327 41 193 120
3328 39 75 119
3329 37 141 117
3330 35 152 116
3331 33 111 115
3332 60 53 132
3333 58 223 131
3334 56 80 130
3335 54 99 129
3336 52 145 127
3337 50 67 126
3338 48 54 125
3339 46 9 124
3340 44 130 123
3341 42 193 121
3342 40 75 120
3343 38 141 119
3344 36 152 118
3345 61 155 133
3346 59 240 132
3347 57 40 130
3348 55 178 129
3349 53 201 128
3350 51 162 127
3351 49 27 126
3352 47 133 124
3353 45 65 123
3354 43 225 122
3355 41 166 121
3356 39 199 120
3357 62 155 134
3358 60 240 133
3359 58 40 132
3360 56 178 131
3361 54 201 130
3362 52 162 128
3363 50 27 127
3364 48 133 126
3365 46 65 125
3366 44 225 124
3367 42 166 122
3368 63 206 135
3369 61 120 134
3370 59 20 133
3371 57 89 131
3372 55 229 130
3373 53 81 129
3374 51 142 128
3375 49 195 127
3376 47 161 125
3377 45 241 124
3378 64 206 137
3379 62 120 135
3380 60 20 134
3381 58 89 133
3382 56 229 132
3383 54 81 131
3384 52 142 129
3385 50 195 128
3386 48 161 127
3387 65 103 137
3388 63 60 136
3389 61 10 135
3390 59 173 134
3391 57 243 132
3392 55 169 131
3393 53 71 130
3394 51 226 129
3395 66 103 139
3396 64 60 138
3397 62 10 136
3398 60 173 135
3399 58 243 134
3400 56 169 133
3401 54 71 132
3402 67 180 139
3403 65 30 138
3404 63 5 137
3405 61 215 136
3406 59 250 135
3407 57 213 133
3408 68 180 141
3409 66 30 140
3410 64 5 139
3411 62 215 137
3412 60 250 136
3413 69 90 142
3414 67 15 140
3415 65 131 139
3416 63 236 138
3417 70 90 143
3418 68 15 142
3419 66 131 141
3420 71 45 144
3421 69 136 143
3422 72 45 145
3423 3 99 98
3424 2 79 99
3425 1 89 100
3426 0 84 101
3427 0 84 102
3428 0 84 103
3429 0 84 104
3430 0 84 105
3431 0 84 106
3432 0 84 107
3433 0 84 108
3434 0 84 109
3435 0 84 110
3436 0 84 111
3437 0 84 112
3438 0 84 113
3439 0 84 114
3440 5 13 98
3441 3 88 99
3442 4 245 99
3443 2 229 100
3444 1 14 101
3445 1 14 102
3446 1 14 103
3447 1 14 104
3448 1 14 105
3449 1 14 106
3450 1 14 107
3451 1 14 108
3452 1 14 109
3453 1 14 110
3454 1 14 111
3455 1 14 112
3456 7 199 98
3457 5 240 99
3458 6 14 99
3459 3 13 100
3460 4 107 100
3461 2 88 101
3462 2 88 102
3463 2 88 103
3464 2 88 104
3465 2 88 105
3466 2 88 106
3467 2 88 107
3468 2 88 108
3469 2 88 109
3470 2 88 110
3471 9 239 98
3472 7 234 99
3473 8 155 99
3474 5 199 100
3475 6 175 100
3476 3 222 101
3477 4 130 101
3478 3 186 102
3479 3 186 103
3480 3 186 104
3481 3 186 105
3482 3 186 106
3483 3 186 107
3484 3 186 108
3485 9 130 99
3486 10 6 99
3487 11 12 99
3488 7 239 100
3489 8 10 100
3490 5 255 101
3491 6 191 101
3492 4 183 102
3493 5 21 102
3494 4 31 103
3495 4 31 104
3496 4 31 105
3497 4 31 106
3498 9 32 100
3499 10 128 100
3500 11 256 100
3501 12 253 100
3502 13 249 100
3503 7 88 101
3504 8 77 101
3505 6 172 102
3506 7 104 102
3507 5 183 103
3508 6 159 103
3509 5 48 104
3510 9 83 101
3511 10 75 101
3512 11 150 101
3513 12 86 101
3514 13 172 101
3515 8 251 102
3516 9 49 102
3517 14 26 102
3518 7 142 103
3519 8 214 103
3520 16 42 103
3521 10 170 102
3522 11 7 102
3523 12 212 102
3524 13 164 102
3525 15 56 102
3526 9 147 103
3527 10 193 103
3528 11 135 103
3529 14 252 103
3530 17 52 103
3531 12 201 103
3532 13 37 103
3533 15 80 103
3534 6 157 104
3535 7 13 104
3536 8 97 104
3537 9 5 104
3538 10 203 104
3539 11 66 104
3540 12 173 104
3541 13 169 104
3542 14 230 104
3543 15 204 104
3544 16 185 104
3545 17 213 104
3546 5 249 105
3547 6 125 105
3548 7 220 105
3549 8 30 105
3550 9 65 105
3551 10 214 105
3552 11 71 105
3553 12 247 105
3554 13 138 105
3555 14 234 105
3556 15 29 105
3557 16 148 105
3558 17 246 105
3559 18 187 105
3560 19 202 105
3561 5 182 106
3562 6 112 106
3563 7 2 106
3564 8 17 106
3565 9 7 106
3566 11 146 106
3567 10 201 106
3568 12 166 106
3569 13 243 106
3570 14 13 106
3571 15 138 106
3572 16 149 106
3573 17 255 106
3574 18 93 106
3575 19 25 106
3576 20 214 106
3577 4 11 107
3578 5 83 107
3579 6 244 107
3580 7 127 107
3581 8 206 107
3582 9 117 107
3583 10 133 107
3584 11 9 107
3585 12 199 107
3586 13 61 107
3587 14 54 107
3588 15 123 107
3589 16 79 107
3590 17 98 107
3591 18 1 107
3592 19 232 107
3593 20 147 107
3594 21 53 107
3595 22 44 107
3596 4 34 108
3597 5 199 108
3598 6 98 108
3599 7 132 108
3600 8 46 108
3601 9 57 108
3602 10 122 108
3603 11 231 108
3604 12 238 108
3605 13 50 108
3606 14 241 108
3607 15 100 108
3608 16 96 108
3609 17 190 108
3610 18 25 108
3611 19 210 108
3612 20 168 108
3613 21 204 108
3614 22 45 108
3615 23 171 108
3616 3 247 109
3617 4 229 109
3618 5 173 109
3619 6 6 109
3620 7 111 109
3621 8 7 109
3622 9 134 109
3623 10 237 109
3624 11 209 109
3625 12 73 109
3626 13 16 109
3627 14 155 109
3628 15 245 109
3629 16 188 109
3630 17 7 109
3631 18 256 109
3632 19 219 109
3633 20 173 109
3634 21 125 109
3635 22 202 109
3636 23 31 109
3637 25 72 109
3638 3 109 110
3639 4 164 110
3640 5 224 110
3641 6 210 110
3642 7 109 110
3643 8 148 110
3644 9 90 110
3645 10 132 110
3646 11 42 110
3647 12 256 110
3648 13 162 110
3649 14 98 110
3650 15 113 110
3651 16 230 110
3652 17 1 110
3653 18 37 110
3654 19 224 110
3655 20 111 110
3656 21 247 110
3657 22 160 110
3658 23 134 110
3659 24 79 110
3660 25 3 110
3661 2 108 111
3662 3 137 111
3663 4 19 111
3664 5 208 111
3665 6 172 111
3666 7 93 111
3667 8 70 111
3668 9 81 111
3669 10 205 111
3670 11 26 111
3671 12 223 111
3672 13 182 111
3673 14 140 111
3674 15 157 111
3675 16 81 111
3676 17 179 111
3677 18 140 111
3678 19 228 111
3679 20 62 111
3680 21 231 111
3681 22 119 111
3682 23 50 111
3683 24 17 111
3684 25 35 111
3685 26 10 111
3686 27 108 111
3687 2 133 112
3688 3 43 112
3689 4 160 112
3690 5 97 112
3691 6 31 112
3692 7 72 112
3693 8 100 112
3694 9 17 112
3695 10 220 112
3696 11 16 112
3697 12 36 112
3698 13 162 112
3699 14 39 112
3700 15 224 112
3701 16 198 112
3702 17 11 112
3703 18 211 112
3704 19 35 112
3705 20 196 112
3706 21 1 112
3707 22 22 112
3708 23 89 112
3709 24 203 112
3710 25 92 112
3711 26 28 112
3712 27 32 112
3713 28 231 112
3714 1 65 113
3715 2 57 113
3716 3 238 113
3717 4 214 113
3718 5 115 113
3719 6 61 113
3720 7 53 113
3721 8 55 113
3722 9 70 113
3723 10 224 113
3724 11 195 113
3725 12 45 113
3726 13 54 113
3727 14 65 113
3728 15 204 113
3729 16 198 113
3730 17 6 113
3731 18 141 113
3732 19 137 113
3733 20 221 113
3734 21 254 113
3735 22 118 113
3736 23 151 113
3737 24 179 113
3738 25 16 113
3739 26 29 113
3740 27 230 113
3741 28 93 113
3742 29 188 113
3743 1 134 114
3744 2 147 114
3745 3 221 114
3746 4 99 114
3747 5 231 114
3748 6 152 114
3749 7 45 114
3750 18 225 114
3751 20 213 114
3752 21 243 114
3753 26 49 114
3754 24 128 114
3755 25 156 114
3756 23 173 114
3757 22 1 114
3758 30 163 114
3759 29 168 114
3760 28 255 114
3761 27 51 114
3762 31 194 114
3763 24 29 115
3764 25 64 115
3765 26 136 115
3766 30 84 115
3767 29 85 115
3768 28 51 115
3769 27 113 115
3770 31 227 115
3771 32 70 115
3772 26 106 116
3773 30 171 116
3774 29 17 116
3775 28 113 116
3776 33 109 116
3777 32 14 116
3778 31 57 116
3779 30 137 117
3780 34 109 117
3781 33 176 117
3782 32 157 117
3783 35 61 117
3784 34 176 118
3785 37 28 118
3786 36 147 119
3787 35 198 118
3788 33 178 118
3789 31 173 117
3790 29 236 117
3791 27 158 116
3792 24 92 116
3793 23 42 115
3794 21 139 115
3795 19 99 114
3796 8 45 114
3797 9 239 114
3798 10 10 114
3799 11 130 114
3800 12 108 114
3801 13 205 114
3802 14 205 114
3803 15 26 114
3804 16 206 114
3805 17 253 114
3806 0 72 115
3807 1 161 115
3808 2 134 115
3809 3 70 115
3810 4 207 115
3811 38 21 120
3812 37 41 119
3813 34 178 119
3814 32 215 118
3815 30 118 118
3816 28 158 117
3817 26 168 117
3818 25 45 116
3819 22 198 115
3820 20 178 115
3821 18 173 115
3822 5 126 115
3823 6 181 115
3824 7 178 115
3825 8 155 115
3826 9 18 115
3827 10 16 115
3828 12 43 115
3829 11 229 115
3830 13 4 115
3831 14 230 115
3832 15 85 115
3833 16 24 115
3834 17 134 115
3835 39 7 121
3836 36 223 120
3837 35 201 119
3838 33 243 119
3839 31 125 118
3840 29 224 118
3841 27 28 117
3842 24 62 117
3843 23 66 116
3844 21 145 116
3845 19 229 115
3846 0 54 116
3847 1 128 116
3848 2 28 116
3849 3 55 116
3850 4 176 116
3851 5 187 116
3852 6 180 116
3853 7 91 116
3854 8 60 116
3855 9 191 116
3856 10 247 116
3857 11 224 116
3858 40 132 121
3859 38 33 121
3860 37 231 120
3861 34 243 120
3862 32 191 119
3863 30 112 119
3864 28 28 118
3865 26 7 118
3866 25 155 117
3867 22 201 116
3868 20 243 116
3869 18 125 116
3870 12 202 116
3871 13 13 116
3872 14 216 116
3873 15 72 116
3874 16 173 116
3875 17 125 116
3876 19 75 116
3877 0 179 117
3878 1 205 117
3879 2 223 117
3880 41 44 122
3881 39 11 122
3882 36 86 121
3883 35 169 120
3884 33 235 120
3885 31 123 119
3886 29 95 119
3887 27 44 118
3888 24 249 118
3889 23 67 117
3890 21 81 117
3891 3 231 117
3892 4 68 117
3893 5 207 117
3894 6 170 117
3895 7 169 117
3896 8 202 117
3897 9 222 117
3898 10 208 117
3899 11 147 117
3900 12 89 117
3901 42 22 123
3902 40 134 122
3903 38 162 122
3904 37 116 121
3905 34 235 121
3906 32 190 120
3907 30 176 120
3908 28 44 119
3909 26 11 119
3910 25 140 118
3911 22 169 117
3912 20 235 117
3913 18 123 117
3914 13 100 117
3915 14 161 117
3916 15 204 117
3917 16 74 117
3918 17 35 117
3919 19 102 117
3920 0 155 118
3921 43 93 123
3922 41 216 123
3923 39 54 123
3924 36 45 122
3925 35 82 121
3926 33 149 121
3927 31 230 120
3928 29 186 120
3929 27 216 119
3930 24 110 119
3931 23 142 118
3932 21 164 118
3933 1 67 118
3934 2 133 118
3935 3 164 118
3936 4 66 118
3937 5 146 118
3938 6 242 118
3939 7 117 118
3940 44 93 125
3941 42 108 124
3942 40 27 123
3943 38 71 123
3944 37 198 122
3945 34 149 122
3946 32 115 121
3947 30 93 121
3948 28 216 120
3949 26 54 120
3950 25 52 119
3951 22 82 118
3952 20 149 118
3953 18 230 118
3954 8 195 118
3955 9 256 118
3956 10 200 118
3957 11 239 118
3958 45 144 125
3959 43 36 124
3960 41 9 124
3961 39 195 124
3962 36 170 123
3963 35 239 122
3964 33 124 122
3965 31 31 121
3966 29 72 121
3967 27 9 120
3968 24 110 120
3969 23 113 119
3970 21 221 119
3971 19 248 118
3972 12 167 118
3973 14 212 118
3974 15 194 118
3975 46 144 126
3976 44 36 126
3977 42 133 125
3978 40 226 124
3979 38 185 124
3980 37 168 123
3981 34 124 123
3982 32 144 122
3983 30 36 122
3984 28 9 121
3985 26 195 121
3986 25 38 120
3987 22 239 119
3988 20 124 119
3989 18 31 119
3990 16 72 118
3991 47 24 126
3992 45 6 126
3993 43 130 125
3994 41 161 125
3995 39 233 125
3996 36 119 124
3997 35 192 123
3998 33 48 123
3999 31 12 122
4000 29 3 122
4001 27 161 121
4002 24 139 121
4003 23 251 120
4004 21 127 120
4005 19 96 119
4006 48 24 128
4007 46 6 127
4008 44 130 127
4009 42 209 126
4010 40 245 125
4011 38 254 125
4012 37 102 124
4013 34 48 124
4014 32 6 123
4015 30 130 123
4016 28 161 122
4017 26 233 122
4018 25 12 121
4019 22 192 120
4020 49 8 128
4021 47 1 127
4022 45 193 127
4023 43 241 126
4024 41 253 126
4025 39 256 126
4026 36 227 125
4027 35 8 124
4028 33 2 124
4029 31 129 123
4030 29 225 123
4031 27 253 122
4032 24 128 122
4033 50 4 129
4034 48 1 129
4035 46 193 128
4036 44 241 128
4037 42 255 127
4038 40 128 126
4039 38 32 126
4040 37 126 125
4041 34 2 125
4042 32 193 124
4043 30 241 124
4044 28 253 123
4045 51 87 130
4046 49 86 129
4047 47 75 128
4048 45 83 128
4049 43 85 127
4050 41 214 127
4051 39 182 127
4052 36 227 126
4053 35 86 125
4054 33 150 125
4055 31 166 124
4056 52 172 130
4057 50 43 130
4058 48 75 130
4059 46 83 129
4060 44 85 129
4061 42 107 128
4062 40 91 127
4063 38 87 127
4064 37 13 126
4065 34 150 126
4066 53 143 131
4067 51 100 131
4068 49 25 130
4069 47 228 129
4070 45 57 129
4071 43 207 128
4072 41 116 128
4073 39 29 128
4074 36 149 127
4075 55 255 132
4076 52 50 131
4077 50 141 131
4078 48 228 131
4079 46 57 130
4080 44 207 130
4081 42 58 129
4082 40 143 128
4083 54 55 133
4084 53 188 132
4085 51 47 132
4086 49 76 131
4087 47 138 130
4088 45 163 130
4089 43 105 129
4090 56 238 134
4091 55 109 133
4092 52 152 132
4093 50 38 132
4094 48 138 132
4095 46 163 131
4096 57 211 134
4097 54 100 134
4098 53 222 133
4099 51 184 133
4100 49 46 132
4101 58 211 135
4102 56 117 135
4103 55 101 134
4104 52 92 133
4105 59 156 136
4106 57 148 135
4107 54 23 135
4108 60 78 137
4109 58 148 136
4110 61 26 137
4111 62 30 138
4112 59 10 137
4113 56 5 136
4114 53 215 134
4115 50 236 133
4116 47 125 131
4117 44 125 131
4118 41 235 129
4119 38 246 128
4120 35 41 126
4121 32 149 125
4122 29 221 124
4123 26 239 123
4124 23 254 121
4125 20 127 120
4126 17 64 118
4127 0 213 119
4128 13 32 118
4129 63 10 139
4130 60 5 138
4131 57 215 136
4132 55 133 135
4133 51 250 134
4134 48 125 133
4135 45 235 131
4136 42 246 130
4137 39 82 129
4138 37 103 127
4139 33 221 126
4140 30 239 125
4141 27 254 123
4142 25 128 122
4143 21 128 121
4144 18 64 120
4145 64 10 140
4146 61 173 138
4147 58 215 137
4148 54 106 136
4149 52 125 134
4150 49 213 133
4151 46 235 132
4152 43 82 130
4153 40 41 129
4154 36 184 128
4155 34 221 127
4156 31 251 125
4157 28 254 124
4158 24 3 123
4159 65 173 140
4160 62 215 139
4161 59 243 138
4162 56 250 137
4163 53 213 135
4164 50 235 134
4165 47 82 132
4166 44 82 132
4167 41 185 130
4168 38 221 129
4169 35 251 127
4170 32 254 126
4171 67 224 141
4172 63 243 140
4173 60 250 139
4174 57 213 137
4175 55 208 136
4176 51 164 135
4177 48 82 134
4178 45 185 132
4179 42 221 131
4180 39 245 130
4181 66 59 142
4182 64 243 141
4183 61 169 139
4184 58 213 138
4185 54 94 137
4186 52 82 135
4187 49 113 134
4188 46 185 133
4189 68 243 143
4190 65 169 141
4191 62 213 140
4192 59 71 139
4193 56 164 138
4194 53 113 136
4195 69 81 144
4196 67 115 142
4197 63 71 141
4198 60 164 140
4199 70 169 144
4200 66 213 143
4201 1 9 119
4202 2 10 119
4203 3 111 119
4204 4 223 119
4205 5 174 119
4206 0 41 120
4207 0 41 121
4208 0 41 122
4209 0 41 123
4210 0 41 124
4211 0 41 125
4212 0 41 126
4213 6 231 119
4214 7 19 119
4215 8 167 119
4216 9 29 119
4217 10 251 119
4218 11 125 119
4219 12 50 119
4220 1 248 120
4221 1 248 121
4222 1 248 122
4223 1 248 123
4224 13 79 119
4225 14 171 119
4226 15 153 119
4227 16 126 119
4228 17 9 119
4229 2 97 120
4230 3 144 120
4231 4 135 120
4232 5 168 120
4233 19 174 120
4234 6 230 120
4235 7 226 120
4236 8 192 120
4237 9 54 120
4238 10 173 120
4239 11 223 120
4240 12 32 120
4241 13 54 120
4242 14 231 120
4243 15 134 120
4244 16 25 120
4245 17 7 120
4246 2 129 121
4247 3 66 121
4248 4 114 121
4249 5 94 121
4250 6 17 121
4251 7 100 121
4252 8 99 121
4253 9 239 121
4254 10 123 121
4255 11 181 121
4256 12 219 121
4257 13 117 121
4258 14 143 121
4259 15 180 121
4260 16 62 121
4261 17 29 121
4262 18 50 121
4263 19 95 121
4264 20 52 121
4265 22 65 121
4266 2 9 122
4267 3 249 122
4268 4 61 122
4269 5 169 122
4270 6 5 122
4271 7 45 122
4272 8 47 122
4273 9 108 122
4274 10 119 122
4275 11 157 122
4276 12 87 122
4277 13 31 122
4278 14 77 122
4279 15 152 122
4280 16 204 122
4281 17 178 122
4282 18 23 122
4283 19 29 122
4284 20 137 122
4285 21 175 122
4286 22 52 122
4287 23 183 122
4288 2 149 123
4289 3 85 123
4290 4 7 123
4291 5 55 123
4292 6 118 123
4293 7 22 123
4294 8 33 123
4295 9 112 123
4296 10 90 123
4297 11 170 123
4298 12 247 123
4299 13 199 123
4300 14 28 123
4301 15 211 123
4302 16 164 123
4303 17 170 123
4304 18 169 123
4305 19 12 123
4306 20 77 123
4307 21 144 123
4308 22 164 123
4309 23 198 123
4310 25 197 123
4311 1 204 124
4312 2 245 124
4313 3 190 124
4314 4 247 124
4315 5 255 124
4316 6 215 124
4317 7 170 124
4318 8 18 124
4319 9 192 124
4320 10 23 124
4321 11 179 124
4322 12 90 124
4323 13 218 124
4324 14 31 124
4325 15 71 124
4326 16 107 124
4327 17 218 124
4328 18 228 124
4329 19 56 124
4330 20 119 124
4331 21 209 124
4332 22 105 124
4333 23 227 124
4334 24 35 124
4335 25 137 124
4336 26 54 124
4337 27 78 124
4338 1 164 125
4339 2 222 125
4340 3 170 125
4341 4 72 125
4342 5 236 125
4343 6 189 125
4344 7 72 125
4345 8 132 125
4346 9 188 125
4347 10 213 125
4348 11 162 125
4349 12 72 125
4350 13 34 125
4351 14 215 125
4352 15 184 125
4353 16 27 125
4354 17 199 125
4355 18 5 125
4356 19 82 125
4357 20 119 125
4358 21 164 125
4359 22 176 125
4360 23 203 125
4361 24 34 125
4362 25 183 125
4363 26 147 125
4364 27 79 125
4365 28 74 125
4366 29 187 125
4367 1 139 126
4368 2 240 126
4369 3 154 126
4370 4 191 126
4371 5 53 126
4372 6 253 126
4373 7 113 126
4374 8 131 126
4375 9 20 126
4376 10 6 126
4377 11 106 126
4378 12 232 126
4379 13 62 126
4380 14 56 126
4381 15 254 126
4382 16 112 126
4383 17 58 126
4384 18 175 126
4385 19 51 126
4386 20 38 126
4387 21 162 126
4388 22 124 126
4389 23 61 126
4390 24 23 126
4391 25 110 126
4392 26 35 126
4393 27 186 126
4394 28 23 126
4395 29 129 126
4396 30 48 126
4397 31 198 126
4398 0 217 127
4399 1 220 127
4400 2 175 127
4401 3 208 127
4402 4 185 127
4403 5 220 127
4404 6 245 127
4405 7 40 127
4406 8 52 127
4407 9 56 127
4408 10 175 127
4409 11 190 127
4410 12 210 127
4411 13 231 127
4412 14 43 127
4413 15 241 127
4414 16 113 127
4415 17 209 127
4416 18 256 127
4417 19 188 127
4418 20 114 127
4419 21 195 127
4420 22 101 127
4421 23 176 127
4422 24 51 127
4423 25 16 127
4424 26 117 127
4425 27 137 127
4426 28 110 127
4427 29 235 127
4428 30 125 127
4429 31 216 127
4430 32 64 127
4431 33 250 127
4432 0 33 128
4433 1 205 128
4434 2 30 128
4435 3 77 128
4436 4 18 128
4437 5 69 128
4438 6 66 128
4439 7 106 128
4440 8 160 128
4441 9 242 128
4442 10 142 128
4443 11 253 128
4444 12 24 128
4445 13 23 128
4446 14 239 128
4447 15 213 128
4448 16 238 128
4449 17 148 128
4450 18 151 128
4451 19 119 128
4452 20 167 128
4453 21 247 128
4454 22 81 128
4455 23 111 128
4456 24 38 128
4457 25 89 128
4458 26 105 128
4459 27 46 128
4460 28 144 128
4461 29 135 128
4462 30 229 128
4463 31 215 128
4464 32 59 128
4465 33 100 128
4466 34 126 128
4467 35 194 128
4468 37 248 128
4469 0 81 129
4470 1 253 129
4471 2 63 129
4472 3 225 129
4473 4 38 129
4474 5 22 129
4475 6 61 129
4476 7 218 129
4477 8 169 129
4478 9 124 129
4479 10 210 129
4480 11 34 129
4481 12 208 129
4482 13 102 129
4483 14 28 129
4484 15 115 129
4485 16 121 129
4486 17 153 129
4487 18 51 129
4488 19 170 129
4489 20 202 129
4490 21 133 129
4491 22 125 129
4492 23 98 129
4493 24 25 129
4494 25 189 129
4495 26 158 129
4496 27 230 129
4497 28 214 129
4498 29 167 129
4499 30 89 129
4500 31 28 129
4501 32 9 129
4502 33 132 129
4503 34 208 129
4504 35 21 129
4505 36 95 129
4506 37 56 129
4507 0 185 130
4508 1 208 130
4509 2 113 130
4510 3 113 130
4511 4 104 130
4512 5 218 130
4513 6 248 130
4514 7 69 130
4515 8 218 130
4516 9 179 130
4517 10 56 130
4518 11 63 130
4519 12 60 130
4520 13 16 130
4521 14 137 130
4522 15 125 130
4523 16 19 130
4524 17 195 130
4525 18 35 130
4526 19 40 130
4527 20 12 130
4528 21 158 130
4529 22 211 130
4530 23 30 130
4531 24 200 130
4532 25 229 130
4533 26 111 130
4534 27 95 130
4535 28 9 130
4536 29 152 130
4537 30 149 130
4538 31 17 130
4539 32 17 130
4540 33 139 130
4541 34 96 130
4542 35 251 130
4543 36 45 130
4544 37 116 130
4545 38 36 130
4546 40 92 130
4547 0 63 131
4548 1 177 131
4549 2 135 131
4550 3 18 131
4551 4 93 131
4552 5 134 131
4553 6 81 131
4554 7 192 131
4555 8 127 131
4556 9 147 131
4557 10 235 131
4558 11 234 131
4559 12 36 131
4560 13 6 131
4561 14 70 131
4562 15 59 131
4563 16 255 131
4564 17 233 131
4565 18 47 131
4566 19 220 131
4567 20 83 131
4568 21 227 131
4569 22 117 131
4570 23 54 131
4571 24 223 131
4572 25 195 131
4573 26 152 131
4574 27 251 131
4575 28 164 131
4576 29 41 131
4577 30 17 131
4578 31 232 131
4579 32 47 131
4580 33 93 131
4581 39 111 131
4582 38 109 131
4583 34 88 131
4584 35 168 131
4585 36 51 131
4586 37 255 131
4587 40 139 131
4588 41 24 131
4589 43 167 131
4590 0 17 132
4591 1 20 132
4592 2 173 132
4593 3 5 132
4594 4 227 132
4595 39 180 132
4596 38 22 132
4597 5 87 132
4598 34 189 132
4599 42 210 132
4600 41 52 132
4601 40 95 132
4602 36 197 132
4603 44 1 133
4604 43 151 132
4605 39 175 133
4606 45 150 133
4607 42 51 133
4608 47 62 133
4609 46 72 134
4610 44 66 134
4611 41 11 133
4612 38 93 133
4613 35 144 132
4614 32 96 132
4615 6 227 132
4616 7 169 132
4617 8 223 132
4618 9 126 132
4619 10 239 132
4620 11 244 132
4621 12 26 132
4622 13 39 132
4623 14 197 132
4624 15 101 132
4625 16 20 132
4626 17 195 132
4627 18 17 132
4628 19 12 132
4629 20 38 132
4630 21 174 132
4631 22 52 132
4632 23 125 132
4633 24 119 132
4634 25 49 132
4635 48 33 135
4636 45 134 134
4637 43 228 133
4638 40 80 133
4639 37 171 132
4640 33 24 132
4641 30 16 132
4642 26 61 132
4643 27 103 132
4644 28 75 132
4645 29 33 132
4646 31 225 132
4647 0 161 133
4648 1 156 133
4649 2 4 133
4650 3 124 133
4651 4 197 133
4652 5 236 133
4653 6 23 133
4654 7 98 133
4655 8 248 133
4656 9 221 133
4657 10 212 133
4658 11 74 133
4659 12 211 133
4660 49 229 135
4661 47 6 134
4662 42 60 134
4663 39 57 134
4664 36 22 133
4665 34 12 133
4666 13 219 133
4667 14 166 133
4668 15 16 133
4669 16 89 133
4670 17 181 133
4671 18 158 133
4672 19 188 133
4673 20 20 133
4674 21 62 133
4675 22 251 133
4676 23 136 133
4677 24 215 133
4678 25 21 133
4679 26 155 133
4680 27 123 133
4681 28 84 133
4682 29 133 133
4683 30 133 133
4684 50 162 135
4685 46 84 135
4686 44 54 135
4687 41 9 134
4688 38 6 134
4689 35 1 133
4690 32 172 133
4691 31 138 133
4692 33 188 133
4693 37 58 133
4694 0 49 134
4695 1 136 134
4696 2 43 134
4697 3 5 134
4698 4 248 134
4699 5 21 134
4700 6 121 134
4701 7 166 134
4702 8 252 134
4703 9 238 134
4704 10 87 134
4705 11 28 134
4706 12 211 134
4707 51 169 136
4708 48 27 136
4709 45 133 135
4710 43 159 134
4711 40 234 134
4712 13 35 134
4713 14 39 134
4714 15 69 134
4715 16 245 134
4716 17 180 134
4717 18 153 134
4718 19 16 134
4719 20 68 134
4720 21 108 134
4721 22 54 134
4722 23 16 134
4723 24 67 134
4724 25 164 134
4725 26 199 134
4726 27 63 134
4727 28 53 134
4728 29 58 134
4729 52 71 136
4730 49 164 136
4731 47 143 135
4732 42 60 135
4733 39 7 135
4734 36 151 134
4735 34 150 134
4736 30 98 134
4737 31 227 134
4738 32 126 134
4739 33 246 134
4740 35 34 134
4741 37 218 134
4742 0 111 135
4743 1 192 135
4744 2 107 135
4745 3 210 135
4746 4 168 135
4747 5 141 135
4748 6 185 135
4749 7 135 135
4750 53 82 137
4751 50 226 136
4752 46 229 136
4753 44 161 136
4754 41 241 135
4755 38 75 135
4756 8 191 135
4757 9 45 135
4758 10 77 135
4759 11 165 135
4760 12 223 135
4761 13 212 135
4762 14 110 135
4763 15 58 135
4764 16 217 135
4765 17 144 135
4766 18 209 135
4767 19 3 135
4768 20 53 135
4769 21 24 135
4770 55 191 137
4771 51 185 137
4772 48 209 137
4773 45 249 136
4774 43 218 135
4775 40 32 135
4776 22 214 135
4777 23 137 135
4778 24 31 135
4779 25 117 135
4780 26 224 135
4781 27 160 135
4782 28 41 135
4783 29 149 135
4784 30 152 135
4785 31 179 135
4786 32 162 135
4787 33 109 135
4788 34 65 135
4789 54 1 138
4790 52 245 137
4791 49 251 137
4792 47 196 136
4793 42 230 136
4794 39 19 136
4795 36 118 135
4796 35 109 135
4797 37 81 135
4798 0 31 136
4799 1 222 136
4800 2 18 136
4801 3 148 136
4802 4 210 136
4803 5 130 136
4804 6 47 136
4805 7 145 136
4806 8 252 136
4807 57 120 138
4808 53 254 138
4809 50 255 137
4810 46 250 137
4811 44 85 137
4812 41 57 136
4813 38 38 136
4814 9 169 136
4815 10 166 136
4816 11 150 136
4817 12 49 136
4818 13 67 136
4819 14 177 136
4820 15 28 136
4821 16 149 136
4822 17 146 136
4823 18 178 136
4824 56 109 139
4825 55 72 138
4826 51 128 138
4827 48 171 138
4828 45 157 137
4829 43 74 136
4830 40 89 136
4831 19 148 136
4832 20 103 136
4833 21 253 136
4834 22 59 136
4835 23 41 136
4836 24 137 136
4837 25 239 136
4838 26 8 136
4839 27 230 136
4840 58 192 139
4841 54 87 139
4842 52 107 138
4843 49 182 138
4844 47 225 137
4845 42 170 137
4846 39 230 137
4847 36 28 136
4848 34 179 136
4849 29 242 136
4850 28 21 136
4851 30 160 136
4852 31 244 136
4853 32 178 136
4854 33 204 136
4855 59 48 140
4856 57 97 139
4857 53 91 139
4858 50 232 138
4859 46 218 138
4860 44 163 138
4861 41 70 137
4862 38 218 137
4863 35 122 136
4864 37 153 136
4865 0 140 137
4866 1 68 137
4867 2 205 137
4868 3 221 137
4869 61 212 140
4870 56 189 140
4871 55 162 139
4872 51 58 139
4873 48 210 139
4874 45 35 138
4875 43 41 137
4876 40 52 137
4877 4 31 137
4878 5 201 137
4879 6 144 137
4880 7 90 137
4881 8 51 137
4882 60 252 141
4883 58 87 140
4884 54 45 140
4885 52 181 139
4886 49 219 139
4887 47 186 138
4888 42 115 138
4889 39 78 138
4890 36 186 137
4891 34 53 137
4892 9 111 137
4893 10 4 137
4894 62 172 141
4895 59 86 141
4896 57 123 140
4897 53 238 140
4898 50 73 139
4899 46 95 139
4900 44 110 139
4901 41 104 138
4902 38 155 138
4903 35 240 137
4904 32 160 137
4905 63 43 142
4906 61 66 141
4907 56 10 141
4908 55 253 140
4909 51 211 140
4910 48 55 140
4911 45 52 139
4912 43 128 138
4913 40 51 138
4914 36 240 138
4915 64 150 142
4916 60 80 142
4917 58 188 141
4918 54 151 141
4919 52 78 140
4920 49 39 140
4921 47 141 139
4922 42 72 139
4923 39 30 139
4924 65 141 142
4925 62 94 142
4926 59 47 142
4927 57 62 141
4928 53 148 141
4929 50 13 140
4930 46 112 140
4931 44 90 140
4932 67 145 143
4933 63 152 143
4934 61 136 142
4935 56 250 142
4936 55 159 141
4937 51 196 141
4938 48 45 141
4939 66 236 144
4940 64 76 143
4941 60 4 143
4942 58 37 142
4943 54 74 142
4944 52 204 141
4945 68 38 144
4946 65 92 143
4947 62 147 143
4948 59 202 143
4949 56 49 143
4950 69 138 145
4951 67 133 144
4952 63 101 144
4953 61 155 143
4954 70 23 145
4955 66 112 145
4956 64 179 144
4957 71 70 145
4958 68 218 145
4959 72 109 146
4960 11 24 137
4961 12 233 137
4962 13 153 137
4963 14 112 137
4964 15 218 137
4965 16 59 137
4966 17 162 137
4967 18 167 137
4968 19 190 137
4969 20 229 137
4970 21 155 137
4971 22 44 137
4972 23 103 137
4973 24 110 137
4974 25 68 137
4975 26 30 137
4976 27 243 137
4977 28 45 137
4978 29 218 137
4979 30 75 137
4980 31 173 137
4981 33 104 137
4982 37 137 137
4983 0 80 138
4984 1 113 138
4985 2 192 138
4986 3 97 138
4987 4 177 138
4988 5 80 138
4989 6 158 138
4990 7 169 138
4991 8 95 138
4992 9 77 138
4993 10 229 138
4994 11 75 138
4995 12 155 138
4996 13 1 138
4997 14 75 138
4998 15 135 138
4999 16 4 138
5000 17 188 138
5001 18 42 138
5002 19 105 138
5003 20 115 138
5004 21 210 138
5005 22 33 138
5006 23 35 138
5007 24 28 138
5008 25 97 138
5009 26 237 138
5010 27 34 138
5011 28 50 138
5012 29 154 138
5013 30 89 138
5014 31 140 138
5015 32 190 138
5016 33 93 138
5017 34 137 138
5018 35 124 138
5019 37 251 138
5020 0 84 139
5021 1 21 139
5022 2 150 139
5023 3 158 139
5024 4 136 139
5025 5 253 139
5026 6 102 139
5027 7 118 139
5028 8 73 139
5029 9 215 139
5030 10 125 139
5031 11 141 139
5032 12 179 139
5033 13 102 139
5034 14 142 139
5035 15 77 139
5036 16 217 139
5037 17 229 139
5038 18 170 139
5039 19 28 139
5040 20 250 139
5041 21 32 139
5042 22 213 139
5043 23 211 139
5044 24 174 139
5045 25 157 139
5046 26 197 139
5047 27 100 139
5048 28 97 139
5049 29 59 139
5050 30 120 139
5051 31 21 139
5052 32 168 139
5053 33 135 139
5054 34 108 139
5055 35 39 139
5056 36 175 139
5057 37 166 139
5058 38 237 139
5059 40 70 139
5060 41 72 139
5061 43 192 139
5062 0 86 140
5063 1 50 140
5064 2 39 140
5065 3 128 140
5066 4 54 140
5067 5 67 140
5068 6 42 140
5069 7 33 140
5070 8 23 140
5071 9 178 140
5072 10 27 140
5073 11 207 140
5074 12 168 140
5075 13 120 140
5076 14 131 140
5077 15 191 140
5078 16 110 140
5079 17 35 140
5080 18 153 140
5081 19 140 140
5082 20 214 140
5083 21 106 140
5084 22 163 140
5085 23 105 140
5086 24 20 140
5087 25 220 140
5088 26 204 140
5089 27 176 140
5090 28 110 140
5091 29 63 140
5092 30 166 140
5093 31 35 140
5094 32 188 140
5095 33 182 140
5096 34 237 140
5097 35 201 140
5098 36 160 140
5099 37 128 140
5100 38 162 140
5101 39 56 140
5102 40 95 140
5103 41 145 140
5104 42 78 140
5105 43 246 140
5106 45 212 140
5107 47 5 140
5108 0 77 141
5109 1 135 141
5110 2 33 141
5111 3 157 141
5112 4 164 141
5113 5 129 141
5114 6 159 141
5115 7 246 141
5116 8 79 141
5117 9 246 141
5118 10 52 141
5119 11 111 141
5120 12 54 141
5121 13 11 141
5122 14 248 141
5123 15 196 141
5124 16 41 141
5125 17 156 141
5126 18 45 141
5127 19 196 141
5128 20 158 141
5129 21 154 141
5130 22 150 141
5131 23 232 141
5132 24 236 141
5133 25 82 141
5134 26 51 141
5135 27 214 141
5136 28 122 141
5137 29 149 141
5138 30 139 141
5139 31 190 141
5140 32 147 141
5141 34 150 141
5142 33 113 141
5143 35 182 141
5144 36 5 141
5145 37 146 141
5146 38 35 141
5147 39 250 141
5148 40 147 141
5149 41 22 141
5150 42 28 141
5151 43 8 141
5152 44 196 141
5153 45 176 141
5154 46 91 141
5155 47 45 141
5156 49 210 141
5157 50 221 141
5158 0 84 142
5159 1 237 142
5160 2 125 142
5161 3 175 142
5162 4 184 142
5163 5 155 142
5164 6 6 142
5165 7 12 142
5166 8 50 142
5167 9 44 142
5168 10 233 142
5169 11 216 142
5170 12 192 142
5171 13 81 142
5172 14 105 142
5173 15 159 142
5174 16 57 142
5175 17 48 142
5176 18 149 142
5177 19 240 142
5178 20 250 142
5179 21 36 142
5180 22 30 142
5181 23 13 142
5182 24 151 142
5183 25 229 142
5184 26 39 142
5185 27 226 142
5186 28 177 142
5187 29 172 142
5188 30 255 142
5189 31 13 142
5190 32 76 142
5191 33 168 142
5192 34 101 142
5193 35 41 142
5194 36 36 142
5195 37 161 142
5196 38 106 142
5197 39 68 142
5198 40 55 142
5199 41 140 142
5200 42 1 142
5201 43 165 142
5202 44 44 142
5203 45 62 142
5204 46 217 142
5205 47 63 142
5206 48 93 142
5207 49 144 142
5208 50 240 142
5209 51 249 142
5210 52 28 142
5211 53 87 142
5212 55 96 142
5213 57 133 142
5214 0 208 143
5215 1 150 143
5216 2 29 143
5217 3 135 143
5218 4 112 143
5219 5 248 143
5220 6 182 143
5221 7 251 143
5222 8 185 143
5223 9 168 143
5224 10 44 143
5225 11 18 143
5226 12 204 143
5227 13 4 143
5228 14 208 143
5229 15 46 143
5230 16 240 143
5231 17 39 143
5232 18 109 143
5233 19 60 143
5234 20 178 143
5235 21 171 143
5236 22 177 143
5237 23 56 143
5238 24 61 143
5239 25 117 143
5240 26 68 143
5241 27 236 143
5242 28 243 143
5243 29 148 143
5244 30 40 143
5245 31 140 143
5246 32 137 143
5247 33 196 143
5248 34 234 143
5249 35 137 143
5250 36 47 143
5251 37 79 143
5252 38 114 143
5253 39 131 143
5254 40 249 143
5255 42 114 143
5256 41 196 143
5257 43 180 143
5258 44 45 143
5259 45 184 143
5260 46 186 143
5261 47 164 143
5262 48 122 143
5263 49 183 143
5264 50 99 143
5265 51 167 143
5266 52 211 143
5267 53 207 143
5268 54 64 143
5269 55 246 143
5270 57 140 143
5271 58 71 143
5272 0 98 144
5273 1 66 144
5274 2 169 144
5275 3 135 144
5276 4 221 144
5277 5 149 144
5278 6 239 144
5279 7 110 144
5280 8 194 144
5281 9 187 144
5282 10 48 144
5283 11 168 144
5284 12 239 144
5285 13 196 144
5286 14 212 144
5287 15 10 144
5288 16 206 144
5289 17 230 144
5290 18 73 144
5291 0 140 145
5292 19 133 144
5293 20 39 144
5294 21 87 144
5295 22 166 144
5296 23 179 144
5297 24 193 144
5298 25 233 144
5299 26 83 144
5300 27 41 144
5301 28 218 144
5302 29 13 144
5303 30 82 144
5304 31 250 144
5305 32 90 144
5306 33 159 144
5307 34 31 144
5308 35 214 144
5309 36 98 144
5310 37 197 144
5311 38 17 144
5312 39 20 144
5313 40 184 144
5314 59 196 144
5315 60 163 144
5316 65 143 144
5317 1 33 145
5318 63 201 145
5319 67 152 145
5320 0 15 146
5321 1 13 146
5322 69 245 146
5323 71 142 146
5324 41 31 144
5325 42 146 144
5326 43 47 144
5327 44 68 144
5328 45 62 144
5329 46 22 144
5330 47 180 144
5331 48 6 144
5332 49 220 144
5333 50 80 144
5334 51 189 144
5335 52 101 144
5336 53 183 144
5337 54 130 144
5338 55 103 144
5339 56 185 144
5340 57 150 144
5341 58 110 144
5342 61 48 144
5343 62 167 144
5344 2 97 145
5345 3 110 145
5346 4 27 145
5347 5 185 145
5348 6 183 145
5349 7 70 145
5350 8 58 145
5351 64 167 145
5352 2 25 146
5353 66 191 146
5354 9 43 145
5355 10 131 145
5356 11 184 145
5357 12 230 145
5358 13 135 145
5359 14 129 145
5360 15 132 145
5361 16 209 145
5362 17 192 145
5363 18 209 145
5364 19 248 145
5365 20 116 145
5366 21 133 145
5367 22 236 145
5368 23 156 145
5369 24 240 145
5370 25 10 145
5371 26 55 145
5372 27 110 145
5373 28 191 145
5374 29 111 145
5375 30 13 145
5376 31 41 145
5377 32 144 145
5378 33 38 145
5379 34 249 145
5380 59 169 145
5381 60 158 145
5382 35 188 145
5383 36 98 145
5384 37 232 145
5385 38 191 145
5386 39 1 145
5387 40 94 145
5388 41 187 145
5389 42 76 145
5390 43 125 145
5391 44 226 145
5392 45 229 145
5393 46 201 145
5394 47 120 145
5395 48 70 145
5396 49 115 145
5397 50 150 145
5398 51 172 145
5399 52 165 145
5400 53 100 145
5401 54 89 145
5402 55 2 145
5403 56 72 145
5404 57 105 145
5405 58 149 145
5406 61 7 145
5407 62 74 145
5408 65 89 145
5409 4 147 146
5410 3 34 146
5411 5 75 146
5412 6 162 146
5413 7 35 146
5414 8 147 146
5415 9 254 146
5416 10 32 146
5417 11 61 146
5418 12 255 146
5419 13 250 146
5420 14 219 146
5421 15 136 146
5422 16 240 146
5423 17 239 146
5424 18 130 146
5425 19 173 146
5426 20 114 146
5427 21 46 146
5428 22 18 146
5429 23 37 146
5430 24 186 146
5431 25 102 146
5432 26 56 146
5433 27 107 146
5434 28 124 146
5435 29 164 146
5436 30 203 146
5437 31 106 146
5438 32 197 146
5439 33 76 146
5440 34 251 146
5441 35 142 146
5442 36 197 146
5443 37 210 146
5444 38 147 146
5445 39 151 146
5446 40 3 146
5447 41 183 146
5448 42 9 146
5449 43 178 146
5450 44 34 146
5451 45 241 146
5452 46 9 146
5453 47 171 146
5454 48 112 146
5455 49 140 146
5456 50 24 146
5457 51 85 146
5458 52 244 146
5459 53 31 146
5460 54 222 146
5461 55 64 146
5462 56 92 146
5463 57 244 146
5464 58 56 146
5465 59 218 146
5466 60 154 146
5467 61 115 146
5468 62 14 146
5469 63 94 146
5470 64 204 146
5471 65 249 146
5472 67 84 146
5473 68 25 146
5474 70 164 146
5475 73 199 146
5476 0 44 147
5477 1 190 147
5478 2 169 147
5479 3 111 147
5480 4 254 147
5481 5 161 147
5482 6 80 147
5483 7 171 147
5484 8 235 147
5485 9 187 147
5486 10 195 147
5487 11 157 147
5488 12 239 147
5489 13 65 147
5490 14 236 147
5491 15 76 147
5492 16 248 147
5493 17 20 147
5494 18 153 147
5495 19 63 147
5496 20 102 147
5497 21 195 147
5498 22 199 147
5499 23 246 147
5500 24 242 147
5501 25 245 147
5502 26 161 147
5503 27 53 147
5504 28 73 147
5505 29 9 147
5506 30 36 147
5507 31 29 147
5508 32 8 147
5509 33 138 147
5510 34 121 147
5511 35 55 147
5512 36 172 147
5513 37 165 147
5514 38 12 147
5515 39 128 147
5516 40 43 147
5517 41 189 147
5518 42 65 147
5519 43 77 147
5520 44 72 147
5521 45 214 147
5522 46 244 147
5523 47 50 147
5524 48 249 147
5525 49 25 147
5526 50 18 147
5527 51 197 147
5528 52 199 147
5529 53 55 147
5530 54 109 147
5531 55 100 147
5532 56 222 147
5533 57 135 147
5534 58 227 147
5535 59 216 147
5536 60 176 147
5537 61 207 147
5538 62 60 147
5539 63 132 147
5540 64 234 147
5541 65 140 147
5542 67 103 147
5543 66 50 147
5544 68 70 147
5545 69 150 147
5546 70 198 147
5547 71 225 147
5548 72 159 147
5549 73 73 147
5550 0 114 148
5551 1 171 148
5552 2 65 148
5553 3 13 148
5554 4 64 148
5555 5 74 148
5556 6 73 148
5557 7 76 148
5558 8 110 148
5559 9 18 148
5560 10 19 148
5561 11 225 148
5562 12 247 148
5563 13 103 148
weights 149 149 149 149 149 149 149 149 149 149 149 149 149 149 148 148 148 148 148 148 148 148 148 148 148 148 148 148 148 148 148 148 148 148 148 148 148 148 148 148 148 148 148 148 148 148 148 148 148 148 148 148 148 148 148 148 148 148 148 148 148 148 148 148 148 148 148 148 148 148 148 148 148 148
