0 10 20157 300100 300200 300101 310100 400100 410100 510100 510200 510101 520100
1 10 10987 300100 300200 300101 300300 300201 300102 410100 420100 420200 420300
2 10 13443 300100 310100 310200 310101 410100 410200 410101 520100 520200 520101
3 10 27348 300100 300200 300101 310100 400100 400200 400101 420100 510100 520100
4 10 16154 300100 310100 310200 310101 400100 400200 400101 420100 510100 520100
5 10 11176 300100 300200 300101 310100 400100 400200 400101 420100 510100 510200
6 10 10638 300100 300200 300101 310100 400100 400200 400101 400300 400201 400102
7 10 29472 300100 300200 300101 300300 300201 300102 400100 420100 510100 510200
8 10 21073 300100 300200 300101 300300 300201 300102 300400 300301 300202 400100
9 10 10495 300100 300200 300101 300300 300201 300102 410100 420100 420200 420300
10 10 21671 300100 300200 300101 300300 300201 300102 400100 420100 420200 420300
11 10 23368 300100 310100 310200 310101 400100 420100 420200 420300 420101 500100
12 10 8754 300100 300200 300101 300300 300201 300102 400100 420100 500100 520100
13 10 2531 300100 310100 310200 310101 400100 400200 400101 500100 520100 610100
14 10 11421 300100 310100 310200 310101 400100 400200 400101 420100 500100 520100
15 10 2948 300100 310100 310200 310101 410100 410200 410101 500100 520100 600100
16 10 25252 310100 310200 310101 310300 310201 310102 400100 410100 500100 520100
17 10 18136 310100 310200 310101 310300 310201 310102 400100 400200 400101 420100
18 10 24659 310100 310200 310101 310300 310201 310102 310400 310301 310202 400100
19 10 27673 300100 300200 300101 310100 400100 420100 420200 420300 420101 500100
20 10 9153 300100 300200 300101 300300 300201 300102 400100 420100 500100 510100
21 10 16480 300100 310100 310200 310101 420100 420200 420300 420101 500100 510100
22 10 26361 300100 300200 300101 300300 300201 300102 400100 420100 420200 420300
23 10 13533 300100 310100 310200 310101 410100 410200 410101 500100 510100 510200
24 10 16527 300100 310100 310200 310101 400100 400200 400101 500100 500200 500101
25 10 2936 300100 310100 310200 310101 400100 420100 500100 500200 500101 610100
