39 0 0 1438 18 21 17 14 8 15 10 14 10 15 9 5 8 12 11 8 10 5 6 13 5
39 0 0 1442 18 21 17 15 7 13 16 10 10 14 10 5 9 9 10 11 10 2 9 13 5
39 0 0 1427 18 21 17 15 7 13 16 10 11 11 13 4 9 10 7 13 8 5 11 10 5
39 0 0 1429 18 21 17 15 7 13 16 10 11 12 9 7 10 6 13 10 8 5 11 10 5
39 0 0 1442 18 21 17 15 7 14 13 12 11 11 13 4 8 13 4 14 8 5 11 10 5
39 0 0 1439 18 21 17 15 7 14 13 12 12 9 12 6 10 7 10 12 7 9 7 6 10
39 0 0 1430 18 21 17 16 6 13 16 10 11 10 14 4 9 7 12 11 6 8 8 12 5
39 0 0 1419 18 21 17 16 6 14 13 12 11 10 14 4 8 10 9 12 6 8 8 12 5
39 0 0 1412 18 21 17 16 6 14 14 11 11 12 12 4 9 9 12 9 8 6 10 10 5
39 0 0 1441 18 21 17 16 6 14 14 11 13 7 14 5 10 9 6 14 6 9 12 7 5
39 0 0 1444 18 21 17 16 6 15 11 13 10 15 9 5 8 11 12 8 10 3 8 13 5
39 0 0 1414 18 21 17 16 6 15 11 13 11 12 12 4 8 12 9 10 8 6 10 10 5
39 0 0 1444 18 21 17 17 5 14 14 11 12 9 12 6 9 9 8 13 6 6 15 7 5
39 0 0 1434 18 21 17 17 5 15 11 13 11 11 13 4 8 9 14 8 6 9 7 12 5
39 0 0 1438 18 21 17 18 4 15 12 12 11 12 12 4 8 11 10 10 8 4 12 10 5
39 0 0 1442 18 21 18 12 9 14 14 11 12 11 7 9 10 7 12 10 5 12 9 8 5
39 0 0 1434 18 21 18 13 8 13 17 9 11 11 13 4 9 9 8 13 7 6 10 11 5
39 0 0 1443 18 21 18 13 8 14 14 11 10 14 10 5 8 11 8 12 9 3 8 14 5
39 0 0 1438 18 21 18 13 8 14 14 11 11 11 13 4 8 12 5 14 7 6 10 11 5
39 0 0 1416 18 21 18 13 8 14 14 11 11 12 9 7 9 8 11 11 7 6 10 11 5
39 0 0 1429 18 21 18 14 7 14 14 11 11 10 14 4 8 9 10 12 5 9 7 13 5
39 0 0 1443 18 21 18 14 7 14 15 10 13 7 14 5 10 8 7 14 5 10 11 8 5
39 0 0 1442 18 21 18 14 7 15 11 13 11 11 10 7 8 9 10 12 6 7 9 7 10
39 0 0 1411 18 21 18 14 7 15 12 12 11 12 12 4 8 11 10 10 7 7 9 11 5
39 0 0 1436 18 21 18 14 7 16 9 14 11 12 12 4 7 14 7 11 7 7 9 11 5
39 0 0 1431 18 21 18 15 6 14 14 11 10 12 12 5 7 9 12 11 5 6 10 13 5
39 0 0 1438 18 21 18 15 6 14 15 10 12 9 12 6 9 8 9 13 5 7 14 8 5
39 0 0 1444 18 21 18 15 6 15 12 12 11 12 9 7 8 10 9 12 6 8 8 7 10
39 0 0 1444 18 21 18 15 6 16 9 14 11 11 13 4 7 11 12 9 5 10 6 13 5
39 0 0 1442 18 21 18 16 5 14 15 10 11 10 14 4 8 8 11 12 5 7 9 13 5
39 0 0 1427 18 21 18 16 5 15 13 11 11 12 12 4 8 10 11 10 7 5 11 11 5
39 0 0 1441 18 21 18 16 5 16 10 13 11 12 12 4 7 13 8 11 7 5 11 11 5
39 0 0 1437 18 21 19 12 8 14 16 9 11 13 8 7 9 8 11 11 6 8 8 12 5
39 0 0 1437 18 21 19 12 8 16 10 13 11 12 12 4 7 13 8 11 6 8 8 12 5
39 0 0 1443 18 21 19 13 7 15 13 11 12 9 12 6 8 10 7 14 4 8 13 9 5
39 0 0 1441 18 21 19 13 7 16 11 12 11 14 7 7 8 10 13 8 6 9 7 12 5
39 0 0 1431 18 21 19 14 6 15 14 10 11 12 12 4 8 9 12 10 6 6 10 12 5
39 0 0 1434 18 21 19 14 6 16 11 12 11 12 12 4 7 12 9 11 6 6 10 12 5
39 0 0 1442 18 21 20 12 7 16 12 11 11 12 12 4 7 11 10 11 5 7 9 13 5
39 0 0 1443 18 21 20 13 6 16 13 10 12 11 10 6 8 9 12 10 3 11 10 10 5
39 0 0 1442 19 20 14 16 9 11 15 13 10 11 15 3 10 9 9 11 11 7 3 13 5
39 0 0 1437 19 20 14 18 7 12 14 13 10 13 13 3 10 10 10 9 13 3 7 11 5
39 0 0 1440 19 20 15 14 10 11 17 11 11 12 8 8 12 5 13 9 10 9 6 9 5
39 0 0 1433 19 20 15 16 8 11 18 10 12 9 11 7 12 5 11 11 8 10 10 6 5
39 0 0 1431 19 20 15 16 8 12 15 12 10 13 13 3 10 9 11 9 12 4 6 12 5
39 0 0 1432 19 20 15 16 8 13 12 14 10 13 13 3 9 12 8 10 12 4 6 12 5
39 0 0 1438 19 20 15 17 7 11 18 10 11 10 13 5 11 6 10 12 10 4 11 9 5
39 0 0 1440 19 20 15 18 6 12 16 11 11 10 16 2 10 9 9 11 10 5 10 9 5
39 0 0 1443 19 20 15 18 6 13 13 13 10 13 13 3 9 11 9 10 12 2 8 12 5
39 0 0 1444 19 20 15 18 6 13 13 13 11 10 16 2 9 12 6 12 10 5 10 9 5
39 0 0 1444 19 20 15 19 5 13 13 13 11 9 17 2 9 9 11 10 8 8 7 11 5
39 0 0 1433 19 20 15 19 5 13 14 12 12 10 10 7 11 6 14 8 8 9 11 6 5
39 0 0 1433 19 20 16 14 9 12 15 12 10 12 11 6 9 9 9 12 8 8 7 6 10
39 0 0 1415 19 20 16 14 9 12 16 11 12 9 11 7 11 7 9 12 7 11 9 7 5
39 0 0 1444 19 20 16 14 9 13 12 14 10 12 11 6 8 12 6 13 8 8 7 6 10
39 0 0 1430 19 20 16 14 9 13 13 13 10 13 13 3 9 11 9 10 11 5 5 13 5
39 0 0 1444 19 20 16 14 9 13 13 13 10 14 9 6 9 11 9 10 10 6 9 4 10
39 0 0 1444 19 20 16 15 8 12 16 11 11 10 13 5 10 8 8 13 8 9 6 6 10
39 0 0 1416 19 20 16 15 8 12 16 11 11 10 13 5 10 8 8 13 9 5 10 10 5
39 0 0 1439 19 20 16 15 8 14 10 15 10 13 10 6 8 11 11 9 8 9 6 6 10
39 0 0 1439 19 20 16 16 7 12 16 11 10 12 11 6 9 8 10 12 8 6 9 6 10
39 0 0 1423 19 20 16 16 7 12 17 10 12 9 11 7 11 6 10 12 7 9 11 7 5
39 0 0 1433 19 20 16 16 7 13 14 12 10 13 13 3 9 10 10 10 11 3 7 13 5
39 0 0 1430 19 20 16 16 7 13 14 12 11 10 16 2 9 11 7 12 9 6 9 10 5
39 0 0 1442 19 20 16 16 7 13 14 12 11 11 12 5 10 7 13 9 8 10 5 6 10
39 0 0 1435 19 20 16 16 7 14 11 14 11 11 12 5 9 10 10 10 8 10 5 6 10
39 0 0 1444 19 20 16 17 6 12 16 11 10 10 16 3 8 9 9 13 7 5 10 12 5
39 0 0 1433 19 20 16 17 6 13 15 11 12 10 10 7 11 5 15 8 7 10 10 7 5
39 0 0 1439 19 20 16 17 6 14 11 14 10 13 10 6 8 10 12 9 8 7 8 6 10
39 0 0 1437 19 20 16 18 5 13 15 11 11 11 12 5 10 6 14 9 9 4 11 10 5
39 0 0 1439 19 20 16 18 5 14 12 13 11 11 12 5 9 9 11 10 8 8 7 6 10
39 0 0 1428 19 20 17 11 11 12 16 11 10 13 10 6 9 10 8 12 8 8 7 11 5
39 0 0 1442 19 20 17 11 11 14 11 14 11 12 11 5 9 12 8 10 8 12 3 11 5
39 0 0 1430 19 20 17 12 10 12 17 10 11 11 12 5 10 9 7 13 8 9 6 11 5
39 0 0 1437 19 20 17 12 10 13 14 12 11 11 12 5 9 12 4 14 8 9 6 11 5
39 0 0 1424 19 20 17 12 10 13 14 12 12 9 11 7 10 9 7 13 6 12 8 8 5
39 0 0 1420 19 20 17 13 9 12 17 10 10 13 10 6 9 9 9 12 8 6 9 11 5
39 0 0 1427 19 20 17 13 9 13 15 11 10 15 8 6 9 11 9 10 10 4 11 9 5
39 0 0 1414 19 20 17 13 9 13 15 11 11 12 11 5 10 8 12 9 8 10 5 11 5
39 0 0 1441 19 20 17 13 9 14 12 13 10 15 8 6 8 14 6 11 10 4 11 9 5
39 0 0 1408 19 20 17 13 9 14 12 13 11 12 11 5 9 11 9 10 8 10 5 11 5
39 0 0 1438 19 20 17 14 8 12 17 10 10 12 11 6 9 6 14 10 6 9 6 13 5
39 0 0 1426 19 20 17 14 8 12 18 9 11 11 12 5 10 8 8 13 8 7 8 11 5
39 0 0 1437 19 20 17 14 8 12 18 9 12 9 11 7 11 5 11 12 6 10 10 8 5
39 0 0 1435 19 20 17 14 8 13 14 12 10 12 11 6 8 10 8 13 7 7 8 7 10
39 0 0 1438 19 20 17 14 8 13 15 11 10 13 13 3 9 9 11 10 10 4 6 14 5
39 0 0 1419 19 20 17 14 8 13 15 11 10 14 9 6 9 8 14 8 8 7 8 11 5
