p 263 h 77 constraints 6158
0 0 1 0
1 0 1 1
2 0 1 2
3 0 1 3
4 0 1 4
5 0 1 5
6 0 1 6
7 0 1 7
8 0 1 8
9 0 1 9
10 0 1 10
11 0 1 11
12 0 1 12
13 0 1 13
14 0 1 14
15 0 1 15
16 0 1 16
17 0 1 17
18 0 1 18
19 0 1 19
20 0 1 20
21 0 1 21
22 0 1 22
23 0 1 23
24 0 1 24
25 0 1 25
26 0 1 26
27 0 1 27
28 0 1 28
29 0 1 29
30 0 1 30
31 0 1 31
32 0 1 32
33 0 1 33
34 0 1 34
35 1 1 2
36 1 1 3
37 1 1 4
38 1 1 5
39 1 1 6
40 1 1 7
41 1 1 8
42 1 1 9
43 1 1 10
44 1 1 11
45 1 1 12
46 1 1 13
47 1 1 14
48 1 1 15
49 1 1 16
50 1 1 17
51 1 1 18
52 1 1 19
53 1 1 20
54 1 1 21
55 1 1 22
56 1 1 23
57 1 1 24
58 1 1 25
59 1 1 26
60 1 1 27
61 1 1 28
62 1 1 29
63 1 1 30
64 1 1 31
65 1 1 32
66 1 1 33
67 1 1 34
68 2 1 4
69 2 1 5
70 2 1 6
71 2 1 7
72 2 1 8
73 2 1 9
74 2 1 10
75 2 1 11
76 2 1 12
77 2 1 13
78 2 1 14
79 2 1 15
80 2 1 16
81 2 1 17
82 2 1 18
83 2 1 19
84 2 1 20
85 2 1 21
86 2 1 22
87 2 1 23
88 2 1 24
89 2 1 25
90 2 1 26
91 2 1 27
92 2 1 28
93 2 1 29
94 2 1 30
95 2 1 31
96 2 1 32
97 2 1 33
98 2 1 34
99 3 1 6
100 3 1 7
101 3 1 8
102 3 1 9
103 3 1 10
104 3 1 11
105 3 1 12
106 3 1 13
107 3 1 14
108 3 1 15
109 3 1 16
110 3 1 17
111 3 1 18
112 3 1 19
113 3 1 20
114 3 1 21
115 3 1 22
116 3 1 23
117 3 1 24
118 3 1 25
119 3 1 26
120 3 1 27
121 3 1 28
122 3 1 29
123 3 1 30
124 3 1 31
125 3 1 32
126 3 1 33
127 3 1 34
128 4 1 8
129 4 1 9
130 4 1 10
131 4 1 11
132 4 1 12
133 4 1 13
134 4 1 14
135 4 1 15
136 4 1 16
137 4 1 17
138 4 1 18
139 4 1 19
140 4 1 20
141 4 1 21
142 4 1 22
143 4 1 23
144 4 1 24
145 4 1 25
146 4 1 26
147 4 1 27
148 4 1 28
149 4 1 29
150 4 1 30
151 4 1 31
152 4 1 32
153 4 1 33
154 4 1 34
155 5 1 10
156 5 1 11
157 5 1 12
158 5 1 13
159 5 1 14
160 5 1 15
161 5 1 16
162 5 1 17
163 5 1 18
164 5 1 19
165 5 1 20
166 5 1 21
167 5 1 22
168 5 1 23
169 5 1 24
170 5 1 25
171 5 1 26
172 5 1 27
173 5 1 28
174 5 1 29
175 5 1 30
176 5 1 31
177 5 1 32
178 5 1 33
179 5 1 34
180 6 1 12
181 6 1 13
182 6 1 14
183 6 1 15
184 6 1 16
185 6 1 17
186 6 1 18
187 6 1 19
188 6 1 20
189 6 1 21
190 6 1 22
191 6 1 23
192 6 1 24
193 6 1 25
194 6 1 26
195 6 1 27
196 6 1 28
197 6 1 29
198 6 1 30
199 6 1 31
200 6 1 32
201 6 1 33
202 6 1 34
203 7 1 14
204 7 1 15
205 7 1 16
206 7 1 17
207 7 1 18
208 7 1 19
209 7 1 20
210 7 1 21
211 7 1 22
212 7 1 23
213 7 1 24
214 7 1 25
215 7 1 26
216 7 1 27
217 7 1 28
218 7 1 29
219 7 1 30
220 7 1 31
221 7 1 32
222 7 1 33
223 7 1 34
224 8 1 16
225 8 1 17
226 8 1 18
227 8 1 19
228 8 1 20
229 8 1 21
230 8 1 22
231 8 1 23
232 8 1 24
233 8 1 25
234 8 1 26
235 8 1 27
236 8 1 28
237 8 1 29
238 8 1 30
239 8 1 31
240 8 1 32
241 8 1 33
242 8 1 34
243 9 1 18
244 9 1 19
245 9 1 20
246 9 1 21
247 9 1 22
248 9 1 23
249 9 1 24
250 9 1 25
251 9 1 26
252 9 1 27
253 9 1 28
254 9 1 29
255 9 1 30
256 9 1 31
257 9 1 32
258 9 1 33
259 9 1 34
260 10 1 20
261 10 1 21
262 10 1 22
263 10 1 23
264 10 1 24
265 10 1 25
266 10 1 26
267 10 1 27
268 10 1 28
269 10 1 29
270 10 1 30
271 10 1 31
272 10 1 32
273 10 1 33
274 10 1 34
275 11 1 22
276 11 1 23
277 11 1 24
278 11 1 25
279 11 1 26
280 11 1 27
281 11 1 28
282 11 1 29
283 11 1 30
284 11 1 31
285 11 1 32
286 11 1 33
287 11 1 34
288 12 1 24
289 12 1 25
290 12 1 26
291 12 1 27
292 12 1 28
293 12 1 29
294 12 1 30
295 12 1 31
296 12 1 32
297 12 1 33
298 12 1 34
299 13 1 26
300 13 1 27
301 13 1 28
302 13 1 29
303 13 1 30
304 13 1 31
305 13 1 32
306 13 1 33
307 13 1 34
308 14 1 28
309 14 1 29
310 14 1 30
311 14 1 31
312 14 1 32
313 14 1 33
314 14 1 34
315 15 1 30
316 15 1 31
317 15 1 32
318 15 1 33
319 15 1 34
320 16 1 32
321 16 1 33
322 16 1 34
323 17 1 34
324 18 1 36
325 17 262 35
326 17 262 36
327 16 1 35
328 16 1 36
329 15 262 35
330 15 262 36
331 14 1 35
332 14 1 36
333 13 262 35
334 13 262 36
335 12 1 35
336 12 1 36
337 11 262 35
338 11 262 36
339 10 1 35
340 10 1 36
341 9 262 35
342 9 262 36
343 8 1 35
344 8 1 36
345 7 262 35
346 19 1 38
347 18 262 37
348 18 262 38
349 17 1 37
350 17 1 38
351 16 262 37
352 16 262 38
353 15 1 37
354 15 1 38
355 14 262 37
356 14 262 38
357 13 1 37
358 13 1 38
359 12 262 37
360 12 262 38
361 11 1 37
362 11 1 38
363 10 262 37
364 10 262 38
365 9 1 37
366 9 1 38
367 20 1 40
368 19 262 39
369 19 262 40
370 18 1 39
371 18 1 40
372 17 262 39
373 17 262 40
374 16 1 39
375 16 1 40
376 15 262 39
377 15 262 40
378 14 1 39
379 14 1 40
380 13 262 39
381 13 262 40
382 12 1 39
383 12 1 40
384 11 262 39
385 11 262 40
386 10 1 39
387 21 1 42
388 20 262 41
389 20 262 42
390 19 1 41
391 19 1 42
392 18 262 41
393 18 262 42
394 17 1 41
395 17 1 42
396 16 262 41
397 16 262 42
398 15 1 41
399 15 1 42
400 14 262 41
401 14 262 42
402 13 1 41
403 13 1 42
404 12 262 41
405 12 262 42
406 22 1 44
407 21 262 43
408 21 262 44
409 20 1 43
410 20 1 44
411 19 262 43
412 19 262 44
413 18 1 43
414 18 1 44
415 17 262 43
416 17 262 44
417 16 1 43
418 16 1 44
419 15 262 43
420 15 262 44
421 14 1 43
422 14 1 44
423 13 262 43
424 23 1 46
425 22 262 45
426 22 262 46
427 21 1 45
428 21 1 46
429 20 262 45
430 20 262 46
431 19 1 45
432 19 1 46
433 18 262 45
434 18 262 46
435 17 1 45
436 17 1 46
437 16 262 45
438 16 262 46
439 15 1 45
440 15 1 46
441 24 1 48
442 23 262 47
443 23 262 48
444 22 1 47
445 22 1 48
446 21 262 47
447 21 262 48
448 20 1 47
449 20 1 48
450 19 262 47
451 19 262 48
452 18 1 47
453 18 1 48
454 17 262 47
455 17 262 48
456 16 1 47
457 25 1 50
458 24 262 49
459 24 262 50
460 23 1 49
461 23 1 50
462 22 262 49
463 22 262 50
464 21 1 49
465 21 1 50
466 20 262 49
467 20 262 50
468 19 1 49
469 19 1 50
470 18 262 49
471 18 262 50
472 26 1 52
473 25 262 51
474 25 262 52
475 24 1 51
476 24 1 52
477 23 262 51
478 23 262 52
479 22 1 51
480 22 1 52
481 21 262 51
482 21 262 52
483 20 1 51
484 20 1 52
485 19 262 51
486 27 1 54
487 26 262 53
488 26 262 54
489 25 1 53
490 25 1 54
491 24 262 53
492 24 262 54
493 23 1 53
494 23 1 54
495 22 262 53
496 22 262 54
497 21 1 53
498 21 1 54
499 28 1 56
500 27 262 55
501 27 262 56
502 26 1 55
503 26 1 56
504 25 262 55
505 25 262 56
506 24 1 55
507 24 1 56
508 23 262 55
509 23 262 56
510 22 1 55
511 29 1 58
512 28 262 57
513 28 262 58
514 27 1 57
515 27 1 58
516 26 262 57
517 26 262 58
518 25 1 57
519 25 1 58
520 24 262 57
521 24 262 58
522 30 1 60
523 29 262 59
524 29 262 60
525 28 1 59
526 28 1 60
527 27 262 59
528 27 262 60
529 26 1 59
530 26 1 60
531 25 262 59
532 31 1 62
533 30 262 61
534 30 262 62
535 29 1 61
536 29 1 62
537 28 262 61
538 28 262 62
539 27 1 61
540 27 1 62
541 32 1 64
542 31 262 63
543 31 262 64
544 30 1 63
545 30 1 64
546 29 262 63
547 29 262 64
548 28 1 63
549 33 1 66
550 32 262 65
551 32 262 66
552 31 1 65
553 31 1 66
554 30 262 65
555 30 262 66
556 34 1 68
557 33 262 67
558 33 262 68
559 32 1 67
560 32 1 68
561 31 262 67
562 35 1 70
563 34 262 69
564 34 262 70
565 33 1 69
566 33 1 70
567 36 1 72
568 35 262 71
569 35 262 72
570 34 1 71
571 37 1 74
572 36 262 73
573 36 262 74
574 38 1 76
575 37 262 75
576 39 1 78
577 40 35 80
578 38 244 77
579 37 94 76
580 35 227 73
581 34 12 72
582 32 1 69
583 31 175 68
584 29 168 65
585 28 207 64
586 26 83 61
587 25 60 60
588 23 5 57
589 22 86 56
590 20 51 53
591 19 246 52
592 17 152 49
593 41 35 82
594 39 244 79
595 38 94 78
596 36 227 75
597 35 12 74
598 33 1 71
599 32 175 70
600 30 168 67
601 29 207 66
602 27 83 63
603 26 60 62
604 24 5 59
605 23 86 58
606 21 51 55
607 20 246 54
608 42 35 84
609 40 244 81
610 39 94 80
611 37 227 77
612 36 12 76
613 34 1 73
614 33 175 72
615 31 168 69
616 30 207 68
617 28 83 65
618 27 60 64
619 25 5 61
620 24 86 60
621 22 51 57
622 43 35 86
623 41 244 83
624 40 94 82
625 38 227 79
626 37 12 78
627 35 1 75
628 34 175 74
629 32 168 71
630 31 207 70
631 29 83 67
632 28 60 66
633 26 5 63
634 25 86 62
635 44 35 88
636 42 244 85
637 41 94 84
638 39 227 81
639 38 12 80
640 36 1 77
641 35 175 76
642 33 168 73
643 32 207 72
644 30 83 69
645 29 60 68
646 27 5 65
647 45 35 90
648 43 244 87
649 42 94 86
650 40 227 83
651 39 12 82
652 37 1 79
653 36 175 78
654 34 168 75
655 33 207 74
656 31 83 71
657 30 60 70
658 46 35 92
659 44 244 89
660 43 94 88
661 41 227 85
662 40 12 84
663 38 1 81
664 37 175 80
665 35 168 77
666 34 207 76
667 32 83 73
668 47 35 94
669 45 244 91
670 44 94 90
671 42 227 87
672 41 12 86
673 39 1 83
674 38 175 82
675 36 168 79
676 35 207 78
677 48 35 96
678 46 244 93
679 45 94 92
680 43 227 89
681 42 12 88
682 40 1 85
683 39 175 84
684 37 168 81
685 49 35 98
686 47 244 95
687 46 94 94
688 44 227 91
689 43 12 90
690 41 1 87
691 40 175 86
692 50 35 100
693 48 244 97
694 47 94 96
695 45 227 93
696 44 12 92
697 42 1 89
698 51 35 102
699 49 244 99
700 48 94 98
701 46 227 95
702 45 12 94
703 52 35 104
704 50 244 101
705 49 94 100
706 47 227 97
707 53 35 106
708 51 244 103
709 50 94 102
710 54 35 108
711 52 244 105
712 55 35 110
713 56 147 112
714 53 50 107
715 51 67 104
716 48 21 99
717 46 86 96
718 43 235 91
719 41 236 88
720 38 125 83
721 36 36 80
722 33 184 75
723 31 215 72
724 57 147 114
725 54 50 109
726 52 67 106
727 49 21 101
728 47 86 98
729 44 235 93
730 42 236 90
731 39 125 85
732 37 36 82
733 34 184 77
734 58 147 116
735 55 50 111
736 53 67 108
737 50 21 103
738 48 86 100
739 45 235 95
740 43 236 92
741 40 125 87
742 38 36 84
743 59 147 118
744 56 50 113
745 54 67 110
746 51 21 105
747 49 86 102
748 46 235 97
749 44 236 94
750 41 125 89
751 60 147 120
752 57 50 115
753 55 67 112
754 52 21 107
755 50 86 104
756 47 235 99
757 45 236 96
758 61 147 122
759 58 50 117
760 56 67 114
761 53 21 109
762 51 86 106
763 48 235 101
764 62 147 124
765 59 50 119
766 57 67 116
767 54 21 111
768 52 86 108
769 63 147 126
770 60 50 121
771 58 67 118
772 55 21 113
773 64 147 128
774 61 50 123
775 59 67 120
776 65 147 130
777 62 50 125
778 66 147 132
779 67 27 134
780 63 176 127
781 60 161 122
782 56 241 115
783 53 210 110
784 49 200 103
785 46 171 98
786 42 238 91
787 68 27 136
788 64 176 129
789 61 161 124
790 57 241 117
791 54 210 112
792 50 200 105
793 47 171 100
794 69 27 138
795 65 176 131
796 62 161 126
797 58 241 119
798 55 210 114
799 51 200 107
800 70 27 140
801 66 176 133
802 63 161 128
803 59 241 121
804 56 210 116
805 71 27 142
806 67 176 135
807 64 161 130
808 60 241 123
809 72 27 144
810 68 176 137
811 65 161 132
812 73 27 146
813 69 176 139
814 74 27 148
815 0 262 35
816 1 4 35
817 2 247 35
818 3 64 35
819 4 7 35
820 5 235 35
821 6 112 35
822 0 97 36
823 1 219 36
824 2 247 36
825 3 98 36
826 4 168 36
827 5 164 36
828 6 16 36
829 7 185 36
830 0 1 37
831 8 29 37
832 0 262 38
833 0 262 39
834 0 262 40
835 10 178 40
836 0 1 41
837 11 8 41
838 0 262 42
839 0 262 43
840 0 262 44
841 13 167 44
842 1 262 37
843 2 4 37
844 3 247 37
845 4 64 37
846 5 7 37
847 6 235 37
848 7 112 37
849 1 97 38
850 2 219 38
851 3 247 38
852 4 98 38
853 5 168 38
854 6 164 38
855 7 16 38
856 8 185 38
857 1 1 39
858 9 29 39
859 1 262 40
860 1 262 41
861 1 262 42
862 11 178 42
863 1 1 43
864 12 8 43
865 1 262 44
866 0 106 45
867 1 1 45
868 2 262 39
869 3 4 39
870 4 247 39
871 5 64 39
872 6 7 39
873 7 235 39
874 8 112 39
875 2 97 40
876 3 219 40
877 4 247 40
878 5 98 40
879 6 168 40
880 7 164 40
881 8 16 40
882 9 185 40
883 2 1 41
884 10 29 41
885 2 262 42
886 2 262 43
887 2 262 44
888 12 178 44
889 2 1 45
890 13 8 45
891 14 181 45
892 1 12 46
893 3 262 41
894 4 4 41
895 5 247 41
896 6 64 41
897 7 7 41
898 8 235 41
899 9 112 41
900 3 97 42
901 4 219 42
902 5 247 42
903 6 98 42
904 7 168 42
905 8 164 42
906 9 16 42
907 10 185 42
908 3 1 43
909 11 29 43
910 3 262 44
911 3 262 45
912 0 136 46
913 2 57 46
914 3 79 46
915 13 160 46
916 14 194 46
917 4 262 43
918 5 4 43
919 6 247 43
920 7 64 43
921 8 7 43
922 9 235 43
923 10 112 43
924 4 97 44
925 5 219 44
926 6 247 44
927 7 98 44
928 8 168 44
929 9 164 44
930 10 16 44
931 11 185 44
932 4 1 45
933 12 29 45
934 4 262 46
935 0 119 47
936 1 84 47
937 2 204 47
938 3 239 47
939 4 262 47
940 5 262 45
941 6 4 45
942 7 247 45
943 8 64 45
944 9 7 45
945 10 235 45
946 11 112 45
947 5 97 46
948 6 219 46
949 7 247 46
950 8 98 46
951 9 168 46
952 10 164 46
953 11 16 46
954 12 185 46
955 5 1 47
956 13 29 47
957 14 158 47
958 15 170 47
959 1 202 48
960 3 53 48
961 5 262 48
962 6 262 47
963 7 4 47
964 8 247 47
965 9 64 47
966 10 7 47
967 11 235 47
968 12 112 47
969 0 118 48
970 2 6 48
971 4 220 48
972 6 134 48
973 7 20 48
974 8 165 48
975 9 211 48
976 10 53 48
977 11 229 48
978 12 31 48
979 13 216 48
980 14 227 48
981 15 93 48
982 16 4 48
983 0 143 49
984 1 220 49
985 2 130 49
986 3 123 49
987 4 59 49
988 5 141 49
989 6 50 49
990 7 163 49
991 8 168 49
992 9 9 49
993 10 73 49
994 11 62 49
995 12 144 49
996 13 34 49
997 14 44 49
998 15 44 49
999 16 231 49
1000 0 214 50
1001 1 47 50
1002 2 105 50
1003 3 217 50
1004 4 260 50
1005 5 258 50
1006 6 245 50
1007 7 146 50
1008 8 79 50
1009 9 33 50
1010 10 64 50
1011 11 179 50
1012 12 240 50
1013 13 173 50
1014 14 99 50
1015 15 233 50
1016 16 215 50
1017 17 102 50
1018 0 166 51
1019 1 174 51
1020 2 202 51
1021 18 65 51
1022 3 127 51
1023 4 100 51
1024 5 184 51
1025 6 18 51
1026 7 104 51
1027 8 26 51
1028 9 60 51
1029 10 173 51
1030 11 110 51
1031 12 248 51
1032 13 28 51
1033 14 239 51
1034 15 115 51
1035 16 185 51
1036 17 229 51
1037 0 54 52
1038 1 205 52
1039 2 64 52
1040 3 251 52
1041 4 239 52
1042 5 171 52
1043 6 163 52
1044 7 141 52
1045 8 10 52
1046 9 57 52
1047 10 95 52
1048 11 222 52
1049 12 257 52
1050 13 79 52
1051 14 169 52
1052 15 71 52
1053 16 218 52
1054 17 131 52
1055 18 242 52
1056 0 67 53
1057 1 100 53
1058 2 104 53
1059 3 59 53
1060 4 87 53
1061 5 249 53
1062 6 166 53
1063 7 248 53
1064 8 72 53
1065 9 242 53
1066 10 1 53
1067 11 49 53
1068 12 152 53
1069 13 203 53
1070 14 156 53
1071 15 28 53
1072 16 32 53
1073 17 42 53
1074 18 209 53
1075 19 163 53
1076 0 185 54
1077 1 187 54
1078 2 84 54
1079 3 52 54
1080 4 64 54
1081 5 59 54
1082 6 188 54
1083 7 203 54
1084 8 55 54
1085 9 87 54
1086 10 9 54
1087 11 190 54
1088 12 54 54
1089 13 126 54
1090 14 73 54
1091 15 259 54
1092 16 159 54
1093 17 139 54
1094 18 238 54
1095 19 235 54
1096 0 1 55
1097 1 215 55
1098 2 223 55
1099 3 246 55
1100 4 170 55
1101 5 65 55
1102 6 138 55
1103 7 211 55
1104 8 31 55
1105 9 144 55
1106 10 211 55
1107 11 159 55
1108 12 186 55
1109 13 190 55
1110 14 238 55
1111 15 240 55
1112 16 257 55
1113 17 63 55
1114 18 167 55
1115 19 66 55
1116 20 130 55
1117 0 79 56
1118 1 165 56
1119 2 48 56
1120 3 216 56
1121 4 94 56
1122 5 22 56
1123 9 49 56
1124 10 158 56
1125 11 52 56
1126 15 262 56
1127 12 138 56
1128 13 214 56
1129 14 56 56
1130 16 125 56
1131 17 92 56
1132 18 221 56
1133 19 125 56
1134 20 10 56
1135 21 125 56
1136 0 77 57
1137 1 129 57
1138 2 23 57
1139 3 158 57
1140 4 107 57
1141 12 29 57
1142 13 134 57
1143 14 103 57
1144 15 130 57
1145 16 239 57
1146 17 21 57
1147 18 153 57
1148 19 216 57
1149 20 152 57
1150 21 54 57
1151 0 125 58
1152 1 224 58
1153 2 6 58
1154 3 41 58
1155 17 207 58
1156 18 1 58
1157 15 126 58
1158 16 72 58
1159 19 175 58
1160 20 207 58
1161 21 252 58
1162 22 69 58
1163 0 229 59
1164 19 1 59
1165 1 101 59
1166 2 124 59
1167 17 211 59
1168 18 146 59
1169 20 234 59
1170 21 210 59
1171 23 85 59
1172 22 10 59
1173 0 209 60
1174 1 69 60
1175 19 97 60
1176 20 155 60
1177 21 262 60
1178 22 206 60
1179 23 62 60
1180 0 47 61
1181 21 87 61
1182 22 262 61
1183 20 113 61
1184 23 1 61
1185 24 204 61
1186 23 262 62
1187 22 180 62
1188 24 262 62
1189 24 262 63
1190 25 262 63
1191 25 262 64
1192 26 1 64
1193 27 114 66
1194 26 206 65
1195 25 103 65
1196 24 80 64
1197 23 223 63
1198 22 243 63
1199 21 10 62
1200 20 5 62
1201 19 129 61
1202 18 67 60
1203 17 165 60
1204 16 49 59
1205 15 156 59
1206 14 185 58
1207 13 224 58
1208 12 112 58
1209 11 207 57
1210 10 235 57
1211 9 249 57
1212 8 7 56
1213 7 135 56
1214 28 149 67
1215 27 206 67
1216 26 160 66
1217 25 80 66
1218 24 223 65
1219 23 20 64
1220 22 10 64
1221 21 258 63
1222 20 129 63
1223 19 67 62
1224 18 98 61
1225 17 49 61
1226 16 107 60
1227 15 185 60
1228 14 39 59
1229 13 151 59
1230 12 207 59
1231 11 28 58
1232 10 14 58
1233 9 7 58
1234 29 149 69
1235 28 57 68
1236 27 160 68
1237 26 183 67
1238 25 223 67
1239 24 20 66
1240 23 253 65
1241 22 258 65
1242 21 134 64
1243 20 67 64
1244 19 98 63
1245 18 214 62
1246 17 107 62
1247 16 78 61
1248 15 39 61
1249 14 112 60
1250 13 56 60
1251 12 28 60
1252 11 249 59
1253 30 149 71
1254 29 57 70
1255 28 103 69
1256 27 183 69
1257 26 40 68
1258 25 20 68
1259 24 253 67
1260 23 5 66
1261 22 134 66
1262 21 196 65
1263 20 98 65
1264 19 214 64
1265 18 156 63
1266 17 78 63
1267 16 224 62
1268 15 112 62
1269 14 207 61
1270 13 235 61
1271 31 149 73
1272 30 57 72
1273 29 103 71
1274 28 80 70
1275 27 40 70
1276 26 243 69
1277 25 253 69
1278 24 5 68
1279 23 129 67
1280 22 196 67
1281 21 165 66
1282 20 214 66
1283 19 156 65
1284 18 185 64
1285 17 224 64
1286 16 151 63
1287 15 207 63
1288 32 114 74
1289 31 57 74
1290 30 103 73
1291 29 80 72
1292 28 223 71
1293 27 243 71
1294 26 10 70
1295 25 5 70
1296 24 129 69
1297 23 67 68
1298 22 165 68
1299 21 49 67
1300 20 156 67
1301 19 185 66
1302 18 39 65
1303 17 151 65
1304 33 114 76
1305 32 206 75
1306 31 103 75
1307 30 80 74
1308 29 223 73
1309 28 20 72
1310 27 10 72
1311 26 258 71
1312 25 129 71
1313 24 67 70
1314 23 98 69
1315 22 49 69
1316 21 107 68
1317 20 185 68
1318 19 39 67
1319 34 114 78
1320 33 206 77
1321 32 160 76
1322 31 80 76
1323 30 223 75
1324 29 20 74
1325 28 253 73
1326 27 258 73
1327 26 134 72
1328 25 67 72
1329 24 98 71
1330 23 214 70
1331 22 107 70
1332 21 78 69
1333 35 149 79
1334 34 206 79
1335 33 160 78
1336 32 183 77
1337 31 223 77
1338 30 20 76
1339 29 253 75
1340 28 5 74
1341 27 134 74
1342 26 196 73
1343 25 98 73
1344 24 214 72
1345 23 156 71
1346 36 149 81
1347 35 57 80
1348 34 160 80
1349 33 183 79
1350 32 40 78
1351 31 20 78
1352 30 253 77
1353 29 5 76
1354 28 129 75
1355 27 196 75
1356 26 165 74
1357 25 214 74
1358 37 149 83
1359 36 57 82
1360 35 103 81
1361 34 183 81
1362 33 40 80
1363 32 243 79
1364 31 253 79
1365 30 5 78
1366 29 129 77
1367 28 67 76
1368 27 165 76
1369 38 149 85
1370 37 57 84
1371 36 103 83
1372 35 80 82
1373 34 40 82
1374 33 243 81
1375 32 10 80
1376 31 5 80
1377 30 129 79
1378 29 67 78
1379 39 114 86
1380 38 57 86
1381 37 103 85
1382 36 80 84
1383 35 223 83
1384 34 243 83
1385 33 10 82
1386 32 258 81
1387 31 129 81
1388 40 114 88
1389 39 206 87
1390 38 103 87
1391 37 80 86
1392 36 223 85
1393 35 20 84
1394 34 10 84
1395 33 258 83
1396 41 114 90
1397 40 206 89
1398 39 160 88
1399 38 80 88
1400 37 223 87
1401 36 20 86
1402 35 253 85
1403 42 114 92
1404 41 206 91
1405 40 160 90
1406 39 183 89
1407 38 223 89
1408 37 20 88
1409 43 149 93
1410 42 206 93
1411 41 160 92
1412 40 183 91
1413 39 40 90
1414 44 149 95
1415 43 57 94
1416 42 160 94
1417 41 183 93
1418 45 149 97
1419 44 57 96
1420 43 103 95
1421 46 149 99
1422 45 57 98
1423 47 149 101
1424 48 3 102
1425 46 230 100
1426 44 163 97
1427 42 48 95
1428 40 2 92
1429 38 241 90
1430 36 21 87
1431 34 32 85
1432 32 89 82
1433 30 73 80
1434 28 14 77
1435 26 109 75
1436 24 116 73
1437 22 39 71
1438 20 97 69
1439 18 15 66
1440 49 3 104
1441 47 230 102
1442 45 163 99
1443 43 215 96
1444 41 2 94
1445 39 22 91
1446 37 21 89
1447 35 231 86
1448 33 89 84
1449 31 73 82
1450 29 14 79
1451 27 109 77
1452 25 116 75
1453 23 224 72
1454 21 166 70
1455 50 3 106
1456 48 33 103
1457 46 163 101
1458 44 215 98
1459 42 2 96
1460 40 22 93
1461 38 21 91
1462 36 231 88
1463 34 89 86
1464 32 190 83
1465 30 14 81
1466 28 154 78
1467 26 147 76
1468 24 224 74
1469 51 3 108
1470 49 33 105
1471 47 163 103
1472 45 215 100
1473 43 261 97
1474 41 22 95
1475 39 242 92
1476 37 231 90
1477 35 174 87
1478 33 190 85
1479 31 14 83
1480 29 154 80
1481 27 147 78
1482 52 260 109
1483 50 33 107
1484 48 100 104
1485 46 215 102
1486 44 261 99
1487 42 22 97
1488 40 242 94
1489 38 231 92
1490 36 174 89
1491 34 190 87
1492 32 249 84
1493 30 154 82
1494 53 260 111
1495 51 33 109
1496 49 100 106
1497 47 215 104
1498 45 261 101
1499 43 241 98
1500 41 242 96
1501 39 32 93
1502 37 174 91
1503 35 73 88
1504 33 249 86
1505 54 260 113
1506 52 230 110
1507 50 100 108
1508 48 48 105
1509 46 261 103
1510 44 241 100
1511 42 242 98
1512 40 32 95
1513 38 174 93
1514 36 73 90
1515 55 260 115
1516 53 230 112
1517 51 100 110
1518 49 48 107
1519 47 261 105
1520 45 241 102
1521 43 21 99
1522 41 32 97
1523 39 89 94
1524 56 260 117
1525 54 230 114
1526 52 163 111
1527 50 48 109
1528 48 2 106
1529 46 241 104
1530 44 21 101
1531 42 32 99
1532 57 3 118
1533 55 230 116
1534 53 163 113
1535 51 48 111
1536 49 2 108
1537 47 241 106
1538 45 21 103
1539 58 3 120
1540 56 230 118
1541 54 163 115
1542 52 215 112
1543 50 2 110
1544 48 22 107
1545 59 3 122
1546 57 33 119
1547 55 163 117
1548 53 215 114
1549 51 2 112
1550 60 3 124
1551 58 33 121
1552 56 163 119
1553 54 215 116
1554 61 260 125
1555 59 33 123
1556 57 100 120
1557 62 260 127
1558 60 33 125
1559 63 260 129
1560 64 129 131
1561 61 242 126
1562 58 229 122
1563 55 233 118
1564 52 11 113
1565 49 118 109
1566 46 166 105
1567 43 132 100
1568 40 101 96
1569 37 151 92
1570 34 257 88
1571 31 103 84
1572 28 234 79
1573 65 129 133
1574 62 242 128
1575 59 229 124
1576 56 233 120
1577 53 11 115
1578 50 118 111
1579 47 166 107
1580 44 132 102
1581 41 101 98
1582 38 151 94
1583 35 6 89
1584 32 160 85
1585 66 134 134
1586 63 242 130
1587 60 229 126
1588 57 30 121
1589 54 11 117
1590 51 118 113
1591 48 97 108
1592 45 132 104
1593 42 101 100
1594 39 112 95
1595 36 6 91
1596 67 134 136
1597 64 242 132
1598 61 34 127
1599 58 30 123
1600 55 11 119
1601 52 145 114
1602 49 97 110
1603 46 132 106
1604 43 162 101
1605 40 112 97
1606 68 134 138
1607 65 242 134
1608 62 34 129
1609 59 30 125
1610 56 11 121
1611 53 145 116
1612 50 97 112
1613 47 132 108
1614 44 162 103
1615 69 134 140
1616 66 21 135
1617 63 34 131
1618 60 30 127
1619 57 252 122
1620 54 145 118
1621 51 97 114
1622 48 131 109
1623 70 129 141
1624 67 21 137
1625 64 34 133
1626 61 233 128
1627 58 252 124
1628 55 145 120
1629 52 166 115
1630 71 129 143
1631 68 21 139
1632 65 34 135
1633 62 233 130
1634 59 252 126
1635 56 145 122
1636 72 129 145
1637 69 21 141
1638 66 229 136
1639 63 233 132
1640 60 252 128
1641 73 129 147
1642 70 242 142
1643 67 229 138
1644 64 233 134
1645 74 129 149
1646 71 242 144
1647 68 229 140
1648 75 134 150
1649 72 242 146
1650 76 134 152
1651 6 223 56
1652 5 103 57
1653 6 253 57
1654 7 129 57
1655 4 63 58
1656 5 261 58
1657 3 17 59
1658 4 39 59
1659 2 166 60
1660 3 145 60
1661 1 177 61
1662 2 240 61
1663 0 6 62
1664 1 242 62
1665 0 20 63
1666 0 20 64
1667 0 20 65
1668 0 20 66
1669 0 20 67
1670 8 90 57
1671 6 160 58
1672 7 10 58
1673 5 159 59
1674 8 98 58
1675 6 75 59
1676 7 15 59
1677 4 160 60
1678 5 165 60
1679 3 63 61
1680 4 131 61
1681 2 240 62
1682 3 110 62
1683 1 246 63
1684 2 56 63
1685 1 10 64
1686 1 10 65
1687 8 97 59
1688 10 71 59
1689 9 109 59
1690 6 151 60
1691 7 197 60
1692 8 258 60
1693 9 107 60
1694 5 190 61
1695 6 51 61
1696 7 128 61
1697 4 153 62
1698 5 203 62
1699 3 130 63
1700 4 71 63
1701 2 113 64
1702 10 242 60
1703 8 138 61
1704 11 215 60
1705 9 90 61
1706 10 170 61
1707 6 70 62
1708 11 88 61
1709 7 206 62
1710 8 122 62
1711 5 201 63
1712 9 81 62
1713 6 173 63
1714 7 20 63
1715 12 113 61
1716 10 84 62
1717 11 71 62
1718 13 155 62
1719 12 12 62
1720 8 237 63
1721 9 95 63
1722 10 173 63
1723 11 57 63
1724 3 3 64
1725 4 59 64
1726 14 206 62
1727 12 74 63
1728 13 169 63
1729 5 178 64
1730 14 236 63
1731 6 10 64
1732 7 247 64
1733 2 98 65
1734 8 69 64
1735 14 35 64
1736 16 69 64
1737 15 80 64
1738 3 165 65
1739 4 32 65
1740 5 177 65
1741 15 204 65
1742 16 250 65
1743 1 219 66
1744 2 63 66
1745 17 180 66
1746 3 144 66
1747 1 87 67
1748 0 85 68
1749 2 11 67
1750 19 8 68
1751 9 182 64
1752 10 223 64
1753 12 223 64
1754 11 223 64
1755 13 80 64
1756 6 80 65
1757 7 200 65
1758 8 36 65
1759 9 74 65
1760 10 191 65
1761 11 67 65
1762 12 27 65
1763 13 224 65
1764 14 230 65
1765 4 81 66
1766 5 228 66
1767 6 142 66
1768 7 168 66
1769 8 156 66
1770 9 6 66
1771 15 12 66
1772 16 192 66
1773 3 229 67
1774 4 36 67
1775 5 167 67
1776 6 53 67
1777 10 182 66
1778 11 223 66
1779 13 223 66
1780 12 223 66
1781 14 80 66
1782 7 80 67
1783 8 200 67
1784 9 36 67
1785 10 74 67
1786 11 191 67
1787 12 67 67
1788 13 27 67
1789 14 224 67
1790 15 230 67
1791 16 184 67
1792 17 67 67
1793 18 9 67
1794 1 34 68
1795 2 150 68
1796 3 117 68
1797 4 175 68
1798 5 146 68
1799 6 259 68
1800 7 98 68
1801 8 33 68
1802 9 30 68
1803 10 165 68
1804 11 243 68
1805 12 40 68
1806 13 105 68
1807 14 177 68
1808 15 48 68
1809 16 248 68
1810 17 102 68
1811 18 62 68
1812 0 55 69
1813 1 117 69
1814 2 215 69
1815 3 237 69
1816 4 254 69
1817 5 95 69
1818 6 78 69
1819 7 34 69
1820 8 105 69
1821 9 162 69
1822 10 96 69
1823 11 88 69
1824 12 78 69
1825 13 181 69
1826 14 236 69
1827 15 118 69
1828 16 259 69
1829 17 103 69
1830 18 262 69
1831 19 128 69
1832 0 151 70
1833 1 46 70
1834 2 193 70
1835 3 144 70
1836 4 77 70
1837 5 78 70
1838 6 30 70
1839 7 201 70
1840 8 140 70
1841 9 167 70
1842 11 83 70
1843 10 4 70
1844 12 118 70
1845 13 166 70
1846 14 115 70
1847 15 36 70
1848 16 138 70
1849 17 52 70
1850 18 249 70
1851 19 81 70
1852 20 55 70
1853 0 232 71
1854 1 197 71
1855 2 61 71
1856 3 82 71
1857 4 158 71
1858 5 169 71
1859 6 8 71
1860 7 92 71
1861 8 237 71
1862 9 179 71
1863 10 38 71
1864 11 104 71
1865 12 13 71
1866 13 239 71
1867 14 203 71
1868 15 18 71
1869 16 169 71
1870 17 256 71
1871 18 223 71
1872 19 191 71
1873 20 172 71
1874 21 59 71
1875 0 261 72
1876 1 194 72
1877 2 8 72
1878 3 163 72
1879 4 77 72
1880 5 196 72
1881 6 52 72
1882 7 150 72
1883 8 202 72
1884 9 98 72
1885 10 147 72
1886 11 101 72
1887 12 55 72
1888 13 122 72
1889 14 88 72
1890 16 78 72
1891 15 145 72
1892 17 30 72
1893 18 189 72
1894 19 257 72
1895 20 160 72
1896 21 260 72
1897 22 89 72
1898 0 133 73
1899 1 228 73
1900 2 260 73
1901 3 165 73
1902 4 22 73
1903 5 173 73
1904 6 130 73
1905 7 164 73
1906 8 206 73
1907 9 18 73
1908 10 115 73
1909 11 163 73
1910 12 186 73
1911 13 113 73
1912 14 262 73
1913 15 183 73
1914 16 144 73
1915 17 153 73
1916 18 103 73
1917 19 86 73
1918 20 77 73
1919 21 73 73
1920 22 197 73
1921 23 118 73
1922 0 110 74
1923 1 53 74
1924 2 137 74
1925 3 127 74
1926 4 92 74
1927 5 105 74
1928 6 90 74
1929 7 93 74
1930 8 189 74
1931 9 252 74
1932 10 97 74
1933 11 99 74
1934 12 164 74
1935 13 260 74
1936 14 207 74
1937 15 120 74
1938 16 50 74
1939 17 120 74
1940 18 248 74
1941 19 105 74
1942 20 151 74
1943 21 235 74
1944 22 208 74
1945 23 114 74
1946 0 48 75
1947 1 173 75
1948 2 123 75
1949 3 176 75
1950 4 31 75
1951 5 93 75
1952 6 129 75
1953 7 197 75
1954 8 38 75
1955 9 44 75
1956 10 41 75
1957 11 26 75
1958 12 169 75
1959 13 179 75
1960 14 76 75
1961 15 195 75
1962 16 150 75
1963 17 54 75
1964 18 20 75
1965 19 160 75
1966 20 211 75
1967 21 182 75
1968 22 78 75
1969 23 197 75
1970 24 19 75
1971 0 17 76
1972 1 50 76
1973 2 111 76
1974 3 27 76
1975 4 16 76
1976 5 23 76
1977 9 55 76
1978 11 174 76
1979 12 51 76
1980 13 211 76
1981 14 5 76
1982 15 14 76
1983 16 87 76
1984 17 88 76
1985 18 167 76
1986 19 192 76
1987 20 132 76
1988 21 196 76
1989 22 129 76
1990 23 208 76
1991 24 23 76
1992 25 162 76
1993 0 140 77
1994 1 40 77
1995 2 60 77
1996 3 221 77
1997 4 245 77
1998 5 60 77
1999 15 84 77
2000 17 76 77
2001 18 221 77
2002 19 105 77
2003 20 259 77
2004 21 178 77
2005 22 129 77
2006 23 18 77
2007 24 73 77
2008 25 62 77
2009 26 3 77
2010 0 194 78
2011 1 210 78
2012 2 184 78
2013 3 165 78
2014 4 246 78
2015 17 51 78
2016 18 252 78
2017 19 154 78
2018 20 247 78
2019 21 68 78
2020 22 229 78
2021 23 250 78
2022 24 132 78
2023 25 188 78
2024 26 5 78
2025 0 233 79
2026 1 177 79
2027 2 209 79
2028 3 47 79
2029 4 59 79
2030 20 91 79
2031 21 78 79
2032 22 260 79
2033 23 42 79
2034 24 221 79
2035 25 127 79
2036 26 22 79
2037 27 141 79
2038 0 146 80
2039 1 260 80
2040 2 221 80
2041 3 128 80
2042 20 39 80
2043 21 100 80
2044 22 7 80
2045 23 78 80
2046 24 227 80
2047 25 197 80
2048 26 175 80
2049 27 102 80
2050 28 60 80
2051 0 205 81
2052 1 135 81
2053 2 245 81
2054 3 199 81
2055 23 213 81
2056 24 241 81
2057 25 189 81
2058 26 127 81
2059 27 79 81
2060 29 88 81
2061 28 56 81
2062 0 232 82
2063 1 178 82
2064 2 187 82
2065 24 79 82
2066 25 239 82
2067 26 114 82
2068 27 210 82
2069 28 197 82
2070 29 127 82
2071 0 101 83
2072 1 258 83
2073 2 150 83
2074 26 127 83
2075 27 46 83
2076 28 51 83
2077 29 260 83
2078 30 134 83
2079 0 171 84
2080 1 40 84
2081 27 43 84
2082 28 59 84
2083 29 115 84
2084 30 87 84
2085 0 228 85
2086 1 241 85
2087 31 56 85
2088 29 169 85
2089 30 207 85
2090 0 150 86
2091 30 39 86
2092 32 235 86
2093 31 207 86
2094 31 207 87
2095 0 169 87
2096 33 28 87
2097 32 28 87
2098 32 28 88
2099 34 28 89
2100 33 235 88
2101 35 249 90
2102 36 242 92
2103 34 135 90
2104 33 218 89
2105 31 124 88
2106 30 134 87
2107 28 208 85
2108 27 51 85
2109 25 123 83
2110 24 41 83
2111 22 37 81
2112 21 100 81
2113 19 71 79
2114 18 199 79
2115 16 186 77
2116 15 139 78
2117 13 67 77
2118 12 220 77
2119 10 212 76
2120 9 34 77
2121 7 181 76
2122 6 33 76
2123 37 21 93
2124 35 64 91
2125 34 218 91
2126 32 201 89
2127 31 134 89
2128 29 55 86
2129 28 106 86
2130 26 70 84
2131 25 222 84
2132 23 113 82
2133 22 163 82
2134 20 71 81
2135 19 64 80
2136 17 186 79
2137 16 201 78
2138 14 165 77
2139 13 153 78
2140 11 157 77
2141 10 17 77
2142 8 222 76
2143 38 21 95
2144 36 64 93
2145 35 154 92
2146 33 62 90
2147 32 196 90
2148 30 55 88
2149 29 157 87
2150 27 70 86
2151 26 152 85
2152 24 113 84
2153 23 50 83
2154 21 96 82
2155 20 64 82
2156 18 170 80
2157 17 201 80
2158 15 165 79
2159 14 208 78
2160 12 106 78
2161 11 123 78
2162 39 121 96
2163 37 199 94
2164 36 154 94
2165 34 62 92
2166 33 67 91
2167 31 55 90
2168 30 157 89
2169 28 228 87
2170 27 152 87
2171 25 150 85
2172 24 50 85
2173 22 167 83
2174 21 231 83
2175 19 93 81
2176 18 31 81
2177 16 214 79
2178 15 208 80
2179 13 210 79
2180 40 121 98
2181 38 199 96
2182 37 109 95
2183 35 232 93
2184 34 67 93
2185 32 104 91
2186 31 157 91
2187 29 35 88
2188 28 187 88
2189 26 188 86
2190 25 213 86
2191 23 48 84
2192 22 32 84
2193 20 93 83
2194 19 232 82
2195 17 214 81
2196 16 104 80
2197 41 142 99
2198 39 32 97
2199 38 109 97
2200 36 232 95
2201 35 98 94
2202 33 159 92
2203 32 53 92
2204 30 35 90
2205 29 76 89
2206 27 188 88
2207 26 25 87
2208 24 48 86
2209 23 247 85
2210 21 85 84
2211 20 232 84
2212 18 156 82
2213 42 142 101
2214 40 32 99
2215 39 77 98
2216 37 31 96
2217 36 98 96
2218 34 159 94
2219 33 210 93
2220 31 35 92
2221 30 76 91
2222 28 169 89
2223 27 25 89
2224 25 215 87
2225 24 247 87
2226 22 178 85
2227 21 147 85
2228 43 192 102
2229 41 231 100
2230 40 77 100
2231 38 31 98
2232 37 165 97
2233 35 52 95
2234 34 210 95
2235 32 114 93
2236 31 76 93
2237 29 94 90
2238 28 119 90
2239 26 24 88
2240 25 16 88
2241 23 174 86
2242 44 192 104
2243 42 231 102
2244 41 186 101
2245 39 116 99
2246 38 165 99
2247 36 52 97
2248 35 158 96
2249 33 149 94
2250 32 225 94
2251 30 94 92
2252 29 144 91
2253 27 24 90
2254 26 255 89
2255 45 71 105
2256 43 16 103
2257 42 186 103
2258 40 116 101
2259 39 49 100
2260 37 211 98
2261 36 158 98
2262 34 149 96
2263 33 38 95
2264 31 94 94
2265 30 144 93
2266 28 251 91
2267 46 71 107
2268 44 16 105
2269 43 170 104
2270 41 147 102
2271 40 49 102
2272 38 211 100
2273 37 105 99
2274 35 57 97
2275 34 38 97
2276 32 216 95
2277 31 144 95
2278 47 71 109
2279 45 247 106
2280 44 170 106
2281 42 147 104
2282 41 214 103
2283 39 26 101
2284 38 105 101
2285 36 57 99
2286 35 244 98
2287 33 47 96
2288 48 96 110
2289 46 247 108
2290 45 93 107
2291 43 58 105
2292 42 214 105
2293 40 26 103
2294 39 79 102
2295 37 206 100
2296 36 244 100
2297 49 167 111
2298 47 247 110
2299 46 93 109
2300 44 58 107
2301 43 156 106
2302 41 237 104
2303 40 79 104
2304 38 206 102
2305 50 167 113
2306 48 8 111
2307 47 93 111
2308 45 205 108
2309 44 156 108
2310 42 237 106
2311 41 184 105
2312 51 167 115
2313 49 255 112
2314 48 85 112
2315 46 205 110
2316 45 107 109
2317 43 13 107
2318 52 48 116
2319 50 255 114
2320 49 178 113
2321 47 205 112
2322 46 107 111
2323 53 215 117
2324 51 255 116
2325 50 178 115
2326 48 29 113
2327 54 215 119
2328 52 4 117
2329 51 178 117
2330 55 215 121
2331 53 259 118
2332 56 215 123
2333 57 110 123
2334 54 14 120
2335 52 118 118
2336 49 138 114
2337 47 191 113
2338 44 105 109
2339 42 192 107
2340 39 246 103
2341 37 14 101
2342 34 260 98
2343 32 125 96
2344 29 8 92
2345 27 53 91
2346 24 45 88
2347 22 195 86
2348 19 240 83
2349 17 12 82
2350 14 35 79
2351 58 110 125
2352 55 14 122
2353 53 145 119
2354 50 138 116
2355 48 36 114
2356 45 158 110
2357 43 167 108
2358 40 246 105
2359 38 14 103
2360 35 133 99
2361 33 138 97
2362 30 8 94
2363 28 105 92
2364 25 218 89
2365 23 34 87
2366 20 240 85
2367 18 257 83
2368 59 110 127
2369 56 14 124
2370 54 145 121
2371 51 138 118
2372 49 227 115
2373 46 158 112
2374 44 167 110
2375 41 17 106
2376 39 256 104
2377 36 133 101
2378 34 138 99
2379 31 8 96
2380 29 158 93
2381 26 154 90
2382 24 34 89
2383 21 143 86
2384 60 110 129
2385 57 7 124
2386 55 145 123
2387 52 194 119
2388 50 227 117
2389 47 158 114
2390 45 96 111
2391 42 17 108
2392 40 256 106
2393 37 130 102
2394 35 194 100
2395 32 259 97
2396 30 158 95
2397 27 154 92
2398 25 229 90
2399 61 55 129
2400 58 7 126
2401 56 145 125
2402 53 69 120
2403 51 227 119
2404 48 184 115
2405 46 96 113
2406 43 123 109
2407 41 7 107
2408 38 130 104
2409 36 194 102
2410 33 4 98
2411 31 158 97
2412 28 186 93
2413 62 55 131
2414 59 7 128
2415 57 204 125
2416 54 69 122
2417 52 18 120
2418 49 79 116
2419 47 96 115
2420 44 123 111
2421 42 7 109
2422 39 198 105
2423 37 69 103
2424 34 4 100
2425 32 184 98
2426 63 55 133
2427 60 7 130
2428 58 204 127
2429 55 69 124
2430 53 245 121
2431 50 79 118
2432 48 215 116
2433 45 140 112
2434 43 128 110
2435 40 198 107
2436 38 69 105
2437 35 261 101
2438 64 55 135
2439 61 135 130
2440 59 204 129
2441 56 69 126
2442 54 245 123
2443 51 79 120
2444 49 48 117
2445 46 140 114
2446 44 128 112
2447 41 65 108
2448 39 97 106
2449 65 208 136
2450 62 135 132
2451 60 204 131
2452 57 166 126
2453 55 245 125
2454 52 92 121
2455 50 48 119
2456 47 140 116
2457 45 135 113
2458 42 65 110
2459 66 159 137
2460 63 135 134
2461 61 102 131
2462 58 166 128
2463 56 245 127
2464 53 171 122
2465 51 48 121
2466 48 193 117
2467 46 135 115
2468 67 159 139
2469 64 135 136
2470 62 102 133
2471 59 166 130
2472 57 254 127
2473 54 171 124
2474 52 239 122
2475 49 70 118
2476 68 159 141
2477 65 128 137
2478 63 102 135
2479 60 166 132
2480 58 254 129
2481 55 171 126
2482 53 24 123
2483 69 104 142
2484 66 199 138
2485 64 102 137
2486 61 83 132
2487 59 254 131
2488 56 171 128
2489 70 211 143
2490 67 199 140
2491 65 161 138
2492 62 83 134
2493 60 254 133
2494 71 211 145
2495 68 199 142
2496 66 51 139
2497 63 83 136
2498 72 211 147
2499 69 64 143
2500 67 51 141
2501 73 52 148
2502 70 231 144
2503 74 52 150
2504 6 139 77
2505 7 249 77
2506 8 219 77
2507 5 104 78
2508 6 67 78
2509 7 71 78
2510 8 180 78
2511 9 106 78
2512 10 217 78
2513 5 262 79
2514 6 197 79
2515 10 60 79
2516 11 27 79
2517 12 234 79
2518 4 162 80
2519 5 203 80
2520 12 260 80
2521 13 165 80
2522 14 142 80
2523 7 139 79
2524 8 249 79
2525 9 219 79
2526 6 104 80
2527 7 67 80
2528 8 71 80
2529 9 180 80
2530 10 106 80
2531 11 217 80
2532 4 63 81
2533 5 69 81
2534 6 71 81
2535 7 26 81
2536 11 77 81
2537 12 179 81
2538 13 29 81
2539 14 134 81
2540 15 229 81
2541 8 139 81
2542 9 249 81
2543 10 219 81
2544 16 120 81
2545 3 116 82
2546 4 230 82
2547 5 68 82
2548 6 78 82
2549 7 180 82
2550 8 97 82
2551 9 78 82
2552 10 170 82
2553 11 253 82
2554 12 158 82
2555 13 249 82
2556 14 46 82
2557 15 73 82
2558 16 210 82
2559 3 14 83
2560 4 232 83
2561 5 133 83
2562 6 124 83
2563 7 113 83
2564 8 25 83
2565 9 257 83
2566 10 89 83
2567 11 141 83
2568 12 177 83
2569 13 225 83
2570 14 49 83
2571 15 145 83
2572 16 157 83
2573 17 26 83
2574 2 162 84
2575 3 114 84
2576 4 144 84
2577 5 199 84
2578 6 3 84
2579 7 159 84
2580 8 143 84
2581 9 219 84
2582 10 64 84
2583 11 158 84
2584 12 34 84
2585 13 185 84
2586 14 104 84
2587 15 249 84
2588 16 210 84
2589 17 215 84
2590 18 141 84
2591 19 168 84
2592 2 79 85
2593 3 87 85
2594 4 55 85
2595 5 226 85
2596 6 176 85
2597 7 1 85
2598 8 92 85
2599 9 93 85
2600 10 121 85
2601 11 16 85
2602 12 13 85
2603 13 38 85
2604 14 228 85
2605 15 209 85
2606 16 221 85
2607 17 214 85
2608 18 70 85
2609 19 28 85
2610 1 5 86
2611 2 185 86
2612 3 193 86
2613 4 180 86
2614 5 30 86
2615 6 174 86
2616 7 24 86
2617 8 239 86
2618 9 173 86
2619 10 136 86
2620 11 207 86
2621 12 243 86
2622 13 135 86
2623 14 245 86
2624 15 79 86
2625 16 5 86
2626 17 213 86
2627 18 222 86
2628 19 66 86
2629 20 68 86
2630 1 207 87
2631 2 188 87
2632 3 145 87
2633 4 178 87
2634 5 153 87
2635 6 172 87
2636 7 6 87
2637 8 159 87
2638 9 158 87
2639 10 10 87
2640 11 31 87
2641 12 86 87
2642 13 144 87
2643 14 141 87
2644 15 248 87
2645 16 255 87
2646 17 90 87
2647 18 35 87
2648 19 10 87
2649 20 246 87
2650 21 251 87
2651 22 204 87
2652 0 186 88
2653 1 253 88
2654 2 75 88
2655 3 257 88
2656 4 41 88
2657 5 199 88
2658 6 221 88
2659 7 210 88
2660 8 244 88
2661 9 153 88
2662 10 228 88
2663 11 146 88
2664 12 209 88
2665 13 124 88
2666 14 165 88
2667 15 64 88
2668 16 203 88
2669 17 71 88
2670 18 66 88
2671 19 88 88
2672 20 20 88
2673 21 158 88
2674 22 194 88
2675 23 28 88
2676 0 47 89
2677 1 184 89
2678 2 54 89
2679 3 48 89
2680 4 130 89
2681 5 141 89
2682 6 218 89
2683 7 143 89
2684 8 197 89
2685 9 242 89
2686 10 253 89
2687 11 73 89
2688 12 101 89
2689 13 134 89
2690 14 186 89
2691 15 151 89
2692 16 199 89
2693 17 146 89
2694 18 41 89
2695 19 244 89
2696 20 11 89
2697 21 69 89
2698 22 54 89
2699 23 38 89
2700 0 223 90
2701 1 175 90
2702 2 20 90
2703 3 33 90
2704 4 47 90
2705 5 254 90
2706 6 172 90
2707 7 4 90
2708 8 258 90
2709 9 152 90
2710 10 136 90
2711 11 37 90
2712 12 7 90
2713 13 234 90
2714 14 252 90
2715 15 216 90
2716 16 188 90
2717 17 150 90
2718 18 213 90
2719 19 229 90
2720 20 262 90
2721 21 178 90
2722 22 1 90
2723 23 89 90
2724 24 239 90
2725 0 29 91
2726 1 211 91
2727 2 107 91
2728 3 139 91
2729 4 128 91
2730 5 184 91
2731 6 107 91
2732 7 212 91
2733 8 15 91
2734 9 227 91
2735 10 66 91
2736 11 14 91
2737 12 50 91
2738 13 118 91
2739 14 250 91
2740 15 135 91
2741 16 179 91
2742 17 41 91
2743 18 28 91
2744 19 56 91
2745 20 207 91
2746 21 5 91
2747 22 13 91
2748 23 212 91
2749 24 201 91
2750 25 46 91
2751 26 123 91
2752 0 217 92
2753 1 242 92
2754 3 173 92
2755 2 18 92
2756 4 79 92
2757 5 231 92
2758 6 194 92
2759 7 212 92
2760 8 252 92
2761 9 157 92
2762 10 215 92
2763 11 255 92
2764 12 87 92
2765 13 85 92
2766 14 51 92
2767 15 103 92
2768 16 121 92
2769 17 69 92
2770 18 96 92
2771 19 119 92
2772 20 62 92
2773 21 251 92
2774 22 34 92
2775 23 27 92
2776 24 20 92
2777 25 233 92
2778 26 105 92
2779 0 215 93
2780 1 52 93
2781 2 138 93
2782 3 51 93
2783 4 75 93
2784 5 244 93
2785 6 17 93
2786 7 152 93
2787 8 102 93
2788 9 87 93
2789 10 47 93
2790 11 259 93
2791 12 182 93
2792 13 119 93
2793 14 64 93
2794 15 3 93
2795 16 23 93
2796 17 260 93
2797 18 9 93
2798 19 187 93
2799 20 199 93
2800 21 149 93
2801 22 113 93
2802 23 216 93
2803 24 119 93
2804 25 47 93
2805 26 212 93
2806 27 128 93
2807 0 214 94
2808 1 199 94
2809 2 62 94
2810 3 218 94
2811 4 142 94
2812 5 92 94
2813 6 11 94
2814 7 137 94
2815 8 53 94
2816 9 214 94
2817 10 17 94
2818 11 91 94
2819 12 178 94
2820 13 79 94
2821 14 163 94
2822 15 261 94
2823 16 188 94
2824 17 225 94
2825 18 219 94
2826 19 239 94
2827 20 66 94
2828 21 147 94
2829 22 26 94
2830 23 2 94
2831 24 252 94
2832 25 9 94
2833 26 107 94
2834 27 227 94
2835 28 5 94
2836 29 120 94
2837 0 242 95
2838 1 116 95
2839 2 253 95
2840 3 220 95
2841 4 214 95
2842 5 90 95
2843 7 227 95
2844 6 86 95
2845 8 253 95
2846 9 245 95
2847 10 20 95
2848 11 187 95
2849 12 214 95
2850 13 50 95
2851 14 59 95
2852 15 185 95
2853 16 29 95
2854 17 224 95
2855 18 185 95
2856 19 169 95
2857 21 56 95
2858 20 50 95
2859 22 79 95
2860 23 223 95
2861 24 11 95
2862 25 149 95
2863 26 82 95
2864 27 18 95
2865 28 40 95
2866 29 209 95
2867 0 39 96
2868 1 195 96
2869 2 140 96
2870 3 1 96
2871 4 197 96
2872 5 153 96
2873 6 142 96
2874 7 160 96
2875 8 41 96
2876 9 67 96
2877 11 235 96
2878 13 174 96
2879 15 22 96
2880 17 37 96
2881 18 188 96
2882 19 182 96
2883 20 51 96
2884 21 106 96
2885 22 21 96
2886 23 129 96
2887 24 241 96
2888 25 236 96
2889 26 114 96
2890 27 123 96
2891 28 134 96
2892 29 105 96
2893 30 242 96
2894 0 3 97
2895 1 212 97
2896 2 113 97
2897 3 146 97
2898 4 52 97
2899 5 173 97
2900 17 130 97
2901 18 48 97
2902 19 186 97
2903 20 206 97
2904 21 157 97
2905 22 179 97
2906 23 122 97
2907 24 79 97
2908 25 5 97
2909 26 193 97
2910 27 251 97
2911 28 165 97
2912 29 261 97
2913 30 41 97
2914 0 77 98
2915 1 26 98
2916 2 63 98
2917 3 178 98
2918 4 223 98
2919 5 48 98
2920 20 184 98
2921 21 66 98
2922 22 172 98
2923 23 214 98
2924 24 8 98
2925 25 142 98
2926 26 229 98
2927 27 138 98
2928 28 160 98
2929 29 86 98
2930 30 127 98
2931 31 255 98
2932 0 99 99
2933 1 135 99
2934 2 246 99
2935 3 103 99
2936 4 118 99
2937 5 30 99
2938 21 120 99
2939 23 240 99
2940 24 58 99
2941 25 219 99
2942 26 154 99
2943 27 36 99
2944 28 193 99
2945 29 251 99
2946 30 127 99
2947 31 220 99
2948 32 31 99
2949 33 98 99
2950 0 229 100
2951 1 120 100
2952 2 113 100
2953 3 166 100
2954 4 81 100
2955 24 14 100
2956 25 70 100
2957 26 42 100
2958 27 53 100
2959 30 70 100
2960 28 190 100
2961 29 78 100
2962 31 87 100
2963 32 209 100
2964 33 192 100
2965 0 67 101
2966 1 22 101
2967 2 190 101
2968 3 106 101
2969 4 1 101
2970 25 11 101
2971 27 141 101
2972 31 35 101
2973 28 106 101
2974 32 225 101
2975 30 228 101
2976 29 218 101
2977 33 22 101
2978 34 247 101
2979 0 221 102
2980 1 191 102
2981 2 66 102
2982 3 33 102
2983 4 249 102
2984 27 218 102
2985 28 88 102
2986 32 76 102
2987 31 114 102
2988 33 223 102
2989 34 22 102
2990 30 149 102
2991 35 54 102
2992 0 73 103
2993 29 114 102
2994 1 234 103
2995 2 241 103
2996 3 80 103
2997 30 136 103
2998 34 187 103
2999 31 54 103
3000 32 225 103
3001 33 76 103
3002 35 119 103
3003 36 132 103
3004 0 225 104
3005 1 159 104
3006 2 51 104
3007 3 67 104
3008 31 55 104
3009 32 5 104
3010 35 113 104
3011 34 38 104
3012 33 19 104
3013 36 203 104
3014 37 259 104
3015 0 71 105
3016 1 125 105
3017 2 68 105
3018 3 6 105
3019 31 13 105
3020 32 132 105
3021 36 150 105
3022 35 75 105
3023 34 244 105
3024 37 188 105
3025 0 77 106
3026 33 19 105
3027 1 60 106
3028 38 75 106
3029 2 43 106
3030 34 186 106
3031 37 188 106
3032 36 188 106
3033 35 94 106
3034 0 83 107
3035 1 95 107
3036 2 110 107
3037 39 238 107
3038 38 94 107
3039 35 30 107
3040 0 226 108
3041 37 169 107
3042 36 169 107
3043 1 261 108
3044 2 177 108
3045 40 25 108
3046 39 144 108
3047 38 216 108
3048 0 155 109
3049 1 195 109
3050 37 47 108
3051 38 257 109
3052 41 119 109
3053 40 119 109
3054 39 191 109
3055 0 54 110
3056 1 141 110
3057 39 71 110
3058 0 64 111
3059 41 72 110
3060 40 72 110
3061 1 15 111
3062 42 36 111
3063 43 215 111
3064 0 83 112
3065 41 227 111
3066 42 212 112
3067 0 4 113
3068 43 24 112
3069 44 12 113
3070 0 1 114
3071 45 257 114
3072 46 151 116
3073 44 97 114
3074 42 45 113
3075 40 62 111
3076 38 205 110
3077 36 224 108
3078 34 28 107
3079 32 90 106
3080 30 186 104
3081 28 147 103
3082 26 146 101
3083 24 95 101
3084 22 21 99
3085 20 192 99
3086 18 16 98
3087 16 261 96
3088 14 132 96
3089 12 164 96
3090 10 222 96
3091 6 76 97
3092 7 149 97
3093 8 95 97
3094 9 121 97
3095 10 260 97
3096 47 112 117
3097 45 83 115
3098 43 15 113
3099 41 232 112
3100 39 107 111
3101 37 151 109
3102 35 166 108
3103 33 45 106
3104 31 186 106
3105 29 205 103
3106 27 146 103
3107 25 84 102
3108 23 256 100
3109 21 199 100
3110 19 8 98
3111 17 261 98
3112 15 131 97
3113 13 33 97
3114 11 189 97
3115 12 261 97
3116 14 118 97
3117 16 261 97
3118 6 19 98
3119 48 138 118
3120 46 83 117
3121 44 15 115
3122 42 232 114
3123 40 156 112
3124 38 151 111
3125 36 97 109
3126 34 45 108
3127 32 201 107
3128 30 205 105
3129 28 39 104
3130 26 28 102
3131 24 256 102
3132 22 231 100
3133 20 8 100
3134 18 176 99
3135 7 6 98
3136 8 100 98
3137 9 262 98
3138 10 160 98
3139 11 95 98
3140 12 1 98
3141 49 194 119
3142 47 180 118
3143 45 124 116
3144 43 165 114
3145 41 185 113
3146 39 125 112
3147 37 83 110
3148 35 248 109
3149 33 232 107
3150 31 205 107
3151 29 151 104
3152 27 28 104
3153 25 135 103
3154 23 186 101
3155 21 85 101
3156 19 88 99
3157 17 241 99
3158 15 126 98
3159 13 100 98
3160 14 167 98
3161 16 114 98
3162 50 69 120
3163 48 203 119
3164 46 124 118
3165 44 165 116
3166 42 185 115
3167 40 138 113
3168 38 83 112
3169 36 15 110
3170 34 232 109
3171 32 107 108
3172 30 151 106
3173 28 166 105
3174 26 45 103
3175 24 186 103
3176 22 174 101
3177 20 88 101
3178 18 95 100
3179 6 4 99
3180 7 146 99
3181 8 142 99
3182 51 69 122
3183 49 30 120
3184 47 139 119
3185 45 49 117
3186 43 237 115
3187 41 194 114
3188 39 60 113
3189 37 124 111
3190 35 98 110
3191 33 185 108
3192 31 151 108
3193 29 83 105
3194 27 45 105
3195 25 170 104
3196 23 205 102
3197 21 146 102
3198 19 179 100
3199 17 21 100
3200 15 71 99
3201 52 240 123
3202 50 233 121
3203 48 129 120
3204 46 49 119
3205 44 237 117
3206 42 194 116
3207 40 203 114
3208 38 124 113
3209 36 165 111
3210 34 185 110
3211 32 125 109
3212 30 83 107
3213 28 248 106
3214 26 232 104
3215 24 205 104
3216 22 73 102
3217 20 179 102
3218 18 256 101
3219 53 143 124
3220 51 233 123
3221 49 67 121
3222 47 214 120
3223 45 13 118
3224 43 240 116
3225 41 30 115
3226 39 134 114
3227 37 49 112
3228 35 26 111
3229 33 194 109
3230 31 83 109
3231 29 124 106
3232 27 232 106
3233 25 29 105
3234 23 151 103
3235 21 28 103
3236 54 120 125
3237 52 10 124
3238 50 196 122
3239 48 104 121
3240 46 13 120
3241 44 240 118
3242 42 30 117
3243 40 129 115
3244 38 49 114
3245 36 237 112
3246 34 194 111
3247 32 60 110
3248 30 124 108
3249 28 98 107
3250 26 185 105
3251 24 151 105
3252 55 120 127
3253 53 258 125
3254 51 196 124
3255 49 211 122
3256 47 250 121
3257 45 143 119
3258 43 10 117
3259 41 67 116
3260 39 159 115
3261 37 13 113
3262 35 23 112
3263 33 30 110
3264 31 124 110
3265 29 49 107
3266 27 185 107
3267 57 252 128
3268 54 5 126
3269 52 110 125
3270 50 52 123
3271 48 92 122
3272 46 143 121
3273 44 10 119
3274 42 67 118
3275 40 104 116
3276 38 13 115
3277 36 240 113
3278 34 30 112
3279 32 134 111
3280 30 49 109
3281 56 260 129
3282 55 5 128
3283 53 208 126
3284 51 52 125
3285 49 217 123
3286 47 120 122
3287 45 258 120
3288 43 110 118
3289 41 211 117
3290 39 171 116
3291 37 143 114
3292 35 253 113
3293 33 67 111
3294 58 243 130
3295 57 238 129
3296 54 55 127
3297 52 158 126
3298 50 46 124
3299 48 223 123
3300 46 258 122
3301 44 110 120
3302 42 211 119
3303 40 92 117
3304 38 143 116
3305 36 10 114
3306 59 243 132
3307 56 219 130
3308 55 55 129
3309 53 184 127
3310 51 46 126
3311 49 20 124
3312 47 5 123
3313 45 208 121
3314 43 158 119
3315 41 217 118
3316 39 40 117
3317 61 80 133
3318 58 43 131
3319 57 255 130
3320 54 79 128
3321 52 160 127
3322 50 243 125
3323 48 86 124
3324 46 208 123
3325 44 158 121
3326 42 217 120
3327 60 220 134
3328 59 43 133
3329 56 63 131
3330 55 79 130
3331 53 183 128
3332 51 243 127
3333 49 220 125
3334 47 55 124
3335 45 184 122
3336 62 91 135
3337 61 75 134
3338 58 210 132
3339 57 219 131
3340 54 80 129
3341 52 182 128
3342 50 43 126
3343 48 157 125
3344 63 91 137
3345 60 166 135
3346 59 210 134
3347 56 71 132
3348 55 80 131
3349 53 172 129
3350 51 43 128
3351 64 172 138
3352 62 212 136
3353 61 123 135
3354 58 206 133
3355 56 80 133
3356 54 91 130
3357 65 177 139
3358 63 212 138
3359 60 79 136
3360 59 206 135
3361 57 162 132
3362 66 204 140
3363 64 51 139
3364 62 228 137
3365 61 206 136
3366 67 204 142
3367 65 106 140
3368 63 228 139
3369 68 59 143
3370 66 140 141
3371 69 102 144
3372 9 228 99
3373 10 163 99
3374 11 81 99
3375 12 137 99
3376 13 19 99
3377 14 125 99
3378 16 233 99
3379 5 192 100
3380 6 114 100
3381 7 76 100
3382 8 149 100
3383 9 139 100
3384 10 123 100
3385 13 24 100
3386 5 15 101
3387 5 15 102
3388 4 142 103
3389 5 161 103
3390 4 124 104
3391 4 124 105
3392 3 147 106
3393 4 233 106
3394 3 201 107
3395 3 201 108
3396 2 212 109
3397 3 215 109
3398 11 223 100
3399 12 105 100
3400 14 58 100
3401 15 42 100
3402 16 236 100
3403 6 241 101
3404 7 156 101
3405 8 104 101
3406 9 132 101
3407 10 106 101
3408 11 66 101
3409 12 138 101
3410 13 89 101
3411 14 133 101
3412 15 49 101
3413 17 201 101
3414 19 178 101
3415 6 165 102
3416 6 165 103
3417 5 118 104
3418 6 219 104
3419 5 49 105
3420 5 49 106
3421 4 235 107
3422 16 157 101
3423 7 26 102
3424 8 12 102
3425 9 255 102
3426 10 190 102
3427 11 233 102
3428 12 69 102
3429 13 79 102
3430 14 223 102
3431 15 258 102
3432 16 69 102
3433 17 210 102
3434 18 198 102
3435 19 82 102
3436 7 18 103
3437 8 256 103
3438 9 255 103
3439 10 149 103
3440 11 52 103
3441 18 47 103
3442 22 150 103
3443 7 237 104
3444 12 99 103
3445 13 64 103
3446 14 12 103
3447 15 237 103
3448 16 254 103
3449 17 165 103
3450 19 28 103
3451 20 51 103
3452 8 146 104
3453 9 152 104
3454 10 168 104
3455 11 118 104
3456 12 65 104
3457 13 20 104
3458 14 38 104
3459 15 177 104
3460 16 98 104
3461 17 255 104
3462 18 101 104
3463 19 163 104
3464 20 75 104
3465 21 201 104
3466 22 178 104
3467 23 65 104
3468 6 243 105
3469 7 172 105
3470 8 52 105
3471 9 230 105
3472 10 173 105
3473 11 102 105
3474 12 95 105
3475 13 98 105
3476 14 248 105
3477 15 176 105
3478 16 101 105
3479 17 54 105
3480 18 22 105
3481 19 111 105
3482 20 157 105
3483 21 65 105
3484 22 49 105
3485 23 50 105
3486 6 184 106
3487 7 118 106
3488 8 250 106
3489 9 224 106
3490 10 141 106
3491 11 174 106
3492 12 65 106
3493 13 175 106
3494 14 120 106
3495 15 255 106
3496 16 151 106
3497 17 60 106
3498 18 146 106
3499 19 47 106
3500 20 20 106
3501 21 133 106
3502 22 161 106
3503 23 186 106
3504 24 60 106
3505 25 127 106
3506 26 71 106
3507 5 4 107
3508 6 35 107
3509 7 47 107
3510 8 235 107
3511 9 7 107
3512 10 28 107
3513 11 114 107
3514 12 254 107
3515 13 61 107
3516 14 114 107
3517 15 221 107
3518 16 197 107
3519 17 157 107
3520 18 20 107
3521 19 188 107
3522 21 33 107
3523 20 150 107
3524 22 46 107
3525 23 241 107
3526 24 222 107
3527 25 48 107
3528 26 145 107
3529 4 120 108
3530 5 221 108
3531 6 242 108
3532 7 162 108
3533 8 41 108
3534 9 89 108
3535 10 92 108
3536 11 202 108
3537 12 63 108
3538 13 194 108
3539 14 253 108
3540 15 78 108
3541 16 119 108
3542 17 203 108
3543 18 46 108
3544 19 250 108
3545 20 195 108
3546 21 224 108
3547 22 28 108
3548 23 212 108
3549 24 193 108
3550 25 65 108
3551 26 245 108
3552 27 96 108
3553 28 64 108
3554 29 20 108
3555 4 160 109
3556 5 180 109
3557 6 61 109
3558 7 246 109
3559 8 72 109
3560 9 6 109
3561 10 181 109
3562 11 80 109
3563 12 51 109
3564 13 243 109
3565 14 194 109
3566 15 21 109
3567 16 185 109
3568 17 106 109
3569 18 217 109
3570 19 68 109
3571 20 226 109
3572 21 258 109
3573 22 171 109
3574 23 166 109
3575 24 124 109
3576 25 224 109
3577 26 31 109
3578 27 211 109
3579 28 221 109
3580 29 38 109
3581 2 47 110
3582 3 6 110
3583 4 58 110
3584 5 63 110
3585 6 214 110
3586 7 80 110
3587 8 237 110
3588 9 168 110
3589 10 219 110
3590 11 63 110
3591 12 177 110
3592 13 141 110
3593 14 130 110
3594 15 216 110
3595 16 254 110
3596 17 209 110
3597 18 82 110
3598 19 2 110
3599 20 30 110
3600 21 111 110
3601 22 65 110
3602 23 188 110
3603 24 65 110
3604 25 45 110
3605 26 174 110
3606 27 249 110
3607 28 237 110
3608 29 178 110
3609 30 180 110
3610 2 18 111
3611 3 196 111
3612 4 142 111
3613 5 96 111
3614 6 9 111
3615 7 139 111
3616 8 117 111
3617 9 195 111
3618 10 120 111
3619 11 90 111
3620 12 37 111
3621 13 216 111
3622 14 184 111
3623 15 61 111
3624 16 158 111
3625 17 21 111
3626 18 246 111
3627 19 24 111
3628 20 57 111
3629 21 173 111
3630 22 96 111
3631 23 59 111
3632 24 94 111
3633 25 114 111
3634 26 252 111
3635 27 15 111
3636 28 144 111
3637 29 244 111
3638 30 182 111
3639 31 13 111
3640 1 226 112
3641 2 22 112
3642 3 34 112
3643 4 68 112
3644 5 188 112
3645 6 202 112
3646 7 254 112
3647 8 246 112
3648 9 34 112
3649 10 231 112
3650 11 127 112
3651 12 19 112
3652 13 55 112
3653 14 154 112
3654 15 139 112
3655 16 68 112
3656 17 132 112
3657 18 13 112
3658 19 246 112
3659 20 16 112
3660 21 231 112
3661 22 142 112
3662 23 24 112
3663 24 124 112
3664 25 52 112
3665 26 164 112
3666 27 146 112
3667 28 83 112
3668 29 210 112
3669 30 126 112
3670 31 254 112
3671 32 51 112
3672 33 251 112
3673 1 5 113
3674 2 68 113
3675 3 172 113
3676 4 88 113
3677 5 172 113
3678 6 225 113
3679 7 1 113
3680 8 155 113
3681 9 117 113
3682 10 8 113
3683 11 93 113
3684 12 137 113
3685 13 125 113
3686 14 17 113
3687 15 87 113
3688 16 116 113
3689 17 210 113
3690 18 188 113
3691 19 61 113
3692 20 207 113
3693 21 7 113
3694 22 153 113
3695 23 185 113
3696 24 28 113
3697 25 232 113
3698 26 71 113
3699 27 226 113
3700 28 7 113
3701 29 129 113
3702 30 2 113
3703 31 77 113
3704 32 58 113
3705 33 142 113
3706 34 257 113
3707 1 112 114
3708 2 246 114
3709 3 27 114
3710 4 34 114
3711 5 212 114
3712 6 231 114
3713 7 10 114
3714 8 41 114
3715 9 33 114
3716 10 49 114
3717 11 23 114
3718 12 202 114
3719 13 70 114
3720 14 32 114
3721 15 171 114
3722 16 89 114
3723 17 114 114
3724 18 192 114
3725 19 88 114
3726 20 115 114
3727 21 44 114
3728 22 155 114
3729 23 175 114
3730 24 18 114
3731 25 139 114
3732 26 36 114
3733 27 186 114
3734 28 155 114
3735 29 169 114
3736 30 172 114
3737 31 193 114
3738 32 261 114
3739 33 121 114
3740 34 252 114
3741 35 238 114
3742 0 176 115
3743 1 94 115
3744 2 45 115
3745 3 186 115
3746 4 188 115
3747 5 25 115
3748 6 176 115
3749 7 236 115
3750 8 248 115
3751 9 95 115
3752 10 252 115
3753 11 163 115
3754 12 148 115
3755 13 187 115
3756 14 204 115
3757 15 109 115
3758 16 219 115
3759 17 167 115
3760 18 130 115
3761 19 237 115
3762 20 170 115
3763 21 10 115
3764 22 104 115
3765 23 254 115
3766 24 114 115
3767 25 172 115
3768 26 62 115
3769 27 79 115
3770 28 240 115
3771 29 137 115
3772 30 3 115
3773 31 234 115
3774 32 48 115
3775 33 93 115
3776 34 237 115
3777 35 195 115
3778 36 42 115
3779 37 163 115
3780 0 187 116
3781 1 55 116
3782 2 215 116
3783 3 203 116
3784 4 12 116
3785 5 234 116
3786 6 168 116
3787 7 16 116
3788 8 7 116
3789 9 194 116
3790 10 154 116
3791 11 2 116
3792 12 168 116
3793 13 19 116
3794 14 3 116
3795 15 54 116
3796 16 236 116
3797 17 20 116
3798 18 151 116
3799 19 38 116
3800 20 1 116
3801 21 46 116
3802 22 51 116
3803 23 257 116
3804 24 165 116
3805 25 102 116
3806 26 23 116
3807 27 38 116
3808 28 209 116
3809 29 54 116
3810 30 111 116
3811 31 139 116
3812 32 205 116
3813 33 254 116
3814 34 65 116
3815 35 92 116
3816 36 220 116
3817 37 28 116
3818 0 243 117
3819 1 37 117
3820 2 83 117
3821 3 114 117
3822 4 249 117
3823 5 107 117
3824 6 111 117
3825 7 22 117
3826 8 224 117
3827 9 128 117
3828 10 113 117
3829 11 45 117
3830 12 221 117
3831 13 186 117
3832 14 104 117
3833 15 132 117
3834 16 153 117
3835 17 173 117
3836 18 232 117
3837 19 57 117
3838 20 74 117
3839 21 9 117
3840 22 74 117
3841 23 255 117
3842 24 70 117
3843 25 57 117
3844 26 133 117
3845 27 167 117
3846 28 68 117
3847 29 222 117
3848 30 108 117
3849 31 188 117
3850 32 39 117
3851 33 66 117
3852 34 171 117
3853 35 219 117
3854 36 259 117
3855 37 32 117
3856 38 130 117
3857 0 137 118
3858 1 47 118
3859 2 173 118
3860 3 162 118
3861 4 100 118
3862 5 253 118
3863 6 2 118
3864 7 207 118
3865 8 11 118
3866 9 113 118
3867 10 84 118
3868 11 255 118
3869 12 79 118
3870 13 193 118
3871 14 85 118
3872 15 120 118
3873 16 206 118
3874 17 18 118
3875 18 33 118
3876 19 113 118
3877 20 101 118
3878 21 245 118
3879 22 27 118
3880 23 125 118
3881 24 174 118
3882 25 168 118
3883 26 182 118
3884 27 143 118
3885 28 147 118
3886 29 155 118
3887 30 138 118
3888 31 169 118
3889 32 196 118
3890 33 59 118
3891 34 128 118
3892 35 216 118
3893 36 89 118
3894 37 170 118
3895 38 198 118
3896 39 227 118
3897 40 217 118
3898 0 31 119
3899 1 107 119
3900 2 138 119
3901 3 69 119
3902 4 206 119
3903 5 221 119
3904 6 89 119
3905 7 18 119
3906 8 100 119
3907 9 186 119
3908 10 208 119
3909 11 4 119
3910 12 142 119
3911 13 88 119
3912 14 95 119
3913 15 133 119
3914 16 142 119
3915 17 52 119
3916 18 4 119
3917 19 28 119
3918 20 254 119
3919 21 132 119
3920 22 156 119
3921 23 212 119
3922 24 243 119
3923 25 172 119
3924 26 202 119
3925 27 135 119
3926 28 252 119
3927 29 253 119
3928 30 18 119
3929 31 24 119
3930 32 231 119
3931 33 226 119
3932 34 244 119
3933 39 228 119
3934 35 236 119
3935 36 175 119
3936 37 89 119
3937 38 114 119
3938 40 47 119
3939 41 139 119
3940 0 68 120
3941 1 255 120
3942 2 170 120
3943 3 62 120
3944 4 30 120
3945 5 75 120
3946 6 166 120
3947 7 51 120
3948 8 38 120
3949 9 249 120
3950 10 10 120
3951 11 90 120
3952 12 34 120
3953 13 4 120
3954 14 213 120
3955 15 235 120
3956 16 11 120
3957 17 169 120
3958 18 180 120
3959 19 105 120
3960 20 47 120
3961 21 11 120
3962 22 247 120
3963 23 41 120
3964 24 114 120
3965 25 93 120
3966 26 125 120
3967 27 28 120
3968 28 150 120
3969 29 175 120
3970 30 230 120
3971 31 200 120
3972 32 41 120
3973 33 76 120
3974 34 40 120
3975 35 61 120
3976 36 69 120
3977 37 102 120
3978 38 256 120
3979 39 69 120
3980 40 39 120
3981 41 91 120
3982 43 63 120
3983 0 237 121
3984 1 190 121
3985 2 59 121
3986 3 46 121
3987 4 232 121
3988 5 201 121
3989 6 67 121
3990 7 115 121
3991 8 90 121
3992 9 252 121
3993 10 62 121
3994 11 254 121
3995 12 113 121
3996 13 249 121
3997 14 181 121
3998 15 205 121
3999 16 55 121
4000 17 243 121
4001 18 154 121
4002 19 51 121
4003 20 262 121
4004 21 221 121
4005 22 104 121
4006 23 89 121
4007 24 189 121
4008 25 35 121
4009 26 124 121
4010 27 221 121
4011 28 118 121
4012 29 167 121
4013 30 70 121
4014 31 116 121
4015 32 125 121
4016 33 42 121
4017 34 68 121
4018 35 196 121
4019 36 58 121
4020 37 163 121
4021 38 224 121
4022 39 119 121
4023 40 102 121
4024 41 109 121
4025 42 260 121
4026 43 85 121
4027 0 97 122
4028 1 3 122
4029 2 196 122
4030 3 233 122
4031 4 231 122
4032 5 256 122
4033 6 107 122
4034 7 190 122
4035 8 257 122
4036 9 135 122
4037 10 55 122
4038 11 176 122
4039 12 79 122
4040 13 182 122
4041 14 16 122
4042 15 206 122
4043 16 90 122
4044 17 48 122
4045 18 197 122
4046 19 216 122
4047 20 228 122
4048 21 131 122
4049 22 137 122
4050 23 232 122
4051 24 11 122
4052 25 229 122
4053 26 22 122
4054 27 261 122
4055 28 163 122
4056 29 24 122
4057 30 183 122
4058 31 66 122
4059 32 152 122
4060 33 255 122
4061 34 134 122
4062 35 59 122
4063 36 91 122
4064 37 195 122
4065 38 118 122
4066 39 216 122
4067 40 242 122
4068 41 63 122
4069 42 137 122
4070 43 24 122
4071 44 112 122
4072 0 22 123
4073 1 200 123
4074 2 122 123
4075 3 200 123
4076 4 48 123
4077 5 90 123
4078 6 90 123
4079 7 188 123
4080 8 6 123
4081 9 104 123
4082 10 222 123
4083 11 121 123
4084 12 76 123
4085 13 90 123
4086 14 106 123
4087 15 184 123
4088 16 192 123
4089 17 44 123
4090 18 260 123
4091 19 193 123
4092 20 148 123
4093 21 48 123
4094 22 244 123
4095 23 238 123
4096 24 241 123
4097 25 58 123
4098 26 246 123
4099 27 171 123
4100 28 126 123
4101 29 54 123
4102 30 46 123
4103 31 129 123
4104 32 101 123
4105 33 206 123
4106 34 104 123
4107 45 202 123
4108 44 202 123
4109 35 196 123
4110 36 80 123
4111 42 170 123
4112 37 105 123
4113 39 48 123
4114 38 130 123
4115 40 193 123
4116 41 139 123
4117 43 171 123
4118 0 167 124
4119 1 27 124
4120 2 115 124
4121 3 43 124
4122 4 254 124
4123 5 166 124
4124 6 167 124
4125 7 188 124
4126 8 175 124
4127 9 162 124
4128 10 205 124
4129 11 102 124
4130 12 259 124
4131 13 169 124
4132 14 180 124
4133 15 233 124
4134 16 257 124
4135 17 230 124
4136 18 91 124
4137 19 117 124
4138 20 21 124
4139 46 61 124
4140 45 108 124
4141 21 69 124
4142 22 126 124
4143 42 143 124
4144 23 168 124
4145 24 87 124
4146 25 25 124
4147 39 247 124
4148 38 154 124
4149 26 92 124
4150 27 201 124
4151 28 196 124
4152 29 123 124
4153 30 15 124
4154 31 189 124
4155 32 172 124
4156 33 137 124
4157 34 261 124
4158 35 261 124
4159 36 7 124
4160 37 49 124
4161 40 142 124
4162 41 5 124
4163 43 1 124
4164 44 169 124
4165 0 10 125
4166 1 235 125
4167 2 59 125
4168 3 165 125
4169 4 208 125
4170 47 101 125
4171 46 155 125
4172 5 150 125
4173 6 52 125
4174 44 227 125
4175 7 262 125
4176 8 84 125
4177 9 116 125
4178 10 117 125
4179 39 93 125
4180 11 190 125
4181 12 121 125
4182 13 49 125
4183 14 173 125
4184 16 207 125
4185 15 80 125
4186 17 239 125
4187 32 118 125
4188 18 53 125
4189 19 221 125
4190 30 257 125
4191 20 215 125
4192 21 247 125
4193 22 251 125
4194 24 117 125
4195 25 62 125
4196 23 70 125
4197 26 201 125
4198 27 138 125
4199 28 122 125
4200 48 172 126
4201 47 54 126
4202 45 9 125
4203 0 168 126
4204 45 12 126
4205 42 131 125
4206 43 45 125
4207 1 7 126
4208 41 178 125
4209 40 178 125
4210 38 232 125
4211 2 77 126
4212 38 134 126
4213 36 165 125
4214 35 110 125
4215 37 21 125
4216 34 59 125
4217 33 195 125
4218 31 136 125
4219 3 180 126
4220 4 166 126
4221 29 118 125
4222 5 36 126
4223 6 249 126
4224 7 258 126
4225 8 206 126
4226 24 147 126
4227 9 87 126
4228 25 149 126
4229 49 145 126
4230 48 118 127
4231 46 254 126
4232 0 42 127
4233 46 251 127
4234 44 260 126
4235 42 82 126
4236 1 199 127
4237 43 75 126
4238 41 116 126
4239 39 205 126
4240 40 116 126
4241 2 210 127
4242 31 186 126
4243 36 208 126
4244 37 161 126
4245 35 51 126
4246 34 68 126
4247 32 229 126
4248 33 198 126
4249 3 253 127
4250 30 131 126
4251 27 246 126
4252 4 194 127
4253 28 175 126
4254 29 174 126
4255 26 195 126
4256 5 93 127
4257 50 59 127
4258 49 127 127
4259 47 136 127
4260 0 142 128
4261 47 6 128
4262 45 1 127
4263 44 1 127
4264 1 247 128
4265 42 23 127
4266 43 150 127
4267 39 12 127
4268 41 49 127
4269 40 49 127
4270 38 55 127
4271 6 174 127
4272 2 232 128
4273 36 106 127
4274 35 246 127
4275 32 188 127
4276 34 65 127
4277 33 197 127
4278 31 132 127
4279 30 44 127
4280 37 258 127
4281 27 112 127
4282 28 117 127
4283 24 10 127
4284 51 59 129
4285 50 68 128
4286 48 229 128
4287 49 133 128
4288 0 186 129
4289 46 262 128
4290 45 175 128
4291 1 259 129
4292 44 175 128
4293 42 162 128
4294 3 50 128
4295 43 223 128
4296 41 159 128
4297 39 52 128
4298 38 157 128
4299 40 127 128
4300 4 140 128
4301 36 140 128
4302 5 119 128
4303 35 181 128
4304 34 66 128
4305 32 230 128
4306 31 219 128
4307 33 102 128
4308 30 73 128
4309 29 151 127
4310 52 212 129
4311 51 68 130
4312 48 161 129
4313 50 65 129
4314 49 131 129
4315 47 132 129
4316 46 88 129
4317 0 161 130
4318 45 117 129
4319 44 117 129
4320 2 252 129
4321 42 64 129
4322 43 62 129
4323 3 155 129
4324 39 158 129
4325 40 210 129
4326 38 123 129
4327 37 222 128
4328 4 247 129
4329 36 41 129
4330 35 115 129
4331 5 158 129
4332 32 11 129
4333 33 168 129
4334 31 190 129
4335 53 17 130
4336 52 17 130
4337 1 31 130
4338 0 257 131
4339 50 66 130
4340 48 230 130
4341 47 219 130
4342 49 237 130
4343 46 146 130
4344 45 224 130
4345 2 63 130
4346 44 224 130
4347 42 183 130
4348 41 79 129
4349 3 167 130
4350 41 193 130
4351 39 35 130
4352 38 222 130
4353 4 259 130
4354 37 189 129
4355 36 74 130
4356 34 137 129
4357 5 219 130
4358 34 95 130
4359 54 123 131
4360 53 82 131
4361 51 181 131
4362 52 82 131
4363 0 65 132
4364 1 210 131
4365 48 11 131
4366 49 73 131
4367 47 190 131
4368 46 39 131
4369 2 213 131
4370 45 13 131
4371 44 13 131
4372 43 151 130
4373 3 239 131
4374 42 189 131
4375 40 149 130
4376 39 76 131
4377 4 262 131
4378 38 189 131
4379 37 200 130
4380 35 163 130
4381 5 252 131
4382 55 140 132
4383 54 222 132
4384 51 230 132
4385 53 148 132
4386 52 148 132
4387 50 137 131
4388 1 226 132
4389 50 95 132
4390 48 84 132
4391 47 112 132
4392 2 119 132
4393 46 250 132
4394 45 171 132
4395 43 152 131
4396 3 257 132
4397 42 180 132
4398 41 38 131
4399 40 38 131
4400 4 197 132
4401 39 150 132
4402 38 200 132
4403 36 50 131
4404 57 88 133
4405 55 41 133
4406 0 41 133
4407 54 189 133
4408 53 126 133
4409 51 137 133
4410 1 188 133
4411 52 220 133
4412 49 28 132
4413 48 235 133
4414 2 227 133
4415 47 138 133
4416 46 92 133
4417 44 23 132
4418 3 130 133
4419 44 206 133
4420 43 225 132
4421 41 75 132
4422 4 115 133
4423 40 75 132
4424 39 213 133
4425 56 83 134
4426 57 184 134
4427 0 76 134
4428 55 74 134
4429 54 200 134
4430 1 58 134
4431 51 42 134
4432 52 221 134
4433 50 249 133
4434 49 166 133
4435 2 254 134
4436 48 97 134
4437 47 217 134
4438 45 80 133
4439 3 164 134
4440 45 19 134
4441 42 61 133
4442 43 249 133
4443 4 226 134
4444 41 238 133
4445 58 225 134
4446 56 242 135
4447 0 19 135
4448 57 26 135
4449 55 63 135
4450 53 142 134
4451 1 209 135
4452 53 14 135
4453 51 249 135
4454 50 180 134
4455 2 195 135
4456 49 120 134
4457 48 143 135
4458 46 183 134
4459 3 41 135
4460 46 244 135
4461 44 61 134
4462 42 248 134
4463 4 188 135
4464 59 225 136
4465 58 188 135
4466 0 202 136
4467 56 233 136
4468 57 54 136
4469 54 192 135
4470 1 118 136
4471 54 256 136
4472 52 128 135
4473 51 180 136
4474 2 246 136
4475 50 203 135
4476 49 223 135
4477 47 40 135
4478 3 76 136
4479 47 141 136
4480 45 155 135
4481 44 155 135
4482 60 245 137
4483 59 188 137
4484 0 182 137
4485 58 25 136
4486 56 151 137
4487 55 71 136
4488 1 161 137
4489 55 7 137
4490 53 45 136
4491 52 45 136
4492 2 193 137
4493 51 203 137
4494 50 20 136
4495 48 253 136
4496 49 101 136
4497 3 133 137
4498 46 108 136
4499 61 228 137
4500 60 161 138
4501 0 177 138
4502 59 25 138
4503 58 167 137
4504 57 80 137
4505 1 106 138
4506 56 213 138
4507 54 109 137
4508 53 248 137
4509 2 114 138
4510 52 248 137
4511 51 20 138
4512 48 13 137
4513 50 81 137
4514 49 54 137
4515 62 108 138
4516 61 252 138
4517 0 110 139
4518 60 118 139
4519 59 167 139
4520 57 96 138
4521 58 32 138
4522 1 88 139
4523 55 154 138
4524 54 139 138
4525 2 160 139
4526 53 5 138
4527 52 5 138
4528 3 182 138
4529 3 182 139
4530 63 108 140
4531 62 227 139
4532 0 159 140
4533 61 7 139
4534 60 124 140
4535 56 250 139
4536 1 171 140
4537 58 77 139
4538 56 154 140
4539 55 124 139
4540 57 119 139
4541 54 129 139
4542 53 86 139
4543 51 177 139
4544 64 54 140
4545 63 227 141
4546 0 237 141
4547 62 12 140
4548 61 54 140
4549 59 255 140
4550 1 240 141
4551 59 77 141
4552 2 260 140
4553 57 147 140
4554 58 132 140
4555 55 134 140
4556 54 220 140
4557 65 245 141
4558 64 245 141
4559 0 125 142
4560 63 12 142
4561 62 259 141
4562 60 8 141
4563 61 174 141
4564 1 228 142
4565 2 47 141
4566 56 129 141
4567 58 67 141
4568 57 12 141
4569 66 136 142
4570 65 6 142
4571 0 97 143
4572 64 6 142
4573 63 259 143
4574 60 4 142
4575 62 89 142
4576 61 84 142
4577 59 116 142
4578 2 165 142
4579 1 153 143
4580 67 127 143
4581 66 130 143
4582 0 90 144
4583 65 261 143
4584 64 261 143
4585 2 170 143
4586 1 201 144
4587 62 58 143
4588 60 20 143
4589 59 49 143
4590 68 68 144
4591 67 133 144
4592 0 154 145
4593 66 132 144
4594 65 176 144
4595 63 175 144
4596 64 176 144
4597 1 198 145
4598 61 142 143
4599 69 65 145
4600 68 65 145
4601 70 150 145
4602 67 131 145
4603 66 219 145
4604 63 212 145
4605 65 29 145
4606 64 29 145
4607 0 135 146
4608 69 66 146
4609 70 197 146
4610 68 66 146
4611 67 44 146
4612 1 73 146
4613 66 190 146
4614 71 222 146
4615 0 175 147
4616 71 33 147
4617 69 241 147
4618 68 241 147
4619 1 84 147
4620 72 222 148
4621 0 241 148
4622 0 241 149
4623 70 126 147
4624 69 95 148
4625 73 189 149
4626 72 189 149
4627 0 126 150
4628 71 200 148
4629 74 189 151
4630 73 200 150
4631 0 163 151
4632 75 188 151
4633 74 200 152
4634 76 188 153
4635 10 108 126
4636 11 126 126
4637 12 76 126
4638 13 132 126
4639 14 6 126
4640 15 90 126
4641 16 248 126
4642 17 101 126
4643 18 10 126
4644 19 14 126
4645 20 171 126
4646 21 225 126
4647 22 141 126
4648 23 226 126
4649 7 82 127
4650 8 102 127
4651 9 64 127
4652 10 134 127
4653 11 244 127
4654 12 201 127
4655 13 51 127
4656 14 108 127
4657 15 256 127
4658 16 221 127
4659 17 81 127
4660 18 197 127
4661 19 141 127
4662 20 123 127
4663 21 181 127
4664 22 10 127
4665 23 218 127
4666 25 164 127
4667 26 99 127
4668 6 149 128
4669 7 104 128
4670 8 217 128
4671 9 171 128
4672 10 224 128
4673 11 237 128
4674 12 223 128
4675 13 187 128
4676 14 109 128
4677 15 21 128
4678 16 242 128
4679 17 190 128
4680 18 69 128
4681 19 87 128
4682 20 137 128
4683 21 240 128
4684 22 136 128
4685 23 147 128
4686 24 139 128
4687 25 101 128
4688 26 166 128
4689 27 252 128
4690 28 254 128
4691 29 229 128
4692 6 106 129
4693 7 29 129
4694 8 150 129
4695 9 41 129
4696 10 230 129
4697 11 49 129
4698 12 228 129
4699 13 128 129
4700 14 30 129
4701 16 173 129
4702 15 187 129
4703 17 147 129
4704 18 8 129
4705 19 188 129
4706 20 62 129
4707 21 77 129
4708 22 16 129
4709 23 26 129
4710 24 242 129
4711 25 78 129
4712 26 246 129
4713 27 184 129
4714 28 259 129
4715 29 58 129
4716 30 105 129
4717 6 238 130
4718 7 119 130
4719 8 172 130
4720 9 185 130
4721 10 239 130
4722 11 167 130
4723 12 127 130
4724 13 227 130
4725 14 184 130
4726 16 81 130
4727 15 219 130
4728 17 30 130
4729 18 132 130
4730 19 189 130
4731 20 34 130
4732 21 247 130
4733 22 61 130
4734 23 228 130
4735 24 104 130
4736 25 255 130
4737 26 102 130
4738 27 76 130
4739 28 110 130
4740 29 38 130
4741 30 94 130
4742 31 107 130
4743 32 24 130
4744 33 98 130
4745 6 58 131
4746 7 234 131
4747 8 59 131
4748 9 127 131
4749 10 179 131
4750 11 254 131
4751 12 240 131
4752 13 10 131
4753 14 38 131
4754 15 255 131
4755 16 154 131
4756 17 69 131
4757 18 221 131
4758 19 205 131
4759 20 32 131
4760 21 113 131
4761 22 144 131
4762 23 63 131
4763 24 245 131
4764 25 83 131
4765 26 17 131
4766 27 76 131
4767 28 18 131
4768 29 119 131
4769 30 50 131
4770 31 215 131
4771 32 114 131
4772 33 6 131
4773 34 238 131
4774 35 2 131
4775 37 200 131
4776 5 47 132
4777 6 22 132
4778 7 139 132
4779 8 105 132
4780 9 244 132
4781 10 234 132
4782 11 28 132
4783 12 63 132
4784 13 164 132
4785 14 108 132
4786 15 26 132
4787 16 196 132
4788 17 136 132
4789 18 137 132
4790 19 163 132
4791 20 172 132
4792 21 55 132
4793 22 233 132
4794 23 183 132
4795 24 235 132
4796 25 81 132
4797 26 58 132
4798 27 64 132
4799 28 99 132
4800 29 9 132
4801 30 18 132
4802 31 197 132
4803 32 155 132
4804 33 36 132
4805 34 225 132
4806 35 97 132
4807 36 211 132
4808 37 53 132
4809 5 50 133
4810 6 196 133
4811 7 172 133
4812 8 75 133
4813 9 87 133
4814 10 206 133
4815 11 14 133
4816 12 164 133
4817 13 189 133
4818 14 2 133
4819 15 251 133
4820 16 159 133
4821 17 225 133
4822 18 11 133
4823 19 63 133
4824 20 39 133
4825 21 136 133
4826 22 174 133
4827 23 208 133
4828 24 205 133
4829 25 154 133
4830 26 99 133
4831 28 28 133
4832 27 25 133
4833 29 95 133
4834 30 30 133
4835 31 233 133
4836 32 188 133
4837 33 28 133
4838 34 65 133
4839 35 261 133
4840 36 179 133
4841 37 67 133
4842 38 63 133
4843 40 202 133
4844 5 204 134
4845 6 44 134
4846 7 261 134
4847 8 67 134
4848 9 171 134
4849 10 132 134
4850 11 154 134
4851 12 77 134
4852 13 154 134
4853 14 46 134
4854 15 177 134
4855 16 173 134
4856 17 195 134
4857 18 194 134
4858 19 202 134
4859 20 103 134
4860 21 186 134
4861 22 116 134
4862 23 35 134
4863 24 161 134
4864 25 262 134
4865 26 200 134
4866 27 198 134
4867 28 169 134
4868 29 156 134
4869 30 152 134
4870 31 183 134
4871 32 32 134
4872 33 248 134
4873 34 258 134
4874 35 113 134
4875 36 147 134
4876 37 211 134
4877 38 211 134
4878 39 130 134
4879 40 225 134
4880 41 229 134
4881 43 193 134
4882 5 39 135
4883 6 177 135
4884 7 243 135
4885 8 125 135
4886 9 14 135
4887 10 194 135
4888 11 144 135
4889 12 117 135
4890 13 177 135
4891 14 252 135
4892 15 52 135
4893 16 21 135
4894 17 127 135
4895 18 206 135
4896 19 210 135
4897 20 123 135
4898 21 155 135
4899 22 107 135
4900 23 195 135
4901 24 65 135
4902 25 174 135
4903 26 57 135
4904 27 79 135
4905 28 71 135
4906 29 180 135
4907 30 228 135
4908 31 135 135
4909 32 191 135
4910 33 26 135
4911 34 13 135
4912 35 19 135
4913 36 49 135
4914 37 171 135
4915 38 161 135
4916 39 225 135
4917 40 134 135
4918 41 30 135
4919 42 60 135
4920 43 107 135
4921 4 248 136
4922 5 156 136
4923 6 251 136
4924 7 243 136
4925 8 254 136
4926 9 46 136
4927 10 180 136
4928 11 213 136
4929 12 21 136
4930 13 170 136
4931 14 261 136
4932 15 183 136
4933 16 225 136
4934 17 201 136
4935 18 197 136
4936 19 119 136
4937 20 253 136
4938 21 258 136
4939 22 62 136
4940 23 230 136
4941 24 222 136
4942 25 57 136
4943 26 32 136
4944 27 247 136
4945 28 47 136
4946 29 35 136
4947 30 115 136
4948 31 18 136
4949 32 32 136
4950 33 146 136
4951 34 259 136
4952 35 28 136
4953 36 232 136
4954 37 179 136
4955 38 23 136
4956 39 72 136
4957 40 192 136
4958 41 90 136
4959 42 83 136
4960 43 223 136
4961 44 242 136
4962 45 82 136
4963 4 136 137
4964 5 117 137
4965 6 7 137
4966 7 205 137
4967 8 87 137
4968 9 176 137
4969 10 249 137
4970 11 211 137
4971 12 10 137
4972 13 27 137
4973 14 193 137
4974 15 223 137
4975 16 104 137
4976 17 63 137
4977 18 74 137
4978 19 250 137
4979 20 36 137
4980 21 178 137
4981 22 260 137
4982 23 110 137
4983 24 143 137
4984 25 184 137
4985 26 151 137
4986 27 149 137
4987 28 127 137
4988 29 10 137
4989 30 216 137
4990 31 32 137
4991 32 17 137
4992 33 121 137
4993 34 51 137
4994 35 53 137
4995 36 200 137
4996 37 221 137
4997 38 208 137
4998 39 41 137
4999 40 110 137
5000 41 2 137
5001 42 34 137
5002 43 147 137
5003 44 220 137
5004 45 19 137
5005 46 61 137
5006 47 162 137
5007 4 151 138
5008 5 163 138
5009 6 88 138
5010 7 49 138
5011 8 76 138
5012 9 65 138
5013 10 222 138
5014 11 94 138
5015 12 83 138
5016 13 183 138
5017 14 71 138
5018 15 176 138
5019 16 231 138
5020 17 53 138
5021 18 26 138
5022 19 260 138
5023 20 255 138
5024 21 28 138
5025 22 116 138
5026 23 243 138
5027 24 165 138
5028 25 227 138
5029 26 144 138
5030 27 30 138
5031 28 194 138
5032 29 24 138
5033 30 103 138
5034 31 95 138
5035 32 158 138
5036 33 130 138
5037 34 105 138
5038 35 198 138
5039 36 1 138
5040 37 252 138
5041 38 89 138
5042 39 55 138
5043 40 239 138
5044 41 120 138
5045 42 153 138
5046 43 140 138
5047 44 83 138
5048 45 3 138
5049 46 201 138
5050 47 187 138
5051 48 62 138
5052 49 57 138
5053 50 60 138
5054 4 206 139
5055 5 43 139
5056 6 29 139
5057 7 225 139
5058 8 201 139
5059 9 184 139
5060 10 126 139
5061 11 173 139
5062 12 180 139
5063 13 190 139
5064 14 67 139
5065 15 102 139
5066 16 119 139
5067 17 10 139
5068 18 218 139
5069 19 20 139
5070 20 184 139
5071 21 67 139
5072 22 185 139
5073 23 198 139
5074 24 54 139
5075 25 138 139
5076 26 206 139
5077 27 169 139
5078 28 52 139
5079 29 4 139
5080 30 170 139
5081 31 114 139
5082 32 60 139
5083 33 143 139
5084 34 49 139
5085 35 38 139
5086 36 42 139
5087 37 150 139
5088 38 98 139
5089 39 126 139
5090 40 20 139
5091 41 191 139
5092 42 262 139
5093 43 160 139
5094 44 97 139
5095 45 163 139
5096 46 23 139
5097 47 188 139
5098 48 230 139
5099 49 234 139
5100 50 261 139
5101 52 15 139
5102 3 261 140
5103 4 45 140
5104 5 12 140
5105 6 242 140
5106 7 145 140
5107 8 101 140
5108 9 41 140
5109 10 146 140
5110 11 256 140
5111 12 46 140
5112 13 19 140
5113 14 120 140
5114 15 195 140
5115 16 228 140
5116 17 233 140
5117 18 37 140
5118 19 258 140
5119 20 247 140
5120 21 108 140
5121 22 83 140
5122 23 58 140
5123 24 215 140
5124 26 227 140
5125 25 134 140
5126 27 120 140
5127 28 248 140
5128 29 194 140
5129 30 154 140
5130 31 26 140
5131 32 202 140
5132 33 19 140
5133 34 250 140
5134 35 74 140
5135 36 175 140
5136 37 119 140
5137 38 129 140
5138 39 237 140
5139 40 52 140
5140 41 121 140
5141 42 92 140
5142 43 189 140
5143 44 212 140
5144 45 87 140
5145 46 114 140
5146 47 163 140
5147 48 230 140
5148 49 19 140
5149 50 174 140
5150 51 141 140
5151 52 4 140
5152 53 215 140
5153 3 135 141
5154 4 126 141
5155 5 222 141
5156 6 82 141
5157 7 76 141
5158 8 111 141
5159 9 161 141
5160 10 180 141
5161 11 71 141
5162 12 75 141
5163 13 68 141
5164 14 97 141
5165 15 117 141
5166 16 234 141
5167 17 159 141
5168 18 226 141
5169 19 245 141
5170 20 139 141
5171 21 131 141
5172 22 246 141
5173 23 223 141
5174 25 35 141
5175 24 49 141
5176 26 209 141
5177 27 253 141
5178 28 48 141
5179 30 67 141
5180 29 118 141
5181 31 158 141
5182 32 41 141
5183 33 255 141
5184 34 172 141
5185 35 9 141
5186 36 221 141
5187 37 225 141
5188 38 219 141
5189 39 33 141
5190 40 157 141
5191 41 260 141
5192 42 227 141
5193 43 123 141
5194 44 148 141
5195 45 201 141
5196 46 173 141
5197 47 55 141
5198 48 19 141
5199 49 66 141
5200 50 49 141
5201 51 9 141
5202 52 125 141
5203 53 150 141
5204 54 147 141
5205 55 197 141
5206 3 182 142
5207 4 231 142
5208 5 32 142
5209 6 145 142
5210 7 86 142
5211 8 151 142
5212 9 9 142
5213 10 230 142
5214 11 184 142
5215 12 61 142
5216 13 143 142
5217 14 104 142
5218 15 112 142
5219 16 118 142
5220 17 63 142
5221 18 254 142
5222 19 154 142
5223 20 234 142
5224 21 16 142
5225 22 58 142
5226 23 19 142
5227 24 186 142
5228 25 50 142
5229 26 133 142
5230 27 24 142
5231 28 156 142
5232 29 45 142
5233 30 144 142
5234 31 88 142
5235 32 44 142
5236 33 68 142
5237 34 100 142
5238 35 168 142
5239 36 38 142
5240 37 76 142
5241 38 236 142
5242 39 23 142
5243 40 118 142
5244 41 162 142
5245 42 213 142
5246 43 188 142
5247 44 142 142
5248 45 52 142
5249 46 195 142
5250 47 187 142
5251 48 166 142
5252 49 220 142
5253 50 241 142
5254 51 88 142
5255 52 237 142
5256 53 232 142
5257 54 37 142
5258 55 186 142
5259 56 178 142
5260 57 16 142
5261 58 34 142
5262 3 197 143
5263 4 159 143
5264 5 134 143
5265 6 87 143
5266 7 112 143
5267 8 221 143
5268 9 161 143
5269 10 125 143
5270 11 198 143
5271 12 27 143
5272 13 129 143
5273 14 234 143
5274 15 53 143
5275 16 179 143
5276 17 65 143
5277 18 163 143
5278 19 148 143
5279 20 51 143
5280 21 144 143
5281 22 151 143
5282 23 202 143
5283 24 65 143
5284 25 220 143
5285 26 32 143
5286 27 94 143
5287 28 48 143
5288 29 249 143
5289 30 72 143
5290 31 169 143
5291 32 110 143
5292 33 206 143
5293 34 211 143
5294 35 171 143
5295 36 219 143
5296 37 24 143
5297 38 46 143
5298 39 160 143
5299 40 235 143
5300 41 159 143
5301 42 150 143
5302 43 79 143
5303 44 159 143
5304 45 179 143
5305 46 230 143
5306 47 132 143
5307 48 131 143
5308 49 175 143
5309 50 227 143
5310 51 186 143
5311 52 138 143
5312 53 224 143
5313 54 246 143
5314 55 55 143
5315 56 260 143
5316 57 207 143
5317 58 61 143
5318 2 179 144
5319 3 27 144
5320 4 26 144
5321 5 122 144
5322 6 4 144
5323 7 74 144
5324 8 181 144
5325 9 178 144
5326 10 68 144
5327 11 87 144
5328 12 154 144
5329 13 112 144
5330 14 72 144
5331 15 149 144
5332 16 115 144
5333 17 13 144
5334 18 36 144
5335 2 98 145
5336 19 135 144
5337 2 49 146
5338 20 22 144
5339 21 256 144
5340 22 41 144
5341 23 45 144
5342 24 138 144
5343 25 81 144
5344 26 125 144
5345 27 64 144
5346 28 61 144
5347 29 145 144
5348 30 110 144
5349 31 96 144
5350 32 102 144
5351 33 177 144
5352 34 110 144
5353 35 65 144
5354 36 138 144
5355 37 23 144
5356 38 151 144
5357 39 117 144
5358 40 110 144
5359 41 183 144
5360 42 2 144
5361 43 238 144
5362 44 159 144
5363 45 236 144
5364 46 159 144
5365 47 144 144
5366 48 131 144
5367 49 143 144
5368 50 201 144
5369 51 198 144
5370 52 182 144
5371 53 112 144
5372 54 219 144
5373 55 135 144
5374 56 44 144
5375 57 163 144
5376 58 89 144
5377 3 204 145
5378 59 147 144
5379 60 218 144
5380 61 233 144
5381 62 203 144
5382 4 27 145
5383 5 84 145
5384 6 262 145
5385 7 246 145
5386 8 30 145
5387 9 256 145
5388 10 226 145
5389 11 183 145
5390 12 198 145
5391 13 66 145
5392 14 22 145
5393 15 128 145
5394 16 187 145
5395 17 148 145
5396 18 207 145
5397 19 202 145
5398 20 106 145
5399 21 154 145
5400 22 122 145
5401 23 243 145
5402 24 51 145
5403 25 145 145
5404 26 118 145
5405 27 99 145
5406 28 239 145
5407 29 144 145
5408 30 98 145
5409 31 176 145
5410 32 164 145
5411 33 90 145
5412 34 117 145
5413 35 29 145
5414 36 203 145
5415 37 37 145
5416 38 26 145
5417 39 63 145
5418 40 248 145
5419 41 130 145
5420 42 101 145
5421 43 109 145
5422 44 128 145
5423 45 206 145
5424 46 84 145
5425 47 183 145
5426 48 193 145
5427 49 148 145
5428 50 238 145
5429 51 219 145
5430 52 17 145
5431 53 252 145
5432 54 59 145
5433 55 238 145
5434 56 221 145
5435 57 260 145
5436 58 148 145
5437 59 248 145
5438 60 203 145
5439 61 105 145
5440 62 186 145
5441 3 150 146
5442 4 226 146
5443 5 152 146
5444 6 53 146
5445 7 255 146
5446 8 203 146
5447 9 249 146
5448 10 144 146
5449 11 124 146
5450 12 149 146
5451 13 256 146
5452 14 239 146
5453 15 156 146
5454 16 162 146
5455 17 153 146
5456 18 121 146
5457 19 229 146
5458 20 53 146
5459 22 6 146
5460 21 194 146
5461 23 218 146
5462 24 4 146
5463 25 71 146
5464 26 3 146
5465 27 180 146
5466 28 190 146
5467 29 57 146
5468 30 67 146
5469 31 143 146
5470 32 230 146
5471 33 110 146
5472 34 39 146
5473 35 187 146
5474 36 95 146
5475 37 31 146
5476 38 112 146
5477 39 188 146
5478 40 166 146
5479 41 129 146
5480 42 122 146
5481 43 128 146
5482 44 4 146
5483 45 51 146
5484 46 2 146
5485 47 104 146
5486 48 23 146
5487 49 188 146
5488 50 211 146
5489 51 13 146
5490 52 125 146
5491 53 157 146
5492 54 152 146
5493 55 185 146
5494 56 82 146
5495 57 189 146
5496 58 16 146
5497 59 99 146
5498 60 132 146
5499 61 76 146
5500 62 121 146
5501 63 1 146
5502 64 63 146
5503 65 126 146
5504 2 157 147
5505 3 15 147
5506 4 260 147
5507 5 259 147
5508 6 257 147
5509 7 123 147
5510 8 76 147
5511 9 182 147
5512 10 110 147
5513 11 78 147
5514 12 112 147
5515 13 175 147
5516 14 158 147
5517 15 204 147
5518 16 51 147
5519 17 125 147
5520 18 241 147
5521 19 240 147
5522 20 119 147
5523 21 114 147
5524 22 167 147
5525 23 127 147
5526 24 57 147
5527 25 221 147
5528 26 236 147
5529 27 134 147
5530 28 262 147
5531 29 74 147
5532 30 10 147
5533 31 258 147
5534 32 102 147
5535 33 133 147
5536 34 35 147
5537 35 187 147
5538 36 90 147
5539 37 134 147
5540 38 40 147
5541 39 3 147
5542 40 209 147
5543 41 248 147
5544 42 10 147
5545 43 243 147
5546 44 175 147
5547 45 26 147
5548 46 31 147
5549 47 199 147
5550 48 50 147
5551 49 204 147
5552 50 113 147
5553 51 24 147
5554 52 117 147
5555 53 75 147
5556 54 183 147
5557 55 25 147
5558 56 137 147
5559 57 140 147
5560 58 180 147
5561 59 174 147
5562 60 205 147
5563 61 143 147
5564 62 88 147
5565 63 171 147
5566 64 14 147
5567 65 139 147
5568 66 65 147
5569 67 107 147
5570 1 75 148
5571 2 117 148
5572 3 84 148
5573 4 120 148
5574 5 89 148
5575 6 143 148
5576 7 141 148
5577 8 105 148
5578 9 160 148
5579 10 56 148
5580 11 37 148
5581 12 133 148
5582 13 65 148
5583 14 89 148
5584 15 56 148
5585 16 138 148
5586 17 178 148
5587 18 91 148
5588 19 261 148
5589 20 142 148
5590 21 237 148
5591 22 107 148
5592 23 220 148
5593 24 173 148
5594 25 178 148
5595 26 104 148
5596 27 180 148
5597 28 94 148
5598 29 104 148
5599 30 84 148
5600 31 63 148
5601 32 170 148
5602 33 52 148
5603 34 213 148
5604 35 120 148
5605 36 102 148
5606 37 7 148
5607 38 183 148
5608 39 80 148
5609 40 57 148
5610 41 116 148
5611 42 65 148
5612 43 97 148
5613 44 203 148
5614 45 129 148
5615 46 249 148
5616 47 13 148
5617 48 219 148
5618 49 198 148
5619 50 36 148
5620 51 132 148
5621 52 215 148
5622 53 17 148
5623 54 51 148
5624 55 235 148
5625 56 247 148
5626 57 33 148
5627 58 58 148
5628 59 191 148
5629 60 104 148
5630 61 21 148
5631 62 238 148
5632 63 130 148
5633 64 255 148
5634 65 64 148
5635 66 254 148
5636 67 5 148
5637 68 32 148
5638 70 33 148
5639 1 251 149
5640 2 47 149
5641 3 223 149
5642 4 135 149
5643 5 141 149
5644 6 34 149
5645 7 48 149
5646 8 122 149
5647 9 152 149
5648 10 26 149
5649 11 103 149
5650 12 34 149
5651 13 97 149
5652 14 189 149
5653 15 121 149
5654 16 259 149
5655 17 254 149
5656 18 172 149
5657 19 86 149
5658 20 214 149
5659 21 185 149
5660 22 110 149
5661 23 179 149
5662 24 11 149
5663 25 233 149
5664 26 71 149
5665 27 191 149
5666 28 195 149
5667 29 237 149
5668 30 240 149
5669 31 80 149
5670 32 65 149
5671 33 28 149
5672 34 154 149
5673 35 104 149
5674 36 197 149
5675 37 105 149
5676 38 5 149
5677 39 56 149
5678 40 248 149
5679 41 240 149
5680 42 91 149
5681 43 78 149
5682 44 175 149
5683 45 260 149
5684 46 255 149
5685 47 152 149
5686 48 209 149
5687 49 64 149
5688 50 92 149
5689 51 48 149
5690 52 170 149
5691 53 42 149
5692 54 115 149
5693 55 159 149
5694 56 223 149
5695 57 241 149
5696 58 235 149
5697 59 200 149
5698 60 86 149
5699 61 51 149
5700 62 92 149
5701 63 127 149
5702 64 11 149
5703 65 136 149
5704 66 23 149
5705 67 217 149
5706 68 27 149
5707 69 80 149
5708 70 121 149
5709 71 116 149
5710 1 20 150
5711 2 214 150
5712 3 195 150
5713 4 78 150
5714 5 63 150
5715 6 40 150
5716 7 11 150
5717 8 126 150
5718 9 182 150
5719 10 169 150
5720 11 90 150
5721 12 31 150
5722 13 66 150
5723 14 161 150
5724 15 185 150
5725 16 48 150
5726 17 89 150
5727 18 140 150
5728 19 262 150
5729 20 245 150
5730 21 73 150
5731 22 68 150
5732 23 179 150
5733 24 42 150
5734 25 60 150
5735 26 64 150
5736 27 260 150
5737 28 139 150
5738 29 231 150
5739 30 138 150
5740 31 30 150
5741 32 19 150
5742 33 77 150
5743 34 76 150
5744 35 233 150
5745 36 119 150
5746 37 85 150
5747 38 251 150
5748 39 17 150
5749 40 77 150
5750 41 261 150
5751 42 64 150
5752 43 215 150
5753 44 119 150
5754 45 182 150
5755 46 258 150
5756 47 109 150
5757 48 128 150
5758 49 37 150
5759 50 230 150
5760 51 111 150
5761 52 144 150
5762 53 50 150
5763 54 174 150
5764 55 29 150
5765 56 57 150
5766 57 126 150
5767 58 124 150
5768 59 54 150
5769 60 182 150
5770 61 148 150
5771 62 60 150
5772 63 141 150
5773 64 94 150
5774 65 142 150
5775 66 201 150
5776 67 181 150
5777 68 229 150
5778 69 183 150
5779 70 214 150
5780 71 236 150
5781 72 194 150
5782 1 222 151
5783 2 258 151
5784 3 184 151
5785 4 151 151
5786 5 178 151
5787 6 62 151
5788 7 164 151
5789 8 148 151
5790 9 114 151
5791 10 18 151
5792 11 195 151
5793 12 49 151
5794 13 235 151
5795 14 50 151
5796 15 97 151
5797 16 125 151
5798 17 220 151
5799 18 128 151
5800 19 11 151
5801 20 170 151
5802 21 246 151
5803 22 204 151
5804 23 188 151
5805 24 184 151
5806 25 75 151
5807 26 254 151
5808 27 170 151
5809 28 37 151
5810 29 110 151
5811 30 226 151
5812 31 209 151
5813 32 35 151
5814 33 153 151
5815 34 239 151
5816 35 36 151
5817 36 119 151
5818 37 205 151
5819 38 57 151
5820 39 214 151
5821 40 79 151
5822 41 29 151
5823 42 200 151
5824 43 137 151
5825 44 11 151
5826 45 227 151
5827 46 225 151
5828 47 74 151
5829 48 43 151
5830 49 259 151
5831 50 155 151
5832 51 174 151
5833 52 249 151
5834 53 227 151
5835 54 47 151
5836 55 147 151
5837 56 239 151
5838 57 191 151
5839 58 254 151
5840 59 38 151
5841 60 31 151
5842 61 224 151
5843 62 33 151
5844 63 159 151
5845 64 221 151
5846 65 173 151
5847 66 68 151
5848 67 221 151
5849 68 225 151
5850 69 13 151
5851 70 46 151
5852 71 39 151
5853 72 160 151
5854 73 156 151
5855 0 147 152
5856 1 89 152
5857 2 30 152
5858 3 259 152
5859 4 6 152
5860 5 211 152
5861 6 187 152
5862 7 116 152
5863 8 53 152
5864 9 238 152
5865 10 143 152
5866 11 18 152
5867 12 37 152
5868 13 208 152
5869 14 86 152
5870 15 130 152
5871 16 207 152
5872 17 215 152
5873 18 150 152
5874 19 22 152
5875 20 117 152
5876 21 203 152
5877 22 53 152
5878 23 69 152
5879 24 219 152
5880 25 94 152
5881 26 176 152
5882 27 212 152
5883 28 122 152
5884 29 67 152
5885 30 136 152
5886 31 213 152
5887 32 131 152
5888 33 179 152
5889 34 226 152
5890 35 257 152
5891 36 103 152
5892 37 44 152
5893 38 239 152
5894 39 37 152
5895 40 117 152
5896 41 111 152
5897 42 68 152
5898 43 89 152
5899 44 174 152
5900 45 203 152
5901 46 66 152
5902 47 262 152
5903 48 94 152
5904 49 35 152
5905 50 25 152
5906 51 247 152
5907 52 122 152
5908 53 65 152
5909 54 211 152
5910 55 77 152
5911 56 152 152
5912 57 262 152
5913 58 158 152
5914 59 260 152
5915 60 118 152
5916 61 109 152
5917 62 204 152
5918 63 139 152
5919 64 103 152
5920 65 233 152
5921 66 243 152
5922 67 183 152
5923 68 201 152
5924 69 195 152
5925 70 48 152
5926 71 45 152
5927 72 125 152
5928 73 146 152
5929 75 209 152
5930 0 143 153
5931 1 43 153
5932 2 216 153
5933 3 195 153
5934 4 128 153
5935 5 3 153
5936 6 178 153
5937 7 209 153
5938 8 158 153
5939 9 68 153
5940 10 250 153
5941 11 69 153
5942 12 157 153
5943 13 91 153
5944 14 145 153
5945 15 8 153
5946 16 257 153
5947 17 219 153
5948 18 92 153
5949 19 178 153
5950 20 199 153
5951 21 217 153
5952 22 99 153
5953 23 239 153
5954 24 25 153
5955 25 173 153
5956 26 24 153
5957 27 13 153
5958 28 21 153
5959 29 1 153
5960 30 94 153
5961 31 5 153
5962 32 198 153
5963 33 146 153
5964 34 138 153
5965 35 127 153
5966 36 185 153
5967 37 49 153
5968 38 222 153
5969 39 247 153
5970 40 52 153
5971 41 14 153
5972 42 22 153
5973 43 95 153
5974 44 193 153
5975 45 206 153
5976 46 13 153
5977 47 194 153
5978 48 197 153
5979 49 91 153
5980 50 212 153
5981 51 82 153
5982 53 211 153
5983 52 13 153
5984 54 90 153
5985 55 203 153
5986 56 112 153
5987 57 90 153
5988 58 80 153
5989 59 43 153
5990 60 159 153
5991 61 14 153
5992 62 11 153
5993 63 194 153
5994 64 251 153
5995 65 147 153
5996 66 131 153
5997 67 151 153
5998 68 15 153
5999 69 261 153
6000 70 255 153
6001 71 107 153
6002 72 90 153
6003 73 207 153
6004 74 2 153
6005 75 163 153
6006 0 4 154
6007 1 81 154
6008 2 25 154
6009 3 95 154
6010 4 188 154
6011 5 212 154
6012 6 254 154
6013 7 44 154
6014 8 85 154
6015 9 224 154
6016 10 22 154
6017 11 256 154
6018 12 61 154
6019 13 6 154
6020 14 207 154
6021 15 163 154
6022 17 26 154
6023 16 217 154
6024 18 42 154
6025 19 262 154
6026 20 209 154
6027 21 124 154
6028 22 232 154
6029 23 164 154
6030 24 102 154
6031 25 73 154
6032 26 252 154
6033 27 30 154
6034 28 115 154
6035 29 92 154
6036 30 19 154
6037 31 166 154
6038 32 216 154
6039 33 168 154
6040 34 35 154
6041 35 203 154
6042 36 169 154
6043 37 92 154
6044 38 15 154
6045 39 175 154
6046 40 95 154
6047 41 223 154
6048 42 48 154
6049 43 26 154
6050 44 45 154
6051 45 202 154
6052 46 227 154
6053 47 60 154
6054 48 54 154
6055 49 170 154
6056 50 5 154
6057 51 35 154
6058 52 21 154
6059 53 180 154
6060 54 111 154
6061 55 168 154
6062 56 103 154
6063 57 251 154
6064 58 190 154
6065 59 8 154
6066 60 13 154
6067 61 92 154
6068 62 242 154
6069 63 218 154
6070 64 108 154
6071 65 8 154
6072 66 116 154
6073 67 184 154
6074 68 130 154
6075 69 60 154
6076 70 9 154
6077 71 238 154
6078 72 178 154
6079 73 118 154
6080 74 15 154
6081 75 3 154
6082 76 238 154
6083 77 101 154
6084 0 84 155
6085 1 73 155
6086 2 189 155
6087 3 103 155
6088 4 212 155
6089 5 9 155
6090 6 235 155
6091 7 48 155
6092 8 3 155
6093 10 137 155
6094 9 123 155
6095 11 60 155
6096 12 164 155
6097 13 80 155
6098 14 2 155
6099 15 58 155
6100 16 252 155
6101 17 176 155
6102 18 92 155
6103 19 12 155
6104 20 230 155
6105 21 190 155
6106 22 51 155
6107 23 146 155
6108 24 132 155
6109 25 95 155
6110 26 236 155
6111 27 107 155
6112 28 213 155
6113 29 93 155
6114 30 13 155
6115 31 176 155
6116 32 205 155
6117 33 71 155
6118 34 172 155
6119 35 45 155
6120 36 242 155
6121 37 128 155
6122 38 12 155
6123 39 13 155
6124 40 162 155
6125 41 93 155
6126 42 171 155
6127 43 119 155
6128 44 95 155
6129 45 48 155
6130 46 118 155
6131 47 116 155
6132 48 228 155
6133 49 68 155
6134 50 55 155
6135 51 60 155
6136 52 151 155
6137 53 168 155
6138 54 135 155
6139 55 36 155
6140 56 202 155
6141 57 72 155
6142 58 191 155
6143 59 110 155
6144 60 178 155
6145 61 113 155
6146 62 41 155
6147 63 56 155
6148 64 169 155
6149 65 85 155
6150 66 225 155
6151 67 7 155
6152 68 231 155
6153 69 241 155
6154 70 232 155
6155 71 224 155
6156 72 246 155
6157 73 255 155
weights 156 156 156 156 156 156 156 156 156 156 156 156 156 156 156 156 156 156 156 156 156 156 156 156 156 156 156 156 156 156 156 156 156 156 156 156 156 156 156 156 156 156 156 156 156 156 156 156 156 156 156 156 156 156 156 156 156 156 156 156 156 156 156 156 156 156 156 156 156 156 156 156 156 156 155 155 155 155
