1643 113 102 429 429 430 430 463 463 468 475
1646 113 103 36 429 429 429 438 467 475 496
1650 113 108 429 429 429 447 468 468 468 468
1670 115 104 429 429 429 429 430 465 467 497
1672 115 112 429 429 463 465 465 465 465 473
1679 115 92 36 36 36 429 429 463 465 497
1699 117 87 36 429 429 429 429 462 462 468
1701 117 95 36 429 429 430 463 463 463 468
1702 117 107 36 431 431 463 463 463 463 468
1704 117 96 36 36 429 429 429 466 467 496
1708 117 101 36 429 429 429 471 468 468 468
1709 117 106 36 430 430 431 468 468 468 468
1713 117 109 36 429 429 462 472 468 475 475
1726 118 116 429 429 429 430 466 479 475 496
1734 120 119 429 429 463 463 473 479 468 468
1742 121 107 429 429 429 429 429 466 475 497
1744 121 115 429 429 430 430 465 465 475 497
1751 121 102 36 36 429 429 429 468 475 497
1769 122 109 36 429 429 429 463 466 479 496
1775 123 107 36 36 429 430 463 467 475 496
1785 125 100 36 429 429 429 429 462 466 497
1787 125 108 36 429 429 430 463 465 465 497
1788 125 119 36 431 463 463 465 465 473 485
1790 125 116 36 429 429 438 440 466 496 497
1794 125 95 36 36 36 429 429 462 468 497
1795 125 104 36 36 36 463 463 473 468 485
1799 125 117 36 429 429 438 475 475 475 495
1814 127 96 429 429 429 429 429 430 463 495
1816 127 104 429 429 430 463 463 463 463 463
1817 127 116 431 431 463 463 463 463 463 463
1819 127 112 429 429 429 430 439 440 495 496
1820 127 120 429 430 439 465 465 465 465 496
1823 127 105 429 429 429 430 463 468 468 468
1824 127 115 430 430 431 463 463 468 468 468
1825 127 100 36 36 36 429 430 439 496 496
1826 127 119 429 430 442 468 468 468 468 468
1828 127 118 429 429 429 430 463 475 475 497
1829 127 126 430 463 463 463 463 473 475 475
1831 127 127 429 430 473 468 468 468 475 475
1834 127 122 429 429 429 463 463 479 479 495
1840 128 120 36 429 430 463 463 479 475 496
1842 129 110 36 36 429 429 464 475 475 496
1849 130 129 429 429 429 439 467 479 496 497
1856 131 111 36 429 429 429 463 463 475 497
1857 131 119 36 463 463 463 463 463 473 475
1859 131 120 36 429 463 473 468 468 468 475
1862 132 113 36 36 429 463 463 463 479 496
1865 133 115 429 429 429 429 464 467 475 496
1867 133 123 429 429 439 463 465 465 475 496
1870 133 131 429 429 440 440 466 475 496 496
1874 133 103 36 36 36 429 462 464 475 496
1875 133 113 36 36 36 465 465 475 485 485
1892 134 130 429 429 430 479 468 475 475 495
1899 135 104 36 36 429 429 430 430 495 497
1900 135 113 36 36 463 463 463 463 473 485
1901 135 120 36 36 429 439 465 467 496 497
1902 135 113 36 36 430 430 468 468 468 497
1903 135 121 36 36 430 463 475 475 475 495
1907 137 108 36 429 429 429 429 440 495 496
1908 137 116 36 429 429 465 465 465 465 496
1909 137 124 36 429 429 440 467 467 496 496
1910 137 96 36 36 36 36 429 429 496 496
1911 137 130 36 429 429 440 475 475 496 497
1914 138 123 36 429 429 463 479 468 475 495
1915 138 135 36 431 463 479 468 475 485 485
1921 139 126 429 429 429 465 465 475 475 496
1922 139 134 463 463 463 465 465 465 475 475
1924 139 114 36 36 36 463 463 475 475 495
1927 140 133 36 429 439 463 465 479 496 497
1929 141 121 429 429 429 429 468 468 475 497
1930 141 129 429 463 463 463 473 468 468 475
1931 141 123 36 36 429 438 466 475 496 497
1932 141 135 218 462 468 468 468 468 468 475
1933 141 138 429 462 468 468 475 475 475 475
1937 142 121 429 429 429 429 430 479 496 496
1939 142 129 429 430 463 463 463 465 479 496
1942 142 137 429 429 439 466 467 479 496 496
1946 142 116 36 36 429 462 463 479 468 495
1947 142 129 36 36 431 479 468 485 485 485
1949 142 126 36 36 479 468 468 468 468 485
1964 143 119 36 429 429 430 439 475 495 496
1965 143 128 36 463 463 465 465 465 475 485
1966 143 135 36 430 439 467 467 475 496 496
1967 143 108 36 36 36 36 463 475 485 495
1972 145 112 429 429 429 429 429 429 496 497
1974 145 120 429 429 429 463 463 463 465 497
1975 145 128 463 463 463 463 463 463 465 473
1977 145 128 429 429 429 438 466 467 496 497
1978 145 136 429 430 439 439 439 496 496 497
1979 145 144 429 438 440 440 467 496 496 497
1981 145 114 36 429 429 429 462 468 468 497
1982 145 122 36 430 430 463 463 468 468 497
1983 145 116 36 36 36 429 464 467 496 497
1984 145 123 36 429 472 468 468 468 468 468
1986 145 129 429 429 429 462 475 475 475 496
1987 145 137 430 430 463 463 475 475 475 496
1988 145 145 429 438 440 475 475 475 496 496
1989 145 131 36 462 462 468 468 475 475 475
1992 145 138 429 429 429 462 479 479 496 497
1998 146 136 36 429 429 465 479 475 496 497
2000 147 112 36 36 429 429 430 465 496 496
2001 147 122 36 36 463 465 465 465 485 485
2002 147 128 36 36 439 439 440 495 496 496
2003 147 102 36 36 36 36 36 485 485 495
2007 148 132 429 429 463 463 463 479 475 495
2008 148 144 431 463 463 463 479 475 485 485
2009 148 148 430 439 463 467 479 475 496 496
2010 148 141 463 463 463 479 468 468 468 475
2014 149 122 36 429 429 462 462 475 475 496
2015 149 130 36 430 463 463 463 475 475 496
2016 149 138 36 429 440 466 475 475 496 496
2017 149 124 36 36 429 468 468 475 475 495
2020 150 129 36 36 429 462 465 479 496 497
2022 151 139 429 429 439 463 467 475 496 497
2023 151 147 465 465 465 465 465 465 475 497
2025 151 127 36 36 36 465 465 475 496 497
2029 152 125 36 429 430 430 463 479 495 495
2030 152 138 36 431 463 463 479 485 485 485
2031 152 141 36 430 439 439 479 496 496 496
2032 152 135 36 463 463 479 468 468 468 485
