7 10 6
1 2 3 4 5 6 7
h j k l m n a
15
-3 4 2 0 0 2 0 0 0
3 2 2 0 0 1 1 0 0
3 2 1 1 0 2 0 0 0
3 2 1 0 0 1 1 0 0
-3 2 1 0 0 1 0 1 0
-3 4 1 0 0 0 2 0 0
3 4 0 1 0 2 0 0 0
-3 2 0 1 0 1 1 0 0
-3 4 0 0 1 2 0 0 0
1 1 0 0 1 0 0 0 1
-3 2 0 0 0 1 0 1 0
-3 2 0 0 0 1 0 0 1
-3 4 0 0 0 0 2 0 0
3 2 0 0 0 0 1 1 0
-3 4 3 0 0 2 0 0 0
32
3 4 2 0 0 2 0 0 0
3 2 2 0 0 1 1 0 0
-3 1 2 0 0 1 0 1 0
-3 2 2 0 0 0 2 0 0
-3 4 1 1 0 2 0 0 0
-3 2 1 1 0 1 1 0 0
-3 4 1 0 1 2 0 0 0
3 1 1 0 1 0 0 0 1
-3 2 1 0 0 1 1 0 0
-3 2 1 0 0 1 0 1 0
-3 1 1 0 0 1 0 0 1
-3 4 1 0 0 0 2 0 0
3 1 1 0 0 0 1 1 0
3 4 0 2 0 2 0 0 0
-3 4 0 1 0 2 0 0 0
3 1 0 1 0 1 1 0 0
-3 2 0 1 0 1 0 1 0
-3 4 0 1 0 0 2 0 0
3 2 0 0 1 2 0 0 0
-3 2 0 0 1 1 1 0 0
-1 1 0 0 1 0 0 0 1
-1 8 0 0 0 3 0 0 0
3 2 0 0 0 1 0 1 0
2 1 0 0 0 1 0 0 1
3 4 0 0 0 0 2 0 0
-3 1 0 0 0 0 1 1 0
-3 2 0 0 0 0 1 0 1
3 4 0 0 0 0 0 2 0
-3 2 4 0 0 2 0 0 0
-3 4 3 0 0 2 0 0 0
3 1 3 0 0 1 1 0 0
9 4 2 1 0 2 0 0 0
50
3 1 2 0 1 0 0 0 1
-3 1 2 0 0 1 1 0 0
3 2 2 0 0 1 0 1 0
-3 2 2 0 0 1 0 0 1
3 4 2 0 0 0 2 0 0
3 2 2 0 0 0 1 1 0
-3 4 1 1 0 2 0 0 0
15 2 1 1 0 1 1 0 0
-6 1 1 1 0 1 0 1 0
-3 1 1 1 0 0 2 0 0
3 2 1 0 1 2 0 0 0
-3 2 1 0 1 1 1 0 0
-3 1 1 0 1 0 0 0 1
3 1 1 0 0 1 0 1 0
4 1 1 0 0 1 0 0 1
3 2 1 0 0 0 2 0 0
-6 1 1 0 0 0 1 1 0
-3 1 1 0 0 0 1 0 1
3 2 1 0 0 0 0 2 0
3 4 0 2 0 2 0 0 0
-3 1 0 2 0 1 1 0 0
-3 4 0 1 1 2 0 0 0
3 1 0 1 1 0 0 0 1
-3 2 0 1 0 1 1 0 0
-3 2 0 1 0 1 0 1 0
-3 1 0 1 0 1 0 0 1
-3 4 0 1 0 0 2 0 0
3 1 0 1 0 0 1 1 0
-3 4 0 0 1 2 0 0 0
3 1 0 0 1 1 1 0 0
-3 2 0 0 1 1 0 1 0
-3 4 0 0 1 0 2 0 0
1 4 0 0 0 3 0 0 0
-3 8 0 0 0 2 1 0 0
-1 2 0 0 0 1 0 0 1
3 2 0 0 0 0 1 1 0
2 1 0 0 0 0 1 0 1
-3 2 0 0 0 0 0 2 0
-3 2 0 0 0 0 0 1 1
-3 4 5 0 0 2 0 0 0
3 4 4 0 0 2 0 0 0
3 2 4 0 0 1 1 0 0
-3 2 3 1 0 2 0 0 0
-3 2 3 0 0 1 1 0 0
-3 2 3 0 0 1 0 1 0
-3 4 3 0 0 0 2 0 0
3 2 3 0 0 2 0 0 0
-9 2 2 1 0 2 0 0 0
9 2 2 1 0 1 1 0 0
9 2 1 2 0 2 0 0 0
70
1 1 3 0 1 0 0 0 1
-3 1 2 0 1 0 0 0 1
3 2 2 0 0 1 0 1 0
2 1 2 0 0 1 0 0 1
3 4 2 0 0 0 2 0 0
-3 1 2 0 0 0 1 1 0
-3 2 2 0 0 0 1 0 1
3 4 2 0 0 0 0 2 0
6 1 1 1 1 0 0 0 1
-6 1 1 1 0 1 1 0 0
3 1 1 1 0 1 0 1 0
-3 1 1 1 0 1 0 0 1
3 2 1 1 0 0 2 0 0
3 1 1 1 0 0 1 1 0
-3 4 1 0 1 2 0 0 0
15 2 1 0 1 1 1 0 0
-6 1 1 0 1 1 0 1 0
-3 1 1 0 1 0 2 0 0
-1 1 1 0 0 1 0 0 1
3 1 1 0 0 0 1 1 0
4 1 1 0 0 0 1 0 1
-3 1 1 0 0 0 0 2 0
-3 1 1 0 0 0 0 1 1
-3 2 0 2 0 2 0 0 0
6 1 0 2 0 1 1 0 0
-3 1 0 2 0 1 0 1 0
-3 2 0 2 0 0 2 0 0
15 4 0 1 1 2 0 0 0
-6 1 0 1 1 1 1 0 0
-3 1 0 1 1 0 0 0 1
3 1 0 1 0 1 0 1 0
4 1 0 1 0 1 0 0 1
3 2 0 1 0 0 2 0 0
-6 1 0 1 0 0 1 1 0
-3 1 0 1 0 0 1 0 1
3 2 0 1 0 0 0 2 0
-3 2 0 0 2 2 0 0 0
7 4 0 0 2 0 0 0 1
-3 2 0 0 1 1 1 0 0
-3 2 0 0 1 1 0 1 0
-3 1 0 0 1 1 0 0 1
-3 4 0 0 1 0 2 0 0
3 1 0 0 1 0 1 1 0
-1 8 0 0 0 3 0 0 0
3 4 0 0 0 2 1 0 0
-3 8 0 0 0 2 0 1 0
-3 8 0 0 0 1 2 0 0
-1 2 0 0 0 0 1 0 1
3 4 0 0 0 0 0 2 0
3 4 0 0 0 0 0 1 1
-1 2 0 0 0 0 0 0 2
3 4 5 0 0 2 0 0 0
3 4 4 0 0 2 0 0 0
-3 2 4 0 0 1 1 0 0
-3 4 3 1 0 2 0 0 0
-3 2 3 0 0 1 1 0 0
3 2 3 0 0 1 0 1 0
3 4 3 0 0 0 2 0 0
-9 4 4 1 0 2 0 0 0
9 2 3 1 0 1 1 0 0
9 4 2 2 0 2 0 0 0
-9 2 2 1 0 1 0 1 0
-9 4 2 1 0 0 2 0 0
9 4 2 1 0 2 0 0 0
-9 2 1 2 0 2 0 0 0
-9 4 3 0 1 2 0 0 0
-9 4 2 0 1 2 0 0 0
9 2 2 0 1 1 1 0 0
9 2 1 1 1 2 0 0 0
3 2 0 3 0 2 0 0 0
89
-1 1 3 0 1 0 0 0 1
3 1 2 1 1 0 0 0 1
-1 2 2 0 0 1 0 0 1
3 2 2 0 0 0 1 1 0
2 1 2 0 0 0 1 0 1
-3 2 2 0 0 0 0 2 0
-3 2 2 0 0 0 0 1 1
-6 1 1 1 1 0 0 0 1
3 1 1 1 0 1 0 1 0
4 1 1 1 0 1 0 0 1
3 2 1 1 0 0 2 0 0
-6 1 1 1 0 0 1 1 0
-3 1 1 1 0 0 1 0 1
3 2 1 1 0 0 0 2 0
7 2 1 0 2 0 0 0 1
-6 1 1 0 1 1 1 0 0
3 1 1 0 1 1 0 1 0
-3 1 1 0 1 1 0 0 1
3 2 1 0 1 0 2 0 0
3 1 1 0 1 0 1 1 0
-1 1 1 0 0 0 1 0 1
3 2 1 0 0 0 0 2 0
3 2 1 0 0 0 0 1 1
-1 1 1 0 0 0 0 0 2
3 1 0 2 1 0 0 0 1
-3 1 0 2 0 1 1 0 0
3 2 0 2 0 1 0 1 0
-3 2 0 2 0 1 0 0 1
3 4 0 2 0 0 2 0 0
3 2 0 2 0 0 1 1 0
-3 1 0 1 1 2 0 0 0
12 1 0 1 1 1 1 0 0
-6 1 0 1 1 1 0 1 0
-3 1 0 1 1 0 2 0 0
-1 1 0 1 0 1 0 0 1
3 1 0 1 0 0 1 1 0
4 1 0 1 0 0 1 0 1
-3 1 0 1 0 0 0 2 0
-3 1 0 1 0 0 0 1 1
3 1 0 0 2 2 0 0 0
-3 1 0 0 2 1 1 0 0
-7 4 0 0 2 0 0 0 1
3 1 0 0 1 1 0 1 0
11 2 0 0 1 1 0 0 1
3 2 0 0 1 0 2 0 0
-6 1 0 0 1 0 1 1 0
-3 1 0 0 1 0 1 0 1
3 2 0 0 1 0 0 2 0
-3 8 0 0 0 2 1 0 0
-3 2 0 0 0 2 0 1 0
-15 8 0 0 0 2 0 0 1
-3 8 0 0 0 1 2 0 0
3 2 0 0 0 1 1 1 0
-1 8 0 0 0 0 3 0 0
3 4 0 0 0 0 0 1 1
3 4 0 0 0 0 0 0 2
9 4 4 1 0 2 0 0 0
9 4 3 1 0 2 0 0 0
-9 2 3 1 0 1 1 0 0
-9 2 2 2 0 2 0 0 0
-9 2 2 1 0 1 1 0 0
9 2 2 1 0 1 0 1 0
9 4 2 1 0 0 2 0 0
-9 4 4 0 1 2 0 0 0
9 2 3 0 1 1 1 0 0
9 4 2 1 1 2 0 0 0
-9 2 2 0 1 1 0 1 0
-9 4 2 0 1 0 2 0 0
-9 4 3 2 0 2 0 0 0
9 2 2 2 0 1 1 0 0
3 1 1 3 0 2 0 0 0
9 2 1 2 0 1 1 0 0
-9 2 1 2 0 1 0 1 0
-9 4 1 2 0 0 2 0 0
9 4 2 0 1 2 0 0 0
-9 2 1 1 1 2 0 0 0
-9 8 3 0 0 3 0 0 0
-9 8 2 0 0 3 0 0 0
9 4 2 0 0 2 1 0 0
9 4 1 1 0 3 0 0 0
9 4 1 0 0 2 1 0 0
-9 4 1 0 0 2 0 1 0
-9 8 1 0 0 1 2 0 0
-3 4 0 3 0 2 0 0 0
9 4 0 2 1 2 0 0 0
9 8 0 1 0 3 0 0 0
-9 4 0 1 0 2 1 0 0
-3 2 0 3 0 1 1 0 0
-9 8 0 0 1 3 0 0 0
106
-3 1 2 1 1 0 0 0 1
7 4 2 0 2 0 0 0 1
-1 2 2 0 0 0 1 0 1
3 4 2 0 0 0 0 2 0
3 4 2 0 0 0 0 1 1
-1 2 2 0 0 0 0 0 2
3 1 1 2 1 0 0 0 1
-1 1 1 1 0 1 0 0 1
3 1 1 1 0 0 1 1 0
4 1 1 1 0 0 1 0 1
-3 1 1 1 0 0 0 2 0
-3 1 1 1 0 0 0 1 1
-7 2 1 0 2 0 0 0 1
3 1 1 0 1 1 0 1 0
11 2 1 0 1 1 0 0 1
3 2 1 0 1 0 2 0 0
-6 1 1 0 1 0 1 1 0
-3 1 1 0 1 0 1 0 1
3 2 1 0 1 0 0 2 0
3 2 1 0 0 0 0 1 1
3 2 1 0 0 0 0 0 2
-3 1 0 2 1 0 0 0 1
3 2 0 2 0 1 0 1 0
2 1 0 2 0 1 0 0 1
3 4 0 2 0 0 2 0 0
-3 1 0 2 0 0 1 1 0
-3 2 0 2 0 0 1 0 1
3 4 0 2 0 0 0 2 0
7 2 0 1 2 0 0 0 1
-6 1 0 1 1 1 1 0 0
3 1 0 1 1 1 0 1 0
-3 1 0 1 1 1 0 0 1
3 2 0 1 1 0 2 0 0
3 1 0 1 1 0 1 1 0
-1 1 0 1 0 0 1 0 1
3 2 0 1 0 0 0 2 0
3 2 0 1 0 0 0 1 1
-1 1 0 1 0 0 0 0 2
-3 2 0 0 2 2 0 0 0
6 1 0 0 2 1 1 0 0
-3 1 0 0 2 1 0 1 0
-3 2 0 0 2 0 2 0 0
-5 2 0 0 1 1 0 0 1
3 1 0 0 1 0 1 1 0
11 2 0 0 1 0 1 0 1
-3 1 0 0 1 0 0 2 0
-3 1 0 0 1 0 0 1 1
15 8 0 0 0 2 0 1 0
5 2 0 0 0 2 0 0 1
3 4 0 0 0 1 2 0 0
-21 4 0 0 0 1 1 1 0
-15 4 0 0 0 1 1 0 1
3 4 0 0 0 1 0 2 0
-7 8 0 0 0 0 3 0 0
15 8 0 0 0 0 2 1 0
9 4 4 0 1 2 0 0 0
9 4 3 0 1 2 0 0 0
-9 2 3 0 1 1 1 0 0
-27 4 2 1 1 2 0 0 0
-9 2 2 0 1 1 1 0 0
9 2 2 0 1 1 0 1 0
9 4 2 0 1 0 2 0 0
9 4 3 2 0 2 0 0 0
9 4 2 2 0 2 0 0 0
-9 2 2 2 0 1 1 0 0
-15 4 1 3 0 2 0 0 0
-9 2 1 2 0 1 1 0 0
9 2 1 2 0 1 0 1 0
9 4 1 2 0 0 2 0 0
-9 2 3 1 1 2 0 0 0
9 1 2 1 1 1 1 0 0
27 4 1 2 1 2 0 0 0
9 1 1 1 1 1 1 0 0
-9 1 1 1 1 1 0 1 0
-9 2 1 1 1 0 2 0 0
9 8 3 0 0 3 0 0 0
9 8 2 0 0 3 0 0 0
-27 8 2 0 0 2 1 0 0
-27 8 1 1 0 3 0 0 0
-9 4 1 0 0 2 1 0 0
9 4 1 0 0 2 0 1 0
27 8 1 0 0 1 2 0 0
-9 8 3 0 0 2 1 0 0
9 4 2 0 0 1 2 0 0
9 2 1 1 0 2 1 0 0
-9 4 1 0 0 1 1 1 0
-9 8 1 0 0 0 3 0 0
-3 4 2 3 0 2 0 0 0
3 2 1 3 0 1 1 0 0
3 4 0 4 0 2 0 0 0
3 1 0 3 0 1 1 0 0
-3 2 0 3 0 1 0 1 0
-3 4 0 3 0 0 2 0 0
-9 8 2 1 0 3 0 0 0
9 8 0 2 0 3 0 0 0
45 8 0 1 0 2 1 0 0
-9 4 0 1 0 2 0 1 0
-27 8 0 1 0 1 2 0 0
-3 4 0 3 0 2 0 0 0
-9 2 0 2 1 1 1 0 0
-9 8 0 1 0 3 0 0 0
9 8 1 0 1 3 0 0 0
9 4 0 0 1 3 0 0 0
-27 8 0 0 1 2 1 0 0
-9 64 0 0 0 4 0 0 0
-1 4 0 0 0 0 0 0 2
115
-7 4 2 0 2 0 0 0 1
3 4 2 0 0 0 0 1 1
3 4 2 0 0 0 0 0 2
-3 1 1 2 1 0 0 0 1
7 2 1 1 2 0 0 0 1
-1 1 1 1 0 0 1 0 1
3 2 1 1 0 0 0 2 0
3 2 1 1 0 0 0 1 1
-1 1 1 1 0 0 0 0 2
-5 2 1 0 1 1 0 0 1
3 1 1 0 1 0 1 1 0
11 2 1 0 1 0 1 0 1
-3 1 1 0 1 0 0 2 0
-3 1 1 0 1 0 0 1 1
1 1 0 3 1 0 0 0 1
-1 2 0 2 0 1 0 0 1
3 2 0 2 0 0 1 1 0
2 1 0 2 0 0 1 0 1
-3 2 0 2 0 0 0 2 0
-3 2 0 2 0 0 0 1 1
-7 2 0 1 2 0 0 0 1
3 1 0 1 1 1 0 1 0
11 2 0 1 1 1 0 0 1
3 2 0 1 1 0 2 0 0
-6 1 0 1 1 0 1 1 0
-3 1 0 1 1 0 1 0 1
3 2 0 1 1 0 0 2 0
3 2 0 1 0 0 0 1 1
3 2 0 1 0 0 0 0 2
1 2 0 0 3 0 0 0 1
-3 1 0 0 2 1 1 0 0
3 2 0 0 2 1 0 1 0
-3 2 0 0 2 1 0 0 1
3 4 0 0 2 0 2 0 0
3 2 0 0 2 0 1 1 0
-5 2 0 0 1 0 1 0 1
3 2 0 0 1 0 0 2 0
3 1 0 0 1 0 0 1 1
-1 1 0 0 1 0 0 0 2
-5 8 0 0 0 2 0 0 1
15 4 0 0 0 1 1 1 0
5 1 0 0 0 1 1 0 1
-15 4 0 0 0 1 0 2 0
-15 4 0 0 0 1 0 1 1
1 1 0 0 0 0 3 0 0
-39 8 0 0 0 0 2 1 0
-15 8 0 0 0 0 2 0 1
3 1 0 0 0 0 1 2 0
9 2 3 1 1 2 0 0 0
9 2 2 1 1 2 0 0 0
-9 1 2 1 1 1 1 0 0
-9 1 1 2 1 2 0 0 0
-9 1 1 1 1 1 1 0 0
9 1 1 1 1 1 0 1 0
9 2 1 1 1 0 2 0 0
-9 4 3 0 2 2 0 0 0
-9 4 2 0 2 2 0 0 0
9 2 2 0 2 1 1 0 0
9 2 1 1 2 2 0 0 0
9 2 1 0 2 1 1 0 0
-9 2 1 0 2 1 0 1 0
-9 4 1 0 2 0 2 0 0
9 8 3 0 0 2 1 0 0
9 8 2 0 0 2 1 0 0
-9 4 2 0 0 1 2 0 0
-45 8 1 1 0 2 1 0 0
-9 4 1 0 0 1 2 0 0
9 2 1 0 0 1 1 1 0
9 8 1 0 0 0 3 0 0
-9 8 3 0 0 2 0 1 0
-9 8 2 0 0 2 0 1 0
9 4 2 0 0 1 1 1 0
9 4 1 1 0 2 0 1 0
-9 4 1 0 0 1 0 2 0
-9 8 1 0 0 0 2 1 0
3 4 2 3 0 2 0 0 0
3 4 1 3 0 2 0 0 0
-3 2 1 3 0 1 1 0 0
-3 4 0 4 0 2 0 0 0
-3 2 0 3 0 1 1 0 0
3 2 0 3 0 1 0 1 0
3 4 0 3 0 0 2 0 0
-9 4 2 2 1 2 0 0 0
9 2 1 2 1 1 1 0 0
9 4 0 3 1 2 0 0 0
9 1 0 2 1 1 1 0 0
-9 2 0 2 1 1 0 1 0
-9 4 0 2 1 0 2 0 0
9 8 2 1 0 3 0 0 0
9 8 1 1 0 3 0 0 0
-9 8 0 2 0 3 0 0 0
-27 8 0 1 0 2 1 0 0
27 8 0 1 0 2 0 1 0
45 8 0 1 0 1 2 0 0
-9 8 2 1 0 2 1 0 0
9 4 1 1 0 1 2 0 0
9 8 0 2 0 2 1 0 0
-9 2 0 1 0 1 1 1 0
-9 8 0 1 0 0 3 0 0
9 4 0 1 2 2 0 0 0
-9 8 2 0 1 3 0 0 0
-9 4 1 0 1 3 0 0 0
27 8 1 0 1 2 1 0 0
9 8 0 1 1 3 0 0 0
27 4 0 0 1 2 1 0 0
-27 8 0 0 1 2 0 1 0
-27 8 0 0 1 1 2 0 0
-9 4 0 2 1 2 0 0 0
-9 2 0 1 2 1 1 0 0
-9 8 0 0 1 3 0 0 0
9 32 1 0 0 4 0 0 0
-3 4 0 0 3 2 0 0 0
9 32 0 0 0 4 0 0 0
-9 16 0 0 0 3 1 0 0
-1 2 1 0 0 0 0 0 2
112
-7 2 1 1 2 0 0 0 1
3 2 1 1 0 0 0 1 1
3 2 1 1 0 0 0 0 2
1 2 1 0 3 0 0 0 1
-5 2 1 0 1 0 1 0 1
3 2 1 0 1 0 0 2 0
3 1 1 0 1 0 0 1 1
-1 1 1 0 1 0 0 0 2
-1 1 0 3 1 0 0 0 1
7 4 0 2 2 0 0 0 1
-1 2 0 2 0 0 1 0 1
3 4 0 2 0 0 0 2 0
3 4 0 2 0 0 0 1 1
-1 2 0 2 0 0 0 0 2
-5 2 0 1 1 1 0 0 1
3 1 0 1 1 0 1 1 0
11 2 0 1 1 0 1 0 1
-3 1 0 1 1 0 0 2 0
-3 1 0 1 1 0 0 1 1
-1 2 0 0 3 0 0 0 1
3 2 0 0 2 1 0 1 0
9 4 0 0 2 1 0 0 1
3 4 0 0 2 0 2 0 0
-3 1 0 0 2 0 1 1 0
-3 2 0 0 2 0 1 0 1
3 4 0 0 2 0 0 2 0
-5 4 0 0 0 1 1 0 1
3 1 0 0 0 1 0 2 0
6 1 0 0 0 1 0 1 1
7 4 0 0 0 1 0 0 2
3 1 0 0 0 0 2 1 0
29 8 0 0 0 0 2 0 1
-6 1 0 0 0 0 1 2 0
-6 1 0 0 0 0 1 1 1
1 1 0 0 0 0 0 3 0
9 4 3 0 2 2 0 0 0
9 4 2 0 2 2 0 0 0
-9 2 2 0 2 1 1 0 0
-27 4 1 1 2 2 0 0 0
-9 2 1 0 2 1 1 0 0
9 2 1 0 2 1 0 1 0
9 4 1 0 2 0 2 0 0
9 8 3 0 0 2 0 1 0
9 8 2 0 0 2 0 1 0
-9 4 2 0 0 1 1 1 0
-27 8 1 1 0 2 0 1 0
-9 4 1 0 0 1 1 1 0
9 4 1 0 0 1 0 2 0
9 8 1 0 0 0 2 1 0
9 8 3 0 0 2 0 0 1
9 8 2 0 0 2 0 0 1
-9 4 2 0 0 1 1 0 1
-9 4 1 1 0 2 0 0 1
-9 4 1 0 0 1 1 0 1
9 4 1 0 0 1 0 1 1
9 8 1 0 0 0 2 0 1
9 4 2 2 1 2 0 0 0
9 4 1 2 1 2 0 0 0
-9 2 1 2 1 1 1 0 0
-9 4 0 3 1 2 0 0 0
-9 2 0 2 1 1 1 0 0
9 2 0 2 1 1 0 1 0
9 4 0 2 1 0 2 0 0
-9 4 2 1 2 2 0 0 0
9 2 1 1 2 1 1 0 0
9 4 0 2 2 2 0 0 0
9 1 0 1 2 1 1 0 0
-9 2 0 1 2 1 0 1 0
-9 4 0 1 2 0 2 0 0
9 8 2 1 0 2 1 0 0
9 8 1 1 0 2 1 0 0
-9 4 1 1 0 1 2 0 0
-9 8 0 2 0 2 1 0 0
-9 4 0 1 0 1 2 0 0
27 4 0 1 0 1 1 1 0
9 8 0 1 0 0 3 0 0
-9 8 2 1 0 2 0 1 0
9 4 1 1 0 1 1 1 0
9 8 0 2 0 2 0 1 0
-9 4 0 1 0 1 0 2 0
-9 8 0 1 0 0 2 1 0
9 8 2 0 1 3 0 0 0
9 8 1 0 1 3 0 0 0
-9 2 1 0 1 2 1 0 0
-9 8 0 1 1 3 0 0 0
-27 8 0 0 1 2 1 0 0
9 2 0 0 1 2 0 1 0
45 8 0 0 1 1 2 0 0
-9 8 2 0 1 2 1 0 0
9 4 1 0 1 1 2 0 0
9 8 0 1 1 2 1 0 0
-9 2 0 0 1 1 1 1 0
-9 8 0 0 1 0 3 0 0
-27 64 2 0 0 4 0 0 0
-9 16 1 0 0 4 0 0 0
9 8 1 0 0 3 1 0 0
9 32 0 1 0 4 0 0 0
-9 8 0 1 0 2 0 0 1
3 2 0 0 3 2 0 0 0
9 8 0 0 1 2 0 0 1
9 8 0 0 0 3 1 0 0
-9 16 0 0 0 3 0 1 0
-27 32 0 0 0 2 2 0 0
-1 2 0 1 0 0 0 0 2
3 4 1 0 3 2 0 0 0
9 8 1 0 1 2 0 1 0
-1 4 2 0 0 0 0 0 2
-9 4 0 1 2 2 0 0 0
-9 8 0 1 0 2 0 1 0
9 4 0 1 0 1 1 0 1
-3 2 0 0 3 1 1 0 0
-9 64 0 0 0 4 0 0 0
91
-1 2 1 0 3 0 0 0 1
-7 4 0 2 2 0 0 0 1
3 4 0 2 0 0 0 1 1
3 4 0 2 0 0 0 0 2
1 2 0 1 3 0 0 0 1
-5 2 0 1 1 0 1 0 1
3 2 0 1 1 0 0 2 0
3 1 0 1 1 0 0 1 1
-1 1 0 1 1 0 0 0 2
-3 4 0 0 2 1 0 0 1
3 2 0 0 2 0 1 1 0
9 4 0 0 2 0 1 0 1
-3 2 0 0 2 0 0 2 0
-3 2 0 0 2 0 0 1 1
-3 4 0 0 0 1 0 1 1
-3 4 0 0 0 1 0 0 2
-1 1 0 0 0 0 2 0 1
3 1 0 0 0 0 1 2 0
27 4 0 0 0 0 1 1 1
7 4 0 0 0 0 1 0 2
-2 1 0 0 0 0 0 3 0
-3 1 0 0 0 0 0 2 1
9 32 3 0 0 4 0 0 0
9 16 2 0 0 4 0 0 0
-9 8 2 0 0 3 1 0 0
-9 32 1 1 0 4 0 0 0
15 8 1 1 0 2 0 0 1
-3 2 1 0 3 2 0 0 0
-9 4 1 0 1 2 0 1 0
-9 8 1 0 1 2 0 0 1
-27 16 1 0 0 3 1 0 0
9 16 1 0 0 3 0 1 0
45 32 1 0 0 2 2 0 0
-3 8 3 0 0 2 0 0 1
-3 8 2 0 0 2 0 0 1
3 4 2 0 0 1 1 0 1
-1 2 1 1 0 0 0 0 2
3 4 1 0 0 1 1 0 1
-3 4 1 0 0 1 0 1 1
-3 8 1 0 0 0 2 0 1
9 4 2 1 2 2 0 0 0
9 4 1 1 2 2 0 0 0
-9 2 1 1 2 1 1 0 0
-9 4 0 2 2 2 0 0 0
-9 2 0 1 2 1 1 0 0
9 2 0 1 2 1 0 1 0
9 4 0 1 2 0 2 0 0
9 8 2 1 0 2 0 1 0
9 8 1 1 0 2 0 1 0
-9 4 1 1 0 1 1 1 0
-9 8 0 2 0 2 0 1 0
-9 4 0 1 0 1 1 1 0
9 4 0 1 0 1 0 2 0
9 8 0 1 0 0 2 1 0
9 8 2 1 0 2 0 0 1
-9 4 1 1 0 1 1 0 1
-9 8 0 2 0 2 0 0 1
-3 1 0 1 0 1 1 0 1
9 4 0 1 0 1 0 1 1
9 8 0 1 0 0 2 0 1
-3 4 2 0 3 2 0 0 0
3 2 1 0 3 1 1 0 0
3 4 0 1 3 2 0 0 0
3 1 0 0 3 1 1 0 0
-3 2 0 0 3 1 0 1 0
-3 4 0 0 3 0 2 0 0
9 8 2 0 1 2 1 0 0
9 8 1 0 1 2 1 0 0
-9 4 1 0 1 1 2 0 0
-9 8 0 1 1 2 1 0 0
-9 4 0 0 1 1 2 0 0
27 4 0 0 1 1 1 1 0
9 8 0 0 1 0 3 0 0
-9 8 2 0 1 2 0 1 0
9 4 1 0 1 1 1 1 0
9 8 0 1 1 2 0 1 0
-9 4 0 0 1 1 0 2 0
-9 8 0 0 1 0 2 1 0
9 32 1 0 0 4 0 0 0
-9 32 0 1 0 4 0 0 0
3 8 0 1 0 2 0 0 1
-3 4 0 0 3 2 0 0 0
-9 8 0 0 1 2 0 1 0
-9 8 0 0 1 2 0 0 1
-9 16 0 0 0 3 1 0 0
9 16 0 0 0 3 0 1 0
45 32 0 0 0 2 2 0 0
9 16 0 1 0 3 1 0 0
9 4 0 0 1 1 1 0 1
-9 8 0 0 0 2 1 1 0
-9 16 0 0 0 1 3 0 0
64
-1 2 0 1 3 0 0 0 1
-3 4 0 0 2 0 1 0 1
3 4 0 0 2 0 0 2 0
3 2 0 0 2 0 0 1 1
-3 4 0 0 0 0 1 1 1
-3 4 0 0 0 0 1 0 2
1 1 0 0 0 0 0 3 0
3 1 0 0 0 0 0 2 1
9 4 0 0 0 0 0 1 2
1 4 0 0 0 0 0 0 3
-9 64 4 0 0 4 0 0 0
-9 32 3 0 0 4 0 0 0
9 16 3 0 0 3 1 0 0
9 32 2 1 0 4 0 0 0
-3 8 2 1 0 2 0 0 1
3 4 2 0 3 2 0 0 0
9 8 2 0 1 2 0 1 0
9 8 2 0 1 2 0 0 1
9 8 2 0 0 3 1 0 0
-9 16 2 0 0 3 0 1 0
-27 32 2 0 0 2 2 0 0
-9 64 2 0 0 4 0 0 0
9 32 1 1 0 4 0 0 0
-3 8 1 1 0 2 0 0 1
3 4 1 0 3 2 0 0 0
9 8 1 0 1 2 0 1 0
9 8 1 0 1 2 0 0 1
9 16 1 0 0 3 1 0 0
-9 16 1 0 0 3 0 1 0
-45 32 1 0 0 2 2 0 0
-9 16 1 1 0 3 1 0 0
3 4 1 1 0 1 1 0 1
-3 2 1 0 3 1 1 0 0
-9 4 1 0 1 1 1 1 0
-9 4 1 0 1 1 1 0 1
9 8 1 0 0 2 1 1 0
9 16 1 0 0 1 3 0 0
-9 64 0 2 0 4 0 0 0
3 8 0 2 0 2 0 0 1
-3 4 0 1 3 2 0 0 0
-9 8 0 1 1 2 0 1 0
-9 8 0 1 1 2 0 0 1
-9 16 0 1 0 3 1 0 0
9 16 0 1 0 3 0 1 0
9 32 0 1 0 2 2 0 0
-1 4 0 2 0 0 0 0 2
3 4 0 1 0 1 1 0 1
-3 4 0 1 0 1 0 1 1
-3 8 0 1 0 0 2 0 1
-3 2 0 0 3 1 1 0 0
3 2 0 0 3 1 0 1 0
3 4 0 0 3 0 2 0 0
-9 4 0 0 1 1 1 1 0
9 4 0 0 1 1 0 2 0
9 8 0 0 1 0 2 1 0
-9 4 0 0 1 1 1 0 1
9 4 0 0 1 1 0 1 1
9 8 0 0 1 0 2 0 1
-9 16 0 0 0 2 2 0 0
9 8 0 0 0 2 1 1 0
9 16 0 0 0 1 3 0 0
-9 16 0 0 0 2 0 2 0
-9 16 0 0 0 1 2 1 0
-9 64 0 0 0 0 4 0 0
