39 0 0 1421 21 18 18 14 7 14 13 12 11 10 14 4 8 10 10 11 5 11 7 11 5
39 0 0 1437 23 16 16 15 8 11 17 11 9 14 11 5 9 8 14 8 9 6 10 9 5
39 0 0 1443 23 16 16 15 8 12 14 13 10 11 14 4 9 8 14 8 7 12 4 11 5
39 0 0 1443 23 16 16 16 7 12 15 12 11 9 16 3 9 11 7 12 7 10 11 6 5
39 0 0 1441 23 16 16 17 6 12 15 12 10 11 14 4 8 11 9 11 7 7 14 6 5
39 0 0 1443 23 16 17 12 10 12 15 12 10 13 9 7 9 9 13 8 6 13 8 7 5
39 0 0 1423 23 16 17 13 9 12 15 12 9 14 11 5 8 10 12 9 8 7 9 10 5
39 0 0 1437 23 16 17 14 8 12 16 11 10 13 9 7 9 8 14 8 6 11 10 7 5
39 0 0 1441 23 16 17 14 8 13 13 13 9 14 14 2 7 13 11 8 8 8 8 10 5
39 0 0 1435 23 16 17 15 7 12 16 11 9 14 11 5 8 9 13 9 8 5 11 10 5
39 0 0 1435 23 16 17 15 7 12 16 11 10 11 14 4 8 10 10 11 6 8 13 7 5
39 0 0 1441 23 16 17 15 7 13 13 13 10 11 14 4 7 13 7 12 6 8 13 7 5
39 0 0 1436 23 16 18 11 10 13 13 13 9 14 11 5 7 12 10 10 7 8 8 11 5
39 0 0 1435 23 16 18 12 9 13 14 12 10 13 9 7 8 10 12 9 5 12 9 8 5
39 0 0 1439 23 16 18 13 8 13 14 12 10 11 14 4 7 12 8 12 5 9 12 8 5
39 0 0 1440 24 15 15 14 10 10 17 12 10 11 13 5 10 9 10 10 8 12 8 6 5
39 0 0 1439 24 15 15 16 8 10 18 11 10 11 13 5 10 8 11 10 8 10 10 6 5
39 0 0 1430 24 15 15 17 7 12 13 14 10 12 12 5 9 10 13 7 8 11 9 6 5
39 0 0 1428 24 15 16 14 9 11 16 12 10 11 13 5 9 10 9 11 7 11 9 7 5
39 0 0 1434 24 15 16 15 8 12 14 13 10 12 12 5 9 9 14 7 7 12 8 7 5
39 0 0 1440 24 15 16 16 7 12 14 13 9 13 14 3 8 10 13 8 9 6 9 10 5
39 0 0 1443 24 15 16 17 6 12 15 12 10 12 12 5 9 8 15 7 7 10 10 7 5
39 0 0 1441 24 15 17 13 9 11 17 11 9 13 11 6 8 9 12 10 6 9 11 8 5
39 0 0 1438 24 15 17 13 9 13 12 14 10 12 12 5 8 11 12 8 6 13 7 8 5
39 0 0 1442 24 15 17 14 8 11 18 10 10 11 13 5 9 8 11 11 6 10 10 8 5
39 0 0 1440 24 15 17 14 8 13 12 14 9 13 14 3 7 12 11 9 8 7 8 11 5
39 0 0 1441 24 15 17 15 7 13 13 13 9 14 13 3 7 13 10 9 8 8 7 11 5
39 0 0 1428 24 15 17 15 7 13 13 13 10 12 12 5 8 10 13 8 6 11 9 8 5
39 0 0 1443 24 15 18 12 9 12 16 11 10 11 13 5 8 10 9 12 5 11 9 9 5
39 0 0 1443 24 15 18 13 8 13 14 12 10 12 12 5 8 9 14 8 5 12 8 9 5
