0 10 22130 300100 300200 300101 310100 400100 410100 510100 510200 510101 520100
1 10 9140 300100 300200 300101 300300 300201 300102 410100 420100 420200 420300
2 10 6603 300100 310100 310200 310101 410100 410200 410101 520100 520200 520101
3 10 30261 300100 300200 300101 310100 400100 400200 400101 420100 510100 520100
4 10 14155 300100 310100 310200 310101 400100 400200 400101 420100 510100 520100
5 10 8326 300100 300200 300101 310100 400100 400200 400101 420100 510100 510200
6 10 31445 300100 300200 300101 310100 400100 400200 400101 400300 400201 400102
7 10 2622 300100 300200 300101 300300 300201 300102 400100 420100 510100 510200
8 10 20088 300100 300200 300101 300300 300201 300102 300400 300301 300202 400100
9 10 20203 300100 300200 300101 300300 300201 300102 410100 420100 420200 420300
10 10 2549 300100 300200 300101 300300 300201 300102 400100 420100 420200 420300
11 10 18616 300100 310100 310200 310101 400100 420100 420200 420300 420101 500100
12 10 878 300100 300200 300101 300300 300201 300102 400100 420100 500100 520100
13 10 6493 300100 310100 310200 310101 400100 400200 400101 500100 520100 610100
14 10 7140 300100 310100 310200 310101 400100 400200 400101 420100 500100 520100
15 10 4098 300100 310100 310200 310101 410100 410200 410101 500100 520100 600100
16 10 23799 310100 310200 310101 310300 310201 310102 400100 410100 500100 520100
17 10 24289 310100 310200 310101 310300 310201 310102 400100 400200 400101 420100
18 10 29293 310100 310200 310101 310300 310201 310102 310400 310301 310202 400100
19 10 7733 300100 300200 300101 310100 400100 420100 420200 420300 420101 500100
20 10 5258 300100 300200 300101 300300 300201 300102 400100 420100 500100 510100
21 10 28550 300100 310100 310200 310101 420100 420200 420300 420101 500100 510100
22 10 1231 300100 300200 300101 300300 300201 300102 400100 420100 420200 420300
23 10 10801 300100 310100 310200 310101 410100 410200 410101 500100 510100 510200
24 10 15943 300100 310100 310200 310101 400100 400200 400101 500100 500200 500101
25 10 696 300100 310100 310200 310101 400100 420100 500100 500200 500101 610100
