1699 117 6 0 0 0 1 0 4 11 0 0 0 0 0 4 11 0 0 0 0 0 4 11 0 0 0 0 0 4 11 0 0 0 0 0 4 21 0 0 2 0 0 0 21 0 0 2 0 0 0 25 0 0 0 0 0 2
1699 117 6 0 0 0 1 0 4 11 0 0 0 0 0 4 11 0 0 0 0 0 4 11 0 0 0 0 0 4 18 0 0 0 0 0 3 18 0 0 0 0 0 3 21 0 0 2 0 0 0 21 0 0 2 0 0 0
1699 116 8 0 0 0 0 0 5 11 0 0 0 0 0 4 11 0 0 0 0 0 4 11 0 0 0 0 0 4 11 0 0 0 0 0 4 11 0 0 2 1 0 0 21 0 0 2 0 0 0 32 0 0 0 0 0 1
1699 116 8 0 0 0 0 0 5 11 0 0 0 0 0 4 11 0 0 0 0 0 4 11 0 0 0 0 0 4 11 0 0 2 1 0 0 18 0 0 0 0 0 3 21 0 0 2 0 0 0 25 0 0 0 0 0 2
1699 116 8 0 0 0 0 0 5 11 0 0 0 0 0 4 11 0 0 0 0 0 4 11 0 0 2 1 0 0 18 0 0 0 0 0 3 18 0 0 0 0 0 3 18 0 0 0 0 0 3 21 0 0 2 0 0 0
1699 115 10 0 0 2 0 0 2 11 0 0 0 0 0 4 11 0 0 0 0 0 4 11 0 0 0 0 0 4 11 0 0 0 0 0 4 11 0 0 2 1 0 0 18 0 0 0 0 0 3 32 0 0 0 0 0 1
1699 115 10 0 0 2 0 0 2 11 0 0 0 0 0 4 11 0 0 0 0 0 4 11 0 0 0 0 0 4 11 0 0 0 0 0 4 11 0 0 2 1 0 0 25 0 0 0 0 0 2 25 0 0 0 0 0 2
1699 115 10 0 0 2 0 0 2 11 0 0 0 0 0 4 11 0 0 0 0 0 4 11 0 0 0 0 0 4 11 0 0 2 1 0 0 18 0 0 0 0 0 3 18 0 0 0 0 0 3 25 0 0 0 0 0 2
1699 115 10 0 0 2 0 0 2 11 0 0 0 0 0 4 11 0 0 0 0 0 4 11 0 0 2 1 0 0 18 0 0 0 0 0 3 18 0 0 0 0 0 3 18 0 0 0 0 0 3 18 0 0 0 0 0 3
1699 114 11 0 0 0 0 0 4 11 0 0 0 0 0 4 11 0 0 0 0 0 4 11 0 0 0 0 0 4 11 0 0 0 0 0 4 11 0 0 2 1 0 0 16 0 0 2 0 0 1 32 0 0 0 0 0 1
1699 117 11 0 0 0 0 0 4 11 0 0 0 0 0 4 11 0 0 0 0 0 4 11 0 0 0 0 0 4 11 0 0 0 0 0 4 11 0 0 2 1 0 0 19 0 0 2 0 0 1 32 0 0 0 0 0 1
1699 112 11 0 0 0 0 0 4 11 0 0 0 0 0 4 11 0 0 0 0 0 4 11 0 0 0 0 0 4 11 0 0 0 0 0 4 11 0 0 2 1 0 0 21 0 0 2 0 0 0 25 0 0 0 0 0 2
1699 116 11 0 0 0 0 0 4 11 0 0 0 0 0 4 11 0 0 0 0 0 4 11 0 0 0 0 0 4 11 0 0 0 0 0 4 11 0 0 2 1 0 0 25 0 0 0 0 0 2 25 0 0 2 0 0 0
1699 117 11 0 0 0 0 0 4 11 0 0 0 0 0 4 11 0 0 0 0 0 4 11 0 0 0 0 0 4 11 0 0 0 0 0 4 16 0 0 2 0 0 1 21 0 0 2 0 0 0 25 0 0 0 1 0 1
1699 117 11 0 0 0 0 0 4 11 0 0 0 0 0 4 11 0 0 0 0 0 4 11 0 0 0 0 0 4 11 0 0 0 0 0 4 16 0 0 2 1 0 0 21 0 0 2 0 0 0 25 0 0 0 0 0 2
1699 115 11 0 0 0 0 0 4 11 0 0 0 0 0 4 11 0 0 0 0 0 4 11 0 0 0 0 0 4 11 0 0 0 0 0 4 18 0 0 0 1 0 2 21 0 0 2 0 0 0 21 0 0 2 0 0 0
1699 117 11 0 0 0 0 0 4 11 0 0 0 0 0 4 11 0 0 0 0 0 4 11 0 0 0 0 0 4 11 0 0 2 1 0 0 16 0 0 0 0 0 4 21 0 0 2 0 0 0 25 0 0 0 0 0 2
1699 114 11 0 0 0 0 0 4 11 0 0 0 0 0 4 11 0 0 0 0 0 4 11 0 0 0 0 0 4 11 0 0 2 1 0 0 16 0 0 2 0 0 1 18 0 0 0 0 0 3 25 0 0 0 0 0 2
1699 112 11 0 0 0 0 0 4 11 0 0 0 0 0 4 11 0 0 0 0 0 4 11 0 0 0 0 0 4 11 0 0 2 1 0 0 18 0 0 0 0 0 3 18 0 0 0 0 0 3 21 0 0 2 0 0 0
1699 116 11 0 0 0 0 0 4 11 0 0 0 0 0 4 11 0 0 0 0 0 4 11 0 0 0 0 0 4 11 0 0 2 1 0 0 18 0 0 0 0 0 3 18 0 0 0 0 0 3 25 0 0 2 0 0 0
1699 117 11 0 0 0 0 0 4 11 0 0 0 0 0 4 11 0 0 0 0 0 4 11 0 0 0 0 0 4 11 0 0 2 1 0 0 18 0 0 0 0 0 3 19 0 0 2 0 0 1 25 0 0 0 0 0 2
1699 117 11 0 0 0 0 0 4 11 0 0 0 0 0 4 11 0 0 0 0 0 4 11 0 0 0 0 0 4 16 0 0 2 0 0 1 18 0 0 0 0 0 3 18 0 0 0 1 0 2 21 0 0 2 0 0 0
1699 117 11 0 0 0 0 0 4 11 0 0 0 0 0 4 11 0 0 0 0 0 4 11 0 0 0 0 0 4 16 0 0 2 1 0 0 18 0 0 0 0 0 3 18 0 0 0 0 0 3 21 0 0 2 0 0 0
1699 117 11 0 0 0 0 0 4 11 0 0 0 0 0 4 11 0 0 0 0 0 4 11 0 0 2 1 0 0 16 0 0 0 0 0 4 18 0 0 0 0 0 3 18 0 0 0 0 0 3 21 0 0 2 0 0 0
1699 114 11 0 0 0 0 0 4 11 0 0 0 0 0 4 11 0 0 0 0 0 4 11 0 0 2 1 0 0 16 0 0 2 0 0 1 18 0 0 0 0 0 3 18 0 0 0 0 0 3 18 0 0 0 0 0 3
1699 117 11 0 0 0 0 0 4 11 0 0 0 0 0 4 11 0 0 0 0 0 4 11 0 0 2 1 0 0 18 0 0 0 0 0 3 18 0 0 0 0 0 3 18 0 0 0 0 0 3 19 0 0 2 0 0 1
