1699 117 0 0 4 1 0 22
1701 117 0 0 4 1 8 13
1704 117 0 0 4 8 0 13
1742 121 0 3 0 2 0 21
1785 125 0 1 2 3 0 20
1787 125 0 1 2 3 8 11
1794 125 0 1 8 3 0 11
1814 127 0 0 0 0 4 24
1816 127 0 0 0 0 12 15
1817 127 0 0 0 0 20 6
1819 127 0 0 0 7 4 15
1823 127 0 0 6 0 4 15
1825 127 0 0 6 7 4 6
1856 131 0 3 2 1 4 14
1862 132 2 0 4 3 6 7
1865 133 0 2 0 5 0 18
1874 133 0 2 6 5 0 9
1899 135 0 1 4 2 4 13
1900 135 0 1 4 2 12 4
1902 135 0 1 10 2 4 4
1907 137 0 0 2 6 0 17
1908 137 0 0 2 6 8 8
1910 137 0 0 8 6 0 8
1921 139 0 4 0 3 4 12
1924 139 0 4 6 3 4 3
1929 141 0 3 4 0 0 16
1931 141 0 3 4 7 0 7
1937 142 2 0 0 2 2 18
1939 142 2 0 0 2 10 9
1946 142 2 0 6 2 2 9
1964 143 0 2 2 4 4 11
1965 143 0 2 2 4 12 2
1967 143 0 2 8 4 4 2
1972 145 0 1 0 1 0 24
1974 145 0 1 0 1 8 15
1975 145 0 1 0 1 16 6
1977 145 0 1 0 8 0 15
1981 145 0 1 6 1 0 15
1982 145 0 1 6 1 8 6
1983 145 0 1 6 8 0 6
1984 145 0 1 12 1 0 6
1986 145 0 6 0 1 0 15
2000 147 0 0 4 5 4 10
2001 147 0 0 4 5 12 1
2002 147 0 0 4 12 4 1
2003 147 0 0 10 5 4 1
2007 148 2 2 0 0 6 12
2014 149 0 4 2 2 0 14
2015 149 0 4 2 2 8 5
2017 149 0 4 8 2 0 5
2020 150 2 1 4 4 2 7
2022 151 0 3 0 6 4 9
2025 151 0 3 6 6 4 0
2029 152 2 0 2 1 6 11
2030 152 2 0 2 1 14 2
2032 152 2 0 8 1 6 2
