1679 115 99 36 36 36 429 429 443 606 617
1699 117 100 36 429 429 429 429 429 558 603
1701 117 107 36 429 429 429 443 443 558 615
1702 117 115 36 429 443 443 443 558 605 605
1704 117 105 36 36 429 429 429 464 606 616
1708 117 113 36 429 429 429 567 558 558 558
1742 121 118 95 429 429 429 429 429 615 616
1751 121 112 36 36 429 429 429 558 589 617
1769 122 118 36 429 429 429 436 599 607 616
1775 123 116 36 36 354 429 436 523 616 616
1785 125 111 36 429 429 429 429 429 607 617
1787 125 118 36 429 429 436 443 457 615 617
1794 125 103 36 36 36 429 429 516 558 617
1795 125 110 36 36 36 436 443 558 605 617
1814 127 110 429 429 429 429 429 429 605 605
1816 127 117 429 429 429 436 443 443 605 615
1817 127 124 429 443 443 443 443 443 615 615
1819 127 124 429 429 429 436 457 464 615 616
1823 127 121 429 429 429 436 523 558 558 558
1825 127 106 36 36 36 429 436 457 616 616
1842 129 119 36 36 354 429 429 589 615 615
1856 131 122 36 429 429 429 436 589 605 617
1857 131 129 36 429 443 443 443 589 615 617
1862 132 119 36 36 429 436 443 599 615 616
1865 133 128 354 429 429 429 429 530 616 616
1874 133 110 36 36 36 354 429 516 615 615
1875 133 117 36 36 36 443 443 589 616 616
1899 135 112 36 36 429 429 429 443 615 617
1900 135 120 36 36 429 443 443 605 605 617
1901 135 127 36 36 429 443 464 607 616 617
1902 135 123 36 36 429 443 558 558 558 617
1903 135 131 36 36 429 589 589 589 605 605
1907 137 118 36 429 429 429 429 464 615 616
1908 137 126 36 429 429 443 443 551 616 616
1909 137 133 36 429 429 464 464 607 616 616
1910 137 100 36 36 36 36 429 429 616 616
1914 138 133 36 429 429 599 523 558 589 615
1921 139 139 354 429 429 429 589 605 605 616
1924 139 121 36 36 36 436 589 589 605 615
1927 140 140 36 429 443 457 599 606 616 617
1929 141 135 429 429 429 429 558 558 589 617
1931 141 128 36 36 95 429 450 615 616 616
1937 142 131 429 429 429 429 436 599 616 616
1939 142 139 429 429 443 443 599 523 616 616
1946 142 123 36 36 429 429 599 558 605 615
1947 142 131 36 36 443 599 558 605 605 605
1949 142 134 36 36 599 558 558 558 558 605
1964 143 129 36 354 429 429 436 605 615 616
1965 143 136 36 354 443 443 443 615 615 616
1967 143 111 36 36 36 36 443 589 615 615
1972 145 124 429 429 429 429 429 429 616 617
1974 145 132 429 429 429 436 443 523 616 617
1975 145 139 429 436 443 443 443 605 616 617
1977 145 139 429 429 429 450 464 606 616 617
1981 145 126 36 429 429 429 516 558 558 617
1982 145 133 36 429 436 443 558 558 605 617
1983 145 121 36 36 36 429 450 607 616 617
1984 145 137 36 429 568 558 558 558 558 558
1986 145 143 429 429 429 516 589 589 589 616
1989 145 144 36 429 558 558 589 589 589 603
1998 146 141 36 95 429 436 599 615 615 616
2000 147 120 36 36 429 429 436 537 616 616
2001 147 127 36 36 443 443 443 606 616 616
2002 147 134 36 36 443 464 464 615 616 616
2003 147 102 36 36 36 36 36 605 605 615
2007 148 142 429 429 436 443 599 589 615 615
2014 149 133 36 429 429 429 589 589 603 616
2015 149 140 36 429 443 443 589 589 615 616
2016 149 147 36 354 354 429 606 616 616 616
2017 149 134 36 36 429 558 558 589 589 615
2020 150 134 36 36 429 436 599 606 616 617
2022 151 148 95 429 429 443 544 616 616 616
2025 151 130 36 36 36 95 605 605 616 616
2029 152 133 36 429 429 436 599 605 605 615
2030 152 140 36 443 443 443 599 605 615 615
2031 152 147 36 436 443 464 599 616 616 616
2032 152 144 36 436 599 558 558 558 605 605
