0 26 12289 310100 310200 310101 310300 310201 310102 310400 310301 310202 310103 310500 310401 310302 310203 310104 310600 310501 310402 310303 310204 400100 400200 400101 410100 410200 500100
1 26 2738 310100 310200 310101 310300 310201 310102 310400 310301 310202 310103 310500 310401 310302 310203 310104 310600 310501 310402 310303 310204 400100 400200 400101 410100 410200 500100
2 26 2738 310100 310200 310101 310300 310201 310102 310400 310301 310202 310103 310500 310401 310302 310203 310104 310600 310501 310402 310303 310204 400100 400200 400101 410100 410200 500100
3 26 2738 310100 310200 310101 310300 310201 310102 310400 310301 310202 310103 310500 310401 310302 310203 310104 310600 310501 310402 310303 310204 400100 400200 400101 410100 410200 500100
4 26 23948 310100 310200 310101 310300 310201 310102 310400 310301 310202 310103 310500 310401 310302 310203 310104 310600 310501 310402 310303 310204 400100 400200 400101 410100 410200 410300
5 26 29025 310100 310200 310101 310300 310201 310102 310400 310301 310202 310103 310500 310401 310302 310203 310104 310600 310501 310402 310303 310204 400100 400200 400101 410100 410200 410300
6 26 15143 310100 310200 310101 310300 310201 310102 310400 310301 310202 310103 310500 310401 310302 310203 310104 310600 310501 310402 310303 310204 400100 400200 400101 410100 410200 410300
7 26 13224 310100 310200 310101 310300 310201 310102 310400 310301 310202 310103 310500 310401 310302 310203 310104 310600 310501 310402 310303 310204 400100 400200 400101 400300 400201 400102
8 26 18319 310100 310200 310101 310300 310201 310102 310400 310301 310202 310103 310500 310401 310302 310203 310104 310600 310501 310402 310303 310204 400100 400200 400101 400300 400201 400102
9 26 29337 310100 310200 310101 310300 310201 310102 310400 310301 310202 310103 310500 310401 310302 310203 310104 310600 310501 310402 310303 310204 400100 400200 400101 400300 400201 400102
10 26 28525 310100 310200 310101 310300 310201 310102 310400 310301 310202 310103 310500 310401 310302 310203 310104 310600 310501 310402 310303 310204 400100 400200 400101 400300 400201 400102
11 26 28525 310100 310200 310101 310300 310201 310102 310400 310301 310202 310103 310500 310401 310302 310203 310104 310600 310501 310402 310303 310204 400100 400200 400101 400300 400201 400102
12 26 28343 310100 310200 310101 310300 310201 310102 310400 310301 310202 310103 310500 310401 310302 310203 310104 310600 310501 310402 310303 310204 400100 400200 400101 400300 400201 400102
13 26 10737 310100 310200 310101 310300 310201 310102 310400 310301 310202 310103 310500 310401 310302 310203 310104 310600 310501 310402 310303 310204 400100 400200 400101 400300 400201 400102
14 26 10737 310100 310200 310101 310300 310201 310102 310400 310301 310202 310103 310500 310401 310302 310203 310104 310600 310501 310402 310303 310204 400100 400200 400101 400300 400201 400102
15 26 16156 310100 310200 310101 310300 310201 310102 310400 310301 310202 310103 310500 310401 310302 310203 310104 310600 310501 310402 310303 310204 400100 400200 400101 400300 400201 400102
16 26 16156 310100 310200 310101 310300 310201 310102 310400 310301 310202 310103 310500 310401 310302 310203 310104 310600 310501 310402 310303 310204 400100 400200 400101 400300 400201 400102
17 26 19210 310100 310200 310101 310300 310201 310102 310400 310301 310202 310103 310500 310401 310302 310203 310104 310600 310501 310402 310303 310204 400100 400200 400101 400300 400201 400102
18 26 31268 310100 310200 310101 310300 310201 310102 310400 310301 310202 310103 310500 310401 310302 310203 310104 310600 310501 310402 310303 310204 400100 400200 400101 400300 400201 400102
19 26 15572 310100 310200 310101 310300 310201 310102 310400 310301 310202 310103 310500 310401 310302 310203 310104 310600 310501 310402 310303 310204 400100 400200 400101 400300 400201 400102
20 26 29849 310100 310200 310101 310300 310201 310102 310400 310301 310202 310103 310500 310401 310302 310203 310104 310600 310501 310402 310303 310204 400100 400200 400101 400300 400201 400102
21 26 26800 310100 310200 310101 310300 310201 310102 310400 310301 310202 310103 310500 310401 310302 310203 310104 400100 410100 410200 410101 410300 410201 410102 420100 500100 500200 520100
22 26 1825 310100 310200 310101 310300 310201 310102 310400 310301 310202 310103 310500 310401 310302 310203 310104 400100 410100 410200 410101 410300 410201 410102 410400 410301 410202 410103
23 26 3101 310100 310200 310101 310300 310201 310102 310400 310301 310202 310103 310500 310401 310302 310203 310104 400100 400200 400101 410100 410200 410101 420100 500100 500200 500101 500300
24 26 25345 310100 310200 310101 310300 310201 310102 310400 310301 310202 310103 310500 310401 310302 310203 310104 400100 400200 400101 400300 400201 400102 420100 420200 420300 420101 420400
25 26 30724 310100 310200 310101 310300 310201 310102 310400 310301 310202 310103 310500 310401 310302 310203 310104 400100 400200 400101 400300 400201 400102 420100 420200 420300 420101 420400
26 26 30724 310100 310200 310101 310300 310201 310102 310400 310301 310202 310103 310500 310401 310302 310203 310104 400100 400200 400101 400300 400201 400102 420100 420200 420300 420101 420400
27 26 18841 310100 310200 310101 310300 310201 310102 310400 310301 310202 310103 310500 310401 310302 310203 310104 400100 400200 400101 400300 400201 400102 420100 420200 420300 420101 500100
28 26 5320 310100 310200 310101 310300 310201 310102 310400 310301 310202 310103 310500 310401 310302 310203 310104 400100 400200 400101 400300 400201 400102 410100 420100 500100 500200 500300
29 26 12061 310100 310200 310101 310300 310201 310102 310400 310301 310202 310103 310500 310401 310302 310203 310104 400100 400200 400101 400300 400201 400102 410100 420100 500100 500200 500300
30 26 26496 310100 310200 310101 310300 310201 310102 310400 310301 310202 310103 310500 310401 310302 310203 310104 400100 400200 400101 400300 400201 400102 410100 410200 410101 500100 500200
31 26 14460 310100 310200 310101 310300 310201 310102 310400 310301 310202 310103 310500 310401 310302 310203 310104 400100 400200 400101 400300 400201 400102 410100 410200 410101 500100 500200
32 26 16507 310100 310200 310101 310300 310201 310102 310400 310301 310202 310103 310500 310401 310302 310203 310104 400100 400200 400101 400300 400201 400102 400400 400301 400202 400103 420100
33 26 10107 310100 310200 310101 310300 310201 310102 310400 310301 310202 310103 310500 310401 310302 310203 310104 400100 400200 400101 400300 400201 400102 400400 400301 400202 400103 410100
34 26 15523 310100 310200 310101 310300 310201 310102 310400 310301 310202 310103 310500 310401 310302 310203 310104 400100 400200 400101 400300 400201 400102 400400 400301 400202 400103 410100
35 26 27410 300100 310100 310200 310101 310300 310201 310102 310400 310301 310202 310103 400100 410100 410200 410101 410300 410201 410102 410400 410301 410202 410103 500100 500200 520100 520200
36 26 11222 300100 310100 310200 310101 310300 310201 310102 310400 310301 310202 310103 400100 400200 400101 420100 420200 420300 420101 420400 420201 420500 420301 420102 500100 500200 500101
37 26 15205 300100 310100 310200 310101 310300 310201 310102 310400 310301 310202 310103 400100 400200 400101 410100 410200 410101 420100 500100 500200 500101 510100 520100 610100 620100 630100
38 26 26836 300100 310100 310200 310101 310300 310201 310102 310400 310301 310202 310103 400100 400200 400101 410100 410200 410101 420100 500100 500200 500101 510100 520100 600100 600200 600101
39 26 30770 300100 310100 310200 310101 310300 310201 310102 310400 310301 310202 310103 400100 400200 400101 410100 410200 410101 410300 410201 410102 500100 500200 500101 510100 520100 600100
40 26 17688 300100 310100 310200 310101 310300 310201 310102 310400 310301 310202 310103 400100 400200 400101 400300 400201 400102 420100 420200 420300 420101 420400 420201 420500 420301 500100
41 26 16284 300100 310100 310200 310101 310300 310201 310102 310400 310301 310202 310103 400100 400200 400101 400300 400201 400102 410100 420100 500100 500200 500101 510100 510200 510101 610100
42 26 5347 300100 310100 310200 310101 310300 310201 310102 310400 310301 310202 310103 400100 400200 400101 400300 400201 400102 410100 420100 500100 500200 500101 500300 500201 520100 610100
43 26 32013 300100 310100 310200 310101 310300 310201 310102 310400 310301 310202 310103 400100 400200 400101 400300 400201 400102 410100 420100 500100 500200 500101 500300 500201 520100 610100
44 26 14352 300100 310100 310200 310101 310300 310201 310102 310400 310301 310202 310103 400100 400200 400101 400300 400201 400102 410100 420100 500100 500200 500101 500300 500201 520100 600100
45 26 21528 300100 310100 310200 310101 310300 310201 310102 310400 310301 310202 310103 400100 400200 400101 400300 400201 400102 410100 410200 410101 500100 500200 500101 500300 500201 520100
46 26 28941 300100 310100 310200 310101 310300 310201 310102 310400 310301 310202 310103 400100 400200 400101 400300 400201 400102 410100 410200 410101 500100 500200 500101 500300 500201 520100
47 26 12207 300100 310100 310200 310101 310300 310201 310102 310400 310301 310202 310103 400100 400200 400101 400300 400201 400102 410100 410200 410101 500100 500200 500101 500300 500201 520100
48 26 17122 300100 310100 310200 310101 310300 310201 310102 310400 310301 310202 310103 400100 400200 400101 400300 400201 400102 400400 400301 400202 400103 420100 500100 500200 500300 510100
49 26 21844 300100 310100 310200 310101 310300 310201 310102 310400 310301 310202 310103 400100 400200 400101 400300 400201 400102 400400 400301 400202 400103 410100 500100 500200 500300 510100
50 26 28850 300100 300200 300101 310100 310200 310101 310300 310201 310102 400100 410100 410200 410101 410300 410201 410102 500100 510100 510200 510101 520100 600100 620100 620200 620101 620300
51 26 25035 300100 300200 300101 310100 310200 310101 310300 310201 310102 400100 410100 410200 410101 410300 410201 410102 410400 410301 410202 410103 500100 510100 510200 510101 520100 600100
52 26 6157 300100 300200 300101 310100 310200 310101 310300 310201 310102 400100 410100 410200 410101 410300 410201 410102 410400 410301 410202 410103 500100 500200 500101 520100 520200 520101
53 26 15124 300100 300200 300101 310100 310200 310101 310300 310201 310102 400100 400200 400101 420100 420200 420300 420101 420400 420201 420500 420301 420102 510100 510200 510101 510300 510201
54 26 14026 300100 300200 300101 310100 310200 310101 310300 310201 310102 400100 400200 400101 420100 420200 420300 420101 420400 420201 420500 420301 420102 510100 510200 510101 510300 510201
55 26 14026 300100 300200 300101 310100 310200 310101 310300 310201 310102 400100 400200 400101 420100 420200 420300 420101 420400 420201 420500 420301 420102 510100 510200 510101 510300 510201
56 26 14026 300100 300200 300101 310100 310200 310101 310300 310201 310102 400100 400200 400101 420100 420200 420300 420101 420400 420201 420500 420301 420102 510100 510200 510101 510300 510201
57 26 1100 300100 300200 300101 310100 310200 310101 310300 310201 310102 400100 400200 400101 420100 420200 420300 420101 420400 420201 420500 420301 420102 500100 510100 510200 510101 520100
58 26 10188 300100 300200 300101 310100 310200 310101 310300 310201 310102 400100 400200 400101 410100 420100 420200 420300 420101 500100 510100 510200 510101 520100 610100 610200 610101 630100
59 26 24857 300100 300200 300101 310100 310200 310101 310300 310201 310102 400100 400200 400101 410100 420100 420200 420300 420101 500100 510100 510200 510101 520100 600100 610100 630100 700100
60 26 27124 300100 300200 300101 310100 310200 310101 310300 310201 310102 400100 400200 400101 410100 420100 420200 420300 420101 500100 500200 500101 520100 520200 520101 610100 610200 610101
61 26 19961 300100 300200 300101 310100 310200 310101 310300 310201 310102 400100 400200 400101 410100 420100 420200 420300 420101 500100 500200 500101 520100 520200 520101 600100 610100 630100
62 26 2051 300100 300200 300101 310100 310200 310101 310300 310201 310102 400100 400200 400101 410100 410200 410101 420100 500100 510100 510200 510101 510300 510201 510102 610100 620100 630100
63 26 12306 300100 300200 300101 310100 310200 310101 310300 310201 310102 400100 400200 400101 410100 410200 410101 420100 500100 510100 510200 510101 510300 510201 510102 600100 620100 630100
64 26 29116 300100 300200 300101 310100 310200 310101 310300 310201 310102 400100 400200 400101 410100 410200 410101 420100 500100 510100 510200 510101 510300 510201 510102 600100 610100 630100
65 26 30765 300100 300200 300101 310100 310200 310101 310300 310201 310102 400100 400200 400101 410100 410200 410101 420100 500100 510100 510200 510101 510300 510201 510102 600100 610100 630100
66 26 12305 300100 300200 300101 310100 310200 310101 310300 310201 310102 400100 400200 400101 410100 410200 410101 420100 500100 500200 500101 520100 520200 520101 600100 620100 620200 620101
67 26 12275 300100 300200 300101 310100 310200 310101 310300 310201 310102 400100 400200 400101 410100 410200 410101 420100 500100 500200 500101 520100 520200 520101 600100 610100 630100 710100
68 26 7040 300100 300200 300101 310100 310200 310101 310300 310201 310102 400100 400200 400101 410100 410200 410101 420100 500100 500200 500101 520100 520200 520101 600100 610100 610200 610101
69 26 13938 300100 300200 300101 310100 310200 310101 310300 310201 310102 400100 400200 400101 410100 410200 410101 420100 500100 500200 500101 520100 520200 520101 600100 610100 610200 610101
70 26 25687 300100 300200 300101 310100 310200 310101 310300 310201 310102 400100 400200 400101 410100 410200 410101 410300 410201 410102 500100 500200 500101 520100 520200 520101 610100 630100
71 26 10468 300100 300200 300101 310100 310200 310101 310300 310201 310102 400100 400200 400101 410100 410200 410101 410300 410201 410102 500100 500200 500101 510100 520100 600100 620100 620200
72 26 10468 300100 300200 300101 310100 310200 310101 310300 310201 310102 400100 400200 400101 410100 410200 410101 410300 410201 410102 500100 500200 500101 510100 520100 600100 620100 620200
73 26 10468 300100 300200 300101 310100 310200 310101 310300 310201 310102 400100 400200 400101 410100 410200 410101 410300 410201 410102 500100 500200 500101 510100 520100 600100 620100 620200
74 26 29211 300100 300200 300101 310100 310200 310101 310300 310201 310102 400100 400200 400101 400300 400201 400102 420100 420200 420300 420101 420400 420201 420500 420301 500100 510100 510200
75 26 3688 300100 300200 300101 310100 310200 310101 310300 310201 310102 400100 400200 400101 400300 400201 400102 420100 420200 420300 420101 420400 420201 420500 420301 500100 500200 500101
76 26 32080 300100 300200 300101 310100 310200 310101 310300 310201 310102 400100 400200 400101 400300 400201 400102 420100 420200 420300 420101 500100 500200 500101 510100 520100 600100 610100
77 26 29207 300100 300200 300101 310100 310200 310101 310300 310201 310102 400100 400200 400101 400300 400201 400102 410100 420100 500100 500200 500101 510100 510200 510101 610100 610200 610101
78 26 10472 300100 300200 300101 310100 310200 310101 310300 310201 310102 400100 400200 400101 400300 400201 400102 410100 420100 500100 500200 500101 510100 510200 510101 610100 610200 610101
79 26 1879 300100 300200 300101 310100 310200 310101 310300 310201 310102 400100 400200 400101 400300 400201 400102 410100 420100 500100 500200 500101 510100 510200 510101 610100 610200 610101
80 26 10023 300100 300200 300101 310100 310200 310101 310300 310201 310102 400100 400200 400101 400300 400201 400102 410100 420100 500100 500200 500101 510100 510200 510101 600100 620100 620200
81 26 10023 300100 300200 300101 310100 310200 310101 310300 310201 310102 400100 400200 400101 400300 400201 400102 410100 420100 500100 500200 500101 510100 510200 510101 600100 620100 620200
82 26 3341 300100 300200 300101 310100 310200 310101 310300 310201 310102 400100 400200 400101 400300 400201 400102 410100 420100 500100 500200 500101 510100 510200 510101 600100 610100 620100
83 26 3341 300100 300200 300101 310100 310200 310101 310300 310201 310102 400100 400200 400101 400300 400201 400102 410100 420100 500100 500200 500101 510100 510200 510101 600100 610100 620100
84 26 16162 300100 300200 300101 310100 310200 310101 310300 310201 310102 400100 400200 400101 400300 400201 400102 410100 420100 500100 500200 500101 500300 500201 500102 520100 520200 610100
85 26 23296 300100 300200 300101 310100 310200 310101 310300 310201 310102 400100 400200 400101 400300 400201 400102 410100 420100 500100 500200 500101 500300 500201 500102 520100 520200 610100
86 26 24759 300100 300200 300101 310100 310200 310101 310300 310201 310102 400100 400200 400101 400300 400201 400102 410100 420100 500100 500200 500101 500300 500201 500102 520100 520200 610100
87 26 28601 300100 300200 300101 310100 310200 310101 310300 310201 310102 400100 400200 400101 400300 400201 400102 410100 420100 500100 500200 500101 500300 500201 500102 520100 520200 610100
88 26 31026 300100 300200 300101 310100 310200 310101 310300 310201 310102 400100 400200 400101 400300 400201 400102 410100 420100 500100 500200 500101 500300 500201 500102 520100 520200 600100
89 26 15349 300100 300200 300101 310100 310200 310101 310300 310201 310102 400100 400200 400101 400300 400201 400102 410100 410200 410101 500100 500200 500101 510100 510200 510101 610100 620100
90 26 15349 300100 300200 300101 310100 310200 310101 310300 310201 310102 400100 400200 400101 400300 400201 400102 410100 410200 410101 500100 500200 500101 510100 510200 510101 610100 620100
91 26 19098 300100 300200 300101 310100 310200 310101 310300 310201 310102 400100 400200 400101 400300 400201 400102 410100 410200 410101 500100 500200 500101 510100 510200 510101 600100 620100
92 26 19098 300100 300200 300101 310100 310200 310101 310300 310201 310102 400100 400200 400101 400300 400201 400102 410100 410200 410101 500100 500200 500101 510100 510200 510101 600100 620100
93 26 3749 300100 300200 300101 310100 310200 310101 310300 310201 310102 400100 400200 400101 400300 400201 400102 410100 410200 410101 500100 500200 500101 510100 510200 510101 600100 610100
94 26 3749 300100 300200 300101 310100 310200 310101 310300 310201 310102 400100 400200 400101 400300 400201 400102 410100 410200 410101 500100 500200 500101 510100 510200 510101 600100 610100
95 26 6696 300100 300200 300101 310100 310200 310101 310300 310201 310102 400100 400200 400101 400300 400201 400102 410100 410200 410101 500100 500200 500101 510100 510200 510101 510300 600100
96 26 28862 300100 300200 300101 310100 310200 310101 310300 310201 310102 400100 400200 400101 400300 400201 400102 410100 410200 410101 500100 500200 500101 500300 500201 500102 520100 610100
97 26 24424 300100 300200 300101 310100 310200 310101 310300 310201 310102 400100 400200 400101 400300 400201 400102 410100 410200 410101 500100 500200 500101 500300 500201 500102 520100 600100
98 26 6300 300100 300200 300101 310100 310200 310101 310300 310201 310102 400100 400200 400101 400300 400201 400102 410100 410200 410101 500100 500200 500101 500300 500201 500102 520100 600100
99 26 24424 300100 300200 300101 310100 310200 310101 310300 310201 310102 400100 400200 400101 400300 400201 400102 410100 410200 410101 500100 500200 500101 500300 500201 500102 520100 600100
100 26 4728 300100 300200 300101 310100 310200 310101 310300 310201 310102 400100 400200 400101 400300 400201 400102 410100 410200 410101 500100 500200 500101 500300 500201 500102 520100 600100
101 26 3278 300100 300200 300101 310100 310200 310101 310300 310201 310102 400100 400200 400101 400300 400201 400102 410100 410200 410101 500100 500200 500101 500300 500201 500102 520100 600100
102 26 26839 300100 300200 300101 310100 310200 310101 310300 310201 310102 400100 400200 400101 400300 400201 400102 410100 410200 410101 500100 500200 500101 500300 500201 500102 520100 600100
103 26 15582 300100 300200 300101 310100 310200 310101 310300 310201 310102 400100 400200 400101 400300 400201 400102 400400 400301 400202 400103 420100 420200 420300 500100 500200 500101 510200
104 26 6129 300100 300200 300101 310100 310200 310101 310300 310201 310102 400100 400200 400101 400300 400201 400102 400400 400301 400202 400103 420100 420200 420300 500100 500200 500101 510200
105 26 19965 300100 300200 300101 310100 310200 310101 310300 310201 310102 400100 400200 400101 400300 400201 400102 400400 400301 400202 400103 420100 420200 420300 500100 500200 500101 500300
106 26 23228 300100 300200 300101 310100 310200 310101 310300 310201 310102 400100 400200 400101 400300 400201 400102 400400 400301 400202 400103 420100 420200 420300 500100 500200 500101 500300
107 26 966 300100 300200 300101 310100 310200 310101 310300 310201 310102 400100 400200 400101 400300 400201 400102 400400 400301 400202 400103 420100 500100 500200 500101 500300 500201 520100
108 26 17618 300100 300200 300101 310100 310200 310101 310300 310201 310102 400100 400200 400101 400300 400201 400102 400400 400301 400202 400103 420100 500100 500200 500101 500300 500201 520100
109 26 11025 300100 300200 300101 310100 310200 310101 310300 310201 310102 400100 400200 400101 400300 400201 400102 400400 400301 400202 400103 420100 500100 500200 500101 500300 500201 520100
110 26 28561 300100 300200 300101 310100 310200 310101 310300 310201 310102 400100 400200 400101 400300 400201 400102 400400 400301 400202 400103 420100 500100 500200 500101 500300 500201 510100
111 26 23483 300100 300200 300101 300300 300201 300102 310100 310200 310101 410100 410200 410101 410300 410201 410102 420100 420200 420300 420101 500100 520100 520200 520101 520300 520201 520102
112 26 10741 300100 300200 300101 300300 300201 300102 310100 310200 310101 410100 410200 410101 410300 410201 410102 410400 410301 410202 410103 420100 510100 510200 510101 510201 510102 520100
113 26 14329 300100 300200 300101 300300 300201 300102 310100 310200 310101 400100 410100 420100 420200 420300 420101 420400 420201 420500 420301 420102 500100 520100 520200 520101 520300 520201
114 26 12780 300100 300200 300101 300300 300201 300102 310100 310200 310101 400100 410100 410200 410101 410300 410201 410102 410400 410301 410202 410103 500100 510100 510200 510101 520100 610100
115 26 24142 300100 300200 300101 300300 300201 300102 310100 310200 310101 400100 400200 400101 420100 420200 420300 420101 420400 420201 420500 420301 420102 420600 420401 420202 420700 420501
116 26 29290 300100 300200 300101 300300 300201 300102 310100 310200 310101 400100 400200 400101 420100 420200 420300 420101 420400 420201 420500 420301 420102 420600 420401 420202 420700 420501
117 26 12693 300100 300200 300101 300300 300201 300102 310100 310200 310101 400100 400200 400101 420100 420200 420300 420101 420400 420201 420500 420301 420102 420600 420401 420202 420700 420501
118 26 10856 300100 300200 300101 300300 300201 300102 310100 310200 310101 400100 400200 400101 420100 420200 420300 420101 420400 420201 420500 420301 420102 510100 510200 510300 510201 510400
119 26 21829 300100 300200 300101 300300 300201 300102 310100 310200 310101 400100 400200 400101 420100 420200 420300 420101 420400 420201 420500 420301 420102 500100 510100 510200 520100 610100
120 26 7501 300100 300200 300101 300300 300201 300102 310100 310200 310101 400100 400200 400101 410100 420100 420200 420300 420101 510100 510200 510101 510300 510201 510102 510400 510301 510202
121 26 14093 300100 300200 300101 300300 300201 300102 310100 310200 310101 400100 400200 400101 410100 420100 420200 420300 420101 500100 510100 510200 510101 520100 610100 610200 610101 620100
122 26 21725 300100 300200 300101 300300 300201 300102 310100 310200 310101 400100 400200 400101 410100 420100 420200 420300 420101 500100 510100 510200 510101 520100 610100 610200 610101 610300
123 26 19807 300100 300200 300101 300300 300201 300102 310100 310200 310101 400100 400200 400101 410100 420100 420200 420300 420101 500100 510100 510200 510101 520100 610100 610200 610101 630100
124 26 27152 300100 300200 300101 300300 300201 300102 310100 310200 310101 400100 400200 400101 410100 420100 420200 420300 420101 500100 510100 510200 510101 520100 610100 610200 610101 610300
125 26 20499 300100 300200 300101 300300 300201 300102 310100 310200 310101 400100 400200 400101 410100 420100 420200 420300 420101 500100 510100 510200 510101 520100 600100 610100 630100 700100
126 26 17746 300100 300200 300101 300300 300201 300102 310100 310200 310101 400100 400200 400101 410100 420100 420200 420300 420101 500100 500200 500101 520100 520200 520101 520300 520201 610100
127 26 21355 300100 300200 300101 300300 300201 300102 310100 310200 310101 400100 400200 400101 410100 420100 420200 420300 420101 500100 500200 500101 520100 520200 520101 520300 520201 610100
128 26 19203 300100 300200 300101 300300 300201 300102 310100 310200 310101 400100 400200 400101 410100 420100 420200 420300 420101 500100 500200 500101 520100 520200 520101 520300 520201 610100
129 26 13399 300100 300200 300101 300300 300201 300102 310100 310200 310101 400100 400200 400101 410100 420100 420200 420300 420101 500100 500200 500101 520100 520200 520101 610100 610200 610101
130 26 19950 300100 300200 300101 300300 300201 300102 310100 310200 310101 400100 400200 400101 410100 410200 410101 420100 500100 510100 510200 510101 510300 510201 510102 610100 620100 620200
131 26 3904 300100 300200 300101 300300 300201 300102 310100 310200 310101 400100 400200 400101 410100 410200 410101 420100 500100 500200 500101 520100 520200 520101 520300 520201 610100 620100
132 26 18711 300100 300200 300101 300300 300201 300102 310100 310200 310101 400100 400200 400101 410100 410200 410101 420100 500100 500200 500101 520100 520200 520101 610100 610200 610101 620100
133 26 14751 300100 300200 300101 300300 300201 300102 310100 310200 310101 400100 400200 400101 410100 410200 410101 410300 410201 410102 500100 500200 500101 520100 520200 520101 610100 610200
134 26 13584 300100 300200 300101 300300 300201 300102 310100 310200 310101 400100 400200 400101 410100 410200 410101 410300 410201 410102 500100 500200 500101 510100 520100 610100 610200 610101
135 26 8052 300100 300200 300101 300300 300201 300102 310100 310200 310101 400100 400200 400101 400300 400201 400102 420100 420200 420300 420101 420400 420201 420500 420301 500100 510100 510300
136 26 2562 300100 300200 300101 300300 300201 300102 310100 310200 310101 400100 400200 400101 400300 400201 400102 420100 420200 420300 420101 420400 420201 420500 420301 500100 510100 510300
137 26 5246 300100 300200 300101 300300 300201 300102 310100 310200 310101 400100 400200 400101 400300 400201 400102 420100 420200 420300 420101 420400 420201 420500 420301 500100 510100 510300
138 26 2013 300100 300200 300101 300300 300201 300102 310100 310200 310101 400100 400200 400101 400300 400201 400102 420100 420200 420300 420101 420400 420201 420500 420301 500100 500200 500101
139 26 26527 300100 300200 300101 300300 300201 300102 310100 310200 310101 400100 400200 400101 400300 400201 400102 420100 420200 420300 420101 420400 420201 420500 420301 500100 500200 500101
140 26 16348 300100 300200 300101 300300 300201 300102 310100 310200 310101 400100 400200 400101 400300 400201 400102 420100 420200 420300 420101 500100 510100 510200 510101 510300 510201 510102
141 26 30829 300100 300200 300101 300300 300201 300102 310100 310200 310101 400100 400200 400101 400300 400201 400102 420100 420200 420300 420101 500100 500200 500101 520100 520200 520101 610100
142 26 7763 300100 300200 300101 300300 300201 300102 310100 310200 310101 400100 400200 400101 400300 400201 400102 420100 420200 420300 420101 500100 500200 500101 520100 520200 520101 610100
143 26 9520 300100 300200 300101 300300 300201 300102 310100 310200 310101 400100 400200 400101 400300 400201 400102 410100 420100 500100 500200 500101 520100 520200 520101 610100 610200 610101
144 26 1605 300100 300200 300101 300300 300201 300102 310100 310200 310101 400100 400200 400101 400300 400201 400102 410100 420100 500100 500200 500101 510100 520100 610100 610200 610101 620100
145 26 28446 300100 300200 300101 300300 300201 300102 310100 310200 310101 400100 400200 400101 400300 400201 400102 410100 420100 500100 500200 500101 510100 520100 610100 610200 610101 610300
146 26 19392 300100 300200 300101 300300 300201 300102 310100 310200 310101 400100 400200 400101 400300 400201 400102 410100 420100 500100 500200 500101 510100 520100 610100 610200 610101 630100
147 26 13405 300100 300200 300101 300300 300201 300102 310100 310200 310101 400100 400200 400101 400300 400201 400102 410100 420100 500100 500200 500101 510100 520100 610100 610200 610101 620100
148 26 10364 300100 300200 300101 300300 300201 300102 310100 310200 310101 400100 400200 400101 400300 400201 400102 410100 420100 500100 500200 500101 510100 520100 610100 610200 610101 620100
149 26 21431 300100 300200 300101 300300 300201 300102 310100 310200 310101 400100 400200 400101 400300 400201 400102 410100 420100 500100 500200 500101 510100 520100 610100 610200 610101 610300
150 26 19219 300100 300200 300101 300300 300201 300102 310100 310200 310101 400100 400200 400101 400300 400201 400102 410100 420100 500100 500200 500101 510100 520100 610100 610200 610101 610300
151 26 12475 300100 300200 300101 300300 300201 300102 310100 310200 310101 400100 400200 400101 400300 400201 400102 410100 420100 500100 500200 500101 510100 510200 510101 610100 610200 610101
152 26 27256 300100 300200 300101 300300 300201 300102 310100 310200 310101 400100 400200 400101 400300 400201 400102 410100 420100 500100 500200 500101 500300 500201 500102 520100 520200 610100
153 26 22267 300100 300200 300101 300300 300201 300102 310100 310200 310101 400100 400200 400101 400300 400201 400102 410100 410200 410101 500100 500200 500101 500300 500201 500102 520100 610100
154 26 20929 300100 300200 300101 300300 300201 300102 310100 310200 310101 400100 400200 400101 400300 400201 400102 410100 410200 410101 500100 500200 500101 500300 500201 500102 520100 610100
155 26 20929 300100 300200 300101 300300 300201 300102 310100 310200 310101 400100 400200 400101 400300 400201 400102 410100 410200 410101 500100 500200 500101 500300 500201 500102 520100 610100
156 26 20048 300100 300200 300101 300300 300201 300102 310100 310200 310101 400100 400200 400101 400300 400201 400102 410100 410200 410101 500100 500200 500101 500300 500201 500102 520100 610100
157 26 8538 300100 300200 300101 300300 300201 300102 310100 310200 310101 400100 400200 400101 400300 400201 400102 400400 400301 400202 400103 420100 420200 420300 500100 500200 500101 510200
158 26 16039 300100 300200 300101 300300 300201 300102 310100 310200 310101 400100 400200 400101 400300 400201 400102 400400 400301 400202 400103 420100 420200 420300 500100 500200 500101 510200
159 26 14870 300100 300200 300101 300300 300201 300102 310100 310200 310101 400100 400200 400101 400300 400201 400102 400400 400301 400202 400103 420100 420200 420300 500100 500200 500101 500201
160 26 4383 300100 300200 300101 300300 300201 300102 310100 310200 310101 400100 400200 400101 400300 400201 400102 400400 400301 400202 400103 420100 420200 420300 500100 500200 500101 500201
161 26 27189 300100 300200 300101 300300 300201 300102 310100 310200 310101 400100 400200 400101 400300 400201 400102 400400 400301 400202 400103 420100 420200 420300 500100 500200 500101 500201
162 26 10845 300100 300200 300101 300300 300201 300102 310100 310200 310101 400100 400200 400101 400300 400201 400102 400400 400301 400202 400103 420100 420200 420300 500100 500200 500101 500201
163 26 16936 300100 300200 300101 300300 300201 300102 310100 310200 310101 400100 400200 400101 400300 400201 400102 400400 400301 400202 400103 410100 500100 500200 500101 500201 500102 520100
164 26 20234 300100 300200 300101 300300 300201 300102 310100 310200 310101 400100 400200 400101 400300 400201 400102 400400 400301 400202 400103 410100 500100 500200 500101 500201 500102 520100
165 26 18220 300100 300200 300101 300300 300201 300102 310100 310200 310101 400100 400200 400101 400300 400201 400102 400400 400301 400202 400103 410100 500100 500200 500101 500201 500102 520100
166 26 20519 300100 300200 300101 300300 300201 300102 300400 300301 300202 300103 310100 400100 410100 420100 420200 420300 420101 420400 420201 420500 420301 420102 510200 510300 510400 510301
167 26 20519 300100 300200 300101 300300 300201 300102 300400 300301 300202 300103 310100 400100 410100 420100 420200 420300 420101 420400 420201 420500 420301 420102 510200 510300 510400 510301
168 26 20519 300100 300200 300101 300300 300201 300102 300400 300301 300202 300103 310100 400100 410100 420100 420200 420300 420101 420400 420201 420500 420301 420102 510200 510300 510400 510301
169 26 31121 300100 300200 300101 300300 300201 300102 300400 300301 300202 300103 310100 400100 410100 410200 410101 420100 420200 420300 420101 510100 510200 510101 510300 510201 510301 510202
170 26 28650 300100 300200 300101 300300 300201 300102 300400 300301 300202 300103 310100 400100 410100 410200 410101 420100 420200 420300 420101 510100 510200 510101 510300 510201 520100 610100
171 26 28650 300100 300200 300101 300300 300201 300102 300400 300301 300202 300103 310100 400100 410100 410200 410101 420100 420200 420300 420101 510100 510200 510101 510300 510201 520100 610100
172 26 29086 300100 300200 300101 300300 300201 300102 300400 300301 300202 300103 310100 400100 410100 410200 410101 420100 420200 420300 420101 510100 510200 510101 510300 510201 520100 610100
173 26 407 300100 300200 300101 300300 300201 300102 300400 300301 300202 300103 310100 400100 400200 400101 420100 420200 420300 420101 420400 420201 420500 420301 420102 420600 420401 420700
174 26 9737 300100 300200 300101 300300 300201 300102 300400 300301 300202 300103 310100 400100 400200 400101 420100 420200 420300 420101 420400 420201 420500 420301 420102 420600 420401 420700
175 26 11422 300100 300200 300101 300300 300201 300102 300400 300301 300202 300103 310100 400100 400200 400101 420100 420200 420300 420101 420400 420201 420500 420301 420102 510200 510300 520100
176 26 25109 300100 300200 300101 300300 300201 300102 300400 300301 300202 300103 310100 400100 400200 400101 420100 420200 420300 420101 420400 420201 420500 420301 420102 510200 510300 510400
177 26 4195 300100 300200 300101 300300 300201 300102 300400 300301 300202 300103 310100 400100 400200 400101 420100 420200 420300 420101 420400 420201 420500 420301 420102 510200 510300 510400
178 26 16030 300100 300200 300101 300300 300201 300102 300400 300301 300202 300103 310100 400100 400200 400101 420100 420200 420300 420101 420400 420201 420500 420301 420102 510200 510300 510400
179 26 14841 300100 300200 300101 300300 300201 300102 300400 300301 300202 300103 310100 400100 400200 400101 420100 420200 420300 420101 420400 420201 420500 420301 420102 500100 520100 520200
180 26 14841 300100 300200 300101 300300 300201 300102 300400 300301 300202 300103 310100 400100 400200 400101 420100 420200 420300 420101 420400 420201 420500 420301 420102 500100 520100 520200
181 26 14841 300100 300200 300101 300300 300201 300102 300400 300301 300202 300103 310100 400100 400200 400101 420100 420200 420300 420101 420400 420201 420500 420301 420102 500100 520100 520200
182 26 20274 300100 300200 300101 300300 300201 300102 300400 300301 300202 300103 310100 400100 400200 400101 420100 420200 420300 420101 420400 420201 420500 420301 420102 500100 520100 520200
183 26 15652 300100 300200 300101 300300 300201 300102 300400 300301 300202 300103 310100 400100 400200 400101 420100 420200 420300 420101 420400 420201 420500 420301 420102 500100 520100 520200
184 26 6106 300100 300200 300101 300300 300201 300102 300400 300301 300202 300103 310100 400100 400200 400101 410100 420100 420200 420300 420101 510100 510200 510101 510300 510201 510400 510301
185 26 17797 300100 300200 300101 300300 300201 300102 300400 300301 300202 300103 310100 400100 400200 400101 410100 420100 420200 420300 420101 500100 510100 520100 520200 520101 610100 610200
186 26 19493 300100 300200 300101 300300 300201 300102 300400 300301 300202 300103 310100 400100 400200 400101 410100 420100 420200 420300 420101 500100 500200 500101 520100 520200 520101 520300
187 26 31562 300100 300200 300101 300300 300201 300102 300400 300301 300202 300103 310100 400100 400200 400101 410100 410200 410101 420100 510100 510200 510101 510300 510201 510102 510301 510202
188 26 31562 300100 300200 300101 300300 300201 300102 300400 300301 300202 300103 310100 400100 400200 400101 410100 410200 410101 420100 510100 510200 510101 510300 510201 510102 510301 510202
189 26 31562 300100 300200 300101 300300 300201 300102 300400 300301 300202 300103 310100 400100 400200 400101 410100 410200 410101 420100 510100 510200 510101 510300 510201 510102 510301 510202
190 26 10429 300100 300200 300101 300300 300201 300102 300400 300301 300202 300103 310100 400100 400200 400101 410100 410200 410101 420100 500100 510100 510200 510101 520100 610100 620100 620200
191 26 4340 300100 300200 300101 300300 300201 300102 300400 300301 300202 300103 310100 400100 400200 400101 410100 410200 410101 420100 500100 510100 510200 510101 520100 610100 610200 610101
192 26 4340 300100 300200 300101 300300 300201 300102 300400 300301 300202 300103 310100 400100 400200 400101 410100 410200 410101 420100 500100 510100 510200 510101 520100 610100 610200 610101
193 26 4340 300100 300200 300101 300300 300201 300102 300400 300301 300202 300103 310100 400100 400200 400101 410100 410200 410101 420100 500100 510100 510200 510101 520100 610100 610200 610101
194 26 15205 300100 300200 300101 300300 300201 300102 300400 300301 300202 300103 310100 400100 400200 400101 410100 410200 410101 420100 500100 500200 500101 520100 520200 520101 520300 520201
195 26 18886 300100 300200 300101 300300 300201 300102 300400 300301 300202 300103 310100 400100 400200 400101 410100 410200 410101 420100 500100 500200 500101 520100 520200 520101 520300 520201
196 26 4551 300100 300200 300101 300300 300201 300102 300400 300301 300202 300103 310100 400100 400200 400101 410100 410200 410101 410300 410201 410102 500100 510100 510200 510101 520100 610100
197 26 16866 300100 300200 300101 300300 300201 300102 300400 300301 300202 300103 310100 400100 400200 400101 410100 410200 410101 410300 410201 410102 500100 510100 510200 510101 510201 510102
198 26 12339 300100 300200 300101 300300 300201 300102 300400 300301 300202 300103 310100 400100 400200 400101 410100 410200 410101 410300 410201 410102 500100 510100 510200 510101 510201 510102
199 26 16866 300100 300200 300101 300300 300201 300102 300400 300301 300202 300103 310100 400100 400200 400101 410100 410200 410101 410300 410201 410102 500100 510100 510200 510101 510201 510102
200 26 16866 300100 300200 300101 300300 300201 300102 300400 300301 300202 300103 310100 400100 400200 400101 410100 410200 410101 410300 410201 410102 500100 510100 510200 510101 510201 510102
201 26 28210 300100 300200 300101 300300 300201 300102 300400 300301 300202 300103 310100 400100 400200 400101 410100 410200 410101 410300 410201 410102 500100 500200 500101 520100 520200 520101
202 26 15570 300100 300200 300101 300300 300201 300102 300400 300301 300202 300103 310100 400100 400200 400101 400300 400201 400102 420100 420200 420300 420101 420400 420201 420500 420301 510200
203 26 12739 300100 300200 300101 300300 300201 300102 300400 300301 300202 300103 310100 400100 400200 400101 400300 400201 400102 420100 420200 420300 420101 500100 510100 510200 510101 510300
204 26 10829 300100 300200 300101 300300 300201 300102 300400 300301 300202 300103 310100 400100 400200 400101 400300 400201 400102 420100 420200 420300 420101 500100 510100 510200 510101 510300
205 26 16375 300100 300200 300101 300300 300201 300102 300400 300301 300202 300103 310100 400100 400200 400101 400300 400201 400102 420100 420200 420300 420101 500100 500200 500101 520100 520200
206 26 11201 300100 300200 300101 300300 300201 300102 300400 300301 300202 300103 310100 400100 400200 400101 400300 400201 400102 410100 420100 500100 510100 510200 510101 510300 510201 510400
207 26 2509 300100 300200 300101 300300 300201 300102 300400 300301 300202 300103 310100 400100 400200 400101 400300 400201 400102 410100 420100 500100 510100 510200 510101 510300 510201 510400
208 26 22086 300100 300200 300101 300300 300201 300102 300400 300301 300202 300103 310100 400100 400200 400101 400300 400201 400102 410100 420100 500100 510100 510200 510101 510300 510201 510400
209 26 16853 300100 300200 300101 300300 300201 300102 300400 300301 300202 300103 310100 400100 400200 400101 400300 400201 400102 410100 420100 500100 500200 500101 520100 520200 520101 610100
210 26 21628 300100 300200 300101 300300 300201 300102 300400 300301 300202 300103 310100 400100 400200 400101 400300 400201 400102 410100 420100 500100 500200 500101 510100 520100 610100 610200
211 26 6519 300100 300200 300101 300300 300201 300102 300400 300301 300202 300103 310100 400100 400200 400101 400300 400201 400102 410100 420100 500100 500200 500101 510100 520100 610100 610200
212 26 1021 300100 300200 300101 300300 300201 300102 300400 300301 300202 300103 310100 400100 400200 400101 400300 400201 400102 410100 420100 500100 500200 500101 510100 520100 610100 610200
213 26 6917 300100 300200 300101 300300 300201 300102 300400 300301 300202 300103 310100 400100 400200 400101 400300 400201 400102 410100 410200 410101 500100 500200 500101 510100 520100 610100
214 26 19500 300100 300200 300101 300300 300201 300102 300400 300301 300202 300103 310100 400100 400200 400101 400300 400201 400102 410100 410200 410101 500100 500200 500101 510100 520100 610100
215 26 31030 300100 300200 300101 300300 300201 300102 300400 300301 300202 300103 310100 400100 400200 400101 400300 400201 400102 400400 400301 400202 400103 420100 420200 420300 500100 500101
216 26 16625 300100 300200 300101 300300 300201 300102 300400 300301 300202 300103 310100 400100 400200 400101 400300 400201 400102 400400 400301 400202 400103 420100 500100 500101 510100 510200
217 26 20883 300100 300200 300101 300300 300201 300102 300400 300301 300202 300103 310100 400100 400200 400101 400300 400201 400102 400400 400301 400202 400103 420100 500100 500101 510100 510200
218 26 31931 300100 300200 300101 300300 300201 300102 300400 300301 300202 300103 300500 300401 300302 300203 300104 400100 410100 420100 420200 420300 420101 420400 420201 420500 420301 510300
219 26 1568 300100 300200 300101 300300 300201 300102 300400 300301 300202 300103 300500 300401 300302 300203 300104 400100 410100 420100 420200 420300 420101 420400 420201 420500 420301 520100
220 26 29012 300100 300200 300101 300300 300201 300102 300400 300301 300202 300103 300500 300401 300302 300203 300104 400100 410100 410200 410101 420100 420200 420300 420101 510100 510200 510201
221 26 25129 300100 300200 300101 300300 300201 300102 300400 300301 300202 300103 300500 300401 300302 300203 300104 400100 410100 410200 410101 410300 410201 410102 420100 510100 510101 510102
222 26 13732 300100 300200 300101 300300 300201 300102 300400 300301 300202 300103 300500 300401 300302 300203 300104 400100 410100 410200 410101 410300 410201 410102 420100 500100 520100 520200
223 26 20583 300100 300200 300101 300300 300201 300102 300400 300301 300202 300103 300500 300401 300302 300203 300104 400100 400200 400101 420100 420200 420300 420101 420400 420201 420500 420301
224 26 29042 300100 300200 300101 300300 300201 300102 300400 300301 300202 300103 300500 300401 300302 300203 300104 400100 400200 400101 420100 420200 420300 420101 420400 420201 420500 420301
225 26 26549 300100 300200 300101 300300 300201 300102 300400 300301 300202 300103 300500 300401 300302 300203 300104 400100 400200 400101 420100 420200 420300 420101 420400 420201 420500 420301
226 26 29265 300100 300200 300101 300300 300201 300102 300400 300301 300202 300103 300500 300401 300302 300203 300104 400100 400200 400101 420100 420200 420300 420101 420400 420201 420500 420301
227 26 26633 300100 300200 300101 300300 300201 300102 300400 300301 300202 300103 300500 300401 300302 300203 300104 400100 400200 400101 420100 420200 420300 420101 420400 420201 420500 420301
228 26 9166 300100 300200 300101 300300 300201 300102 300400 300301 300202 300103 300500 300401 300302 300203 300104 400100 400200 400101 420100 420200 420300 420101 420400 420201 420500 420301
229 26 9166 300100 300200 300101 300300 300201 300102 300400 300301 300202 300103 300500 300401 300302 300203 300104 400100 400200 400101 420100 420200 420300 420101 420400 420201 420500 420301
230 26 25257 300100 300200 300101 300300 300201 300102 300400 300301 300202 300103 300500 300401 300302 300203 300104 400100 400200 400101 420100 420200 420300 420101 420400 420201 420500 420301
231 26 26648 300100 300200 300101 300300 300201 300102 300400 300301 300202 300103 300500 300401 300302 300203 300104 400100 400200 400101 420100 420200 420300 420101 420400 420201 420500 420301
232 26 26979 300100 300200 300101 300300 300201 300102 300400 300301 300202 300103 300500 300401 300302 300203 300104 400100 400200 400101 410100 420100 420200 420300 420101 510100 510200 510300
233 26 7949 300100 300200 300101 300300 300201 300102 300400 300301 300202 300103 300500 300401 300302 300203 300104 400100 400200 400101 410100 420100 420200 420300 420101 510100 510200 510300
234 26 8686 300100 300200 300101 300300 300201 300102 300400 300301 300202 300103 300500 300401 300302 300203 300104 400100 400200 400101 410100 420100 420200 420300 420101 510100 510200 510300
235 26 1167 300100 300200 300101 300300 300201 300102 300400 300301 300202 300103 300500 300401 300302 300203 300104 400100 400200 400101 410100 420100 420200 420300 420101 510100 510200 510300
236 26 2515 300100 300200 300101 300300 300201 300102 300400 300301 300202 300103 300500 300401 300302 300203 300104 400100 400200 400101 410100 420100 420200 420300 420101 510100 510200 510300
237 26 31566 300100 300200 300101 300300 300201 300102 300400 300301 300202 300103 300500 300401 300302 300203 300104 400100 400200 400101 410100 410200 410101 420100 510100 510200 510101 510201
238 26 31566 300100 300200 300101 300300 300201 300102 300400 300301 300202 300103 300500 300401 300302 300203 300104 400100 400200 400101 410100 410200 410101 420100 510100 510200 510101 510201
239 26 18641 300100 300200 300101 300300 300201 300102 300400 300301 300202 300103 300500 300401 300302 300203 300104 400100 400200 400101 410100 410200 410101 420100 500100 510100 520100 520200
240 26 27658 300100 300200 300101 300300 300201 300102 300400 300301 300202 300103 300500 300401 300302 300203 300104 400100 400200 400101 410100 410200 410101 420100 500100 510100 520100 520200
241 26 6898 300100 300200 300101 300300 300201 300102 300400 300301 300202 300103 300500 300401 300302 300203 300104 400100 400200 400101 400300 400201 400102 420100 420200 420300 420101 420400
242 26 20872 300100 300200 300101 300300 300201 300102 300400 300301 300202 300103 300500 300401 300302 300203 300104 400100 400200 400101 400300 400201 400102 420100 420200 420300 420101 420400
243 26 23826 300100 300200 300101 300300 300201 300102 300400 300301 300202 300103 300500 300401 300302 300203 300104 400100 400200 400101 400300 400201 400102 420100 420200 420300 420101 420400
244 26 23826 300100 300200 300101 300300 300201 300102 300400 300301 300202 300103 300500 300401 300302 300203 300104 400100 400200 400101 400300 400201 400102 420100 420200 420300 420101 420400
245 26 25852 300100 300200 300101 300300 300201 300102 300400 300301 300202 300103 300500 300401 300302 300203 300104 400100 400200 400101 400300 400201 400102 420100 420200 420300 420101 420400
246 26 25852 300100 300200 300101 300300 300201 300102 300400 300301 300202 300103 300500 300401 300302 300203 300104 400100 400200 400101 400300 400201 400102 420100 420200 420300 420101 420400
247 26 28111 300100 300200 300101 300300 300201 300102 300400 300301 300202 300103 300500 300401 300302 300203 300104 400100 400200 400101 400300 400201 400102 420100 420200 420300 420101 510100
248 26 20245 300100 300200 300101 300300 300201 300102 300400 300301 300202 300103 300500 300401 300302 300203 300104 400100 400200 400101 400300 400201 400102 420100 420200 420300 420101 510100
249 26 1736 300100 300200 300101 300300 300201 300102 300400 300301 300202 300103 300500 300401 300302 300203 300104 400100 400200 400101 400300 400201 400102 420100 420200 420300 420101 500100
250 26 18614 300100 300200 300101 300300 300201 300102 300400 300301 300202 300103 300500 300401 300302 300203 300104 400100 400200 400101 400300 400201 400102 420100 420200 420300 420101 500100
251 26 15259 300100 300200 300101 300300 300201 300102 300400 300301 300202 300103 300500 300401 300302 300203 300104 400100 400200 400101 400300 400201 400102 410100 420100 500100 500101 520100
252 26 27338 300100 300200 300101 300300 300201 300102 300400 300301 300202 300103 300500 300401 300302 300203 300104 400100 400200 400101 400300 400201 400102 410100 420100 500100 500101 520100
253 26 9511 300100 300200 300101 300300 300201 300102 300400 300301 300202 300103 300500 300401 300302 300203 300104 400100 400200 400101 400300 400201 400102 410100 420100 500100 500101 520100
254 26 18748 300100 300200 300101 300300 300201 300102 300400 300301 300202 300103 300500 300401 300302 300203 300104 400100 400200 400101 400300 400201 400102 410100 420100 500100 500101 520100
255 26 29968 300100 300200 300101 300300 300201 300102 300400 300301 300202 300103 300500 300401 300302 300203 300104 400100 400200 400101 400300 400201 400102 410100 410200 410101 500100 500101
256 26 29596 300100 300200 300101 300300 300201 300102 300400 300301 300202 300103 300500 300401 300302 300203 300104 400100 400200 400101 400300 400201 400102 400400 400301 400202 400103 420100
257 26 4278 300100 300200 300101 300300 300201 300102 300400 300301 300202 300103 300500 300401 300302 300203 300104 300600 300501 300402 300303 300204 410100 410200 410101 410300 410201 410102
258 26 4278 300100 300200 300101 300300 300201 300102 300400 300301 300202 300103 300500 300401 300302 300203 300104 300600 300501 300402 300303 300204 410100 410200 410101 410300 410201 410102
259 26 7980 300100 300200 300101 300300 300201 300102 300400 300301 300202 300103 300500 300401 300302 300203 300104 300600 300501 300402 300303 300204 400100 410100 410200 410101 410300 410201
260 26 23790 300100 300200 300101 300300 300201 300102 300400 300301 300202 300103 300500 300401 300302 300203 300104 300600 300501 300402 300303 300204 400100 400200 400101 420100 420200 420300
261 26 11755 300100 300200 300101 300300 300201 300102 300400 300301 300202 300103 300500 300401 300302 300203 300104 300600 300501 300402 300303 300204 400100 400200 400101 420100 420200 420300
262 26 25297 300100 300200 300101 300300 300201 300102 300400 300301 300202 300103 300500 300401 300302 300203 300104 300600 300501 300402 300303 300204 400100 400200 400101 420100 420200 420300
263 26 3857 300100 300200 300101 300300 300201 300102 300400 300301 300202 300103 300500 300401 300302 300203 300104 300600 300501 300402 300303 300204 400100 400200 400101 420100 420200 420300
264 26 28711 300100 300200 300101 300300 300201 300102 300400 300301 300202 300103 300500 300401 300302 300203 300104 300600 300501 300402 300303 300204 400100 400200 400101 420100 420200 420300
265 26 17854 300100 300200 300101 300300 300201 300102 300400 300301 300202 300103 300500 300401 300302 300203 300104 300600 300501 300402 300303 300204 400100 400200 400101 420100 420200 420300
266 26 23926 300100 300200 300101 300300 300201 300102 300400 300301 300202 300103 300500 300401 300302 300203 300104 300600 300501 300402 300303 300204 400100 400200 400101 420100 420200 420300
267 26 9315 300100 300200 300101 300300 300201 300102 300400 300301 300202 300103 300500 300401 300302 300203 300104 300600 300501 300402 300303 300204 400100 400200 400101 420100 420200 420300
268 26 11664 300100 300200 300101 300300 300201 300102 300400 300301 300202 300103 300500 300401 300302 300203 300104 300600 300501 300402 300303 300204 400100 400200 400101 420100 420200 420300
269 26 25802 300100 300200 300101 300300 300201 300102 300400 300301 300202 300103 300500 300401 300302 300203 300104 300600 300501 300402 300303 300204 400100 400200 400101 420100 420200 420300
270 26 7432 300100 300200 300101 300300 300201 300102 300400 300301 300202 300103 300500 300401 300302 300203 300104 300600 300501 300402 300303 300204 400100 400200 400101 420100 420200 420300
271 26 26718 300100 300200 300101 300300 300201 300102 300400 300301 300202 300103 300500 300401 300302 300203 300104 300600 300501 300402 300303 300204 400100 400200 400101 420100 420200 420300
272 26 22082 300100 300200 300101 300300 300201 300102 300400 300301 300202 300103 300500 300401 300302 300203 300104 300600 300501 300402 300303 300204 400100 400200 400101 410100 420200 420300
273 26 351 300100 300200 300101 300300 300201 300102 300400 300301 300202 300103 300500 300401 300302 300203 300104 300600 300501 300402 300303 300204 400100 400200 400101 410100 420200 420300
274 26 17980 300100 300200 300101 300300 300201 300102 300400 300301 300202 300103 300500 300401 300302 300203 300104 300600 300501 300402 300303 300204 400100 400200 400101 410100 420200 420300
275 26 268 300100 300200 300101 300300 300201 300102 300400 300301 300202 300103 300500 300401 300302 300203 300104 300600 300501 300402 300303 300204 400100 400200 400101 410100 420200 420300
276 26 17404 300100 300200 300101 300300 300201 300102 300400 300301 300202 300103 300500 300401 300302 300203 300104 300600 300501 300402 300303 300204 400100 400200 400101 410100 420200 420300
277 26 9358 300100 300200 300101 300300 300201 300102 300400 300301 300202 300103 300500 300401 300302 300203 300104 300600 300501 300402 300303 300204 400100 400200 400101 410100 410200 510100
278 26 28867 300100 300200 300101 300300 300201 300102 300400 300301 300202 300103 300500 300401 300302 300203 300104 300600 300501 300402 300303 300204 400100 400200 400101 410100 410200 510100
279 26 28867 300100 300200 300101 300300 300201 300102 300400 300301 300202 300103 300500 300401 300302 300203 300104 300600 300501 300402 300303 300204 400100 400200 400101 410100 410200 510100
280 26 31961 300100 300200 300101 300300 300201 300102 300400 300301 300202 300103 300500 300401 300302 300203 300104 300600 300501 300402 300303 300204 400100 400200 400101 410100 410200 500100
281 26 27917 300100 300200 300101 300300 300201 300102 300400 300301 300202 300103 300500 300401 300302 300203 300104 300600 300501 300402 300303 300204 400100 400200 400101 400300 400201 400102
282 26 27917 300100 300200 300101 300300 300201 300102 300400 300301 300202 300103 300500 300401 300302 300203 300104 300600 300501 300402 300303 300204 400100 400200 400101 400300 400201 400102
283 26 27917 300100 300200 300101 300300 300201 300102 300400 300301 300202 300103 300500 300401 300302 300203 300104 300600 300501 300402 300303 300204 400100 400200 400101 400300 400201 400102
284 26 7214 300100 300200 300101 300300 300201 300102 300400 300301 300202 300103 300500 300401 300302 300203 300104 300600 300501 300402 300303 300204 400100 400200 400101 400300 400201 400102
285 26 2552 300100 300200 300101 300300 300201 300102 300400 300301 300202 300103 300500 300401 300302 300203 300104 300600 300501 300402 300303 300204 400100 400200 400101 400300 400201 400102
286 26 15286 300100 300200 300101 300300 300201 300102 300400 300301 300202 300103 300500 300401 300302 300203 300104 300600 300501 300402 300303 300204 400100 400200 400101 400300 400201 400102
287 26 21444 300100 300200 300101 300300 300201 300102 300400 300301 300202 300103 300500 300401 300302 300203 300104 300600 300501 300402 300303 300204 400100 400200 400101 400300 400201 400102
288 26 29919 300100 300200 300101 300300 300201 300102 300400 300301 300202 300103 300500 300401 300302 300203 300104 300600 300501 300402 300303 300204 400100 400200 400101 400300 400201 400102
289 26 3972 300100 300200 300101 300300 300201 300102 300400 300301 300202 300103 300500 300401 300302 300203 300104 300600 300501 300402 300303 300204 400100 400200 400101 400300 400201 400102
290 26 30638 300100 300200 300101 300300 300201 300102 300400 300301 300202 300103 300500 300401 300302 300203 300104 300600 300501 300402 300303 300204 400100 400200 400101 400300 400201 400102
291 26 13166 300100 300200 300101 300300 300201 300102 300400 300301 300202 300103 300500 300401 300302 300203 300104 300600 300501 300402 300303 300204 400100 400200 400101 400300 400201 400102
292 26 14115 300100 300200 300101 300300 300201 300102 300400 300301 300202 300103 300500 300401 300302 300203 300104 300600 300501 300402 300303 300204 400100 400200 400101 400300 400201 400102
293 26 14115 300100 300200 300101 300300 300201 300102 300400 300301 300202 300103 300500 300401 300302 300203 300104 300600 300501 300402 300303 300204 400100 400200 400101 400300 400201 400102
294 26 24852 300100 300200 300101 300300 300201 300102 300400 300301 300202 300103 300500 300401 300302 300203 300104 300600 300501 300402 300303 300204 400100 400200 400101 400300 400201 400102
295 26 3141 300100 300200 300101 300300 300201 300102 300400 300301 300202 300103 300500 300401 300302 300203 300104 300600 300501 300402 300303 300204 400100 400200 400101 400300 400201 400102
296 26 4980 300100 300200 300101 300300 300201 300102 300400 300301 300202 300103 300500 300401 300302 300203 300104 300600 300501 300402 300303 300204 400100 400200 400101 400300 400201 400102
