14 21 24 165 7 6 3 9 2 5 5 4 6 1 5 2 4 3 5 2 3 3 4 2 2
14 20 14 168 7 6 4 6 4 3 8 3 3 5 5 1 3 3 4 4 4 0 2 6 2
14 20 12 168 7 6 4 6 4 4 5 5 3 6 3 2 3 4 4 3 5 0 2 2 5
14 20 18 169 7 6 4 6 4 4 7 3 5 2 7 0 4 4 1 5 4 2 2 4 2
14 21 14 161 5 8 4 6 4 4 7 3 5 3 3 3 5 1 4 4 4 2 2 4 2
14 20 24 164 7 6 4 6 4 5 5 4 4 5 4 1 2 6 4 2 4 0 2 6 2
14 21 24 160 6 7 4 6 4 5 6 3 6 2 2 4 4 3 4 3 2 4 4 2 2
14 21 8 159 6 7 4 7 3 4 6 4 5 2 6 1 5 2 3 4 4 4 1 3 2
14 21 20 168 8 5 4 7 3 5 4 5 4 4 5 1 2 6 3 3 3 2 3 1 5
14 21 18 159 8 5 4 7 3 5 4 5 5 2 6 1 3 5 3 3 2 5 3 2 2
14 20 24 167 7 6 4 7 3 5 6 3 5 3 6 0 3 5 3 3 4 1 1 6 2
14 21 8 156 6 7 4 8 2 4 6 4 4 4 4 2 4 2 5 3 4 1 4 3 2
14 19 14 169 7 6 4 8 2 5 4 5 4 4 6 0 3 4 5 2 4 2 0 6 2
14 21 18 167 8 5 4 9 1 5 5 4 5 2 6 1 3 4 4 3 2 3 5 2 2
14 21 18 168 9 4 5 4 5 4 7 3 4 5 2 3 3 5 2 4 3 2 5 2 2
14 21 18 160 6 7 5 4 5 6 3 5 5 4 3 2 3 6 2 3 3 4 1 4 2
14 21 14 160 8 5 5 5 4 4 7 3 4 4 5 1 3 5 1 5 3 2 4 3 2
14 20 12 169 8 5 5 5 4 4 7 3 4 5 3 2 4 2 7 1 3 4 2 5 0
14 20 8 167 6 7 5 5 4 4 7 3 5 2 6 1 5 1 4 4 3 5 0 4 2
14 20 8 163 6 7 5 5 4 5 4 5 5 2 6 1 4 4 1 5 3 5 0 4 2
14 20 18 163 7 6 5 5 4 5 5 4 4 4 5 1 2 6 1 5 3 0 4 5 2
14 21 20 164 8 5 5 5 4 5 5 4 4 4 5 1 2 5 4 3 2 3 2 2 5
14 20 18 167 8 5 5 5 4 5 5 4 4 5 3 2 3 3 7 1 3 3 0 6 2
14 20 8 168 4 9 5 5 4 5 5 4 4 6 1 3 4 3 4 3 5 0 2 5 2
14 21 24 169 8 5 5 5 4 5 6 3 5 2 6 1 2 6 1 5 1 4 2 5 2
14 21 14 167 8 5 5 6 3 4 7 3 4 3 6 1 3 2 6 3 1 5 1 5 2
14 20 6 166 6 7 5 6 3 4 7 3 4 5 2 3 4 3 3 4 4 0 7 2 1
14 21 12 168 8 5 5 6 3 5 4 5 4 4 4 2 3 3 6 2 2 5 1 1 5
14 21 14 155 8 5 5 6 3 5 5 4 4 5 4 1 3 4 6 1 3 3 3 3 2
14 19 20 169 8 5 5 6 3 5 6 3 4 5 4 1 2 6 3 3 3 0 5 6 0
14 21 14 167 6 7 5 6 3 5 6 3 5 4 1 4 4 3 3 4 3 1 7 1 2
14 21 18 158 6 7 5 6 3 5 7 2 5 4 3 2 4 2 6 2 3 2 3 4 2
14 21 12 167 5 8 5 6 3 6 2 6 4 4 4 2 2 5 3 4 2 3 1 3 5
14 20 8 168 5 8 5 6 3 6 2 6 4 5 4 1 3 5 3 3 5 0 1 6 2
14 21 14 162 8 5 5 6 3 6 2 6 4 5 4 1 2 7 3 2 3 3 3 3 2
14 21 20 168 5 8 5 6 3 6 4 4 5 3 3 3 3 2 6 3 2 2 1 4 5
14 21 24 167 8 5 5 6 3 6 4 4 5 3 5 1 2 5 6 1 1 5 1 5 2
14 21 18 149 6 7 5 6 3 6 4 4 5 4 3 2 3 5 3 3 3 2 3 4 2
14 20 -4 167 7 6 5 7 2 3 7 4 3 4 6 1 3 4 2 5 4 0 6 3 1
14 21 -4 165 5 8 5 7 2 4 6 4 5 2 4 3 5 2 2 5 4 2 6 1 1
14 20 -4 169 7 6 5 7 2 5 2 7 4 3 7 0 3 6 2 3 4 4 2 3 1
14 20 6 161 7 6 5 7 2 5 4 5 4 4 5 1 3 5 2 4 4 0 6 3 1
14 20 2 158 6 7 5 7 2 5 4 5 5 2 6 1 4 4 2 4 3 4 4 3 0
14 21 8 156 6 7 5 7 2 5 5 4 5 2 6 1 4 3 2 5 3 3 2 4 2
14 21 14 166 6 7 5 7 2 5 6 3 5 2 6 1 4 1 5 4 3 1 2 6 2
14 21 18 161 8 5 5 7 2 5 6 3 5 2 6 1 3 3 5 3 1 4 4 3 2
14 21 18 165 5 8 5 7 2 6 4 4 5 2 6 1 2 5 2 5 1 2 4 5 2
14 21 24 160 7 6 5 7 2 6 5 3 6 1 5 2 3 3 5 3 1 3 4 4 2
14 21 14 167 8 5 5 8 1 6 3 5 4 5 4 1 2 6 4 2 3 1 5 3 2
14 20 18 162 6 7 5 8 1 6 5 3 5 4 3 2 3 4 4 3 3 0 5 4 2
14 21 14 168 8 5 6 3 5 4 8 2 4 4 5 1 3 4 2 5 2 3 3 4 2
14 20 12 169 8 5 6 3 5 5 5 4 4 5 3 2 3 4 5 2 2 5 1 6 0
14 21 0 164 8 5 6 4 4 4 5 5 3 5 3 3 3 3 4 4 3 3 2 1 5
14 20 0 168 6 7 6 4 4 4 7 3 4 5 2 3 4 4 1 5 4 1 6 3 0
14 20 12 167 7 6 6 4 4 5 5 4 3 6 3 2 2 4 4 4 3 0 2 4 5
14 20 14 165 9 4 6 4 4 5 5 4 4 4 4 2 2 5 4 3 0 6 4 2 2
14 21 6 162 6 7 6 4 4 5 5 4 4 5 2 3 3 5 1 5 3 1 6 3 1
14 20 6 168 6 7 6 4 4 5 5 4 5 2 5 2 4 2 4 4 1 7 0 5 1
14 21 8 161 5 8 6 4 4 5 6 3 5 3 3 3 4 3 1 6 2 4 2 4 2
14 20 24 169 8 5 6 4 4 5 7 2 4 4 4 2 1 5 4 4 0 2 4 6 2
14 21 14 167 5 8 6 4 4 5 7 2 5 3 3 3 4 1 4 5 2 2 2 6 2
14 20 18 162 7 6 6 4 4 5 7 2 5 3 3 3 3 3 4 4 0 5 4 3 2
14 21 14 168 6 7 6 4 4 5 7 2 5 4 1 4 4 2 4 4 2 2 6 2 2
14 21 14 160 8 5 6 4 4 6 3 5 4 5 4 1 2 6 4 2 2 4 2 4 2
14 21 18 153 6 7 6 4 4 6 5 3 5 4 3 2 3 4 4 3 2 3 2 5 2
14 20 24 167 6 7 6 4 4 6 6 2 6 2 2 4 3 3 4 4 0 4 4 4 2
14 21 26 167 6 7 6 4 4 6 7 1 6 3 2 3 3 4 4 3 1 3 4 5 1
14 21 18 167 6 7 6 4 4 7 2 5 5 4 3 2 2 7 1 4 2 3 2 5 2
14 21 -16 168 9 4 6 5 3 2 7 5 2 4 7 1 2 5 3 4 4 2 3 3 2
14 21 -12 161 9 4 6 5 3 3 6 5 3 4 6 1 3 5 3 3 4 4 3 1 2
14 21 -16 153 7 6 6 5 3 3 6 5 4 2 5 3 4 3 3 4 4 4 3 1 2
14 21 -4 168 10 3 6 5 3 3 7 4 3 4 6 1 3 4 3 4 3 3 5 2 1
14 21 -6 168 9 4 6 5 3 4 4 6 2 7 3 2 2 5 6 1 4 2 3 3 2
14 21 -4 167 9 4 6 5 3 4 5 5 3 6 2 3 3 4 6 1 3 4 5 1 1
14 20 8 168 9 4 6 5 3 4 7 3 3 5 6 0 2 5 3 4 2 2 5 3 2
14 20 0 162 6 7 6 5 3 4 7 3 4 4 3 3 4 1 6 3 2 4 3 5 0
14 20 -12 167 4 9 6 5 3 5 3 6 5 2 4 3 4 5 0 5 4 4 3 1 2
14 20 0 167 5 8 6 5 3 5 5 4 4 5 3 2 4 2 6 2 4 2 1 7 0
14 20 14 169 8 5 6 5 3 5 6 3 4 4 5 1 2 6 0 6 2 1 5 4 2
14 20 12 162 8 5 6 5 3 5 6 3 4 5 3 2 3 3 6 2 2 3 3 6 0
14 20 14 168 8 5 6 5 3 5 6 3 5 2 4 3 3 3 3 5 0 4 7 1 2
14 21 8 160 6 7 6 5 3 5 6 3 5 2 6 1 4 2 3 5 2 4 1 5 2
14 19 12 169 8 5 6 5 3 5 6 3 5 2 6 1 3 4 3 4 0 6 5 3 0
14 21 14 167 6 7 6 5 3 5 7 2 4 5 3 2 3 2 6 3 2 2 1 7 2
14 21 2 169 4 9 6 5 3 6 3 5 5 3 4 2 4 3 3 4 3 4 1 1 5
14 20 18 163 8 5 6 5 3 6 4 4 5 2 6 1 2 5 3 4 0 5 3 4 2
14 20 8 166 4 9 6 5 3 6 4 4 5 3 4 2 3 5 0 6 2 2 5 3 2
14 20 12 166 6 7 6 5 3 6 4 4 5 3 4 2 3 4 3 4 1 5 3 0 5
14 21 8 161 5 8 6 5 3 6 4 4 5 4 2 3 4 2 6 2 2 5 1 4 2
14 20 18 168 6 7 6 5 3 6 5 3 4 6 1 3 2 4 6 2 2 0 5 5 2
14 20 14 164 5 8 6 5 3 6 5 3 5 3 6 0 3 4 3 4 2 3 1 6 2
14 20 24 168 7 6 6 5 3 6 6 2 6 1 5 2 3 2 6 3 0 4 3 5 2
14 21 -6 169 10 3 6 6 2 3 7 4 3 4 5 2 3 3 5 3 2 5 4 1 2
14 21 -6 156 6 7 6 6 2 4 6 4 3 5 5 1 3 3 5 3 4 1 2 5 2
14 21 0 166 6 7 6 6 2 5 4 5 4 3 4 3 3 2 5 4 1 5 2 1 5
14 20 6 165 8 5 6 6 2 5 5 4 3 6 5 0 2 5 5 2 3 1 4 5 1
14 21 8 155 6 7 6 6 2 5 6 3 4 4 4 2 3 2 5 4 2 1 4 5 2
14 20 14 166 9 4 6 6 2 5 6 3 4 4 4 2 2 4 5 3 0 4 6 2 2
14 21 8 169 7 6 6 6 2 5 6 3 4 5 2 3 3 3 5 3 2 1 8 1 2
14 21 6 162 6 7 6 6 2 5 6 3 5 2 5 2 4 1 5 4 1 5 2 5 1
14 21 6 163 7 6 6 6 2 5 6 3 5 3 3 3 4 2 5 3 1 5 6 1 1
14 20 0 169 5 8 6 6 2 6 2 6 4 4 4 2 3 3 5 3 3 3 0 3 5
14 20 2 167 6 7 6 6 2 6 2 6 4 4 4 2 3 3 5 3 3 3 0 3 5
14 21 12 166 8 5 6 6 2 6 3 5 4 4 4 2 2 4 5 3 1 4 2 2 5
14 20 8 165 7 6 6 6 2 6 3 5 5 2 5 2 3 3 5 3 0 7 2 3 2
14 21 12 165 5 8 6 6 2 6 4 4 4 4 4 2 2 3 5 4 1 2 2 4 5
14 21 14 157 8 5 6 6 2 6 4 4 4 5 4 1 2 5 5 2 2 2 4 4 2
14 20 14 164 5 8 6 6 2 6 5 3 4 5 4 1 2 4 5 3 2 0 4 6 2
14 21 18 158 6 7 6 6 2 6 6 2 5 4 3 2 3 3 5 3 2 1 4 5 2
14 21 20 169 7 6 6 6 2 7 3 4 5 4 3 2 2 5 5 2 1 4 2 2 5
14 21 -12 169 9 4 6 7 1 3 7 4 3 4 6 1 3 4 4 3 4 2 5 1 2
14 20 -18 165 7 6 6 7 1 4 4 6 4 2 7 1 3 5 4 2 4 4 3 3 0
14 20 -6 168 8 5 6 7 1 4 5 5 3 3 8 0 2 4 4 4 2 3 3 4 2
14 20 -10 168 8 5 6 7 1 4 5 5 4 2 7 1 3 4 4 3 2 5 5 2 0
14 21 -4 168 8 5 6 7 1 4 6 4 4 2 7 1 3 3 4 4 1 5 5 2 1
14 21 -16 168 4 9 6 7 1 5 3 6 5 1 6 2 4 3 4 3 4 4 1 3 2
14 20 -4 161 7 6 6 7 1 5 4 5 4 3 7 0 3 4 4 3 3 3 3 4 1
14 21 -6 161 6 7 6 7 1 5 4 5 5 1 6 2 4 2 4 4 2 5 3 2 2
14 21 -12 168 4 9 6 7 1 5 4 5 5 2 4 3 4 4 1 5 4 2 5 1 2
14 20 0 167 5 8 6 7 1 5 6 3 5 2 6 1 4 2 4 4 2 3 5 4 0
14 20 2 165 6 7 6 7 1 5 6 3 5 2 6 1 4 2 4 4 2 3 5 4 0
14 21 8 169 6 7 6 7 1 5 7 2 5 2 6 1 4 1 4 5 2 2 3 5 2
14 21 8 169 8 5 6 7 1 6 3 5 4 4 5 1 2 5 4 3 2 1 7 2 2
14 20 18 168 8 5 6 7 1 6 5 3 5 2 6 1 2 4 4 4 0 3 5 4 2
14 21 8 168 5 8 6 7 1 6 5 3 5 4 2 3 4 1 7 2 2 3 3 4 2
14 21 -12 167 9 4 7 3 4 3 7 4 3 4 6 1 3 4 4 3 3 5 2 2 2
14 21 -6 159 8 5 7 3 4 4 6 4 3 6 2 3 3 4 4 3 3 4 2 3 2
14 20 -4 168 7 6 7 3 4 4 7 3 4 4 3 3 4 2 4 4 2 6 0 5 1
14 21 14 164 7 6 7 3 4 6 5 3 4 6 1 3 2 5 4 3 1 3 4 4 2
14 21 14 169 6 7 7 3 4 7 3 4 5 4 4 1 2 7 1 4 1 4 4 3 2
14 21 -24 168 8 5 7 4 3 2 8 4 3 3 5 3 3 3 6 2 4 4 1 4 1
14 21 -16 162 8 5 7 4 3 3 7 4 3 4 5 2 3 3 6 2 3 5 1 3 2
14 21 -16 159 8 5 7 4 3 4 4 6 3 4 5 2 2 6 3 3 3 5 1 3 2
14 21 -6 154 7 6 7 4 3 4 6 4 3 4 5 2 2 4 3 5 1 4 3 4 2
14 21 -12 158 6 7 7 4 3 4 6 4 4 3 4 3 4 1 6 3 3 4 1 4 2
14 21 -6 165 6 7 7 4 3 4 7 3 3 5 5 1 3 2 6 3 3 2 1 6 2
14 21 -4 164 6 7 7 4 3 4 8 2 4 4 4 2 4 1 6 3 2 4 3 4 1
14 21 -6 159 6 7 7 4 3 5 4 5 3 5 5 1 2 5 3 4 3 2 1 6 2
14 21 -6 157 7 6 7 4 3 5 4 5 3 6 3 2 2 6 3 3 3 2 5 2 2
14 20 -10 152 6 7 7 4 3 5 4 5 4 4 4 2 3 5 3 3 3 4 3 4 0
14 21 -16 169 3 10 7 4 3 5 4 5 5 2 3 4 4 3 3 4 3 5 1 3 2
14 19 0 169 8 5 7 4 3 5 5 4 3 6 5 0 2 6 3 3 3 2 3 6 0
14 21 -4 149 6 7 7 4 3 5 5 4 4 4 4 2 3 4 3 4 2 4 3 4 1
14 21 -6 164 5 8 7 4 3 5 5 4 5 2 3 4 4 2 3 5 1 6 3 2 2
14 21 8 166 6 7 7 4 3 5 7 2 4 4 4 2 3 1 6 4 1 2 3 6 2
14 20 2 167 5 8 7 4 3 5 7 2 5 3 3 3 4 2 3 5 1 4 5 4 0
14 21 8 164 7 6 7 4 3 6 4 4 4 5 2 3 2 5 3 4 1 2 7 2 2
14 20 6 162 7 6 7 4 3 6 4 4 5 3 3 3 3 4 3 4 0 6 5 2 1
14 21 14 162 8 5 7 4 3 6 5 3 4 5 4 1 2 4 6 2 1 3 3 5 2
14 20 12 162 6 7 7 4 3 6 6 2 5 4 3 2 3 4 3 4 1 3 5 5 0
14 21 18 169 6 7 7 4 3 6 7 1 5 4 3 2 3 2 6 3 1 2 3 6 2
14 21 18 161 6 7 7 4 3 7 4 3 5 4 3 2 2 5 3 4 1 2 3 6 2
14 21 -12 167 9 4 7 5 2 3 8 3 3 4 6 1 3 3 5 3 3 3 4 2 2
14 21 -16 163 7 6 7 5 2 3 8 3 4 2 5 3 4 1 5 4 3 3 4 2 2
14 21 -12 163 9 4 7 5 2 4 5 5 3 4 6 1 2 6 2 4 3 3 4 2 2
14 20 -22 168 5 8 7 5 2 4 5 5 4 3 3 4 3 5 2 4 5 0 6 1 2
14 21 -12 159 6 7 7 5 2 4 6 4 3 4 6 1 2 5 2 5 3 1 4 4 2
14 21 -6 160 8 5 7 5 2 4 7 3 3 6 2 3 3 3 5 3 3 2 4 3 2
14 19 -12 166 6 7 7 5 2 5 4 5 4 3 7 0 3 4 5 2 3 5 0 4 2
14 21 -4 162 6 7 7 5 2 5 5 4 3 6 2 3 2 4 5 3 2 1 6 4 1
14 19 -6 168 6 7 7 5 2 5 5 4 4 3 7 0 3 4 2 5 3 3 0 6 2
14 20 -4 162 7 6 7 5 2 5 5 4 4 3 7 0 3 3 5 3 2 4 2 5 1
14 20 -6 169 6 7 7 5 2 5 5 4 4 4 3 3 3 4 2 5 3 0 8 1 2
14 21 -6 165 6 7 7 5 2 5 5 4 5 1 6 2 4 1 5 4 1 6 2 3 2
14 21 -12 159 4 9 7 5 2 5 5 4 5 2 4 3 4 3 2 5 3 3 4 2 2
14 21 -4 165 5 8 7 5 2 5 6 3 5 2 4 3 4 2 2 6 2 2 6 3 1
14 20 6 169 7 6 7 5 2 5 7 2 4 4 5 1 3 2 5 4 2 0 6 5 1
14 21 8 168 7 6 7 5 2 6 4 4 3 6 4 1 1 5 5 3 1 2 2 7 2
14 20 6 166 7 6 7 5 2 6 4 4 4 4 5 1 2 5 2 5 2 0 6 5 1
14 20 0 166 5 8 7 5 2 6 4 4 5 2 6 1 3 4 2 5 1 4 4 5 0
14 20 2 164 6 7 7 5 2 6 4 4 5 2 6 1 3 4 2 5 1 4 4 5 0
14 21 8 166 6 7 7 5 2 6 5 3 5 2 6 1 3 3 2 6 1 3 2 6 2
14 21 14 167 6 7 7 5 2 6 7 1 5 4 4 1 3 3 5 3 1 2 6 3 2
14 20 2 168 5 8 7 5 2 7 2 5 5 4 2 3 3 4 5 2 1 5 4 4 0
14 21 8 162 5 8 7 5 2 7 3 4 5 4 2 3 3 3 5 3 1 4 2 5 2
14 21 14 165 6 7 7 5 2 7 4 3 5 4 4 1 2 6 2 4 1 2 6 3 2
14 21 -24 169 7 6 7 6 1 3 7 4 4 1 8 1 3 4 4 3 4 3 3 3 1
14 21 -16 169 8 5 7 6 1 3 8 3 3 4 5 2 3 2 7 2 3 3 3 3 2
14 20 -16 167 7 6 7 6 1 4 6 4 4 2 8 0 3 4 4 3 3 4 3 2 2
14 20 -12 168 6 7 7 6 1 4 7 3 4 3 4 3 4 0 7 3 3 2 3 4 2
14 20 -6 163 6 7 7 6 1 5 5 4 3 5 5 1 2 4 4 4 3 0 3 6 2
14 20 -6 168 7 6 7 6 1 5 5 4 3 6 3 2 2 5 4 3 3 0 7 2 2
14 20 -10 156 6 7 7 6 1 5 5 4 4 4 4 2 3 4 4 3 3 2 5 4 0
14 21 -16 169 3 10 7 6 1 5 5 4 5 2 3 4 4 2 4 4 3 3 3 3 2
14 21 -4 156 6 7 7 6 1 5 6 3 4 4 4 2 3 3 4 4 2 2 5 4 1
14 20 6 168 7 6 7 6 1 6 5 3 5 3 3 3 3 3 4 4 0 4 7 2 1
14 20 -12 165 6 7 8 2 4 5 4 5 4 3 4 3 3 3 4 4 2 5 0 5 2
14 21 -4 164 6 7 8 2 4 5 6 3 4 4 4 2 3 3 4 4 1 5 2 5 1
14 21 -24 163 6 7 8 3 3 3 8 3 4 2 5 3 3 4 3 4 3 4 3 3 1
14 21 -16 167 8 5 8 3 3 4 5 5 2 6 3 3 1 5 6 2 2 3 3 4 2
14 20 -24 169 6 7 8 3 3 4 5 5 4 2 5 3 2 7 0 5 3 4 3 3 1
14 21 -12 165 9 4 8 3 3 4 6 4 3 4 6 1 2 5 3 4 2 4 3 3 2
14 21 -16 157 7 6 8 3 3 4 6 4 4 2 5 3 3 3 3 5 2 4 3 3 2
14 21 -16 169 6 7 8 3 3 4 7 3 3 6 2 3 3 3 6 2 4 2 1 5 2
14 21 -16 165 6 7 8 3 3 5 4 5 3 6 2 3 2 6 3 3 4 2 1 5 2
14 21 -12 169 8 5 8 3 3 5 4 5 3 6 2 3 2 5 6 1 2 5 3 2 2
14 21 -6 169 5 8 8 3 3 5 6 3 3 6 2 3 2 4 3 5 2 1 3 6 2
14 21 -12 165 4 9 8 3 3 5 6 3 5 2 4 3 4 2 3 5 2 4 3 3 2
14 21 6 168 7 6 8 3 3 6 5 3 4 4 5 1 2 4 3 5 1 1 5 6 1
14 20 14 168 6 7 8 3 3 7 5 2 5 4 4 1 2 5 3 4 0 3 5 4 2
14 21 -16 158 8 5 8 4 2 4 6 4 3 4 5 2 2 4 5 3 2 4 2 4 2
14 21 -22 160 6 7 8 4 2 4 6 4 3 5 3 3 2 5 5 2 4 1 4 3 2
14 21 -16 165 5 8 8 4 2 4 7 3 3 4 5 2 2 3 5 4 2 2 2 6 2
14 21 -12 168 8 5 8 4 2 4 7 3 3 5 3 3 2 5 2 5 2 2 6 2 2
14 20 -18 161 6 7 8 4 2 4 7 3 4 3 4 3 3 3 5 3 2 4 4 4 0
14 21 -24 164 6 7 8 4 2 5 3 6 4 3 4 3 2 6 5 1 3 5 2 3 1
14 20 -16 165 5 8 8 4 2 5 5 4 3 6 3 2 2 5 5 2 4 0 4 4 2
14 21 -6 168 6 7 8 4 2 5 6 3 3 5 5 1 2 3 5 4 2 1 2 7 2
14 21 -6 164 7 6 8 4 2 5 6 3 3 6 3 2 2 4 5 3 2 1 6 3 2
14 20 -10 159 6 7 8 4 2 5 6 3 4 4 4 2 3 3 5 3 2 3 4 5 0
14 21 -4 163 6 7 8 4 2 5 7 2 4 4 4 2 3 2 5 4 1 3 4 5 1
14 20 -10 163 6 7 8 4 2 6 3 5 4 4 4 2 2 6 2 4 2 3 4 5 0
14 21 -4 160 6 7 8 4 2 6 4 4 4 4 4 2 2 5 2 5 1 3 4 5 1
14 19 0 168 8 5 8 4 2 6 4 4 4 4 4 2 2 4 5 3 0 4 6 4 0
14 21 6 169 7 6 8 4 2 6 6 2 4 5 4 1 2 5 2 5 1 2 4 6 1
14 20 8 167 8 5 8 4 2 6 6 2 4 5 4 1 2 4 5 3 0 4 4 4 2
14 21 -24 166 7 6 8 5 1 4 5 5 3 3 6 2 1 6 4 3 3 1 5 4 1
14 21 -22 166 8 5 8 5 1 4 5 5 3 3 6 2 1 6 4 3 2 3 5 2 2
14 21 -16 165 7 6 8 5 1 5 4 5 3 4 6 1 1 6 4 3 2 2 5 3 2
14 20 -18 168 7 6 8 5 1 5 4 5 4 2 7 1 2 5 4 3 2 4 3 5 0
14 21 -12 168 7 6 8 5 1 5 5 4 3 5 4 2 2 3 7 2 2 3 1 6 2
14 20 -6 169 6 7 8 5 1 6 4 4 5 1 6 2 3 2 4 5 0 5 3 4 2
14 20 -24 167 6 7 8 6 0 5 4 5 4 3 4 3 2 5 6 1 3 3 4 3 1
14 21 -22 169 6 7 9 2 3 4 7 3 3 5 3 3 2 4 6 2 3 2 3 4 2
14 21 -22 169 6 7 9 2 3 5 4 5 3 5 3 3 1 7 3 3 3 2 3 4 2
14 21 -16 169 6 7 9 2 3 5 5 4 3 5 3 3 1 6 3 4 1 3 5 3 2
14 20 -18 169 6 7 9 2 3 5 5 4 4 3 4 3 2 5 3 4 1 5 3 5 0
14 21 -22 169 8 5 9 3 2 4 6 4 3 3 6 2 1 5 5 3 1 4 4 3 2
14 21 -24 168 6 7 9 3 2 4 7 3 4 2 5 3 2 5 2 5 2 3 4 4 1
14 21 -24 169 6 7 9 4 1 5 5 4 4 3 4 3 2 4 7 1 2 4 3 4 1
14 20 -18 169 6 7 9 4 1 5 6 3 4 3 4 3 2 4 4 4 1 3 5 5 0
14 21 -12 165 5 8 9 4 1 6 5 3 4 4 4 2 2 4 4 4 1 3 3 5 2
