p 263 h 75 constraints 5852
0 0 1 0
1 0 1 1
2 0 1 2
3 0 1 3
4 0 1 4
5 0 1 5
6 0 1 6
7 0 1 7
8 0 1 8
9 0 1 9
10 0 1 10
11 0 1 11
12 0 1 12
13 0 1 13
14 0 1 14
15 0 1 15
16 0 1 16
17 0 1 17
18 0 1 18
19 0 1 19
20 0 1 20
21 0 1 21
22 0 1 22
23 0 1 23
24 0 1 24
25 0 1 25
26 0 1 26
27 0 1 27
28 0 1 28
29 0 1 29
30 0 1 30
31 0 1 31
32 0 1 32
33 0 1 33
34 0 1 34
35 1 1 2
36 1 1 3
37 1 1 4
38 1 1 5
39 1 1 6
40 1 1 7
41 1 1 8
42 1 1 9
43 1 1 10
44 1 1 11
45 1 1 12
46 1 1 13
47 1 1 14
48 1 1 15
49 1 1 16
50 1 1 17
51 1 1 18
52 1 1 19
53 1 1 20
54 1 1 21
55 1 1 22
56 1 1 23
57 1 1 24
58 1 1 25
59 1 1 26
60 1 1 27
61 1 1 28
62 1 1 29
63 1 1 30
64 1 1 31
65 1 1 32
66 1 1 33
67 1 1 34
68 2 1 4
69 2 1 5
70 2 1 6
71 2 1 7
72 2 1 8
73 2 1 9
74 2 1 10
75 2 1 11
76 2 1 12
77 2 1 13
78 2 1 14
79 2 1 15
80 2 1 16
81 2 1 17
82 2 1 18
83 2 1 19
84 2 1 20
85 2 1 21
86 2 1 22
87 2 1 23
88 2 1 24
89 2 1 25
90 2 1 26
91 2 1 27
92 2 1 28
93 2 1 29
94 2 1 30
95 2 1 31
96 2 1 32
97 2 1 33
98 2 1 34
99 3 1 6
100 3 1 7
101 3 1 8
102 3 1 9
103 3 1 10
104 3 1 11
105 3 1 12
106 3 1 13
107 3 1 14
108 3 1 15
109 3 1 16
110 3 1 17
111 3 1 18
112 3 1 19
113 3 1 20
114 3 1 21
115 3 1 22
116 3 1 23
117 3 1 24
118 3 1 25
119 3 1 26
120 3 1 27
121 3 1 28
122 3 1 29
123 3 1 30
124 3 1 31
125 3 1 32
126 3 1 33
127 3 1 34
128 4 1 8
129 4 1 9
130 4 1 10
131 4 1 11
132 4 1 12
133 4 1 13
134 4 1 14
135 4 1 15
136 4 1 16
137 4 1 17
138 4 1 18
139 4 1 19
140 4 1 20
141 4 1 21
142 4 1 22
143 4 1 23
144 4 1 24
145 4 1 25
146 4 1 26
147 4 1 27
148 4 1 28
149 4 1 29
150 4 1 30
151 4 1 31
152 4 1 32
153 4 1 33
154 4 1 34
155 5 1 10
156 5 1 11
157 5 1 12
158 5 1 13
159 5 1 14
160 5 1 15
161 5 1 16
162 5 1 17
163 5 1 18
164 5 1 19
165 5 1 20
166 5 1 21
167 5 1 22
168 5 1 23
169 5 1 24
170 5 1 25
171 5 1 26
172 5 1 27
173 5 1 28
174 5 1 29
175 5 1 30
176 5 1 31
177 5 1 32
178 5 1 33
179 5 1 34
180 6 1 12
181 6 1 13
182 6 1 14
183 6 1 15
184 6 1 16
185 6 1 17
186 6 1 18
187 6 1 19
188 6 1 20
189 6 1 21
190 6 1 22
191 6 1 23
192 6 1 24
193 6 1 25
194 6 1 26
195 6 1 27
196 6 1 28
197 6 1 29
198 6 1 30
199 6 1 31
200 6 1 32
201 6 1 33
202 6 1 34
203 7 1 14
204 7 1 15
205 7 1 16
206 7 1 17
207 7 1 18
208 7 1 19
209 7 1 20
210 7 1 21
211 7 1 22
212 7 1 23
213 7 1 24
214 7 1 25
215 7 1 26
216 7 1 27
217 7 1 28
218 7 1 29
219 7 1 30
220 7 1 31
221 7 1 32
222 7 1 33
223 7 1 34
224 8 1 16
225 8 1 17
226 8 1 18
227 8 1 19
228 8 1 20
229 8 1 21
230 8 1 22
231 8 1 23
232 8 1 24
233 8 1 25
234 8 1 26
235 8 1 27
236 8 1 28
237 8 1 29
238 8 1 30
239 8 1 31
240 8 1 32
241 8 1 33
242 8 1 34
243 9 1 18
244 9 1 19
245 9 1 20
246 9 1 21
247 9 1 22
248 9 1 23
249 9 1 24
250 9 1 25
251 9 1 26
252 9 1 27
253 9 1 28
254 9 1 29
255 9 1 30
256 9 1 31
257 9 1 32
258 9 1 33
259 9 1 34
260 10 1 20
261 10 1 21
262 10 1 22
263 10 1 23
264 10 1 24
265 10 1 25
266 10 1 26
267 10 1 27
268 10 1 28
269 10 1 29
270 10 1 30
271 10 1 31
272 10 1 32
273 10 1 33
274 10 1 34
275 11 1 22
276 11 1 23
277 11 1 24
278 11 1 25
279 11 1 26
280 11 1 27
281 11 1 28
282 11 1 29
283 11 1 30
284 11 1 31
285 11 1 32
286 11 1 33
287 11 1 34
288 12 1 24
289 12 1 25
290 12 1 26
291 12 1 27
292 12 1 28
293 12 1 29
294 12 1 30
295 12 1 31
296 12 1 32
297 12 1 33
298 12 1 34
299 13 1 26
300 13 1 27
301 13 1 28
302 13 1 29
303 13 1 30
304 13 1 31
305 13 1 32
306 13 1 33
307 13 1 34
308 14 1 28
309 14 1 29
310 14 1 30
311 14 1 31
312 14 1 32
313 14 1 33
314 14 1 34
315 15 1 30
316 15 1 31
317 15 1 32
318 15 1 33
319 15 1 34
320 16 1 32
321 16 1 33
322 16 1 34
323 17 1 34
324 18 1 36
325 17 262 35
326 17 262 36
327 16 1 35
328 16 1 36
329 15 262 35
330 15 262 36
331 14 1 35
332 14 1 36
333 13 262 35
334 13 262 36
335 12 1 35
336 12 1 36
337 11 262 35
338 11 262 36
339 10 1 35
340 10 1 36
341 9 262 35
342 9 262 36
343 8 1 35
344 8 1 36
345 7 262 35
346 19 1 38
347 18 262 37
348 18 262 38
349 17 1 37
350 17 1 38
351 16 262 37
352 16 262 38
353 15 1 37
354 15 1 38
355 14 262 37
356 14 262 38
357 13 1 37
358 13 1 38
359 12 262 37
360 12 262 38
361 11 1 37
362 11 1 38
363 10 262 37
364 10 262 38
365 9 1 37
366 9 1 38
367 20 1 40
368 19 262 39
369 19 262 40
370 18 1 39
371 18 1 40
372 17 262 39
373 17 262 40
374 16 1 39
375 16 1 40
376 15 262 39
377 15 262 40
378 14 1 39
379 14 1 40
380 13 262 39
381 13 262 40
382 12 1 39
383 12 1 40
384 11 262 39
385 11 262 40
386 10 1 39
387 21 1 42
388 20 262 41
389 20 262 42
390 19 1 41
391 19 1 42
392 18 262 41
393 18 262 42
394 17 1 41
395 17 1 42
396 16 262 41
397 16 262 42
398 15 1 41
399 15 1 42
400 14 262 41
401 14 262 42
402 13 1 41
403 13 1 42
404 12 262 41
405 12 262 42
406 22 1 44
407 21 262 43
408 21 262 44
409 20 1 43
410 20 1 44
411 19 262 43
412 19 262 44
413 18 1 43
414 18 1 44
415 17 262 43
416 17 262 44
417 16 1 43
418 16 1 44
419 15 262 43
420 15 262 44
421 14 1 43
422 14 1 44
423 13 262 43
424 23 1 46
425 22 262 45
426 22 262 46
427 21 1 45
428 21 1 46
429 20 262 45
430 20 262 46
431 19 1 45
432 19 1 46
433 18 262 45
434 18 262 46
435 17 1 45
436 17 1 46
437 16 262 45
438 16 262 46
439 15 1 45
440 15 1 46
441 24 1 48
442 23 262 47
443 23 262 48
444 22 1 47
445 22 1 48
446 21 262 47
447 21 262 48
448 20 1 47
449 20 1 48
450 19 262 47
451 19 262 48
452 18 1 47
453 18 1 48
454 17 262 47
455 17 262 48
456 16 1 47
457 25 1 50
458 24 262 49
459 24 262 50
460 23 1 49
461 23 1 50
462 22 262 49
463 22 262 50
464 21 1 49
465 21 1 50
466 20 262 49
467 20 262 50
468 19 1 49
469 19 1 50
470 18 262 49
471 18 262 50
472 26 1 52
473 25 262 51
474 25 262 52
475 24 1 51
476 24 1 52
477 23 262 51
478 23 262 52
479 22 1 51
480 22 1 52
481 21 262 51
482 21 262 52
483 20 1 51
484 20 1 52
485 19 262 51
486 27 1 54
487 26 262 53
488 26 262 54
489 25 1 53
490 25 1 54
491 24 262 53
492 24 262 54
493 23 1 53
494 23 1 54
495 22 262 53
496 22 262 54
497 21 1 53
498 21 1 54
499 28 1 56
500 27 262 55
501 27 262 56
502 26 1 55
503 26 1 56
504 25 262 55
505 25 262 56
506 24 1 55
507 24 1 56
508 23 262 55
509 23 262 56
510 22 1 55
511 29 1 58
512 28 262 57
513 28 262 58
514 27 1 57
515 27 1 58
516 26 262 57
517 26 262 58
518 25 1 57
519 25 1 58
520 24 262 57
521 24 262 58
522 30 1 60
523 29 262 59
524 29 262 60
525 28 1 59
526 28 1 60
527 27 262 59
528 27 262 60
529 26 1 59
530 26 1 60
531 25 262 59
532 31 1 62
533 30 262 61
534 30 262 62
535 29 1 61
536 29 1 62
537 28 262 61
538 28 262 62
539 27 1 61
540 27 1 62
541 32 1 64
542 31 262 63
543 31 262 64
544 30 1 63
545 30 1 64
546 29 262 63
547 29 262 64
548 28 1 63
549 33 1 66
550 32 262 65
551 32 262 66
552 31 1 65
553 31 1 66
554 30 262 65
555 30 262 66
556 34 1 68
557 33 262 67
558 33 262 68
559 32 1 67
560 32 1 68
561 31 262 67
562 35 1 70
563 34 262 69
564 34 262 70
565 33 1 69
566 33 1 70
567 36 1 72
568 35 262 71
569 35 262 72
570 34 1 71
571 37 1 74
572 36 262 73
573 36 262 74
574 38 1 76
575 37 262 75
576 39 1 78
577 40 35 80
578 38 244 77
579 37 94 76
580 35 227 73
581 34 12 72
582 32 1 69
583 31 175 68
584 29 168 65
585 28 207 64
586 26 83 61
587 25 60 60
588 23 5 57
589 22 86 56
590 20 51 53
591 19 246 52
592 17 152 49
593 41 35 82
594 39 244 79
595 38 94 78
596 36 227 75
597 35 12 74
598 33 1 71
599 32 175 70
600 30 168 67
601 29 207 66
602 27 83 63
603 26 60 62
604 24 5 59
605 23 86 58
606 21 51 55
607 20 246 54
608 42 35 84
609 40 244 81
610 39 94 80
611 37 227 77
612 36 12 76
613 34 1 73
614 33 175 72
615 31 168 69
616 30 207 68
617 28 83 65
618 27 60 64
619 25 5 61
620 24 86 60
621 22 51 57
622 43 35 86
623 41 244 83
624 40 94 82
625 38 227 79
626 37 12 78
627 35 1 75
628 34 175 74
629 32 168 71
630 31 207 70
631 29 83 67
632 28 60 66
633 26 5 63
634 25 86 62
635 44 35 88
636 42 244 85
637 41 94 84
638 39 227 81
639 38 12 80
640 36 1 77
641 35 175 76
642 33 168 73
643 32 207 72
644 30 83 69
645 29 60 68
646 27 5 65
647 45 35 90
648 43 244 87
649 42 94 86
650 40 227 83
651 39 12 82
652 37 1 79
653 36 175 78
654 34 168 75
655 33 207 74
656 31 83 71
657 30 60 70
658 46 35 92
659 44 244 89
660 43 94 88
661 41 227 85
662 40 12 84
663 38 1 81
664 37 175 80
665 35 168 77
666 34 207 76
667 32 83 73
668 47 35 94
669 45 244 91
670 44 94 90
671 42 227 87
672 41 12 86
673 39 1 83
674 38 175 82
675 36 168 79
676 35 207 78
677 48 35 96
678 46 244 93
679 45 94 92
680 43 227 89
681 42 12 88
682 40 1 85
683 39 175 84
684 37 168 81
685 49 35 98
686 47 244 95
687 46 94 94
688 44 227 91
689 43 12 90
690 41 1 87
691 40 175 86
692 50 35 100
693 48 244 97
694 47 94 96
695 45 227 93
696 44 12 92
697 42 1 89
698 51 35 102
699 49 244 99
700 48 94 98
701 46 227 95
702 45 12 94
703 52 35 104
704 50 244 101
705 49 94 100
706 47 227 97
707 53 35 106
708 51 244 103
709 50 94 102
710 54 35 108
711 52 244 105
712 55 35 110
713 56 147 112
714 53 50 107
715 51 67 104
716 48 21 99
717 46 86 96
718 43 235 91
719 41 236 88
720 38 125 83
721 36 36 80
722 33 184 75
723 31 215 72
724 57 147 114
725 54 50 109
726 52 67 106
727 49 21 101
728 47 86 98
729 44 235 93
730 42 236 90
731 39 125 85
732 37 36 82
733 34 184 77
734 58 147 116
735 55 50 111
736 53 67 108
737 50 21 103
738 48 86 100
739 45 235 95
740 43 236 92
741 40 125 87
742 38 36 84
743 59 147 118
744 56 50 113
745 54 67 110
746 51 21 105
747 49 86 102
748 46 235 97
749 44 236 94
750 41 125 89
751 60 147 120
752 57 50 115
753 55 67 112
754 52 21 107
755 50 86 104
756 47 235 99
757 45 236 96
758 61 147 122
759 58 50 117
760 56 67 114
761 53 21 109
762 51 86 106
763 48 235 101
764 62 147 124
765 59 50 119
766 57 67 116
767 54 21 111
768 52 86 108
769 63 147 126
770 60 50 121
771 58 67 118
772 55 21 113
773 64 147 128
774 61 50 123
775 59 67 120
776 65 147 130
777 62 50 125
778 66 147 132
779 67 27 134
780 63 176 127
781 60 161 122
782 56 241 115
783 53 210 110
784 49 200 103
785 46 171 98
786 42 238 91
787 68 27 136
788 64 176 129
789 61 161 124
790 57 241 117
791 54 210 112
792 50 200 105
793 47 171 100
794 69 27 138
795 65 176 131
796 62 161 126
797 58 241 119
798 55 210 114
799 51 200 107
800 70 27 140
801 66 176 133
802 63 161 128
803 59 241 121
804 56 210 116
805 71 27 142
806 67 176 135
807 64 161 130
808 60 241 123
809 72 27 144
810 68 176 137
811 65 161 132
812 73 27 146
813 69 176 139
814 74 27 148
815 0 262 35
816 1 4 35
817 2 247 35
818 3 64 35
819 4 7 35
820 5 235 35
821 6 112 35
822 0 97 36
823 1 219 36
824 2 247 36
825 3 98 36
826 4 168 36
827 5 164 36
828 6 16 36
829 7 185 36
830 0 1 37
831 8 29 37
832 0 262 38
833 0 262 39
834 0 262 40
835 10 178 40
836 0 1 41
837 11 8 41
838 0 262 42
839 0 262 43
840 0 262 44
841 1 262 37
842 2 4 37
843 3 247 37
844 4 64 37
845 5 7 37
846 6 235 37
847 7 112 37
848 1 97 38
849 2 219 38
850 3 247 38
851 4 98 38
852 5 168 38
853 6 164 38
854 7 16 38
855 8 185 38
856 1 1 39
857 9 29 39
858 1 262 40
859 1 262 41
860 1 262 42
861 11 178 42
862 1 1 43
863 12 8 43
864 1 262 44
865 13 81 44
866 2 262 39
867 3 4 39
868 4 247 39
869 5 64 39
870 6 7 39
871 7 235 39
872 8 112 39
873 2 97 40
874 3 219 40
875 4 247 40
876 5 98 40
877 6 168 40
878 7 164 40
879 8 16 40
880 9 185 40
881 2 1 41
882 10 29 41
883 2 262 42
884 2 262 43
885 2 262 44
886 12 178 44
887 0 246 45
888 1 243 45
889 2 1 45
890 3 262 41
891 4 4 41
892 5 247 41
893 6 64 41
894 7 7 41
895 8 235 41
896 9 112 41
897 3 97 42
898 4 219 42
899 5 247 42
900 6 98 42
901 7 168 42
902 8 164 42
903 9 16 42
904 10 185 42
905 3 1 43
906 11 29 43
907 3 262 44
908 3 262 45
909 13 129 45
910 14 149 45
911 0 222 46
912 2 232 46
913 4 262 43
914 5 4 43
915 6 247 43
916 7 64 43
917 8 7 43
918 9 235 43
919 10 112 43
920 4 97 44
921 5 219 44
922 6 247 44
923 7 98 44
924 8 168 44
925 9 164 44
926 10 16 44
927 11 185 44
928 4 1 45
929 12 29 45
930 1 260 46
931 3 68 46
932 4 112 46
933 13 25 46
934 14 175 46
935 5 262 45
936 6 4 45
937 7 247 45
938 8 64 45
939 9 7 45
940 10 235 45
941 11 112 45
942 5 97 46
943 6 219 46
944 7 247 46
945 8 98 46
946 9 168 46
947 10 164 46
948 11 16 46
949 12 185 46
950 0 195 47
951 1 43 47
952 2 97 47
953 3 253 47
954 4 235 47
955 5 262 47
956 6 262 47
957 7 4 47
958 8 247 47
959 9 64 47
960 10 7 47
961 11 235 47
962 12 112 47
963 13 105 47
964 14 245 47
965 15 261 47
966 0 32 48
967 1 81 48
968 2 121 48
969 3 74 48
970 4 94 48
971 5 228 48
972 6 158 48
973 7 5 48
974 8 240 48
975 9 93 48
976 10 86 48
977 11 51 48
978 12 221 48
979 13 183 48
980 14 253 48
981 15 207 48
982 16 32 48
983 0 190 49
984 1 110 49
985 2 171 49
986 3 37 49
987 4 31 49
988 5 168 49
989 6 74 49
990 7 187 49
991 8 139 49
992 9 228 49
993 0 214 50
994 1 47 50
995 10 44 49
996 11 45 49
997 12 178 49
998 13 8 49
999 14 142 49
1000 15 140 49
1001 16 163 49
1002 2 125 50
1003 3 199 50
1004 4 1 50
1005 5 21 50
1006 6 126 50
1007 7 205 50
1008 8 36 50
1009 9 156 50
1010 10 176 50
1011 0 4 51
1012 1 171 51
1013 11 44 50
1014 12 200 50
1015 13 134 50
1016 14 200 50
1017 15 244 50
1018 16 180 50
1019 17 222 50
1020 2 212 51
1021 3 17 51
1022 4 200 51
1023 5 67 51
1024 6 179 51
1025 7 55 51
1026 8 198 51
1027 9 50 51
1028 10 24 51
1029 18 163 51
1030 11 144 51
1031 12 110 51
1032 13 235 51
1033 14 201 51
1034 15 74 51
1035 16 228 51
1036 17 11 51
1037 0 217 52
1038 1 38 52
1039 2 221 52
1040 3 84 52
1041 4 261 52
1042 5 186 52
1043 6 119 52
1044 7 107 52
1045 8 188 52
1046 9 132 52
1047 10 153 52
1048 11 18 52
1049 12 78 52
1050 13 108 52
1051 14 173 52
1052 15 13 52
1053 16 225 52
1054 17 67 52
1055 18 224 52
1056 0 105 53
1057 1 11 53
1058 2 165 53
1059 3 29 53
1060 4 22 53
1061 5 142 53
1062 6 181 53
1063 7 1 53
1064 8 152 53
1065 9 126 53
1066 10 199 53
1067 11 199 53
1068 12 111 53
1069 13 200 53
1070 14 164 53
1071 15 247 53
1072 16 156 53
1073 17 240 53
1074 18 125 53
1075 19 41 53
1076 0 9 54
1077 1 4 54
1078 2 23 54
1079 3 184 54
1080 4 121 54
1081 5 34 54
1082 6 113 54
1083 7 183 54
1084 8 143 54
1085 9 40 54
1086 10 78 54
1087 11 188 54
1088 12 116 54
1089 13 96 54
1090 14 72 54
1091 15 213 54
1092 16 179 54
1093 17 111 54
1094 18 155 54
1095 19 124 54
1096 0 51 55
1097 1 210 55
1098 2 201 55
1099 3 30 55
1100 4 146 55
1101 5 17 55
1102 9 148 55
1103 10 257 55
1104 11 156 55
1105 12 167 55
1106 13 247 55
1107 14 209 55
1108 15 107 55
1109 16 216 55
1110 17 204 55
1111 18 11 55
1112 19 124 55
1113 20 161 55
1114 0 208 56
1115 1 3 56
1116 2 68 56
1117 3 84 56
1118 4 57 56
1119 12 257 56
1120 16 262 56
1121 13 113 56
1122 14 22 56
1123 17 46 56
1124 15 189 56
1125 18 236 56
1126 19 151 56
1127 20 11 56
1128 21 252 56
1129 0 187 57
1130 1 50 57
1131 2 11 57
1132 3 182 57
1133 15 8 57
1134 16 161 57
1135 17 221 57
1136 18 206 57
1137 19 17 57
1138 20 26 57
1139 21 109 57
1140 0 254 58
1141 1 76 58
1142 2 1 58
1143 18 32 58
1144 19 1 58
1145 17 112 58
1146 20 73 58
1147 21 145 58
1148 22 149 58
1149 0 218 59
1150 20 1 59
1151 1 257 59
1152 21 36 59
1153 19 97 59
1154 22 146 59
1155 23 238 59
1156 0 112 60
1157 20 202 60
1158 21 87 60
1159 22 262 60
1160 23 1 60
1161 22 163 61
1162 23 262 61
1163 24 262 61
1164 24 262 62
1165 25 262 63
1166 26 206 64
1167 25 103 64
1168 24 80 63
1169 23 223 62
1170 22 243 62
1171 21 10 61
1172 20 5 61
1173 19 129 60
1174 18 67 59
1175 17 165 59
1176 16 49 58
1177 15 156 58
1178 14 185 57
1179 13 224 57
1180 12 112 57
1181 11 207 56
1182 10 235 56
1183 9 249 56
1184 8 7 55
1185 7 135 55
1186 27 206 66
1187 26 160 65
1188 25 80 65
1189 24 223 64
1190 23 20 63
1191 22 10 63
1192 21 258 62
1193 20 129 62
1194 19 67 61
1195 18 98 60
1196 17 49 60
1197 16 107 59
1198 15 185 59
1199 14 39 58
1200 13 151 58
1201 12 207 58
1202 11 28 57
1203 10 14 57
1204 9 7 57
1205 28 57 67
1206 27 160 67
1207 26 183 66
1208 25 223 66
1209 24 20 65
1210 23 253 64
1211 22 258 64
1212 21 134 63
1213 20 67 63
1214 19 98 62
1215 18 214 61
1216 17 107 61
1217 16 78 60
1218 15 39 60
1219 14 112 59
1220 13 56 59
1221 12 28 59
1222 11 249 58
1223 29 57 69
1224 28 103 68
1225 27 183 68
1226 26 40 67
1227 25 20 67
1228 24 253 66
1229 23 5 65
1230 22 134 65
1231 21 196 64
1232 20 98 64
1233 19 214 63
1234 18 156 62
1235 17 78 62
1236 16 224 61
1237 15 112 61
1238 14 207 60
1239 13 235 60
1240 30 57 71
1241 29 103 70
1242 28 80 69
1243 27 40 69
1244 26 243 68
1245 25 253 68
1246 24 5 67
1247 23 129 66
1248 22 196 66
1249 21 165 65
1250 20 214 65
1251 19 156 64
1252 18 185 63
1253 17 224 63
1254 16 151 62
1255 15 207 62
1256 31 57 73
1257 30 103 72
1258 29 80 71
1259 28 223 70
1260 27 243 70
1261 26 10 69
1262 25 5 69
1263 24 129 68
1264 23 67 67
1265 22 165 67
1266 21 49 66
1267 20 156 66
1268 19 185 65
1269 18 39 64
1270 17 151 64
1271 32 206 74
1272 31 103 74
1273 30 80 73
1274 29 223 72
1275 28 20 71
1276 27 10 71
1277 26 258 70
1278 25 129 70
1279 24 67 69
1280 23 98 68
1281 22 49 68
1282 21 107 67
1283 20 185 67
1284 19 39 66
1285 33 206 76
1286 32 160 75
1287 31 80 75
1288 30 223 74
1289 29 20 73
1290 28 253 72
1291 27 258 72
1292 26 134 71
1293 25 67 71
1294 24 98 70
1295 23 214 69
1296 22 107 69
1297 21 78 68
1298 34 206 78
1299 33 160 77
1300 32 183 76
1301 31 223 76
1302 30 20 75
1303 29 253 74
1304 28 5 73
1305 27 134 73
1306 26 196 72
1307 25 98 72
1308 24 214 71
1309 23 156 70
1310 35 57 79
1311 34 160 79
1312 33 183 78
1313 32 40 77
1314 31 20 77
1315 30 253 76
1316 29 5 75
1317 28 129 74
1318 27 196 74
1319 26 165 73
1320 25 214 73
1321 36 57 81
1322 35 103 80
1323 34 183 80
1324 33 40 79
1325 32 243 78
1326 31 253 78
1327 30 5 77
1328 29 129 76
1329 28 67 75
1330 27 165 75
1331 37 57 83
1332 36 103 82
1333 35 80 81
1334 34 40 81
1335 33 243 80
1336 32 10 79
1337 31 5 79
1338 30 129 78
1339 29 67 77
1340 38 57 85
1341 37 103 84
1342 36 80 83
1343 35 223 82
1344 34 243 82
1345 33 10 81
1346 32 258 80
1347 31 129 80
1348 39 206 86
1349 38 103 86
1350 37 80 85
1351 36 223 84
1352 35 20 83
1353 34 10 83
1354 33 258 82
1355 40 206 88
1356 39 160 87
1357 38 80 87
1358 37 223 86
1359 36 20 85
1360 35 253 84
1361 41 206 90
1362 40 160 89
1363 39 183 88
1364 38 223 88
1365 37 20 87
1366 42 206 92
1367 41 160 91
1368 40 183 90
1369 39 40 89
1370 43 57 93
1371 42 160 93
1372 41 183 92
1373 44 57 95
1374 43 103 94
1375 45 57 97
1376 46 230 99
1377 44 163 96
1378 42 48 94
1379 40 2 91
1380 38 241 89
1381 36 21 86
1382 34 32 84
1383 32 89 81
1384 30 73 79
1385 28 14 76
1386 26 109 74
1387 24 116 72
1388 22 39 70
1389 20 97 68
1390 18 15 65
1391 47 230 101
1392 45 163 98
1393 43 215 95
1394 41 2 93
1395 39 22 90
1396 37 21 88
1397 35 231 85
1398 33 89 83
1399 31 73 81
1400 29 14 78
1401 27 109 76
1402 25 116 74
1403 23 224 71
1404 21 166 69
1405 48 33 102
1406 46 163 100
1407 44 215 97
1408 42 2 95
1409 40 22 92
1410 38 21 90
1411 36 231 87
1412 34 89 85
1413 32 190 82
1414 30 14 80
1415 28 154 77
1416 26 147 75
1417 24 224 73
1418 49 33 104
1419 47 163 102
1420 45 215 99
1421 43 261 96
1422 41 22 94
1423 39 242 91
1424 37 231 89
1425 35 174 86
1426 33 190 84
1427 31 14 82
1428 29 154 79
1429 27 147 77
1430 50 33 106
1431 48 100 103
1432 46 215 101
1433 44 261 98
1434 42 22 96
1435 40 242 93
1436 38 231 91
1437 36 174 88
1438 34 190 86
1439 32 249 83
1440 30 154 81
1441 51 33 108
1442 49 100 105
1443 47 215 103
1444 45 261 100
1445 43 241 97
1446 41 242 95
1447 39 32 92
1448 37 174 90
1449 35 73 87
1450 33 249 85
1451 52 230 109
1452 50 100 107
1453 48 48 104
1454 46 261 102
1455 44 241 99
1456 42 242 97
1457 40 32 94
1458 38 174 92
1459 36 73 89
1460 53 230 111
1461 51 100 109
1462 49 48 106
1463 47 261 104
1464 45 241 101
1465 43 21 98
1466 41 32 96
1467 39 89 93
1468 54 230 113
1469 52 163 110
1470 50 48 108
1471 48 2 105
1472 46 241 103
1473 44 21 100
1474 42 32 98
1475 55 230 115
1476 53 163 112
1477 51 48 110
1478 49 2 107
1479 47 241 105
1480 45 21 102
1481 56 230 117
1482 54 163 114
1483 52 215 111
1484 50 2 109
1485 48 22 106
1486 57 33 118
1487 55 163 116
1488 53 215 113
1489 51 2 111
1490 58 33 120
1491 56 163 118
1492 54 215 115
1493 59 33 122
1494 57 100 119
1495 60 33 124
1496 61 242 125
1497 58 229 121
1498 55 233 117
1499 52 11 112
1500 49 118 108
1501 46 166 104
1502 43 132 99
1503 40 101 95
1504 37 151 91
1505 34 257 87
1506 31 103 83
1507 28 234 78
1508 62 242 127
1509 59 229 123
1510 56 233 119
1511 53 11 114
1512 50 118 110
1513 47 166 106
1514 44 132 101
1515 41 101 97
1516 38 151 93
1517 35 6 88
1518 32 160 84
1519 63 242 129
1520 60 229 125
1521 57 30 120
1522 54 11 116
1523 51 118 112
1524 48 97 107
1525 45 132 103
1526 42 101 99
1527 39 112 94
1528 36 6 90
1529 64 242 131
1530 61 34 126
1531 58 30 122
1532 55 11 118
1533 52 145 113
1534 49 97 109
1535 46 132 105
1536 43 162 100
1537 40 112 96
1538 65 242 133
1539 62 34 128
1540 59 30 124
1541 56 11 120
1542 53 145 115
1543 50 97 111
1544 47 132 107
1545 44 162 102
1546 66 21 134
1547 63 34 130
1548 60 30 126
1549 57 252 121
1550 54 145 117
1551 51 97 113
1552 48 131 108
1553 67 21 136
1554 64 34 132
1555 61 233 127
1556 58 252 123
1557 55 145 119
1558 52 166 114
1559 68 21 138
1560 65 34 134
1561 62 233 129
1562 59 252 125
1563 56 145 121
1564 69 21 140
1565 66 229 135
1566 63 233 131
1567 60 252 127
1568 70 242 141
1569 67 229 137
1570 64 233 133
1571 71 242 143
1572 68 229 139
1573 72 242 145
1574 6 40 55
1575 5 160 56
1576 6 10 56
1577 7 134 56
1578 4 200 57
1579 5 2 57
1580 3 246 58
1581 4 224 58
1582 2 97 59
1583 3 118 59
1584 1 86 60
1585 2 23 60
1586 0 257 61
1587 1 21 61
1588 0 243 62
1589 0 243 63
1590 0 243 64
1591 0 243 65
1592 8 173 56
1593 6 103 57
1594 7 253 57
1595 5 104 58
1596 8 165 57
1597 6 188 58
1598 7 248 58
1599 4 103 59
1600 5 98 59
1601 3 200 60
1602 4 132 60
1603 2 23 61
1604 3 153 61
1605 1 17 62
1606 2 207 62
1607 1 253 63
1608 8 166 58
1609 10 192 58
1610 9 154 58
1611 6 112 59
1612 7 66 59
1613 8 5 59
1614 9 156 59
1615 5 73 60
1616 6 212 60
1617 7 135 60
1618 4 110 61
1619 5 60 61
1620 3 133 62
1621 4 192 62
1622 10 21 59
1623 8 125 60
1624 11 48 59
1625 9 173 60
1626 10 93 60
1627 6 193 61
1628 11 175 60
1629 7 57 61
1630 8 141 61
1631 5 62 62
1632 9 182 61
1633 6 90 62
1634 12 150 60
1635 10 179 61
1636 11 192 61
1637 13 108 61
1638 12 251 61
1639 7 105 62
1640 8 168 62
1641 9 216 62
1642 10 97 62
1643 2 80 63
1644 14 57 61
1645 12 189 62
1646 13 94 62
1647 3 238 63
1648 14 27 62
1649 4 217 63
1650 5 95 63
1651 1 142 64
1652 6 140 63
1653 16 194 63
1654 15 183 63
1655 2 89 64
1656 3 138 64
1657 4 241 64
1658 16 13 64
1659 1 44 65
1660 2 200 65
1661 17 83 65
1662 0 178 66
1663 0 178 67
1664 7 103 63
1665 8 92 63
1666 11 40 62
1667 9 84 63
1668 10 211 63
1669 11 103 63
1670 12 73 63
1671 13 41 63
1672 14 136 63
1673 5 225 64
1674 6 113 64
1675 7 200 64
1676 8 232 64
1677 9 218 64
1678 10 171 64
1679 11 126 64
1680 13 85 64
1681 14 259 64
1682 15 212 64
1683 3 81 65
1684 4 115 65
1685 5 244 65
1686 6 157 65
1687 7 169 65
1688 16 98 65
1689 8 103 65
1690 9 92 65
1691 12 40 64
1692 10 84 65
1693 11 211 65
1694 12 103 65
1695 13 73 65
1696 14 41 65
1697 15 136 65
1698 1 102 66
1699 2 28 66
1700 3 262 66
1701 4 197 66
1702 5 190 66
1703 6 198 66
1704 7 250 66
1705 8 203 66
1706 9 174 66
1707 10 26 66
1708 11 42 66
1709 12 82 66
1710 14 142 66
1711 15 85 66
1712 16 19 66
1713 17 143 66
1714 18 177 66
1715 13 40 66
1716 1 117 67
1717 2 165 67
1718 3 138 67
1719 4 135 67
1720 5 225 67
1721 6 95 67
1722 7 170 67
1723 8 175 67
1724 9 256 67
1725 10 101 67
1726 11 186 67
1727 12 73 67
1728 13 57 67
1729 14 228 67
1730 15 96 67
1731 16 216 67
1732 17 50 67
1733 18 125 67
1734 19 201 67
1735 0 53 68
1736 1 28 68
1737 2 193 68
1738 3 26 68
1739 4 18 68
1740 5 209 68
1741 6 103 68
1742 7 167 68
1743 8 128 68
1744 9 95 68
1745 10 224 68
1746 11 202 68
1747 12 169 68
1748 13 245 68
1749 14 112 68
1750 15 220 68
1751 16 188 68
1752 17 149 68
1753 18 173 68
1754 19 206 68
1755 0 33 69
1756 1 213 69
1757 2 72 69
1758 3 26 69
1759 4 224 69
1760 5 197 69
1761 6 175 69
1762 7 199 69
1763 8 4 69
1764 9 41 69
1765 10 63 69
1766 11 185 69
1767 12 123 69
1768 13 38 69
1769 14 120 69
1770 15 125 69
1771 16 227 69
1772 17 79 69
1773 18 226 69
1774 19 194 69
1775 20 122 69
1776 0 180 70
1777 1 27 70
1778 2 116 70
1779 3 131 70
1780 4 230 70
1781 5 35 70
1782 6 31 70
1783 7 215 70
1784 8 137 70
1785 9 121 70
1786 10 78 70
1787 11 161 70
1788 12 79 70
1789 13 213 70
1790 14 250 70
1791 15 41 70
1792 16 113 70
1793 17 67 70
1794 18 155 70
1795 19 200 70
1796 20 205 70
1797 21 60 70
1798 0 242 71
1799 1 251 71
1800 2 136 71
1801 3 142 71
1802 4 67 71
1803 5 198 71
1804 6 66 71
1805 7 102 71
1806 8 35 71
1807 9 224 71
1808 10 243 71
1809 11 255 71
1810 12 133 71
1811 13 256 71
1812 14 76 71
1813 15 126 71
1814 16 149 71
1815 17 192 71
1816 18 62 71
1817 19 121 71
1818 20 99 71
1819 21 140 71
1820 22 96 71
1821 0 144 72
1822 1 175 72
1823 2 241 72
1824 3 67 72
1825 5 80 72
1826 4 122 72
1827 6 16 72
1828 7 24 72
1829 8 252 72
1830 9 33 72
1831 10 94 72
1832 11 218 72
1833 12 216 72
1834 13 119 72
1835 14 187 72
1836 15 64 72
1837 16 20 72
1838 17 219 72
1839 18 75 72
1840 19 149 72
1841 20 134 72
1842 21 114 72
1843 22 192 72
1844 23 86 72
1845 0 25 73
1846 1 245 73
1847 2 37 73
1848 3 117 73
1849 4 114 73
1850 5 42 73
1851 6 57 73
1852 7 15 73
1853 8 217 73
1854 9 209 73
1855 10 205 73
1856 11 105 73
1857 12 11 73
1858 13 131 73
1859 14 106 73
1860 15 47 73
1861 16 216 73
1862 17 37 73
1863 18 195 73
1864 19 143 73
1865 20 20 73
1866 21 217 73
1867 22 44 73
1868 23 62 73
1869 0 159 74
1870 1 19 74
1871 2 87 74
1872 3 151 74
1873 4 174 74
1874 5 260 74
1875 9 95 74
1876 11 163 74
1877 12 258 74
1878 13 253 74
1879 14 193 74
1880 15 145 74
1881 16 102 74
1882 17 35 74
1883 18 37 74
1884 19 81 74
1885 20 221 74
1886 21 83 74
1887 22 98 74
1888 23 163 74
1889 24 233 74
1890 0 10 75
1891 1 3 75
1892 2 252 75
1893 3 253 75
1894 4 87 75
1895 5 253 75
1896 15 161 75
1897 17 252 75
1898 18 176 75
1899 19 143 75
1900 20 148 75
1901 21 222 75
1902 22 235 75
1903 23 35 75
1904 24 211 75
1905 25 175 75
1906 0 102 76
1907 1 211 76
1908 2 146 76
1909 3 56 76
1910 4 137 76
1911 17 157 76
1912 18 253 76
1913 19 24 76
1914 20 185 76
1915 21 61 76
1916 22 188 76
1917 23 69 76
1918 24 167 76
1919 25 111 76
1920 26 82 76
1921 0 218 77
1922 1 189 77
1923 2 252 77
1924 3 180 77
1925 4 99 77
1926 20 39 77
1927 21 14 77
1928 22 101 77
1929 23 161 77
1930 24 115 77
1931 25 130 77
1932 26 222 77
1933 0 159 78
1934 1 244 78
1935 2 145 78
1936 3 17 78
1937 20 115 78
1938 21 219 78
1939 22 149 78
1940 23 81 78
1941 24 100 78
1942 25 47 78
1943 26 185 78
1944 27 94 78
1945 0 211 79
1946 1 2 79
1947 2 200 79
1948 3 136 79
1949 23 39 79
1950 24 33 79
1951 26 251 79
1952 25 23 79
1953 27 201 79
1954 28 187 79
1955 0 135 80
1956 1 118 80
1957 2 171 80
1958 24 177 80
1959 25 37 80
1960 26 212 80
1961 27 217 80
1962 28 208 80
1963 29 182 80
1964 0 101 81
1965 1 77 81
1966 2 103 81
1967 26 98 81
1968 27 217 81
1969 28 212 81
1970 29 3 81
1971 0 103 82
1972 1 53 82
1973 27 182 82
1974 28 204 82
1975 29 148 82
1976 30 176 82
1977 0 35 83
1978 1 22 83
1979 29 94 83
1980 30 56 83
1981 0 113 84
1982 30 224 84
1983 31 56 84
1984 31 56 85
1985 0 94 85
1986 32 235 85
1987 32 235 86
1988 33 28 86
1989 34 128 88
1990 33 45 87
1991 31 139 86
1992 30 129 85
1993 28 55 83
1994 27 212 83
1995 25 140 81
1996 24 222 81
1997 22 226 79
1998 21 163 79
1999 19 192 77
2000 18 64 77
2001 16 77 75
2002 15 124 76
2003 13 196 75
2004 12 43 75
2005 10 51 74
2006 9 229 75
2007 7 82 74
2008 6 230 74
2009 35 199 89
2010 34 45 89
2011 32 62 87
2012 31 129 87
2013 29 208 84
2014 28 157 84
2015 26 193 82
2016 25 41 82
2017 23 150 80
2018 22 100 80
2019 20 192 79
2020 19 199 78
2021 17 77 77
2022 16 62 76
2023 14 98 75
2024 13 110 76
2025 11 106 75
2026 10 246 75
2027 8 41 74
2028 36 199 91
2029 35 109 90
2030 33 201 88
2031 32 67 88
2032 30 208 86
2033 29 106 85
2034 27 193 84
2035 26 111 83
2036 24 150 82
2037 23 213 81
2038 21 167 80
2039 20 199 80
2040 18 93 78
2041 17 62 78
2042 15 98 77
2043 14 55 76
2044 12 157 76
2045 11 140 76
2046 37 64 92
2047 36 109 92
2048 34 201 90
2049 33 196 89
2050 31 208 88
2051 30 106 87
2052 28 35 85
2053 27 111 85
2054 25 113 83
2055 24 213 83
2056 22 96 81
2057 21 32 81
2058 19 170 79
2059 18 232 79
2060 16 49 77
2061 15 55 78
2062 13 53 77
2063 38 64 94
2064 37 154 93
2065 35 31 91
2066 34 196 91
2067 32 159 89
2068 31 106 89
2069 29 228 86
2070 28 76 86
2071 26 75 84
2072 25 50 84
2073 23 215 82
2074 22 231 82
2075 20 170 81
2076 19 31 80
2077 17 49 79
2078 16 159 78
2079 39 231 95
2080 38 154 95
2081 36 31 93
2082 35 165 92
2083 33 104 90
2084 32 210 90
2085 30 228 88
2086 29 187 87
2087 27 75 86
2088 26 238 85
2089 24 215 84
2090 23 16 83
2091 21 178 82
2092 20 31 82
2093 18 107 80
2094 40 231 97
2095 39 186 96
2096 37 232 94
2097 36 165 94
2098 34 104 92
2099 33 53 91
2100 31 228 90
2101 30 187 89
2102 28 94 87
2103 27 238 87
2104 25 48 85
2105 24 16 85
2106 22 85 83
2107 21 116 83
2108 41 32 98
2109 40 186 98
2110 38 232 96
2111 37 98 95
2112 35 211 93
2113 34 53 93
2114 32 149 91
2115 31 187 91
2116 29 169 88
2117 28 144 88
2118 26 239 86
2119 25 247 86
2120 23 89 84
2121 42 32 100
2122 41 77 99
2123 39 147 97
2124 38 98 97
2125 36 211 95
2126 35 105 94
2127 33 114 92
2128 32 38 92
2129 30 169 90
2130 29 119 89
2131 27 239 88
2132 26 8 87
2133 43 247 101
2134 42 77 101
2135 40 147 99
2136 39 214 98
2137 37 52 96
2138 36 105 96
2139 34 114 94
2140 33 225 93
2141 31 169 92
2142 30 119 91
2143 28 12 89
2144 44 247 103
2145 43 93 102
2146 41 116 100
2147 40 214 100
2148 38 52 98
2149 37 158 97
2150 35 206 95
2151 34 225 95
2152 32 47 93
2153 31 119 93
2154 45 16 104
2155 44 93 104
2156 42 116 102
2157 41 49 101
2158 39 237 99
2159 38 158 99
2160 36 206 97
2161 35 19 96
2162 33 216 94
2163 46 16 106
2164 45 170 105
2165 43 205 103
2166 42 49 103
2167 40 237 101
2168 39 184 100
2169 37 57 98
2170 36 19 98
2171 47 16 108
2172 46 170 107
2173 44 205 105
2174 43 107 104
2175 41 26 102
2176 40 184 102
2177 38 57 100
2178 48 255 109
2179 47 170 109
2180 45 58 106
2181 44 107 106
2182 42 26 104
2183 41 79 103
2184 49 8 110
2185 48 178 110
2186 46 58 108
2187 45 156 107
2188 43 250 105
2189 50 8 112
2190 49 85 111
2191 47 58 110
2192 46 156 109
2193 51 8 114
2194 50 85 113
2195 48 234 111
2196 52 259 115
2197 51 85 115
2198 53 4 116
2199 54 249 118
2200 52 145 116
2201 49 125 112
2202 47 72 111
2203 44 158 107
2204 42 71 105
2205 39 17 101
2206 37 249 99
2207 34 3 96
2208 32 138 94
2209 29 255 90
2210 27 210 89
2211 24 218 86
2212 22 68 84
2213 19 23 81
2214 17 251 80
2215 14 228 77
2216 55 249 120
2217 53 118 117
2218 50 125 114
2219 48 227 112
2220 45 105 108
2221 43 96 106
2222 40 17 103
2223 38 249 101
2224 35 130 97
2225 33 125 95
2226 30 255 92
2227 28 158 90
2228 25 45 87
2229 23 229 85
2230 20 23 83
2231 18 6 81
2232 56 249 122
2233 54 118 119
2234 51 125 116
2235 49 36 113
2236 46 105 110
2237 44 96 108
2238 41 246 104
2239 39 7 102
2240 36 130 99
2241 34 125 97
2242 31 255 94
2243 29 105 91
2244 26 109 88
2245 24 229 87
2246 21 120 84
2247 57 256 122
2248 55 118 121
2249 52 69 117
2250 50 36 115
2251 47 105 112
2252 45 167 109
2253 42 246 106
2254 40 7 104
2255 37 133 100
2256 35 69 98
2257 32 4 95
2258 30 105 93
2259 27 109 90
2260 25 34 88
2261 58 256 124
2262 56 118 123
2263 53 194 118
2264 51 36 117
2265 48 79 113
2266 46 167 111
2267 43 140 107
2268 41 256 105
2269 38 133 102
2270 36 69 100
2271 33 259 96
2272 31 105 95
2273 28 77 91
2274 59 256 126
2275 57 59 123
2276 54 194 120
2277 52 245 118
2278 49 184 114
2279 47 167 113
2280 44 140 109
2281 42 256 107
2282 39 65 103
2283 37 194 101
2284 34 259 98
2285 32 79 96
2286 60 256 128
2287 58 59 125
2288 55 194 122
2289 53 18 119
2290 50 184 116
2291 48 48 114
2292 45 123 110
2293 43 135 108
2294 40 65 105
2295 38 194 103
2296 35 2 99
2297 61 128 128
2298 59 59 127
2299 56 194 124
2300 54 18 121
2301 51 184 118
2302 49 215 115
2303 46 123 112
2304 44 135 110
2305 41 198 106
2306 39 166 104
2307 62 128 130
2308 60 59 129
2309 57 97 124
2310 55 18 123
2311 52 171 119
2312 50 215 117
2313 47 123 114
2314 45 128 111
2315 42 198 108
2316 63 128 132
2317 61 161 129
2318 58 97 126
2319 56 18 125
2320 53 92 120
2321 51 215 119
2322 48 70 115
2323 46 128 113
2324 64 128 134
2325 62 161 131
2326 59 97 128
2327 57 9 125
2328 54 92 122
2329 52 24 120
2330 49 193 116
2331 65 135 135
2332 63 161 133
2333 60 97 130
2334 58 9 127
2335 55 92 124
2336 53 239 121
2337 66 64 136
2338 64 161 135
2339 61 180 130
2340 59 9 129
2341 56 92 126
2342 67 64 138
2343 65 102 136
2344 62 180 132
2345 60 9 131
2346 68 64 140
2347 66 212 137
2348 63 180 134
2349 69 199 141
2350 67 212 139
2351 70 32 142
2352 6 201 75
2353 7 256 75
2354 8 241 75
2355 5 52 76
2356 6 165 76
2357 7 167 76
2358 8 90 76
2359 9 53 76
2360 10 240 76
2361 5 131 77
2362 6 230 77
2363 10 30 77
2364 11 145 77
2365 12 117 77
2366 4 81 78
2367 5 233 78
2368 12 130 78
2369 13 214 78
2370 14 71 78
2371 7 201 77
2372 8 256 77
2373 9 241 77
2374 6 52 78
2375 7 165 78
2376 8 167 78
2377 9 90 78
2378 10 53 78
2379 11 240 78
2380 4 163 79
2381 5 166 79
2382 6 167 79
2383 7 13 79
2384 11 170 79
2385 12 221 79
2386 13 146 79
2387 14 67 79
2388 15 246 79
2389 8 201 79
2390 9 256 79
2391 10 241 79
2392 16 60 79
2393 3 58 80
2394 4 115 80
2395 5 34 80
2396 6 39 80
2397 7 90 80
2398 8 180 80
2399 9 39 80
2400 10 85 80
2401 11 258 80
2402 12 79 80
2403 13 256 80
2404 14 23 80
2405 15 168 80
2406 16 105 80
2407 3 7 81
2408 4 116 81
2409 5 198 81
2410 6 62 81
2411 7 188 81
2412 8 144 81
2413 9 260 81
2414 10 176 81
2415 11 202 81
2416 12 220 81
2417 13 244 81
2418 14 156 81
2419 15 204 81
2420 16 210 81
2421 17 13 81
2422 2 81 82
2423 3 57 82
2424 4 72 82
2425 5 231 82
2426 6 133 82
2427 7 211 82
2428 8 203 82
2429 9 241 82
2430 10 32 82
2431 11 79 82
2432 12 17 82
2433 13 224 82
2434 14 52 82
2435 15 256 82
2436 16 105 82
2437 17 239 82
2438 18 202 82
2439 19 84 82
2440 2 171 83
2441 3 175 83
2442 4 159 83
2443 5 113 83
2444 6 88 83
2445 7 132 83
2446 8 46 83
2447 9 178 83
2448 10 192 83
2449 11 8 83
2450 12 138 83
2451 13 19 83
2452 14 114 83
2453 15 236 83
2454 16 242 83
2455 17 107 83
2456 18 35 83
2457 19 14 83
2458 1 134 84
2459 2 224 84
2460 3 228 84
2461 4 90 84
2462 5 15 84
2463 6 87 84
2464 7 12 84
2465 8 251 84
2466 9 218 84
2467 10 68 84
2468 11 235 84
2469 12 253 84
2470 13 199 84
2471 14 254 84
2472 15 171 84
2473 16 134 84
2474 17 238 84
2475 18 111 84
2476 19 33 84
2477 20 34 84
2478 1 235 85
2479 2 94 85
2480 3 204 85
2481 4 89 85
2482 5 208 85
2483 6 86 85
2484 7 3 85
2485 8 211 85
2486 9 79 85
2487 10 5 85
2488 11 147 85
2489 12 43 85
2490 13 72 85
2491 14 202 85
2492 15 124 85
2493 16 259 85
2494 17 45 85
2495 18 149 85
2496 19 5 85
2497 20 123 85
2498 21 257 85
2499 22 102 85
2500 0 93 86
2501 1 258 86
2502 2 169 86
2503 3 260 86
2504 4 152 86
2505 5 231 86
2506 6 242 86
2507 7 105 86
2508 8 122 86
2509 9 208 86
2510 10 114 86
2511 11 73 86
2512 12 236 86
2513 13 62 86
2514 14 214 86
2515 15 32 86
2516 16 233 86
2517 17 167 86
2518 18 33 86
2519 19 44 86
2520 20 10 86
2521 21 79 86
2522 22 97 86
2523 23 14 86
2524 0 155 87
2525 1 92 87
2526 2 27 87
2527 3 24 87
2528 4 65 87
2529 5 202 87
2530 6 109 87
2531 7 203 87
2532 8 230 87
2533 9 121 87
2534 10 258 87
2535 11 168 87
2536 12 182 87
2537 13 67 87
2538 14 93 87
2539 15 207 87
2540 16 231 87
2541 17 73 87
2542 18 152 87
2543 19 122 87
2544 20 137 87
2545 21 166 87
2546 22 27 87
2547 23 19 87
2548 0 243 88
2549 1 219 88
2550 2 10 88
2551 3 148 88
2552 4 155 88
2553 5 127 88
2554 6 86 88
2555 7 2 88
2556 8 129 88
2557 9 76 88
2558 10 68 88
2559 11 150 88
2560 12 135 88
2561 13 117 88
2562 14 126 88
2563 15 108 88
2564 16 94 88
2565 17 75 88
2566 18 238 88
2567 19 246 88
2568 20 131 88
2569 21 89 88
2570 22 132 88
2571 23 176 88
2572 24 251 88
2573 0 146 89
2574 1 237 89
2575 2 185 89
2576 3 201 89
2577 4 64 89
2578 5 92 89
2579 6 185 89
2580 7 106 89
2581 8 139 89
2582 9 245 89
2583 10 33 89
2584 11 7 89
2585 12 25 89
2586 13 59 89
2587 14 125 89
2588 15 199 89
2589 16 221 89
2590 17 152 89
2591 18 14 89
2592 19 28 89
2593 20 235 89
2594 21 134 89
2595 22 138 89
2596 23 106 89
2597 24 232 89
2598 25 23 89
2599 26 193 89
2600 0 240 90
2601 1 121 90
2602 3 218 90
2603 2 9 90
2604 4 171 90
2605 5 247 90
2606 6 97 90
2607 7 106 90
2608 8 126 90
2609 9 210 90
2610 10 239 90
2611 11 259 90
2612 12 175 90
2613 13 174 90
2614 14 157 90
2615 15 183 90
2616 16 192 90
2617 17 166 90
2618 18 48 90
2619 19 191 90
2620 20 31 90
2621 21 257 90
2622 22 17 90
2623 23 145 90
2624 24 10 90
2625 25 248 90
2626 26 184 90
2627 0 239 91
2628 1 26 91
2629 2 69 91
2630 3 157 91
2631 4 169 91
2632 5 122 91
2633 6 140 91
2634 7 76 91
2635 8 51 91
2636 9 175 91
2637 10 155 91
2638 11 261 91
2639 12 91 91
2640 13 191 91
2641 14 32 91
2642 15 133 91
2643 16 143 91
2644 17 130 91
2645 18 136 91
2646 19 225 91
2647 20 231 91
2648 21 206 91
2649 22 188 91
2650 23 108 91
2651 24 191 91
2652 25 155 91
2653 26 106 91
2654 27 64 91
2655 0 107 92
2656 1 231 92
2657 2 31 92
2658 3 109 92
2659 4 71 92
2660 5 46 92
2661 6 137 92
2662 7 200 92
2663 8 158 92
2664 9 107 92
2665 10 140 92
2666 11 177 92
2667 12 89 92
2668 13 171 92
2669 14 213 92
2670 15 262 92
2671 16 94 92
2672 17 244 92
2673 18 241 92
2674 19 251 92
2675 20 33 92
2676 21 205 92
2677 22 13 92
2678 23 1 92
2679 24 126 92
2680 25 136 92
2681 26 185 92
2682 27 245 92
2683 28 134 92
2684 29 60 92
2685 0 121 93
2686 1 58 93
2687 2 258 93
2688 3 110 93
2689 4 107 93
2690 5 45 93
2691 7 245 93
2692 6 43 93
2693 8 258 93
2694 9 254 93
2695 10 10 93
2696 11 225 93
2697 12 107 93
2698 13 25 93
2699 14 161 93
2700 15 224 93
2701 16 146 93
2702 17 112 93
2703 18 224 93
2704 19 216 93
2705 21 28 93
2706 20 25 93
2707 22 171 93
2708 23 243 93
2709 24 137 93
2710 25 206 93
2711 26 41 93
2712 27 9 93
2713 28 20 93
2714 29 236 93
2715 0 151 94
2716 1 229 94
2717 2 70 94
2718 3 132 94
2719 4 230 94
2720 5 208 94
2721 6 71 94
2722 7 80 94
2723 8 152 94
2724 9 165 94
2725 11 249 94
2726 13 87 94
2727 15 11 94
2728 17 150 94
2729 18 94 94
2730 19 91 94
2731 20 157 94
2732 21 53 94
2733 22 142 94
2734 23 196 94
2735 24 252 94
2736 25 118 94
2737 26 57 94
2738 27 193 94
2739 28 67 94
2740 29 184 94
2741 30 121 94
2742 0 133 95
2743 1 106 95
2744 2 188 95
2745 3 73 95
2746 4 26 95
2747 5 218 95
2748 17 65 95
2749 18 24 95
2750 19 93 95
2751 20 103 95
2752 21 210 95
2753 22 221 95
2754 23 61 95
2755 24 171 95
2756 25 134 95
2757 26 228 95
2758 27 257 95
2759 28 214 95
2760 29 262 95
2761 30 152 95
2762 0 170 96
2763 1 13 96
2764 2 163 96
2765 3 89 96
2766 4 243 96
2767 5 24 96
2768 20 92 96
2769 21 33 96
2770 22 86 96
2771 23 107 96
2772 24 4 96
2773 25 71 96
2774 26 246 96
2775 27 69 96
2776 28 80 96
2777 29 43 96
2778 30 195 96
2779 31 259 96
2780 0 181 97
2781 1 199 97
2782 2 123 97
2783 3 183 97
2784 4 59 97
2785 5 15 97
2786 21 60 97
2787 23 120 97
2788 24 29 97
2789 25 241 97
2790 26 77 97
2791 27 18 97
2792 28 228 97
2793 29 257 97
2794 30 195 97
2795 31 110 97
2796 32 147 97
2797 33 49 97
2798 0 246 98
2799 1 60 98
2800 2 188 98
2801 3 83 98
2802 4 172 98
2803 24 7 98
2804 25 35 98
2805 26 21 98
2806 27 158 98
2807 30 35 98
2808 28 95 98
2809 29 39 98
2810 31 175 98
2811 32 236 98
2812 33 96 98
2813 0 165 99
2814 1 11 99
2815 2 95 99
2816 3 53 99
2817 4 132 99
2818 25 137 99
2819 27 202 99
2820 31 149 99
2821 28 53 99
2822 32 244 99
2823 30 114 99
2824 29 109 99
2825 33 11 99
2826 34 255 99
2827 0 242 100
2828 1 227 100
2829 2 33 100
2830 3 148 100
2831 4 256 100
2832 27 109 100
2833 28 44 100
2834 32 38 100
2835 31 57 100
2836 33 243 100
2837 34 11 100
2838 30 206 100
2839 35 27 100
2840 0 168 101
2841 29 57 100
2842 1 117 101
2843 2 252 101
2844 3 40 101
2845 30 68 101
2846 34 225 101
2847 31 27 101
2848 32 244 101
2849 33 38 101
2850 35 191 101
2851 36 66 101
2852 0 244 102
2853 1 211 102
2854 2 157 102
2855 3 165 102
2856 31 159 102
2857 32 134 102
2858 35 188 102
2859 34 19 102
2860 33 141 102
2861 36 233 102
2862 37 261 102
2863 0 167 103
2864 1 194 103
2865 2 34 103
2866 3 3 103
2867 31 138 103
2868 32 66 103
2869 36 75 103
2870 35 169 103
2871 34 122 103
2872 37 94 103
2873 0 170 104
2874 33 141 103
2875 1 30 104
2876 38 169 104
2877 2 153 104
2878 34 93 104
2879 37 94 104
2880 36 94 104
2881 35 47 104
2882 0 173 105
2883 1 179 105
2884 2 55 105
2885 39 119 105
2886 38 47 105
2887 35 15 105
2888 0 113 106
2889 37 216 105
2890 36 216 105
2891 1 262 106
2892 2 220 106
2893 40 144 106
2894 39 72 106
2895 38 108 106
2896 0 209 107
2897 1 229 107
2898 37 155 106
2899 38 260 107
2900 41 191 107
2901 40 191 107
2902 39 227 107
2903 0 27 108
2904 1 202 108
2905 39 167 108
2906 0 32 109
2907 41 36 108
2908 40 36 108
2909 1 139 109
2910 42 18 109
2911 43 239 109
2912 0 173 110
2913 41 245 109
2914 42 106 110
2915 0 2 111
2916 43 12 110
2917 44 6 111
2918 0 132 112
2919 45 260 112
2920 46 207 114
2921 44 180 112
2922 42 154 111
2923 40 31 109
2924 38 234 108
2925 36 112 106
2926 34 14 105
2927 32 45 104
2928 30 93 102
2929 28 205 101
2930 26 73 99
2931 24 179 99
2932 22 142 97
2933 20 96 97
2934 18 8 96
2935 16 262 94
2936 14 66 94
2937 12 82 94
2938 10 111 94
2939 6 38 95
2940 7 206 95
2941 8 179 95
2942 9 192 95
2943 10 130 95
2944 47 56 115
2945 45 173 113
2946 43 139 111
2947 41 116 110
2948 39 185 109
2949 37 207 107
2950 35 83 106
2951 33 154 104
2952 31 93 104
2953 29 234 101
2954 27 73 101
2955 25 42 100
2956 23 128 98
2957 21 231 98
2958 19 4 96
2959 17 262 96
2960 15 197 95
2961 13 148 95
2962 11 226 95
2963 12 262 95
2964 14 59 95
2965 16 262 95
2966 6 141 96
2967 48 69 116
2968 46 173 115
2969 44 139 113
2970 42 116 112
2971 40 78 110
2972 38 207 109
2973 36 180 107
2974 34 154 106
2975 32 232 105
2976 30 234 103
2977 28 151 102
2978 26 14 100
2979 24 128 100
2980 22 247 98
2981 20 4 98
2982 18 88 97
2983 7 3 96
2984 8 50 96
2985 9 131 96
2986 10 80 96
2987 11 179 96
2988 12 132 96
2989 49 97 117
2990 47 90 116
2991 45 62 114
2992 43 214 112
2993 41 224 111
2994 39 194 110
2995 37 173 108
2996 35 124 107
2997 33 116 105
2998 31 234 105
2999 29 207 102
3000 27 14 102
3001 25 199 101
3002 23 93 99
3003 21 174 99
3004 19 44 97
3005 17 252 97
3006 15 63 96
3007 13 50 96
3008 14 215 96
3009 16 57 96
3010 50 166 118
3011 48 233 117
3012 46 62 116
3013 44 214 114
3014 42 224 113
3015 40 69 111
3016 38 173 110
3017 36 139 108
3018 34 116 107
3019 32 185 106
3020 30 207 104
3021 28 83 103
3022 26 154 101
3023 24 93 101
3024 22 87 99
3025 20 44 99
3026 18 179 98
3027 6 2 97
3028 7 73 97
3029 8 71 97
3030 51 166 120
3031 49 15 118
3032 47 201 117
3033 45 156 115
3034 43 250 113
3035 41 97 112
3036 39 30 111
3037 37 62 109
3038 35 49 108
3039 33 224 106
3040 31 207 106
3041 29 173 103
3042 27 154 103
3043 25 85 102
3044 23 234 100
3045 21 73 100
3046 19 221 98
3047 17 142 98
3048 15 167 97
3049 52 120 121
3050 50 248 119
3051 48 196 118
3052 46 156 117
3053 44 250 115
3054 42 97 114
3055 40 233 112
3056 38 62 111
3057 36 214 109
3058 34 224 108
3059 32 194 107
3060 30 173 105
3061 28 124 104
3062 26 116 102
3063 24 234 102
3064 22 168 100
3065 20 221 100
3066 18 128 99
3067 53 203 122
3068 51 248 121
3069 49 165 119
3070 47 107 118
3071 45 138 116
3072 43 120 114
3073 41 15 113
3074 39 67 112
3075 37 156 110
3076 35 13 109
3077 33 97 107
3078 31 173 107
3079 29 62 104
3080 27 116 104
3081 25 146 103
3082 23 207 101
3083 21 14 101
3084 54 60 123
3085 52 5 122
3086 50 98 120
3087 48 52 119
3088 46 138 118
3089 44 120 116
3090 42 15 115
3091 40 196 113
3092 38 156 112
3093 36 250 110
3094 34 97 109
3095 32 30 108
3096 30 62 106
3097 28 49 105
3098 26 224 103
3099 24 207 103
3100 55 60 125
3101 53 129 123
3102 51 98 122
3103 49 237 120
3104 47 125 119
3105 45 203 117
3106 43 5 115
3107 41 165 114
3108 39 211 113
3109 37 138 111
3110 35 143 110
3111 33 15 108
3112 31 62 108
3113 29 156 105
3114 27 224 105
3115 57 126 126
3116 54 134 124
3117 52 55 123
3118 50 26 121
3119 48 46 120
3120 46 203 119
3121 44 5 117
3122 42 165 116
3123 40 52 114
3124 38 138 113
3125 36 120 111
3126 34 15 110
3127 32 67 109
3128 30 156 107
3129 56 130 127
3130 55 134 126
3131 53 104 124
3132 51 26 123
3133 49 240 121
3134 47 60 120
3135 45 129 118
3136 43 55 116
3137 41 237 115
3138 39 217 114
3139 37 203 112
3140 35 258 111
3141 33 165 109
3142 58 253 128
3143 57 119 127
3144 54 159 125
3145 52 79 124
3146 50 23 122
3147 48 243 121
3148 46 129 120
3149 44 55 118
3150 42 237 117
3151 40 46 115
3152 38 203 114
3153 36 5 112
3154 59 253 130
3155 56 241 128
3156 55 159 127
3157 53 92 125
3158 51 23 124
3159 49 10 122
3160 47 134 121
3161 45 104 119
3162 43 79 117
3163 41 240 116
3164 39 20 115
3165 61 40 131
3166 58 153 129
3167 57 259 128
3168 54 171 126
3169 52 80 125
3170 50 253 123
3171 48 43 122
3172 46 104 121
3173 44 79 119
3174 42 240 118
3175 60 110 132
3176 59 153 131
3177 56 163 129
3178 55 171 128
3179 53 223 126
3180 51 253 125
3181 49 110 123
3182 47 159 122
3183 45 92 120
3184 62 177 133
3185 61 169 132
3186 58 105 130
3187 57 241 129
3188 54 40 127
3189 52 91 126
3190 50 153 124
3191 48 210 123
3192 63 177 135
3193 60 83 133
3194 59 105 132
3195 56 167 130
3196 55 40 129
3197 53 86 127
3198 51 153 126
3199 64 86 136
3200 62 106 134
3201 61 193 133
3202 58 103 131
3203 56 40 131
3204 54 177 128
3205 65 220 137
3206 63 106 136
3207 60 171 134
3208 59 103 133
3209 57 81 130
3210 66 102 138
3211 64 157 137
3212 62 114 135
3213 61 103 134
3214 67 102 140
3215 65 53 138
3216 63 114 137
3217 68 161 141
3218 66 70 139
3219 69 51 142
3220 9 38 97
3221 10 71 97
3222 11 145 97
3223 12 242 97
3224 13 47 97
3225 14 240 97
3226 16 258 97
3227 5 32 98
3228 6 19 98
3229 7 188 98
3230 8 244 98
3231 9 67 98
3232 10 152 98
3233 13 4 98
3234 5 134 99
3235 5 134 100
3236 4 199 101
3237 5 246 101
3238 4 196 102
3239 4 196 103
3240 3 156 104
3241 4 258 104
3242 3 165 105
3243 3 165 106
3244 2 123 107
3245 11 81 98
3246 12 149 98
3247 14 185 98
3248 15 7 98
3249 16 127 98
3250 6 84 99
3251 7 26 99
3252 8 105 99
3253 9 22 99
3254 10 193 99
3255 11 11 99
3256 12 23 99
3257 13 234 99
3258 14 66 99
3259 15 52 99
3260 17 165 99
3261 19 205 99
3262 6 159 100
3263 6 159 101
3264 5 195 102
3265 6 168 102
3266 5 52 103
3267 5 52 104
3268 16 70 99
3269 7 92 100
3270 8 2 100
3271 9 174 100
3272 10 207 100
3273 11 258 100
3274 12 143 100
3275 13 57 100
3276 14 81 100
3277 15 43 100
3278 16 143 100
3279 17 35 100
3280 18 33 100
3281 19 189 100
3282 7 3 101
3283 8 218 101
3284 9 174 101
3285 10 244 101
3286 11 184 101
3287 18 227 101
3288 22 25 101
3289 12 148 101
3290 13 186 101
3291 14 2 101
3292 15 171 101
3293 16 130 101
3294 17 159 101
3295 19 180 101
3296 20 140 101
3297 7 255 102
3298 8 68 102
3299 9 43 102
3300 10 208 102
3301 11 220 102
3302 12 172 102
3303 13 57 102
3304 14 47 102
3305 15 156 102
3306 16 145 102
3307 17 23 102
3308 18 103 102
3309 19 90 102
3310 20 50 102
3311 21 56 102
3312 22 91 102
3313 23 99 102
3314 6 6 103
3315 7 192 103
3316 8 35 103
3317 9 216 103
3318 10 81 103
3319 11 30 103
3320 12 216 103
3321 13 198 103
3322 14 154 103
3323 15 125 103
3324 16 83 103
3325 17 55 103
3326 18 84 103
3327 19 57 103
3328 20 258 103
3329 21 259 103
3330 22 243 103
3331 23 147 103
3332 6 162 104
3333 7 188 104
3334 8 237 104
3335 9 53 104
3336 10 244 104
3337 11 59 104
3338 12 15 104
3339 13 216 104
3340 14 199 104
3341 15 141 104
3342 16 45 104
3343 17 61 104
3344 18 262 104
3345 19 184 104
3346 20 124 104
3347 21 235 104
3348 22 196 104
3349 23 100 104
3350 25 139 104
3351 24 120 104
3352 26 120 104
3353 4 164 105
3354 5 178 105
3355 6 194 105
3356 7 144 105
3357 8 184 105
3358 9 211 105
3359 10 11 105
3360 11 177 105
3361 12 37 105
3362 13 163 105
3363 14 193 105
3364 15 204 105
3365 16 38 105
3366 17 251 105
3367 18 180 105
3368 19 16 105
3369 20 246 105
3370 21 109 105
3371 22 51 105
3372 23 174 105
3373 24 91 105
3374 25 185 105
3375 26 210 105
3376 4 100 106
3377 5 248 106
3378 6 251 106
3379 7 249 106
3380 8 88 106
3381 9 247 106
3382 10 180 106
3383 11 160 106
3384 12 223 106
3385 13 131 106
3386 14 224 106
3387 15 218 106
3388 16 223 106
3389 17 145 106
3390 18 22 106
3391 19 8 106
3392 20 26 106
3393 21 36 106
3394 22 236 106
3395 23 175 106
3396 24 10 106
3397 25 119 106
3398 26 7 106
3399 27 232 106
3400 28 83 106
3401 29 210 106
3402 3 24 107
3403 4 138 107
3404 5 16 107
3405 6 38 107
3406 7 260 107
3407 8 77 107
3408 9 184 107
3409 10 55 107
3410 11 96 107
3411 12 182 107
3412 13 64 107
3413 14 31 107
3414 15 52 107
3415 16 44 107
3416 17 151 107
3417 18 123 107
3418 19 175 107
3419 20 51 107
3420 21 171 107
3421 22 189 107
3422 23 36 107
3423 24 19 107
3424 25 227 107
3425 26 231 107
3426 27 213 107
3427 28 25 107
3428 29 15 107
3429 2 184 108
3430 3 185 108
3431 4 128 108
3432 5 122 108
3433 6 181 108
3434 7 28 108
3435 8 82 108
3436 9 96 108
3437 10 153 108
3438 11 207 108
3439 12 209 108
3440 13 37 108
3441 14 150 108
3442 15 158 108
3443 16 38 108
3444 17 228 108
3445 18 210 108
3446 19 86 108
3447 20 150 108
3448 21 82 108
3449 22 87 108
3450 23 101 108
3451 24 201 108
3452 25 74 108
3453 26 187 108
3454 27 33 108
3455 28 261 108
3456 29 82 108
3457 30 197 108
3458 2 197 109
3459 3 246 109
3460 4 125 109
3461 5 250 109
3462 6 228 109
3463 7 229 109
3464 8 38 109
3465 9 208 109
3466 10 140 109
3467 11 254 109
3468 12 52 109
3469 13 23 109
3470 14 175 109
3471 15 111 109
3472 16 19 109
3473 17 80 109
3474 18 3 109
3475 19 37 109
3476 20 2 109
3477 21 6 109
3478 22 180 109
3479 23 157 109
3480 24 247 109
3481 25 202 109
3482 26 215 109
3483 27 99 109
3484 28 31 109
3485 29 46 109
3486 30 1 109
3487 31 172 109
3488 1 190 110
3489 2 162 110
3490 3 50 110
3491 4 257 110
3492 5 65 110
3493 6 232 110
3494 7 102 110
3495 8 44 110
3496 9 91 110
3497 10 7 110
3498 11 187 110
3499 12 71 110
3500 13 183 110
3501 14 78 110
3502 15 114 110
3503 16 195 110
3504 17 26 110
3505 18 33 110
3506 19 150 110
3507 20 39 110
3508 21 66 110
3509 22 126 110
3510 23 65 110
3511 24 192 110
3512 25 49 110
3513 26 185 110
3514 27 163 110
3515 28 26 110
3516 29 76 110
3517 30 128 110
3518 31 17 110
3519 32 192 110
3520 33 106 110
3521 1 258 111
3522 2 47 111
3523 3 125 111
3524 4 164 111
3525 5 223 111
3526 6 182 111
3527 7 41 111
3528 8 191 111
3529 9 185 111
3530 10 215 111
3531 11 206 111
3532 12 100 111
3533 13 77 111
3534 14 200 111
3535 15 233 111
3536 17 49 111
3537 16 61 111
3538 18 208 111
3539 19 4 111
3540 20 97 111
3541 21 234 111
3542 22 251 111
3543 23 94 111
3544 24 54 111
3545 25 37 111
3546 26 88 111
3547 27 95 111
3548 28 257 111
3549 29 19 111
3550 30 243 111
3551 31 47 111
3552 32 139 111
3553 33 81 111
3554 34 152 111
3555 1 242 112
3556 2 102 112
3557 3 253 112
3558 4 257 112
3559 5 66 112
3560 6 41 112
3561 7 60 112
3562 8 195 112
3563 9 88 112
3564 10 245 112
3565 11 219 112
3566 12 145 112
3567 14 211 112
3568 13 56 112
3569 15 244 112
3570 16 143 112
3571 17 137 112
3572 18 47 112
3573 19 213 112
3574 20 156 112
3575 21 55 112
3576 22 255 112
3577 23 179 112
3578 24 20 112
3579 25 119 112
3580 26 125 112
3581 27 57 112
3582 28 244 112
3583 29 50 112
3584 30 69 112
3585 31 63 112
3586 32 251 112
3587 33 112 112
3588 34 8 112
3589 35 225 112
3590 0 4 113
3591 1 36 113
3592 2 188 113
3593 3 64 113
3594 4 5 113
3595 5 115 113
3596 6 254 113
3597 7 43 113
3598 8 258 113
3599 9 47 113
3600 10 204 113
3601 11 104 113
3602 12 191 113
3603 13 75 113
3604 14 112 113
3605 15 74 113
3606 16 250 113
3607 17 103 113
3608 18 21 113
3609 19 30 113
3610 20 219 113
3611 21 237 113
3612 22 47 113
3613 23 156 113
3614 24 81 113
3615 25 238 113
3616 26 50 113
3617 27 135 113
3618 28 244 113
3619 30 153 113
3620 29 61 113
3621 31 222 113
3622 32 23 113
3623 33 132 113
3624 34 175 113
3625 35 108 113
3626 36 50 113
3627 37 12 113
3628 0 6 114
3629 1 153 114
3630 2 245 114
3631 3 21 114
3632 4 37 114
3633 5 23 114
3634 6 111 114
3635 8 6 114
3636 7 168 114
3637 9 169 114
3638 10 231 114
3639 11 198 114
3640 12 195 114
3641 13 188 114
3642 14 235 114
3643 15 69 114
3644 16 24 114
3645 17 81 114
3646 18 250 114
3647 19 89 114
3648 20 69 114
3649 21 71 114
3650 22 160 114
3651 23 98 114
3652 24 203 114
3653 25 228 114
3654 26 228 114
3655 27 224 114
3656 28 201 114
3657 29 261 114
3658 30 67 114
3659 31 94 114
3660 32 95 114
3661 33 163 114
3662 34 257 114
3663 35 233 114
3664 36 56 114
3665 37 78 114
3666 0 251 115
3667 1 245 115
3668 2 17 115
3669 3 230 115
3670 4 77 115
3671 5 50 115
3672 6 98 115
3673 7 57 115
3674 8 214 115
3675 9 199 115
3676 10 230 115
3677 11 29 115
3678 12 230 115
3679 13 178 115
3680 14 79 115
3681 15 222 115
3682 16 76 115
3683 17 152 115
3684 18 7 115
3685 19 86 115
3686 20 58 115
3687 21 1 115
3688 22 231 115
3689 23 202 115
3690 24 235 115
3691 25 199 115
3692 26 10 115
3693 27 197 115
3694 28 249 115
3695 29 85 115
3696 30 15 115
3697 31 156 115
3698 32 34 115
3699 33 8 115
3700 34 108 115
3701 35 34 115
3702 36 16 115
3703 37 131 115
3704 38 144 115
3705 0 13 116
3706 1 118 116
3707 2 6 116
3708 3 160 116
3709 4 119 116
3710 5 69 116
3711 6 209 116
3712 7 251 116
3713 8 174 116
3714 9 153 116
3715 10 235 116
3716 11 249 116
3717 12 62 116
3718 13 177 116
3719 14 257 116
3720 15 201 116
3721 16 173 116
3722 17 190 116
3723 18 93 116
3724 19 4 116
3725 20 200 116
3726 21 154 116
3727 22 65 116
3728 23 223 116
3729 24 151 116
3730 25 214 116
3731 26 68 116
3732 27 84 116
3733 28 141 116
3734 29 26 116
3735 30 212 116
3736 31 17 116
3737 32 73 116
3738 33 243 116
3739 34 95 116
3740 39 38 116
3741 35 127 116
3742 36 73 116
3743 37 234 116
3744 38 19 116
3745 40 227 116
3746 0 165 117
3747 1 27 117
3748 2 70 117
3749 3 37 117
3750 4 251 117
3751 5 153 117
3752 6 129 117
3753 7 63 117
3754 8 69 117
3755 9 56 117
3756 10 1 117
3757 11 180 117
3758 12 200 117
3759 13 99 117
3760 14 9 117
3761 15 257 117
3762 16 1 117
3763 17 125 117
3764 18 116 117
3765 19 217 117
3766 20 216 117
3767 21 178 117
3768 22 196 117
3769 23 245 117
3770 24 193 117
3771 25 192 117
3772 26 54 117
3773 27 90 117
3774 28 119 117
3775 29 24 117
3776 30 126 117
3777 31 121 117
3778 32 226 117
3779 33 188 117
3780 34 182 117
3781 35 54 117
3782 36 143 117
3783 37 17 117
3784 38 218 117
3785 39 143 117
3786 40 138 117
3787 41 59 117
3788 0 103 118
3789 1 170 118
3790 2 209 118
3791 3 202 118
3792 4 150 118
3793 5 13 118
3794 6 243 118
3795 7 108 118
3796 8 22 118
3797 9 66 118
3798 10 95 118
3799 11 109 118
3800 12 19 118
3801 13 212 118
3802 14 90 118
3803 15 246 118
3804 16 158 118
3805 17 48 118
3806 18 241 118
3807 19 213 118
3808 20 172 118
3809 21 12 118
3810 22 202 118
3811 23 234 118
3812 24 163 118
3813 25 225 118
3814 26 196 118
3815 27 256 118
3816 28 195 118
3817 29 247 118
3818 30 187 118
3819 31 107 118
3820 32 240 118
3821 33 7 118
3822 34 99 118
3823 35 208 118
3824 36 185 118
3825 37 71 118
3826 38 125 118
3827 39 239 118
3828 40 17 118
3829 41 62 118
3830 43 195 118
3831 0 224 119
3832 1 193 119
3833 2 144 119
3834 3 135 119
3835 4 222 119
3836 5 49 119
3837 6 179 119
3838 7 74 119
3839 8 45 119
3840 9 14 119
3841 10 216 119
3842 11 174 119
3843 12 232 119
3844 13 250 119
3845 14 178 119
3846 15 122 119
3847 16 15 119
3848 17 8 119
3849 18 252 119
3850 19 36 119
3851 20 38 119
3852 21 241 119
3853 22 242 119
3854 23 214 119
3855 24 221 119
3856 25 82 119
3857 26 179 119
3858 27 175 119
3859 28 71 119
3860 29 4 119
3861 30 162 119
3862 31 11 119
3863 32 113 119
3864 33 174 119
3865 34 110 119
3866 35 229 119
3867 36 59 119
3868 37 164 119
3869 38 195 119
3870 39 36 119
3871 40 128 119
3872 41 142 119
3873 42 242 119
3874 43 4 119
3875 0 214 120
3876 1 242 120
3877 2 77 120
3878 3 121 120
3879 4 8 120
3880 5 15 120
3881 6 15 120
3882 7 119 120
3883 8 1 120
3884 9 105 120
3885 10 37 120
3886 11 64 120
3887 12 188 120
3888 13 15 120
3889 14 193 120
3890 15 206 120
3891 16 32 120
3892 17 95 120
3893 18 131 120
3894 19 76 120
3895 20 200 120
3896 21 8 120
3897 22 216 120
3898 23 215 120
3899 24 84 120
3900 25 185 120
3901 26 41 120
3902 27 160 120
3903 28 21 120
3904 29 9 120
3905 30 183 120
3906 31 153 120
3907 32 236 120
3908 33 122 120
3909 34 105 120
3910 44 209 120
3911 35 208 120
3912 36 101 120
3913 42 116 120
3914 37 149 120
3915 39 8 120
3916 38 197 120
3917 40 76 120
3918 41 67 120
3919 43 160 120
3920 0 247 121
3921 1 136 121
3922 2 63 121
3923 3 51 121
3924 4 130 121
3925 5 203 121
3926 6 247 121
3927 7 119 121
3928 8 73 121
3929 9 27 121
3930 10 78 121
3931 11 17 121
3932 12 87 121
3933 13 72 121
3934 14 30 121
3935 15 258 121
3936 16 262 121
3937 17 126 121
3938 18 59 121
3939 19 151 121
3940 20 135 121
3941 45 18 121
3942 21 143 121
3943 22 21 121
3944 42 243 121
3945 23 28 121
3946 24 146 121
3947 25 48 121
3948 39 85 121
3949 38 201 121
3950 26 103 121
3951 27 165 121
3952 28 208 121
3953 29 152 121
3954 30 134 121
3955 31 163 121
3956 32 204 121
3957 33 242 121
3958 34 175 121
3959 35 175 121
3960 36 45 121
3961 37 52 121
3962 40 199 121
3963 41 220 121
3964 43 44 121
3965 44 72 121
3966 0 177 122
3967 1 83 122
3968 2 229 122
3969 3 159 122
3970 4 210 122
3971 46 245 122
3972 5 25 122
3973 6 184 122
3974 44 257 122
3975 7 219 122
3976 8 14 122
3977 9 107 122
3978 10 151 122
3979 39 147 122
3980 11 207 122
3981 12 64 122
3982 13 52 122
3983 14 248 122
3984 16 166 122
3985 15 101 122
3986 17 259 122
3987 32 195 122
3988 18 228 122
3989 19 256 122
3990 30 262 122
3991 20 255 122
3992 21 85 122
3993 22 261 122
3994 24 151 122
3995 25 98 122
3996 23 187 122
3997 26 165 122
3998 27 23 122
3999 28 108 122
4000 47 9 123
4001 45 133 122
4002 0 28 123
4003 45 2 123
4004 42 241 122
4005 43 139 122
4006 1 45 123
4007 41 205 122
4008 40 205 122
4009 38 214 122
4010 2 232 123
4011 38 110 123
4012 36 159 122
4013 35 106 122
4014 37 135 122
4015 34 229 122
4016 33 164 122
4017 31 198 122
4018 3 30 123
4019 4 203 123
4020 29 195 122
4021 5 6 123
4022 6 173 123
4023 7 43 123
4024 8 122 123
4025 24 156 123
4026 9 146 123
4027 25 244 123
4028 48 195 124
4029 46 130 123
4030 0 7 124
4031 46 261 124
4032 44 131 123
4033 42 189 123
4034 1 77 124
4035 43 144 123
4036 41 107 123
4037 39 78 123
4038 40 107 123
4039 2 35 124
4040 31 31 123
4041 36 210 123
4042 37 246 123
4043 35 140 123
4044 34 99 123
4045 32 82 123
4046 33 33 123
4047 3 86 124
4048 30 241 123
4049 27 41 123
4050 4 120 124
4051 28 73 123
4052 29 29 123
4053 26 164 123
4054 5 147 124
4055 49 65 124
4056 47 198 124
4057 0 199 125
4058 47 1 125
4059 45 44 124
4060 44 44 124
4061 1 85 125
4062 42 223 124
4063 43 25 124
4064 39 2 124
4065 41 52 124
4066 40 52 124
4067 38 53 124
4068 6 29 124
4069 2 214 125
4070 36 193 124
4071 35 41 124
4072 32 119 124
4073 34 230 124
4074 33 252 124
4075 31 22 124
4076 30 95 124
4077 37 43 124
4078 27 194 124
4079 28 151 124
4080 24 177 124
4081 50 99 125
4082 48 82 125
4083 49 66 125
4084 0 31 126
4085 46 219 125
4086 45 73 125
4087 1 87 126
4088 44 73 125
4089 42 27 125
4090 3 96 125
4091 43 81 125
4092 41 158 125
4093 39 184 125
4094 38 70 125
4095 40 65 125
4096 4 111 125
4097 36 111 125
4098 5 239 125
4099 35 74 125
4100 34 11 125
4101 32 126 125
4102 31 168 125
4103 33 17 125
4104 30 56 125
4105 29 69 124
4106 51 99 127
4107 48 246 126
4108 50 230 126
4109 49 241 126
4110 47 22 126
4111 46 190 126
4112 0 246 127
4113 45 151 126
4114 44 151 126
4115 2 42 126
4116 42 186 126
4117 43 98 126
4118 3 245 126
4119 39 114 126
4120 40 35 126
4121 38 152 126
4122 37 37 125
4123 4 85 126
4124 36 226 126
4125 35 63 126
4126 5 114 126
4127 32 221 126
4128 33 28 126
4129 31 207 126
4130 52 222 127
4131 1 49 127
4132 0 262 128
4133 50 11 127
4134 48 126 127
4135 47 168 127
4136 49 171 127
4137 46 112 127
4138 45 125 127
4139 2 142 127
4140 44 125 127
4141 42 162 127
4142 41 57 126
4143 3 247 127
4144 41 76 127
4145 39 225 127
4146 38 37 127
4147 4 87 127
4148 37 163 126
4149 36 100 127
4150 34 242 126
4151 5 168 127
4152 34 235 127
4153 53 189 128
4154 51 74 128
4155 52 189 128
4156 0 230 129
4157 1 35 128
4158 48 221 128
4159 49 56 128
4160 47 207 128
4161 46 138 128
4162 2 167 128
4163 45 46 128
4164 44 46 128
4165 43 69 127
4166 3 259 128
4167 42 163 128
4168 40 244 127
4169 39 188 128
4170 4 219 128
4171 38 163 128
4172 37 121 127
4173 35 71 127
4174 5 42 128
4175 54 37 129
4176 51 126 129
4177 53 200 129
4178 52 200 129
4179 50 242 128
4180 1 213 129
4181 50 235 129
4182 48 14 129
4183 47 194 129
4184 2 239 129
4185 46 217 129
4186 45 160 129
4187 43 113 128
4188 3 262 129
4189 42 30 129
4190 41 94 128
4191 40 94 128
4192 4 252 129
4193 39 25 129
4194 38 121 129
4195 36 96 128
4196 55 226 130
4197 0 226 130
4198 54 163 130
4199 53 21 130
4200 51 242 130
4201 1 119 130
4202 52 212 130
4203 49 180 129
4204 48 83 130
4205 2 257 130
4206 47 23 130
4207 46 103 130
4208 44 223 129
4209 3 197 130
4210 44 122 130
4211 43 169 129
4212 41 144 129
4213 4 63 130
4214 40 144 129
4215 39 167 130
4216 57 206 131
4217 0 188 131
4218 55 100 131
4219 54 121 131
4220 1 185 131
4221 51 7 131
4222 52 256 131
4223 50 173 130
4224 49 203 130
4225 2 130 131
4226 48 60 131
4227 47 80 131
4228 45 101 130
4229 3 115 131
4230 45 47 131
4231 42 54 130
4232 43 173 130
4233 4 213 131
4234 41 215 130
4235 56 128 132
4236 0 47 132
4237 57 92 132
4238 55 142 132
4239 53 199 131
4240 1 254 132
4241 53 90 132
4242 51 173 132
4243 50 30 131
4244 2 164 132
4245 49 20 131
4246 48 243 132
4247 46 162 131
4248 3 226 132
4249 46 216 132
4250 44 54 131
4251 42 129 131
4252 4 119 132
4253 58 119 132
4254 0 209 133
4255 56 258 133
4256 57 9 133
4257 54 32 132
4258 1 195 133
4259 54 218 133
4260 52 109 132
4261 51 30 133
4262 2 41 133
4263 50 253 132
4264 49 81 132
4265 47 182 132
4266 3 188 133
4267 47 155 133
4268 45 245 132
4269 44 245 132
4270 59 119 134
4271 0 118 134
4272 58 48 133
4273 56 69 134
4274 55 231 133
4275 1 246 134
4276 55 45 134
4277 53 139 133
4278 52 139 133
4279 2 76 134
4280 51 253 134
4281 50 91 133
4282 48 86 133
4283 49 236 133
4284 3 66 134
4285 46 18 133
4286 60 246 135
4287 0 161 135
4288 59 48 135
4289 58 247 134
4290 57 101 134
4291 1 193 135
4292 56 167 135
4293 54 62 134
4294 53 129 134
4295 2 19 135
4296 52 129 134
4297 51 91 135
4298 48 46 134
4299 50 145 134
4300 49 9 134
4301 61 42 135
4302 0 106 136
4303 60 195 136
4304 59 247 136
4305 57 16 135
4306 58 93 135
4307 1 190 136
4308 55 201 135
4309 54 67 135
4310 2 202 136
4311 53 220 135
4312 52 220 135
4313 3 118 135
4314 3 118 136
4315 62 257 136
4316 0 158 137
4317 61 45 136
4318 60 196 137
4319 56 217 136
4320 1 160 137
4321 58 232 136
4322 56 201 137
4323 55 196 136
4324 57 239 136
4325 54 153 136
4326 53 102 136
4327 51 161 136
4328 63 257 138
4329 0 171 138
4330 62 2 137
4331 61 9 137
4332 59 174 137
4333 1 40 138
4334 59 232 138
4335 2 131 137
4336 57 156 137
4337 58 22 137
4338 55 110 137
4339 54 212 137
4340 64 260 138
4341 0 240 139
4342 63 2 139
4343 62 87 138
4344 60 89 138
4345 61 29 138
4346 1 38 139
4347 2 227 138
4348 56 153 138
4349 58 55 138
4350 57 2 138
4351 65 1 139
4352 0 60 140
4353 64 1 139
4354 63 87 140
4355 60 176 139
4356 62 234 139
4357 61 14 139
4358 59 107 139
4359 2 159 139
4360 1 157 140
4361 66 197 140
4362 0 15 141
4363 65 175 140
4364 64 175 140
4365 2 116 140
4366 1 165 141
4367 62 185 140
4368 60 91 140
4369 59 52 140
4370 67 66 141
4371 0 201 142
4372 66 22 141
4373 65 117 141
4374 63 73 141
4375 64 117 141
4376 1 33 142
4377 61 199 140
4378 68 230 142
4379 0 116 143
4380 67 241 142
4381 66 168 142
4382 63 123 142
4383 65 224 142
4384 64 224 142
4385 69 11 143
4386 70 252 143
4387 68 11 143
4388 67 95 143
4389 1 56 143
4390 66 207 143
4391 0 73 144
4392 71 137 144
4393 69 84 144
4394 68 84 144
4395 1 14 144
4396 0 84 145
4397 0 84 146
4398 70 21 144
4399 69 235 145
4400 72 163 146
4401 0 21 147
4402 71 121 145
4403 73 121 147
4404 0 71 148
4405 74 121 149
4406 10 254 123
4407 11 121 123
4408 12 169 123
4409 13 252 123
4410 14 131 123
4411 15 124 123
4412 16 67 123
4413 17 145 123
4414 18 43 123
4415 19 218 123
4416 20 183 123
4417 21 47 123
4418 22 54 123
4419 23 25 123
4420 7 37 124
4421 8 123 124
4422 9 170 124
4423 10 208 124
4424 11 155 124
4425 12 49 124
4426 13 193 124
4427 14 254 124
4428 15 154 124
4429 16 135 124
4430 17 59 124
4431 18 137 124
4432 19 54 124
4433 20 187 124
4434 21 226 124
4435 22 43 124
4436 23 201 124
4437 25 74 124
4438 26 189 124
4439 6 141 125
4440 7 79 125
4441 8 223 125
4442 9 249 125
4443 10 161 125
4444 11 22 125
4445 12 108 125
4446 13 96 125
4447 14 25 125
4448 15 3 125
4449 16 124 125
4450 17 149 125
4451 18 120 125
4452 19 77 125
4453 20 3 125
4454 21 137 125
4455 22 224 125
4456 23 29 125
4457 24 114 125
4458 25 123 125
4459 26 1 125
4460 27 260 125
4461 28 51 125
4462 29 28 125
4463 6 132 126
4464 7 72 126
4465 8 194 126
4466 9 127 126
4467 10 188 126
4468 11 167 126
4469 12 216 126
4470 13 228 126
4471 14 246 126
4472 15 94 126
4473 16 250 126
4474 17 16 126
4475 18 9 126
4476 19 237 126
4477 20 193 126
4478 21 71 126
4479 22 179 126
4480 23 247 126
4481 24 163 126
4482 25 101 126
4483 26 242 126
4484 27 121 126
4485 28 114 126
4486 29 206 126
4487 30 259 126
4488 6 145 127
4489 7 94 127
4490 8 134 127
4491 9 235 127
4492 10 58 127
4493 11 64 127
4494 12 47 127
4495 13 12 127
4496 14 69 127
4497 15 91 127
4498 16 123 127
4499 17 46 127
4500 18 76 127
4501 19 215 127
4502 20 182 127
4503 21 200 127
4504 22 105 127
4505 23 106 127
4506 24 187 127
4507 25 155 127
4508 26 76 127
4509 27 109 127
4510 28 143 127
4511 29 71 127
4512 30 62 127
4513 31 125 127
4514 32 213 127
4515 33 130 127
4516 6 78 128
4517 7 110 128
4518 8 233 128
4519 9 223 128
4520 10 141 128
4521 11 259 128
4522 12 59 128
4523 13 195 128
4524 14 68 128
4525 15 118 128
4526 16 130 128
4527 17 204 128
4528 18 47 128
4529 19 162 128
4530 20 71 128
4531 21 103 128
4532 22 171 128
4533 23 91 128
4534 24 99 128
4535 25 110 128
4536 26 59 128
4537 28 148 128
4538 27 70 128
4539 29 4 128
4540 30 189 128
4541 31 127 128
4542 32 10 128
4543 33 225 128
4544 34 169 128
4545 35 110 128
4546 37 110 128
4547 5 234 129
4548 6 118 129
4549 7 67 129
4550 8 81 129
4551 9 203 129
4552 10 260 129
4553 11 182 129
4554 12 82 129
4555 13 258 129
4556 14 61 129
4557 15 164 129
4558 16 39 129
4559 17 147 129
4560 18 123 129
4561 19 220 129
4562 20 38 129
4563 21 45 129
4564 22 241 129
4565 23 103 129
4566 24 171 129
4567 25 260 129
4568 26 181 129
4569 27 101 129
4570 28 86 129
4571 29 62 129
4572 30 118 129
4573 31 244 129
4574 32 72 129
4575 33 208 129
4576 34 68 129
4577 35 87 129
4578 36 45 129
4579 37 220 129
4580 5 39 130
4581 6 143 130
4582 7 133 130
4583 8 29 130
4584 9 241 130
4585 10 177 130
4586 11 133 130
4587 12 106 130
4588 13 7 130
4589 14 98 130
4590 15 124 130
4591 16 178 130
4592 17 57 130
4593 18 21 130
4594 19 23 130
4595 20 54 130
4596 21 51 130
4597 22 139 130
4598 23 241 130
4599 24 167 130
4600 25 49 130
4601 26 77 130
4602 27 204 130
4603 28 44 130
4604 29 246 130
4605 30 42 130
4606 31 76 130
4607 32 5 130
4608 33 134 130
4609 34 185 130
4610 35 94 130
4611 36 131 130
4612 37 123 130
4613 38 23 130
4614 40 194 130
4615 5 161 131
4616 6 78 131
4617 7 40 131
4618 8 190 131
4619 9 131 131
4620 10 93 131
4621 11 216 131
4622 12 177 131
4623 13 144 131
4624 14 102 131
4625 15 251 131
4626 16 31 131
4627 17 84 131
4628 18 7 131
4629 19 47 131
4630 20 262 131
4631 21 11 131
4632 22 179 131
4633 23 62 131
4634 24 141 131
4635 25 59 131
4636 26 234 131
4637 27 5 131
4638 28 99 131
4639 29 6 131
4640 30 193 131
4641 31 70 131
4642 32 111 131
4643 33 67 131
4644 34 236 131
4645 35 219 131
4646 36 7 131
4647 37 124 131
4648 38 219 131
4649 39 208 131
4650 40 212 131
4651 41 62 131
4652 43 140 131
4653 5 87 132
4654 6 81 132
4655 7 208 132
4656 8 157 132
4657 9 62 132
4658 10 92 132
4659 11 242 132
4660 12 64 132
4661 13 55 132
4662 14 179 132
4663 15 233 132
4664 16 62 132
4665 17 148 132
4666 18 115 132
4667 19 200 132
4668 20 183 132
4669 21 6 132
4670 22 190 132
4671 23 106 132
4672 24 131 132
4673 25 1 132
4674 26 229 132
4675 27 6 132
4676 28 256 132
4677 29 66 132
4678 30 188 132
4679 31 176 132
4680 32 26 132
4681 33 190 132
4682 34 101 132
4683 35 56 132
4684 36 193 132
4685 37 200 132
4686 38 27 132
4687 39 256 132
4688 40 172 132
4689 41 68 132
4690 42 86 132
4691 43 22 132
4692 4 154 133
4693 5 90 133
4694 6 104 133
4695 7 118 133
4696 8 70 133
4697 9 38 133
4698 10 175 133
4699 11 32 133
4700 12 135 133
4701 13 223 133
4702 14 10 133
4703 15 92 133
4704 16 254 133
4705 17 54 133
4706 18 181 133
4707 19 249 133
4708 20 233 133
4709 21 166 133
4710 22 130 133
4711 23 99 133
4712 24 5 133
4713 25 93 133
4714 26 171 133
4715 27 167 133
4716 28 59 133
4717 29 111 133
4718 30 46 133
4719 31 261 133
4720 32 20 133
4721 33 254 133
4722 34 218 133
4723 35 73 133
4724 36 145 133
4725 37 111 133
4726 38 45 133
4727 39 16 133
4728 40 95 133
4729 41 47 133
4730 42 126 133
4731 43 141 133
4732 44 217 133
4733 45 170 133
4734 4 165 134
4735 5 78 134
4736 6 92 134
4737 7 3 134
4738 8 206 134
4739 9 187 134
4740 10 209 134
4741 11 91 134
4742 12 59 134
4743 13 114 134
4744 14 1 134
4745 15 142 134
4746 16 257 134
4747 17 31 134
4748 18 136 134
4749 19 46 134
4750 20 84 134
4751 21 238 134
4752 22 112 134
4753 23 128 134
4754 24 75 134
4755 25 138 134
4756 26 118 134
4757 27 175 134
4758 28 257 134
4759 29 64 134
4760 30 250 134
4761 31 66 134
4762 32 145 134
4763 33 191 134
4764 34 172 134
4765 35 220 134
4766 36 110 134
4767 37 52 134
4768 38 52 134
4769 39 193 134
4770 40 230 134
4771 41 70 134
4772 42 99 134
4773 43 56 134
4774 44 214 134
4775 45 225 134
4776 46 148 134
4777 47 118 134
4778 4 3 135
4779 5 38 135
4780 6 27 135
4781 7 260 135
4782 8 199 135
4783 9 100 135
4784 10 208 135
4785 11 197 135
4786 12 125 135
4787 13 4 135
4788 14 257 135
4789 15 123 135
4790 16 214 135
4791 17 89 135
4792 18 215 135
4793 19 6 135
4794 20 219 135
4795 21 116 135
4796 22 252 135
4797 23 211 135
4798 24 102 135
4799 25 245 135
4800 26 120 135
4801 27 81 135
4802 28 64 135
4803 29 91 135
4804 30 17 135
4805 31 198 135
4806 32 234 135
4807 33 143 135
4808 34 119 135
4809 35 136 135
4810 36 77 135
4811 37 225 135
4812 38 229 135
4813 39 5 135
4814 40 161 135
4815 41 171 135
4816 42 140 135
4817 43 18 135
4818 44 26 135
4819 45 241 135
4820 46 67 135
4821 47 57 135
4822 48 256 135
4823 49 55 135
4824 50 224 135
4825 4 96 136
4826 5 250 136
4827 6 173 136
4828 7 82 136
4829 8 101 136
4830 9 24 136
4831 10 106 136
4832 11 28 136
4833 12 238 136
4834 13 5 136
4835 14 27 136
4836 15 160 136
4837 16 128 136
4838 17 165 136
4839 18 207 136
4840 19 131 136
4841 20 185 136
4842 21 216 136
4843 22 31 136
4844 23 118 136
4845 24 7 136
4846 25 39 136
4847 26 25 136
4848 27 20 136
4849 28 198 136
4850 29 118 136
4851 30 252 136
4852 31 231 136
4853 32 218 136
4854 33 89 136
4855 34 55 136
4856 35 235 136
4857 36 139 136
4858 37 63 136
4859 38 108 136
4860 39 74 136
4861 40 198 136
4862 41 141 136
4863 42 189 136
4864 43 200 136
4865 44 99 136
4866 45 28 136
4867 46 158 136
4868 47 194 136
4869 48 102 136
4870 49 115 136
4871 50 125 136
4872 52 132 136
4873 3 126 137
4874 4 105 137
4875 5 160 137
4876 6 137 137
4877 7 70 137
4878 8 55 137
4879 9 45 137
4880 10 63 137
4881 11 136 137
4882 12 217 137
4883 13 255 137
4884 14 191 137
4885 15 218 137
4886 16 66 137
4887 17 260 137
4888 18 121 137
4889 19 26 137
4890 20 147 137
4891 21 88 137
4892 22 60 137
4893 23 137 137
4894 24 50 137
4895 25 220 137
4896 26 76 137
4897 27 94 137
4898 28 152 137
4899 29 71 137
4900 30 151 137
4901 31 18 137
4902 32 233 137
4903 33 227 137
4904 34 204 137
4905 35 40 137
4906 36 163 137
4907 37 257 137
4908 38 217 137
4909 39 200 137
4910 40 53 137
4911 41 80 137
4912 42 54 137
4913 43 238 137
4914 44 102 137
4915 45 248 137
4916 46 152 137
4917 47 23 137
4918 48 57 137
4919 49 177 137
4920 50 220 137
4921 51 37 137
4922 52 106 137
4923 53 191 137
4924 3 229 138
4925 4 149 138
4926 5 156 138
4927 6 260 138
4928 7 131 138
4929 8 261 138
4930 9 77 138
4931 10 200 138
4932 11 108 138
4933 12 8 138
4934 13 163 138
4935 14 241 138
4936 15 227 138
4937 16 32 138
4938 17 9 138
4939 18 203 138
4940 19 94 138
4941 20 260 138
4942 21 10 138
4943 22 123 138
4944 23 180 138
4945 24 141 138
4946 25 3 138
4947 26 225 138
4948 27 70 138
4949 28 187 138
4950 29 114 138
4951 30 183 138
4952 31 54 138
4953 32 123 138
4954 33 152 138
4955 34 160 138
4956 35 49 138
4957 36 74 138
4958 37 159 138
4959 38 22 138
4960 39 26 138
4961 40 178 138
4962 41 179 138
4963 42 235 138
4964 43 213 138
4965 44 83 138
4966 45 55 138
4967 46 44 138
4968 47 229 138
4969 48 89 138
4970 49 151 138
4971 50 53 138
4972 51 62 138
4973 52 98 138
4974 53 209 138
4975 54 80 138
4976 55 134 138
4977 3 90 139
4978 4 154 139
4979 5 183 139
4980 6 187 139
4981 7 34 139
4982 8 45 139
4983 9 55 139
4984 10 38 139
4985 11 200 139
4986 12 144 139
4987 13 40 139
4988 14 45 139
4989 15 141 139
4990 16 188 139
4991 17 89 139
4992 18 46 139
4993 19 47 139
4994 20 77 139
4995 21 137 139
4996 22 172 139
4997 23 206 139
4998 24 67 139
4999 25 6 139
5000 26 260 139
5001 27 134 139
5002 28 206 139
5003 29 156 139
5004 30 207 139
5005 31 46 139
5006 32 190 139
5007 33 31 139
5008 34 75 139
5009 35 262 139
5010 36 246 139
5011 37 2 139
5012 38 24 139
5013 39 207 139
5014 40 118 139
5015 41 148 139
5016 42 87 139
5017 43 124 139
5018 44 252 139
5019 45 19 139
5020 46 170 139
5021 47 229 139
5022 48 114 139
5023 49 167 139
5024 50 150 139
5025 51 60 139
5026 52 197 139
5027 53 12 139
5028 54 62 139
5029 56 49 139
5030 55 195 139
5031 57 177 139
5032 58 23 139
5033 3 131 140
5034 4 79 140
5035 5 163 140
5036 6 243 140
5037 7 189 140
5038 8 44 140
5039 9 104 140
5040 10 138 140
5041 11 70 140
5042 12 105 140
5043 13 108 140
5044 14 201 140
5045 15 116 140
5046 16 80 140
5047 17 248 140
5048 18 131 140
5049 19 98 140
5050 21 82 140
5051 20 221 140
5052 22 169 140
5053 23 222 140
5054 24 173 140
5055 25 205 140
5056 26 71 140
5057 27 142 140
5058 28 2 140
5059 30 62 140
5060 29 114 140
5061 31 189 140
5062 32 22 140
5063 33 2 140
5064 34 10 140
5065 35 38 140
5066 2 152 141
5067 36 95 140
5068 37 252 140
5069 3 77 141
5070 38 39 140
5071 2 211 142
5072 39 13 140
5073 40 86 140
5074 41 202 140
5075 42 175 140
5076 43 79 140
5077 44 79 140
5078 45 55 140
5079 46 173 140
5080 47 38 140
5081 48 233 140
5082 49 232 140
5083 50 81 140
5084 51 159 140
5085 52 75 140
5086 53 24 140
5087 54 75 140
5088 55 31 140
5089 56 135 140
5090 57 188 140
5091 58 203 140
5092 4 255 141
5093 5 4 141
5094 6 69 141
5095 7 210 141
5096 8 153 141
5097 9 235 141
5098 10 107 141
5099 11 23 141
5100 12 82 141
5101 13 162 141
5102 14 97 141
5103 15 136 141
5104 16 101 141
5105 17 192 141
5106 18 117 141
5107 19 48 141
5108 20 112 141
5109 21 81 141
5110 22 29 141
5111 23 166 141
5112 24 170 141
5113 25 13 141
5114 26 111 141
5115 27 262 141
5116 28 102 141
5117 29 105 141
5118 30 185 141
5119 31 156 141
5120 32 216 141
5121 33 11 141
5122 34 249 141
5123 35 188 141
5124 36 16 141
5125 37 8 141
5126 38 91 141
5127 39 66 141
5128 40 134 141
5129 41 168 141
5130 42 69 141
5131 43 216 141
5132 44 17 141
5133 45 245 141
5134 46 49 141
5135 47 1 141
5136 48 224 141
5137 49 154 141
5138 50 211 141
5139 51 219 141
5140 52 235 141
5141 53 193 141
5142 54 88 141
5143 55 233 141
5144 56 159 141
5145 57 243 141
5146 58 208 141
5147 59 258 141
5148 60 76 141
5149 61 234 141
5150 62 97 141
5151 3 149 142
5152 4 207 142
5153 5 11 142
5154 6 145 142
5155 7 207 142
5156 8 138 142
5157 9 133 142
5158 10 162 142
5159 11 69 142
5160 12 193 142
5161 13 120 142
5162 14 20 142
5163 15 134 142
5164 16 218 142
5165 17 79 142
5166 18 15 142
5167 19 82 142
5168 20 160 142
5169 21 244 142
5170 22 45 142
5171 23 179 142
5172 24 232 142
5173 25 210 142
5174 26 1 142
5175 27 262 142
5176 28 116 142
5177 29 239 142
5178 30 159 142
5179 31 29 142
5180 32 9 142
5181 33 72 142
5182 34 165 142
5183 35 46 142
5184 36 12 142
5185 37 16 142
5186 38 185 142
5187 39 79 142
5188 40 6 142
5189 41 60 142
5190 42 184 142
5191 43 223 142
5192 44 100 142
5193 45 203 142
5194 46 208 142
5195 47 145 142
5196 48 124 142
5197 49 196 142
5198 50 50 142
5199 51 219 142
5200 52 220 142
5201 53 245 142
5202 54 34 142
5203 55 233 142
5204 56 131 142
5205 57 39 142
5206 58 67 142
5207 59 184 142
5208 60 89 142
5209 61 99 142
5210 62 149 142
5211 2 144 143
5212 3 240 143
5213 4 91 143
5214 5 216 143
5215 6 45 143
5216 7 212 143
5217 8 147 143
5218 9 101 143
5219 10 68 143
5220 11 246 143
5221 12 208 143
5222 13 35 143
5223 14 56 143
5224 15 75 143
5225 16 3 143
5226 17 4 143
5227 18 116 143
5228 19 110 143
5229 20 166 143
5230 21 259 143
5231 22 1 143
5232 23 229 143
5233 24 84 143
5234 25 177 143
5235 26 34 143
5236 27 186 143
5237 28 246 143
5238 29 138 143
5239 30 223 143
5240 31 65 143
5241 32 40 143
5242 33 129 143
5243 34 198 143
5244 35 134 143
5245 36 256 143
5246 37 31 143
5247 38 10 143
5248 39 38 143
5249 40 212 143
5250 41 156 143
5251 42 251 143
5252 43 200 143
5253 44 209 143
5254 45 66 143
5255 46 99 143
5256 47 6 143
5257 48 249 143
5258 49 262 143
5259 50 204 143
5260 51 94 143
5261 52 75 143
5262 53 31 143
5263 54 72 143
5264 55 83 143
5265 56 242 143
5266 57 46 143
5267 58 229 143
5268 59 249 143
5269 60 116 143
5270 61 157 143
5271 62 66 143
5272 63 221 143
5273 64 27 143
5274 65 197 143
5275 2 143 144
5276 3 168 144
5277 4 221 144
5278 5 36 144
5279 6 129 144
5280 7 78 144
5281 8 42 144
5282 9 113 144
5283 10 228 144
5284 11 259 144
5285 12 148 144
5286 13 71 144
5287 14 39 144
5288 15 195 144
5289 16 99 144
5290 17 213 144
5291 18 155 144
5292 19 78 144
5293 20 96 144
5294 21 170 144
5295 22 4 144
5296 23 162 144
5297 24 52 144
5298 25 111 144
5299 26 104 144
5300 27 177 144
5301 28 156 144
5302 29 26 144
5303 30 21 144
5304 31 113 144
5305 32 82 144
5306 33 99 144
5307 34 212 144
5308 35 259 144
5309 36 254 144
5310 37 32 144
5311 38 162 144
5312 39 252 144
5313 40 134 144
5314 41 147 144
5315 42 51 144
5316 43 195 144
5317 44 184 144
5318 45 259 144
5319 46 94 144
5320 47 184 144
5321 48 226 144
5322 49 61 144
5323 50 176 144
5324 51 31 144
5325 52 13 144
5326 53 76 144
5327 54 247 144
5328 55 148 144
5329 56 144 144
5330 57 207 144
5331 58 24 144
5332 59 144 144
5333 60 85 144
5334 61 30 144
5335 62 76 144
5336 63 145 144
5337 64 120 144
5338 65 19 144
5339 66 3 144
5340 67 224 144
5341 1 139 145
5342 2 217 145
5343 3 190 145
5344 4 183 145
5345 5 57 145
5346 6 185 145
5347 7 142 145
5348 8 86 145
5349 9 105 145
5350 10 79 145
5351 11 78 145
5352 12 132 145
5353 13 114 145
5354 14 211 145
5355 15 13 145
5356 16 102 145
5357 17 183 145
5358 18 177 145
5359 19 26 145
5360 20 143 145
5361 21 217 145
5362 22 84 145
5363 23 1 145
5364 24 224 145
5365 25 131 145
5366 26 105 145
5367 27 240 145
5368 28 42 145
5369 29 100 145
5370 30 196 145
5371 31 56 145
5372 32 34 145
5373 33 228 145
5374 34 145 145
5375 35 17 145
5376 36 172 145
5377 37 249 145
5378 38 246 145
5379 39 142 145
5380 40 237 145
5381 41 63 145
5382 42 111 145
5383 43 10 145
5384 44 250 145
5385 45 140 145
5386 46 227 145
5387 47 130 145
5388 48 78 145
5389 49 99 145
5390 50 228 145
5391 51 170 145
5392 52 261 145
5393 53 23 145
5394 54 166 145
5395 55 235 145
5396 56 172 145
5397 57 92 145
5398 58 165 145
5399 59 15 145
5400 60 52 145
5401 61 142 145
5402 62 206 145
5403 63 61 145
5404 64 208 145
5405 65 162 145
5406 66 89 145
5407 67 96 145
5408 68 57 145
5409 70 182 145
5410 1 78 146
5411 2 108 146
5412 3 241 146
5413 4 138 146
5414 5 104 146
5415 6 238 146
5416 7 16 146
5417 8 132 146
5418 9 231 146
5419 10 15 146
5420 11 165 146
5421 12 120 146
5422 13 48 146
5423 14 222 146
5424 15 85 146
5425 16 99 146
5426 17 44 146
5427 18 20 146
5428 19 109 146
5429 20 17 146
5430 21 72 146
5431 22 158 146
5432 23 6 146
5433 24 154 146
5434 25 48 146
5435 26 122 146
5436 27 74 146
5437 28 126 146
5438 29 99 146
5439 30 117 146
5440 31 77 146
5441 32 155 146
5442 33 47 146
5443 34 261 146
5444 35 251 146
5445 36 150 146
5446 37 49 146
5447 38 115 146
5448 39 8 146
5449 40 3 146
5450 41 131 146
5451 42 235 146
5452 43 137 146
5453 44 84 146
5454 45 129 146
5455 46 1 146
5456 47 179 146
5457 48 190 146
5458 49 11 146
5459 50 59 146
5460 51 223 146
5461 52 113 146
5462 53 99 146
5463 54 110 146
5464 55 171 146
5465 56 189 146
5466 57 64 146
5467 58 85 146
5468 59 179 146
5469 60 245 146
5470 61 131 146
5471 62 244 146
5472 63 101 146
5473 64 195 146
5474 65 65 146
5475 66 196 146
5476 67 227 146
5477 68 24 146
5478 69 8 146
5479 70 144 146
5480 71 85 146
5481 1 160 147
5482 2 149 147
5483 3 21 147
5484 4 123 147
5485 5 19 147
5486 6 162 147
5487 7 170 147
5488 8 120 147
5489 9 1 147
5490 10 32 147
5491 11 230 147
5492 12 144 147
5493 13 103 147
5494 14 158 147
5495 15 123 147
5496 16 157 147
5497 17 254 147
5498 18 152 147
5499 19 143 147
5500 20 214 147
5501 21 94 147
5502 22 203 147
5503 23 198 147
5504 24 156 147
5505 25 111 147
5506 26 26 147
5507 27 200 147
5508 28 11 147
5509 29 90 147
5510 30 74 147
5511 31 65 147
5512 32 257 147
5513 33 23 147
5514 34 214 147
5515 35 11 147
5516 36 30 147
5517 37 222 147
5518 38 161 147
5519 39 136 147
5520 40 133 147
5521 41 256 147
5522 42 30 147
5523 43 94 147
5524 44 169 147
5525 45 125 147
5526 46 30 147
5527 47 96 147
5528 48 103 147
5529 49 134 147
5530 50 52 147
5531 51 126 147
5532 52 199 147
5533 53 54 147
5534 54 138 147
5535 55 116 147
5536 56 167 147
5537 57 90 147
5538 58 39 147
5539 59 168 147
5540 60 243 147
5541 61 141 147
5542 62 49 147
5543 63 198 147
5544 64 109 147
5545 65 84 147
5546 66 83 147
5547 67 33 147
5548 68 149 147
5549 69 138 147
5550 70 215 147
5551 71 17 147
5552 72 244 147
5553 1 195 148
5554 2 248 148
5555 3 7 148
5556 4 57 148
5557 5 191 148
5558 6 67 148
5559 7 114 148
5560 8 215 148
5561 9 49 148
5562 10 240 148
5563 11 19 148
5564 12 45 148
5565 13 248 148
5566 14 234 148
5567 15 239 148
5568 16 48 148
5569 17 219 148
5570 18 232 148
5571 19 201 148
5572 20 202 148
5573 21 56 148
5574 22 228 148
5575 23 4 148
5576 24 177 148
5577 25 175 148
5578 26 59 148
5579 27 163 148
5580 28 168 148
5581 29 199 148
5582 30 84 148
5583 31 117 148
5584 32 182 148
5585 33 179 148
5586 34 191 148
5587 35 207 148
5588 36 24 148
5589 37 60 148
5590 38 222 148
5591 39 258 148
5592 40 252 148
5593 41 49 148
5594 42 251 148
5595 43 166 148
5596 44 19 148
5597 45 84 148
5598 46 70 148
5599 47 19 148
5600 48 173 148
5601 49 171 148
5602 50 112 148
5603 51 145 148
5604 52 110 148
5605 53 126 148
5606 54 133 148
5607 55 140 148
5608 56 9 148
5609 57 36 148
5610 58 66 148
5611 59 29 148
5612 60 73 148
5613 61 28 148
5614 62 200 148
5615 63 243 148
5616 64 174 148
5617 65 85 148
5618 66 226 148
5619 67 22 148
5620 68 28 148
5621 69 175 148
5622 70 255 148
5623 71 235 148
5624 72 221 148
5625 73 8 148
5626 0 178 149
5627 1 95 149
5628 2 6 149
5629 3 224 149
5630 4 55 149
5631 5 50 149
5632 6 112 149
5633 7 15 149
5634 8 104 149
5635 9 237 149
5636 10 162 149
5637 11 79 149
5638 12 44 149
5639 13 102 149
5640 14 226 149
5641 15 18 149
5642 16 10 149
5643 17 231 149
5644 18 223 149
5645 19 52 149
5646 20 55 149
5647 21 93 149
5648 22 5 149
5649 23 52 149
5650 24 73 149
5651 25 31 149
5652 26 229 149
5653 27 255 149
5654 28 93 149
5655 29 153 149
5656 30 187 149
5657 31 188 149
5658 32 119 149
5659 34 212 149
5660 33 99 149
5661 35 183 149
5662 36 96 149
5663 37 22 149
5664 38 4 149
5665 39 137 149
5666 40 206 149
5667 41 52 149
5668 42 11 149
5669 43 148 149
5670 44 131 149
5671 45 165 149
5672 46 206 149
5673 47 243 149
5674 48 193 149
5675 49 215 149
5676 50 118 149
5677 51 123 149
5678 52 244 149
5679 53 134 149
5680 54 237 149
5681 55 86 149
5682 56 8 149
5683 57 64 149
5684 58 89 149
5685 59 78 149
5686 60 100 149
5687 61 73 149
5688 62 100 149
5689 63 179 149
5690 64 75 149
5691 65 229 149
5692 66 95 149
5693 67 111 149
5694 68 251 149
5695 69 128 149
5696 70 41 149
5697 71 191 149
5698 72 164 149
5699 73 9 149
5700 0 111 150
5701 1 219 150
5702 2 77 150
5703 3 58 150
5704 4 14 150
5705 5 76 150
5706 6 256 150
5707 7 177 150
5708 8 50 150
5709 9 229 150
5710 10 63 150
5711 11 199 150
5712 12 196 150
5713 13 154 150
5714 14 241 150
5715 15 234 150
5716 16 91 150
5717 17 211 150
5718 18 59 150
5719 19 173 150
5720 20 224 150
5721 21 32 150
5722 22 64 150
5723 23 76 150
5724 24 160 150
5725 25 53 150
5726 26 211 150
5727 27 172 150
5728 28 137 150
5729 29 228 150
5730 30 244 150
5731 31 155 150
5732 32 108 150
5733 33 258 150
5734 34 224 150
5735 35 32 150
5736 36 254 150
5737 37 233 150
5738 38 140 150
5739 39 228 150
5740 40 107 150
5741 41 132 150
5742 42 65 150
5743 43 175 150
5744 44 28 150
5745 45 219 150
5746 46 234 150
5747 47 101 150
5748 48 84 150
5749 49 102 150
5750 50 213 150
5751 51 35 150
5752 52 259 150
5753 53 112 150
5754 54 55 150
5755 55 253 150
5756 56 159 150
5757 57 19 150
5758 58 250 150
5759 59 63 150
5760 60 181 150
5761 61 194 150
5762 62 50 150
5763 63 26 150
5764 64 64 150
5765 65 141 150
5766 66 101 150
5767 67 176 150
5768 68 156 150
5769 69 69 150
5770 70 17 150
5771 71 23 150
5772 72 54 150
5773 73 171 150
5774 74 204 150
5775 75 38 150
5776 0 89 151
5777 1 32 151
5778 2 99 151
5779 3 138 151
5780 4 178 151
5781 5 203 151
5782 6 237 151
5783 7 162 151
5784 8 260 151
5785 9 248 151
5786 10 146 151
5787 11 143 151
5788 12 9 151
5789 13 45 151
5790 14 261 151
5791 15 188 151
5792 16 164 151
5793 17 21 151
5794 18 256 151
5795 19 23 151
5796 20 37 151
5797 21 170 151
5798 22 2 151
5799 23 68 151
5800 24 181 151
5801 25 140 151
5802 26 12 151
5803 27 250 151
5804 28 258 151
5805 29 122 151
5806 30 228 151
5807 31 102 151
5808 32 6 151
5809 33 28 151
5810 34 48 151
5811 35 122 151
5812 36 85 151
5813 37 189 151
5814 38 217 151
5815 39 151 151
5816 40 262 151
5817 41 139 151
5818 42 166 151
5819 43 249 151
5820 44 200 151
5821 45 229 151
5822 46 2 151
5823 47 28 151
5824 48 24 151
5825 49 217 151
5826 50 199 151
5827 51 140 151
5828 52 46 151
5829 53 48 151
5830 54 75 151
5831 55 255 151
5832 56 262 151
5833 57 251 151
5834 58 44 151
5835 59 140 151
5836 60 27 151
5837 61 260 151
5838 62 57 151
5839 63 235 151
5840 64 246 151
5841 65 58 151
5842 66 163 151
5843 67 203 151
5844 68 104 151
5845 69 187 151
5846 70 261 151
5847 71 60 151
5848 72 169 151
5849 73 79 151
5850 74 239 151
5851 75 169 151
weights 152 152 152 152 152 152 152 152 152 152 152 152 152 152 152 152 152 152 152 152 152 152 152 152 152 152 152 152 152 152 152 152 152 152 152 152 152 152 152 152 152 152 152 152 152 152 152 152 152 152 152 152 152 152 152 152 152 152 152 152 152 152 152 152 152 152 152 152 152 152 152 152 152 152 152 152
