0 32497
1 18800
2 25251
3 4646
4 12321
5 5932
6 31327
7 1591
8 1995
9 7899
10 23476
11 32141
12 27957
13 11726
14 11482
15 27755
16 24939
17 14575
18 20533
19 4482
20 24061
21 19452
22 24656
23 32618
24 15424
25 3579
26 6615
27 4683
28 12425
29 2810
30 648
31 30680
32 4912
33 20104
34 21474
35 3594
36 15989
37 1533
38 8922
39 28572
40 19922
41 15658
42 11203
43 18087
44 10198
45 12291
46 958
47 24293
48 19160
49 22325
50 15510
51 23608
52 17207
53 8489
54 4958
55 14373
56 10486
57 19351
58 2865
59 25673
60 17519
61 28129
62 17108
63 16594
64 25716
65 11015
66 3584
67 1613
68 434
69 10498
70 9081
71 9208
72 16208
73 13133
74 12790
75 19526
76 18364
77 26338
78 19792
79 15174
80 1542
81 29067
82 4132
83 14996
84 20771
85 29806
86 24363
87 3237
88 24325
89 30975
90 29
91 21195
92 2985
93 13333
94 27603
95 26602
96 13664
97 9863
98 25696
99 24061
100 17142
101 27693
102 15005
103 4222
104 29557
105 24917
106 13399
107 3543
108 366
109 32330
110 16707
111 27705
112 8790
113 28019
114 30880
115 3344
116 27573
117 15202
118 26202
119 2246
120 2381
121 4313
122 21805
123 20186
124 925
125 19461
126 16748
127 5538
128 12562
129 3999
130 6427
131 11965
132 10158
133 30605
134 2895
135 659
136 12864
137 2425
138 15864
139 12742
140 6562
141 1587
142 24604
143 27698
144 24010
145 7045
146 12432
147 14324
148 7883
149 15500
150 29679
151 9123
152 32244
153 16959
154 27805
155 11985
156 16909
157 30384
158 6604
159 23359
160 909
161 15235
162 31620
163 16001
164 5852
165 10364
166 4258
167 9765
168 23898
169 4383
170 9185
171 31606
172 23355
173 398
174 17346
175 21396
176 8188
177 12245
178 29697
179 16614
180 29147
181 26073
182 1689
183 3143
184 7806
