1742 121 123 95 429 429 429 429 429 633 634
1785 125 115 36 468 429 429 429 429 621 635
1787 125 122 36 468 429 429 455 455 633 635
1794 125 105 36 36 36 429 429 534 576 635
1814 127 116 429 429 429 429 429 429 623 623
1816 127 123 429 429 429 442 455 455 623 633
1817 127 130 429 442 455 455 455 623 623 623
1819 127 127 468 468 468 429 429 455 633 634
1823 127 125 429 429 429 442 541 576 576 576
1825 127 107 36 36 36 468 468 455 633 633
1856 131 126 36 429 429 429 442 607 623 635
1865 133 131 354 468 429 429 429 534 633 634
1874 133 111 36 36 36 354 429 534 633 633
1899 135 116 36 36 429 429 429 455 633 635
1900 135 123 36 36 429 455 455 623 623 635
1907 137 121 36 468 468 429 429 429 633 634
1908 137 128 36 468 468 429 455 623 623 634
1910 137 101 36 36 36 36 468 429 633 633
1921 139 142 354 429 429 429 607 623 623 634
1929 141 139 429 429 429 429 576 576 607 635
1937 142 135 468 429 429 429 442 617 633 633
1939 142 142 468 429 442 455 617 623 623 633
1946 142 125 36 36 429 429 617 576 623 633
1964 143 132 36 354 429 429 442 623 633 634
1965 143 139 36 354 442 455 623 623 623 634
1967 143 112 36 36 36 36 455 607 633 633
1972 145 130 429 429 429 429 429 429 634 635
1974 145 137 429 429 429 442 455 541 634 635
1975 145 144 429 442 455 455 455 623 634 635
1977 145 140 468 468 468 468 429 621 633 635
1981 145 129 36 429 429 429 534 576 576 635
1982 145 136 36 429 442 455 576 576 623 635
1983 145 121 36 36 36 468 468 621 634 635
1984 145 138 36 429 586 576 576 576 576 576
1986 145 146 429 429 429 534 607 607 607 634
2000 147 122 36 36 468 429 429 623 623 634
2001 147 129 36 36 475 455 455 623 633 634
2003 147 102 36 36 36 36 36 623 623 633
2007 148 146 429 429 429 617 607 623 623 623
2014 149 136 36 429 429 429 607 607 621 634
2015 149 143 36 429 455 455 607 607 633 634
2017 149 135 36 36 429 576 576 607 607 633
2020 150 135 36 36 468 429 617 623 633 635
2022 151 149 95 468 468 429 623 623 633 634
2025 151 130 36 36 36 95 623 623 634 634
2029 152 136 36 429 429 442 617 623 623 633
2030 152 143 36 442 455 617 623 623 623 623
2032 152 145 36 442 617 576 576 576 623 623
