18
56
90
128
162
200
234
272
306
344
378
416
450
488
522
560
594
632
666
704
738
776
810
848
882
920
954
992
1026
1064
1098
1136
1170
1208
1242
1280
1314
1352
1386
1424
1458
1496
1530
1568
1602
1640
1674
1712
1746
1784
1818
1856
1890
1928
1962
2000
2034
2072
2106
2144
2178
2216
2250
2288
2322
2360
2394
2432
2466
2504
2538
2576
2610
2648
2682
2720
2754
2792
2826
2864
2898
2936
2970
3008
3042
3080
3114
3152
3186
3224
3258
3296
3330
3368
3402
3440
3474
3512
3546
3584
3618
3656
3690
3728
3762
3800
3834
3872
3906
3944
3978
4016
4050
4088
4122
4160
4194
4232
4266
4304
4338
4376
4410
4448
4482
4520
4554
4592
4626
4664
4698
4736
4770
4808
4842
4880
4914
4952
4986
5024
5058
5096
5130
5168
5202
5240
5274
5312
5346
5384
5418
5456
5490
5528
5562
5600
5634
5672
5706
5744
5778
5816
5850
5888
5922
5960
5994
6032
6066
6104
6138
6176
6210
6248
6282
6320
6354
6392
6426
6464
6498
6536
6570
6608
6642
6680
6714
6752
6786
6824
6858
6896
6930
6968
7002
7040
7074
7112
7146
7184
7218
7256
7290
7328
7362
7400
7434
7472
7506
7544
7578
7616
7650
7688
7722
7760
7794
7832
7866
7904
7938
7976
8010
8048
8082
8120
8154
8192
10208
10242
12800
13122
21872
26624
28674
33536
39368
54272
56864
59778
65538
81920
91856
95744
118098
126848
137216
139266
153090
196832
220160
229376
303104
354296
360450
406784
433026
468992
524288
526338
655362
826688
966656
1024002
1062882
1245186
1272834
1771472
1835010
2019330
2086400
2293760
2952450
3014658
3188648
3512322
4194306
4605824
4947968
5005314
5242880
5445632
6553602
6731586
7440176
7602176
7991298
9565938
10977282
12164096
12910592
13631490
14680064
15943232
16949250
18068994
18882560
27280640
28697816
28835840
32319488
33554432
34865154
35075106
36798464
41943042
48302082
49955456
60686336
66961568
71303168
72630272
86093442
88612866
98566146
108462080
108768258
117440514
117979904
143489072
156237824
169234434
180125696
184549376
220016576
225968130
249856002
251789312
254028800
258280328
268435458
290166786
335544320
373071584
395116544
411041792
411099138
526126592
538443776
602654096
608174082
637534208
652963842
698313474
774840978
798224384
825098240
832236608
894828546
920649728
939524096
1040089088
1090519040
1291401632
1342419968
1378557954
1543503872
1627389954
1685061632
1750566656
1754791938
1922753538
2147483648
2324522936
2449473536
2668896704
2684354562
2829746178
2841083586
2975006720
3355443200
3474718722
3555340290
3665821698
3978297344
5167382528
5194645506
5423886848
5596073730
5704253442
5732122626
6820513794
6844841984
6973568802
6979321856
7516192770
8564768768
8634499074
9781116930
10085687298
10603200512
11106054018
11622614672
12770527232
14439251970
14584512512
16616034306
17179869186
18954059778
19371024450
20920706408
21474836480
22011707394
22324183040
23146381314
26910654464
27463808000
27635994882
30218798144
31853510658
36207075330
36507222018
37803524096
39593181186
42157088768
43218108416
44165935746
46472888322
48814981616
49267769346
60129542144
60695876610
62762119218
63602425856
65498251266
71543650304
75389157378
75833016320
84241547264
93755758338
94489280514
101510545410
104603532032
107460558848
108447924224
118550669634
119856431106
