1670 115 110 429 429 429 516 516 519 519 534
1672 115 116 429 429 517 519 519 519 519 533
1679 115 92 36 36 36 516 516 516 519 533
1699 117 97 36 429 429 429 429 516 516 522
1701 117 103 36 429 429 436 517 517 517 522
1702 117 109 36 443 443 517 517 517 517 522
1704 117 98 36 36 429 516 516 516 521 521
1708 117 110 36 319 429 516 516 516 522 522
1709 117 116 36 319 517 517 517 517 522 522
1742 121 110 95 429 516 516 516 516 516 518
1744 121 116 95 516 516 516 517 517 517 519
1751 121 108 36 36 429 516 516 532 522 535
1769 122 111 36 429 516 516 516 517 521 545
1775 123 109 36 36 516 516 517 519 521 535
1785 125 104 36 429 429 516 516 516 516 534
1787 125 110 36 429 516 516 517 519 519 533
1788 125 119 36 443 517 517 519 519 533 551
1790 125 116 36 516 516 516 518 521 521 534
1794 125 97 36 36 36 516 516 516 532 522
1795 125 106 36 36 36 517 517 533 522 551
1799 125 124 36 95 95 516 516 516 561 561
1814 127 104 429 429 429 429 516 516 517 517
1816 127 110 429 429 436 517 517 517 517 517
1817 127 116 443 443 517 517 517 517 517 517
1819 127 116 429 429 516 516 517 519 521 521
1820 127 122 429 517 517 519 519 519 519 521
1823 127 117 319 429 516 516 516 517 517 522
1824 127 123 319 517 517 517 517 517 517 522
1825 127 101 36 36 36 516 516 519 519 553
1828 127 126 258 516 516 516 516 516 533 551
1834 127 124 429 516 516 516 517 517 545 545
1840 128 122 36 516 516 517 517 519 545 535
1842 129 114 36 36 516 516 516 520 535 535
1849 130 129 516 516 516 516 519 521 534 545
1856 131 115 36 429 516 516 516 517 533 535
1857 131 121 36 517 517 517 517 517 533 535
1859 131 130 36 429 517 533 522 522 522 535
1862 132 114 36 36 516 516 517 519 545 551
1865 133 118 354 516 516 516 516 516 516 521
1867 133 127 354 516 516 516 519 519 519 551
1870 133 133 516 516 516 521 521 521 521 535
1874 133 106 36 36 36 516 516 516 535 553
1875 133 115 36 36 36 519 519 535 551 551
1899 135 104 36 36 516 516 516 516 517 533
1900 135 113 36 36 517 517 517 517 533 551
1901 135 120 36 36 516 517 519 521 521 563
1902 135 119 36 36 516 517 533 522 522 522
1903 135 128 36 36 516 517 535 535 535 551
1907 137 110 36 429 516 516 516 516 520 521
1908 137 116 36 516 516 517 517 519 519 521
1909 137 125 36 516 516 518 521 521 521 553
1910 137 96 36 36 36 36 516 516 518 562
1911 137 134 36 95 516 516 518 535 553 562
1914 138 127 36 516 516 516 517 545 522 535
1921 139 132 95 516 516 516 516 519 519 563
1922 139 138 517 517 517 519 519 519 535 535
1924 139 118 36 36 36 517 517 535 535 561
1927 140 133 36 516 517 517 519 521 545 563
1929 141 131 429 429 516 516 532 522 522 535
1930 141 137 429 517 517 517 533 522 522 535
1931 141 124 36 36 95 516 516 520 562 562
1937 142 123 429 516 516 516 516 517 520 545
1939 142 129 516 516 517 517 517 519 519 545
1942 142 138 516 516 516 519 521 521 545 553
1946 142 119 36 36 516 516 516 545 522 551
1947 142 131 36 36 443 545 522 551 551 551
1949 142 134 36 36 545 522 522 522 522 551
1964 143 121 36 516 516 516 517 517 521 535
1965 143 130 36 517 517 519 519 519 535 551
1966 143 137 36 517 517 521 521 521 535 562
1967 143 110 36 36 36 36 517 535 551 561
1972 145 116 429 429 516 516 516 516 518 532
1974 145 122 429 516 516 516 517 517 519 533
1975 145 128 517 517 517 517 517 517 519 533
1977 145 128 516 516 516 516 516 521 521 534
1978 145 137 516 516 519 519 519 519 521 557
1979 145 144 516 516 521 521 521 521 521 563
1981 145 120 36 429 516 516 516 532 522 522
1982 145 126 36 516 517 517 517 533 522 522
1983 145 117 36 36 36 516 516 521 553 563
1984 145 135 36 429 532 522 522 522 522 522
1986 145 137 95 516 516 516 516 516 535 563
1987 145 143 516 517 517 517 519 535 535 535
1989 145 141 36 516 516 522 522 535 535 535
1992 145 139 516 516 516 516 516 545 545 557
1998 146 137 36 95 516 516 517 545 561 562
2000 147 113 36 36 516 516 516 517 519 553
2001 147 122 36 36 517 519 519 519 551 551
2002 147 129 36 36 517 519 521 521 553 562
2003 147 102 36 36 36 36 36 551 551 561
2007 148 134 516 516 516 517 517 517 545 535
2008 148 146 443 517 517 517 545 535 551 551
2014 149 126 36 516 516 516 516 518 535 535
2015 149 135 36 516 517 517 519 535 535 551
2016 149 142 36 516 518 521 521 535 535 562
2017 149 133 36 36 516 522 522 535 535 549
2020 150 130 36 36 516 516 517 545 553 563
2022 151 141 95 516 516 516 519 519 553 562
2023 151 149 519 519 519 519 519 519 535 563
2025 151 129 36 36 36 519 519 535 562 563
2029 152 126 36 516 516 516 517 517 545 551
2030 152 138 36 443 517 517 545 551 551 551
2031 152 142 36 517 517 519 521 545 553 562
2032 152 141 36 517 517 545 522 522 522 551
