1643 113 114 429 429 429 443 499 499 504 517
1670 115 106 450 450 429 498 498 498 499 515
1672 115 112 450 450 499 499 499 499 499 515
1679 115 92 36 36 36 498 498 498 501 515
1699 117 97 36 429 429 429 429 498 498 504
1701 117 103 36 429 429 436 499 499 499 504
1702 117 109 36 443 443 499 499 499 499 504
1704 117 96 36 36 450 450 450 498 498 543
1708 117 110 36 319 429 498 498 498 504 504
1709 117 116 36 319 499 499 499 499 504 504
1726 118 119 354 498 498 498 498 498 501 527
1742 121 110 95 429 498 498 498 498 498 500
1744 121 116 95 498 498 498 499 499 499 501
1751 121 108 36 36 429 498 498 514 504 517
1769 122 109 36 450 498 498 498 498 501 527
1775 123 109 36 36 450 450 499 499 517 543
1785 125 102 36 450 429 498 498 498 498 514
1787 125 108 36 450 498 498 499 499 499 515
1788 125 119 36 443 499 499 501 501 515 533
1790 125 116 36 450 450 450 450 498 544 545
1794 125 97 36 36 36 498 498 498 514 504
1795 125 106 36 36 36 499 499 515 504 533
1799 125 123 36 450 498 498 498 517 517 517
1814 127 104 429 429 429 429 498 498 499 499
1816 127 110 429 429 436 499 499 499 499 499
1817 127 116 443 443 499 499 499 499 499 499
1819 127 112 450 450 498 498 498 499 499 503
1820 127 120 450 451 451 499 499 499 499 544
1823 127 117 319 429 498 498 498 499 499 504
1824 127 123 319 499 499 499 499 499 499 504
1825 127 100 36 36 36 450 498 499 501 544
1828 127 126 258 498 498 498 498 498 515 533
1834 127 124 429 498 498 498 499 499 527 527
1840 128 122 36 498 498 499 499 501 527 517
1842 129 114 36 36 498 498 498 502 517 517
1849 130 129 450 450 498 498 499 502 527 545
1856 131 115 36 429 498 498 498 499 515 517
1857 131 121 36 499 499 499 499 499 515 517
1859 131 130 36 429 499 515 504 504 504 517
1862 132 114 36 36 498 498 499 501 527 533
1865 133 117 450 450 498 498 498 498 500 517
1867 133 125 450 498 498 499 501 501 501 517
1870 133 133 450 450 450 450 502 517 544 544
1874 133 105 36 36 36 450 498 498 517 543
1875 133 115 36 36 36 501 501 517 533 533
1899 135 104 36 36 498 498 498 498 499 515
1900 135 113 36 36 499 499 499 499 515 533
1901 135 120 36 36 450 450 501 501 544 545
1902 135 119 36 36 498 499 515 504 504 504
1903 135 128 36 36 498 499 517 517 517 533
1907 137 108 36 450 498 498 498 498 498 503
1908 137 116 36 450 450 499 499 499 499 544
1909 137 124 36 450 450 450 500 503 544 544
1910 137 96 36 36 36 36 498 498 500 544
1911 137 133 36 95 450 498 498 517 544 544
1914 138 127 36 498 498 498 499 527 504 517
1921 139 130 450 498 498 498 499 501 517 517
1922 139 138 499 499 499 501 501 501 517 517
1924 139 118 36 36 36 499 499 517 517 543
1927 140 133 36 450 451 499 499 527 543 545
1929 141 131 429 429 498 498 514 504 504 517
1930 141 137 429 499 499 499 515 504 504 517
1931 141 124 36 36 95 450 450 543 543 543
1937 142 121 450 498 498 498 498 498 499 527
1939 142 129 498 498 499 499 499 501 501 527
1942 142 137 450 450 450 498 501 527 544 544
1946 142 119 36 36 498 498 498 527 504 533
1947 142 131 36 36 443 527 504 533 533 533
1949 142 134 36 36 527 504 504 504 504 533
1964 143 121 36 498 498 498 499 499 503 517
1965 143 130 36 499 499 501 501 501 517 533
1966 143 137 36 450 451 501 503 517 544 544
1967 143 110 36 36 36 36 499 517 533 543
1972 145 116 429 429 498 498 498 498 500 514
1974 145 122 429 498 498 498 499 499 501 515
1975 145 128 499 499 499 499 499 499 501 515
1977 145 128 450 450 450 450 498 498 543 545
1978 145 136 450 450 451 499 499 501 544 545
1979 145 144 450 450 450 452 503 544 544 545
1981 145 120 36 429 498 498 498 514 504 504
1982 145 126 36 498 499 499 499 515 504 504
1983 145 116 36 36 36 450 498 502 544 545
1984 145 135 36 429 514 504 504 504 504 504
1986 145 137 95 498 498 498 498 498 517 545
1987 145 143 498 499 499 499 501 517 517 517
1989 145 141 36 498 498 504 504 517 517 517
1992 145 139 498 498 498 498 498 527 527 539
1998 146 137 36 95 498 498 499 527 543 544
2000 147 112 36 36 450 498 498 499 499 544
2001 147 122 36 36 499 501 501 501 533 533
2002 147 128 36 36 451 451 452 543 544 544
2003 147 102 36 36 36 36 36 533 533 543
2007 148 134 498 498 498 499 499 499 527 517
2008 148 146 443 499 499 499 527 517 533 533
2014 149 126 36 498 498 498 498 500 517 517
2015 149 135 36 498 499 499 501 517 517 533
2016 149 142 36 450 450 502 517 517 544 544
2017 149 133 36 36 498 504 504 517 517 531
2020 150 129 36 36 450 498 499 527 543 545
2022 151 140 95 450 498 498 499 501 544 544
2023 151 149 501 501 501 501 501 501 517 545
2025 151 129 36 36 36 501 501 517 544 545
2029 152 126 36 498 498 498 499 499 527 533
2030 152 138 36 443 499 499 527 533 533 533
2031 152 141 36 450 501 501 501 527 544 544
2032 152 141 36 499 499 527 504 504 504 533
