0 17 22826 300100 300200 300101 300300 300201 300102 310100 400100 400200 400101 420100 420200 420300 420101 510100 510200 520100
1 17 20935 300100 300200 300101 300300 300201 300102 300400 300301 300202 300103 300500 300401 300302 300203 420100 420200 420300
2 17 2322 300100 300200 300101 300300 300201 300102 300400 300301 300202 300103 300500 300401 300302 300203 400100 410100 510100
3 17 18926 300100 300200 300101 300300 300201 300102 300400 300301 300202 300103 300500 300401 300302 300203 400100 420100 420200
4 17 16090 300100 300200 300101 300300 300201 300102 310100 400100 420100 420200 420300 420101 510100 510200 510101 510300 510201
5 17 32280 300100 300200 300101 300300 300201 300102 300400 300301 300202 300103 400100 400200 400101 420100 420200 420300 420101
6 17 12073 300100 300200 300101 300300 300201 300102 310100 410100 420100 420200 420300 420101 510100 510200 510101 510300 510201
7 17 30896 300100 300200 300101 300300 300201 300102 310100 410100 420100 420200 420300 420101 510100 510200 510101 510300 510201
8 17 22982 300100 300200 300101 310100 310200 310101 400100 400200 400101 400300 400201 400102 420100 520100 520200 520101 520300
9 17 11751 300100 300200 300101 300300 300201 300102 300400 300301 300202 300103 300500 300401 300302 300203 400100 400200 400101
10 17 28599 300100 300200 300101 300300 300201 300102 300400 300301 300202 300103 300500 300401 300302 300203 400100 400200 400101
11 17 4434 300100 300200 300101 310100 310200 310101 400100 400200 400101 400300 400201 400102 510100 520100 520200 520101 610100
12 17 9185 300100 300200 300101 300300 300201 300102 310100 400100 400200 400101 400300 400201 400102 420100 510100 520100 520200
13 17 17642 300100 300200 300101 300300 300201 300102 300400 300301 300202 300103 300500 300401 300302 300203 400100 400200 400101
14 17 11230 300100 300200 300101 300300 300201 300102 300400 300301 300202 300103 300500 300401 300302 300203 400100 420100 420200
15 17 21062 300100 300200 300101 300300 300201 300102 300400 300301 300202 300103 400100 400200 400101 420100 420200 420300 420101
16 17 18418 300100 310100 310200 310101 310300 310201 310102 400100 400200 400101 400300 400201 400102 420100 510100 520100 520200
17 17 12368 300100 310100 310200 310101 310300 310201 310102 400100 410100 410200 410101 510100 520100 520200 520101 600100 620100
18 17 2343 300100 300200 300101 300300 300201 300102 300400 300301 300202 300103 300500 300401 300302 300203 400100 410100 510100
19 17 21000 300100 300200 300101 300300 300201 300102 310100 400100 400200 400101 420100 510100 510200 510101 520100 610100 610200
20 17 19764 300100 300200 300101 300300 300201 300102 300400 300301 300202 300103 300500 300401 300302 300203 400100 400200 400101
21 17 217 300100 300200 300101 300300 300201 300102 310100 420100 420200 420300 420101 420400 420201 420500 420301 420102 520100
22 17 30643 300100 300200 300101 300300 300201 300102 310100 420100 420200 420300 420101 420400 420201 420500 420301 420102 520100
23 17 4039 300100 300200 300101 300300 300201 300102 300400 300301 300202 300103 300500 300401 300302 300203 400100 400200 400101
24 17 10228 300100 300200 300101 300300 300201 300102 300400 300301 300202 300103 400100 400200 400101 420100 420200 420300 420101
25 17 1843 300100 310100 310200 310101 310300 310201 310102 400100 400200 400101 420100 420200 420300 420101 510100 510200 510101
26 17 30008 300100 300200 300101 310100 310200 310101 400100 420100 420200 420300 420101 510100 510200 510101 520100 610100 610200
27 17 32157 300100 300200 300101 300300 300201 300102 310100 400100 400200 400101 420100 420200 420300 420101 510100 510200 520100
28 17 19791 300100 300200 300101 300300 300201 300102 300400 300301 300202 300103 400100 410100 420100 510100 510200 510101 520100
29 17 28252 300100 300200 300101 310100 310200 310101 400100 400200 400101 400300 400201 400102 510100 510200 510101 510300 510201
30 17 26547 300100 300200 300101 300300 300201 300102 300400 300301 300202 300103 300500 300401 300302 300203 400100 400200 400101
31 17 11675 300100 300200 300101 300300 300201 300102 300400 300301 300202 300103 400100 400200 400101 410100 510100 510200 510101
32 17 16566 300100 300200 300101 300300 300201 300102 310100 410100 420100 420200 420300 420101 510100 510200 510101 510300 510201
33 17 26695 300100 300200 300101 300300 300201 300102 310100 400100 400200 400101 410100 510100 510200 510101 510300 510201 510102
34 17 24657 300100 300200 300101 300300 300201 300102 310100 400100 410100 420100 510100 510200 510101 510300 510201 510102 610100
35 17 21000 300100 300200 300101 300300 300201 300102 310100 400100 400200 400101 410100 510100 510200 510101 510300 510201 510102
36 17 14976 300100 300200 300101 300300 300201 300102 300400 300301 300202 300103 410100 410200 410101 410300 410201 410102 510100
37 17 28162 300100 300200 300101 300300 300201 300102 300400 300301 300202 300103 400100 410100 410200 410101 510100 510200 510101
38 17 28162 300100 300200 300101 300300 300201 300102 300400 300301 300202 300103 400100 410100 410200 410101 510100 510200 510101
39 17 30669 300100 300200 300101 300300 300201 300102 300400 300301 300202 300103 400100 400200 400101 420100 420200 420300 420101
40 17 22044 300100 300200 300101 300300 300201 300102 310100 400100 420100 420200 420300 420101 510100 510200 510101 510300 510201
41 17 1677 300100 300200 300101 300300 300201 300102 310100 400100 400200 400101 420100 510100 510200 510101 510300 510201 510102
42 17 22033 300100 300200 300101 310100 310200 310101 400100 420100 420200 420300 420101 420400 420201 420500 420301 420102 510200
43 17 4091 300100 300200 300101 300300 300201 300102 310100 400100 400200 400101 420100 500100 520100 520200 520101 520300 520201
44 17 6544 310100 310200 310101 310300 310201 310102 310400 310301 310202 310103 400100 400200 400101 400300 400201 400102 420100
45 17 309 300100 300200 300101 300300 300201 300102 310100 400100 400200 400101 400300 400201 400102 500100 520100 520200 520101
46 17 11404 300100 300200 300101 310100 310200 310101 400100 400200 400101 420100 420200 420300 420101 500100 520100 520200 520101
47 17 14099 300100 310100 310200 310101 310300 310201 310102 400100 400200 400101 400300 400201 400102 500100 520100 520200 520101
48 17 133 300100 300200 300101 300300 300201 300102 310100 400100 420100 420200 420300 420101 500100 520100 520200 520101 520300
49 17 32471 300100 300200 300101 300300 300201 300102 310100 400100 420100 420200 420300 420101 500100 520100 520200 520101 610100
50 17 8430 300100 300200 300101 310100 310200 310101 400100 400200 400101 400300 400201 400102 500100 520100 520200 520101 610100
51 17 30271 300100 300200 300101 310100 310200 310101 400100 400200 400101 400300 400201 400102 500100 520100 520200 520101 610100
52 17 5789 300100 300200 300101 310100 310200 310101 400100 400200 400101 400300 400201 400102 500100 520100 520200 520101 610100
53 17 9696 300100 300200 300101 310100 310200 310101 400100 400200 400101 420100 500100 520100 520200 520101 610100 610200 610101
54 17 8699 300100 300200 300101 300300 300201 300102 300400 300301 300202 300103 400100 400200 400101 410100 500100 520100 520200
55 17 10232 300100 300200 300101 300300 300201 300102 310100 400100 410100 420100 500100 520100 520200 520101 610100 610200 610101
56 17 14983 300100 300200 300101 300300 300201 300102 310100 400100 400200 400101 410100 500100 520100 520200 520101 610100 610200
57 17 18309 300100 300200 300101 300300 300201 300102 310100 410100 410200 410101 410300 410201 410102 500100 520100 520200 520101
58 17 26920 310100 310200 310101 310300 310201 310102 310400 310301 310202 310103 400100 400200 400101 410100 500100 520100 520200
59 17 18383 300100 310100 310200 310101 310300 310201 310102 400100 410100 410200 410101 500100 520100 520200 520101 600100 620100
60 17 17037 310100 310200 310101 310300 310201 310102 310400 310301 310202 310103 400100 400200 400101 410100 500100 520100 520200
61 17 26320 300100 300200 300101 300300 300201 300102 300400 300301 300202 300103 300500 300401 300302 300203 400100 400200 400101
62 17 13676 300100 300200 300101 300300 300201 300102 300400 300301 300202 300103 300500 300401 300302 300203 400100 420100 420200
63 17 16393 300100 300200 300101 300300 300201 300102 300400 300301 300202 300103 300500 300401 300302 300203 420100 420200 420300
64 17 13332 300100 310100 310200 310101 310300 310201 310102 400100 400200 400101 400300 400201 400102 500100 510100 520100 610100
65 17 31104 300100 300200 300101 300300 300201 300102 310100 400100 400200 400101 420100 500100 510100 520100 610100 610200 610101
66 17 27742 300100 300200 300101 300300 300201 300102 310100 410100 410200 410101 420100 500100 510100 520100 610100 610200 610101
67 17 25055 300100 310100 310200 310101 310300 310201 310102 400100 410100 410200 410101 500100 510100 520100 600100 620100 620200
68 17 17677 300100 310100 310200 310101 310300 310201 310102 400100 410100 410200 410101 500100 510100 520100 600100 620100 620200
69 17 1122 300100 310100 310200 310101 310300 310201 310102 400100 400200 400101 400300 400201 400102 420100 500100 510100 520100
70 17 716 300100 300200 300101 300300 300201 300102 300400 300301 300202 300103 300500 300401 300302 300203 400100 420100 420200
71 17 19259 300100 300200 300101 300300 300201 300102 300400 300301 300202 300103 300500 300401 300302 300203 400100 400200 400101
72 17 19656 300100 300200 300101 300300 300201 300102 300400 300301 300202 300103 300500 300401 300302 300203 400100 420100 420200
73 17 21787 300100 300200 300101 300300 300201 300102 300400 300301 300202 300103 400100 420100 420200 420300 420101 500100 510100
74 17 16114 310100 310200 310101 310300 310201 310102 310400 310301 310202 310103 400100 400200 400101 400300 400201 400102 420100
75 17 23004 300100 300200 300101 300300 300201 300102 310100 400100 410100 420100 500100 510100 510200 510101 610100 610200 610101
76 17 16489 300100 300200 300101 300300 300201 300102 310100 410100 420100 420200 420300 420101 500100 510100 510200 510101 610100
77 17 3866 300100 300200 300101 300300 300201 300102 310100 400100 420100 420200 420300 420101 420400 420201 420500 420301 500100
78 17 8537 300100 300200 300101 300300 300201 300102 310100 400100 400200 400101 420100 420200 420300 420101 500100 510100 510200
79 17 16443 300100 300200 300101 300300 300201 300102 310100 410100 410200 410101 420100 500100 510100 510200 510101 610100 610200
80 17 8413 300100 300200 300101 300300 300201 300102 310100 400100 420100 420200 420300 420101 500100 510100 510200 510101 610100
81 17 6943 300100 300200 300101 310100 310200 310101 400100 420100 420200 420300 420101 500100 510100 510200 510101 600100 610100
82 17 23451 300100 310100 310200 310101 310300 310201 310102 410100 420100 420200 420300 420101 500100 510100 510200 510101 600100
83 17 7250 300100 300200 300101 300300 300201 300102 300400 300301 300202 300103 400100 410100 410200 410101 500100 510100 510200
84 17 15181 300100 300200 300101 300300 300201 300102 310100 400100 400200 400101 420100 420200 420300 420101 500100 510100 510200
85 17 5038 300100 300200 300101 300300 300201 300102 310100 400100 420100 420200 420300 420101 420400 420201 420500 420301 500100
86 17 31041 300100 300200 300101 300300 300201 300102 310100 400100 400200 400101 410100 500100 510100 510200 510101 510300 510201
87 17 28238 300100 300200 300101 300300 300201 300102 300400 300301 300202 300103 400100 420100 420200 420300 420101 420400 420201
88 17 28476 300100 300200 300101 310100 310200 310101 400100 400200 400101 420100 500100 510100 510200 510101 510300 510201 510102
89 17 4425 300100 300200 300101 310100 310200 310101 400100 400200 400101 420100 420200 420300 420101 500100 510100 510200 510101
90 17 22819 300100 300200 300101 310100 310200 310101 400100 400200 400101 410100 500100 510100 510200 510101 510300 510201 510102
91 17 7411 300100 300200 300101 300300 300201 300102 310100 400100 400200 400101 400300 400201 400102 500100 500200 500101 520100
92 17 3581 300100 300200 300101 310100 310200 310101 400100 400200 400101 420100 500100 500200 500101 520100 520200 520101 610100
93 17 30575 300100 300200 300101 300300 300201 300102 300400 300301 300202 300103 400100 400200 400101 420100 500100 500200 500101
94 17 29679 300100 310100 310200 310101 310300 310201 310102 400100 400200 400101 400300 400201 400102 500100 500200 500101 520100
95 17 18268 300100 310100 310200 310101 310300 310201 310102 400100 400200 400101 400300 400201 400102 400400 400301 400202 400103
96 17 18008 300100 300200 300101 300300 300201 300102 310100 400100 410100 410200 410101 500100 500200 500101 520100 520200 520101
97 17 14711 300100 300200 300101 300300 300201 300102 310100 400100 400200 400101 410100 500100 500200 500101 520100 520200 520101
98 17 14711 300100 300200 300101 300300 300201 300102 310100 400100 400200 400101 410100 500100 500200 500101 520100 520200 520101
99 17 24472 300100 300200 300101 300300 300201 300102 310100 400100 420100 420200 420300 420101 500100 500200 500101 520100 520200
100 17 24822 300100 300200 300101 300300 300201 300102 310100 400100 410100 420100 500100 500200 500101 520100 520200 520101 610100
101 17 8355 300100 300200 300101 300300 300201 300102 310100 400100 400200 400101 420100 420200 420300 420101 500100 500200 500101
102 17 21709 300100 300200 300101 300300 300201 300102 310100 410100 410200 410101 420100 500100 500200 500101 520100 520200 520101
103 17 10944 300100 300200 300101 300300 300201 300102 310100 410100 410200 410101 420100 500100 500200 500101 520100 520200 520101
104 17 11109 300100 300200 300101 310100 310200 310101 400100 410100 420100 500100 500200 500101 520100 520200 520101 600100 710100
105 17 14530 300100 300200 300101 300300 300201 300102 300400 300301 300202 300103 410100 410200 410101 420100 420200 420300 420101
106 17 2403 300100 300200 300101 300300 300201 300102 310100 400100 420100 420200 420300 420101 500100 500200 500101 520100 610100
107 17 31995 300100 300200 300101 310100 310200 310101 400100 400200 400101 420100 500100 500200 500101 520100 610100 610200 610101
108 17 23446 300100 300200 300101 310100 310200 310101 400100 400200 400101 420100 500100 500200 500101 520100 610100 610200 610101
109 17 12888 300100 300200 300101 300300 300201 300102 300400 300301 300202 300103 300500 300401 300302 300203 410100 420100 420200
110 17 24169 300100 300200 300101 300300 300201 300102 300400 300301 300202 300103 300500 300401 300302 300203 420100 420200 420300
111 17 3182 300100 310100 310200 310101 310300 310201 310102 400100 410100 420100 500100 500200 500101 520100 610100 610200 610101
112 17 28324 300100 300200 300101 300300 300201 300102 310100 400100 400200 400101 410100 500100 500200 500101 520100 610100 610200
113 17 17165 300100 300200 300101 300300 300201 300102 310100 400100 400200 400101 420100 420200 420300 420101 500100 500200 500101
114 17 4861 300100 300200 300101 300300 300201 300102 310100 410100 410200 410101 410300 410201 410102 500100 500200 500101 520100
115 17 18519 310100 310200 310101 310300 310201 310102 310400 310301 310202 310103 400100 400200 400101 400300 400201 400102 400400
116 17 4627 300100 300200 300101 300300 300201 300102 310100 400100 400200 400101 420100 500100 500200 500101 520100 610100 610200
117 17 585 310100 310200 310101 310300 310201 310102 310400 310301 310202 310103 400100 400200 400101 400300 400201 400102 420100
118 17 31780 300100 300200 300101 300300 300201 300102 310100 410100 420100 420200 420300 420101 500100 500200 500101 520100 610100
119 17 9077 300100 300200 300101 300300 300201 300102 310100 400100 420100 420200 420300 420101 500100 500200 500101 520100 610100
120 17 22289 300100 300200 300101 300300 300201 300102 310100 410100 420100 420200 420300 420101 500100 500200 500101 520100 610100
121 17 21850 300100 300200 300101 300300 300201 300102 310100 420100 420200 420300 420101 420400 420201 420500 420301 420102 420600
122 17 4245 300100 310100 310200 310101 310300 310201 310102 410100 410200 410101 410300 410201 410102 500100 500200 500101 520100
123 17 14607 300100 300200 300101 310100 310200 310101 410100 410200 410101 420100 500100 500200 500101 520100 600100 610100 630100
124 17 16178 300100 300200 300101 310100 310200 310101 410100 410200 410101 420100 500100 500200 500101 520100 600100 610100 630100
125 17 18541 310100 310200 310101 310300 310201 310102 310400 310301 310202 310103 410100 410200 410101 410300 410201 410102 500100
126 17 19067 300100 300200 300101 300300 300201 300102 300400 300301 300202 300103 300500 300401 300302 300203 420100 420200 420300
127 17 8405 300100 300200 300101 300300 300201 300102 310100 400100 400200 400101 410100 500100 500200 500101 510100 610100 610200
128 17 29282 300100 300200 300101 300300 300201 300102 310100 400100 400200 400101 420100 500100 500200 500101 510100 610100 610200
129 17 15493 300100 300200 300101 300300 300201 300102 300400 300301 300202 300103 400100 420100 420200 420300 420101 500100 500200
130 17 21789 300100 300200 300101 300300 300201 300102 310100 420100 420200 420300 420101 420400 420201 420500 420301 420102 420600
131 17 14440 300100 300200 300101 300300 300201 300102 310100 410100 420100 420200 420300 420101 500100 500200 500101 510100 610100
132 17 27481 300100 310100 310200 310101 310300 310201 310102 400100 400200 400101 410100 500100 500200 500101 510100 600100 620100
133 17 31492 310100 310200 310101 310300 310201 310102 310400 310301 310202 310103 400100 400200 400101 410100 500100 500200 500101
134 17 14579 310100 310200 310101 310300 310201 310102 310400 310301 310202 310103 310500 310401 310302 310203 400100 400200 400101
135 17 18659 300100 300200 300101 310100 310200 310101 400100 400200 400101 420100 500100 500200 500101 510100 600100 610100 630100
136 17 18659 300100 300200 300101 310100 310200 310101 400100 400200 400101 420100 500100 500200 500101 510100 600100 610100 630100
137 17 26286 300100 310100 310200 310101 310300 310201 310102 400100 400200 400101 410100 500100 500200 500101 510100 600100 610100
138 17 28219 300100 310100 310200 310101 310300 310201 310102 400100 400200 400101 400300 400201 400102 420100 500100 500200 510100
139 17 17896 300100 300200 300101 310100 310200 310101 400100 420100 420200 420300 420101 500100 500200 500101 510100 600100 610100
140 17 4051 310100 310200 310101 310300 310201 310102 310400 310301 310202 310103 400100 400200 400101 420100 500100 500200 500101
141 17 14405 300100 310100 310200 310101 310300 310201 310102 420100 420200 420300 420101 420400 420201 420500 420301 420102 500100
142 17 11522 300100 310100 310200 310101 310300 310201 310102 400100 400200 400101 420100 500100 500200 500101 510100 510200 510101
143 17 28082 300100 300200 300101 300300 300201 300102 310100 400100 420100 420200 420300 420101 500100 500200 500101 510100 510200
144 17 19595 300100 310100 310200 310101 310300 310201 310102 400100 400200 400101 410100 500100 500200 500101 510100 510200 510101
145 17 1125 300100 310100 310200 310101 310300 310201 310102 400100 400200 400101 400300 400201 400102 500100 500200 500101 510100
146 17 26221 300100 310100 310200 310101 310300 310201 310102 400100 400200 400101 420100 420200 420300 420101 500100 500200 500101
147 17 16404 300100 300200 300101 310100 310200 310101 400100 420100 420200 420300 420101 500100 500200 500101 510100 510200 510101
148 17 11389 300100 300200 300101 310100 310200 310101 400100 410100 410200 410101 500100 500200 500101 510100 510200 510101 600100
149 17 11790 300100 300200 300101 310100 310200 310101 400100 400200 400101 420100 500100 500200 500101 500300 500201 500102 520100
150 17 868 300100 300200 300101 300300 300201 300102 310100 400100 410100 420100 500100 500200 500101 500300 500201 500102 520100
151 17 26871 300100 300200 300101 300300 300201 300102 310100 400100 400200 400101 420100 500100 500200 500101 500300 500201 500102
152 17 32623 310100 310200 310101 310300 310201 310102 310400 310301 310202 310103 400100 400200 400101 400300 400201 400102 400400
153 17 8421 300100 300200 300101 300300 300201 300102 310100 400100 420100 420200 420300 420101 500100 500200 500101 500300 500201
154 17 16693 310100 310200 310101 310300 310201 310102 310400 310301 310202 310103 400100 410100 410200 410101 500100 500200 500101
155 17 7261 300100 310100 310200 310101 310300 310201 310102 400100 410100 410200 410101 500100 500200 500101 500300 500201 500102
156 17 3756 300100 300200 300101 310100 310200 310101 410100 420100 420200 420300 420101 500100 500200 500101 500300 500201 500102
157 17 2925 310100 310200 310101 310300 310201 310102 310400 310301 310202 310103 400100 400200 400101 410100 500100 500200 500101
158 17 29236 300100 300200 300101 300300 300201 300102 310100 400100 400200 400101 420100 420200 420300 420101 500100 500200 500101
159 17 4845 300100 300200 300101 300300 300201 300102 310100 400100 420100 420200 420300 420101 420400 420201 420500 420301 500100
160 17 26534 300100 300200 300101 300300 300201 300102 310100 420100 420200 420300 420101 420400 420201 420500 420301 420102 500100
161 17 27152 300100 310100 310200 310101 310300 310201 310102 410100 410200 410101 420100 500100 500200 500101 500300 500201 500102
162 17 15149 310100 310200 310101 310300 310201 310102 310400 310301 310202 310103 410100 410200 410101 410300 410201 410102 500100
163 17 9084 310100 310200 310101 310300 310201 310102 310400 310301 310202 310103 400100 410100 420100 500100 500200 500101 500300
164 17 6354 310100 310200 310101 310300 310201 310102 310400 310301 310202 310103 410100 410200 410101 410300 410201 410102 500100
