6 16 39 111 0 6 2 3 1 4 0 1 2 1 2 1 1 2 1 2 3 0 0 2 0
6 16 2 20 0 6 2 3 1 2 1 2 3 1 0 2 3 0 2 1 2 1 0 2 0
6 14 27 27 0 6 3 3 0 4 0 1 2 1 2 1 0 2 3 1 0 0 0 2 3
6 14 9 30 0 6 3 3 0 3 1 1 3 0 3 0 2 1 0 3 1 0 1 3 0
6 14 -16 56 0 6 4 0 2 1 3 1 3 0 1 2 1 2 0 3 1 0 0 4 0
6 14 39 111 0 6 4 1 1 5 0 0 2 1 2 1 0 2 1 3 1 0 0 4 0
6 17 6 60 0 6 4 1 1 3 1 1 2 2 1 1 1 1 1 3 0 1 0 4 0
6 16 12 45 0 6 4 1 1 3 2 0 2 2 1 1 1 1 1 3 0 0 1 4 0
6 15 2 20 0 6 4 1 1 3 1 1 3 1 0 2 2 0 2 2 0 1 0 4 0
6 15 -5 -5 0 6 4 1 1 2 3 0 3 1 1 1 2 1 0 3 0 0 1 4 0
6 14 -8 -35 0 6 4 1 1 3 0 2 3 2 0 1 2 2 0 2 0 0 1 4 0
6 14 -9 -45 0 6 4 1 1 2 3 0 3 2 1 0 3 0 1 2 0 0 1 4 0
6 14 -11 -38 0 6 4 2 0 3 0 2 3 2 0 1 2 1 2 1 0 0 0 2 3
6 15 -15 90 0 6 5 0 1 2 2 1 2 2 1 1 0 2 1 3 0 0 1 4 0
6 15 -15 75 0 6 5 0 1 2 3 0 3 1 2 0 1 2 1 2 1 0 1 3 0
6 14 -43 191 0 6 5 1 0 1 1 3 3 0 1 2 1 0 1 4 0 4 1 0 0
6 16 47 -97 1 5 0 5 1 3 1 1 2 1 2 1 3 0 2 1 1 0 0 0 4
6 17 39 90 1 5 2 2 2 3 2 0 2 1 1 2 1 2 2 1 3 0 0 2 0
6 17 27 -6 1 5 2 4 0 3 1 1 2 1 1 2 1 1 3 1 0 0 2 0 3
6 16 0 -24 1 5 2 4 0 2 1 2 3 1 1 1 3 1 0 2 1 0 4 0 0
6 15 30 -72 1 5 3 1 2 4 0 1 1 5 0 0 2 1 2 1 0 0 0 1 4
6 16 14 5 1 5 3 1 2 2 3 0 2 2 1 1 2 1 0 3 1 0 0 4 0
6 17 16 16 1 5 3 2 1 3 1 1 3 0 1 2 2 1 0 3 0 1 3 1 0
6 15 21 111 1 5 3 3 0 3 1 1 1 2 3 0 1 0 0 5 0 1 3 1 0
6 14 30 120 1 5 3 3 0 4 0 1 1 3 2 0 1 1 0 4 2 0 0 3 0
6 16 3 -9 1 5 3 3 0 3 0 2 3 1 1 1 2 2 0 2 0 1 3 1 0
6 15 5 50 1 5 4 0 2 3 0 2 2 2 1 1 1 2 0 3 1 0 0 4 0
6 14 20 -16 1 5 4 0 2 4 0 1 2 3 0 1 1 3 0 2 0 0 2 0 3
6 16 -17 10 1 5 4 0 2 1 3 1 3 1 0 2 1 3 1 1 1 0 0 4 0
6 14 -9 30 1 5 4 1 1 1 4 0 2 2 0 2 1 0 4 1 0 0 0 5 0
6 15 -20 -20 1 5 4 1 1 1 3 1 3 1 0 2 1 2 3 0 0 0 0 5 0
6 14 -18 -60 1 5 4 1 1 1 4 0 3 2 0 1 3 0 1 2 0 0 0 5 0
6 14 -24 -60 1 5 4 1 1 2 0 3 3 2 0 1 1 4 1 0 0 0 0 5 0
6 15 -9 126 1 5 4 2 0 2 1 2 1 3 2 0 1 0 0 5 0 1 3 1 0
6 14 27 126 1 5 4 2 0 4 1 0 1 3 2 0 1 0 0 5 0 1 3 1 0
6 16 -28 125 1 5 5 1 0 1 3 1 2 2 1 1 0 1 4 1 1 0 0 4 0
6 15 -15 54 1 5 5 1 0 3 0 2 3 1 1 1 0 3 3 0 0 1 1 0 3
6 16 -36 156 1 5 6 0 0 2 1 2 3 1 1 1 0 2 3 1 0 3 1 1 0
6 16 48 -96 2 4 2 2 2 4 1 0 2 2 2 0 2 2 2 0 0 1 0 1 3
6 17 35 -1 2 4 2 3 1 3 1 1 2 0 2 2 0 3 2 1 0 1 0 1 3
6 18 20 65 2 4 2 3 1 2 2 1 2 1 1 2 2 0 2 2 1 2 2 0 0
6 16 25 -29 2 4 2 3 1 2 3 0 2 1 2 1 2 1 0 3 0 0 3 2 0
6 15 34 -20 2 4 2 3 1 3 2 0 3 0 0 3 2 1 3 0 0 2 2 1 0
6 15 39 126 2 4 2 4 0 3 2 0 1 2 2 1 1 0 3 2 2 0 3 0 0
6 15 18 81 2 4 2 4 0 2 2 1 2 0 4 0 2 0 0 4 1 2 1 1 0
6 14 39 90 2 4 3 0 3 3 2 0 2 0 1 3 0 3 0 3 0 3 1 1 0
6 14 -6 21 2 4 3 0 3 0 5 0 3 0 1 2 3 0 0 3 1 2 1 1 0
6 17 22 76 2 4 3 1 2 2 3 0 1 3 0 2 1 1 1 3 1 0 3 1 0
6 16 22 49 2 4 3 1 2 3 0 2 1 3 0 2 0 3 1 2 1 0 1 0 3
6 18 27 39 2 4 3 1 2 3 1 1 2 1 0 3 1 1 2 2 1 0 1 0 3
6 17 -6 -15 2 4 3 1 2 1 3 1 3 1 0 2 3 0 2 1 0 3 1 1 0
6 18 -13 -49 2 4 3 1 2 1 2 2 3 1 1 1 3 1 0 2 0 2 1 2 0
6 17 21 90 2 4 3 2 1 2 3 0 1 2 2 1 1 0 1 4 0 1 3 1 0
6 18 39 126 2 4 3 2 1 4 0 1 1 2 2 1 0 2 1 3 1 1 2 1 0
6 16 19 19 2 4 3 2 1 3 0 2 1 3 0 2 0 2 3 1 0 0 1 1 3
6 17 44 116 2 4 3 2 1 4 1 0 2 0 2 2 0 2 2 2 1 1 2 1 0
6 17 -8 100 2 4 3 2 1 1 2 2 2 1 2 1 2 0 0 4 1 2 2 0 0
6 16 13 -14 2 4 3 2 1 2 3 0 2 2 1 1 2 1 0 3 0 0 3 2 0
6 17 30 -36 2 4 3 2 1 4 0 1 2 2 2 0 1 3 1 1 0 1 0 1 3
6 17 -18 81 2 4 3 2 1 0 4 1 3 0 1 2 2 1 1 2 2 1 2 0 0
6 16 36 120 2 4 3 3 0 4 0 1 1 2 2 1 0 1 3 2 0 2 2 1 0
6 14 9 -9 2 4 3 3 0 2 3 0 2 2 2 0 2 0 3 1 0 0 3 2 0
6 14 9 -9 2 4 3 3 0 3 0 2 2 2 2 0 1 3 0 2 0 0 3 2 0
6 14 6 -39 2 4 3 3 0 3 0 2 2 3 1 0 2 2 0 2 0 0 3 2 0
6 16 -13 -49 2 4 3 3 0 1 3 1 3 1 1 1 3 0 1 2 0 0 3 2 0
6 17 19 46 2 4 4 0 2 3 2 0 2 2 1 1 1 2 1 2 0 2 1 2 0
6 15 -18 81 2 4 4 0 2 0 5 0 3 0 1 2 2 0 2 2 1 2 1 1 0
6 14 50 176 2 4 4 1 1 5 0 0 0 4 1 1 0 0 2 4 1 0 3 1 0
6 17 6 96 2 4 4 1 1 3 0 2 1 4 0 1 1 1 1 3 1 0 3 1 0
6 15 24 69 2 4 4 1 1 4 0 1 1 4 0 1 0 2 4 0 1 0 1 0 3
6 16 -13 59 2 4 4 1 1 2 0 3 2 2 0 2 0 3 2 1 1 0 1 0 3
6 17 -15 111 2 4 4 1 1 2 0 3 2 2 2 0 1 2 1 2 1 3 0 1 0
6 17 3 75 2 4 4 1 1 3 0 2 2 2 2 0 1 2 1 2 0 3 1 1 0
6 16 -9 111 2 4 4 2 0 2 1 2 1 4 0 1 1 0 3 2 1 0 3 1 0
6 15 9 75 2 4 4 2 0 3 1 1 2 1 3 0 1 1 0 4 0 0 4 1 0
6 16 -12 105 2 4 4 2 0 2 1 2 2 2 2 0 1 2 0 3 1 1 3 0 0
6 16 -6 81 2 4 4 2 0 2 2 1 2 2 2 0 1 2 0 3 1 0 3 1 0
6 15 0 36 2 4 4 2 0 2 3 0 2 2 2 0 1 1 3 1 0 0 3 2 0
6 15 12 36 2 4 4 2 0 3 2 0 2 2 2 0 1 1 3 1 0 0 3 2 0
6 14 -18 9 2 4 4 2 0 2 0 3 3 0 1 2 0 3 3 0 0 0 1 1 3
6 16 -15 -6 2 4 4 2 0 2 1 2 3 1 0 2 1 2 3 0 0 1 0 1 3
6 15 -22 -31 2 4 4 2 0 2 0 3 3 1 1 1 0 5 1 0 0 0 1 1 3
6 16 -15 135 2 4 5 0 1 2 1 2 1 4 0 1 1 0 1 4 0 2 2 1 0
6 17 -12 105 2 4 5 0 1 2 2 1 2 2 2 0 1 1 1 3 0 2 2 1 0
6 15 -26 136 2 4 5 1 0 2 0 3 2 2 1 1 0 2 2 2 0 3 0 2 0
6 16 -15 111 2 4 5 1 0 2 2 1 2 2 2 0 1 0 3 2 0 2 1 2 0
6 15 -39 150 2 4 5 1 0 0 4 1 3 0 1 2 0 2 3 1 1 1 3 0 0
6 16 -33 135 2 4 5 1 0 1 2 2 3 0 1 2 0 2 3 1 0 3 1 1 0
6 14 63 -153 3 3 0 3 3 3 2 0 2 1 2 1 4 0 0 2 0 2 0 0 3
6 14 49 -113 3 3 0 5 1 3 0 2 1 2 3 0 2 2 0 2 0 0 2 0 3
6 16 45 -81 3 3 1 2 3 2 3 0 1 3 0 2 2 1 3 0 1 0 0 1 3
6 14 37 -98 3 3 1 4 1 3 0 2 1 3 2 0 3 0 0 3 0 0 2 0 3
6 16 39 111 3 3 2 1 3 2 3 0 1 2 1 2 1 2 0 3 3 0 2 0 0
6 16 30 81 3 3 2 1 3 2 2 1 1 3 0 2 1 3 0 2 3 0 2 0 0
6 16 36 -36 3 3 2 1 3 2 3 0 1 3 0 2 1 2 3 0 1 0 0 1 3
6 15 36 -36 3 3 2 1 3 3 0 2 1 3 0 2 0 5 0 1 1 0 0 1 3
6 16 3 -9 3 3 2 1 3 0 4 1 2 1 2 1 3 0 0 3 1 2 0 2 0
6 17 45 -69 3 3 2 1 3 3 2 0 2 1 2 1 1 4 0 1 0 1 1 3 0
6 15 31 -50 3 3 2 1 3 2 3 0 2 2 0 2 3 0 2 1 0 3 0 2 0
6 18 43 151 3 3 2 2 2 3 1 1 0 4 1 1 1 1 1 3 3 1 1 0 0
6 15 33 -21 3 3 2 2 2 3 0 2 1 3 0 2 0 4 2 0 1 0 0 1 3
6 16 29 -61 3 3 2 2 2 3 0 2 1 4 0 1 2 2 0 2 1 0 0 1 3
6 17 34 61 3 3 2 2 2 2 3 0 2 0 2 2 1 2 1 2 2 0 2 1 0
6 15 14 5 3 3 2 2 2 1 3 1 2 0 4 0 2 1 0 3 0 3 0 2 0
6 15 43 151 3 3 3 0 3 3 2 0 0 4 1 1 1 0 2 3 2 2 0 1 0
6 17 21 75 3 3 3 0 3 2 2 1 1 3 0 2 1 2 0 3 1 2 1 1 0
6 15 27 75 3 3 3 0 3 3 0 2 1 3 0 2 0 4 0 2 1 2 1 1 0
6 14 -3 -30 3 3 3 0 3 0 5 0 2 2 1 1 3 0 0 3 0 2 1 2 0
6 15 42 141 3 3 3 1 2 3 2 0 0 3 3 0 0 1 2 3 1 2 0 2 0
6 17 54 165 3 3 3 1 2 4 1 0 1 1 2 2 0 1 2 3 1 3 0 1 0
6 15 24 24 3 3 3 1 2 2 3 0 1 3 0 2 1 0 5 0 1 0 0 1 3
6 16 24 24 3 3 3 1 2 3 0 2 1 3 0 2 0 3 2 1 1 0 0 1 3
6 15 23 -13 3 3 3 1 2 3 0 2 1 3 1 1 0 4 0 2 0 0 2 0 3
6 16 20 -16 3 3 3 1 2 3 0 2 1 4 0 1 1 2 3 0 1 0 0 1 3
6 17 -9 75 3 3 3 1 2 0 4 1 2 1 2 1 2 0 2 2 1 3 0 1 0
6 16 -3 15 3 3 3 1 2 0 5 0 2 1 2 1 2 0 2 2 0 2 1 2 0
6 17 21 -9 3 3 3 1 2 2 3 0 2 1 2 1 2 0 2 2 0 1 1 3 0
6 18 -6 -24 3 3 3 1 2 1 2 2 2 2 1 1 2 1 2 1 0 2 0 3 0
6 19 0 21 3 3 3 1 2 1 3 1 2 2 1 1 2 1 2 1 1 2 0 2 0
6 16 -15 -54 3 3 3 1 2 1 1 3 2 3 0 1 2 2 2 0 0 2 0 3 0
6 16 -9 -54 3 3 3 1 2 1 2 2 2 3 0 1 3 0 2 1 0 2 0 3 0
6 15 -3 -30 3 3 3 1 2 2 0 3 2 3 0 1 2 2 2 0 0 3 0 2 0
6 17 -16 -79 3 3 3 1 2 1 1 3 2 3 1 0 3 1 0 2 0 1 1 3 0
6 16 -19 26 3 3 3 1 2 0 3 2 3 0 1 2 1 4 0 1 2 0 2 1 0
6 16 3 111 3 3 3 2 1 2 0 3 0 5 1 0 1 1 1 3 2 0 2 1 0
6 15 22 76 3 3 3 2 1 3 0 2 1 2 3 0 0 3 0 3 1 0 2 2 0
6 15 21 27 3 3 3 2 1 3 0 2 1 3 0 2 0 2 4 0 0 1 1 0 3
6 16 27 39 3 3 3 2 1 3 1 1 1 3 0 2 0 2 4 0 1 0 0 1 3
6 18 -24 120 3 3 3 2 1 0 2 3 2 1 2 1 1 2 1 2 2 2 1 0 0
6 16 3 -9 3 3 3 2 1 2 1 2 2 2 1 1 2 0 4 0 0 2 0 3 0
6 14 -48 -156 3 3 3 2 1 0 0 5 3 2 1 0 3 2 1 0 0 0 0 2 3
6 14 30 120 3 3 3 3 0 3 1 1 0 3 3 0 0 0 3 3 0 1 2 2 0
6 14 48 165 3 3 3 3 0 4 1 0 0 3 3 0 0 0 3 3 1 1 2 1 0
6 18 4 85 3 3 3 3 0 2 1 2 1 3 2 0 1 1 2 2 1 1 2 1 0
6 16 -3 -30 3 3 3 3 0 2 1 2 2 3 0 1 2 1 3 0 0 1 2 2 0
6 16 43 151 3 3 4 0 2 4 1 0 0 4 1 1 0 1 1 4 1 1 1 2 0
6 15 27 75 3 3 4 0 2 3 2 0 1 3 0 2 0 2 2 2 0 1 2 2 0
6 18 -15 90 3 3 4 0 2 1 2 2 2 2 1 1 1 2 2 1 1 3 0 1 0
6 15 -10 -19 3 3 4 0 2 1 3 1 2 2 2 0 1 3 0 2 0 0 2 3 0
6 16 2 20 3 3 4 0 2 2 2 1 2 2 2 0 1 3 0 2 0 2 1 2 0
6 15 -24 156 3 3 4 1 1 0 3 2 0 5 1 0 1 0 1 4 2 0 2 1 0
6 16 -6 120 3 3 4 1 1 1 3 1 0 5 1 0 1 0 1 4 1 0 3 1 0
6 16 0 120 3 3 4 1 1 2 1 2 0 5 1 0 1 0 1 4 1 0 3 1 0
6 16 18 120 3 3 4 1 1 3 1 1 0 5 1 0 1 0 1 4 1 0 3 1 0
6 17 -14 121 3 3 4 1 1 1 2 2 1 3 2 0 1 1 0 4 1 2 0 2 0
6 17 4 85 3 3 4 1 1 2 2 1 1 3 2 0 1 0 3 2 0 2 1 2 0
6 18 -27 135 3 3 4 1 1 0 3 2 2 1 2 1 1 1 1 3 1 3 0 1 0
6 16 -15 75 3 3 4 1 1 0 5 0 2 1 2 1 1 0 4 1 0 2 1 2 0
6 18 -15 75 3 3 4 1 1 1 2 2 2 1 2 1 0 3 1 2 0 2 1 2 0
6 19 -9 75 3 3 4 1 1 1 3 1 2 1 2 1 1 1 1 3 0 2 1 2 0
6 19 0 45 3 3 4 1 1 2 2 1 2 2 1 1 1 2 1 2 0 2 1 2 0
6 19 0 21 3 3 4 1 1 2 2 1 2 2 1 1 1 2 1 2 0 1 1 3 0
6 16 -30 141 3 3 4 2 0 0 3 2 2 1 2 1 1 0 3 2 2 0 2 1 0
6 17 -24 120 3 3 4 2 0 0 4 1 2 1 2 1 1 0 3 2 1 1 2 1 0
6 19 -15 90 3 3 4 2 0 1 3 1 2 2 1 1 1 1 3 1 1 1 2 1 0
6 15 -9 30 3 3 4 2 0 2 1 2 2 2 1 1 0 3 3 0 0 0 3 2 0
6 17 -3 51 3 3 4 2 0 2 2 1 2 2 1 1 1 1 3 1 0 2 0 3 0
6 15 3 30 3 3 4 2 0 2 3 0 2 2 1 1 1 2 0 3 0 0 3 2 0
6 15 2 20 3 3 4 2 0 2 3 0 2 2 2 0 1 2 1 2 0 0 3 2 0
6 15 -12 141 3 3 5 0 1 2 1 2 0 6 0 0 1 0 1 4 1 1 1 2 0
6 14 -27 135 3 3 5 0 1 0 4 1 1 3 0 2 0 0 4 2 0 1 2 2 0
6 14 -37 170 3 3 5 0 1 0 3 2 1 4 0 1 0 2 2 2 2 0 3 0 0
6 16 -42 180 3 3 5 0 1 0 2 3 2 1 2 1 0 2 1 3 1 3 0 1 0
6 17 -24 120 3 3 5 0 1 1 2 2 2 1 2 1 0 2 1 3 0 2 1 2 0
6 15 -27 126 3 3 5 0 1 0 5 0 2 2 1 1 1 0 4 1 1 2 0 2 0
6 17 -27 126 3 3 5 0 1 1 2 2 2 2 1 1 0 3 1 2 1 2 0 2 0
6 16 -15 90 3 3 5 0 1 1 4 0 2 2 1 1 1 0 4 1 0 2 1 2 0
6 17 -15 90 3 3 5 0 1 2 1 2 2 2 1 1 0 3 1 2 0 2 1 2 0
6 14 -43 191 3 3 6 0 0 0 4 1 1 4 0 1 0 0 4 2 1 1 1 2 0
6 15 -51 210 3 3 6 0 0 0 3 2 2 2 1 1 0 1 3 2 1 3 0 1 0
6 14 54 -135 4 2 0 3 3 2 3 0 1 3 2 0 4 0 0 2 1 0 2 2 0
6 15 78 -183 4 2 0 3 3 4 1 0 2 1 1 2 2 4 0 0 0 1 0 1 3
6 16 66 -168 4 2 0 5 1 4 0 1 1 3 2 0 3 1 1 1 0 0 1 1 3
6 17 27 -54 4 2 1 2 3 1 3 1 1 3 2 0 3 1 0 2 2 0 1 2 0
6 14 47 146 4 2 1 4 1 3 0 2 0 3 3 0 0 3 2 1 4 0 1 0 0
6 16 6 60 4 2 1 4 1 0 3 2 1 2 3 0 2 1 1 2 3 0 2 0 0
6 15 21 75 4 2 1 5 0 1 3 1 1 2 3 0 2 0 3 1 3 0 2 0 0
6 15 27 75 4 2 1 5 0 2 1 2 1 2 3 0 1 2 3 0 3 0 2 0 0
6 14 45 135 4 2 2 1 3 2 3 0 0 3 2 1 0 3 0 3 3 0 2 0 0
6 15 30 120 4 2 2 1 3 1 4 0 0 4 1 1 2 0 0 4 3 1 1 0 0
6 18 28 1 4 2 2 1 3 1 4 0 1 2 2 1 1 2 2 1 1 1 0 3 0
6 16 9 -9 4 2 2 1 3 0 4 1 1 2 3 0 2 1 0 3 1 1 0 3 0
6 16 27 -45 4 2 2 1 3 1 4 0 1 2 3 0 2 1 0 3 0 1 1 3 0
6 15 6 -39 4 2 2 1 3 0 4 1 1 3 2 0 3 0 0 3 1 1 0 3 0
6 16 30 -60 4 2 2 1 3 2 2 1 1 3 2 0 2 2 0 2 0 2 0 3 0
6 15 39 30 4 2 2 1 3 2 3 0 2 0 2 2 0 5 0 1 2 0 2 1 0
6 15 39 -18 4 2 2 1 3 3 0 2 2 0 2 2 0 5 0 1 1 1 0 0 3
6 17 27 -33 4 2 2 2 2 2 1 2 0 4 1 1 0 3 2 1 0 0 1 1 3
6 15 12 36 4 2 2 2 2 0 5 0 1 2 3 0 2 0 2 2 2 0 1 2 0
6 17 21 -45 4 2 2 2 2 2 1 2 1 3 2 0 2 1 2 1 0 2 0 3 0
6 16 39 -69 4 2 2 2 2 3 1 1 1 3 2 0 1 3 2 0 0 1 0 4 0
6 15 -21 -93 4 2 2 2 2 0 1 4 1 5 0 0 3 1 2 0 1 1 0 0 3
6 15 51 150 4 2 2 3 1 3 2 0 1 0 5 0 0 2 1 3 2 2 0 1 0
6 17 3 75 4 2 2 3 1 0 4 1 1 2 3 0 2 0 1 3 2 1 1 1 0
6 18 15 15 4 2 2 3 1 1 3 1 1 2 3 0 1 2 1 2 1 0 2 2 0
6 19 21 75 4 2 2 3 1 2 1 2 1 2 3 0 1 2 1 2 2 1 1 1 0
6 15 -6 81 4 2 2 3 1 0 3 2 1 3 2 0 2 0 4 0 3 1 0 1 0
6 18 18 -15 4 2 2 3 1 2 1 2 1 3 2 0 1 3 1 1 1 0 2 2 0
6 16 30 -60 4 2 2 3 1 2 3 0 1 3 2 0 2 1 1 2 0 0 2 3 0
6 15 30 -63 4 2 2 3 1 3 0 2 1 3 2 0 2 0 4 0 0 1 0 1 3
6 14 8 -55 4 2 3 0 3 1 3 1 0 6 0 0 2 1 1 2 0 0 2 3 0
6 15 15 -30 4 2 3 0 3 1 4 0 1 3 2 0 2 1 0 3 0 1 1 3 0
6 14 27 -54 4 2 3 0 3 2 3 0 1 3 2 0 2 1 0 3 0 0 1 4 0
6 17 36 120 4 2 3 1 2 3 1 1 0 4 1 1 0 2 2 2 2 0 2 1 0
6 17 3 90 4 2 3 1 2 1 2 2 0 5 0 1 1 1 2 2 2 0 2 1 0
6 15 9 -18 4 2 3 1 2 2 0 3 0 5 0 1 0 3 2 1 0 0 1 1 3
6 14 8 80 4 2 3 1 2 2 0 3 0 5 1 0 0 4 0 2 2 0 2 1 0
6 14 8 -28 4 2 3 1 2 2 0 3 0 5 1 0 0 4 0 2 0 0 1 1 3
6 17 -3 51 4 2 3 1 2 0 4 1 1 2 3 0 1 1 2 2 1 1 0 3 0
6 17 15 15 4 2 3 1 2 1 4 0 1 2 3 0 1 1 2 2 0 1 1 3 0
6 18 21 75 4 2 3 1 2 2 2 1 1 2 3 0 1 1 2 2 1 2 0 2 0
6 18 14 32 4 2 3 1 2 2 1 2 1 3 0 2 1 1 3 1 1 1 0 0 3
6 15 26 17 4 2 3 1 2 3 0 2 1 3 0 2 0 3 3 0 1 0 1 0 3
6 15 12 -24 4 2 3 1 2 1 4 0 1 3 2 0 2 0 2 2 0 1 0 4 0
6 18 18 -15 4 2 3 1 2 2 2 1 1 3 2 0 1 2 2 1 0 1 1 3 0
6 15 30 -24 4 2 3 1 2 3 1 1 1 3 2 0 0 4 2 0 0 1 0 4 0
6 17 -7 11 4 2 3 1 2 0 4 1 2 1 2 1 2 0 3 1 1 1 0 3 0
6 16 -25 155 4 2 3 2 1 0 1 4 0 5 1 0 1 1 2 2 3 1 1 0 0
6 15 23 95 4 2 3 2 1 3 0 2 0 5 1 0 0 3 2 1 2 0 2 1 0
6 18 6 60 4 2 3 2 1 1 3 1 1 2 3 0 1 1 1 3 1 0 2 2 0
6 16 -9 66 4 2 3 2 1 0 4 1 1 3 2 0 1 1 4 0 2 0 1 2 0
6 17 -9 66 4 2 3 2 1 1 1 3 1 3 2 0 0 4 1 1 2 0 1 2 0
6 16 3 30 4 2 3 2 1 2 0 3 1 3 2 0 0 4 1 1 1 0 2 2 0
6 17 7 7 4 2 3 2 1 2 1 2 1 4 0 1 1 2 3 0 1 1 0 0 3
6 16 -21 -93 4 2 3 2 1 1 0 4 1 5 0 0 2 2 1 1 0 0 1 1 3
6 15 21 75 4 2 3 3 0 2 3 0 1 2 3 0 1 0 3 2 1 0 2 2 0
6 16 27 75 4 2 3 3 0 3 1 1 1 2 3 0 0 2 3 1 1 0 2 2 0
6 18 -12 105 4 2 3 3 0 1 1 3 1 3 2 0 1 1 3 1 2 1 1 1 0
6 17 -6 81 4 2 3 3 0 1 2 2 1 3 2 0 1 1 3 1 2 0 1 2 0
6 14 0 45 4 2 3 3 0 2 0 3 1 3 2 0 0 3 3 0 1 0 2 2 0
6 14 18 45 4 2 3 3 0 3 0 2 1 3 2 0 0 3 3 0 1 0 2 2 0
6 14 18 36 4 2 3 3 0 3 0 2 1 3 2 0 0 3 3 0 1 0 1 3 0
6 15 -1 71 4 2 4 0 2 1 3 1 0 5 1 0 0 2 3 1 1 0 1 3 0
6 16 -9 66 4 2 4 0 2 1 2 2 1 3 2 0 0 3 2 1 1 1 0 3 0
6 17 21 75 4 2 4 1 1 3 1 1 1 2 3 0 0 2 1 3 0 1 1 3 0
6 16 27 75 4 2 4 1 1 3 2 0 1 2 3 0 0 1 4 1 0 1 1 3 0
6 17 -12 105 4 2 4 1 1 1 2 2 1 3 2 0 1 0 4 1 1 2 0 2 0
6 16 -6 45 4 2 4 1 1 1 3 1 1 3 2 0 0 2 4 0 0 1 1 3 0
6 17 -6 81 4 2 4 1 1 1 3 1 1 3 2 0 1 0 4 1 1 1 0 3 0
6 15 -9 90 4 2 4 2 0 2 0 3 1 3 2 0 0 2 3 1 1 0 2 2 0
6 14 9 75 4 2 4 2 0 2 3 0 1 3 2 0 1 0 3 2 0 2 0 3 0
6 15 7 7 4 2 4 2 0 3 0 2 1 4 0 1 0 3 2 1 0 0 1 1 3
6 16 -25 155 4 2 5 0 1 1 1 3 0 5 1 0 0 1 2 3 1 1 1 2 0
6 14 -9 66 4 2 5 0 1 1 4 0 1 3 2 0 0 1 4 1 0 0 1 4 0
6 14 -14 40 4 2 5 0 1 1 4 0 2 2 2 0 0 3 3 0 0 1 1 3 0
6 16 -12 105 4 2 5 1 0 2 1 2 1 3 2 0 0 1 3 2 0 1 1 3 0
6 15 -6 81 4 2 5 1 0 2 2 1 1 3 2 0 0 1 3 2 0 0 1 4 0
6 14 -16 56 4 2 5 1 0 1 4 0 2 2 1 1 0 2 4 0 0 1 0 4 0
6 16 42 -48 5 1 0 4 2 1 3 1 1 1 3 1 1 3 2 0 2 0 0 0 3
6 15 43 -65 5 1 1 0 5 1 4 0 1 3 0 2 2 3 1 0 2 1 0 2 0
6 15 53 -118 5 1 1 1 4 2 3 0 0 5 0 1 2 2 2 0 1 0 0 1 3
6 16 54 -99 5 1 1 1 4 2 3 0 1 2 2 1 1 4 1 0 1 0 0 4 0
6 17 36 45 5 1 1 2 3 1 3 1 1 1 3 1 0 5 0 1 3 0 1 1 0
6 16 27 30 5 1 1 2 3 0 5 0 1 2 2 1 2 1 3 0 3 1 0 1 0
6 14 27 -54 5 1 1 2 3 0 5 0 1 2 2 1 3 0 0 3 0 2 3 0 0
6 16 32 -4 5 1 1 2 3 1 3 1 1 2 3 0 1 4 1 0 3 0 0 2 0
6 16 27 -18 5 1 1 4 1 1 3 1 1 2 2 1 2 0 4 0 2 0 0 0 3
6 15 24 -39 5 1 1 4 1 1 3 1 2 0 4 0 3 0 1 2 0 3 2 0 0
6 14 45 -54 5 1 2 0 4 2 3 0 1 2 2 1 0 5 1 0 1 0 0 4 0
6 14 11 -25 5 1 2 1 3 0 4 1 0 5 0 1 2 0 4 0 1 1 0 3 0
6 16 20 -43 5 1 2 2 2 1 3 1 0 5 0 1 2 0 3 1 1 0 0 1 3
6 18 27 30 5 1 2 2 2 1 4 0 1 2 2 1 1 2 2 1 2 0 1 2 0
6 15 18 21 5 1 2 2 2 1 3 1 2 0 4 0 2 1 2 1 0 5 0 0 0
6 16 15 6 5 1 2 3 1 1 3 1 2 0 4 0 2 1 1 2 0 3 2 0 0
6 16 -15 -69 5 1 2 3 1 0 2 3 2 2 2 0 3 1 1 1 0 2 3 0 0
6 14 12 36 5 1 2 4 0 1 3 1 2 0 4 0 2 0 3 1 0 4 1 0 0
6 14 12 21 5 1 2 4 0 1 3 1 2 0 4 0 2 0 3 1 0 3 2 0 0
6 14 17 62 5 1 3 0 3 2 0 3 0 4 1 1 0 3 1 2 2 0 0 0 3
6 14 20 65 5 1 3 0 3 1 4 0 0 5 0 1 1 1 4 0 2 1 0 2 0
6 15 20 65 5 1 3 0 3 2 1 2 0 5 0 1 0 4 1 1 2 1 0 2 0
6 16 9 66 5 1 3 0 3 1 2 2 1 2 2 1 1 2 0 3 0 4 1 0 0
6 14 33 6 5 1 3 0 3 2 3 0 1 2 2 1 0 3 3 0 1 0 0 4 0
6 14 32 -4 5 1 3 0 3 2 3 0 1 2 3 0 0 4 1 1 1 0 0 4 0
6 15 43 151 5 1 3 1 2 3 1 1 0 2 4 0 0 1 1 4 0 4 1 0 0
6 14 11 2 5 1 3 1 2 2 0 3 0 5 0 1 0 3 3 0 1 0 0 1 3
6 16 -8 100 5 1 3 1 2 0 3 2 0 5 1 0 1 2 1 2 3 0 1 1 0
6 17 -6 81 5 1 3 1 2 0 3 2 1 2 2 1 1 1 2 2 0 4 1 0 0
6 18 18 81 5 1 3 1 2 2 1 2 1 2 2 1 1 1 2 2 0 4 1 0 0
6 17 30 45 5 1 3 1 2 2 3 0 1 2 2 1 0 3 2 1 1 1 0 3 0
6 16 16 16 5 1 3 1 2 1 4 0 1 3 0 2 1 2 1 2 0 1 4 0 0
6 14 28 1 5 1 3 1 2 2 3 0 1 3 0 2 0 4 1 1 0 0 5 0 0
6 15 -9 27 5 1 3 1 2 1 0 4 1 3 1 1 0 4 2 0 2 0 0 0 3
6 15 -10 -19 5 1 3 1 2 0 3 2 1 3 2 0 1 2 3 0 1 0 0 4 0
6 16 12 -24 5 1 3 1 2 1 4 0 1 4 0 1 2 1 2 1 0 1 4 0 0
6 16 -4 41 5 1 3 1 2 0 4 1 2 1 1 2 2 0 3 1 0 4 1 0 0
6 14 25 106 5 1 3 2 1 2 2 1 0 3 3 0 0 2 0 4 0 2 3 0 0
6 16 30 81 5 1 3 2 1 2 3 0 1 1 3 1 0 2 1 3 0 1 4 0 0
6 16 -12 -39 5 1 3 2 1 0 4 1 2 2 2 0 2 2 1 1 0 1 4 0 0
6 16 2 20 5 1 3 3 0 1 3 1 1 3 2 0 1 1 4 0 1 0 1 3 0
6 14 2 101 5 1 4 0 2 1 3 1 0 5 0 1 1 0 3 2 0 3 2 0 0
6 14 8 80 5 1 4 0 2 1 4 0 0 5 0 1 1 0 3 2 1 1 0 3 0
6 15 -10 116 5 1 4 0 2 1 1 3 1 2 3 0 1 1 0 4 0 4 1 0 0
6 16 -1 -10 5 1 4 0 2 1 3 1 1 3 2 0 1 1 3 1 0 0 1 4 0
6 14 -24 -60 5 1 4 0 2 0 3 2 2 2 2 0 1 3 2 0 0 0 1 4 0
6 16 -3 51 5 1 4 1 1 1 3 1 1 3 1 1 0 3 1 2 0 0 5 0 0
6 17 -17 91 5 1 4 1 1 0 4 1 2 1 2 1 1 1 3 1 0 4 1 0 0
6 15 -12 96 5 1 5 0 1 1 3 1 1 3 1 1 0 2 1 3 0 0 5 0 0
6 14 62 -136 6 0 0 4 2 2 3 0 1 1 3 1 2 1 3 0 0 0 2 0 3
6 14 22 -59 6 0 1 2 3 0 4 1 0 5 0 1 3 0 2 1 1 1 3 0 0
6 14 46 -116 6 0 1 2 3 2 2 1 0 5 0 1 3 0 2 1 0 2 0 0 3
6 15 57 -141 6 0 1 2 3 3 1 1 0 5 1 0 2 3 0 1 0 1 1 0 3
6 14 28 1 6 0 1 4 1 0 5 0 1 0 5 0 1 1 3 1 0 2 2 1 0
6 14 27 30 6 0 2 0 4 0 5 0 1 1 2 2 1 2 1 2 0 4 1 0 0
6 14 9 -54 6 0 2 1 3 1 1 3 0 6 0 0 2 3 0 1 1 1 3 0 0
6 15 31 31 6 0 2 2 2 1 4 0 1 1 4 0 0 4 1 1 1 1 3 0 0
6 17 16 16 6 0 2 2 2 1 2 2 1 2 3 0 1 3 1 1 1 2 2 0 0
6 15 24 96 6 0 2 3 1 1 3 1 0 3 3 0 1 0 4 1 1 3 1 0 0
6 14 19 46 6 0 2 4 0 1 3 1 1 1 4 0 1 0 5 0 0 3 1 1 0
6 15 16 16 6 0 2 4 0 1 3 1 1 2 3 0 1 2 2 1 1 0 4 0 0
6 14 24 96 6 0 3 1 2 2 1 2 0 3 3 0 0 2 2 2 0 4 0 1 0
6 15 -3 -66 6 0 3 1 2 1 1 3 0 6 0 0 2 1 2 1 0 1 1 0 3
6 14 9 -54 6 0 3 1 2 1 3 1 0 6 0 0 2 1 2 1 0 0 4 1 0
6 15 36 81 6 0 3 1 2 2 3 0 1 1 2 2 0 1 5 0 0 3 1 1 0
6 14 -4 -40 6 0 3 1 2 0 4 1 1 4 0 1 2 2 0 2 0 1 4 0 0
6 14 21 66 6 0 3 2 1 1 4 0 0 3 3 0 0 1 4 1 0 1 3 1 0
6 14 16 -11 6 0 3 2 1 2 1 2 0 5 0 1 0 3 3 0 0 1 1 0 3
6 16 16 16 6 0 3 2 1 1 4 0 1 2 3 0 1 1 3 1 0 1 3 1 0
6 14 10 64 6 0 4 1 1 2 1 2 0 4 1 1 0 0 6 0 0 1 1 0 3
6 14 0 81 6 0 4 1 1 1 3 1 0 5 1 0 0 3 1 2 1 0 4 0 0
6 15 -15 30 6 0 4 1 1 0 4 1 2 1 2 1 0 4 1 1 0 1 4 0 0
6 14 -9 111 6 0 5 0 1 1 3 1 0 5 1 0 0 2 1 3 0 2 2 1 0
