1814 127 128 453 453 479 564 564 564 564 657
1825 127 107 36 36 36 505 505 657 657 657
1874 133 112 36 36 36 354 564 657 657 657
1899 135 118 36 36 218 479 564 657 657 657
1907 137 126 36 290 492 492 564 657 657 657
1908 137 128 36 505 505 479 584 657 657 657
1910 137 102 36 36 36 36 492 657 657 657
1937 142 141 210 262 290 657 657 657 657 657
1946 142 127 36 36 262 577 612 657 657 657
1964 143 133 36 210 354 577 657 657 657 657
1967 143 112 36 36 36 36 479 643 669 669
1972 145 137 218 290 564 564 564 564 657 657
1974 145 139 210 218 479 577 657 657 657 657
1975 145 144 479 479 479 479 584 622 669 669
1977 145 144 218 512 512 564 657 657 657 657
1981 145 133 36 218 564 564 564 612 612 657
1982 145 136 36 479 479 622 612 612 657 657
1983 145 122 36 36 36 512 584 622 669 669
2000 147 123 36 36 210 505 657 657 657 657
2001 147 129 36 36 505 479 479 659 669 670
2003 147 102 36 36 36 36 36 659 659 669
2014 149 138 36 95 218 657 657 657 657 657
2020 150 135 36 36 505 653 622 657 657 669
2022 151 149 95 505 505 584 657 657 657 669
2025 151 130 36 36 36 95 659 659 670 670
2029 152 138 36 262 479 577 657 657 657 657
2030 152 143 36 479 479 479 653 659 669 669
2032 152 145 36 479 653 577 612 612 612 669
