37 0 0 1296 19 18 18 13 6 14 12 11 10 10 14 3 6 11 9 11 3 10 8 11 5
37 0 0 1281 19 18 18 13 6 14 13 10 10 12 12 3 7 10 12 8 5 8 10 9 5
37 0 0 1288 19 18 18 13 6 15 10 12 10 12 12 3 6 13 9 9 5 8 10 9 5
37 0 0 1290 19 18 18 14 5 14 13 10 10 12 9 6 7 9 11 10 5 5 13 9 5
37 0 0 1288 19 18 19 10 8 14 13 10 10 12 9 6 7 9 11 10 4 8 10 10 5
37 0 0 1295 19 18 19 11 7 15 11 11 10 12 12 3 6 12 10 9 4 9 9 10 5
37 0 0 1279 20 17 13 16 8 10 15 12 9 13 10 5 10 8 11 8 12 4 8 8 5
37 0 0 1292 20 17 13 18 6 10 16 11 10 10 13 4 10 8 9 10 10 5 12 5 5
37 0 0 1293 20 17 13 18 6 11 13 13 11 7 16 3 10 8 9 10 8 11 6 7 5
37 0 0 1296 20 17 14 15 8 11 13 13 9 12 11 5 9 8 11 9 10 6 6 5 10
37 0 0 1269 20 17 14 16 7 11 14 12 10 10 13 4 9 10 7 11 9 6 11 6 5
37 0 0 1294 20 17 14 16 7 11 14 12 11 7 16 3 10 7 10 10 7 12 5 8 5
37 0 0 1295 20 17 14 18 5 11 15 11 10 10 13 4 9 9 8 11 9 4 13 6 5
37 0 0 1272 20 17 15 13 9 11 15 11 10 12 8 7 10 7 12 8 8 10 7 7 5
37 0 0 1296 20 17 15 13 9 12 11 14 9 12 11 5 8 10 9 10 9 7 5 6 10
37 0 0 1292 20 17 15 14 8 10 17 10 10 8 15 4 9 7 8 13 6 9 8 9 5
37 0 0 1271 20 17 15 14 8 11 15 11 9 13 10 5 9 8 11 9 10 4 8 10 5
37 0 0 1273 20 17 15 14 8 12 12 13 10 10 13 4 8 12 5 12 8 7 10 7 5
37 0 0 1290 20 17 15 15 7 11 15 11 9 11 15 2 8 9 10 10 8 7 5 12 5
37 0 0 1296 20 17 15 15 7 11 16 10 9 13 13 2 9 8 13 7 10 5 7 10 5
37 0 0 1278 20 17 15 15 7 11 16 10 10 12 8 7 10 6 13 8 8 8 9 7 5
37 0 0 1291 20 17 15 15 7 12 12 13 9 12 11 5 8 9 10 10 9 5 7 6 10
37 0 0 1279 20 17 15 15 7 12 13 12 9 13 13 2 8 11 10 8 10 5 7 10 5
37 0 0 1296 20 17 15 15 7 13 10 14 9 13 13 2 7 14 7 9 10 5 7 10 5
37 0 0 1293 20 17 15 16 6 11 15 11 8 13 13 3 7 9 12 9 8 4 8 12 5
37 0 0 1281 20 17 15 16 6 11 16 10 10 10 13 4 9 8 9 11 8 5 12 7 5
37 0 0 1289 20 17 15 16 6 12 13 12 11 7 16 3 9 8 9 11 6 11 6 9 5
37 0 0 1271 20 17 15 17 5 13 11 13 10 11 12 4 8 10 11 8 8 6 11 7 5
37 0 0 1274 20 17 16 11 10 12 13 12 10 12 8 7 9 9 10 9 7 11 6 8 5
37 0 0 1284 20 17 16 12 9 11 16 10 9 13 10 5 9 7 12 9 9 5 7 11 5
37 0 0 1295 20 17 16 13 8 11 17 9 10 12 8 7 10 5 14 8 7 9 8 8 5
37 0 0 1294 20 17 16 13 8 11 17 9 11 9 11 6 10 6 11 10 5 12 10 5 5
37 0 0 1292 20 17 16 13 8 12 13 12 9 12 11 5 8 8 11 10 8 6 6 7 10
37 0 0 1283 20 17 16 13 8 12 14 11 9 13 13 2 8 10 11 8 9 6 6 11 5
37 0 0 1274 20 17 16 13 8 12 14 11 11 9 11 6 9 9 8 11 5 12 10 5 5
37 0 0 1289 20 17 16 13 8 13 11 13 9 13 13 2 7 13 8 9 9 6 6 11 5
37 0 0 1282 20 17 16 14 7 11 17 9 10 10 13 4 9 7 10 11 7 6 11 8 5
37 0 0 1294 20 17 16 14 7 12 14 11 9 13 10 5 8 9 10 10 8 7 5 7 10
37 0 0 1270 20 17 16 14 7 12 14 11 10 10 13 4 8 10 7 12 7 6 11 8 5
37 0 0 1277 20 17 16 14 7 12 14 11 10 11 9 7 8 9 10 10 5 9 13 5 5
37 0 0 1282 20 17 16 14 7 14 9 14 11 10 10 6 8 11 10 8 5 13 9 5 5
37 0 0 1276 20 17 16 15 6 12 14 11 10 9 14 4 8 7 12 10 5 9 8 10 5
37 0 0 1294 20 17 16 15 6 12 15 10 9 13 13 2 8 9 12 8 9 4 8 11 5
37 0 0 1296 20 17 16 15 6 12 15 10 10 10 16 1 8 10 9 10 7 7 10 8 5
37 0 0 1279 20 17 16 15 6 12 15 10 11 9 11 6 9 8 9 11 5 10 12 5 5
37 0 0 1289 20 17 16 15 6 13 12 12 9 13 13 2 7 12 9 9 9 4 8 11 5
37 0 0 1271 20 17 16 15 6 14 9 14 10 11 12 4 7 12 9 9 7 7 10 8 5
37 0 0 1293 20 17 16 16 5 12 15 10 10 10 13 4 8 9 8 12 7 4 13 8 5
37 0 0 1291 20 17 16 16 5 13 13 11 11 10 10 6 9 7 14 7 5 11 11 5 5
37 0 0 1281 20 17 16 16 5 14 10 13 11 10 10 6 8 10 11 8 5 11 11 5 5
37 0 0 1290 20 17 16 17 4 13 13 11 10 11 12 4 8 8 13 8 7 5 12 8 5
37 0 0 1286 20 17 17 10 10 12 14 11 9 13 10 5 8 9 10 10 8 6 6 12 5
37 0 0 1287 20 17 17 11 9 12 15 10 9 14 9 5 8 10 9 10 8 7 5 12 5
37 0 0 1282 20 17 17 11 9 12 15 10 10 12 8 7 9 7 12 9 6 10 7 9 5
