MASK 14 96253 13
MASK 14 96254 13
MASK 14 126461 13
MASK 14 126462 13
MASK 14 161789 13
MASK 14 161790 13
MASK 14 191997 13
MASK 14 191998 13
MASK 14 209919 13
MASK 14 210815 13
MASK 14 210927 13
MASK 14 211839 13
MASK 14 211951 13
MASK 14 219103 13
MASK 14 219131 13
MASK 14 226175 13
MASK 14 226287 13
MASK 14 227183 13
MASK 14 227291 13
MASK 14 228207 13
MASK 14 242559 13
MASK 14 242671 13
MASK 14 243567 13
MASK 14 244591 13
MASK 14 251867 13
MASK 14 253295 13
MASK 14 292861 13
MASK 14 292862 13
MASK 14 323069 13
MASK 14 323070 13
MASK 14 349695 13
MASK 14 350143 13
MASK 14 350199 13
MASK 14 351679 13
MASK 14 351735 13
MASK 14 357823 13
MASK 14 357879 13
MASK 14 358327 13
MASK 14 359863 13
MASK 14 382399 13
MASK 14 382455 13
MASK 14 382903 13
MASK 14 384439 13
MASK 14 464893 13
MASK 14 464894 13
MASK 14 468989 13
MASK 14 468990 13
MASK 14 471935 13
MASK 14 472047 13
MASK 14 472943 13
MASK 14 473967 13
MASK 14 477181 13
MASK 14 477182 13
MASK 14 480703 13
MASK 14 480759 13
MASK 14 481207 13
MASK 14 481243 13
MASK 14 482743 13
MASK 14 487933 13
MASK 14 487934 13
MASK 14 488189 13
MASK 14 488190 13
MASK 14 488303 13
MASK 14 488701 13
MASK 14 488702 13
MASK 14 488887 13
MASK 14 489277 13
MASK 14 489278 13
MASK 14 489309 13
MASK 14 489310 13
MASK 14 489373 13
MASK 14 489374 13
MASK 14 489445 13
MASK 14 489446 13
MASK 14 489449 13
MASK 14 489450 13
MASK 14 489457 13
MASK 14 489458 13
MASK 14 489725 13
MASK 14 489726 13
MASK 14 493565 13
MASK 14 493566 13
MASK 14 503215 13
MASK 14 504687 13
MASK 14 511227 13
MASK 14 513463 13
MASK 14 555005 13
MASK 14 555006 13
MASK 14 585213 13
MASK 14 585214 13
MASK 14 734079 13
MASK 14 734191 13
MASK 14 735087 13
MASK 14 736111 13
MASK 14 743387 13
MASK 14 750447 13
MASK 14 764847 13
MASK 14 766831 13
MASK 14 768997 13
MASK 14 768998 13
MASK 14 769001 13
MASK 14 769002 13
MASK 14 769009 13
MASK 14 769010 13
MASK 14 829375 13
MASK 14 829423 13
MASK 14 833455 13
MASK 14 843183 13
MASK 14 845743 13
MASK 14 873919 13
MASK 14 873975 13
MASK 14 874423 13
MASK 14 875959 13
MASK 14 882103 13
MASK 14 894895 13
MASK 14 906679 13
MASK 14 908605 13
MASK 14 908606 13
MASK 14 908637 13
MASK 14 908638 13
MASK 14 908701 13
MASK 14 908702 13
MASK 14 960431 13
MASK 14 973797 13
MASK 14 973798 13
MASK 14 973801 13
MASK 14 973802 13
MASK 14 973809 13
MASK 14 973810 13
MASK 14 1079293 13
MASK 14 1079294 13
MASK 14 1109501 13
MASK 14 1109502 13
MASK 14 1258367 13
MASK 14 1258479 13
MASK 14 1259375 13
MASK 14 1260399 13
MASK 14 1267675 13
MASK 14 1274735 13
MASK 14 1290749 13
MASK 14 1290750 13
MASK 14 1291005 13
MASK 14 1291006 13
MASK 14 1291119 13
MASK 14 1291517 13
MASK 14 1291518 13
MASK 14 1292541 13
MASK 14 1292542 13
MASK 14 1398207 13
MASK 14 1398263 13
MASK 14 1398711 13
MASK 14 1400247 13
MASK 14 1406391 13
MASK 14 1430967 13
MASK 14 1437413 13
MASK 14 1437414 13
MASK 14 1437417 13
MASK 14 1437418 13
MASK 14 1437425 13
MASK 14 1437426 13
MASK 14 1496893 13
MASK 14 1496894 13
MASK 14 1496925 13
MASK 14 1496926 13
MASK 14 1496989 13
MASK 14 1496990 13
MASK 14 1692157 13
MASK 14 1692158 13
MASK 14 1692413 13
MASK 14 1692414 13
MASK 14 1692925 13
MASK 14 1692926 13
MASK 14 1693949 13
MASK 14 1693950 13
MASK 14 1842685 13
MASK 14 1842686 13
MASK 14 1846781 13
MASK 14 1846782 13
MASK 14 1854973 13
MASK 14 1854974 13
MASK 14 1871357 13
MASK 14 1871358 13
MASK 14 1877935 13
MASK 14 1892861 13
MASK 14 1892862 13
MASK 14 1893117 13
MASK 14 1893118 13
MASK 14 1893629 13
MASK 14 1893630 13
MASK 14 1894653 13
MASK 14 1894654 13
MASK 14 1895741 13
MASK 14 1895742 13
MASK 14 1895773 13
MASK 14 1895774 13
MASK 14 1895837 13
MASK 14 1895838 13
MASK 14 1895909 13
MASK 14 1895910 13
MASK 14 1895913 13
MASK 14 1895914 13
MASK 14 1895921 13
MASK 14 1895922 13
MASK 15 96255 14
MASK 15 126463 14
MASK 15 161791 14
MASK 15 191999 14
MASK 15 210943 14
MASK 15 211967 14
MASK 15 219135 14
MASK 15 223231 14
MASK 15 226303 14
MASK 15 226815 14
MASK 15 227071 14
MASK 15 227199 14
MASK 15 227263 14
MASK 15 227295 14
MASK 15 227311 14
MASK 15 227319 14
MASK 15 227323 14
MASK 15 227325 14
MASK 15 227326 14
MASK 15 228223 14
MASK 15 228335 14
MASK 15 242687 14
MASK 15 243583 14
MASK 15 243695 14
MASK 15 244607 14
MASK 15 244719 14
MASK 15 251871 14
MASK 15 251899 14
MASK 15 253311 14
MASK 15 253423 14
MASK 15 257533 14
MASK 15 257534 14
MASK 15 292863 14
MASK 15 323071 14
MASK 15 342015 14
MASK 15 350207 14
MASK 15 351743 14
MASK 15 354303 14
MASK 15 357375 14
MASK 15 357887 14
MASK 15 358143 14
MASK 15 358271 14
MASK 15 358335 14
MASK 15 358367 14
MASK 15 358383 14
MASK 15 358391 14
MASK 15 358395 14
MASK 15 358397 14
MASK 15 358398 14
MASK 15 359871 14
MASK 15 359927 14
MASK 15 367615 14
MASK 15 382463 14
MASK 15 382911 14
MASK 15 382967 14
MASK 15 384447 14
MASK 15 384503 14
MASK 15 388605 14
MASK 15 388606 14
MASK 15 407551 14
MASK 15 415743 14
MASK 15 419839 14
MASK 15 422911 14
MASK 15 423423 14
MASK 15 423679 14
MASK 15 423807 14
MASK 15 423871 14
MASK 15 423903 14
MASK 15 423919 14
MASK 15 423927 14
MASK 15 423931 14
MASK 15 423933 14
MASK 15 423934 14
MASK 15 454141 14
MASK 15 454142 14
MASK 15 464895 14
MASK 15 468991 14
MASK 15 472063 14
MASK 15 472575 14
MASK 15 472831 14
MASK 15 472959 14
MASK 15 473023 14
MASK 15 473055 14
MASK 15 473071 14
MASK 15 473079 14
MASK 15 473083 14
MASK 15 473085 14
MASK 15 473086 14
MASK 15 473983 14
MASK 15 474095 14
MASK 15 477183 14
MASK 15 480255 14
MASK 15 480767 14
MASK 15 481023 14
MASK 15 481151 14
MASK 15 481215 14
MASK 15 481247 14
MASK 15 481263 14
MASK 15 481271 14
MASK 15 481275 14
MASK 15 481277 14
MASK 15 481278 14
MASK 15 482751 14
MASK 15 482807 14
MASK 15 484351 14
MASK 15 484863 14
MASK 15 485119 14
MASK 15 485247 14
MASK 15 485311 14
MASK 15 485343 14
MASK 15 485359 14
MASK 15 485367 14
MASK 15 485371 14
MASK 15 485373 14
MASK 15 485374 14
MASK 15 487935 14
MASK 15 488191 14
MASK 15 488319 14
MASK 15 488383 14
MASK 15 488415 14
MASK 15 488431 14
MASK 15 488439 14
MASK 15 488443 14
MASK 15 488445 14
MASK 15 488446 14
MASK 15 488703 14
MASK 15 488831 14
MASK 15 488895 14
MASK 15 488927 14
MASK 15 488943 14
MASK 15 488951 14
MASK 15 488955 14
MASK 15 488957 14
MASK 15 488958 14
MASK 15 489087 14
MASK 15 489151 14
MASK 15 489183 14
MASK 15 489199 14
MASK 15 489207 14
MASK 15 489211 14
MASK 15 489213 14
MASK 15 489214 14
MASK 15 489279 14
MASK 15 489311 14
MASK 15 489327 14
MASK 15 489335 14
MASK 15 489339 14
MASK 15 489341 14
MASK 15 489342 14
MASK 15 489375 14
MASK 15 489391 14
MASK 15 489399 14
MASK 15 489403 14
MASK 15 489405 14
MASK 15 489406 14
MASK 15 489423 14
MASK 15 489431 14
MASK 15 489435 14
MASK 15 489437 14
MASK 15 489438 14
MASK 15 489447 14
MASK 15 489451 14
MASK 15 489453 14
MASK 15 489454 14
MASK 15 489459 14
MASK 15 489461 14
MASK 15 489462 14
MASK 15 489465 14
MASK 15 489466 14
MASK 15 489727 14
MASK 15 489981 14
MASK 15 489982 14
MASK 15 490237 14
MASK 15 490238 14
MASK 15 490351 14
MASK 15 490749 14
MASK 15 490750 14
MASK 15 490935 14
MASK 15 493567 14
MASK 15 497661 14
MASK 15 497662 14
MASK 15 501757 14
MASK 15 501758 14
MASK 15 503231 14
MASK 15 503279 14
MASK 15 504703 14
MASK 15 504815 14
MASK 15 505711 14
MASK 15 506735 14
MASK 15 507311 14
MASK 15 509949 14
MASK 15 509950 14
MASK 15 511231 14
MASK 15 511483 14
MASK 15 511739 14
MASK 15 513471 14
MASK 15 513527 14
MASK 15 513975 14
MASK 15 514011 14
MASK 15 515323 14
MASK 15 515439 14
MASK 15 515511 14
MASK 15 518527 14
MASK 15 519419 14
MASK 15 519599 14
MASK 15 555007 14
MASK 15 585215 14
MASK 15 620541 14
MASK 15 620542 14
MASK 15 622063 14
MASK 15 637935 14
MASK 15 645103 14
MASK 15 646591 14
MASK 15 650749 14
MASK 15 650750 14
MASK 15 686077 14
MASK 15 686078 14
MASK 15 703471 14
MASK 15 712443 14
MASK 15 716285 14
MASK 15 716286 14
MASK 15 734207 14
MASK 15 735103 14
MASK 15 735215 14
MASK 15 736127 14
MASK 15 736239 14
MASK 15 743391 14
MASK 15 743419 14
MASK 15 750463 14
MASK 15 750575 14
MASK 15 751471 14
MASK 15 751579 14
MASK 15 752495 14
MASK 15 760815 14
MASK 15 764863 14
MASK 15 764911 14
MASK 15 766847 14
MASK 15 766959 14
MASK 15 767855 14
MASK 15 768495 14
MASK 15 768751 14
MASK 15 768879 14
MASK 15 768943 14
MASK 15 768975 14
MASK 15 768999 14
MASK 15 769003 14
MASK 15 769005 14
MASK 15 769006 14
MASK 15 769011 14
MASK 15 769013 14
MASK 15 769014 14
MASK 15 769017 14
MASK 15 769018 14
MASK 15 776155 14
MASK 15 777583 14
MASK 15 781231 14
MASK 15 801791 14
MASK 15 817149 14
MASK 15 817150 14
MASK 15 829439 14
MASK 15 833471 14
MASK 15 833519 14
MASK 15 840703 14
MASK 15 843199 14
MASK 15 843247 14
MASK 15 845759 14
MASK 15 845807 14
MASK 15 847357 14
MASK 15 847358 14
MASK 15 873983 14
MASK 15 874431 14
MASK 15 874487 14
MASK 15 875967 14
MASK 15 876023 14
MASK 15 882111 14
MASK 15 882167 14
MASK 15 882615 14
MASK 15 884151 14
MASK 15 892351 14
MASK 15 894911 14
MASK 15 894959 14
MASK 15 898431 14
MASK 15 898991 14
MASK 15 904639 14
MASK 15 906687 14
MASK 15 906743 14
MASK 15 907191 14
MASK 15 907711 14
MASK 15 908479 14
MASK 15 908607 14
MASK 15 908639 14
MASK 15 908669 14
MASK 15 908670 14
MASK 15 908703 14
MASK 15 908719 14
MASK 15 908727 14
MASK 15 908731 14
MASK 15 908733 14
MASK 15 908734 14
MASK 15 908765 14
MASK 15 908766 14
MASK 15 911279 14
MASK 15 960447 14
MASK 15 960495 14
MASK 15 961531 14
MASK 15 964527 14
MASK 15 969215 14
MASK 15 972667 14
MASK 15 973799 14
MASK 15 973803 14
MASK 15 973805 14
MASK 15 973806 14
MASK 15 973811 14
MASK 15 973813 14
MASK 15 973814 14
MASK 15 973817 14
MASK 15 973818 14
MASK 15 974255 14
MASK 15 976815 14
MASK 15 978651 14
MASK 15 1079295 14
MASK 15 1109503 14
MASK 15 1144829 14
MASK 15 1144830 14
MASK 15 1154559 14
MASK 15 1160191 14
MASK 15 1175037 14
MASK 15 1175038 14
MASK 15 1210365 14
MASK 15 1210366 14
MASK 15 1225727 14
MASK 15 1240573 14
MASK 15 1240574 14
MASK 15 1258495 14
MASK 15 1259391 14
MASK 15 1259503 14
MASK 15 1260415 14
MASK 15 1260527 14
MASK 15 1267679 14
MASK 15 1267707 14
MASK 15 1274751 14
MASK 15 1274863 14
MASK 15 1275759 14
MASK 15 1275867 14
MASK 15 1276383 14
MASK 15 1276783 14
MASK 15 1283071 14
MASK 15 1287167 14
MASK 15 1290751 14
MASK 15 1291007 14
MASK 15 1291135 14
MASK 15 1291199 14
MASK 15 1291231 14
MASK 15 1291247 14
MASK 15 1291255 14
MASK 15 1291259 14
MASK 15 1291261 14
MASK 15 1291262 14
MASK 15 1291519 14
MASK 15 1291773 14
MASK 15 1291774 14
MASK 15 1292029 14
MASK 15 1292030 14
MASK 15 1292143 14
MASK 15 1292543 14
MASK 15 1292797 14
MASK 15 1292798 14
MASK 15 1293053 14
MASK 15 1293054 14
MASK 15 1293167 14
MASK 15 1293565 14
MASK 15 1293566 14
MASK 15 1300443 14
MASK 15 1300927 14
MASK 15 1301727 14
MASK 15 1301871 14
MASK 15 1341437 14
MASK 15 1341438 14
MASK 15 1371645 14
MASK 15 1371646 14
MASK 15 1398271 14
MASK 15 1398719 14
MASK 15 1398775 14
MASK 15 1399551 14
MASK 15 1400255 14
MASK 15 1400311 14
MASK 15 1406399 14
MASK 15 1406455 14
MASK 15 1406903 14
MASK 15 1408439 14
MASK 15 1419255 14
MASK 15 1430975 14
MASK 15 1431031 14
MASK 15 1431479 14
MASK 15 1433015 14
MASK 15 1437415 14
MASK 15 1437419 14
MASK 15 1437421 14
MASK 15 1437422 14
MASK 15 1437427 14
MASK 15 1437429 14
MASK 15 1437430 14
MASK 15 1437433 14
MASK 15 1437434 14
MASK 15 1496895 14
MASK 15 1496927 14
MASK 15 1496957 14
MASK 15 1496958 14
MASK 15 1496991 14
MASK 15 1497021 14
MASK 15 1497022 14
MASK 15 1497053 14
MASK 15 1497054 14
MASK 15 1603581 14
MASK 15 1603582 14
MASK 15 1621743 14
MASK 15 1625855 14
MASK 15 1629055 14
MASK 15 1633789 14
MASK 15 1633790 14
MASK 15 1692159 14
MASK 15 1692415 14
MASK 15 1692669 14
MASK 15 1692670 14
MASK 15 1692927 14
MASK 15 1693181 14
MASK 15 1693182 14
MASK 15 1693437 14
MASK 15 1693438 14
MASK 15 1693951 14
MASK 15 1694205 14
MASK 15 1694206 14
MASK 15 1694461 14
MASK 15 1694462 14
MASK 15 1694973 14
MASK 15 1694974 14
MASK 15 1758847 14
MASK 15 1759983 14
MASK 15 1842687 14
MASK 15 1846783 14
MASK 15 1850877 14
MASK 15 1850878 14
MASK 15 1854975 14
MASK 15 1859069 14
MASK 15 1859070 14
MASK 15 1861623 14
MASK 15 1863165 14
MASK 15 1863166 14
MASK 15 1865087 14
MASK 15 1866223 14
MASK 15 1871359 14
MASK 15 1875453 14
MASK 15 1875454 14
MASK 15 1877951 14
MASK 15 1877999 14
MASK 15 1879549 14
MASK 15 1879550 14
MASK 15 1882031 14
MASK 15 1886079 14
MASK 15 1887215 14
MASK 15 1887741 14
MASK 15 1887742 14
MASK 15 1890263 14
MASK 15 1891759 14
MASK 15 1892863 14
MASK 15 1893119 14
MASK 15 1893373 14
MASK 15 1893374 14
MASK 15 1893631 14
MASK 15 1893885 14
MASK 15 1893886 14
MASK 15 1894141 14
MASK 15 1894142 14
MASK 15 1894319 14
MASK 15 1894363 14
MASK 15 1894655 14
MASK 15 1894909 14
MASK 15 1894910 14
MASK 15 1895165 14
MASK 15 1895166 14
MASK 15 1895677 14
MASK 15 1895678 14
MASK 15 1895743 14
MASK 15 1895775 14
MASK 15 1895805 14
MASK 15 1895806 14
MASK 15 1895839 14
MASK 15 1895869 14
MASK 15 1895870 14
MASK 15 1895901 14
MASK 15 1895902 14
MASK 15 1895911 14
MASK 15 1895915 14
MASK 15 1895917 14
MASK 15 1895918 14
MASK 15 1895923 14
MASK 15 1895925 14
MASK 15 1895926 14
MASK 15 1895929 14
MASK 15 1895930 14
MASK 16 227327 14
MASK 16 358399 14
MASK 16 423935 14
MASK 16 473087 14
MASK 16 481279 14
MASK 16 485375 14
MASK 16 488447 14
MASK 16 488959 14
MASK 16 489215 14
MASK 16 489343 14
MASK 16 489407 14
MASK 16 489439 14
MASK 16 489455 14
MASK 16 489463 14
MASK 16 489467 14
MASK 16 489469 14
MASK 16 489470 14
MASK 16 769007 14
MASK 16 908735 14
MASK 16 1291263 14
MASK 16 1895933 14
MASK 16 1895934 14
MASK 17 489471 14
COUNT 14 13 203
COUNT 14 14 36077
COUNT 15 14 500
COUNT 15 15 10180
COUNT 16 14 22
COUNT 16 15 1898
COUNT 17 14 1
COUNT 17 15 159
