1814 127 126 467 429 429 429 429 429 645 645
1825 127 107 36 36 36 493 493 645 645 645
1874 133 112 36 36 36 354 552 645 645 645
1899 135 118 36 36 218 467 552 645 645 645
1907 137 126 36 290 480 480 552 645 645 645
1908 137 128 36 493 493 467 572 645 645 645
1910 137 102 36 36 36 36 480 645 645 645
1937 142 141 210 262 290 645 645 645 645 645
1946 142 127 36 36 262 565 600 645 645 645
1964 143 133 36 210 354 565 645 645 645 645
1967 143 112 36 36 36 36 467 631 657 657
1972 145 137 218 290 429 429 645 645 645 645
1974 145 139 210 218 467 565 645 645 645 645
1975 145 144 467 467 467 467 572 610 657 657
1977 145 144 218 500 500 552 645 645 645 645
1981 145 133 36 218 429 552 600 600 645 645
1982 145 136 36 467 467 610 600 600 645 645
1983 145 122 36 36 36 500 572 610 657 657
2000 147 123 36 36 210 493 645 645 645 645
2001 147 129 36 36 493 467 467 647 657 658
2003 147 102 36 36 36 36 36 647 647 657
2014 149 138 36 95 218 645 645 645 645 645
2020 150 135 36 36 493 641 610 645 645 657
2022 151 149 95 493 493 572 645 645 645 657
2025 151 130 36 36 36 95 647 647 658 658
2029 152 138 36 262 467 565 645 645 645 645
2030 152 143 36 467 467 467 641 647 657 657
2032 152 145 36 467 641 565 600 600 600 657
