p 257 h 77 constraints 6156
0 0 1 0
1 0 1 1
2 0 1 2
3 0 1 3
4 0 1 4
5 0 1 5
6 0 1 6
7 0 1 7
8 0 1 8
9 0 1 9
10 0 1 10
11 0 1 11
12 0 1 12
13 0 1 13
14 0 1 14
15 0 1 15
16 0 1 16
17 0 1 17
18 0 1 18
19 0 1 19
20 0 1 20
21 0 1 21
22 0 1 22
23 0 1 23
24 0 1 24
25 0 1 25
26 0 1 26
27 0 1 27
28 0 1 28
29 0 1 29
30 0 1 30
31 0 1 31
32 0 1 32
33 0 1 33
34 0 1 34
35 0 1 35
36 0 1 36
37 0 1 37
38 0 1 38
39 0 1 39
40 1 1 2
41 1 1 3
42 1 1 4
43 1 1 5
44 1 1 6
45 1 1 7
46 1 1 8
47 1 1 9
48 1 1 10
49 1 1 11
50 1 1 12
51 1 1 13
52 1 1 14
53 1 1 15
54 1 1 16
55 1 1 17
56 1 1 18
57 1 1 19
58 1 1 20
59 1 1 21
60 1 1 22
61 1 1 23
62 1 1 24
63 1 1 25
64 1 1 26
65 1 1 27
66 1 1 28
67 1 1 29
68 1 1 30
69 1 1 31
70 1 1 32
71 1 1 33
72 1 1 34
73 1 1 35
74 1 1 36
75 1 1 37
76 1 1 38
77 1 1 39
78 1 1 40
79 2 1 4
80 2 1 5
81 2 1 6
82 2 1 7
83 2 1 8
84 2 1 9
85 2 1 10
86 2 1 11
87 2 1 12
88 2 1 13
89 2 1 14
90 2 1 15
91 2 1 16
92 2 1 17
93 2 1 18
94 2 1 19
95 2 1 20
96 2 1 21
97 2 1 22
98 2 1 23
99 2 1 24
100 2 1 25
101 2 1 26
102 2 1 27
103 2 1 28
104 2 1 29
105 2 1 30
106 2 1 31
107 2 1 32
108 2 1 33
109 2 1 34
110 2 1 35
111 2 1 36
112 2 1 37
113 2 1 38
114 2 1 39
115 2 1 40
116 2 1 41
117 3 1 6
118 3 1 7
119 3 1 8
120 3 1 9
121 3 1 10
122 3 1 11
123 3 1 12
124 3 1 13
125 3 1 14
126 3 1 15
127 3 1 16
128 3 1 17
129 3 1 18
130 3 1 19
131 3 1 20
132 3 1 21
133 3 1 22
134 3 1 23
135 3 1 24
136 3 1 25
137 3 1 26
138 3 1 27
139 3 1 28
140 3 1 29
141 3 1 30
142 3 1 31
143 3 1 32
144 3 1 33
145 3 1 34
146 3 1 35
147 3 1 36
148 3 1 37
149 3 1 38
150 3 1 39
151 3 1 40
152 3 1 41
153 3 1 42
154 4 1 8
155 4 1 9
156 4 1 10
157 4 1 11
158 4 1 12
159 4 1 13
160 4 1 14
161 4 1 15
162 4 1 16
163 4 1 17
164 4 1 18
165 4 1 19
166 4 1 20
167 4 1 21
168 4 1 22
169 4 1 23
170 4 1 24
171 4 1 25
172 4 1 26
173 4 1 27
174 4 1 28
175 4 1 29
176 4 1 30
177 4 1 31
178 4 1 32
179 4 1 33
180 4 1 34
181 4 1 35
182 4 1 36
183 4 1 37
184 4 1 38
185 4 1 39
186 4 1 40
187 4 1 41
188 4 1 42
189 4 1 43
190 5 1 10
191 5 1 11
192 5 1 12
193 5 1 13
194 5 1 14
195 5 1 15
196 5 1 16
197 5 1 17
198 5 1 18
199 5 1 19
200 5 1 20
201 5 1 21
202 5 1 22
203 5 1 23
204 5 1 24
205 5 1 25
206 5 1 26
207 5 1 27
208 5 1 28
209 5 1 29
210 5 1 30
211 5 1 31
212 5 1 32
213 5 1 33
214 5 1 34
215 5 1 35
216 5 1 36
217 5 1 37
218 5 1 38
219 5 1 39
220 5 1 40
221 5 1 41
222 5 1 42
223 5 1 43
224 5 1 44
225 6 1 12
226 6 1 13
227 6 1 14
228 6 1 15
229 6 1 16
230 6 1 17
231 6 1 18
232 6 1 19
233 6 1 20
234 6 1 21
235 6 1 22
236 6 1 23
237 6 1 24
238 6 1 25
239 6 1 26
240 6 1 27
241 6 1 28
242 6 1 29
243 6 1 30
244 6 1 31
245 6 1 32
246 6 1 33
247 6 1 34
248 6 1 35
249 6 1 36
250 6 1 37
251 6 1 38
252 6 1 39
253 6 1 40
254 6 1 41
255 6 1 42
256 6 1 43
257 6 1 44
258 6 1 45
259 7 1 14
260 7 1 15
261 7 1 16
262 7 1 17
263 7 1 18
264 7 1 19
265 7 1 20
266 7 1 21
267 7 1 22
268 7 1 23
269 7 1 24
270 7 1 25
271 7 1 26
272 7 1 27
273 7 1 28
274 7 1 29
275 7 1 30
276 7 1 31
277 7 1 32
278 7 1 33
279 7 1 34
280 7 1 35
281 7 1 36
282 7 1 37
283 7 1 38
284 7 1 39
285 7 1 40
286 7 1 41
287 7 1 42
288 7 1 43
289 7 1 44
290 7 1 45
291 7 1 46
292 8 1 16
293 8 1 17
294 8 1 18
295 8 1 19
296 8 1 20
297 8 1 21
298 8 1 22
299 8 1 23
300 8 1 24
301 8 1 25
302 8 1 26
303 8 1 27
304 8 1 28
305 8 1 29
306 8 1 30
307 8 1 31
308 8 1 32
309 8 1 33
310 8 1 34
311 8 1 35
312 8 1 36
313 8 1 37
314 8 1 38
315 8 1 39
316 8 1 40
317 8 1 41
318 8 1 42
319 8 1 43
320 8 1 44
321 8 1 45
322 8 1 46
323 8 1 47
324 9 1 18
325 9 1 19
326 9 1 20
327 9 1 21
328 9 1 22
329 9 1 23
330 9 1 24
331 9 1 25
332 9 1 26
333 9 1 27
334 9 1 28
335 9 1 29
336 9 1 30
337 9 1 31
338 9 1 32
339 9 1 33
340 9 1 34
341 9 1 35
342 9 1 36
343 9 1 37
344 9 1 38
345 9 1 39
346 9 1 40
347 9 1 41
348 9 1 42
349 9 1 43
350 9 1 44
351 9 1 45
352 9 1 46
353 9 1 47
354 9 1 48
355 10 1 20
356 10 1 21
357 10 1 22
358 10 1 23
359 10 1 24
360 10 1 25
361 10 1 26
362 10 1 27
363 10 1 28
364 10 1 29
365 10 1 30
366 10 1 31
367 10 1 32
368 10 1 33
369 10 1 34
370 10 1 35
371 10 1 36
372 10 1 37
373 10 1 38
374 10 1 39
375 10 1 40
376 10 1 41
377 10 1 42
378 10 1 43
379 10 1 44
380 10 1 45
381 10 1 46
382 10 1 47
383 10 1 48
384 10 1 49
385 11 1 22
386 11 1 23
387 11 1 24
388 11 1 25
389 11 1 26
390 11 1 27
391 11 1 28
392 11 1 29
393 11 1 30
394 11 1 31
395 11 1 32
396 11 1 33
397 11 1 34
398 11 1 35
399 11 1 36
400 11 1 37
401 11 1 38
402 11 1 39
403 11 1 40
404 11 1 41
405 11 1 42
406 11 1 43
407 11 1 44
408 11 1 45
409 11 1 46
410 11 1 47
411 11 1 48
412 11 1 49
413 11 1 50
414 12 1 24
415 12 1 25
416 12 1 26
417 12 1 27
418 12 1 28
419 12 1 29
420 12 1 30
421 12 1 31
422 12 1 32
423 12 1 33
424 12 1 34
425 12 1 35
426 12 1 36
427 12 1 37
428 12 1 38
429 12 1 39
430 12 1 40
431 12 1 41
432 12 1 42
433 12 1 43
434 12 1 44
435 12 1 45
436 12 1 46
437 12 1 47
438 12 1 48
439 12 1 49
440 12 1 50
441 12 1 51
442 13 1 26
443 13 1 27
444 13 1 28
445 13 1 29
446 13 1 30
447 13 1 31
448 13 1 32
449 13 1 33
450 13 1 34
451 13 1 35
452 13 1 36
453 13 1 37
454 13 1 38
455 13 1 39
456 13 1 40
457 13 1 41
458 13 1 42
459 13 1 43
460 13 1 44
461 13 1 45
462 13 1 46
463 13 1 47
464 13 1 48
465 13 1 49
466 13 1 50
467 13 1 51
468 13 1 52
469 14 1 28
470 14 1 29
471 14 1 30
472 14 1 31
473 14 1 32
474 14 1 33
475 14 1 34
476 14 1 35
477 14 1 36
478 14 1 37
479 14 1 38
480 14 1 39
481 14 1 40
482 14 1 41
483 14 1 42
484 14 1 43
485 14 1 44
486 14 1 45
487 14 1 46
488 14 1 47
489 14 1 48
490 14 1 49
491 14 1 50
492 14 1 51
493 14 1 52
494 14 1 53
495 15 1 30
496 15 1 31
497 15 1 32
498 15 1 33
499 15 1 34
500 15 1 35
501 15 1 36
502 15 1 37
503 15 1 38
504 15 1 39
505 15 1 40
506 15 1 41
507 15 1 42
508 15 1 43
509 15 1 44
510 15 1 45
511 15 1 46
512 15 1 47
513 15 1 48
514 15 1 49
515 15 1 50
516 15 1 51
517 15 1 52
518 15 1 53
519 15 1 54
520 16 1 32
521 16 1 33
522 16 1 34
523 16 1 35
524 16 1 36
525 16 1 37
526 16 1 38
527 16 1 39
528 16 1 40
529 16 1 41
530 16 1 42
531 16 1 43
532 16 1 44
533 16 1 45
534 16 1 46
535 16 1 47
536 16 1 48
537 16 1 49
538 16 1 50
539 16 1 51
540 16 1 52
541 16 1 53
542 16 1 54
543 16 1 55
544 17 1 34
545 17 1 35
546 17 1 36
547 17 1 37
548 17 1 38
549 17 1 39
550 17 1 40
551 17 1 41
552 17 1 42
553 17 1 43
554 17 1 44
555 17 1 45
556 17 1 46
557 17 1 47
558 17 1 48
559 17 1 49
560 17 1 50
561 17 1 51
562 17 1 52
563 17 1 53
564 17 1 54
565 17 1 55
566 17 1 56
567 18 1 36
568 18 1 37
569 18 1 38
570 18 1 39
571 18 1 40
572 18 1 41
573 18 1 42
574 18 1 43
575 18 1 44
576 18 1 45
577 18 1 46
578 18 1 47
579 18 1 48
580 18 1 49
581 18 1 50
582 18 1 51
583 18 1 52
584 18 1 53
585 18 1 54
586 18 1 55
587 18 1 56
588 18 1 57
589 19 1 38
590 19 1 39
591 19 1 40
592 19 1 41
593 19 1 42
594 19 1 43
595 19 1 44
596 19 1 45
597 19 1 46
598 19 1 47
599 19 1 48
600 19 1 49
601 19 1 50
602 19 1 51
603 19 1 52
604 19 1 53
605 19 1 54
606 19 1 55
607 19 1 56
608 19 1 57
609 19 1 58
610 20 1 40
611 20 1 41
612 20 1 42
613 20 1 43
614 20 1 44
615 20 1 45
616 20 1 46
617 20 1 47
618 20 1 48
619 20 1 49
620 20 1 50
621 20 1 51
622 20 1 52
623 20 1 53
624 20 1 54
625 20 1 55
626 20 1 56
627 20 1 57
628 20 1 58
629 20 1 59
630 21 1 42
631 21 1 43
632 21 1 44
633 21 1 45
634 21 1 46
635 21 1 47
636 21 1 48
637 21 1 49
638 21 1 50
639 21 1 51
640 21 1 52
641 21 1 53
642 21 1 54
643 21 1 55
644 21 1 56
645 21 1 57
646 21 1 58
647 21 1 59
648 21 1 60
649 22 1 44
650 22 1 45
651 22 1 46
652 22 1 47
653 22 1 48
654 22 1 49
655 22 1 50
656 22 1 51
657 22 1 52
658 22 1 53
659 22 1 54
660 22 1 55
661 22 1 56
662 22 1 57
663 22 1 58
664 22 1 59
665 22 1 60
666 22 1 61
667 23 1 46
668 23 1 47
669 23 1 48
670 23 1 49
671 23 1 50
672 23 1 51
673 23 1 52
674 23 1 53
675 23 1 54
676 23 1 55
677 23 1 56
678 23 1 57
679 23 1 58
680 23 1 59
681 23 1 60
682 23 1 61
683 23 1 62
684 24 1 48
685 24 1 49
686 24 1 50
687 24 1 51
688 24 1 52
689 24 1 53
690 24 1 54
691 24 1 55
692 24 1 56
693 24 1 57
694 24 1 58
695 24 1 59
696 24 1 60
697 24 1 61
698 24 1 62
699 24 1 63
700 25 1 50
701 25 1 51
702 25 1 52
703 25 1 53
704 25 1 54
705 25 1 55
706 25 1 56
707 25 1 57
708 25 1 58
709 25 1 59
710 25 1 60
711 25 1 61
712 25 1 62
713 25 1 63
714 25 1 64
715 26 1 52
716 26 1 53
717 26 1 54
718 26 1 55
719 26 1 56
720 26 1 57
721 26 1 58
722 26 1 59
723 26 1 60
724 26 1 61
725 26 1 62
726 26 1 63
727 26 1 64
728 26 1 65
729 27 1 54
730 27 1 55
731 27 1 56
732 27 1 57
733 27 1 58
734 27 1 59
735 27 1 60
736 27 1 61
737 27 1 62
738 27 1 63
739 27 1 64
740 27 1 65
741 27 1 66
742 28 1 56
743 28 1 57
744 28 1 58
745 28 1 59
746 28 1 60
747 28 1 61
748 28 1 62
749 28 1 63
750 28 1 64
751 28 1 65
752 28 1 66
753 28 1 67
754 29 1 58
755 29 1 59
756 29 1 60
757 29 1 61
758 29 1 62
759 29 1 63
760 29 1 64
761 29 1 65
762 29 1 66
763 29 1 67
764 29 1 68
765 30 1 60
766 30 1 61
767 30 1 62
768 30 1 63
769 30 1 64
770 30 1 65
771 30 1 66
772 30 1 67
773 30 1 68
774 30 1 69
775 31 1 62
776 31 1 63
777 31 1 64
778 31 1 65
779 31 1 66
780 31 1 67
781 31 1 68
782 31 1 69
783 31 1 70
784 32 1 64
785 32 1 65
786 32 1 66
787 32 1 67
788 32 1 68
789 32 1 69
790 32 1 70
791 32 1 71
792 33 1 66
793 33 1 67
794 33 1 68
795 33 1 69
796 33 1 70
797 33 1 71
798 33 1 72
799 34 1 68
800 34 1 69
801 34 1 70
802 34 1 71
803 34 1 72
804 34 1 73
805 35 1 70
806 35 1 71
807 35 1 72
808 35 1 73
809 35 1 74
810 36 1 72
811 36 1 73
812 36 1 74
813 36 1 75
814 37 1 74
815 37 1 75
816 37 1 76
817 38 1 76
818 38 1 77
819 39 1 78
820 40 256 80
821 39 128 79
822 38 64 78
823 37 32 77
824 36 16 76
825 35 8 75
826 34 4 74
827 33 2 73
828 32 1 72
829 31 129 71
830 30 193 70
831 29 225 69
832 28 241 68
833 27 249 67
834 26 253 66
835 25 255 65
836 24 256 64
837 23 128 63
838 22 64 62
839 21 32 61
840 20 16 60
841 19 8 59
842 18 4 58
843 17 2 57
844 16 1 56
845 15 129 55
846 14 193 54
847 13 225 53
848 12 241 52
849 11 249 51
850 10 253 50
851 9 255 49
852 8 256 48
853 7 128 47
854 6 64 46
855 5 32 45
856 4 16 44
857 41 256 82
858 40 128 81
859 39 64 80
860 38 32 79
861 37 16 78
862 36 8 77
863 35 4 76
864 34 2 75
865 33 1 74
866 32 129 73
867 31 193 72
868 30 225 71
869 29 241 70
870 28 249 69
871 27 253 68
872 26 255 67
873 25 256 66
874 24 128 65
875 23 64 64
876 22 32 63
877 21 16 62
878 20 8 61
879 19 4 60
880 18 2 59
881 17 1 58
882 16 129 57
883 15 193 56
884 14 225 55
885 13 241 54
886 12 249 53
887 11 253 52
888 10 255 51
889 9 256 50
890 8 128 49
891 7 64 48
892 6 32 47
893 42 256 84
894 41 128 83
895 40 64 82
896 39 32 81
897 38 16 80
898 37 8 79
899 36 4 78
900 35 2 77
901 34 1 76
902 33 129 75
903 32 193 74
904 31 225 73
905 30 241 72
906 29 249 71
907 28 253 70
908 27 255 69
909 26 256 68
910 25 128 67
911 24 64 66
912 23 32 65
913 22 16 64
914 21 8 63
915 20 4 62
916 19 2 61
917 18 1 60
918 17 129 59
919 16 193 58
920 15 225 57
921 14 241 56
922 13 249 55
923 12 253 54
924 11 255 53
925 10 256 52
926 9 128 51
927 8 64 50
928 43 256 86
929 42 128 85
930 41 64 84
931 40 32 83
932 39 16 82
933 38 8 81
934 37 4 80
935 36 2 79
936 35 1 78
937 34 129 77
938 33 193 76
939 32 225 75
940 31 241 74
941 30 249 73
942 29 253 72
943 28 255 71
944 27 256 70
945 26 128 69
946 25 64 68
947 24 32 67
948 23 16 66
949 22 8 65
950 21 4 64
951 20 2 63
952 19 1 62
953 18 129 61
954 17 193 60
955 16 225 59
956 15 241 58
957 14 249 57
958 13 253 56
959 12 255 55
960 11 256 54
961 10 128 53
962 44 256 88
963 43 128 87
964 42 64 86
965 41 32 85
966 40 16 84
967 39 8 83
968 38 4 82
969 37 2 81
970 36 1 80
971 35 129 79
972 34 193 78
973 33 225 77
974 32 241 76
975 31 249 75
976 30 253 74
977 29 255 73
978 28 256 72
979 27 128 71
980 26 64 70
981 25 32 69
982 24 16 68
983 23 8 67
984 22 4 66
985 21 2 65
986 20 1 64
987 19 129 63
988 18 193 62
989 17 225 61
990 16 241 60
991 15 249 59
992 14 253 58
993 13 255 57
994 12 256 56
995 45 256 90
996 44 128 89
997 43 64 88
998 42 32 87
999 41 16 86
1000 40 8 85
1001 39 4 84
1002 38 2 83
1003 37 1 82
1004 36 129 81
1005 35 193 80
1006 34 225 79
1007 33 241 78
1008 32 249 77
1009 31 253 76
1010 30 255 75
1011 29 256 74
1012 28 128 73
1013 27 64 72
1014 26 32 71
1015 25 16 70
1016 24 8 69
1017 23 4 68
1018 22 2 67
1019 21 1 66
1020 20 129 65
1021 19 193 64
1022 18 225 63
1023 17 241 62
1024 16 249 61
1025 15 253 60
1026 14 255 59
1027 46 256 92
1028 45 128 91
1029 44 64 90
1030 43 32 89
1031 42 16 88
1032 41 8 87
1033 40 4 86
1034 39 2 85
1035 38 1 84
1036 37 129 83
1037 36 193 82
1038 35 225 81
1039 34 241 80
1040 33 249 79
1041 32 253 78
1042 31 255 77
1043 30 256 76
1044 29 128 75
1045 28 64 74
1046 27 32 73
1047 26 16 72
1048 25 8 71
1049 24 4 70
1050 23 2 69
1051 22 1 68
1052 21 129 67
1053 20 193 66
1054 19 225 65
1055 18 241 64
1056 17 249 63
1057 16 253 62
1058 47 256 94
1059 46 128 93
1060 45 64 92
1061 44 32 91
1062 43 16 90
1063 42 8 89
1064 41 4 88
1065 40 2 87
1066 39 1 86
1067 38 129 85
1068 37 193 84
1069 36 225 83
1070 35 241 82
1071 34 249 81
1072 33 253 80
1073 32 255 79
1074 31 256 78
1075 30 128 77
1076 29 64 76
1077 28 32 75
1078 27 16 74
1079 26 8 73
1080 25 4 72
1081 24 2 71
1082 23 1 70
1083 22 129 69
1084 21 193 68
1085 20 225 67
1086 19 241 66
1087 18 249 65
1088 48 256 96
1089 47 128 95
1090 46 64 94
1091 45 32 93
1092 44 16 92
1093 43 8 91
1094 42 4 90
1095 41 2 89
1096 40 1 88
1097 39 129 87
1098 38 193 86
1099 37 225 85
1100 36 241 84
1101 35 249 83
1102 34 253 82
1103 33 255 81
1104 32 256 80
1105 31 128 79
1106 30 64 78
1107 29 32 77
1108 28 16 76
1109 27 8 75
1110 26 4 74
1111 25 2 73
1112 24 1 72
1113 23 129 71
1114 22 193 70
1115 21 225 69
1116 20 241 68
1117 49 256 98
1118 48 128 97
1119 47 64 96
1120 46 32 95
1121 45 16 94
1122 44 8 93
1123 43 4 92
1124 42 2 91
1125 41 1 90
1126 40 129 89
1127 39 193 88
1128 38 225 87
1129 37 241 86
1130 36 249 85
1131 35 253 84
1132 34 255 83
1133 33 256 82
1134 32 128 81
1135 31 64 80
1136 30 32 79
1137 29 16 78
1138 28 8 77
1139 27 4 76
1140 26 2 75
1141 25 1 74
1142 24 129 73
1143 23 193 72
1144 22 225 71
1145 50 256 100
1146 49 128 99
1147 48 64 98
1148 47 32 97
1149 46 16 96
1150 45 8 95
1151 44 4 94
1152 43 2 93
1153 42 1 92
1154 41 129 91
1155 40 193 90
1156 39 225 89
1157 38 241 88
1158 37 249 87
1159 36 253 86
1160 35 255 85
1161 34 256 84
1162 33 128 83
1163 32 64 82
1164 31 32 81
1165 30 16 80
1166 29 8 79
1167 28 4 78
1168 27 2 77
1169 26 1 76
1170 25 129 75
1171 24 193 74
1172 51 256 102
1173 50 128 101
1174 49 64 100
1175 48 32 99
1176 47 16 98
1177 46 8 97
1178 45 4 96
1179 44 2 95
1180 43 1 94
1181 42 129 93
1182 41 193 92
1183 40 225 91
1184 39 241 90
1185 38 249 89
1186 37 253 88
1187 36 255 87
1188 35 256 86
1189 34 128 85
1190 33 64 84
1191 32 32 83
1192 31 16 82
1193 30 8 81
1194 29 4 80
1195 28 2 79
1196 27 1 78
1197 26 129 77
1198 52 256 104
1199 51 128 103
1200 50 64 102
1201 49 32 101
1202 48 16 100
1203 47 8 99
1204 46 4 98
1205 45 2 97
1206 44 1 96
1207 43 129 95
1208 42 193 94
1209 41 225 93
1210 40 241 92
1211 39 249 91
1212 38 253 90
1213 37 255 89
1214 36 256 88
1215 35 128 87
1216 34 64 86
1217 33 32 85
1218 32 16 84
1219 31 8 83
1220 30 4 82
1221 29 2 81
1222 28 1 80
1223 53 256 106
1224 52 128 105
1225 51 64 104
1226 50 32 103
1227 49 16 102
1228 48 8 101
1229 47 4 100
1230 46 2 99
1231 45 1 98
1232 44 129 97
1233 43 193 96
1234 42 225 95
1235 41 241 94
1236 40 249 93
1237 39 253 92
1238 38 255 91
1239 37 256 90
1240 36 128 89
1241 35 64 88
1242 34 32 87
1243 33 16 86
1244 32 8 85
1245 31 4 84
1246 30 2 83
1247 54 256 108
1248 53 128 107
1249 52 64 106
1250 51 32 105
1251 50 16 104
1252 49 8 103
1253 48 4 102
1254 47 2 101
1255 46 1 100
1256 45 129 99
1257 44 193 98
1258 43 225 97
1259 42 241 96
1260 41 249 95
1261 40 253 94
1262 39 255 93
1263 38 256 92
1264 37 128 91
1265 36 64 90
1266 35 32 89
1267 34 16 88
1268 33 8 87
1269 32 4 86
1270 55 256 110
1271 54 128 109
1272 53 64 108
1273 52 32 107
1274 51 16 106
1275 50 8 105
1276 49 4 104
1277 48 2 103
1278 47 1 102
1279 46 129 101
1280 45 193 100
1281 44 225 99
1282 43 241 98
1283 42 249 97
1284 41 253 96
1285 40 255 95
1286 39 256 94
1287 38 128 93
1288 37 64 92
1289 36 32 91
1290 35 16 90
1291 34 8 89
1292 56 256 112
1293 55 128 111
1294 54 64 110
1295 53 32 109
1296 52 16 108
1297 51 8 107
1298 50 4 106
1299 49 2 105
1300 48 1 104
1301 47 129 103
1302 46 193 102
1303 45 225 101
1304 44 241 100
1305 43 249 99
1306 42 253 98
1307 41 255 97
1308 40 256 96
1309 39 128 95
1310 38 64 94
1311 37 32 93
1312 36 16 92
1313 57 256 114
1314 56 128 113
1315 55 64 112
1316 54 32 111
1317 53 16 110
1318 52 8 109
1319 51 4 108
1320 50 2 107
1321 49 1 106
1322 48 129 105
1323 47 193 104
1324 46 225 103
1325 45 241 102
1326 44 249 101
1327 43 253 100
1328 42 255 99
1329 41 256 98
1330 40 128 97
1331 39 64 96
1332 38 32 95
1333 58 256 116
1334 57 128 115
1335 56 64 114
1336 55 32 113
1337 54 16 112
1338 53 8 111
1339 52 4 110
1340 51 2 109
1341 50 1 108
1342 49 129 107
1343 48 193 106
1344 47 225 105
1345 46 241 104
1346 45 249 103
1347 44 253 102
1348 43 255 101
1349 42 256 100
1350 41 128 99
1351 40 64 98
1352 59 256 118
1353 58 128 117
1354 57 64 116
1355 56 32 115
1356 55 16 114
1357 54 8 113
1358 53 4 112
1359 52 2 111
1360 51 1 110
1361 50 129 109
1362 49 193 108
1363 48 225 107
1364 47 241 106
1365 46 249 105
1366 45 253 104
1367 44 255 103
1368 43 256 102
1369 42 128 101
1370 60 256 120
1371 59 128 119
1372 58 64 118
1373 57 32 117
1374 56 16 116
1375 55 8 115
1376 54 4 114
1377 53 2 113
1378 52 1 112
1379 51 129 111
1380 50 193 110
1381 49 225 109
1382 48 241 108
1383 47 249 107
1384 46 253 106
1385 45 255 105
1386 44 256 104
1387 61 256 122
1388 60 128 121
1389 59 64 120
1390 58 32 119
1391 57 16 118
1392 56 8 117
1393 55 4 116
1394 54 2 115
1395 53 1 114
1396 52 129 113
1397 51 193 112
1398 50 225 111
1399 49 241 110
1400 48 249 109
1401 47 253 108
1402 46 255 107
1403 62 256 124
1404 61 128 123
1405 60 64 122
1406 59 32 121
1407 58 16 120
1408 57 8 119
1409 56 4 118
1410 55 2 117
1411 54 1 116
1412 53 129 115
1413 52 193 114
1414 51 225 113
1415 50 241 112
1416 49 249 111
1417 48 253 110
1418 63 256 126
1419 62 128 125
1420 61 64 124
1421 60 32 123
1422 59 16 122
1423 58 8 121
1424 57 4 120
1425 56 2 119
1426 55 1 118
1427 54 129 117
1428 53 193 116
1429 52 225 115
1430 51 241 114
1431 50 249 113
1432 64 256 128
1433 63 128 127
1434 62 64 126
1435 61 32 125
1436 60 16 124
1437 59 8 123
1438 58 4 122
1439 57 2 121
1440 56 1 120
1441 55 129 119
1442 54 193 118
1443 53 225 117
1444 52 241 116
1445 65 256 130
1446 64 128 129
1447 63 64 128
1448 62 32 127
1449 61 16 126
1450 60 8 125
1451 59 4 124
1452 58 2 123
1453 57 1 122
1454 56 129 121
1455 55 193 120
1456 54 225 119
1457 66 256 132
1458 65 128 131
1459 64 64 130
1460 63 32 129
1461 62 16 128
1462 61 8 127
1463 60 4 126
1464 59 2 125
1465 58 1 124
1466 57 129 123
1467 56 193 122
1468 67 256 134
1469 66 128 133
1470 65 64 132
1471 64 32 131
1472 63 16 130
1473 62 8 129
1474 61 4 128
1475 60 2 127
1476 59 1 126
1477 58 129 125
1478 68 256 136
1479 67 128 135
1480 66 64 134
1481 65 32 133
1482 64 16 132
1483 63 8 131
1484 62 4 130
1485 61 2 129
1486 60 1 128
1487 69 256 138
1488 68 128 137
1489 67 64 136
1490 66 32 135
1491 65 16 134
1492 64 8 133
1493 63 4 132
1494 62 2 131
1495 70 256 140
1496 69 128 139
1497 68 64 138
1498 67 32 137
1499 66 16 136
1500 65 8 135
1501 64 4 134
1502 71 256 142
1503 70 128 141
1504 69 64 140
1505 68 32 139
1506 67 16 138
1507 66 8 137
1508 72 256 144
1509 71 128 143
1510 70 64 142
1511 69 32 141
1512 68 16 140
1513 73 256 146
1514 72 128 145
1515 71 64 144
1516 70 32 143
1517 74 256 148
1518 73 128 147
1519 72 64 146
1520 75 256 150
1521 74 128 149
1522 76 256 152
1523 0 1 40
1524 0 1 41
1525 0 1 42
1526 0 1 43
1527 0 1 44
1528 0 1 45
1529 0 1 46
1530 0 1 47
1531 0 1 48
1532 0 1 49
1533 0 1 50
1534 0 1 51
1535 0 1 52
1536 0 1 53
1537 0 1 54
1538 0 1 55
1539 0 1 56
1540 0 1 57
1541 0 1 58
1542 0 1 59
1543 0 1 60
1544 0 1 61
1545 0 1 62
1546 0 1 63
1547 0 1 64
1548 0 1 65
1549 0 1 66
1550 0 1 67
1551 0 1 68
1552 0 1 69
1553 0 1 70
1554 0 1 71
1555 0 1 72
1556 0 1 73
1557 0 1 74
1558 0 1 75
1559 0 1 76
1560 1 1 41
1561 1 1 42
1562 1 1 43
1563 1 1 44
1564 1 1 45
1565 1 1 46
1566 1 1 47
1567 1 1 48
1568 1 1 49
1569 1 1 50
1570 1 1 51
1571 1 1 52
1572 1 1 53
1573 1 1 54
1574 1 1 55
1575 1 1 56
1576 1 1 57
1577 1 1 58
1578 1 1 59
1579 1 1 60
1580 1 1 61
1581 1 1 62
1582 1 1 63
1583 1 1 64
1584 1 1 65
1585 1 1 66
1586 1 1 67
1587 1 1 68
1588 1 1 69
1589 1 1 70
1590 1 1 71
1591 1 1 72
1592 1 1 73
1593 1 1 74
1594 1 1 75
1595 1 1 76
1596 2 1 42
1597 2 1 43
1598 2 1 44
1599 2 1 45
1600 2 1 46
1601 2 1 47
1602 2 1 48
1603 2 1 49
1604 2 1 50
1605 2 1 51
1606 2 1 52
1607 2 1 53
1608 2 1 54
1609 2 1 55
1610 2 1 56
1611 2 1 57
1612 2 1 58
1613 2 1 59
1614 2 1 60
1615 2 1 61
1616 2 1 62
1617 2 1 63
1618 2 1 64
1619 2 1 65
1620 2 1 66
1621 2 1 67
1622 2 1 68
1623 2 1 69
1624 2 1 70
1625 2 1 71
1626 2 1 72
1627 2 1 73
1628 2 1 74
1629 2 1 75
1630 2 1 76
1631 3 1 43
1632 3 1 44
1633 3 1 45
1634 3 1 46
1635 3 1 47
1636 3 1 48
1637 3 1 49
1638 3 1 50
1639 3 1 51
1640 3 1 52
1641 3 1 53
1642 3 1 54
1643 3 1 55
1644 3 1 56
1645 3 1 57
1646 3 1 58
1647 3 1 59
1648 3 1 60
1649 3 1 61
1650 3 1 62
1651 3 1 63
1652 3 1 64
1653 3 1 65
1654 3 1 66
1655 3 1 67
1656 3 1 68
1657 3 1 69
1658 3 1 70
1659 3 1 71
1660 3 1 72
1661 3 1 73
1662 3 1 74
1663 3 1 75
1664 3 1 76
1665 4 1 45
1666 4 1 46
1667 5 255 46
1668 4 1 47
1669 4 1 48
1670 4 1 49
1671 4 1 50
1672 4 1 51
1673 4 1 52
1674 4 1 53
1675 4 1 54
1676 4 1 55
1677 4 1 56
1678 4 1 57
1679 4 1 58
1680 4 1 59
1681 4 1 60
1682 4 1 61
1683 4 1 62
1684 4 1 63
1685 4 1 64
1686 4 1 65
1687 4 1 66
1688 4 1 67
1689 4 1 68
1690 4 1 69
1691 4 1 70
1692 4 1 71
1693 4 1 72
1694 4 1 73
1695 4 1 74
1696 4 1 75
1697 4 1 76
1698 5 1 47
1699 5 1 48
1700 6 255 48
1701 5 1 49
1702 7 4 49
1703 5 1 50
1704 5 1 51
1705 5 1 52
1706 5 1 53
1707 5 1 54
1708 5 1 55
1709 5 1 56
1710 5 1 57
1711 5 1 58
1712 5 1 59
1713 5 1 60
1714 5 1 61
1715 5 1 62
1716 5 1 63
1717 5 1 64
1718 5 1 65
1719 5 1 66
1720 5 1 67
1721 5 1 68
1722 5 1 69
1723 5 1 70
1724 5 1 71
1725 5 1 72
1726 5 1 73
1727 5 1 74
1728 5 1 75
1729 5 1 76
1730 6 1 49
1731 6 1 50
1732 7 255 50
1733 6 1 51
1734 8 4 51
1735 6 1 52
1736 9 249 52
1737 6 1 53
1738 6 1 54
1739 6 1 55
1740 6 1 56
1741 6 1 57
1742 6 1 58
1743 6 1 59
1744 6 1 60
1745 6 1 61
1746 6 1 62
1747 6 1 63
1748 6 1 64
1749 6 1 65
1750 6 1 66
1751 6 1 67
1752 6 1 68
1753 6 1 69
1754 6 1 70
1755 6 1 71
1756 6 1 72
1757 6 1 73
1758 6 1 74
1759 6 1 75
1760 6 1 76
1761 7 1 51
1762 7 1 52
1763 8 255 52
1764 7 1 53
1765 9 4 53
1766 7 1 54
1767 10 249 54
1768 7 1 55
1769 11 16 55
1770 7 1 56
1771 7 1 57
1772 7 1 58
1773 7 1 59
1774 7 1 60
1775 7 1 61
1776 7 1 62
1777 7 1 63
1778 7 1 64
1779 7 1 65
1780 7 1 66
1781 7 1 67
1782 7 1 68
1783 7 1 69
1784 7 1 70
1785 7 1 71
1786 7 1 72
1787 7 1 73
1788 7 1 74
1789 7 1 75
1790 7 1 76
1791 8 1 53
1792 8 1 54
1793 9 255 54
1794 8 1 55
1795 10 4 55
1796 8 1 56
1797 11 249 56
1798 8 1 57
1799 12 16 57
1800 8 1 58
1801 13 225 58
1802 8 1 59
1803 8 1 60
1804 8 1 61
1805 8 1 62
1806 8 1 63
1807 8 1 64
1808 8 1 65
1809 8 1 66
1810 8 1 67
1811 8 1 68
1812 8 1 69
1813 8 1 70
1814 8 1 71
1815 8 1 72
1816 8 1 73
1817 8 1 74
1818 8 1 75
1819 8 1 76
1820 9 1 55
1821 9 1 56
1822 10 255 56
1823 9 1 57
1824 11 4 57
1825 9 1 58
1826 12 249 58
1827 9 1 59
1828 13 16 59
1829 9 1 60
1830 14 225 60
1831 9 1 61
1832 15 64 61
1833 9 1 62
1834 9 1 63
1835 9 1 64
1836 9 1 65
1837 9 1 66
1838 9 1 67
1839 9 1 68
1840 9 1 69
1841 9 1 70
1842 9 1 71
1843 9 1 72
1844 9 1 73
1845 9 1 74
1846 9 1 75
1847 9 1 76
1848 10 1 57
1849 10 1 58
1850 11 255 58
1851 10 1 59
1852 12 4 59
1853 10 1 60
1854 13 249 60
1855 10 1 61
1856 14 16 61
1857 10 1 62
1858 15 225 62
1859 10 1 63
1860 16 64 63
1861 10 1 64
1862 17 129 64
1863 10 1 65
1864 10 1 66
1865 10 1 67
1866 10 1 68
1867 10 1 69
1868 10 1 70
1869 10 1 71
1870 10 1 72
1871 10 1 73
1872 10 1 74
1873 10 1 75
1874 10 1 76
1875 11 1 59
1876 11 1 60
1877 12 255 60
1878 11 1 61
1879 13 4 61
1880 11 1 62
1881 14 249 62
1882 11 1 63
1883 15 16 63
1884 11 1 64
1885 16 225 64
1886 11 1 65
1887 17 64 65
1888 11 1 66
1889 18 129 66
1890 11 1 67
1891 19 256 67
1892 11 1 68
1893 11 1 69
1894 11 1 70
1895 11 1 71
1896 11 1 72
1897 11 1 73
1898 11 1 74
1899 11 1 75
1900 11 1 76
1901 12 1 61
1902 12 1 62
1903 13 255 62
1904 12 1 63
1905 14 4 63
1906 12 1 64
1907 15 249 64
1908 12 1 65
1909 16 16 65
1910 12 1 66
1911 17 225 66
1912 12 1 67
1913 18 64 67
1914 12 1 68
1915 19 129 68
1916 12 1 69
1917 20 256 69
1918 12 1 70
1919 21 2 70
1920 12 1 71
1921 12 1 72
1922 12 1 73
1923 12 1 74
1924 12 1 75
1925 12 1 76
1926 13 1 63
1927 13 1 64
1928 14 255 64
1929 13 1 65
1930 15 4 65
1931 13 1 66
1932 16 249 66
1933 13 1 67
1934 17 16 67
1935 13 1 68
1936 18 225 68
1937 13 1 69
1938 19 64 69
1939 13 1 70
1940 20 129 70
1941 13 1 71
1942 21 256 71
1943 13 1 72
1944 22 2 72
1945 13 1 73
1946 23 253 73
1947 13 1 74
1948 13 1 75
1949 13 1 76
1950 14 1 65
1951 14 1 66
1952 15 255 66
1953 14 1 67
1954 16 4 67
1955 14 1 68
1956 17 249 68
1957 14 1 69
1958 18 16 69
1959 14 1 70
1960 19 225 70
1961 14 1 71
1962 20 64 71
1963 14 1 72
1964 21 129 72
1965 14 1 73
1966 22 256 73
1967 14 1 74
1968 23 2 74
1969 14 1 75
1970 24 253 75
1971 14 1 76
1972 25 8 76
1973 15 1 67
1974 15 1 68
1975 16 255 68
1976 15 1 69
1977 17 4 69
1978 15 1 70
1979 18 249 70
1980 15 1 71
1981 19 16 71
1982 15 1 72
1983 20 225 72
1984 15 1 73
1985 21 64 73
1986 15 1 74
1987 22 129 74
1988 15 1 75
1989 23 256 75
1990 15 1 76
1991 24 2 76
1992 13 78 77
1993 14 134 77
1994 15 1 77
1995 16 1 69
1996 16 1 70
1997 17 255 70
1998 16 1 71
1999 18 4 71
2000 16 1 72
2001 19 249 72
2002 16 1 73
2003 20 16 73
2004 16 1 74
2005 21 225 74
2006 16 1 75
2007 22 64 75
2008 16 1 76
2009 23 129 76
2010 11 89 77
2011 12 47 77
2012 16 1 77
2013 25 8 77
2014 15 131 78
2015 16 1 78
2016 17 1 71
2017 17 1 72
2018 18 255 72
2019 17 1 73
2020 19 4 73
2021 17 1 74
2022 20 249 74
2023 17 1 75
2024 21 16 75
2025 17 1 76
2026 22 225 76
2027 9 255 77
2028 10 166 77
2029 17 1 77
2030 24 151 77
2031 13 229 78
2032 14 222 78
2033 17 1 78
2034 26 44 78
2035 17 1 79
2036 18 1 73
2037 18 1 74
2038 19 255 74
2039 18 1 75
2040 20 4 75
2041 18 1 76
2042 21 249 76
2043 7 83 77
2044 8 71 77
2045 18 1 77
2046 23 93 77
2047 11 59 78
2048 12 243 78
2049 18 1 78
2050 25 54 78
2051 15 130 79
2052 16 34 79
2053 18 1 79
2054 27 183 79
2055 19 1 75
2056 19 1 76
2057 20 255 76
2058 5 60 77
2059 6 69 77
2060 19 1 77
2061 22 247 77
2062 9 122 78
2063 10 157 78
2064 19 1 78
2065 24 119 78
2066 13 191 79
2067 14 81 79
2068 19 1 79
2069 26 20 79
2070 17 78 80
2071 18 226 80
2072 19 1 80
2073 4 1 77
2074 20 1 77
2075 21 15 77
2076 7 8 78
2077 8 112 78
2078 20 1 78
2079 23 34 78
2080 11 255 79
2081 12 246 79
2082 20 1 79
2083 25 204 79
2084 15 221 80
2085 16 161 80
2086 20 1 80
2087 27 238 80
2088 19 155 81
2089 20 1 81
2090 6 225 78
2091 21 1 78
2092 22 218 78
2093 9 39 79
2094 10 32 79
2095 21 1 79
2096 24 147 79
2097 13 256 80
2098 14 123 80
2099 21 1 80
2100 26 117 80
2101 17 74 81
2102 18 26 81
2103 21 1 81
2104 28 43 81
2105 21 1 82
2106 8 60 79
2107 22 1 79
2108 23 215 79
2109 11 18 80
2110 12 252 80
2111 22 1 80
2112 25 196 80
2113 15 46 81
2114 16 253 81
2115 22 1 81
2116 27 234 81
2117 19 225 82
2118 20 86 82
2119 22 1 82
2120 29 87 82
2121 10 246 80
2122 23 1 80
2123 24 83 80
2124 13 12 81
2125 14 168 81
2126 23 1 81
2127 26 141 81
2128 17 46 82
2129 18 253 82
2130 23 1 82
2131 28 141 82
2132 21 209 83
2133 22 129 83
2134 23 1 83
2135 12 13 81
2136 24 1 81
2137 25 184 81
2138 15 81 82
2139 16 106 82
2140 24 1 82
2141 27 128 82
2142 19 147 83
2143 20 166 83
2144 24 1 83
2145 29 119 83
2146 23 161 84
2147 24 1 84
2148 14 225 82
2149 25 1 82
2150 26 151 82
2151 17 200 83
2152 18 230 83
2153 25 1 83
2154 28 192 83
2155 21 193 84
2156 22 162 84
2157 25 1 84
2158 30 31 84
2159 25 1 85
2160 16 152 83
2161 26 1 83
2162 27 25 83
2163 19 254 84
2164 20 215 84
2165 26 1 84
2166 29 153 84
2167 23 74 85
2168 24 150 85
2169 26 1 85
2170 31 186 85
2171 18 110 84
2172 27 1 84
2173 28 253 84
2174 21 251 85
2175 22 173 85
2176 27 1 85
2177 30 75 85
2178 25 222 86
2179 26 193 86
2180 27 1 86
2181 20 167 85
2182 28 1 85
2183 29 179 85
2184 23 58 86
2185 24 41 86
2186 28 1 86
2187 31 150 86
2188 27 117 87
2189 28 1 87
2190 22 183 86
2191 29 1 86
2192 30 166 86
2193 25 22 87
2194 26 51 87
2195 29 1 87
2196 32 118 87
2197 29 1 88
2198 24 119 87
2199 30 1 87
2200 31 45 87
2201 27 251 88
2202 28 173 88
2203 30 1 88
2204 33 215 88
2205 26 8 88
2206 31 1 88
2207 32 249 88
2208 29 221 89
2209 30 10 89
2210 31 1 89
2211 28 244 89
2212 32 1 89
2213 33 75 89
2214 31 202 90
2215 32 1 90
2216 30 44 90
2217 33 1 90
2218 34 241 90
2219 33 1 91
2220 32 68 91
2221 34 1 91
2222 35 225 91
2223 34 249 92
2224 35 1 92
2225 36 1 93
2226 37 132 94
2227 36 44 94
2228 35 186 93
2229 34 62 93
2230 33 192 92
2231 32 64 92
2232 31 107 91
2233 30 207 91
2234 29 69 90
2235 28 23 90
2236 27 179 89
2237 26 231 89
2238 25 77 88
2239 24 197 88
2240 23 237 87
2241 22 79 87
2242 21 112 86
2243 20 123 86
2244 19 41 85
2245 18 185 85
2246 17 233 84
2247 16 249 84
2248 15 83 83
2249 14 199 83
2250 13 152 82
2251 12 222 82
2252 11 74 81
2253 38 132 96
2254 37 44 95
2255 36 186 95
2256 35 62 94
2257 34 192 94
2258 33 64 93
2259 32 107 93
2260 31 207 92
2261 30 69 92
2262 29 23 91
2263 28 179 91
2264 27 231 90
2265 26 77 90
2266 25 197 89
2267 24 237 89
2268 23 79 88
2269 22 112 88
2270 21 123 87
2271 20 41 87
2272 19 185 86
2273 18 233 86
2274 17 249 85
2275 16 83 85
2276 15 199 84
2277 14 152 84
2278 13 222 83
2279 39 132 97
2280 38 44 97
2281 37 186 96
2282 36 62 96
2283 35 192 95
2284 34 64 95
2285 33 107 94
2286 32 207 94
2287 31 69 93
2288 30 23 93
2289 29 179 92
2290 28 231 92
2291 27 77 91
2292 26 197 91
2293 25 237 90
2294 24 79 90
2295 23 112 89
2296 22 123 89
2297 21 41 88
2298 20 185 88
2299 19 233 87
2300 18 249 87
2301 17 83 86
2302 16 199 86
2303 15 152 85
2304 40 132 99
2305 39 44 98
2306 38 186 98
2307 37 62 97
2308 36 192 97
2309 35 64 96
2310 34 107 96
2311 33 207 95
2312 32 69 95
2313 31 23 94
2314 30 179 94
2315 29 231 93
2316 28 77 93
2317 27 197 92
2318 26 237 92
2319 25 79 91
2320 24 112 91
2321 23 123 90
2322 22 41 90
2323 21 185 89
2324 20 233 89
2325 19 249 88
2326 18 83 88
2327 17 199 87
2328 41 132 100
2329 40 44 100
2330 39 186 99
2331 38 62 99
2332 37 192 98
2333 36 64 98
2334 35 107 97
2335 34 207 97
2336 33 69 96
2337 32 23 96
2338 31 179 95
2339 30 231 95
2340 29 77 94
2341 28 197 94
2342 27 237 93
2343 26 79 93
2344 25 112 92
2345 24 123 92
2346 23 41 91
2347 22 185 91
2348 21 233 90
2349 20 249 90
2350 19 83 89
2351 42 132 102
2352 41 44 101
2353 40 186 101
2354 39 62 100
2355 38 192 100
2356 37 64 99
2357 36 107 99
2358 35 207 98
2359 34 69 98
2360 33 23 97
2361 32 179 97
2362 31 231 96
2363 30 77 96
2364 29 197 95
2365 28 237 95
2366 27 79 94
2367 26 112 94
2368 25 123 93
2369 24 41 93
2370 23 185 92
2371 22 233 92
2372 21 249 91
2373 43 132 103
2374 42 44 103
2375 41 186 102
2376 40 62 102
2377 39 192 101
2378 38 64 101
2379 37 107 100
2380 36 207 100
2381 35 69 99
2382 34 23 99
2383 33 179 98
2384 32 231 98
2385 31 77 97
2386 30 197 97
2387 29 237 96
2388 28 79 96
2389 27 112 95
2390 26 123 95
2391 25 41 94
2392 24 185 94
2393 23 233 93
2394 44 132 105
2395 43 44 104
2396 42 186 104
2397 41 62 103
2398 40 192 103
2399 39 64 102
2400 38 107 102
2401 37 207 101
2402 36 69 101
2403 35 23 100
2404 34 179 100
2405 33 231 99
2406 32 77 99
2407 31 197 98
2408 30 237 98
2409 29 79 97
2410 28 112 97
2411 27 123 96
2412 26 41 96
2413 25 185 95
2414 45 132 106
2415 44 44 106
2416 43 186 105
2417 42 62 105
2418 41 192 104
2419 40 64 104
2420 39 107 103
2421 38 207 103
2422 37 69 102
2423 36 23 102
2424 35 179 101
2425 34 231 101
2426 33 77 100
2427 32 197 100
2428 31 237 99
2429 30 79 99
2430 29 112 98
2431 28 123 98
2432 27 41 97
2433 46 132 108
2434 45 44 107
2435 44 186 107
2436 43 62 106
2437 42 192 106
2438 41 64 105
2439 40 107 105
2440 39 207 104
2441 38 69 104
2442 37 23 103
2443 36 179 103
2444 35 231 102
2445 34 77 102
2446 33 197 101
2447 32 237 101
2448 31 79 100
2449 30 112 100
2450 29 123 99
2451 47 132 109
2452 46 44 109
2453 45 186 108
2454 44 62 108
2455 43 192 107
2456 42 64 107
2457 41 107 106
2458 40 207 106
2459 39 69 105
2460 38 23 105
2461 37 179 104
2462 36 231 104
2463 35 77 103
2464 34 197 103
2465 33 237 102
2466 32 79 102
2467 31 112 101
2468 48 132 111
2469 47 44 110
2470 46 186 110
2471 45 62 109
2472 44 192 109
2473 43 64 108
2474 42 107 108
2475 41 207 107
2476 40 69 107
2477 39 23 106
2478 38 179 106
2479 37 231 105
2480 36 77 105
2481 35 197 104
2482 34 237 104
2483 33 79 103
2484 49 132 112
2485 48 44 112
2486 47 186 111
2487 46 62 111
2488 45 192 110
2489 44 64 110
2490 43 107 109
2491 42 207 109
2492 41 69 108
2493 40 23 108
2494 39 179 107
2495 38 231 107
2496 37 77 106
2497 36 197 106
2498 35 237 105
2499 50 132 114
2500 49 44 113
2501 48 186 113
2502 47 62 112
2503 46 192 112
2504 45 64 111
2505 44 107 111
2506 43 207 110
2507 42 69 110
2508 41 23 109
2509 40 179 109
2510 39 231 108
2511 38 77 108
2512 37 197 107
2513 51 132 115
2514 50 44 115
2515 49 186 114
2516 48 62 114
2517 47 192 113
2518 46 64 113
2519 45 107 112
2520 44 207 112
2521 43 69 111
2522 42 23 111
2523 41 179 110
2524 40 231 110
2525 39 77 109
2526 52 132 117
2527 51 44 116
2528 50 186 116
2529 49 62 115
2530 48 192 115
2531 47 64 114
2532 46 107 114
2533 45 207 113
2534 44 69 113
2535 43 23 112
2536 42 179 112
2537 41 231 111
2538 53 132 118
2539 52 44 118
2540 51 186 117
2541 50 62 117
2542 49 192 116
2543 48 64 116
2544 47 107 115
2545 46 207 115
2546 45 69 114
2547 44 23 114
2548 43 179 113
2549 54 132 120
2550 53 44 119
2551 52 186 119
2552 51 62 118
2553 50 192 118
2554 49 64 117
2555 48 107 117
2556 47 207 116
2557 46 69 116
2558 45 23 115
2559 55 132 121
2560 54 44 121
2561 53 186 120
2562 52 62 120
2563 51 192 119
2564 50 64 119
2565 49 107 118
2566 48 207 118
2567 47 69 117
2568 56 132 123
2569 55 44 122
2570 54 186 122
2571 53 62 121
2572 52 192 121
2573 51 64 120
2574 50 107 120
2575 49 207 119
2576 57 132 124
2577 56 44 124
2578 55 186 123
2579 54 62 123
2580 53 192 122
2581 52 64 122
2582 51 107 121
2583 58 132 126
2584 57 44 125
2585 56 186 125
2586 55 62 124
2587 54 192 124
2588 53 64 123
2589 59 132 127
2590 58 44 127
2591 57 186 126
2592 56 62 126
2593 55 192 125
2594 60 132 129
2595 59 44 128
2596 58 186 128
2597 57 62 127
2598 61 132 130
2599 60 44 130
2600 59 186 129
2601 62 132 132
2602 61 44 131
2603 63 132 133
2604 64 253 135
2605 62 256 133
2606 60 64 131
2607 58 16 129
2608 56 4 127
2609 54 1 125
2610 52 193 123
2611 50 241 121
2612 48 253 119
2613 46 256 117
2614 44 64 115
2615 42 16 113
2616 40 4 111
2617 38 1 109
2618 36 193 107
2619 34 241 105
2620 32 253 103
2621 30 256 101
2622 28 64 99
2623 26 16 97
2624 24 4 95
2625 22 1 93
2626 20 193 91
2627 18 241 89
2628 16 253 87
2629 14 256 85
2630 65 253 136
2631 63 256 134
2632 61 64 132
2633 59 16 130
2634 57 4 128
2635 55 1 126
2636 53 193 124
2637 51 241 122
2638 49 253 120
2639 47 256 118
2640 45 64 116
2641 43 16 114
2642 41 4 112
2643 39 1 110
2644 37 193 108
2645 35 241 106
2646 33 253 104
2647 31 256 102
2648 29 64 100
2649 27 16 98
2650 25 4 96
2651 23 1 94
2652 21 193 92
2653 19 241 90
2654 66 253 138
2655 64 256 136
2656 62 64 134
2657 60 16 132
2658 58 4 130
2659 56 1 128
2660 54 193 126
2661 52 241 124
2662 50 253 122
2663 48 256 120
2664 46 64 118
2665 44 16 116
2666 42 4 114
2667 40 1 112
2668 38 193 110
2669 36 241 108
2670 34 253 106
2671 32 256 104
2672 30 64 102
2673 28 16 100
2674 26 4 98
2675 24 1 96
2676 67 253 139
2677 65 256 137
2678 63 64 135
2679 61 16 133
2680 59 4 131
2681 57 1 129
2682 55 193 127
2683 53 241 125
2684 51 253 123
2685 49 256 121
2686 47 64 119
2687 45 16 117
2688 43 4 115
2689 41 1 113
2690 39 193 111
2691 37 241 109
2692 35 253 107
2693 33 256 105
2694 31 64 103
2695 29 16 101
2696 68 253 141
2697 66 256 139
2698 64 64 137
2699 62 16 135
2700 60 4 133
2701 58 1 131
2702 56 193 129
2703 54 241 127
2704 52 253 125
2705 50 256 123
2706 48 64 121
2707 46 16 119
2708 44 4 117
2709 42 1 115
2710 40 193 113
2711 38 241 111
2712 36 253 109
2713 34 256 107
2714 69 253 142
2715 67 256 140
2716 65 64 138
2717 63 16 136
2718 61 4 134
2719 59 1 132
2720 57 193 130
2721 55 241 128
2722 53 253 126
2723 51 256 124
2724 49 64 122
2725 47 16 120
2726 45 4 118
2727 43 1 116
2728 41 193 114
2729 39 241 112
2730 70 253 144
2731 68 256 142
2732 66 64 140
2733 64 16 138
2734 62 4 136
2735 60 1 134
2736 58 193 132
2737 56 241 130
2738 54 253 128
2739 52 256 126
2740 50 64 124
2741 48 16 122
2742 46 4 120
2743 44 1 118
2744 71 253 145
2745 69 256 143
2746 67 64 141
2747 65 16 139
2748 63 4 137
2749 61 1 135
2750 59 193 133
2751 57 241 131
2752 55 253 129
2753 53 256 127
2754 51 64 125
2755 49 16 123
2756 72 253 147
2757 70 256 145
2758 68 64 143
2759 66 16 141
2760 64 4 139
2761 62 1 137
2762 60 193 135
2763 58 241 133
2764 56 253 131
2765 54 256 129
2766 73 253 148
2767 71 256 146
2768 69 64 144
2769 67 16 142
2770 65 4 140
2771 63 1 138
2772 61 193 136
2773 59 241 134
2774 74 253 150
2775 72 256 148
2776 70 64 146
2777 68 16 144
2778 66 4 142
2779 64 1 140
2780 75 253 151
2781 73 256 149
2782 71 64 147
2783 69 16 145
2784 76 253 153
2785 74 256 151
2786 0 256 77
2787 0 256 78
2788 0 256 79
2789 0 256 80
2790 0 256 81
2791 0 256 82
2792 0 256 83
2793 0 256 84
2794 0 256 85
2795 0 256 86
2796 0 256 87
2797 0 256 88
2798 0 256 89
2799 0 256 90
2800 0 256 91
2801 0 256 92
2802 0 256 93
2803 0 256 94
2804 0 256 95
2805 0 256 96
2806 0 256 97
2807 0 256 98
2808 0 256 99
2809 0 256 100
2810 0 256 101
2811 1 128 77
2812 1 128 78
2813 1 128 79
2814 1 128 80
2815 1 128 81
2816 1 128 82
2817 1 128 83
2818 1 128 84
2819 1 128 85
2820 1 128 86
2821 1 128 87
2822 1 128 88
2823 1 128 89
2824 1 128 90
2825 1 128 91
2826 1 128 92
2827 1 128 93
2828 1 128 94
2829 1 128 95
2830 1 128 96
2831 1 128 97
2832 1 128 98
2833 1 128 99
2834 1 128 100
2835 2 64 77
2836 2 64 78
2837 2 64 79
2838 2 64 80
2839 2 64 81
2840 2 64 82
2841 2 64 83
2842 2 64 84
2843 2 64 85
2844 2 64 86
2845 2 64 87
2846 2 64 88
2847 2 64 89
2848 2 64 90
2849 2 64 91
2850 2 64 92
2851 2 64 93
2852 2 64 94
2853 2 64 95
2854 2 64 96
2855 2 64 97
2856 2 64 98
2857 2 64 99
2858 3 32 77
2859 3 32 78
2860 3 32 79
2861 3 32 80
2862 3 32 81
2863 3 32 82
2864 3 32 83
2865 3 32 84
2866 3 32 85
2867 3 32 86
2868 3 32 87
2869 3 32 88
2870 3 32 89
2871 3 32 90
2872 3 32 91
2873 3 32 92
2874 3 32 93
2875 3 32 94
2876 3 32 95
2877 3 32 96
2878 3 32 97
2879 3 32 98
2880 4 32 78
2881 5 241 78
2882 4 16 79
2883 4 16 80
2884 4 16 81
2885 4 16 82
2886 4 16 83
2887 4 16 84
2888 4 16 85
2889 4 16 86
2890 4 16 87
2891 4 16 88
2892 4 16 89
2893 4 16 90
2894 4 16 91
2895 4 16 92
2896 4 16 93
2897 4 16 94
2898 4 16 95
2899 4 16 96
2900 4 16 97
2901 5 32 79
2902 6 241 79
2903 7 8 79
2904 5 8 80
2905 5 8 81
2906 5 8 82
2907 5 8 83
2908 5 8 84
2909 5 8 85
2910 5 8 86
2911 5 8 87
2912 5 8 88
2913 5 8 89
2914 5 8 90
2915 5 8 91
2916 5 8 92
2917 5 8 93
2918 5 8 94
2919 5 8 95
2920 5 8 96
2921 6 32 80
2922 7 241 80
2923 8 8 80
2924 9 253 80
2925 6 4 81
2926 6 4 82
2927 6 4 83
2928 6 4 84
2929 6 4 85
2930 6 4 86
2931 6 4 87
2932 6 4 88
2933 6 4 89
2934 6 4 90
2935 6 4 91
2936 6 4 92
2937 6 4 93
2938 6 4 94
2939 6 4 95
2940 7 32 81
2941 8 241 81
2942 9 8 81
2943 10 253 81
2944 7 4 82
2945 11 1 82
2946 7 2 83
2947 7 2 84
2948 7 2 85
2949 7 2 86
2950 7 2 87
2951 7 2 88
2952 7 2 89
2953 7 2 90
2954 7 2 91
2955 7 2 92
2956 7 2 93
2957 7 2 94
2958 8 32 82
2959 9 241 82
2960 10 8 82
2961 8 8 83
2962 11 255 83
2963 12 1 83
2964 8 2 84
2965 13 64 84
2966 8 1 85
2967 8 1 86
2968 8 1 87
2969 8 1 88
2970 8 1 89
2971 8 1 90
2972 8 1 91
2973 8 1 92
2974 8 1 93
2975 9 32 83
2976 10 241 83
2977 9 16 84
2978 11 4 84
2979 12 255 84
2980 9 4 85
2981 13 129 85
2982 9 2 86
2983 14 32 86
2984 15 241 86
2985 9 129 87
2986 9 129 88
2987 9 129 89
2988 9 129 90
2989 9 129 91
2990 9 129 92
2991 10 32 84
2992 10 32 85
2993 11 249 85
2994 12 4 85
2995 10 8 86
2996 13 256 86
2997 10 4 87
2998 14 193 87
2999 15 32 87
3000 10 1 88
3001 16 249 88
3002 17 4 88
3003 10 193 89
3004 10 193 90
3005 10 193 91
3006 11 32 86
3007 12 80 86
3008 11 138 87
3009 12 19 87
3010 13 2 87
3011 11 8 88
3012 14 128 88
3013 15 193 88
3014 11 2 89
3015 16 16 89
3016 17 249 89
3017 11 129 90
3018 18 2 90
3019 11 193 91
3020 12 32 88
3021 13 80 88
3022 12 138 89
3023 13 19 89
3024 14 2 89
3025 15 30 89
3026 12 248 90
3027 15 242 90
3028 16 225 90
3029 17 16 90
3030 12 1 91
3031 18 253 91
3032 19 6 91
3033 13 32 90
3034 14 80 90
3035 13 138 91
3036 14 19 91
3037 15 2 91
3038 16 30 91
3039 17 225 91
3040 10 106 92
3041 11 237 92
3042 12 190 92
3043 13 201 92
3044 16 174 92
3045 14 32 92
3046 15 80 92
3047 17 4 92
3048 18 210 92
3049 19 79 92
3050 20 34 92
3051 9 255 93
3052 10 242 93
3053 11 206 93
3054 12 242 93
3055 13 162 93
3056 14 195 93
3057 15 173 93
3058 16 79 93
3059 17 72 93
3060 18 153 93
3061 19 58 93
3062 20 137 93
3063 21 70 93
3064 8 248 94
3065 9 81 94
3066 10 104 94
3067 11 223 94
3068 12 5 94
3069 13 113 94
3070 14 65 94
3071 15 244 94
3072 16 16 94
3073 17 249 94
3074 18 212 94
3075 19 104 94
3076 20 175 94
3077 21 42 94
3078 22 26 94
3079 7 203 95
3080 8 67 95
3081 9 89 95
3082 10 112 95
3083 11 201 95
3084 12 34 95
3085 13 256 95
3086 14 147 95
3087 15 28 95
3088 16 85 95
3089 17 247 95
3090 18 216 95
3091 19 64 95
3092 20 119 95
3093 21 213 95
3094 22 247 95
3095 23 103 95
3096 6 149 96
3097 7 150 96
3098 8 20 96
3099 14 188 96
3100 16 17 96
3101 18 126 96
3102 19 161 96
3103 20 59 96
3104 21 130 96
3105 22 184 96
3106 23 218 96
3107 5 31 97
3108 6 116 97
3109 24 8 97
3110 4 32 98
3111 25 241 97
3112 24 249 98
3113 23 255 97
3114 22 256 97
3115 21 64 97
3116 20 32 97
3117 19 8 97
3118 18 4 97
3119 17 1 96
3120 16 129 97
3121 15 225 96
3122 14 241 97
3123 13 253 96
3124 12 255 96
3125 11 128 96
3126 10 64 96
3127 9 16 96
3128 8 8 97
3129 7 2 97
3130 9 58 97
3131 10 150 97
3132 11 81 97
3133 12 144 97
3134 13 89 97
3135 15 87 97
3136 17 214 97
3137 5 69 98
3138 6 216 98
3139 26 241 99
3140 25 253 98
3141 24 255 99
3142 23 128 98
3143 22 64 98
3144 21 16 98
3145 20 8 98
3146 19 2 98
3147 18 1 98
3148 7 62 98
3149 16 225 98
3150 8 23 98
3151 14 253 98
3152 9 211 98
3153 12 128 98
3154 11 64 98
3155 10 16 98
3156 13 146 98
3157 15 210 98
3158 17 237 98
3159 3 228 99
3160 4 243 99
3161 5 52 99
3162 6 227 99
3163 7 127 99
3164 8 226 99
3165 9 208 99
3166 27 249 99
3167 26 253 100
3168 25 256 99
3169 24 128 100
3170 23 32 99
3171 22 16 99
3172 21 4 99
3173 20 2 99
3174 19 129 99
3175 18 193 99
3176 10 228 99
3177 16 249 99
3178 11 120 99
3179 14 256 99
3180 12 209 99
3181 13 57 99
3182 15 15 99
3183 17 105 99
3184 2 142 100
3185 3 131 100
3186 4 64 100
3187 5 120 100
3188 6 172 100
3189 7 68 100
3190 8 28 100
3191 9 242 100
3192 28 249 101
3193 27 255 100
3194 26 256 101
3195 25 64 100
3196 24 32 101
3197 23 8 100
3198 22 4 100
3199 21 1 100
3200 20 129 100
3201 19 225 100
3202 18 241 100
3203 10 27 100
3204 16 255 100
3205 11 50 100
3206 14 64 100
3207 12 37 100
3208 13 44 100
3209 15 187 100
3210 17 240 100
3211 1 49 101
3212 2 40 101
3213 3 41 101
3214 4 87 101
3215 5 131 101
3216 6 87 101
3217 29 253 102
3218 28 255 102
3219 27 128 101
3220 26 64 102
3221 25 16 101
3222 24 8 102
3223 23 2 101
3224 22 1 101
3225 21 193 101
3226 20 225 101
3227 19 249 101
3228 18 253 101
3229 7 37 101
3230 16 128 101
3231 8 201 101
3232 14 16 101
3233 9 85 101
3234 10 6 101
3235 11 116 101
3236 13 143 101
3237 12 250 101
3238 15 225 101
3239 17 139 101
3240 0 26 102
3241 30 253 103
3242 29 256 103
3243 28 128 103
3244 27 32 102
3245 26 16 103
3246 25 4 102
3247 24 2 103
3248 23 129 102
3249 22 193 102
3250 21 241 102
3251 20 249 102
3252 19 255 102
3253 18 256 102
3254 1 70 102
3255 16 32 102
3256 2 218 102
3257 14 4 102
3258 4 34 102
3259 6 64 102
3260 8 15 102
3261 10 5 102
3262 11 48 102
3263 12 109 102
3264 31 255 104
3265 30 256 104
3266 29 64 104
3267 28 32 104
3268 27 8 103
3269 26 4 104
3270 25 1 103
3271 24 129 104
3272 23 225 103
3273 22 241 103
3274 21 253 103
3275 20 255 103
3276 19 128 103
3277 18 64 103
3278 17 16 102
3279 16 8 103
3280 15 2 102
3281 14 1 103
3282 13 193 102
3283 0 232 103
3284 1 219 103
3285 12 48 103
3286 32 255 105
3287 31 128 105
3288 30 64 105
3289 29 16 105
3290 28 8 105
3291 27 2 104
3292 26 1 105
3293 25 193 104
3294 24 225 105
3295 23 249 104
3296 22 253 104
3297 21 256 104
3298 20 128 104
3299 19 32 104
3300 18 16 104
3301 17 4 103
3302 16 2 104
3303 15 129 103
3304 14 193 104
3305 13 241 103
3306 0 155 104
3307 33 256 106
3308 32 128 106
3309 31 32 106
3310 30 16 106
3311 29 4 106
3312 28 2 106
3313 27 129 105
3314 26 193 106
3315 25 241 105
3316 24 249 106
3317 23 255 105
3318 22 256 105
3319 21 64 105
3320 20 32 105
3321 19 8 105
3322 18 4 105
3323 17 1 104
3324 16 129 105
3325 15 225 104
3326 14 241 105
3327 34 256 108
3328 33 64 107
3329 32 32 107
3330 31 8 107
3331 30 4 107
3332 29 1 107
3333 28 129 107
3334 27 225 106
3335 26 241 107
3336 25 253 106
3337 24 255 107
3338 23 128 106
3339 22 64 106
3340 21 16 106
3341 20 8 106
3342 19 2 106
3343 18 1 106
3344 17 193 105
3345 16 225 106
3346 35 128 108
3347 34 64 109
3348 33 16 108
3349 32 8 108
3350 31 2 108
3351 30 1 108
3352 29 193 108
3353 28 225 108
3354 27 249 107
3355 26 253 108
3356 25 256 107
3357 24 128 108
3358 23 32 107
3359 22 16 107
3360 21 4 107
3361 20 2 107
3362 19 129 107
3363 18 193 107
3364 36 128 110
3365 35 32 109
3366 34 16 110
3367 33 4 109
3368 32 2 109
3369 31 129 109
3370 30 193 109
3371 29 241 109
3372 28 249 109
3373 27 255 108
3374 26 256 109
3375 25 64 108
3376 24 32 109
3377 23 8 108
3378 22 4 108
3379 21 1 108
3380 20 129 108
3381 37 64 110
3382 36 32 111
3383 35 8 110
3384 34 4 111
3385 33 1 110
3386 32 129 110
3387 31 225 110
3388 30 241 110
3389 29 253 110
3390 28 255 110
3391 27 128 109
3392 26 64 110
3393 25 16 109
3394 24 8 110
3395 23 2 109
3396 22 1 109
3397 38 64 112
3398 37 16 111
3399 36 8 112
3400 35 2 111
3401 34 1 112
3402 33 193 111
3403 32 225 111
3404 31 249 111
3405 30 253 111
3406 29 256 111
3407 28 128 111
3408 27 32 110
3409 26 16 111
3410 25 4 110
3411 24 2 111
3412 39 32 113
3413 38 16 113
3414 37 4 112
3415 36 2 113
3416 35 129 112
3417 34 193 113
3418 33 241 112
3419 32 249 112
3420 31 255 112
3421 30 256 112
3422 29 64 112
3423 28 32 112
3424 27 8 111
3425 26 4 112
3426 40 32 114
3427 39 8 114
3428 38 4 114
3429 37 1 113
3430 36 129 114
3431 35 225 113
3432 34 241 114
3433 33 253 113
3434 32 255 113
3435 31 128 113
3436 30 64 113
3437 29 16 113
3438 28 8 113
3439 41 16 115
3440 40 8 115
3441 39 2 115
3442 38 1 115
3443 37 193 114
3444 36 225 115
3445 35 249 114
3446 34 253 115
3447 33 256 114
3448 32 128 114
3449 31 32 114
3450 30 16 114
3451 42 16 116
3452 41 4 116
3453 40 2 116
3454 39 129 116
3455 38 193 116
3456 37 241 115
3457 36 249 116
3458 35 255 115
3459 34 256 116
3460 33 64 115
3461 32 32 115
3462 43 8 117
3463 42 4 117
3464 41 1 117
3465 40 129 117
3466 39 225 117
3467 38 241 117
3468 37 253 116
3469 36 255 117
3470 35 128 116
3471 34 64 117
3472 44 8 119
3473 43 2 118
3474 42 1 118
3475 41 193 118
3476 40 225 118
3477 39 249 118
3478 38 253 118
3479 37 256 117
3480 36 128 118
3481 45 4 119
3482 44 2 120
3483 43 129 119
3484 42 193 119
3485 41 241 119
3486 40 249 119
3487 39 255 119
3488 38 256 119
3489 46 4 121
3490 45 1 120
3491 44 129 121
3492 43 225 120
3493 42 241 120
3494 41 253 120
3495 40 255 120
3496 47 2 121
3497 46 1 122
3498 45 193 121
3499 44 225 122
3500 43 249 121
3501 42 253 121
3502 48 2 123
3503 47 129 122
3504 46 193 123
3505 45 241 122
3506 44 249 123
3507 49 1 124
3508 48 129 124
3509 47 225 123
3510 46 241 124
3511 50 1 125
3512 49 193 125
3513 48 225 125
3514 51 129 126
3515 50 193 126
3516 52 129 127
3517 53 154 128
3518 51 197 127
3519 49 247 126
3520 47 84 124
3521 45 14 123
3522 43 88 122
3523 41 186 121
3524 39 31 120
3525 37 48 118
3526 35 8 117
3527 33 87 116
3528 31 143 115
3529 29 238 114
3530 27 211 112
3531 25 78 111
3532 23 13 110
3533 21 45 109
3534 19 136 108
3535 17 194 106
3536 15 118 105
3537 54 154 130
3538 52 197 128
3539 50 247 127
3540 48 84 126
3541 46 14 125
3542 44 88 124
3543 42 186 122
3544 40 31 121
3545 38 48 120
3546 36 8 119
3547 34 87 118
3548 32 143 116
3549 30 238 115
3550 28 211 114
3551 26 78 113
3552 24 13 112
3553 22 45 110
3554 20 136 109
3555 18 194 108
3556 55 77 130
3557 53 227 129
3558 51 252 128
3559 49 42 127
3560 47 7 125
3561 45 44 124
3562 43 93 123
3563 41 144 122
3564 39 24 121
3565 37 4 119
3566 35 172 118
3567 33 200 117
3568 31 119 116
3569 29 234 115
3570 27 39 113
3571 25 135 112
3572 23 151 111
3573 21 68 110
3574 56 77 132
3575 54 227 131
3576 52 252 129
3577 50 42 128
3578 48 7 127
3579 46 44 126
3580 44 93 125
3581 42 144 123
3582 40 24 122
3583 38 4 121
3584 36 172 120
3585 34 200 119
3586 32 119 117
3587 30 234 116
3588 28 39 115
3589 26 135 114
3590 24 151 113
3591 57 167 132
3592 55 242 131
3593 53 126 130
3594 51 21 129
3595 49 132 128
3596 47 22 126
3597 45 175 125
3598 43 72 124
3599 41 12 123
3600 39 2 122
3601 37 86 120
3602 35 100 119
3603 33 188 118
3604 31 117 117
3605 29 148 116
3606 27 196 114
3607 58 167 134
3608 56 242 133
3609 54 126 132
3610 52 21 130
3611 50 132 129
3612 48 22 128
3613 46 175 127
3614 44 72 126
3615 42 12 124
3616 40 2 123
3617 38 86 122
3618 36 100 121
3619 34 188 120
3620 32 117 118
3621 30 148 117
3622 59 212 135
3623 57 121 133
3624 55 63 132
3625 53 139 131
3626 51 66 130
3627 49 11 129
3628 47 216 127
3629 45 36 126
3630 43 6 125
3631 41 1 124
3632 39 43 123
3633 37 50 121
3634 35 94 120
3635 33 187 119
3636 60 212 136
3637 58 121 135
3638 56 63 134
3639 54 139 133
3640 52 66 131
3641 50 11 130
3642 48 216 129
3643 46 36 128
3644 44 6 127
3645 42 1 125
3646 40 43 124
3647 38 50 123
3648 36 94 122
3649 61 106 137
3650 59 189 136
3651 57 160 134
3652 55 198 133
3653 53 33 132
3654 51 134 131
3655 49 108 130
3656 47 18 128
3657 45 3 127
3658 43 129 126
3659 41 150 125
3660 39 25 124
3661 62 106 138
3662 60 189 137
3663 58 160 136
3664 56 198 135
3665 54 33 134
3666 52 134 132
3667 50 108 131
3668 48 18 130
3669 46 3 129
3670 44 129 128
3671 42 150 126
3672 63 53 139
3673 61 223 138
3674 59 80 137
3675 57 99 135
3676 55 145 134
3677 53 67 133
3678 51 54 132
3679 49 9 131
3680 47 130 129
3681 45 193 128
3682 64 53 141
3683 62 223 139
3684 60 80 138
3685 58 99 137
3686 56 145 136
3687 54 67 135
3688 52 54 133
3689 50 9 132
3690 48 130 131
3691 65 155 141
3692 63 240 140
3693 61 40 139
3694 59 178 138
3695 57 201 136
3696 55 162 135
3697 53 27 134
3698 51 133 133
3699 66 155 143
3700 64 240 142
3701 62 40 140
3702 60 178 139
3703 58 201 138
3704 56 162 137
3705 54 27 136
3706 67 206 143
3707 65 120 142
3708 63 20 141
3709 61 89 140
3710 59 229 139
3711 57 81 137
3712 68 206 145
3713 66 120 144
3714 64 20 143
3715 62 89 141
3716 60 229 140
3717 69 103 146
3718 67 60 144
3719 65 10 143
3720 63 173 142
3721 70 103 147
3722 68 60 146
3723 66 10 145
3724 71 180 148
3725 69 30 147
3726 72 180 149
3727 3 223 102
3728 2 17 103
3729 1 120 104
3730 0 197 105
3731 0 197 106
3732 0 197 107
3733 0 197 108
3734 0 197 109
3735 0 197 110
3736 0 197 111
3737 0 197 112
3738 0 197 113
3739 0 197 114
3740 0 197 115
3741 0 197 116
3742 0 197 117
3743 0 197 118
3744 5 211 102
3745 3 84 103
3746 4 82 103
3747 2 20 104
3748 1 247 105
3749 1 247 106
3750 1 247 107
3751 1 247 108
3752 1 247 109
3753 1 247 110
3754 1 247 111
3755 1 247 112
3756 1 247 113
3757 1 247 114
3758 1 247 115
3759 1 247 116
3760 7 225 102
3761 5 159 103
3762 6 247 103
3763 3 211 104
3764 4 254 104
3765 2 84 105
3766 2 84 106
3767 2 84 107
3768 2 84 108
3769 2 84 109
3770 2 84 110
3771 2 84 111
3772 2 84 112
3773 2 84 113
3774 2 84 114
3775 9 123 102
3776 7 200 103
3777 8 183 103
3778 5 225 104
3779 6 132 104
3780 3 25 105
3781 4 54 105
3782 3 14 106
3783 3 14 107
3784 3 14 108
3785 3 14 109
3786 3 14 110
3787 3 14 111
3788 3 14 112
3789 9 54 103
3790 10 216 103
3791 11 175 103
3792 7 123 104
3793 8 103 104
3794 5 185 105
3795 6 194 105
3796 4 163 106
3797 5 242 106
3798 4 88 107
3799 4 88 108
3800 4 88 109
3801 4 88 110
3802 9 124 104
3803 10 239 104
3804 11 221 104
3805 12 113 104
3806 13 226 104
3807 7 84 105
3808 8 202 105
3809 6 24 106
3810 7 146 106
3811 5 163 107
3812 6 70 107
3813 5 186 108
3814 9 161 105
3815 10 130 105
3816 11 3 105
3817 12 12 105
3818 13 24 105
3819 8 41 106
3820 9 222 106
3821 14 165 106
3822 7 229 107
3823 8 251 107
3824 16 227 107
3825 10 209 106
3826 11 252 106
3827 12 179 106
3828 13 250 106
3829 15 217 106
3830 9 152 107
3831 10 9 107
3832 11 234 107
3833 14 77 107
3834 17 73 107
3835 12 40 107
3836 13 47 107
3837 15 53 107
3838 6 255 108
3839 7 211 108
3840 8 151 108
3841 9 180 108
3842 10 112 108
3843 11 63 108
3844 12 60 108
3845 13 173 108
3846 14 56 108
3847 15 148 108
3848 16 235 108
3849 17 215 108
3850 5 226 109
3851 6 131 109
3852 7 210 109
3853 8 52 109
3854 9 27 109
3855 10 251 109
3856 11 243 109
3857 12 154 109
3858 13 85 109
3859 14 200 109
3860 15 16 109
3861 16 188 109
3862 17 118 109
3863 18 50 109
3864 19 76 109
3865 5 127 110
3866 6 177 110
3867 7 72 110
3868 8 98 110
3869 9 252 110
3870 11 116 110
3871 10 40 110
3872 12 65 110
3873 13 10 110
3874 14 211 110
3875 15 85 110
3876 16 224 110
3877 17 185 110
3878 18 7 110
3879 19 129 110
3880 20 251 110
3881 4 139 111
3882 5 161 111
3883 6 46 111
3884 7 203 111
3885 8 220 111
3886 9 100 111
3887 10 162 111
3888 11 67 111
3889 12 225 111
3890 13 140 111
3891 14 145 111
3892 15 59 111
3893 16 17 111
3894 17 187 111
3895 18 36 111
3896 19 128 111
3897 20 152 111
3898 21 109 111
3899 22 42 111
3900 4 196 112
3901 5 225 112
3902 6 187 112
3903 7 126 112
3904 8 114 112
3905 9 253 112
3906 10 23 112
3907 11 92 112
3908 12 87 112
3909 13 1 112
3910 14 195 112
3911 15 2 112
3912 16 115 112
3913 17 158 112
3914 18 129 112
3915 19 107 112
3916 20 137 112
3917 21 148 112
3918 22 78 112
3919 23 245 112
3920 3 154 113
3921 4 20 113
3922 5 60 113
3923 6 216 113
3924 7 141 113
3925 8 252 113
3926 9 198 113
3927 10 51 113
3928 11 71 113
3929 12 58 113
3930 13 62 113
3931 14 183 113
3932 15 82 113
3933 16 86 113
3934 17 252 113
3935 18 221 113
3936 19 174 113
3937 20 60 113
3938 21 131 113
3939 22 76 113
3940 23 88 113
3941 25 22 113
3942 3 69 114
3943 4 250 114
3944 5 97 114
3945 6 107 114
3946 7 69 114
3947 8 188 114
3948 9 156 114
3949 10 126 114
3950 11 227 114
3951 12 221 114
3952 13 178 114
3953 14 187 114
3954 15 213 114
3955 16 56 114
3956 17 36 114
3957 18 47 114
3958 19 97 114
3959 20 141 114
3960 21 154 114
3961 22 106 114
3962 23 198 114
3963 24 17 114
3964 25 108 114
3965 2 33 115
3966 3 49 115
3967 4 170 115
3968 5 35 115
3969 6 24 115
3970 7 7 115
3971 8 207 115
3972 9 89 115
3973 10 184 115
3974 11 165 115
3975 12 61 115
3976 13 127 115
3977 14 157 115
3978 15 255 115
3979 16 89 115
3980 17 19 115
3981 18 157 115
3982 19 241 115
3983 20 176 115
3984 21 92 115
3985 22 172 115
3986 23 1 115
3987 24 98 115
3988 25 232 115
3989 26 103 115
3990 27 33 115
3991 2 162 116
3992 3 6 116
3993 4 106 116
3994 5 151 116
3995 6 88 116
3996 7 22 116
3997 8 2 116
3998 9 98 116
3999 10 210 116
4000 11 62 116
4001 12 11 116
4002 13 178 116
4003 14 119 116
4004 15 97 116
4005 16 189 116
4006 17 139 116
4007 18 143 116
4008 19 232 116
4009 20 117 116
4010 21 36 116
4011 22 21 116
4012 23 120 116
4013 24 112 116
4014 25 228 116
4015 26 237 116
4016 27 124 116
4017 28 92 116
4018 1 27 117
4019 2 253 117
4020 3 87 117
4021 4 251 117
4022 5 28 117
4023 6 140 117
4024 7 109 117
4025 8 181 117
4026 9 207 117
4027 10 97 117
4028 11 81 117
4029 12 78 117
4030 13 145 117
4031 14 27 117
4032 15 148 117
4033 16 189 117
4034 17 216 117
4035 18 193 117
4036 19 49 117
4037 20 246 117
4038 21 149 117
4039 22 136 117
4040 23 39 117
4041 24 19 117
4042 25 62 117
4043 26 16 117
4044 27 56 117
4045 28 7 117
4046 29 86 117
4047 1 198 118
4048 2 152 118
4049 3 246 118
4050 4 223 118
4051 5 92 118
4052 6 75 118
4053 7 78 118
4054 18 133 118
4055 20 215 118
4056 21 10 118
4057 26 222 118
4058 24 239 118
4059 25 219 118
4060 23 60 118
4061 22 36 118
4062 30 214 118
4063 29 137 118
4064 28 185 118
4065 27 37 118
4066 31 45 118
4067 24 16 119
4068 25 248 119
4069 26 13 119
4070 30 197 119
4071 29 233 119
4072 28 37 119
4073 27 213 119
4074 31 205 119
4075 32 207 119
4076 26 218 120
4077 30 245 120
4078 29 98 120
4079 28 213 120
4080 33 69 120
4081 32 247 120
4082 31 253 120
4083 30 49 121
4084 34 69 121
4085 33 168 121
4086 32 255 121
4087 35 140 121
4088 34 168 122
4089 37 237 122
4090 36 152 123
4091 35 189 122
4092 33 240 122
4093 31 60 121
4094 29 15 121
4095 27 34 120
4096 24 228 120
4097 23 227 119
4098 21 121 119
4099 19 223 118
4100 8 78 118
4101 9 123 118
4102 10 103 118
4103 11 54 118
4104 12 33 118
4105 13 184 118
4106 14 184 118
4107 15 165 118
4108 16 220 118
4109 17 113 118
4110 0 22 119
4111 1 142 119
4112 2 198 119
4113 3 207 119
4114 4 256 119
4115 38 242 124
4116 37 191 123
4117 34 240 123
4118 32 30 122
4119 30 136 122
4120 28 34 121
4121 26 137 121
4122 25 78 120
4123 22 189 119
4124 20 240 119
4125 18 60 119
4126 5 167 119
4127 6 91 119
4128 7 240 119
4129 8 183 119
4130 9 134 119
4131 10 62 119
4132 12 6 119
4133 11 20 119
4134 13 144 119
4135 14 56 119
4136 15 233 119
4137 16 93 119
4138 17 198 119
4139 39 252 125
4140 36 61 124
4141 35 40 123
4142 33 10 123
4143 31 131 122
4144 29 97 122
4145 27 237 121
4146 24 176 121
4147 23 63 120
4148 21 80 120
4149 19 20 119
4150 0 145 120
4151 1 239 120
4152 2 237 120
4153 3 181 120
4154 4 168 120
4155 5 50 120
4156 6 55 120
4157 7 192 120
4158 8 104 120
4159 9 194 120
4160 10 154 120
4161 11 97 120
4162 40 126 125
4163 38 160 125
4164 37 92 124
4165 34 10 124
4166 32 194 123
4167 30 177 123
4168 28 237 122
4169 26 252 122
4170 25 183 121
4171 22 40 120
4172 20 10 120
4173 18 131 120
4174 12 76 120
4175 13 211 120
4176 14 66 120
4177 15 22 120
4178 16 60 120
4179 17 131 120
4180 19 130 120
4181 0 19 121
4182 1 184 121
4183 2 61 121
4184 41 42 126
4185 39 139 126
4186 36 12 125
4187 35 173 124
4188 33 236 124
4189 31 59 123
4190 29 79 123
4191 27 42 122
4192 24 226 122
4193 23 99 121
4194 21 89 121
4195 3 92 121
4196 4 135 121
4197 5 256 121
4198 6 209 121
4199 7 173 121
4200 8 76 121
4201 9 25 121
4202 10 35 121
4203 11 152 121
4204 12 120 121
4205 42 21 127
4206 40 198 126
4207 38 178 126
4208 37 64 125
4209 34 236 125
4210 32 158 124
4211 30 168 124
4212 28 42 123
4213 26 139 123
4214 25 157 122
4215 22 173 121
4216 20 236 121
4217 18 59 121
4218 13 2 121
4219 14 142 121
4220 15 148 121
4221 16 94 121
4222 17 232 121
4223 19 74 121
4224 0 183 122
4225 43 7 127
4226 41 66 127
4227 39 145 127
4228 36 78 126
4229 35 125 125
4230 33 224 125
4231 31 56 124
4232 29 14 124
4233 27 66 123
4234 24 105 123
4235 23 229 122
4236 21 250 122
4237 1 99 122
4238 2 162 122
4239 3 250 122
4240 4 63 122
4241 5 116 122
4242 6 231 122
4243 7 100 122
4244 44 7 129
4245 42 33 128
4246 40 201 127
4247 38 243 127
4248 37 189 126
4249 34 224 126
4250 32 28 125
4251 30 7 125
4252 28 66 124
4253 26 145 124
4254 25 73 123
4255 22 125 122
4256 20 224 122
4257 18 56 122
4258 8 81 122
4259 9 221 122
4260 10 4 122
4261 11 123 122
4262 45 44 129
4263 43 11 128
4264 41 67 128
4265 39 81 128
4266 36 209 127
4267 35 123 126
4268 33 95 126
4269 31 88 125
4270 29 22 125
4271 27 67 124
4272 24 105 124
4273 23 213 123
4274 21 246 123
4275 19 190 122
4276 12 101 122
4277 14 179 122
4278 15 45 122
4279 46 44 130
4280 44 11 130
4281 42 162 129
4282 40 169 128
4283 38 235 128
4284 37 137 127
4285 34 95 127
4286 32 44 126
4287 30 11 126
4288 28 67 125
4289 26 81 125
4290 25 83 124
4291 22 123 123
4292 20 95 123
4293 18 88 123
4294 16 22 122
4295 47 93 130
4296 45 216 130
4297 43 54 129
4298 41 142 129
4299 39 164 129
4300 36 172 128
4301 35 230 127
4302 33 186 127
4303 31 175 126
4304 29 108 126
4305 27 142 125
4306 24 121 125
4307 23 41 124
4308 21 203 124
4309 19 115 123
4310 48 93 132
4311 46 216 131
4312 44 54 131
4313 42 71 130
4314 40 82 129
4315 38 149 129
4316 37 74 128
4317 34 186 128
4318 32 216 127
4319 30 54 127
4320 28 142 126
4321 26 164 126
4322 25 175 125
4323 22 230 124
4324 49 31 132
4325 47 36 131
4326 45 9 131
4327 43 195 130
4328 41 113 130
4329 39 221 130
4330 36 205 129
4331 35 31 128
4332 33 72 128
4333 31 18 127
4334 29 133 127
4335 27 113 126
4336 24 239 126
4337 50 144 133
4338 48 36 133
4339 46 9 132
4340 44 195 132
4341 42 185 131
4342 40 239 130
4343 38 124 130
4344 37 167 129
4345 34 72 129
4346 32 9 128
4347 30 195 128
4348 28 113 127
4349 51 48 134
4350 49 12 133
4351 47 130 132
4352 45 161 132
4353 43 233 131
4354 41 251 131
4355 39 127 131
4356 36 205 130
4357 35 12 129
4358 33 3 129
4359 31 65 128
4360 52 24 134
4361 50 6 134
4362 48 130 134
4363 46 161 133
4364 44 233 133
4365 42 254 132
4366 40 192 131
4367 38 48 131
4368 37 211 130
4369 34 3 130
4370 53 8 135
4371 51 2 135
4372 49 129 134
4373 47 241 133
4374 45 253 133
4375 43 256 132
4376 41 64 132
4377 39 16 132
4378 36 224 131
4379 55 185 136
4380 52 1 135
4381 50 193 135
4382 48 241 135
4383 46 253 134
4384 44 256 134
4385 42 32 133
4386 40 8 132
4387 54 181 137
4388 53 86 136
4389 51 150 136
4390 49 166 135
4391 47 85 134
4392 45 214 134
4393 43 182 133
4394 56 87 138
4395 55 69 137
4396 52 75 136
4397 50 83 136
4398 48 85 136
4399 46 214 135
4400 57 143 138
4401 54 2 138
4402 53 25 137
4403 51 199 137
4404 49 114 136
4405 58 143 139
4406 56 100 139
4407 55 38 138
4408 52 228 137
4409 59 219 140
4410 57 188 139
4411 54 57 139
4412 60 238 141
4413 58 188 140
4414 61 165 141
4415 62 52 142
4416 59 103 141
4417 56 180 140
4418 53 30 138
4419 50 15 137
4420 47 131 135
4421 44 131 135
4422 41 236 133
4423 38 118 132
4424 35 191 130
4425 32 224 129
4426 29 246 128
4427 26 123 127
4428 23 149 125
4429 20 203 124
4430 17 248 122
4431 0 215 123
4432 13 124 122
4433 63 103 143
4434 60 180 142
4435 57 30 140
4436 55 162 139
4437 51 5 138
4438 48 131 137
4439 45 236 135
4440 42 118 134
4441 39 125 133
4442 37 110 131
4443 33 246 130
4444 30 123 129
4445 27 149 127
4446 25 239 126
4447 21 239 125
4448 18 248 124
4449 64 103 144
4450 61 60 142
4451 58 30 141
4452 54 218 140
4453 52 131 138
4454 49 215 137
4455 46 236 136
4456 43 125 134
4457 40 191 133
4458 36 199 132
4459 34 246 131
4460 31 41 129
4461 28 149 128
4462 24 108 127
4463 65 60 144
4464 62 30 143
4465 59 10 142
4466 56 5 141
4467 53 215 139
4468 50 236 138
4469 47 125 136
4470 44 125 136
4471 41 235 134
4472 38 246 133
4473 35 41 131
4474 32 149 130
4475 67 97 145
4476 63 10 144
4477 60 5 143
4478 57 215 141
4479 55 35 140
4480 51 250 139
4481 48 125 138
4482 45 235 136
4483 42 246 135
4484 39 82 134
4485 66 68 146
4486 64 10 145
4487 61 173 143
4488 58 215 142
4489 54 43 141
4490 52 125 139
4491 49 213 138
4492 46 235 137
4493 68 10 147
4494 65 173 145
4495 62 215 144
4496 59 243 143
4497 56 250 142
4498 53 213 140
4499 69 89 148
4500 67 28 146
4501 63 243 145
4502 60 250 144
4503 70 173 148
4504 66 215 147
4505 1 11 123
4506 2 155 123
4507 3 50 123
4508 4 244 123
4509 5 127 123
4510 0 250 124
4511 0 250 125
4512 0 250 126
4513 0 250 127
4514 0 250 128
4515 0 250 129
4516 0 250 130
4517 0 250 131
4518 6 111 123
4519 7 166 123
4520 8 147 123
4521 9 64 123
4522 10 164 123
4523 11 10 123
4524 12 4 123
4525 1 246 124
4526 1 246 125
4527 1 246 126
4528 1 246 127
4529 1 246 128
4530 13 68 123
4531 14 209 123
4532 15 187 123
4533 16 154 123
4534 17 11 123
4535 2 90 124
4536 3 176 124
4537 4 165 124
4538 5 34 124
4539 19 127 124
4540 2 203 125
4541 6 224 124
4542 7 162 124
4543 8 149 124
4544 9 66 124
4545 10 240 124
4546 11 244 124
4547 12 239 124
4548 13 66 124
4549 14 111 124
4550 15 237 124
4551 16 210 124
4552 17 207 124
4553 3 41 125
4554 4 72 125
4555 5 175 125
4556 6 230 125
4557 7 38 125
4558 8 15 125
4559 9 93 125
4560 10 66 125
4561 11 8 125
4562 12 52 125
4563 13 155 125
4564 14 9 125
4565 15 205 125
4566 16 107 125
4567 17 223 125
4568 18 13 125
4569 19 97 125
4570 20 253 125
4571 22 229 125
4572 2 17 126
4573 3 96 126
4574 4 101 126
4575 5 109 126
4576 6 34 126
4577 7 183 126
4578 8 177 126
4579 9 240 126
4580 10 134 126
4581 11 80 126
4582 12 92 126
4583 13 35 126
4584 14 86 126
4585 15 62 126
4586 16 202 126
4587 17 44 126
4588 18 173 126
4589 19 36 126
4590 20 179 126
4591 21 184 126
4592 22 138 126
4593 23 29 126
4594 2 256 127
4595 3 136 127
4596 4 104 127
4597 5 124 127
4598 6 40 127
4599 7 173 127
4600 8 188 127
4601 9 18 127
4602 10 218 127
4603 11 240 127
4604 12 15 127
4605 13 52 127
4606 14 56 127
4607 15 51 127
4608 16 103 127
4609 17 112 127
4610 18 79 127
4611 19 60 127
4612 20 65 127
4613 21 146 127
4614 22 172 127
4615 23 213 127
4616 25 236 127
4617 2 47 128
4618 3 183 128
4619 4 240 128
4620 5 3 128
4621 6 39 128
4622 7 158 128
4623 8 21 128
4624 9 37 128
4625 10 155 128
4626 11 87 128
4627 12 128 128
4628 13 115 128
4629 14 12 128
4630 15 73 128
4631 16 35 128
4632 17 17 128
4633 18 56 128
4634 19 62 128
4635 20 26 128
4636 21 255 128
4637 22 235 128
4638 23 245 128
4639 24 245 128
4640 25 242 128
4641 26 85 128
4642 27 158 128
4643 1 22 129
4644 2 74 129
4645 3 194 129
4646 4 93 129
4647 5 139 129
4648 6 23 129
4649 7 100 129
4650 8 64 129
4651 9 24 129
4652 10 15 129
4653 11 132 129
4654 12 159 129
4655 13 108 129
4656 14 5 129
4657 15 244 129
4658 16 32 129
4659 17 146 129
4660 18 168 129
4661 19 81 129
4662 20 239 129
4663 21 79 129
4664 22 196 129
4665 23 247 129
4666 24 138 129
4667 25 177 129
4668 26 55 129
4669 27 107 129
4670 28 54 129
4671 29 45 129
4672 1 120 130
4673 2 218 130
4674 3 62 130
4675 4 57 130
4676 5 229 130
4677 6 149 130
4678 7 138 130
4679 8 159 130
4680 9 124 130
4681 10 207 130
4682 11 158 130
4683 12 14 130
4684 13 2 130
4685 14 178 130
4686 15 245 130
4687 16 166 130
4688 17 215 130
4689 18 135 130
4690 19 95 130
4691 20 31 130
4692 21 179 130
4693 22 175 130
4694 23 103 130
4695 24 198 130
4696 25 14 130
4697 26 159 130
4698 27 182 130
4699 28 53 130
4700 29 111 130
4701 30 107 130
4702 31 39 130
4703 1 246 131
4704 2 77 131
4705 3 87 131
4706 4 20 131
4707 5 244 131
4708 6 72 131
4709 7 149 131
4710 8 217 131
4711 9 30 131
4712 10 239 131
4713 11 159 131
4714 12 248 131
4715 13 164 131
4716 14 126 131
4717 15 152 131
4718 16 4 131
4719 17 179 131
4720 18 253 131
4721 19 70 131
4722 20 79 131
4723 21 216 131
4724 22 253 131
4725 23 178 131
4726 24 237 131
4727 25 140 131
4728 26 98 131
4729 27 199 131
4730 28 83 131
4731 29 194 131
4732 30 25 131
4733 31 13 131
4734 32 44 131
4735 33 253 131
4736 0 12 132
4737 1 71 132
4738 2 214 132
4739 3 42 132
4740 4 34 132
4741 5 103 132
4742 6 50 132
4743 7 82 132
4744 8 221 132
4745 9 123 132
4746 10 238 132
4747 11 148 132
4748 12 15 132
4749 13 153 132
4750 14 233 132
4751 16 198 132
4752 15 219 132
4753 17 46 132
4754 18 94 132
4755 19 181 132
4756 20 234 132
4757 21 49 132
4758 22 98 132
4759 23 40 132
4760 24 211 132
4761 25 126 132
4762 26 178 132
4763 27 56 132
4764 29 10 132
4765 28 84 132
4766 30 71 132
4767 31 149 132
4768 32 30 132
4769 33 251 132
4770 34 219 132
4771 35 206 132
4772 37 30 132
4773 0 249 133
4774 1 124 133
4775 2 146 133
4776 3 207 133
4777 4 144 133
4778 5 6 133
4779 6 50 133
4780 7 253 133
4781 8 23 133
4782 9 71 133
4783 10 54 133
4784 11 106 133
4785 12 13 133
4786 13 247 133
4787 14 211 133
4788 15 113 133
4789 16 248 133
4790 17 23 133
4791 18 9 133
4792 19 171 133
4793 20 152 133
4794 21 79 133
4795 22 23 133
4796 23 17 133
4797 24 80 133
4798 25 119 133
4799 26 30 133
4800 27 241 133
4801 28 157 133
4802 29 199 133
4803 30 89 133
4804 31 250 133
4805 32 105 133
4806 33 190 133
4807 34 178 133
4808 35 27 133
4809 36 156 133
4810 37 160 133
4811 0 195 134
4812 1 2 134
4813 2 122 134
4814 3 182 134
4815 4 100 134
4816 5 146 134
4817 6 132 134
4818 7 182 134
4819 8 121 134
4820 9 242 134
4821 10 58 134
4822 11 228 134
4823 12 184 134
4824 13 251 134
4825 14 193 134
4826 15 117 134
4827 16 230 134
4828 17 82 134
4829 18 75 134
4830 19 194 134
4831 20 197 134
4832 21 26 134
4833 22 200 134
4834 23 8 134
4835 24 153 134
4836 25 25 134
4837 26 237 134
4838 27 253 134
4839 28 7 134
4840 29 189 134
4841 30 24 134
4842 31 100 134
4843 32 99 134
4844 33 11 134
4845 34 48 134
4846 35 215 134
4847 36 182 134
4848 37 250 134
4849 38 92 134
4850 40 193 134
4851 0 245 135
4852 1 165 135
4853 2 137 135
4854 3 183 135
4855 4 190 135
4856 5 72 135
4857 6 48 135
4858 8 22 135
4859 7 57 135
4860 9 222 135
4861 10 223 135
4862 11 71 135
4863 12 161 135
4864 13 129 135
4865 14 144 135
4866 15 94 135
4867 16 158 135
4868 17 174 135
4869 18 159 135
4870 19 93 135
4871 20 181 135
4872 21 187 135
4873 22 53 135
4874 23 14 135
4875 24 161 135
4876 25 11 135
4877 26 70 135
4878 27 8 135
4879 28 101 135
4880 29 70 135
4881 30 242 135
4882 31 190 135
4883 32 103 135
4884 33 119 135
4885 34 203 135
4886 35 231 135
4887 36 211 135
4888 37 229 135
4889 38 183 135
4890 39 168 135
4891 40 88 135
4892 41 142 135
4893 43 252 135
4894 0 134 136
4895 1 238 136
4896 2 68 136
4897 3 161 136
4898 4 198 136
4899 5 69 136
4900 6 142 136
4901 7 101 136
4902 8 172 136
4903 9 86 136
4904 10 208 136
4905 11 79 136
4906 12 78 136
4907 13 133 136
4908 14 169 136
4909 15 67 136
4910 16 238 136
4911 17 92 136
4912 18 101 136
4913 19 224 136
4914 20 33 136
4915 21 225 136
4916 22 90 136
4917 23 166 136
4918 24 219 136
4919 25 127 136
4920 26 156 136
4921 27 127 136
4922 28 188 136
4923 29 14 136
4924 30 91 136
4925 31 101 136
4926 32 77 136
4927 33 190 136
4928 39 50 136
4929 38 19 136
4930 34 79 136
4931 35 34 136
4932 36 148 136
4933 37 226 136
4934 40 227 136
4935 42 157 136
4936 41 115 136
4937 43 147 136
4938 0 135 137
4939 1 53 137
4940 2 240 137
4941 3 206 137
4942 44 106 137
4943 4 49 137
4944 39 220 137
4945 38 84 137
4946 5 192 137
4947 34 231 137
4948 45 223 137
4949 42 171 137
4950 41 35 137
4951 40 59 137
4952 36 98 137
4953 47 124 137
4954 44 144 138
4955 43 156 137
4956 39 14 138
4957 46 210 138
4958 45 12 138
4959 42 148 138
4960 48 20 139
4961 47 190 138
4962 49 131 139
4963 50 242 139
4964 46 88 139
4965 44 252 139
4966 41 42 138
4967 38 28 138
4968 35 176 137
4969 32 203 137
4970 6 49 137
4971 7 178 137
4972 8 244 137
4973 9 154 137
4974 10 235 137
4975 11 184 137
4976 12 146 137
4977 13 219 137
4978 14 98 137
4979 15 152 137
4980 16 53 137
4981 17 67 137
4982 18 135 137
4983 19 186 137
4984 20 75 137
4985 21 127 137
4986 22 35 137
4987 23 10 137
4988 24 174 137
4989 25 117 137
4990 51 189 140
4991 48 126 140
4992 45 21 139
4993 43 193 138
4994 40 212 138
4995 37 209 137
4996 33 115 137
4997 30 248 137
4998 26 46 137
4999 27 183 137
5000 28 6 137
5001 29 126 137
5002 31 18 137
5003 0 54 138
5004 1 105 138
5005 2 62 138
5006 3 123 138
5007 4 98 138
5008 5 60 138
5009 6 228 138
5010 7 234 138
5011 8 246 138
5012 9 213 138
5013 10 202 138
5014 11 119 138
5015 12 58 138
5016 52 160 140
5017 49 80 140
5018 47 93 139
5019 42 159 139
5020 39 241 139
5021 36 84 138
5022 34 186 138
5023 13 182 138
5024 14 3 138
5025 15 248 138
5026 16 223 138
5027 17 107 138
5028 18 136 138
5029 19 87 138
5030 20 53 138
5031 21 190 138
5032 22 164 138
5033 23 52 138
5034 24 120 138
5035 25 197 138
5036 26 218 138
5037 27 236 138
5038 28 17 138
5039 29 134 138
5040 30 134 138
5041 53 40 141
5042 50 198 140
5043 46 17 140
5044 44 66 140
5045 41 11 139
5046 38 93 139
5047 35 144 138
5048 32 96 138
5049 31 83 138
5050 33 87 138
5051 37 128 138
5052 0 117 139
5053 1 52 139
5054 2 24 139
5055 3 206 139
5056 4 246 139
5057 5 197 139
5058 6 205 139
5059 7 3 139
5060 8 51 139
5061 9 91 139
5062 10 192 139
5063 11 177 139
5064 12 58 139
5065 55 87 141
5066 51 178 141
5067 48 33 141
5068 45 134 140
5069 43 23 139
5070 40 29 139
5071 13 157 139
5072 14 219 139
5073 15 170 139
5074 16 71 139
5075 17 220 139
5076 18 187 139
5077 19 248 139
5078 20 26 139
5079 21 132 139
5080 22 66 139
5081 23 248 139
5082 24 139 139
5083 25 229 139
5084 26 129 139
5085 27 77 139
5086 28 179 139
5087 29 128 139
5088 54 207 142
5089 52 201 141
5090 49 229 141
5091 47 32 140
5092 42 159 140
5093 39 237 140
5094 36 156 139
5095 34 12 139
5096 30 234 139
5097 31 49 139
5098 32 154 139
5099 33 215 139
5100 35 13 139
5101 37 38 139
5102 0 50 140
5103 1 149 140
5104 2 245 140
5105 3 171 140
5106 4 34 140
5107 5 1 140
5108 6 169 140
5109 7 165 140
5110 57 186 142
5111 53 243 142
5112 50 162 141
5113 46 80 141
5114 44 54 141
5115 41 9 140
5116 38 6 140
5117 8 5 140
5118 9 55 140
5119 10 37 140
5120 11 116 140
5121 12 244 140
5122 13 202 140
5123 14 163 140
5124 15 128 140
5125 16 151 140
5126 17 176 140
5127 18 27 140
5128 19 175 140
5129 20 179 140
5130 21 115 140
5131 56 30 143
5132 55 5 142
5133 51 169 142
5134 48 27 142
5135 45 133 141
5136 43 38 140
5137 40 239 140
5138 22 233 140
5139 23 196 140
5140 24 95 140
5141 25 143 140
5142 26 131 140
5143 27 167 140
5144 28 250 140
5145 29 125 140
5146 30 43 140
5147 31 76 140
5148 32 198 140
5149 33 19 140
5150 34 108 140
5151 58 125 143
5152 54 144 143
5153 52 71 142
5154 49 164 142
5155 47 211 141
5156 42 224 141
5157 39 166 141
5158 36 30 140
5159 35 19 140
5160 37 99 140
5161 0 95 141
5162 1 100 141
5163 2 22 141
5164 3 238 141
5165 4 171 141
5166 5 216 141
5167 6 86 141
5168 7 63 141
5169 8 51 141
5170 59 224 144
5171 57 61 143
5172 53 82 143
5173 50 226 142
5174 46 20 142
5175 44 161 142
5176 41 241 141
5177 38 75 141
5178 9 178 141
5179 10 3 141
5180 11 12 141
5181 12 117 141
5182 13 139 141
5183 14 45 141
5184 15 177 141
5185 16 125 141
5186 17 207 141
5187 18 189 141
5188 61 203 144
5189 56 19 144
5190 55 88 143
5191 51 185 143
5192 48 209 143
5193 45 249 142
5194 43 119 141
5195 40 223 141
5196 19 238 141
5197 20 183 141
5198 21 195 141
5199 22 15 141
5200 23 250 141
5201 24 196 141
5202 25 235 141
5203 26 124 141
5204 27 224 141
5205 60 33 145
5206 58 149 144
5207 54 192 144
5208 52 245 143
5209 49 251 143
5210 47 18 142
5211 42 65 142
5212 39 224 142
5213 36 177 141
5214 34 76 141
5215 29 153 141
5216 28 197 141
5217 30 167 141
5218 31 184 141
5219 32 189 141
5220 33 78 141
5221 62 203 145
5222 59 230 145
5223 57 90 144
5224 53 254 144
5225 50 255 143
5226 46 38 143
5227 44 85 143
5228 41 57 142
5229 38 38 142
5230 35 92 141
5231 37 187 141
5232 0 114 142
5233 1 26 142
5234 2 222 142
5235 3 213 142
5236 63 115 146
5237 61 202 145
5238 56 231 145
5239 55 198 144
5240 51 128 144
5241 48 171 144
5242 45 157 143
5243 43 250 142
5244 40 35 142
5245 4 95 142
5246 5 160 142
5247 6 176 142
5248 7 110 142
5249 8 148 142
5250 64 186 146
5251 60 51 146
5252 58 192 145
5253 54 55 145
5254 52 107 144
5255 49 182 144
5256 47 56 143
5257 42 112 143
5258 39 181 143
5259 36 56 142
5260 34 179 142
5261 9 50 142
5262 10 62 142
5263 65 144 146
5264 62 96 146
5265 59 48 146
5266 57 236 145
5267 53 91 145
5268 50 232 144
5269 46 59 144
5270 44 163 144
5271 41 70 143
5272 38 218 143
5273 35 122 142
5274 32 167 142
5275 67 214 147
5276 63 24 147
5277 61 252 146
5278 56 155 146
5279 55 195 145
5280 51 58 145
5281 48 210 145
5282 45 35 144
5283 43 185 143
5284 40 148 143
5285 36 122 143
5286 66 44 148
5287 64 12 147
5288 60 212 147
5289 58 87 146
5290 54 156 146
5291 52 181 145
5292 49 219 145
5293 47 1 144
5294 42 88 144
5295 39 208 144
5296 68 6 148
5297 65 1 147
5298 62 172 147
5299 59 86 147
5300 57 190 146
5301 53 238 146
5302 50 73 145
5303 46 194 145
5304 44 110 145
5305 69 130 149
5306 67 63 148
5307 63 43 148
5308 61 52 147
5309 56 20 147
5310 55 23 146
5311 51 211 146
5312 48 55 146
5313 70 193 149
5314 66 60 149
5315 64 150 148
5316 60 62 148
5317 58 188 147
5318 54 119 147
5319 52 78 146
5320 71 241 149
5321 68 75 149
5322 65 141 148
5323 62 94 148
5324 59 47 148
5325 56 117 148
5326 72 166 150
5327 69 83 150
5328 67 134 149
5329 63 152 149
5330 61 218 148
5331 73 85 150
5332 70 228 150
5333 66 194 150
5334 64 76 149
5335 74 85 152
5336 71 57 150
5337 68 38 150
5338 75 157 152
5339 72 19 151
5340 76 157 154
5341 11 91 142
5342 12 166 142
5343 13 34 142
5344 14 82 142
5345 15 77 142
5346 16 37 142
5347 17 197 142
5348 18 110 142
5349 19 17 142
5350 20 77 142
5351 21 76 142
5352 22 7 142
5353 23 256 142
5354 24 186 142
5355 25 104 142
5356 26 36 142
5357 27 256 142
5358 28 94 142
5359 29 142 142
5360 30 11 142
5361 31 159 142
5362 33 74 142
5363 37 2 142
5364 0 208 143
5365 1 231 143
5366 2 12 143
5367 3 6 143
5368 4 96 143
5369 5 138 143
5370 6 236 143
5371 7 58 143
5372 8 154 143
5373 9 221 143
5374 10 126 143
5375 11 246 143
5376 12 195 143
5377 13 36 143
5378 14 94 143
5379 15 120 143
5380 16 193 143
5381 17 72 143
5382 18 116 143
5383 19 170 143
5384 20 142 143
5385 21 98 143
5386 22 74 143
5387 23 123 143
5388 24 103 143
5389 25 125 143
5390 26 29 143
5391 27 58 143
5392 28 109 143
5393 29 252 143
5394 30 209 143
5395 31 211 143
5396 32 220 143
5397 33 117 143
5398 34 43 143
5399 35 183 143
5400 37 88 143
5401 0 203 144
5402 1 138 144
5403 2 2 144
5404 3 71 144
5405 4 66 144
5406 5 172 144
5407 6 37 144
5408 7 158 144
5409 8 207 144
5410 9 96 144
5411 10 142 144
5412 11 214 144
5413 12 231 144
5414 13 161 144
5415 14 90 144
5416 15 105 144
5417 16 81 144
5418 17 200 144
5419 18 4 144
5420 19 14 144
5421 20 114 144
5422 21 239 144
5423 22 136 144
5424 23 90 144
5425 24 215 144
5426 25 88 144
5427 26 236 144
5428 27 28 144
5429 28 167 144
5430 29 34 144
5431 30 173 144
5432 31 157 144
5433 32 219 144
5434 33 176 144
5435 34 209 144
5436 35 77 144
5437 36 146 144
5438 37 161 144
5439 38 61 144
5440 40 5 144
5441 41 177 144
5442 43 193 144
5443 0 6 145
5444 1 159 145
5445 2 234 145
5446 3 208 145
5447 4 172 145
5448 5 214 145
5449 6 200 145
5450 7 170 145
5451 8 39 145
5452 9 238 145
5453 10 83 145
5454 11 167 145
5455 12 1 145
5456 13 256 145
5457 14 61 145
5458 15 39 145
5459 16 79 145
5460 17 204 145
5461 18 152 145
5462 19 148 145
5463 20 14 145
5464 21 245 145
5465 22 137 145
5466 24 125 145
5467 23 250 145
5468 25 12 145
5469 26 201 145
5470 27 248 145
5471 28 173 145
5472 29 206 145
5473 30 47 145
5474 31 27 145
5475 32 135 145
5476 33 128 145
5477 34 215 145
5478 35 168 145
5479 36 218 145
5480 37 251 145
5481 38 203 145
5482 39 46 145
5483 40 33 145
5484 41 158 145
5485 42 200 145
5486 43 247 145
5487 45 51 145
5488 47 81 145
5489 0 175 146
5490 1 62 146
5491 2 103 146
5492 3 124 146
5493 4 200 146
5494 5 74 146
5495 6 217 146
5496 7 241 146
5497 8 153 146
5498 9 118 146
5499 10 232 146
5500 11 200 146
5501 12 77 146
5502 13 26 146
5503 14 58 146
5504 15 238 146
5505 16 85 146
5506 17 58 146
5507 18 203 146
5508 19 28 146
5509 20 33 146
5510 21 105 146
5511 22 249 146
5512 23 241 146
5513 24 195 146
5514 25 197 146
5515 26 96 146
5516 27 114 146
5517 28 69 146
5518 29 240 146
5519 30 148 146
5520 31 105 146
5521 32 61 146
5522 33 237 146
5523 34 213 146
5524 35 52 146
5525 36 250 146
5526 37 187 146
5527 38 41 146
5528 39 209 146
5529 40 230 146
5530 41 171 146
5531 42 189 146
5532 43 133 146
5533 44 194 146
5534 45 51 146
5535 46 224 146
5536 47 163 146
5537 49 150 146
5538 50 90 146
5539 0 184 147
5540 1 97 147
5541 2 224 147
5542 3 25 147
5543 4 136 147
5544 5 232 147
5545 6 85 147
5546 8 230 147
5547 7 142 147
5548 9 135 147
5549 10 175 147
5550 11 218 147
5551 12 203 147
5552 13 209 147
5553 14 221 147
5554 15 237 147
5555 16 65 147
5556 17 93 147
5557 18 56 147
5558 19 135 147
5559 20 246 147
5560 21 45 147
5561 22 92 147
5562 23 176 147
5563 24 168 147
5564 25 143 147
5565 26 206 147
5566 27 34 147
5567 28 24 147
5568 29 65 147
5569 30 194 147
5570 31 92 147
5571 32 244 147
5572 33 135 147
5573 34 126 147
5574 35 32 147
5575 36 66 147
5576 37 217 147
5577 38 22 147
5578 39 106 147
5579 40 139 147
5580 41 68 147
5581 42 232 147
5582 43 158 147
5583 44 179 147
5584 45 139 147
5585 46 153 147
5586 47 156 147
5587 48 120 147
5588 49 227 147
5589 50 129 147
5590 51 132 147
5591 52 183 147
5592 53 53 147
5593 55 125 147
5594 57 107 147
5595 0 18 148
5596 1 81 148
5597 2 198 148
5598 3 132 148
5599 4 137 148
5600 5 32 148
5601 6 148 148
5602 7 255 148
5603 8 224 148
5604 9 139 148
5605 10 37 148
5606 11 200 148
5607 12 11 148
5608 13 144 148
5609 14 52 148
5610 15 216 148
5611 16 214 148
5612 17 250 148
5613 18 50 148
5614 19 33 148
5615 20 148 148
5616 21 183 148
5617 22 237 148
5618 23 75 148
5619 24 74 148
5620 25 86 148
5621 26 49 148
5622 27 78 148
5623 28 23 148
5624 30 17 148
5625 29 173 148
5626 31 139 148
5627 32 67 148
5628 33 230 148
5629 34 85 148
5630 35 49 148
5631 36 152 148
5632 37 181 148
5633 38 49 148
5634 39 207 148
5635 40 134 148
5636 41 240 148
5637 42 159 148
5638 43 184 148
5639 44 246 148
5640 45 133 148
5641 46 183 148
5642 47 244 148
5643 48 247 148
5644 49 187 148
5645 50 109 148
5646 51 40 148
5647 52 86 148
5648 53 5 148
5649 54 112 148
5650 55 114 148
5651 57 30 148
5652 58 253 148
5653 0 197 149
5654 1 66 149
5655 2 211 149
5656 3 164 149
5657 4 129 149
5658 5 222 149
5659 6 215 149
5660 7 239 149
5661 8 246 149
5662 9 115 149
5663 10 128 149
5664 11 90 149
5665 12 24 149
5666 13 101 149
5667 14 243 149
5668 15 155 149
5669 16 62 149
5670 17 209 149
5671 18 49 149
5672 19 187 149
5673 20 72 149
5674 21 44 149
5675 22 117 149
5676 23 62 149
5677 24 145 149
5678 25 115 149
5679 26 130 149
5680 27 132 149
5681 28 246 149
5682 29 91 149
5683 30 92 149
5684 31 101 149
5685 32 235 149
5686 33 83 149
5687 34 20 149
5688 35 156 149
5689 36 217 149
5690 37 139 149
5691 38 219 149
5692 39 72 149
5693 40 124 149
5694 41 185 149
5695 42 182 149
5696 43 60 149
5697 44 34 149
5698 45 127 149
5699 46 118 149
5700 47 240 149
5701 48 182 149
5702 49 142 149
5703 50 123 149
5704 51 212 149
5705 52 94 149
5706 53 9 149
5707 54 175 149
5708 55 60 149
5709 56 214 149
5710 57 75 149
5711 58 66 149
5712 59 2 149
5713 60 183 149
5714 61 43 149
5715 62 91 149
5716 65 124 149
5717 0 51 150
5718 1 50 150
5719 2 9 150
5720 3 175 150
5721 4 165 150
5722 5 180 150
5723 6 224 150
5724 7 236 150
5725 8 251 150
5726 9 149 150
5727 10 93 150
5728 11 104 150
5729 12 141 150
5730 13 14 150
5731 14 40 150
5732 15 20 150
5733 16 48 150
5734 17 191 150
5735 18 33 150
5736 19 12 150
5737 20 110 150
5738 21 98 150
5739 22 9 150
5740 23 18 150
5741 24 130 150
5742 25 167 150
5743 26 216 150
5744 27 133 150
5745 28 244 150
5746 29 93 150
5747 30 243 150
5748 31 211 150
5749 32 70 150
5750 33 74 150
5751 34 242 150
5752 35 240 150
5753 36 224 150
5754 37 35 150
5755 38 71 150
5756 39 39 150
5757 40 43 150
5758 41 155 150
5759 42 41 150
5760 43 192 150
5761 44 165 150
5762 45 173 150
5763 46 132 150
5764 47 166 150
5765 48 23 150
5766 49 26 150
5767 50 195 150
5768 51 89 150
5769 52 23 150
5770 53 124 150
5771 54 174 150
5772 55 115 150
5773 56 170 150
5774 57 82 150
5775 58 216 150
5776 59 32 150
5777 60 200 150
5778 61 7 150
5779 62 190 150
5780 63 31 150
5781 64 132 150
5782 65 35 150
5783 67 65 150
5784 0 61 151
5785 1 74 151
5786 2 163 151
5787 3 144 151
5788 4 253 151
5789 5 254 151
5790 6 226 151
5791 7 164 151
5792 8 183 151
5793 9 133 151
5794 10 160 151
5795 11 192 151
5796 12 253 151
5797 13 146 151
5798 14 3 151
5799 15 176 151
5800 16 224 151
5801 17 6 151
5802 18 13 151
5803 19 166 151
5804 20 194 151
5805 21 24 151
5806 22 241 151
5807 23 123 151
5808 24 22 151
5809 25 248 151
5810 26 94 151
5811 27 72 151
5812 28 124 151
5813 29 187 151
5814 30 119 151
5815 31 127 151
5816 32 136 151
5817 33 55 151
5818 34 41 151
5819 35 143 151
5820 36 153 151
5821 37 80 151
5822 38 237 151
5823 39 39 151
5824 40 241 151
5825 41 27 151
5826 42 247 151
5827 43 127 151
5828 44 23 151
5829 0 197 152
5830 45 5 151
5831 0 237 153
5832 46 210 151
5833 47 35 151
5834 48 26 151
5835 49 7 151
5836 50 151 151
5837 51 163 151
5838 52 227 151
5839 53 84 151
5840 54 195 151
5841 55 58 151
5842 56 137 151
5843 57 112 151
5844 58 55 151
5845 59 18 151
5846 60 168 151
5847 61 220 151
5848 62 40 151
5849 63 176 151
5850 64 39 151
5851 65 125 151
5852 66 179 151
5853 67 77 151
5854 68 225 151
5855 69 92 151
5856 70 93 151
5857 71 42 151
5858 73 231 151
5859 1 40 152
5860 2 17 152
5861 3 9 152
5862 4 161 152
5863 5 23 152
5864 6 91 152
5865 1 231 153
5866 75 1 153
5867 7 244 152
5868 8 222 152
5869 9 94 152
5870 10 184 152
5871 11 92 152
5872 12 108 152
5873 13 100 152
5874 14 197 152
5875 15 234 152
5876 16 232 152
5877 17 91 152
5878 18 215 152
5879 19 248 152
5880 20 240 152
5881 21 207 152
5882 22 78 152
5883 23 21 152
5884 24 186 152
5885 25 186 152
5886 26 62 152
5887 27 117 152
5888 28 128 152
5889 29 84 152
5890 30 149 152
5891 31 252 152
5892 32 146 152
5893 33 51 152
5894 34 212 152
5895 35 164 152
5896 36 187 152
5897 37 205 152
5898 38 60 152
5899 39 71 152
5900 40 231 152
5901 41 23 152
5902 42 163 152
5903 43 233 152
5904 44 136 152
5905 45 169 152
5906 46 58 152
5907 47 46 152
5908 48 129 152
5909 49 136 152
5910 50 205 152
5911 51 155 152
5912 52 15 152
5913 53 177 152
5914 54 248 152
5915 55 150 152
5916 56 91 152
5917 57 131 152
5918 58 167 152
5919 59 58 152
5920 60 207 152
5921 61 117 152
5922 62 146 152
5923 63 231 152
5924 64 106 152
5925 65 187 152
5926 66 154 152
5927 67 212 152
5928 68 144 152
5929 69 81 152
5930 70 171 152
5931 71 160 152
5932 72 223 152
5933 73 77 152
5934 2 159 153
5935 3 8 153
5936 4 65 153
5937 5 188 153
5938 6 4 153
5939 7 211 153
5940 8 244 153
5941 9 90 153
5942 10 96 153
5943 11 225 153
5944 12 45 153
5945 13 115 153
5946 14 179 153
5947 15 217 153
5948 16 219 153
5949 17 204 153
5950 18 127 153
5951 19 6 153
5952 20 218 153
5953 21 35 153
5954 22 78 153
5955 23 247 153
5956 24 12 153
5957 25 206 153
5958 26 46 153
5959 27 55 153
5960 29 63 153
5961 28 13 153
5962 30 256 153
5963 31 47 153
5964 32 179 153
5965 33 88 153
5966 34 120 153
5967 35 10 153
5968 36 247 153
5969 37 99 153
5970 38 225 153
5971 39 255 153
5972 40 18 153
5973 41 193 153
5974 42 58 153
5975 43 86 153
5976 44 33 153
5977 45 86 153
5978 46 142 153
5979 47 140 153
5980 48 189 153
5981 49 94 153
5982 50 121 153
5983 51 154 153
5984 52 3 153
5985 53 214 153
5986 54 35 153
5987 55 252 153
5988 56 135 153
5989 57 206 153
5990 58 50 153
5991 59 109 153
5992 60 62 153
5993 61 43 153
5994 62 77 153
5995 63 202 153
5996 64 21 153
5997 65 69 153
5998 66 40 153
5999 67 230 153
6000 68 224 153
6001 69 118 153
6002 70 195 153
6003 71 173 153
6004 72 252 153
6005 73 141 153
6006 74 155 153
6007 0 163 154
6008 1 80 154
6009 2 199 154
6010 3 90 154
6011 4 170 154
6012 5 168 154
6013 6 84 154
6014 7 17 154
6015 8 74 154
6016 9 139 154
6017 10 76 154
6018 11 157 154
6019 12 19 154
6020 13 67 154
6021 14 195 154
6022 15 158 154
6023 16 12 154
6024 17 180 154
6025 18 79 154
6026 19 43 154
6027 21 77 154
6028 20 59 154
6029 22 201 154
6030 23 162 154
6031 24 160 154
6032 25 107 154
6033 26 27 154
6034 27 74 154
6035 28 143 154
6036 29 48 154
6037 30 179 154
6038 31 204 154
6039 32 117 154
6040 33 254 154
6041 34 15 154
6042 35 98 154
6043 36 236 154
6044 37 197 154
6045 38 253 154
6046 39 154 154
6047 40 70 154
6048 41 240 154
6049 42 4 154
6050 43 250 154
6051 44 20 154
6052 45 194 154
6053 46 42 154
6054 47 197 154
6055 48 221 154
6056 49 201 154
6057 50 230 154
6058 51 65 154
6059 52 121 154
6060 53 63 154
6061 54 243 154
6062 55 89 154
6063 56 135 154
6064 57 47 154
6065 58 99 154
6066 59 63 154
6067 60 16 154
6068 61 14 154
6069 62 237 154
6070 63 73 154
6071 64 50 154
6072 65 75 154
6073 66 200 154
6074 67 246 154
6075 68 216 154
6076 69 158 154
6077 70 30 154
6078 71 128 154
6079 72 102 154
6080 73 23 154
6081 74 130 154
6082 75 227 154
6083 77 187 154
6084 0 145 155
6085 1 39 155
6086 2 244 155
6087 3 20 155
6088 4 91 155
6089 5 53 155
6090 6 68 155
6091 7 5 155
6092 9 75 155
6093 8 67 155
6094 10 53 155
6095 11 158 155
6096 12 26 155
6097 13 210 155
6098 14 133 155
6099 15 67 155
6100 16 7 155
6101 17 75 155
6102 18 183 155
6103 19 31 155
6104 20 40 155
6105 21 173 155
6106 22 126 155
6107 23 245 155
6108 24 5 155
6109 25 210 155
6110 26 17 155
6111 27 254 155
6112 28 167 155
6113 29 10 155
6114 30 17 155
6115 31 224 155
6116 32 39 155
6117 33 26 155
6118 34 122 155
6119 35 145 155
6120 36 66 155
6121 37 84 155
6122 38 72 155
6123 39 93 155
6124 40 174 155
6125 41 103 155
6126 42 116 155
6127 43 64 155
6128 44 206 155
6129 45 178 155
6130 46 62 155
6131 47 193 155
6132 48 189 155
6133 49 18 155
6134 50 200 155
6135 51 225 155
6136 52 184 155
6137 53 70 155
6138 54 199 155
6139 55 9 155
6140 56 37 155
6141 57 240 155
6142 58 163 155
6143 59 251 155
6144 60 28 155
6145 61 133 155
6146 62 60 155
6147 63 119 155
6148 64 244 155
6149 65 131 155
6150 66 87 155
6151 67 198 155
6152 68 167 155
6153 69 57 155
6154 70 115 155
6155 71 205 155
weights 156 156 156 156 156 156 156 156 156 156 156 156 156 156 156 156 156 156 156 156 156 156 156 156 156 156 156 156 156 156 156 156 156 156 156 156 156 156 156 156 156 156 156 156 156 156 156 156 156 156 156 156 156 156 156 156 156 156 156 156 156 156 156 156 156 156 156 156 156 156 156 156 155 155 155 155 155 155
