0 10 12481 310100 310200 310101 310300 310201 310102 410100 410200 410101 510100
1 10 24289 310100 310200 310101 310300 310201 310102 400100 400200 400101 420100
2 10 24289 310100 310200 310101 310300 310201 310102 400100 400200 400101 420100
3 10 25779 310100 310200 310101 310300 310201 310102 400100 400200 400101 420100
4 10 27761 310100 310200 310101 310300 310201 310102 400100 410100 500100 500200
5 10 14872 310100 310200 310101 310300 310201 310102 400100 400200 400101 500100
6 10 28092 310100 310200 310101 310300 310201 310102 400100 400200 400101 500100
7 10 25461 300100 310100 310200 310101 400100 400200 400101 510100 510200 510101
8 10 21949 300100 310100 310200 310101 400100 410100 500100 520100 610100 610200
9 10 18689 300100 310100 310200 310101 400100 400200 400101 500100 520100 620100
10 10 5712 300100 310100 310200 310101 400100 400200 400101 420100 500100 510100
11 10 17083 300100 310100 310200 310101 410100 420100 500100 510100 600100 630100
12 10 234 300100 310100 310200 310101 400100 410100 500100 510100 510200 510101
13 10 6560 300100 310100 310200 310101 400100 400200 400101 500100 510100 510200
14 10 24557 300100 310100 310200 310101 400100 420100 500100 510100 510200 510101
15 10 9013 300100 310100 310200 310101 400100 420100 500100 510100 510200 510101
16 10 3094 300100 310100 310200 310101 400100 420100 420200 420300 420101 500100
17 10 26079 300100 310100 310200 310101 410100 420100 500100 500200 500101 610100
18 10 14988 300100 310100 310200 310101 400100 410100 500100 500200 500101 600100
19 10 2798 300100 310100 310200 310101 410100 410200 410101 500100 500200 500101
20 10 27468 300100 310100 310200 310101 410100 420100 500100 500200 500101 500300
21 10 22156 300100 300200 300101 310100 410100 420100 510100 510200 510101 510300
22 10 30261 300100 300200 300101 310100 400100 400200 400101 420100 510100 520100
23 10 32126 300100 300200 300101 310100 400100 420100 420200 420300 420101 510200
24 10 22247 300100 300200 300101 310100 400100 400200 400101 420100 510100 510200
25 10 18484 300100 300200 300101 310100 400100 400200 400101 500100 520100 520200
26 10 14700 300100 300200 300101 310100 410100 420100 500100 520100 610100 610200
27 10 32138 300100 300200 300101 310100 410100 410200 410101 500100 520100 610100
28 10 7713 300100 300200 300101 310100 400100 410100 500100 520100 610100 620100
29 10 25961 300100 300200 300101 310100 400100 420100 500100 510100 630100 720100
30 10 21659 300100 300200 300101 310100 400100 400200 400101 400300 400201 400102
31 10 19196 300100 300200 300101 310100 400100 420100 500100 510100 510200 510101
32 10 4058 300100 300200 300101 310100 400100 420100 500100 500200 500101 520100
33 10 25758 300100 300200 300101 300300 300201 300102 400100 420100 510100 510200
34 10 20088 300100 300200 300101 300300 300201 300102 300400 300301 300202 400100
35 10 6567 300100 300200 300101 300300 300201 300102 300400 300301 300202 420100
36 10 9112 300100 300200 300101 300300 300201 300102 300400 300301 300202 400100
