6 19 17 | 0 1 2 | 0 1 1 1 | 0 1 1 1 | 0 1 1 1 0 | 0 1 1 0 1 | 0 1 1 1 0 0
6 19 17 | 0 1 2 | 0 1 1 1 | 0 1 1 1 | 0 1 1 1 0 | 0 1 1 1 0 | 0 1 1 0 1 0
6 19 16 | 0 1 2 | 0 1 1 1 | 0 1 1 1 | 0 1 1 1 0 | 0 1 1 1 0 | 0 2 0 0 1 0
6 19 16 | 0 1 2 | 0 1 1 1 | 0 1 1 1 | 0 1 1 1 0 | 0 1 1 1 0 | 0 2 1 0 0 0
6 19 16 | 0 1 2 | 0 1 1 1 | 0 1 1 1 | 0 1 1 1 0 | 0 2 0 0 1 | 0 1 1 1 0 0
6 19 16 | 0 1 2 | 0 1 1 1 | 0 1 1 1 | 0 1 1 1 0 | 0 2 1 0 0 | 0 1 1 1 0 0
6 19 16 | 0 1 2 | 0 1 1 1 | 0 1 1 1 | 0 2 1 0 0 | 0 1 1 1 0 | 0 1 1 1 0 0
6 19 17 | 0 1 2 | 0 1 1 1 | 0 1 1 1 | 1 1 1 0 1 | 0 1 1 1 0 | 0 1 1 1 0 0
6 19 16 | 0 1 2 | 0 1 1 1 | 0 1 1 1 | 1 2 0 0 1 | 0 1 1 1 0 | 0 1 1 1 0 0
6 19 16 | 0 1 2 | 0 1 1 1 | 0 2 1 0 | 0 1 1 1 0 | 0 1 1 1 0 | 0 1 1 1 0 0
6 19 16 | 0 1 2 | 0 2 1 0 | 0 1 1 1 | 0 1 1 1 0 | 0 1 1 1 0 | 0 1 1 1 0 0
6 19 17 | 0 2 1 | 0 1 1 1 | 0 1 1 1 | 0 1 1 1 0 | 0 1 1 0 1 | 0 1 0 1 1 0
6 19 17 | 0 2 1 | 0 1 1 1 | 0 1 1 1 | 0 1 1 1 0 | 0 1 1 1 0 | 0 1 1 1 0 0
6 19 17 | 0 2 1 | 0 1 1 1 | 0 1 1 1 | 1 1 0 1 1 | 0 1 0 1 1 | 0 1 0 1 1 0
6 19 17 | 0 2 1 | 0 1 1 1 | 0 1 1 1 | 1 1 0 1 1 | 0 1 1 0 1 | 0 1 1 1 0 0
6 19 17 | 0 2 1 | 0 1 1 1 | 0 1 1 1 | 1 1 1 0 1 | 0 1 1 0 1 | 0 1 1 0 1 0
6 19 16 | 0 2 1 | 0 1 2 0 | 0 1 1 1 | 0 1 1 1 0 | 0 1 1 0 1 | 0 1 1 0 1 0
6 19 16 | 0 2 1 | 0 1 2 0 | 0 1 1 1 | 1 1 1 0 1 | 0 1 1 0 1 | 0 1 1 1 0 0
6 19 16 | 0 2 1 | 0 1 2 0 | 0 1 1 1 | 1 1 1 0 1 | 0 1 1 1 0 | 0 1 1 0 1 0
