7 19 16 | 0 1 2 | 0 1 1 1 | 0 1 1 1 | 0 0 1 1 1 | 0 0 1 0 1 | 0 1 1 1 0 0
7 19 16 | 0 1 2 | 0 1 1 1 | 0 1 1 1 | 0 0 1 1 1 | 0 1 0 0 1 | 0 1 1 1 0 0
7 19 16 | 0 1 2 | 0 1 1 1 | 0 1 1 1 | 0 1 0 1 1 | 0 0 1 0 1 | 0 1 1 1 0 0
7 19 16 | 0 1 2 | 0 1 1 1 | 0 1 1 1 | 0 1 0 1 1 | 0 1 0 0 1 | 0 1 1 1 0 0
7 19 16 | 0 1 2 | 0 1 1 1 | 0 1 1 1 | 0 1 1 0 1 | 0 0 0 1 1 | 0 1 1 1 0 0
7 19 16 | 0 1 2 | 0 1 1 1 | 0 1 1 1 | 0 1 1 0 1 | 0 0 1 0 1 | 0 1 1 1 0 0
7 19 16 | 0 1 2 | 0 1 1 1 | 0 1 1 1 | 0 1 1 0 1 | 0 1 0 0 1 | 0 1 1 1 0 0
7 19 17 | 0 1 2 | 0 1 1 1 | 0 1 1 1 | 0 1 1 1 0 | 0 1 1 0 1 | 0 1 1 1 0 0
7 19 17 | 0 1 2 | 0 1 1 1 | 0 1 1 1 | 0 1 1 1 0 | 0 1 1 1 0 | 0 1 1 0 1 0
7 19 16 | 0 1 2 | 0 1 1 1 | 0 1 1 1 | 0 1 1 1 0 | 0 1 1 1 0 | 0 2 0 0 1 0
7 19 16 | 0 1 2 | 0 1 1 1 | 0 1 1 1 | 0 1 1 1 0 | 0 1 1 1 0 | 0 2 1 0 0 0
7 19 16 | 0 1 2 | 0 1 1 1 | 0 1 1 1 | 0 1 1 1 0 | 0 2 0 0 1 | 0 1 1 1 0 0
7 19 16 | 0 1 2 | 0 1 1 1 | 0 1 1 1 | 0 1 1 1 0 | 0 2 1 0 0 | 0 1 1 1 0 0
7 19 15 | 0 1 2 | 0 1 1 1 | 0 1 1 1 | 0 1 1 1 0 | 0 0 0 0 2 | 0 1 1 1 0 0
7 19 16 | 0 1 2 | 0 1 1 1 | 0 1 1 1 | 0 1 1 1 0 | 0 0 0 1 1 | 0 1 1 0 1 0
7 19 16 | 0 1 2 | 0 1 1 1 | 0 1 1 1 | 0 1 1 1 0 | 0 0 1 0 1 | 0 0 1 1 1 0
7 19 16 | 0 1 2 | 0 1 1 1 | 0 1 1 1 | 0 1 1 1 0 | 0 0 1 0 1 | 0 1 0 1 1 0
7 19 16 | 0 1 2 | 0 1 1 1 | 0 1 1 1 | 0 1 1 1 0 | 0 0 1 0 1 | 0 1 1 0 1 0
7 18 16 | 0 1 2 | 0 1 1 1 | 0 1 1 1 | 0 1 1 1 0 | 0 0 1 0 1 | 0 1 1 1 0 0
7 19 16 | 0 1 2 | 0 1 1 1 | 0 1 1 1 | 0 1 1 1 0 | 0 0 1 1 0 | 0 1 1 0 1 0
7 19 15 | 0 1 2 | 0 1 1 1 | 0 1 1 1 | 0 1 1 1 0 | 0 0 1 1 0 | 0 2 0 0 1 0
7 19 15 | 0 1 2 | 0 1 1 1 | 0 1 1 1 | 0 1 1 1 0 | 0 0 1 1 0 | 0 2 1 0 0 0
7 19 16 | 0 1 2 | 0 1 1 1 | 0 1 1 1 | 0 1 1 1 0 | 0 1 0 0 1 | 0 0 1 1 1 0
7 19 16 | 0 1 2 | 0 1 1 1 | 0 1 1 1 | 0 1 1 1 0 | 0 1 0 0 1 | 0 1 0 1 1 0
7 19 16 | 0 1 2 | 0 1 1 1 | 0 1 1 1 | 0 1 1 1 0 | 0 1 0 0 1 | 0 1 1 0 1 0
7 18 16 | 0 1 2 | 0 1 1 1 | 0 1 1 1 | 0 1 1 1 0 | 0 1 0 0 1 | 0 1 1 1 0 0
7 19 15 | 0 1 2 | 0 1 1 1 | 0 1 1 1 | 0 1 1 1 0 | 0 1 0 1 0 | 0 0 2 0 1 0
7 19 16 | 0 1 2 | 0 1 1 1 | 0 1 1 1 | 0 1 1 1 0 | 0 1 0 1 0 | 0 1 1 0 1 0
7 19 15 | 0 1 2 | 0 1 1 1 | 0 1 1 1 | 0 1 1 1 0 | 0 1 0 1 0 | 0 1 2 0 0 0
7 19 15 | 0 1 2 | 0 1 1 1 | 0 1 1 1 | 0 1 1 1 0 | 0 1 0 1 0 | 0 2 0 0 1 0
7 19 15 | 0 1 2 | 0 1 1 1 | 0 1 1 1 | 0 1 1 1 0 | 0 1 0 1 0 | 0 2 1 0 0 0
7 19 16 | 0 1 2 | 0 1 1 1 | 0 1 1 1 | 0 1 1 1 0 | 0 1 1 0 0 | 0 0 1 1 1 0
7 19 16 | 0 1 2 | 0 1 1 1 | 0 1 1 1 | 0 1 1 1 0 | 0 1 1 0 0 | 0 1 0 1 1 0
7 19 16 | 0 1 2 | 0 1 1 1 | 0 1 1 1 | 0 1 1 1 0 | 0 1 1 0 0 | 0 1 1 0 1 0
7 18 16 | 0 1 2 | 0 1 1 1 | 0 1 1 1 | 0 1 1 1 0 | 0 1 1 0 0 | 0 1 1 1 0 0
7 19 15 | 0 1 2 | 0 1 1 1 | 0 1 1 1 | 0 1 1 1 0 | 0 1 1 0 0 | 0 2 0 0 1 0
7 19 15 | 0 1 2 | 0 1 1 1 | 0 1 1 1 | 0 1 1 1 0 | 0 1 1 0 0 | 0 2 0 1 0 0
7 19 15 | 0 1 2 | 0 1 1 1 | 0 1 1 1 | 0 1 1 1 0 | 0 1 1 0 0 | 0 2 1 0 0 0
7 19 15 | 0 1 2 | 0 1 1 1 | 0 1 1 1 | 0 1 1 1 0 | 0 2 0 0 0 | 0 1 1 1 0 0
7 19 15 | 0 1 2 | 0 1 1 1 | 0 1 1 1 | 0 1 2 0 0 | 0 1 0 1 0 | 0 1 1 1 0 0
7 19 15 | 0 1 2 | 0 1 1 1 | 0 1 1 1 | 0 2 0 1 0 | 0 1 1 0 0 | 0 1 1 1 0 0
7 19 16 | 0 1 2 | 0 1 1 1 | 0 1 1 1 | 0 2 1 0 0 | 0 1 1 1 0 | 0 1 1 1 0 0
7 19 15 | 0 1 2 | 0 1 1 1 | 0 1 1 1 | 0 2 1 0 0 | 0 0 1 1 0 | 0 1 1 1 0 0
7 19 15 | 0 1 2 | 0 1 1 1 | 0 1 1 1 | 0 2 1 0 0 | 0 1 0 1 0 | 0 1 1 1 0 0
7 19 15 | 0 1 2 | 0 1 1 1 | 0 1 1 1 | 0 2 1 0 0 | 0 1 1 0 0 | 0 1 1 1 0 0
7 19 15 | 0 1 2 | 0 1 1 1 | 0 1 2 0 | 0 1 1 1 0 | 0 1 0 1 0 | 0 1 1 1 0 0
7 19 15 | 0 1 2 | 0 1 1 1 | 0 2 0 1 | 0 1 1 1 0 | 0 1 1 0 0 | 0 1 1 1 0 0
7 19 16 | 0 1 2 | 0 1 1 1 | 0 2 1 0 | 0 1 1 1 0 | 0 1 1 1 0 | 0 1 1 1 0 0
7 19 15 | 0 1 2 | 0 1 1 1 | 0 2 1 0 | 0 1 1 1 0 | 0 0 1 1 0 | 0 1 1 1 0 0
7 19 15 | 0 1 2 | 0 1 1 1 | 0 2 1 0 | 0 1 1 1 0 | 0 1 0 1 0 | 0 1 1 1 0 0
7 19 15 | 0 1 2 | 0 1 1 1 | 0 2 1 0 | 0 1 1 1 0 | 0 1 1 0 0 | 0 1 1 1 0 0
7 19 14 | 0 1 2 | 0 1 2 0 | 0 1 1 1 | 0 1 0 2 0 | 0 0 0 1 1 | 0 0 1 1 1 0
7 19 14 | 0 1 2 | 0 1 2 0 | 0 1 1 1 | 0 1 0 2 0 | 0 0 1 0 1 | 0 0 1 1 1 0
7 19 14 | 0 1 2 | 0 1 2 0 | 0 1 1 1 | 0 1 0 2 0 | 0 0 1 1 0 | 0 0 1 1 1 0
7 19 14 | 0 1 2 | 0 1 2 0 | 0 1 1 1 | 0 1 0 2 0 | 0 1 0 0 1 | 0 0 1 1 1 0
7 19 14 | 0 1 2 | 0 1 2 0 | 0 1 1 1 | 0 1 0 2 0 | 0 1 0 1 0 | 0 0 1 1 1 0
7 19 14 | 0 1 2 | 0 1 2 0 | 0 1 1 1 | 0 1 0 2 0 | 0 1 1 0 0 | 0 0 1 1 1 0
7 19 15 | 0 1 2 | 0 1 2 0 | 0 1 1 1 | 0 1 1 1 0 | 0 0 0 1 1 | 0 0 1 1 1 0
7 19 15 | 0 1 2 | 0 1 2 0 | 0 1 1 1 | 0 1 1 1 0 | 0 0 0 1 1 | 0 1 0 1 1 0
7 19 15 | 0 1 2 | 0 1 2 0 | 0 1 1 1 | 0 1 1 1 0 | 0 0 0 1 1 | 0 1 1 0 1 0
7 19 15 | 0 1 2 | 0 1 2 0 | 0 1 1 1 | 0 1 1 1 0 | 0 0 0 1 1 | 0 1 1 1 0 0
7 19 15 | 0 1 2 | 0 1 2 0 | 0 1 1 1 | 0 1 1 1 0 | 0 0 1 0 1 | 0 1 0 1 1 0
7 19 15 | 0 1 2 | 0 1 2 0 | 0 1 1 1 | 0 1 1 1 0 | 0 0 1 1 0 | 0 1 0 1 1 0
7 19 15 | 0 1 2 | 0 1 2 0 | 0 1 1 1 | 0 1 1 1 0 | 0 1 0 0 1 | 0 0 1 1 1 0
7 19 15 | 0 1 2 | 0 1 2 0 | 0 1 1 1 | 0 1 1 1 0 | 0 1 0 0 1 | 0 1 0 1 1 0
7 19 15 | 0 1 2 | 0 1 2 0 | 0 1 1 1 | 0 1 1 1 0 | 0 1 0 0 1 | 0 1 1 0 1 0
7 19 15 | 0 1 2 | 0 1 2 0 | 0 1 1 1 | 0 1 1 1 0 | 0 1 0 0 1 | 0 1 1 1 0 0
7 19 15 | 0 1 2 | 0 1 2 0 | 0 1 1 1 | 0 1 1 1 0 | 0 1 0 1 0 | 0 0 1 1 1 0
7 19 15 | 0 1 2 | 0 1 2 0 | 0 1 1 1 | 0 1 1 1 0 | 0 1 0 1 0 | 0 1 0 1 1 0
7 19 15 | 0 1 2 | 0 1 2 0 | 0 1 1 1 | 0 1 1 1 0 | 0 1 0 1 0 | 0 1 1 0 1 0
7 19 15 | 0 1 2 | 0 1 2 0 | 0 1 1 1 | 0 1 1 1 0 | 0 1 0 1 0 | 0 1 1 1 0 0
7 19 15 | 0 1 2 | 0 1 2 0 | 0 1 1 1 | 0 1 1 1 0 | 0 1 1 0 0 | 0 1 0 1 1 0
7 19 15 | 0 1 2 | 0 2 0 1 | 0 1 1 1 | 0 1 1 1 0 | 0 1 1 0 0 | 0 1 1 1 0 0
7 19 14 | 0 1 2 | 0 2 1 0 | 0 0 1 2 | 0 1 1 1 0 | 0 0 1 0 1 | 0 0 1 1 1 0
7 19 14 | 0 1 2 | 0 2 1 0 | 0 1 1 1 | 0 1 0 2 0 | 0 1 0 1 0 | 0 1 0 1 1 0
7 19 14 | 0 1 2 | 0 2 1 0 | 0 1 1 1 | 0 1 0 2 0 | 0 1 0 1 0 | 0 1 1 1 0 0
7 19 16 | 0 1 2 | 0 2 1 0 | 0 1 1 1 | 0 1 1 1 0 | 0 1 1 1 0 | 0 1 1 1 0 0
7 19 15 | 0 1 2 | 0 2 1 0 | 0 1 1 1 | 0 1 1 1 0 | 0 0 0 1 1 | 0 0 1 1 1 0
7 19 15 | 0 1 2 | 0 2 1 0 | 0 1 1 1 | 0 1 1 1 0 | 0 0 0 1 1 | 0 1 0 1 1 0
7 19 15 | 0 1 2 | 0 2 1 0 | 0 1 1 1 | 0 1 1 1 0 | 0 0 0 1 1 | 0 1 1 0 1 0
7 19 15 | 0 1 2 | 0 2 1 0 | 0 1 1 1 | 0 1 1 1 0 | 0 0 0 1 1 | 0 1 1 1 0 0
7 19 15 | 0 1 2 | 0 2 1 0 | 0 1 1 1 | 0 1 1 1 0 | 0 0 1 0 1 | 0 0 1 1 1 0
7 19 15 | 0 1 2 | 0 2 1 0 | 0 1 1 1 | 0 1 1 1 0 | 0 0 1 0 1 | 0 1 0 1 1 0
7 19 15 | 0 1 2 | 0 2 1 0 | 0 1 1 1 | 0 1 1 1 0 | 0 0 1 0 1 | 0 1 1 0 1 0
7 19 15 | 0 1 2 | 0 2 1 0 | 0 1 1 1 | 0 1 1 1 0 | 0 0 1 0 1 | 0 1 1 1 0 0
7 19 15 | 0 1 2 | 0 2 1 0 | 0 1 1 1 | 0 1 1 1 0 | 0 0 1 1 0 | 0 0 1 1 1 0
7 19 15 | 0 1 2 | 0 2 1 0 | 0 1 1 1 | 0 1 1 1 0 | 0 0 1 1 0 | 0 1 0 1 1 0
7 19 15 | 0 1 2 | 0 2 1 0 | 0 1 1 1 | 0 1 1 1 0 | 0 0 1 1 0 | 0 1 1 0 1 0
7 19 15 | 0 1 2 | 0 2 1 0 | 0 1 1 1 | 0 1 1 1 0 | 0 0 1 1 0 | 0 1 1 1 0 0
7 19 15 | 0 1 2 | 0 2 1 0 | 0 1 1 1 | 0 1 1 1 0 | 0 1 0 0 1 | 0 0 1 1 1 0
7 19 15 | 0 1 2 | 0 2 1 0 | 0 1 1 1 | 0 1 1 1 0 | 0 1 0 0 1 | 0 1 0 1 1 0
7 19 15 | 0 1 2 | 0 2 1 0 | 0 1 1 1 | 0 1 1 1 0 | 0 1 0 0 1 | 0 1 1 0 1 0
7 19 15 | 0 1 2 | 0 2 1 0 | 0 1 1 1 | 0 1 1 1 0 | 0 1 0 0 1 | 0 1 1 1 0 0
7 19 15 | 0 1 2 | 0 2 1 0 | 0 1 1 1 | 0 1 1 1 0 | 0 1 0 1 0 | 0 0 1 1 1 0
7 19 15 | 0 1 2 | 0 2 1 0 | 0 1 1 1 | 0 1 1 1 0 | 0 1 0 1 0 | 0 1 0 1 1 0
7 19 15 | 0 1 2 | 0 2 1 0 | 0 1 1 1 | 0 1 1 1 0 | 0 1 0 1 0 | 0 1 1 0 1 0
7 19 15 | 0 1 2 | 0 2 1 0 | 0 1 1 1 | 0 1 1 1 0 | 0 1 0 1 0 | 0 1 1 1 0 0
7 19 15 | 0 1 2 | 0 2 1 0 | 0 1 1 1 | 0 1 1 1 0 | 0 1 1 0 0 | 0 0 1 1 1 0
7 19 15 | 0 1 2 | 0 2 1 0 | 0 1 1 1 | 0 1 1 1 0 | 0 1 1 0 0 | 0 1 0 1 1 0
7 19 15 | 0 1 2 | 0 2 1 0 | 0 1 1 1 | 0 1 1 1 0 | 0 1 1 0 0 | 0 1 1 0 1 0
7 19 15 | 0 1 2 | 0 2 1 0 | 0 1 1 1 | 0 1 1 1 0 | 0 1 1 0 0 | 0 1 1 1 0 0
7 19 14 | 0 1 2 | 0 2 1 0 | 0 1 1 1 | 0 2 1 0 0 | 0 0 1 0 1 | 0 0 1 1 1 0
7 19 14 | 0 1 2 | 0 2 1 0 | 0 2 1 0 | 0 0 1 1 1 | 0 0 1 0 1 | 0 1 1 1 0 0
7 19 14 | 0 1 2 | 0 2 1 0 | 0 2 1 0 | 0 1 0 1 1 | 0 0 1 0 1 | 0 1 1 1 0 0
7 19 14 | 0 1 2 | 0 2 1 0 | 0 2 1 0 | 0 1 1 0 1 | 0 0 1 0 1 | 0 1 1 1 0 0
7 19 14 | 0 1 2 | 0 2 1 0 | 0 2 1 0 | 0 1 1 1 0 | 0 0 1 0 1 | 0 1 1 0 1 0
7 19 14 | 0 1 2 | 0 2 1 0 | 0 2 1 0 | 0 1 1 1 0 | 0 0 1 0 1 | 0 1 1 1 0 0
7 19 14 | 0 1 2 | 0 2 1 0 | 0 2 1 0 | 0 1 1 1 0 | 0 0 1 1 0 | 0 1 1 0 1 0
7 19 14 | 0 1 2 | 0 2 1 0 | 0 2 1 0 | 0 1 1 1 0 | 0 0 1 1 0 | 0 1 1 1 0 0
7 19 15 | 0 2 1 | 0 1 1 1 | 0 0 1 2 | 0 1 1 1 0 | 0 1 0 0 1 | 0 1 1 1 0 0
7 19 15 | 0 2 1 | 0 1 1 1 | 0 0 2 1 | 0 1 1 1 0 | 0 0 1 0 1 | 0 1 0 1 1 0
7 19 15 | 0 2 1 | 0 1 1 1 | 0 1 0 2 | 0 1 1 1 0 | 0 1 0 0 1 | 0 1 0 1 1 0
7 19 15 | 0 2 1 | 0 1 1 1 | 0 1 0 2 | 0 1 1 1 0 | 0 1 0 1 0 | 0 1 1 0 1 0
7 19 14 | 0 2 1 | 0 1 1 1 | 0 1 0 2 | 0 2 1 0 0 | 0 0 0 1 1 | 0 1 0 1 1 0
7 19 16 | 0 2 1 | 0 1 1 1 | 0 1 1 1 | 0 1 0 1 1 | 0 0 1 1 0 | 0 1 0 1 1 0
7 19 16 | 0 2 1 | 0 1 1 1 | 0 1 1 1 | 0 1 0 1 1 | 0 1 0 1 0 | 0 1 0 1 1 0
7 19 17 | 0 2 1 | 0 1 1 1 | 0 1 1 1 | 0 1 1 1 0 | 0 1 1 0 1 | 0 1 0 1 1 0
7 19 17 | 0 2 1 | 0 1 1 1 | 0 1 1 1 | 0 1 1 1 0 | 0 1 1 1 0 | 0 1 1 1 0 0
7 19 16 | 0 2 1 | 0 1 1 1 | 0 1 1 1 | 0 1 1 1 0 | 0 0 0 1 1 | 0 0 1 1 1 0
7 19 16 | 0 2 1 | 0 1 1 1 | 0 1 1 1 | 0 1 1 1 0 | 0 0 0 1 1 | 0 1 0 1 1 0
7 19 16 | 0 2 1 | 0 1 1 1 | 0 1 1 1 | 0 1 1 1 0 | 0 0 0 1 1 | 0 1 1 0 1 0
7 19 16 | 0 2 1 | 0 1 1 1 | 0 1 1 1 | 0 1 1 1 0 | 0 0 0 1 1 | 0 1 1 1 0 0
7 19 16 | 0 2 1 | 0 1 1 1 | 0 1 1 1 | 0 1 1 1 0 | 0 0 1 0 1 | 0 0 1 1 1 0
7 19 16 | 0 2 1 | 0 1 1 1 | 0 1 1 1 | 0 1 1 1 0 | 0 0 1 0 1 | 0 1 0 1 1 0
7 19 16 | 0 2 1 | 0 1 1 1 | 0 1 1 1 | 0 1 1 1 0 | 0 0 1 0 1 | 0 1 1 0 1 0
7 19 16 | 0 2 1 | 0 1 1 1 | 0 1 1 1 | 0 1 1 1 0 | 0 0 1 0 1 | 0 1 1 1 0 0
7 19 16 | 0 2 1 | 0 1 1 1 | 0 1 1 1 | 0 1 1 1 0 | 0 0 1 1 0 | 0 0 1 1 1 0
7 19 16 | 0 2 1 | 0 1 1 1 | 0 1 1 1 | 0 1 1 1 0 | 0 0 1 1 0 | 0 1 0 1 1 0
7 19 16 | 0 2 1 | 0 1 1 1 | 0 1 1 1 | 0 1 1 1 0 | 0 0 1 1 0 | 0 1 1 0 1 0
7 19 16 | 0 2 1 | 0 1 1 1 | 0 1 1 1 | 0 1 1 1 0 | 0 0 1 1 0 | 0 1 1 1 0 0
7 19 16 | 0 2 1 | 0 1 1 1 | 0 1 1 1 | 0 1 1 1 0 | 0 1 0 0 1 | 0 0 1 1 1 0
7 19 16 | 0 2 1 | 0 1 1 1 | 0 1 1 1 | 0 1 1 1 0 | 0 1 0 0 1 | 0 1 0 1 1 0
7 19 16 | 0 2 1 | 0 1 1 1 | 0 1 1 1 | 0 1 1 1 0 | 0 1 0 0 1 | 0 1 1 0 1 0
7 19 16 | 0 2 1 | 0 1 1 1 | 0 1 1 1 | 0 1 1 1 0 | 0 1 0 0 1 | 0 1 1 1 0 0
7 19 16 | 0 2 1 | 0 1 1 1 | 0 1 1 1 | 0 1 1 1 0 | 0 1 0 1 0 | 0 0 1 1 1 0
7 19 16 | 0 2 1 | 0 1 1 1 | 0 1 1 1 | 0 1 1 1 0 | 0 1 0 1 0 | 0 1 0 1 1 0
7 19 16 | 0 2 1 | 0 1 1 1 | 0 1 1 1 | 0 1 1 1 0 | 0 1 0 1 0 | 0 1 1 0 1 0
7 19 16 | 0 2 1 | 0 1 1 1 | 0 1 1 1 | 0 1 1 1 0 | 0 1 0 1 0 | 0 1 1 1 0 0
7 19 16 | 0 2 1 | 0 1 1 1 | 0 1 1 1 | 0 1 1 1 0 | 0 1 1 0 0 | 0 0 1 1 1 0
7 19 16 | 0 2 1 | 0 1 1 1 | 0 1 1 1 | 0 1 1 1 0 | 0 1 1 0 0 | 0 1 0 1 1 0
7 19 16 | 0 2 1 | 0 1 1 1 | 0 1 1 1 | 0 1 1 1 0 | 0 1 1 0 0 | 0 1 1 0 1 0
7 19 16 | 0 2 1 | 0 1 1 1 | 0 1 1 1 | 0 1 1 1 0 | 0 1 1 0 0 | 0 1 1 1 0 0
7 19 15 | 0 2 1 | 0 1 1 1 | 0 1 2 0 | 0 1 1 1 0 | 0 1 1 0 0 | 0 1 0 1 1 0
7 19 14 | 0 2 1 | 0 1 1 1 | 0 1 2 0 | 0 2 1 0 0 | 0 1 1 0 0 | 0 0 1 1 1 0
7 19 15 | 0 2 1 | 0 1 1 1 | 0 2 1 0 | 0 1 0 1 1 | 0 0 0 1 1 | 0 1 0 1 1 0
7 19 14 | 0 2 1 | 0 1 2 0 | 0 1 1 1 | 0 0 2 1 0 | 0 1 0 0 1 | 0 1 1 0 1 0
7 19 15 | 0 2 1 | 0 1 2 0 | 0 1 1 1 | 0 1 1 0 1 | 0 1 1 0 0 | 0 1 1 1 0 0
7 19 16 | 0 2 1 | 0 1 2 0 | 0 1 1 1 | 0 1 1 1 0 | 0 1 1 0 1 | 0 1 1 0 1 0
7 19 14 | 0 2 1 | 0 1 2 0 | 0 1 1 1 | 0 1 1 1 0 | 0 0 0 0 2 | 0 1 1 1 0 0
7 19 15 | 0 2 1 | 0 1 2 0 | 0 1 1 1 | 0 1 1 1 0 | 0 0 0 1 1 | 0 0 1 1 1 0
7 19 15 | 0 2 1 | 0 1 2 0 | 0 1 1 1 | 0 1 1 1 0 | 0 0 0 1 1 | 0 1 0 1 1 0
7 19 15 | 0 2 1 | 0 1 2 0 | 0 1 1 1 | 0 1 1 1 0 | 0 0 0 1 1 | 0 1 1 0 1 0
7 19 15 | 0 2 1 | 0 1 2 0 | 0 1 1 1 | 0 1 1 1 0 | 0 0 0 1 1 | 0 1 1 1 0 0
7 19 15 | 0 2 1 | 0 1 2 0 | 0 1 1 1 | 0 1 1 1 0 | 0 0 1 0 1 | 0 0 1 1 1 0
7 19 15 | 0 2 1 | 0 1 2 0 | 0 1 1 1 | 0 1 1 1 0 | 0 0 1 0 1 | 0 1 0 1 1 0
7 19 15 | 0 2 1 | 0 1 2 0 | 0 1 1 1 | 0 1 1 1 0 | 0 0 1 0 1 | 0 1 1 0 1 0
7 19 15 | 0 2 1 | 0 1 2 0 | 0 1 1 1 | 0 1 1 1 0 | 0 0 1 0 1 | 0 1 1 1 0 0
7 19 15 | 0 2 1 | 0 1 2 0 | 0 1 1 1 | 0 1 1 1 0 | 0 0 1 1 0 | 0 0 1 1 1 0
7 19 15 | 0 2 1 | 0 1 2 0 | 0 1 1 1 | 0 1 1 1 0 | 0 0 1 1 0 | 0 1 0 1 1 0
7 19 15 | 0 2 1 | 0 1 2 0 | 0 1 1 1 | 0 1 1 1 0 | 0 0 1 1 0 | 0 1 1 0 1 0
7 19 15 | 0 2 1 | 0 1 2 0 | 0 1 1 1 | 0 1 1 1 0 | 0 0 1 1 0 | 0 1 1 1 0 0
7 19 15 | 0 2 1 | 0 1 2 0 | 0 1 1 1 | 0 1 1 1 0 | 0 1 0 0 1 | 0 0 1 1 1 0
7 19 15 | 0 2 1 | 0 1 2 0 | 0 1 1 1 | 0 1 1 1 0 | 0 1 0 0 1 | 0 1 0 1 1 0
7 19 15 | 0 2 1 | 0 1 2 0 | 0 1 1 1 | 0 1 1 1 0 | 0 1 0 0 1 | 0 1 1 0 1 0
7 19 15 | 0 2 1 | 0 1 2 0 | 0 1 1 1 | 0 1 1 1 0 | 0 1 0 0 1 | 0 1 1 1 0 0
7 19 15 | 0 2 1 | 0 1 2 0 | 0 1 1 1 | 0 1 1 1 0 | 0 1 0 1 0 | 0 0 1 1 1 0
7 19 15 | 0 2 1 | 0 1 2 0 | 0 1 1 1 | 0 1 1 1 0 | 0 1 0 1 0 | 0 1 0 1 1 0
7 19 15 | 0 2 1 | 0 1 2 0 | 0 1 1 1 | 0 1 1 1 0 | 0 1 0 1 0 | 0 1 1 0 1 0
7 19 15 | 0 2 1 | 0 1 2 0 | 0 1 1 1 | 0 1 1 1 0 | 0 1 0 1 0 | 0 1 1 1 0 0
7 19 15 | 0 2 1 | 0 1 2 0 | 0 1 1 1 | 0 1 1 1 0 | 0 1 1 0 0 | 0 0 1 1 1 0
7 19 15 | 0 2 1 | 0 1 2 0 | 0 1 1 1 | 0 1 1 1 0 | 0 1 1 0 0 | 0 1 0 1 1 0
7 19 15 | 0 2 1 | 0 1 2 0 | 0 1 1 1 | 0 1 1 1 0 | 0 1 1 0 0 | 0 1 1 0 1 0
7 19 15 | 0 2 1 | 0 1 2 0 | 0 1 1 1 | 0 1 1 1 0 | 0 1 1 0 0 | 0 1 1 1 0 0
7 19 14 | 0 2 1 | 0 1 2 0 | 0 1 1 1 | 0 1 2 0 0 | 0 1 0 0 1 | 0 1 1 0 1 0
7 19 14 | 0 2 1 | 0 1 2 0 | 0 1 1 1 | 0 2 0 1 0 | 0 0 1 0 1 | 0 1 1 0 1 0
7 19 14 | 0 2 1 | 0 1 2 0 | 0 1 1 1 | 0 2 1 0 0 | 0 0 1 0 1 | 0 1 1 0 1 0
7 19 14 | 0 2 1 | 0 1 2 0 | 0 1 2 0 | 0 1 1 0 1 | 0 1 0 0 1 | 0 1 1 1 0 0
7 19 14 | 0 2 1 | 0 1 2 0 | 0 1 2 0 | 0 1 1 1 0 | 0 1 0 0 1 | 0 1 1 0 1 0
7 19 14 | 0 2 1 | 0 1 2 0 | 0 1 2 0 | 0 1 1 1 0 | 0 1 0 0 1 | 0 1 1 1 0 0
7 19 14 | 0 2 1 | 0 1 2 0 | 0 1 2 0 | 0 1 1 1 0 | 0 1 0 1 0 | 0 1 1 0 1 0
7 19 14 | 0 2 1 | 0 1 2 0 | 0 1 2 0 | 0 1 1 1 0 | 0 1 0 1 0 | 0 1 1 1 0 0
7 19 14 | 0 2 1 | 0 2 1 0 | 0 0 1 2 | 0 1 1 1 0 | 0 1 0 0 1 | 0 1 1 0 1 0
7 19 15 | 0 2 1 | 0 2 1 0 | 0 1 1 1 | 0 1 1 1 0 | 0 0 0 1 1 | 0 0 1 1 1 0
7 19 15 | 0 2 1 | 0 2 1 0 | 0 1 1 1 | 0 1 1 1 0 | 0 0 0 1 1 | 0 1 0 1 1 0
7 19 15 | 0 2 1 | 0 2 1 0 | 0 1 1 1 | 0 1 1 1 0 | 0 0 0 1 1 | 0 1 1 0 1 0
7 19 15 | 0 2 1 | 0 2 1 0 | 0 1 1 1 | 0 1 1 1 0 | 0 0 0 1 1 | 0 1 1 1 0 0
7 19 15 | 0 2 1 | 0 2 1 0 | 0 1 1 1 | 0 1 1 1 0 | 0 0 1 0 1 | 0 0 1 1 1 0
7 19 15 | 0 2 1 | 0 2 1 0 | 0 1 1 1 | 0 1 1 1 0 | 0 0 1 0 1 | 0 1 0 1 1 0
7 19 15 | 0 2 1 | 0 2 1 0 | 0 1 1 1 | 0 1 1 1 0 | 0 0 1 0 1 | 0 1 1 0 1 0
7 19 15 | 0 2 1 | 0 2 1 0 | 0 1 1 1 | 0 1 1 1 0 | 0 0 1 0 1 | 0 1 1 1 0 0
7 19 15 | 0 2 1 | 0 2 1 0 | 0 1 1 1 | 0 1 1 1 0 | 0 0 1 1 0 | 0 0 1 1 1 0
7 19 15 | 0 2 1 | 0 2 1 0 | 0 1 1 1 | 0 1 1 1 0 | 0 0 1 1 0 | 0 1 0 1 1 0
7 19 15 | 0 2 1 | 0 2 1 0 | 0 1 1 1 | 0 1 1 1 0 | 0 0 1 1 0 | 0 1 1 0 1 0
7 19 15 | 0 2 1 | 0 2 1 0 | 0 1 1 1 | 0 1 1 1 0 | 0 0 1 1 0 | 0 1 1 1 0 0
7 19 15 | 0 2 1 | 0 2 1 0 | 0 1 1 1 | 0 1 1 1 0 | 0 1 0 0 1 | 0 0 1 1 1 0
7 19 15 | 0 2 1 | 0 2 1 0 | 0 1 1 1 | 0 1 1 1 0 | 0 1 0 1 0 | 0 0 1 1 1 0
7 19 15 | 0 2 1 | 0 2 1 0 | 0 1 1 1 | 0 1 1 1 0 | 0 1 1 0 0 | 0 0 1 1 1 0
7 19 14 | 0 2 1 | 0 2 1 0 | 0 1 1 1 | 0 1 2 0 0 | 0 0 0 1 1 | 0 1 0 1 1 0
7 19 14 | 0 2 1 | 0 2 1 0 | 0 1 1 1 | 0 1 2 0 0 | 0 0 1 1 0 | 0 1 0 1 1 0
