source_index	source_path	source_module	bundle_index	bundle_path	bundle_module
0	research/tasks/B699-Binomial/runs/20260911-low-index-lean-513dc7cc/lean/Row112Data.lean	research.tasks.«B699-Binomial».runs.«20260911-low-index-lean-513dc7cc».lean.Row112Data	0	research/tasks/B699-Binomial/runs/20260911-low-index-lean-513dc7cc/lean/rows/Row112B32/Block000.lean	research.tasks.«B699-Binomial».runs.«20260911-low-index-lean-513dc7cc».lean.rows.Row112B32.Block000
1	research/tasks/B699-Binomial/runs/20260911-low-index-lean-513dc7cc/lean/rows/Row112/Goods000.lean	research.tasks.«B699-Binomial».runs.«20260911-low-index-lean-513dc7cc».lean.rows.Row112.Goods000	0	research/tasks/B699-Binomial/runs/20260911-low-index-lean-513dc7cc/lean/rows/Row112B32/Block000.lean	research.tasks.«B699-Binomial».runs.«20260911-low-index-lean-513dc7cc».lean.rows.Row112B32.Block000
2	research/tasks/B699-Binomial/runs/20260911-low-index-lean-513dc7cc/lean/rows/Row112/Goods016.lean	research.tasks.«B699-Binomial».runs.«20260911-low-index-lean-513dc7cc».lean.rows.Row112.Goods016	0	research/tasks/B699-Binomial/runs/20260911-low-index-lean-513dc7cc/lean/rows/Row112B32/Block000.lean	research.tasks.«B699-Binomial».runs.«20260911-low-index-lean-513dc7cc».lean.rows.Row112B32.Block000
3	research/tasks/B699-Binomial/runs/20260911-low-index-lean-513dc7cc/lean/rows/Row112/Goods032.lean	research.tasks.«B699-Binomial».runs.«20260911-low-index-lean-513dc7cc».lean.rows.Row112.Goods032	0	research/tasks/B699-Binomial/runs/20260911-low-index-lean-513dc7cc/lean/rows/Row112B32/Block000.lean	research.tasks.«B699-Binomial».runs.«20260911-low-index-lean-513dc7cc».lean.rows.Row112B32.Block000
4	research/tasks/B699-Binomial/runs/20260911-low-index-lean-513dc7cc/lean/rows/Row112/Goods048.lean	research.tasks.«B699-Binomial».runs.«20260911-low-index-lean-513dc7cc».lean.rows.Row112.Goods048	0	research/tasks/B699-Binomial/runs/20260911-low-index-lean-513dc7cc/lean/rows/Row112B32/Block000.lean	research.tasks.«B699-Binomial».runs.«20260911-low-index-lean-513dc7cc».lean.rows.Row112B32.Block000
5	research/tasks/B699-Binomial/runs/20260911-low-index-lean-513dc7cc/lean/rows/Row112/Goods064.lean	research.tasks.«B699-Binomial».runs.«20260911-low-index-lean-513dc7cc».lean.rows.Row112.Goods064	0	research/tasks/B699-Binomial/runs/20260911-low-index-lean-513dc7cc/lean/rows/Row112B32/Block000.lean	research.tasks.«B699-Binomial».runs.«20260911-low-index-lean-513dc7cc».lean.rows.Row112B32.Block000
6	research/tasks/B699-Binomial/runs/20260911-low-index-lean-513dc7cc/lean/rows/Row112/Goods080.lean	research.tasks.«B699-Binomial».runs.«20260911-low-index-lean-513dc7cc».lean.rows.Row112.Goods080	0	research/tasks/B699-Binomial/runs/20260911-low-index-lean-513dc7cc/lean/rows/Row112B32/Block000.lean	research.tasks.«B699-Binomial».runs.«20260911-low-index-lean-513dc7cc».lean.rows.Row112B32.Block000
7	research/tasks/B699-Binomial/runs/20260911-low-index-lean-513dc7cc/lean/rows/Row112/Goods096.lean	research.tasks.«B699-Binomial».runs.«20260911-low-index-lean-513dc7cc».lean.rows.Row112.Goods096	0	research/tasks/B699-Binomial/runs/20260911-low-index-lean-513dc7cc/lean/rows/Row112B32/Block000.lean	research.tasks.«B699-Binomial».runs.«20260911-low-index-lean-513dc7cc».lean.rows.Row112B32.Block000
8	research/tasks/B699-Binomial/runs/20260911-low-index-lean-513dc7cc/lean/rows/Row112/Goods112.lean	research.tasks.«B699-Binomial».runs.«20260911-low-index-lean-513dc7cc».lean.rows.Row112.Goods112	0	research/tasks/B699-Binomial/runs/20260911-low-index-lean-513dc7cc/lean/rows/Row112B32/Block000.lean	research.tasks.«B699-Binomial».runs.«20260911-low-index-lean-513dc7cc».lean.rows.Row112B32.Block000
9	research/tasks/B699-Binomial/runs/20260911-low-index-lean-513dc7cc/lean/rows/Row112/Goods128.lean	research.tasks.«B699-Binomial».runs.«20260911-low-index-lean-513dc7cc».lean.rows.Row112.Goods128	0	research/tasks/B699-Binomial/runs/20260911-low-index-lean-513dc7cc/lean/rows/Row112B32/Block000.lean	research.tasks.«B699-Binomial».runs.«20260911-low-index-lean-513dc7cc».lean.rows.Row112B32.Block000
10	research/tasks/B699-Binomial/runs/20260911-low-index-lean-513dc7cc/lean/rows/Row112/Goods144.lean	research.tasks.«B699-Binomial».runs.«20260911-low-index-lean-513dc7cc».lean.rows.Row112.Goods144	0	research/tasks/B699-Binomial/runs/20260911-low-index-lean-513dc7cc/lean/rows/Row112B32/Block000.lean	research.tasks.«B699-Binomial».runs.«20260911-low-index-lean-513dc7cc».lean.rows.Row112B32.Block000
11	research/tasks/B699-Binomial/runs/20260911-low-index-lean-513dc7cc/lean/rows/Row112/Goods160.lean	research.tasks.«B699-Binomial».runs.«20260911-low-index-lean-513dc7cc».lean.rows.Row112.Goods160	0	research/tasks/B699-Binomial/runs/20260911-low-index-lean-513dc7cc/lean/rows/Row112B32/Block000.lean	research.tasks.«B699-Binomial».runs.«20260911-low-index-lean-513dc7cc».lean.rows.Row112B32.Block000
12	research/tasks/B699-Binomial/runs/20260911-low-index-lean-513dc7cc/lean/rows/Row112/Goods176.lean	research.tasks.«B699-Binomial».runs.«20260911-low-index-lean-513dc7cc».lean.rows.Row112.Goods176	0	research/tasks/B699-Binomial/runs/20260911-low-index-lean-513dc7cc/lean/rows/Row112B32/Block000.lean	research.tasks.«B699-Binomial».runs.«20260911-low-index-lean-513dc7cc».lean.rows.Row112B32.Block000
13	research/tasks/B699-Binomial/runs/20260911-low-index-lean-513dc7cc/lean/rows/Row112/Goods192.lean	research.tasks.«B699-Binomial».runs.«20260911-low-index-lean-513dc7cc».lean.rows.Row112.Goods192	0	research/tasks/B699-Binomial/runs/20260911-low-index-lean-513dc7cc/lean/rows/Row112B32/Block000.lean	research.tasks.«B699-Binomial».runs.«20260911-low-index-lean-513dc7cc».lean.rows.Row112B32.Block000
14	research/tasks/B699-Binomial/runs/20260911-low-index-lean-513dc7cc/lean/rows/Row112/Goods208.lean	research.tasks.«B699-Binomial».runs.«20260911-low-index-lean-513dc7cc».lean.rows.Row112.Goods208	0	research/tasks/B699-Binomial/runs/20260911-low-index-lean-513dc7cc/lean/rows/Row112B32/Block000.lean	research.tasks.«B699-Binomial».runs.«20260911-low-index-lean-513dc7cc».lean.rows.Row112B32.Block000
15	research/tasks/B699-Binomial/runs/20260911-low-index-lean-513dc7cc/lean/rows/Row112/Goods224.lean	research.tasks.«B699-Binomial».runs.«20260911-low-index-lean-513dc7cc».lean.rows.Row112.Goods224	0	research/tasks/B699-Binomial/runs/20260911-low-index-lean-513dc7cc/lean/rows/Row112B32/Block000.lean	research.tasks.«B699-Binomial».runs.«20260911-low-index-lean-513dc7cc».lean.rows.Row112B32.Block000
16	research/tasks/B699-Binomial/runs/20260911-low-index-lean-513dc7cc/lean/rows/Row112/Goods240.lean	research.tasks.«B699-Binomial».runs.«20260911-low-index-lean-513dc7cc».lean.rows.Row112.Goods240	0	research/tasks/B699-Binomial/runs/20260911-low-index-lean-513dc7cc/lean/rows/Row112B32/Block000.lean	research.tasks.«B699-Binomial».runs.«20260911-low-index-lean-513dc7cc».lean.rows.Row112B32.Block000
17	research/tasks/B699-Binomial/runs/20260911-low-index-lean-513dc7cc/lean/rows/Row112/Goods256.lean	research.tasks.«B699-Binomial».runs.«20260911-low-index-lean-513dc7cc».lean.rows.Row112.Goods256	0	research/tasks/B699-Binomial/runs/20260911-low-index-lean-513dc7cc/lean/rows/Row112B32/Block000.lean	research.tasks.«B699-Binomial».runs.«20260911-low-index-lean-513dc7cc».lean.rows.Row112B32.Block000
18	research/tasks/B699-Binomial/runs/20260911-low-index-lean-513dc7cc/lean/rows/Row112/Goods272.lean	research.tasks.«B699-Binomial».runs.«20260911-low-index-lean-513dc7cc».lean.rows.Row112.Goods272	0	research/tasks/B699-Binomial/runs/20260911-low-index-lean-513dc7cc/lean/rows/Row112B32/Block000.lean	research.tasks.«B699-Binomial».runs.«20260911-low-index-lean-513dc7cc».lean.rows.Row112B32.Block000
19	research/tasks/B699-Binomial/runs/20260911-low-index-lean-513dc7cc/lean/rows/Row112/GoodsChecked.lean	research.tasks.«B699-Binomial».runs.«20260911-low-index-lean-513dc7cc».lean.rows.Row112.GoodsChecked	0	research/tasks/B699-Binomial/runs/20260911-low-index-lean-513dc7cc/lean/rows/Row112B32/Block000.lean	research.tasks.«B699-Binomial».runs.«20260911-low-index-lean-513dc7cc».lean.rows.Row112B32.Block000
20	research/tasks/B699-Binomial/runs/20260911-low-index-lean-513dc7cc/lean/rows/Row112/Metadata.lean	research.tasks.«B699-Binomial».runs.«20260911-low-index-lean-513dc7cc».lean.rows.Row112.Metadata	0	research/tasks/B699-Binomial/runs/20260911-low-index-lean-513dc7cc/lean/rows/Row112B32/Block000.lean	research.tasks.«B699-Binomial».runs.«20260911-low-index-lean-513dc7cc».lean.rows.Row112B32.Block000
21	research/tasks/B699-Binomial/runs/20260911-low-index-lean-513dc7cc/lean/rows/Row112/Geometry.lean	research.tasks.«B699-Binomial».runs.«20260911-low-index-lean-513dc7cc».lean.rows.Row112.Geometry	0	research/tasks/B699-Binomial/runs/20260911-low-index-lean-513dc7cc/lean/rows/Row112B32/Block000.lean	research.tasks.«B699-Binomial».runs.«20260911-low-index-lean-513dc7cc».lean.rows.Row112B32.Block000
22	research/tasks/B699-Binomial/runs/20260911-low-index-lean-513dc7cc/lean/rows/Row112/Layer000Data.lean	research.tasks.«B699-Binomial».runs.«20260911-low-index-lean-513dc7cc».lean.rows.Row112.Layer000Data	0	research/tasks/B699-Binomial/runs/20260911-low-index-lean-513dc7cc/lean/rows/Row112B32/Block000.lean	research.tasks.«B699-Binomial».runs.«20260911-low-index-lean-513dc7cc».lean.rows.Row112B32.Block000
23	research/tasks/B699-Binomial/runs/20260911-low-index-lean-513dc7cc/lean/rows/Row112/Layer000Arithmetic.lean	research.tasks.«B699-Binomial».runs.«20260911-low-index-lean-513dc7cc».lean.rows.Row112.Layer000Arithmetic	0	research/tasks/B699-Binomial/runs/20260911-low-index-lean-513dc7cc/lean/rows/Row112B32/Block000.lean	research.tasks.«B699-Binomial».runs.«20260911-low-index-lean-513dc7cc».lean.rows.Row112B32.Block000
24	research/tasks/B699-Binomial/runs/20260911-low-index-lean-513dc7cc/lean/rows/Row112/Layer000Enumeration.lean	research.tasks.«B699-Binomial».runs.«20260911-low-index-lean-513dc7cc».lean.rows.Row112.Layer000Enumeration	0	research/tasks/B699-Binomial/runs/20260911-low-index-lean-513dc7cc/lean/rows/Row112B32/Block000.lean	research.tasks.«B699-Binomial».runs.«20260911-low-index-lean-513dc7cc».lean.rows.Row112B32.Block000
25	research/tasks/B699-Binomial/runs/20260911-low-index-lean-513dc7cc/lean/rows/Row112/Layer000PairBlock000.lean	research.tasks.«B699-Binomial».runs.«20260911-low-index-lean-513dc7cc».lean.rows.Row112.Layer000PairBlock000	0	research/tasks/B699-Binomial/runs/20260911-low-index-lean-513dc7cc/lean/rows/Row112B32/Block000.lean	research.tasks.«B699-Binomial».runs.«20260911-low-index-lean-513dc7cc».lean.rows.Row112B32.Block000
26	research/tasks/B699-Binomial/runs/20260911-low-index-lean-513dc7cc/lean/rows/Row112/Layer000PairBlock001.lean	research.tasks.«B699-Binomial».runs.«20260911-low-index-lean-513dc7cc».lean.rows.Row112.Layer000PairBlock001	0	research/tasks/B699-Binomial/runs/20260911-low-index-lean-513dc7cc/lean/rows/Row112B32/Block000.lean	research.tasks.«B699-Binomial».runs.«20260911-low-index-lean-513dc7cc».lean.rows.Row112B32.Block000
27	research/tasks/B699-Binomial/runs/20260911-low-index-lean-513dc7cc/lean/rows/Row112/Layer000PairBlock002.lean	research.tasks.«B699-Binomial».runs.«20260911-low-index-lean-513dc7cc».lean.rows.Row112.Layer000PairBlock002	0	research/tasks/B699-Binomial/runs/20260911-low-index-lean-513dc7cc/lean/rows/Row112B32/Block000.lean	research.tasks.«B699-Binomial».runs.«20260911-low-index-lean-513dc7cc».lean.rows.Row112B32.Block000
28	research/tasks/B699-Binomial/runs/20260911-low-index-lean-513dc7cc/lean/rows/Row112/Layer000PairBlock003.lean	research.tasks.«B699-Binomial».runs.«20260911-low-index-lean-513dc7cc».lean.rows.Row112.Layer000PairBlock003	0	research/tasks/B699-Binomial/runs/20260911-low-index-lean-513dc7cc/lean/rows/Row112B32/Block000.lean	research.tasks.«B699-Binomial».runs.«20260911-low-index-lean-513dc7cc».lean.rows.Row112B32.Block000
29	research/tasks/B699-Binomial/runs/20260911-low-index-lean-513dc7cc/lean/rows/Row112/Layer000PairBlock004.lean	research.tasks.«B699-Binomial».runs.«20260911-low-index-lean-513dc7cc».lean.rows.Row112.Layer000PairBlock004	0	research/tasks/B699-Binomial/runs/20260911-low-index-lean-513dc7cc/lean/rows/Row112B32/Block000.lean	research.tasks.«B699-Binomial».runs.«20260911-low-index-lean-513dc7cc».lean.rows.Row112B32.Block000
30	research/tasks/B699-Binomial/runs/20260911-low-index-lean-513dc7cc/lean/rows/Row112/Layer000PairBlock005.lean	research.tasks.«B699-Binomial».runs.«20260911-low-index-lean-513dc7cc».lean.rows.Row112.Layer000PairBlock005	0	research/tasks/B699-Binomial/runs/20260911-low-index-lean-513dc7cc/lean/rows/Row112B32/Block000.lean	research.tasks.«B699-Binomial».runs.«20260911-low-index-lean-513dc7cc».lean.rows.Row112B32.Block000
31	research/tasks/B699-Binomial/runs/20260911-low-index-lean-513dc7cc/lean/rows/Row112/Layer000PairBlock006.lean	research.tasks.«B699-Binomial».runs.«20260911-low-index-lean-513dc7cc».lean.rows.Row112.Layer000PairBlock006	0	research/tasks/B699-Binomial/runs/20260911-low-index-lean-513dc7cc/lean/rows/Row112B32/Block000.lean	research.tasks.«B699-Binomial».runs.«20260911-low-index-lean-513dc7cc».lean.rows.Row112B32.Block000
32	research/tasks/B699-Binomial/runs/20260911-low-index-lean-513dc7cc/lean/rows/Row112/Layer000PairBlock007.lean	research.tasks.«B699-Binomial».runs.«20260911-low-index-lean-513dc7cc».lean.rows.Row112.Layer000PairBlock007	1	research/tasks/B699-Binomial/runs/20260911-low-index-lean-513dc7cc/lean/rows/Row112B32/Block001.lean	research.tasks.«B699-Binomial».runs.«20260911-low-index-lean-513dc7cc».lean.rows.Row112B32.Block001
33	research/tasks/B699-Binomial/runs/20260911-low-index-lean-513dc7cc/lean/rows/Row112/Layer000PairBlock008.lean	research.tasks.«B699-Binomial».runs.«20260911-low-index-lean-513dc7cc».lean.rows.Row112.Layer000PairBlock008	1	research/tasks/B699-Binomial/runs/20260911-low-index-lean-513dc7cc/lean/rows/Row112B32/Block001.lean	research.tasks.«B699-Binomial».runs.«20260911-low-index-lean-513dc7cc».lean.rows.Row112B32.Block001
34	research/tasks/B699-Binomial/runs/20260911-low-index-lean-513dc7cc/lean/rows/Row112/Layer000PairBlock009.lean	research.tasks.«B699-Binomial».runs.«20260911-low-index-lean-513dc7cc».lean.rows.Row112.Layer000PairBlock009	1	research/tasks/B699-Binomial/runs/20260911-low-index-lean-513dc7cc/lean/rows/Row112B32/Block001.lean	research.tasks.«B699-Binomial».runs.«20260911-low-index-lean-513dc7cc».lean.rows.Row112B32.Block001
35	research/tasks/B699-Binomial/runs/20260911-low-index-lean-513dc7cc/lean/rows/Row112/Layer000PairBlock010.lean	research.tasks.«B699-Binomial».runs.«20260911-low-index-lean-513dc7cc».lean.rows.Row112.Layer000PairBlock010	1	research/tasks/B699-Binomial/runs/20260911-low-index-lean-513dc7cc/lean/rows/Row112B32/Block001.lean	research.tasks.«B699-Binomial».runs.«20260911-low-index-lean-513dc7cc».lean.rows.Row112B32.Block001
36	research/tasks/B699-Binomial/runs/20260911-low-index-lean-513dc7cc/lean/rows/Row112/Layer000Pairs.lean	research.tasks.«B699-Binomial».runs.«20260911-low-index-lean-513dc7cc».lean.rows.Row112.Layer000Pairs	1	research/tasks/B699-Binomial/runs/20260911-low-index-lean-513dc7cc/lean/rows/Row112B32/Block001.lean	research.tasks.«B699-Binomial».runs.«20260911-low-index-lean-513dc7cc».lean.rows.Row112B32.Block001
37	research/tasks/B699-Binomial/runs/20260911-low-index-lean-513dc7cc/lean/rows/Row112/Layer000Checked.lean	research.tasks.«B699-Binomial».runs.«20260911-low-index-lean-513dc7cc».lean.rows.Row112.Layer000Checked	1	research/tasks/B699-Binomial/runs/20260911-low-index-lean-513dc7cc/lean/rows/Row112B32/Block001.lean	research.tasks.«B699-Binomial».runs.«20260911-low-index-lean-513dc7cc».lean.rows.Row112B32.Block001
38	research/tasks/B699-Binomial/runs/20260911-low-index-lean-513dc7cc/lean/rows/Row112/Layer001Data.lean	research.tasks.«B699-Binomial».runs.«20260911-low-index-lean-513dc7cc».lean.rows.Row112.Layer001Data	1	research/tasks/B699-Binomial/runs/20260911-low-index-lean-513dc7cc/lean/rows/Row112B32/Block001.lean	research.tasks.«B699-Binomial».runs.«20260911-low-index-lean-513dc7cc».lean.rows.Row112B32.Block001
39	research/tasks/B699-Binomial/runs/20260911-low-index-lean-513dc7cc/lean/rows/Row112/Layer001Arithmetic.lean	research.tasks.«B699-Binomial».runs.«20260911-low-index-lean-513dc7cc».lean.rows.Row112.Layer001Arithmetic	1	research/tasks/B699-Binomial/runs/20260911-low-index-lean-513dc7cc/lean/rows/Row112B32/Block001.lean	research.tasks.«B699-Binomial».runs.«20260911-low-index-lean-513dc7cc».lean.rows.Row112B32.Block001
40	research/tasks/B699-Binomial/runs/20260911-low-index-lean-513dc7cc/lean/rows/Row112/Layer001Enumeration.lean	research.tasks.«B699-Binomial».runs.«20260911-low-index-lean-513dc7cc».lean.rows.Row112.Layer001Enumeration	1	research/tasks/B699-Binomial/runs/20260911-low-index-lean-513dc7cc/lean/rows/Row112B32/Block001.lean	research.tasks.«B699-Binomial».runs.«20260911-low-index-lean-513dc7cc».lean.rows.Row112B32.Block001
41	research/tasks/B699-Binomial/runs/20260911-low-index-lean-513dc7cc/lean/rows/Row112/Layer001PairBlock000.lean	research.tasks.«B699-Binomial».runs.«20260911-low-index-lean-513dc7cc».lean.rows.Row112.Layer001PairBlock000	1	research/tasks/B699-Binomial/runs/20260911-low-index-lean-513dc7cc/lean/rows/Row112B32/Block001.lean	research.tasks.«B699-Binomial».runs.«20260911-low-index-lean-513dc7cc».lean.rows.Row112B32.Block001
42	research/tasks/B699-Binomial/runs/20260911-low-index-lean-513dc7cc/lean/rows/Row112/Layer001PairBlock001.lean	research.tasks.«B699-Binomial».runs.«20260911-low-index-lean-513dc7cc».lean.rows.Row112.Layer001PairBlock001	1	research/tasks/B699-Binomial/runs/20260911-low-index-lean-513dc7cc/lean/rows/Row112B32/Block001.lean	research.tasks.«B699-Binomial».runs.«20260911-low-index-lean-513dc7cc».lean.rows.Row112B32.Block001
43	research/tasks/B699-Binomial/runs/20260911-low-index-lean-513dc7cc/lean/rows/Row112/Layer001PairBlock002.lean	research.tasks.«B699-Binomial».runs.«20260911-low-index-lean-513dc7cc».lean.rows.Row112.Layer001PairBlock002	1	research/tasks/B699-Binomial/runs/20260911-low-index-lean-513dc7cc/lean/rows/Row112B32/Block001.lean	research.tasks.«B699-Binomial».runs.«20260911-low-index-lean-513dc7cc».lean.rows.Row112B32.Block001
44	research/tasks/B699-Binomial/runs/20260911-low-index-lean-513dc7cc/lean/rows/Row112/Layer001PairBlock003.lean	research.tasks.«B699-Binomial».runs.«20260911-low-index-lean-513dc7cc».lean.rows.Row112.Layer001PairBlock003	1	research/tasks/B699-Binomial/runs/20260911-low-index-lean-513dc7cc/lean/rows/Row112B32/Block001.lean	research.tasks.«B699-Binomial».runs.«20260911-low-index-lean-513dc7cc».lean.rows.Row112B32.Block001
45	research/tasks/B699-Binomial/runs/20260911-low-index-lean-513dc7cc/lean/rows/Row112/Layer001PairBlock004.lean	research.tasks.«B699-Binomial».runs.«20260911-low-index-lean-513dc7cc».lean.rows.Row112.Layer001PairBlock004	1	research/tasks/B699-Binomial/runs/20260911-low-index-lean-513dc7cc/lean/rows/Row112B32/Block001.lean	research.tasks.«B699-Binomial».runs.«20260911-low-index-lean-513dc7cc».lean.rows.Row112B32.Block001
46	research/tasks/B699-Binomial/runs/20260911-low-index-lean-513dc7cc/lean/rows/Row112/Layer001PairBlock005.lean	research.tasks.«B699-Binomial».runs.«20260911-low-index-lean-513dc7cc».lean.rows.Row112.Layer001PairBlock005	1	research/tasks/B699-Binomial/runs/20260911-low-index-lean-513dc7cc/lean/rows/Row112B32/Block001.lean	research.tasks.«B699-Binomial».runs.«20260911-low-index-lean-513dc7cc».lean.rows.Row112B32.Block001
47	research/tasks/B699-Binomial/runs/20260911-low-index-lean-513dc7cc/lean/rows/Row112/Layer001PairBlock006.lean	research.tasks.«B699-Binomial».runs.«20260911-low-index-lean-513dc7cc».lean.rows.Row112.Layer001PairBlock006	1	research/tasks/B699-Binomial/runs/20260911-low-index-lean-513dc7cc/lean/rows/Row112B32/Block001.lean	research.tasks.«B699-Binomial».runs.«20260911-low-index-lean-513dc7cc».lean.rows.Row112B32.Block001
48	research/tasks/B699-Binomial/runs/20260911-low-index-lean-513dc7cc/lean/rows/Row112/Layer001PairBlock007.lean	research.tasks.«B699-Binomial».runs.«20260911-low-index-lean-513dc7cc».lean.rows.Row112.Layer001PairBlock007	1	research/tasks/B699-Binomial/runs/20260911-low-index-lean-513dc7cc/lean/rows/Row112B32/Block001.lean	research.tasks.«B699-Binomial».runs.«20260911-low-index-lean-513dc7cc».lean.rows.Row112B32.Block001
49	research/tasks/B699-Binomial/runs/20260911-low-index-lean-513dc7cc/lean/rows/Row112/Layer001PairBlock008.lean	research.tasks.«B699-Binomial».runs.«20260911-low-index-lean-513dc7cc».lean.rows.Row112.Layer001PairBlock008	1	research/tasks/B699-Binomial/runs/20260911-low-index-lean-513dc7cc/lean/rows/Row112B32/Block001.lean	research.tasks.«B699-Binomial».runs.«20260911-low-index-lean-513dc7cc».lean.rows.Row112B32.Block001
50	research/tasks/B699-Binomial/runs/20260911-low-index-lean-513dc7cc/lean/rows/Row112/Layer001PairBlock009.lean	research.tasks.«B699-Binomial».runs.«20260911-low-index-lean-513dc7cc».lean.rows.Row112.Layer001PairBlock009	1	research/tasks/B699-Binomial/runs/20260911-low-index-lean-513dc7cc/lean/rows/Row112B32/Block001.lean	research.tasks.«B699-Binomial».runs.«20260911-low-index-lean-513dc7cc».lean.rows.Row112B32.Block001
51	research/tasks/B699-Binomial/runs/20260911-low-index-lean-513dc7cc/lean/rows/Row112/Layer001PairBlock010.lean	research.tasks.«B699-Binomial».runs.«20260911-low-index-lean-513dc7cc».lean.rows.Row112.Layer001PairBlock010	1	research/tasks/B699-Binomial/runs/20260911-low-index-lean-513dc7cc/lean/rows/Row112B32/Block001.lean	research.tasks.«B699-Binomial».runs.«20260911-low-index-lean-513dc7cc».lean.rows.Row112B32.Block001
52	research/tasks/B699-Binomial/runs/20260911-low-index-lean-513dc7cc/lean/rows/Row112/Layer001PairBlock011.lean	research.tasks.«B699-Binomial».runs.«20260911-low-index-lean-513dc7cc».lean.rows.Row112.Layer001PairBlock011	1	research/tasks/B699-Binomial/runs/20260911-low-index-lean-513dc7cc/lean/rows/Row112B32/Block001.lean	research.tasks.«B699-Binomial».runs.«20260911-low-index-lean-513dc7cc».lean.rows.Row112B32.Block001
53	research/tasks/B699-Binomial/runs/20260911-low-index-lean-513dc7cc/lean/rows/Row112/Layer001Pairs.lean	research.tasks.«B699-Binomial».runs.«20260911-low-index-lean-513dc7cc».lean.rows.Row112.Layer001Pairs	1	research/tasks/B699-Binomial/runs/20260911-low-index-lean-513dc7cc/lean/rows/Row112B32/Block001.lean	research.tasks.«B699-Binomial».runs.«20260911-low-index-lean-513dc7cc».lean.rows.Row112B32.Block001
54	research/tasks/B699-Binomial/runs/20260911-low-index-lean-513dc7cc/lean/rows/Row112/Layer001Checked.lean	research.tasks.«B699-Binomial».runs.«20260911-low-index-lean-513dc7cc».lean.rows.Row112.Layer001Checked	1	research/tasks/B699-Binomial/runs/20260911-low-index-lean-513dc7cc/lean/rows/Row112B32/Block001.lean	research.tasks.«B699-Binomial».runs.«20260911-low-index-lean-513dc7cc».lean.rows.Row112B32.Block001
55	research/tasks/B699-Binomial/runs/20260911-low-index-lean-513dc7cc/lean/rows/Row112/Layer002Data.lean	research.tasks.«B699-Binomial».runs.«20260911-low-index-lean-513dc7cc».lean.rows.Row112.Layer002Data	1	research/tasks/B699-Binomial/runs/20260911-low-index-lean-513dc7cc/lean/rows/Row112B32/Block001.lean	research.tasks.«B699-Binomial».runs.«20260911-low-index-lean-513dc7cc».lean.rows.Row112B32.Block001
56	research/tasks/B699-Binomial/runs/20260911-low-index-lean-513dc7cc/lean/rows/Row112/Layer002Arithmetic.lean	research.tasks.«B699-Binomial».runs.«20260911-low-index-lean-513dc7cc».lean.rows.Row112.Layer002Arithmetic	1	research/tasks/B699-Binomial/runs/20260911-low-index-lean-513dc7cc/lean/rows/Row112B32/Block001.lean	research.tasks.«B699-Binomial».runs.«20260911-low-index-lean-513dc7cc».lean.rows.Row112B32.Block001
57	research/tasks/B699-Binomial/runs/20260911-low-index-lean-513dc7cc/lean/rows/Row112/Layer002Enumeration.lean	research.tasks.«B699-Binomial».runs.«20260911-low-index-lean-513dc7cc».lean.rows.Row112.Layer002Enumeration	1	research/tasks/B699-Binomial/runs/20260911-low-index-lean-513dc7cc/lean/rows/Row112B32/Block001.lean	research.tasks.«B699-Binomial».runs.«20260911-low-index-lean-513dc7cc».lean.rows.Row112B32.Block001
58	research/tasks/B699-Binomial/runs/20260911-low-index-lean-513dc7cc/lean/rows/Row112/Layer002PairBlock000.lean	research.tasks.«B699-Binomial».runs.«20260911-low-index-lean-513dc7cc».lean.rows.Row112.Layer002PairBlock000	1	research/tasks/B699-Binomial/runs/20260911-low-index-lean-513dc7cc/lean/rows/Row112B32/Block001.lean	research.tasks.«B699-Binomial».runs.«20260911-low-index-lean-513dc7cc».lean.rows.Row112B32.Block001
59	research/tasks/B699-Binomial/runs/20260911-low-index-lean-513dc7cc/lean/rows/Row112/Layer002PairBlock001.lean	research.tasks.«B699-Binomial».runs.«20260911-low-index-lean-513dc7cc».lean.rows.Row112.Layer002PairBlock001	1	research/tasks/B699-Binomial/runs/20260911-low-index-lean-513dc7cc/lean/rows/Row112B32/Block001.lean	research.tasks.«B699-Binomial».runs.«20260911-low-index-lean-513dc7cc».lean.rows.Row112B32.Block001
60	research/tasks/B699-Binomial/runs/20260911-low-index-lean-513dc7cc/lean/rows/Row112/Layer002PairBlock002.lean	research.tasks.«B699-Binomial».runs.«20260911-low-index-lean-513dc7cc».lean.rows.Row112.Layer002PairBlock002	1	research/tasks/B699-Binomial/runs/20260911-low-index-lean-513dc7cc/lean/rows/Row112B32/Block001.lean	research.tasks.«B699-Binomial».runs.«20260911-low-index-lean-513dc7cc».lean.rows.Row112B32.Block001
61	research/tasks/B699-Binomial/runs/20260911-low-index-lean-513dc7cc/lean/rows/Row112/Layer002PairBlock003.lean	research.tasks.«B699-Binomial».runs.«20260911-low-index-lean-513dc7cc».lean.rows.Row112.Layer002PairBlock003	1	research/tasks/B699-Binomial/runs/20260911-low-index-lean-513dc7cc/lean/rows/Row112B32/Block001.lean	research.tasks.«B699-Binomial».runs.«20260911-low-index-lean-513dc7cc».lean.rows.Row112B32.Block001
62	research/tasks/B699-Binomial/runs/20260911-low-index-lean-513dc7cc/lean/rows/Row112/Layer002PairBlock004.lean	research.tasks.«B699-Binomial».runs.«20260911-low-index-lean-513dc7cc».lean.rows.Row112.Layer002PairBlock004	1	research/tasks/B699-Binomial/runs/20260911-low-index-lean-513dc7cc/lean/rows/Row112B32/Block001.lean	research.tasks.«B699-Binomial».runs.«20260911-low-index-lean-513dc7cc».lean.rows.Row112B32.Block001
63	research/tasks/B699-Binomial/runs/20260911-low-index-lean-513dc7cc/lean/rows/Row112/Layer002PairBlock005.lean	research.tasks.«B699-Binomial».runs.«20260911-low-index-lean-513dc7cc».lean.rows.Row112.Layer002PairBlock005	1	research/tasks/B699-Binomial/runs/20260911-low-index-lean-513dc7cc/lean/rows/Row112B32/Block001.lean	research.tasks.«B699-Binomial».runs.«20260911-low-index-lean-513dc7cc».lean.rows.Row112B32.Block001
64	research/tasks/B699-Binomial/runs/20260911-low-index-lean-513dc7cc/lean/rows/Row112/Layer002PairBlock006.lean	research.tasks.«B699-Binomial».runs.«20260911-low-index-lean-513dc7cc».lean.rows.Row112.Layer002PairBlock006	2	research/tasks/B699-Binomial/runs/20260911-low-index-lean-513dc7cc/lean/rows/Row112B32/Original.lean	research.tasks.«B699-Binomial».runs.«20260911-low-index-lean-513dc7cc».lean.rows.Row112B32.Original
65	research/tasks/B699-Binomial/runs/20260911-low-index-lean-513dc7cc/lean/rows/Row112/Layer002PairBlock007.lean	research.tasks.«B699-Binomial».runs.«20260911-low-index-lean-513dc7cc».lean.rows.Row112.Layer002PairBlock007	2	research/tasks/B699-Binomial/runs/20260911-low-index-lean-513dc7cc/lean/rows/Row112B32/Original.lean	research.tasks.«B699-Binomial».runs.«20260911-low-index-lean-513dc7cc».lean.rows.Row112B32.Original
66	research/tasks/B699-Binomial/runs/20260911-low-index-lean-513dc7cc/lean/rows/Row112/Layer002PairBlock008.lean	research.tasks.«B699-Binomial».runs.«20260911-low-index-lean-513dc7cc».lean.rows.Row112.Layer002PairBlock008	2	research/tasks/B699-Binomial/runs/20260911-low-index-lean-513dc7cc/lean/rows/Row112B32/Original.lean	research.tasks.«B699-Binomial».runs.«20260911-low-index-lean-513dc7cc».lean.rows.Row112B32.Original
67	research/tasks/B699-Binomial/runs/20260911-low-index-lean-513dc7cc/lean/rows/Row112/Layer002Pairs.lean	research.tasks.«B699-Binomial».runs.«20260911-low-index-lean-513dc7cc».lean.rows.Row112.Layer002Pairs	2	research/tasks/B699-Binomial/runs/20260911-low-index-lean-513dc7cc/lean/rows/Row112B32/Original.lean	research.tasks.«B699-Binomial».runs.«20260911-low-index-lean-513dc7cc».lean.rows.Row112B32.Original
68	research/tasks/B699-Binomial/runs/20260911-low-index-lean-513dc7cc/lean/rows/Row112/Layer002Checked.lean	research.tasks.«B699-Binomial».runs.«20260911-low-index-lean-513dc7cc».lean.rows.Row112.Layer002Checked	2	research/tasks/B699-Binomial/runs/20260911-low-index-lean-513dc7cc/lean/rows/Row112B32/Original.lean	research.tasks.«B699-Binomial».runs.«20260911-low-index-lean-513dc7cc».lean.rows.Row112B32.Original
69	research/tasks/B699-Binomial/runs/20260911-low-index-lean-513dc7cc/lean/rows/Row112/Layer003Data.lean	research.tasks.«B699-Binomial».runs.«20260911-low-index-lean-513dc7cc».lean.rows.Row112.Layer003Data	2	research/tasks/B699-Binomial/runs/20260911-low-index-lean-513dc7cc/lean/rows/Row112B32/Original.lean	research.tasks.«B699-Binomial».runs.«20260911-low-index-lean-513dc7cc».lean.rows.Row112B32.Original
70	research/tasks/B699-Binomial/runs/20260911-low-index-lean-513dc7cc/lean/rows/Row112/Layer003Arithmetic.lean	research.tasks.«B699-Binomial».runs.«20260911-low-index-lean-513dc7cc».lean.rows.Row112.Layer003Arithmetic	2	research/tasks/B699-Binomial/runs/20260911-low-index-lean-513dc7cc/lean/rows/Row112B32/Original.lean	research.tasks.«B699-Binomial».runs.«20260911-low-index-lean-513dc7cc».lean.rows.Row112B32.Original
71	research/tasks/B699-Binomial/runs/20260911-low-index-lean-513dc7cc/lean/rows/Row112/Layer003Enumeration.lean	research.tasks.«B699-Binomial».runs.«20260911-low-index-lean-513dc7cc».lean.rows.Row112.Layer003Enumeration	2	research/tasks/B699-Binomial/runs/20260911-low-index-lean-513dc7cc/lean/rows/Row112B32/Original.lean	research.tasks.«B699-Binomial».runs.«20260911-low-index-lean-513dc7cc».lean.rows.Row112B32.Original
72	research/tasks/B699-Binomial/runs/20260911-low-index-lean-513dc7cc/lean/rows/Row112/Layer003PairBlock000.lean	research.tasks.«B699-Binomial».runs.«20260911-low-index-lean-513dc7cc».lean.rows.Row112.Layer003PairBlock000	2	research/tasks/B699-Binomial/runs/20260911-low-index-lean-513dc7cc/lean/rows/Row112B32/Original.lean	research.tasks.«B699-Binomial».runs.«20260911-low-index-lean-513dc7cc».lean.rows.Row112B32.Original
73	research/tasks/B699-Binomial/runs/20260911-low-index-lean-513dc7cc/lean/rows/Row112/Layer003PairBlock001.lean	research.tasks.«B699-Binomial».runs.«20260911-low-index-lean-513dc7cc».lean.rows.Row112.Layer003PairBlock001	2	research/tasks/B699-Binomial/runs/20260911-low-index-lean-513dc7cc/lean/rows/Row112B32/Original.lean	research.tasks.«B699-Binomial».runs.«20260911-low-index-lean-513dc7cc».lean.rows.Row112B32.Original
74	research/tasks/B699-Binomial/runs/20260911-low-index-lean-513dc7cc/lean/rows/Row112/Layer003PairBlock002.lean	research.tasks.«B699-Binomial».runs.«20260911-low-index-lean-513dc7cc».lean.rows.Row112.Layer003PairBlock002	2	research/tasks/B699-Binomial/runs/20260911-low-index-lean-513dc7cc/lean/rows/Row112B32/Original.lean	research.tasks.«B699-Binomial».runs.«20260911-low-index-lean-513dc7cc».lean.rows.Row112B32.Original
75	research/tasks/B699-Binomial/runs/20260911-low-index-lean-513dc7cc/lean/rows/Row112/Layer003PairBlock003.lean	research.tasks.«B699-Binomial».runs.«20260911-low-index-lean-513dc7cc».lean.rows.Row112.Layer003PairBlock003	2	research/tasks/B699-Binomial/runs/20260911-low-index-lean-513dc7cc/lean/rows/Row112B32/Original.lean	research.tasks.«B699-Binomial».runs.«20260911-low-index-lean-513dc7cc».lean.rows.Row112B32.Original
76	research/tasks/B699-Binomial/runs/20260911-low-index-lean-513dc7cc/lean/rows/Row112/Layer003PairBlock004.lean	research.tasks.«B699-Binomial».runs.«20260911-low-index-lean-513dc7cc».lean.rows.Row112.Layer003PairBlock004	2	research/tasks/B699-Binomial/runs/20260911-low-index-lean-513dc7cc/lean/rows/Row112B32/Original.lean	research.tasks.«B699-Binomial».runs.«20260911-low-index-lean-513dc7cc».lean.rows.Row112B32.Original
77	research/tasks/B699-Binomial/runs/20260911-low-index-lean-513dc7cc/lean/rows/Row112/Layer003PairBlock005.lean	research.tasks.«B699-Binomial».runs.«20260911-low-index-lean-513dc7cc».lean.rows.Row112.Layer003PairBlock005	2	research/tasks/B699-Binomial/runs/20260911-low-index-lean-513dc7cc/lean/rows/Row112B32/Original.lean	research.tasks.«B699-Binomial».runs.«20260911-low-index-lean-513dc7cc».lean.rows.Row112B32.Original
78	research/tasks/B699-Binomial/runs/20260911-low-index-lean-513dc7cc/lean/rows/Row112/Layer003Pairs.lean	research.tasks.«B699-Binomial».runs.«20260911-low-index-lean-513dc7cc».lean.rows.Row112.Layer003Pairs	2	research/tasks/B699-Binomial/runs/20260911-low-index-lean-513dc7cc/lean/rows/Row112B32/Original.lean	research.tasks.«B699-Binomial».runs.«20260911-low-index-lean-513dc7cc».lean.rows.Row112B32.Original
79	research/tasks/B699-Binomial/runs/20260911-low-index-lean-513dc7cc/lean/rows/Row112/Layer003Checked.lean	research.tasks.«B699-Binomial».runs.«20260911-low-index-lean-513dc7cc».lean.rows.Row112.Layer003Checked	2	research/tasks/B699-Binomial/runs/20260911-low-index-lean-513dc7cc/lean/rows/Row112B32/Original.lean	research.tasks.«B699-Binomial».runs.«20260911-low-index-lean-513dc7cc».lean.rows.Row112B32.Original
80	research/tasks/B699-Binomial/runs/20260911-low-index-lean-513dc7cc/lean/rows/Row112/Layers000.lean	research.tasks.«B699-Binomial».runs.«20260911-low-index-lean-513dc7cc».lean.rows.Row112.Layers000	2	research/tasks/B699-Binomial/runs/20260911-low-index-lean-513dc7cc/lean/rows/Row112B32/Original.lean	research.tasks.«B699-Binomial».runs.«20260911-low-index-lean-513dc7cc».lean.rows.Row112B32.Original
81	research/tasks/B699-Binomial/runs/20260911-low-index-lean-513dc7cc/lean/rows/Row112/Layers004.lean	research.tasks.«B699-Binomial».runs.«20260911-low-index-lean-513dc7cc».lean.rows.Row112.Layers004	2	research/tasks/B699-Binomial/runs/20260911-low-index-lean-513dc7cc/lean/rows/Row112B32/Original.lean	research.tasks.«B699-Binomial».runs.«20260911-low-index-lean-513dc7cc».lean.rows.Row112B32.Original
82	research/tasks/B699-Binomial/runs/20260911-low-index-lean-513dc7cc/lean/rows/Row112/Layers008.lean	research.tasks.«B699-Binomial».runs.«20260911-low-index-lean-513dc7cc».lean.rows.Row112.Layers008	2	research/tasks/B699-Binomial/runs/20260911-low-index-lean-513dc7cc/lean/rows/Row112B32/Original.lean	research.tasks.«B699-Binomial».runs.«20260911-low-index-lean-513dc7cc».lean.rows.Row112B32.Original
83	research/tasks/B699-Binomial/runs/20260911-low-index-lean-513dc7cc/lean/rows/Row112/Layers012.lean	research.tasks.«B699-Binomial».runs.«20260911-low-index-lean-513dc7cc».lean.rows.Row112.Layers012	2	research/tasks/B699-Binomial/runs/20260911-low-index-lean-513dc7cc/lean/rows/Row112B32/Original.lean	research.tasks.«B699-Binomial».runs.«20260911-low-index-lean-513dc7cc».lean.rows.Row112B32.Original
84	research/tasks/B699-Binomial/runs/20260911-low-index-lean-513dc7cc/lean/rows/Row112/Layers016.lean	research.tasks.«B699-Binomial».runs.«20260911-low-index-lean-513dc7cc».lean.rows.Row112.Layers016	2	research/tasks/B699-Binomial/runs/20260911-low-index-lean-513dc7cc/lean/rows/Row112B32/Original.lean	research.tasks.«B699-Binomial».runs.«20260911-low-index-lean-513dc7cc».lean.rows.Row112B32.Original
85	research/tasks/B699-Binomial/runs/20260911-low-index-lean-513dc7cc/lean/rows/Row112/LayersChecked.lean	research.tasks.«B699-Binomial».runs.«20260911-low-index-lean-513dc7cc».lean.rows.Row112.LayersChecked	2	research/tasks/B699-Binomial/runs/20260911-low-index-lean-513dc7cc/lean/rows/Row112B32/Original.lean	research.tasks.«B699-Binomial».runs.«20260911-low-index-lean-513dc7cc».lean.rows.Row112B32.Original
86	research/tasks/B699-Binomial/runs/20260911-low-index-lean-513dc7cc/lean/rows/Row112/Checked.lean	research.tasks.«B699-Binomial».runs.«20260911-low-index-lean-513dc7cc».lean.rows.Row112.Checked	2	research/tasks/B699-Binomial/runs/20260911-low-index-lean-513dc7cc/lean/rows/Row112B32/Original.lean	research.tasks.«B699-Binomial».runs.«20260911-low-index-lean-513dc7cc».lean.rows.Row112B32.Original
87	research/tasks/B699-Binomial/runs/20260911-low-index-lean-513dc7cc/lean/rows/Row112/Original.lean	research.tasks.«B699-Binomial».runs.«20260911-low-index-lean-513dc7cc».lean.rows.Row112.Original	2	research/tasks/B699-Binomial/runs/20260911-low-index-lean-513dc7cc/lean/rows/Row112B32/Original.lean	research.tasks.«B699-Binomial».runs.«20260911-low-index-lean-513dc7cc».lean.rows.Row112B32.Original
