p 257 h 73 constraints 5554
0 0 1 0
1 0 1 1
2 0 1 2
3 0 1 3
4 0 1 4
5 0 1 5
6 0 1 6
7 0 1 7
8 0 1 8
9 0 1 9
10 0 1 10
11 0 1 11
12 0 1 12
13 0 1 13
14 0 1 14
15 0 1 15
16 0 1 16
17 0 1 17
18 0 1 18
19 0 1 19
20 0 1 20
21 0 1 21
22 0 1 22
23 0 1 23
24 0 1 24
25 0 1 25
26 0 1 26
27 0 1 27
28 0 1 28
29 0 1 29
30 0 1 30
31 0 1 31
32 0 1 32
33 0 1 33
34 0 1 34
35 0 1 35
36 0 1 36
37 0 1 37
38 1 1 2
39 1 1 3
40 1 1 4
41 1 1 5
42 1 1 6
43 1 1 7
44 1 1 8
45 1 1 9
46 1 1 10
47 1 1 11
48 1 1 12
49 1 1 13
50 1 1 14
51 1 1 15
52 1 1 16
53 1 1 17
54 1 1 18
55 1 1 19
56 1 1 20
57 1 1 21
58 1 1 22
59 1 1 23
60 1 1 24
61 1 1 25
62 1 1 26
63 1 1 27
64 1 1 28
65 1 1 29
66 1 1 30
67 1 1 31
68 1 1 32
69 1 1 33
70 1 1 34
71 1 1 35
72 1 1 36
73 1 1 37
74 1 1 38
75 2 1 4
76 2 1 5
77 2 1 6
78 2 1 7
79 2 1 8
80 2 1 9
81 2 1 10
82 2 1 11
83 2 1 12
84 2 1 13
85 2 1 14
86 2 1 15
87 2 1 16
88 2 1 17
89 2 1 18
90 2 1 19
91 2 1 20
92 2 1 21
93 2 1 22
94 2 1 23
95 2 1 24
96 2 1 25
97 2 1 26
98 2 1 27
99 2 1 28
100 2 1 29
101 2 1 30
102 2 1 31
103 2 1 32
104 2 1 33
105 2 1 34
106 2 1 35
107 2 1 36
108 2 1 37
109 2 1 38
110 2 1 39
111 3 1 6
112 3 1 7
113 3 1 8
114 3 1 9
115 3 1 10
116 3 1 11
117 3 1 12
118 3 1 13
119 3 1 14
120 3 1 15
121 3 1 16
122 3 1 17
123 3 1 18
124 3 1 19
125 3 1 20
126 3 1 21
127 3 1 22
128 3 1 23
129 3 1 24
130 3 1 25
131 3 1 26
132 3 1 27
133 3 1 28
134 3 1 29
135 3 1 30
136 3 1 31
137 3 1 32
138 3 1 33
139 3 1 34
140 3 1 35
141 3 1 36
142 3 1 37
143 3 1 38
144 3 1 39
145 3 1 40
146 4 1 8
147 4 1 9
148 4 1 10
149 4 1 11
150 4 1 12
151 4 1 13
152 4 1 14
153 4 1 15
154 4 1 16
155 4 1 17
156 4 1 18
157 4 1 19
158 4 1 20
159 4 1 21
160 4 1 22
161 4 1 23
162 4 1 24
163 4 1 25
164 4 1 26
165 4 1 27
166 4 1 28
167 4 1 29
168 4 1 30
169 4 1 31
170 4 1 32
171 4 1 33
172 4 1 34
173 4 1 35
174 4 1 36
175 4 1 37
176 4 1 38
177 4 1 39
178 4 1 40
179 4 1 41
180 5 1 10
181 5 1 11
182 5 1 12
183 5 1 13
184 5 1 14
185 5 1 15
186 5 1 16
187 5 1 17
188 5 1 18
189 5 1 19
190 5 1 20
191 5 1 21
192 5 1 22
193 5 1 23
194 5 1 24
195 5 1 25
196 5 1 26
197 5 1 27
198 5 1 28
199 5 1 29
200 5 1 30
201 5 1 31
202 5 1 32
203 5 1 33
204 5 1 34
205 5 1 35
206 5 1 36
207 5 1 37
208 5 1 38
209 5 1 39
210 5 1 40
211 5 1 41
212 5 1 42
213 6 1 12
214 6 1 13
215 6 1 14
216 6 1 15
217 6 1 16
218 6 1 17
219 6 1 18
220 6 1 19
221 6 1 20
222 6 1 21
223 6 1 22
224 6 1 23
225 6 1 24
226 6 1 25
227 6 1 26
228 6 1 27
229 6 1 28
230 6 1 29
231 6 1 30
232 6 1 31
233 6 1 32
234 6 1 33
235 6 1 34
236 6 1 35
237 6 1 36
238 6 1 37
239 6 1 38
240 6 1 39
241 6 1 40
242 6 1 41
243 6 1 42
244 6 1 43
245 7 1 14
246 7 1 15
247 7 1 16
248 7 1 17
249 7 1 18
250 7 1 19
251 7 1 20
252 7 1 21
253 7 1 22
254 7 1 23
255 7 1 24
256 7 1 25
257 7 1 26
258 7 1 27
259 7 1 28
260 7 1 29
261 7 1 30
262 7 1 31
263 7 1 32
264 7 1 33
265 7 1 34
266 7 1 35
267 7 1 36
268 7 1 37
269 7 1 38
270 7 1 39
271 7 1 40
272 7 1 41
273 7 1 42
274 7 1 43
275 7 1 44
276 8 1 16
277 8 1 17
278 8 1 18
279 8 1 19
280 8 1 20
281 8 1 21
282 8 1 22
283 8 1 23
284 8 1 24
285 8 1 25
286 8 1 26
287 8 1 27
288 8 1 28
289 8 1 29
290 8 1 30
291 8 1 31
292 8 1 32
293 8 1 33
294 8 1 34
295 8 1 35
296 8 1 36
297 8 1 37
298 8 1 38
299 8 1 39
300 8 1 40
301 8 1 41
302 8 1 42
303 8 1 43
304 8 1 44
305 8 1 45
306 9 1 18
307 9 1 19
308 9 1 20
309 9 1 21
310 9 1 22
311 9 1 23
312 9 1 24
313 9 1 25
314 9 1 26
315 9 1 27
316 9 1 28
317 9 1 29
318 9 1 30
319 9 1 31
320 9 1 32
321 9 1 33
322 9 1 34
323 9 1 35
324 9 1 36
325 9 1 37
326 9 1 38
327 9 1 39
328 9 1 40
329 9 1 41
330 9 1 42
331 9 1 43
332 9 1 44
333 9 1 45
334 9 1 46
335 10 1 20
336 10 1 21
337 10 1 22
338 10 1 23
339 10 1 24
340 10 1 25
341 10 1 26
342 10 1 27
343 10 1 28
344 10 1 29
345 10 1 30
346 10 1 31
347 10 1 32
348 10 1 33
349 10 1 34
350 10 1 35
351 10 1 36
352 10 1 37
353 10 1 38
354 10 1 39
355 10 1 40
356 10 1 41
357 10 1 42
358 10 1 43
359 10 1 44
360 10 1 45
361 10 1 46
362 10 1 47
363 11 1 22
364 11 1 23
365 11 1 24
366 11 1 25
367 11 1 26
368 11 1 27
369 11 1 28
370 11 1 29
371 11 1 30
372 11 1 31
373 11 1 32
374 11 1 33
375 11 1 34
376 11 1 35
377 11 1 36
378 11 1 37
379 11 1 38
380 11 1 39
381 11 1 40
382 11 1 41
383 11 1 42
384 11 1 43
385 11 1 44
386 11 1 45
387 11 1 46
388 11 1 47
389 11 1 48
390 12 1 24
391 12 1 25
392 12 1 26
393 12 1 27
394 12 1 28
395 12 1 29
396 12 1 30
397 12 1 31
398 12 1 32
399 12 1 33
400 12 1 34
401 12 1 35
402 12 1 36
403 12 1 37
404 12 1 38
405 12 1 39
406 12 1 40
407 12 1 41
408 12 1 42
409 12 1 43
410 12 1 44
411 12 1 45
412 12 1 46
413 12 1 47
414 12 1 48
415 12 1 49
416 13 1 26
417 13 1 27
418 13 1 28
419 13 1 29
420 13 1 30
421 13 1 31
422 13 1 32
423 13 1 33
424 13 1 34
425 13 1 35
426 13 1 36
427 13 1 37
428 13 1 38
429 13 1 39
430 13 1 40
431 13 1 41
432 13 1 42
433 13 1 43
434 13 1 44
435 13 1 45
436 13 1 46
437 13 1 47
438 13 1 48
439 13 1 49
440 13 1 50
441 14 1 28
442 14 1 29
443 14 1 30
444 14 1 31
445 14 1 32
446 14 1 33
447 14 1 34
448 14 1 35
449 14 1 36
450 14 1 37
451 14 1 38
452 14 1 39
453 14 1 40
454 14 1 41
455 14 1 42
456 14 1 43
457 14 1 44
458 14 1 45
459 14 1 46
460 14 1 47
461 14 1 48
462 14 1 49
463 14 1 50
464 14 1 51
465 15 1 30
466 15 1 31
467 15 1 32
468 15 1 33
469 15 1 34
470 15 1 35
471 15 1 36
472 15 1 37
473 15 1 38
474 15 1 39
475 15 1 40
476 15 1 41
477 15 1 42
478 15 1 43
479 15 1 44
480 15 1 45
481 15 1 46
482 15 1 47
483 15 1 48
484 15 1 49
485 15 1 50
486 15 1 51
487 15 1 52
488 16 1 32
489 16 1 33
490 16 1 34
491 16 1 35
492 16 1 36
493 16 1 37
494 16 1 38
495 16 1 39
496 16 1 40
497 16 1 41
498 16 1 42
499 16 1 43
500 16 1 44
501 16 1 45
502 16 1 46
503 16 1 47
504 16 1 48
505 16 1 49
506 16 1 50
507 16 1 51
508 16 1 52
509 16 1 53
510 17 1 34
511 17 1 35
512 17 1 36
513 17 1 37
514 17 1 38
515 17 1 39
516 17 1 40
517 17 1 41
518 17 1 42
519 17 1 43
520 17 1 44
521 17 1 45
522 17 1 46
523 17 1 47
524 17 1 48
525 17 1 49
526 17 1 50
527 17 1 51
528 17 1 52
529 17 1 53
530 17 1 54
531 18 1 36
532 18 1 37
533 18 1 38
534 18 1 39
535 18 1 40
536 18 1 41
537 18 1 42
538 18 1 43
539 18 1 44
540 18 1 45
541 18 1 46
542 18 1 47
543 18 1 48
544 18 1 49
545 18 1 50
546 18 1 51
547 18 1 52
548 18 1 53
549 18 1 54
550 18 1 55
551 19 1 38
552 19 1 39
553 19 1 40
554 19 1 41
555 19 1 42
556 19 1 43
557 19 1 44
558 19 1 45
559 19 1 46
560 19 1 47
561 19 1 48
562 19 1 49
563 19 1 50
564 19 1 51
565 19 1 52
566 19 1 53
567 19 1 54
568 19 1 55
569 19 1 56
570 20 1 40
571 20 1 41
572 20 1 42
573 20 1 43
574 20 1 44
575 20 1 45
576 20 1 46
577 20 1 47
578 20 1 48
579 20 1 49
580 20 1 50
581 20 1 51
582 20 1 52
583 20 1 53
584 20 1 54
585 20 1 55
586 20 1 56
587 20 1 57
588 21 1 42
589 21 1 43
590 21 1 44
591 21 1 45
592 21 1 46
593 21 1 47
594 21 1 48
595 21 1 49
596 21 1 50
597 21 1 51
598 21 1 52
599 21 1 53
600 21 1 54
601 21 1 55
602 21 1 56
603 21 1 57
604 21 1 58
605 22 1 44
606 22 1 45
607 22 1 46
608 22 1 47
609 22 1 48
610 22 1 49
611 22 1 50
612 22 1 51
613 22 1 52
614 22 1 53
615 22 1 54
616 22 1 55
617 22 1 56
618 22 1 57
619 22 1 58
620 22 1 59
621 23 1 46
622 23 1 47
623 23 1 48
624 23 1 49
625 23 1 50
626 23 1 51
627 23 1 52
628 23 1 53
629 23 1 54
630 23 1 55
631 23 1 56
632 23 1 57
633 23 1 58
634 23 1 59
635 23 1 60
636 24 1 48
637 24 1 49
638 24 1 50
639 24 1 51
640 24 1 52
641 24 1 53
642 24 1 54
643 24 1 55
644 24 1 56
645 24 1 57
646 24 1 58
647 24 1 59
648 24 1 60
649 24 1 61
650 25 1 50
651 25 1 51
652 25 1 52
653 25 1 53
654 25 1 54
655 25 1 55
656 25 1 56
657 25 1 57
658 25 1 58
659 25 1 59
660 25 1 60
661 25 1 61
662 25 1 62
663 26 1 52
664 26 1 53
665 26 1 54
666 26 1 55
667 26 1 56
668 26 1 57
669 26 1 58
670 26 1 59
671 26 1 60
672 26 1 61
673 26 1 62
674 26 1 63
675 27 1 54
676 27 1 55
677 27 1 56
678 27 1 57
679 27 1 58
680 27 1 59
681 27 1 60
682 27 1 61
683 27 1 62
684 27 1 63
685 27 1 64
686 28 1 56
687 28 1 57
688 28 1 58
689 28 1 59
690 28 1 60
691 28 1 61
692 28 1 62
693 28 1 63
694 28 1 64
695 28 1 65
696 29 1 58
697 29 1 59
698 29 1 60
699 29 1 61
700 29 1 62
701 29 1 63
702 29 1 64
703 29 1 65
704 29 1 66
705 30 1 60
706 30 1 61
707 30 1 62
708 30 1 63
709 30 1 64
710 30 1 65
711 30 1 66
712 30 1 67
713 31 1 62
714 31 1 63
715 31 1 64
716 31 1 65
717 31 1 66
718 31 1 67
719 31 1 68
720 32 1 64
721 32 1 65
722 32 1 66
723 32 1 67
724 32 1 68
725 32 1 69
726 33 1 66
727 33 1 67
728 33 1 68
729 33 1 69
730 33 1 70
731 34 1 68
732 34 1 69
733 34 1 70
734 34 1 71
735 35 1 70
736 35 1 71
737 35 1 72
738 36 1 72
739 36 1 73
740 37 1 74
741 38 64 76
742 37 32 75
743 36 16 74
744 35 8 73
745 34 4 72
746 33 2 71
747 32 1 70
748 31 129 69
749 30 193 68
750 29 225 67
751 28 241 66
752 27 249 65
753 26 253 64
754 25 255 63
755 24 256 62
756 23 128 61
757 22 64 60
758 21 32 59
759 20 16 58
760 19 8 57
761 18 4 56
762 17 2 55
763 16 1 54
764 15 129 53
765 14 193 52
766 13 225 51
767 12 241 50
768 11 249 49
769 10 253 48
770 9 255 47
771 8 256 46
772 7 128 45
773 6 64 44
774 5 32 43
775 4 16 42
776 39 64 78
777 38 32 77
778 37 16 76
779 36 8 75
780 35 4 74
781 34 2 73
782 33 1 72
783 32 129 71
784 31 193 70
785 30 225 69
786 29 241 68
787 28 249 67
788 27 253 66
789 26 255 65
790 25 256 64
791 24 128 63
792 23 64 62
793 22 32 61
794 21 16 60
795 20 8 59
796 19 4 58
797 18 2 57
798 17 1 56
799 16 129 55
800 15 193 54
801 14 225 53
802 13 241 52
803 12 249 51
804 11 253 50
805 10 255 49
806 9 256 48
807 8 128 47
808 7 64 46
809 6 32 45
810 40 64 80
811 39 32 79
812 38 16 78
813 37 8 77
814 36 4 76
815 35 2 75
816 34 1 74
817 33 129 73
818 32 193 72
819 31 225 71
820 30 241 70
821 29 249 69
822 28 253 68
823 27 255 67
824 26 256 66
825 25 128 65
826 24 64 64
827 23 32 63
828 22 16 62
829 21 8 61
830 20 4 60
831 19 2 59
832 18 1 58
833 17 129 57
834 16 193 56
835 15 225 55
836 14 241 54
837 13 249 53
838 12 253 52
839 11 255 51
840 10 256 50
841 9 128 49
842 8 64 48
843 41 64 82
844 40 32 81
845 39 16 80
846 38 8 79
847 37 4 78
848 36 2 77
849 35 1 76
850 34 129 75
851 33 193 74
852 32 225 73
853 31 241 72
854 30 249 71
855 29 253 70
856 28 255 69
857 27 256 68
858 26 128 67
859 25 64 66
860 24 32 65
861 23 16 64
862 22 8 63
863 21 4 62
864 20 2 61
865 19 1 60
866 18 129 59
867 17 193 58
868 16 225 57
869 15 241 56
870 14 249 55
871 13 253 54
872 12 255 53
873 11 256 52
874 10 128 51
875 42 64 84
876 41 32 83
877 40 16 82
878 39 8 81
879 38 4 80
880 37 2 79
881 36 1 78
882 35 129 77
883 34 193 76
884 33 225 75
885 32 241 74
886 31 249 73
887 30 253 72
888 29 255 71
889 28 256 70
890 27 128 69
891 26 64 68
892 25 32 67
893 24 16 66
894 23 8 65
895 22 4 64
896 21 2 63
897 20 1 62
898 19 129 61
899 18 193 60
900 17 225 59
901 16 241 58
902 15 249 57
903 14 253 56
904 13 255 55
905 12 256 54
906 43 64 86
907 42 32 85
908 41 16 84
909 40 8 83
910 39 4 82
911 38 2 81
912 37 1 80
913 36 129 79
914 35 193 78
915 34 225 77
916 33 241 76
917 32 249 75
918 31 253 74
919 30 255 73
920 29 256 72
921 28 128 71
922 27 64 70
923 26 32 69
924 25 16 68
925 24 8 67
926 23 4 66
927 22 2 65
928 21 1 64
929 20 129 63
930 19 193 62
931 18 225 61
932 17 241 60
933 16 249 59
934 15 253 58
935 14 255 57
936 44 64 88
937 43 32 87
938 42 16 86
939 41 8 85
940 40 4 84
941 39 2 83
942 38 1 82
943 37 129 81
944 36 193 80
945 35 225 79
946 34 241 78
947 33 249 77
948 32 253 76
949 31 255 75
950 30 256 74
951 29 128 73
952 28 64 72
953 27 32 71
954 26 16 70
955 25 8 69
956 24 4 68
957 23 2 67
958 22 1 66
959 21 129 65
960 20 193 64
961 19 225 63
962 18 241 62
963 17 249 61
964 16 253 60
965 45 64 90
966 44 32 89
967 43 16 88
968 42 8 87
969 41 4 86
970 40 2 85
971 39 1 84
972 38 129 83
973 37 193 82
974 36 225 81
975 35 241 80
976 34 249 79
977 33 253 78
978 32 255 77
979 31 256 76
980 30 128 75
981 29 64 74
982 28 32 73
983 27 16 72
984 26 8 71
985 25 4 70
986 24 2 69
987 23 1 68
988 22 129 67
989 21 193 66
990 20 225 65
991 19 241 64
992 18 249 63
993 46 64 92
994 45 32 91
995 44 16 90
996 43 8 89
997 42 4 88
998 41 2 87
999 40 1 86
1000 39 129 85
1001 38 193 84
1002 37 225 83
1003 36 241 82
1004 35 249 81
1005 34 253 80
1006 33 255 79
1007 32 256 78
1008 31 128 77
1009 30 64 76
1010 29 32 75
1011 28 16 74
1012 27 8 73
1013 26 4 72
1014 25 2 71
1015 24 1 70
1016 23 129 69
1017 22 193 68
1018 21 225 67
1019 20 241 66
1020 47 64 94
1021 46 32 93
1022 45 16 92
1023 44 8 91
1024 43 4 90
1025 42 2 89
1026 41 1 88
1027 40 129 87
1028 39 193 86
1029 38 225 85
1030 37 241 84
1031 36 249 83
1032 35 253 82
1033 34 255 81
1034 33 256 80
1035 32 128 79
1036 31 64 78
1037 30 32 77
1038 29 16 76
1039 28 8 75
1040 27 4 74
1041 26 2 73
1042 25 1 72
1043 24 129 71
1044 23 193 70
1045 22 225 69
1046 48 64 96
1047 47 32 95
1048 46 16 94
1049 45 8 93
1050 44 4 92
1051 43 2 91
1052 42 1 90
1053 41 129 89
1054 40 193 88
1055 39 225 87
1056 38 241 86
1057 37 249 85
1058 36 253 84
1059 35 255 83
1060 34 256 82
1061 33 128 81
1062 32 64 80
1063 31 32 79
1064 30 16 78
1065 29 8 77
1066 28 4 76
1067 27 2 75
1068 26 1 74
1069 25 129 73
1070 24 193 72
1071 49 64 98
1072 48 32 97
1073 47 16 96
1074 46 8 95
1075 45 4 94
1076 44 2 93
1077 43 1 92
1078 42 129 91
1079 41 193 90
1080 40 225 89
1081 39 241 88
1082 38 249 87
1083 37 253 86
1084 36 255 85
1085 35 256 84
1086 34 128 83
1087 33 64 82
1088 32 32 81
1089 31 16 80
1090 30 8 79
1091 29 4 78
1092 28 2 77
1093 27 1 76
1094 26 129 75
1095 50 64 100
1096 49 32 99
1097 48 16 98
1098 47 8 97
1099 46 4 96
1100 45 2 95
1101 44 1 94
1102 43 129 93
1103 42 193 92
1104 41 225 91
1105 40 241 90
1106 39 249 89
1107 38 253 88
1108 37 255 87
1109 36 256 86
1110 35 128 85
1111 34 64 84
1112 33 32 83
1113 32 16 82
1114 31 8 81
1115 30 4 80
1116 29 2 79
1117 28 1 78
1118 51 64 102
1119 50 32 101
1120 49 16 100
1121 48 8 99
1122 47 4 98
1123 46 2 97
1124 45 1 96
1125 44 129 95
1126 43 193 94
1127 42 225 93
1128 41 241 92
1129 40 249 91
1130 39 253 90
1131 38 255 89
1132 37 256 88
1133 36 128 87
1134 35 64 86
1135 34 32 85
1136 33 16 84
1137 32 8 83
1138 31 4 82
1139 30 2 81
1140 52 64 104
1141 51 32 103
1142 50 16 102
1143 49 8 101
1144 48 4 100
1145 47 2 99
1146 46 1 98
1147 45 129 97
1148 44 193 96
1149 43 225 95
1150 42 241 94
1151 41 249 93
1152 40 253 92
1153 39 255 91
1154 38 256 90
1155 37 128 89
1156 36 64 88
1157 35 32 87
1158 34 16 86
1159 33 8 85
1160 32 4 84
1161 53 64 106
1162 52 32 105
1163 51 16 104
1164 50 8 103
1165 49 4 102
1166 48 2 101
1167 47 1 100
1168 46 129 99
1169 45 193 98
1170 44 225 97
1171 43 241 96
1172 42 249 95
1173 41 253 94
1174 40 255 93
1175 39 256 92
1176 38 128 91
1177 37 64 90
1178 36 32 89
1179 35 16 88
1180 34 8 87
1181 54 64 108
1182 53 32 107
1183 52 16 106
1184 51 8 105
1185 50 4 104
1186 49 2 103
1187 48 1 102
1188 47 129 101
1189 46 193 100
1190 45 225 99
1191 44 241 98
1192 43 249 97
1193 42 253 96
1194 41 255 95
1195 40 256 94
1196 39 128 93
1197 38 64 92
1198 37 32 91
1199 36 16 90
1200 55 64 110
1201 54 32 109
1202 53 16 108
1203 52 8 107
1204 51 4 106
1205 50 2 105
1206 49 1 104
1207 48 129 103
1208 47 193 102
1209 46 225 101
1210 45 241 100
1211 44 249 99
1212 43 253 98
1213 42 255 97
1214 41 256 96
1215 40 128 95
1216 39 64 94
1217 38 32 93
1218 56 64 112
1219 55 32 111
1220 54 16 110
1221 53 8 109
1222 52 4 108
1223 51 2 107
1224 50 1 106
1225 49 129 105
1226 48 193 104
1227 47 225 103
1228 46 241 102
1229 45 249 101
1230 44 253 100
1231 43 255 99
1232 42 256 98
1233 41 128 97
1234 40 64 96
1235 57 64 114
1236 56 32 113
1237 55 16 112
1238 54 8 111
1239 53 4 110
1240 52 2 109
1241 51 1 108
1242 50 129 107
1243 49 193 106
1244 48 225 105
1245 47 241 104
1246 46 249 103
1247 45 253 102
1248 44 255 101
1249 43 256 100
1250 42 128 99
1251 58 64 116
1252 57 32 115
1253 56 16 114
1254 55 8 113
1255 54 4 112
1256 53 2 111
1257 52 1 110
1258 51 129 109
1259 50 193 108
1260 49 225 107
1261 48 241 106
1262 47 249 105
1263 46 253 104
1264 45 255 103
1265 44 256 102
1266 59 64 118
1267 58 32 117
1268 57 16 116
1269 56 8 115
1270 55 4 114
1271 54 2 113
1272 53 1 112
1273 52 129 111
1274 51 193 110
1275 50 225 109
1276 49 241 108
1277 48 249 107
1278 47 253 106
1279 46 255 105
1280 60 64 120
1281 59 32 119
1282 58 16 118
1283 57 8 117
1284 56 4 116
1285 55 2 115
1286 54 1 114
1287 53 129 113
1288 52 193 112
1289 51 225 111
1290 50 241 110
1291 49 249 109
1292 48 253 108
1293 61 64 122
1294 60 32 121
1295 59 16 120
1296 58 8 119
1297 57 4 118
1298 56 2 117
1299 55 1 116
1300 54 129 115
1301 53 193 114
1302 52 225 113
1303 51 241 112
1304 50 249 111
1305 62 64 124
1306 61 32 123
1307 60 16 122
1308 59 8 121
1309 58 4 120
1310 57 2 119
1311 56 1 118
1312 55 129 117
1313 54 193 116
1314 53 225 115
1315 52 241 114
1316 63 64 126
1317 62 32 125
1318 61 16 124
1319 60 8 123
1320 59 4 122
1321 58 2 121
1322 57 1 120
1323 56 129 119
1324 55 193 118
1325 54 225 117
1326 64 64 128
1327 63 32 127
1328 62 16 126
1329 61 8 125
1330 60 4 124
1331 59 2 123
1332 58 1 122
1333 57 129 121
1334 56 193 120
1335 65 64 130
1336 64 32 129
1337 63 16 128
1338 62 8 127
1339 61 4 126
1340 60 2 125
1341 59 1 124
1342 58 129 123
1343 66 64 132
1344 65 32 131
1345 64 16 130
1346 63 8 129
1347 62 4 128
1348 61 2 127
1349 60 1 126
1350 67 64 134
1351 66 32 133
1352 65 16 132
1353 64 8 131
1354 63 4 130
1355 62 2 129
1356 68 64 136
1357 67 32 135
1358 66 16 134
1359 65 8 133
1360 64 4 132
1361 69 64 138
1362 68 32 137
1363 67 16 136
1364 66 8 135
1365 70 64 140
1366 69 32 139
1367 68 16 138
1368 71 64 142
1369 70 32 141
1370 72 64 144
1371 0 1 38
1372 0 1 39
1373 0 1 40
1374 0 1 41
1375 0 1 42
1376 0 1 43
1377 0 1 44
1378 0 1 45
1379 0 1 46
1380 0 1 47
1381 0 1 48
1382 0 1 49
1383 0 1 50
1384 0 1 51
1385 0 1 52
1386 0 1 53
1387 0 1 54
1388 0 1 55
1389 0 1 56
1390 0 1 57
1391 0 1 58
1392 0 1 59
1393 0 1 60
1394 0 1 61
1395 0 1 62
1396 0 1 63
1397 0 1 64
1398 0 1 65
1399 0 1 66
1400 0 1 67
1401 0 1 68
1402 0 1 69
1403 0 1 70
1404 0 1 71
1405 0 1 72
1406 1 1 39
1407 1 1 40
1408 1 1 41
1409 1 1 42
1410 1 1 43
1411 1 1 44
1412 1 1 45
1413 1 1 46
1414 1 1 47
1415 1 1 48
1416 1 1 49
1417 1 1 50
1418 1 1 51
1419 1 1 52
1420 1 1 53
1421 1 1 54
1422 1 1 55
1423 1 1 56
1424 1 1 57
1425 1 1 58
1426 1 1 59
1427 1 1 60
1428 1 1 61
1429 1 1 62
1430 1 1 63
1431 1 1 64
1432 1 1 65
1433 1 1 66
1434 1 1 67
1435 1 1 68
1436 1 1 69
1437 1 1 70
1438 1 1 71
1439 1 1 72
1440 2 1 40
1441 2 1 41
1442 2 1 42
1443 2 1 43
1444 2 1 44
1445 2 1 45
1446 2 1 46
1447 2 1 47
1448 2 1 48
1449 2 1 49
1450 2 1 50
1451 2 1 51
1452 2 1 52
1453 2 1 53
1454 2 1 54
1455 2 1 55
1456 2 1 56
1457 2 1 57
1458 2 1 58
1459 2 1 59
1460 2 1 60
1461 2 1 61
1462 2 1 62
1463 2 1 63
1464 2 1 64
1465 2 1 65
1466 2 1 66
1467 2 1 67
1468 2 1 68
1469 2 1 69
1470 2 1 70
1471 2 1 71
1472 2 1 72
1473 3 1 41
1474 3 1 42
1475 3 1 43
1476 3 1 44
1477 3 1 45
1478 3 1 46
1479 3 1 47
1480 3 1 48
1481 3 1 49
1482 3 1 50
1483 3 1 51
1484 3 1 52
1485 3 1 53
1486 3 1 54
1487 3 1 55
1488 3 1 56
1489 3 1 57
1490 3 1 58
1491 3 1 59
1492 3 1 60
1493 3 1 61
1494 3 1 62
1495 3 1 63
1496 3 1 64
1497 3 1 65
1498 3 1 66
1499 3 1 67
1500 3 1 68
1501 3 1 69
1502 3 1 70
1503 3 1 71
1504 3 1 72
1505 4 1 43
1506 4 1 44
1507 5 255 44
1508 4 1 45
1509 4 1 46
1510 4 1 47
1511 4 1 48
1512 4 1 49
1513 4 1 50
1514 4 1 51
1515 4 1 52
1516 4 1 53
1517 4 1 54
1518 4 1 55
1519 4 1 56
1520 4 1 57
1521 4 1 58
1522 4 1 59
1523 4 1 60
1524 4 1 61
1525 4 1 62
1526 4 1 63
1527 4 1 64
1528 4 1 65
1529 4 1 66
1530 4 1 67
1531 4 1 68
1532 4 1 69
1533 4 1 70
1534 4 1 71
1535 4 1 72
1536 5 1 45
1537 5 1 46
1538 6 255 46
1539 5 1 47
1540 7 4 47
1541 5 1 48
1542 5 1 49
1543 5 1 50
1544 5 1 51
1545 5 1 52
1546 5 1 53
1547 5 1 54
1548 5 1 55
1549 5 1 56
1550 5 1 57
1551 5 1 58
1552 5 1 59
1553 5 1 60
1554 5 1 61
1555 5 1 62
1556 5 1 63
1557 5 1 64
1558 5 1 65
1559 5 1 66
1560 5 1 67
1561 5 1 68
1562 5 1 69
1563 5 1 70
1564 5 1 71
1565 5 1 72
1566 6 1 47
1567 6 1 48
1568 7 255 48
1569 6 1 49
1570 8 4 49
1571 6 1 50
1572 9 249 50
1573 6 1 51
1574 6 1 52
1575 6 1 53
1576 6 1 54
1577 6 1 55
1578 6 1 56
1579 6 1 57
1580 6 1 58
1581 6 1 59
1582 6 1 60
1583 6 1 61
1584 6 1 62
1585 6 1 63
1586 6 1 64
1587 6 1 65
1588 6 1 66
1589 6 1 67
1590 6 1 68
1591 6 1 69
1592 6 1 70
1593 6 1 71
1594 6 1 72
1595 7 1 49
1596 7 1 50
1597 8 255 50
1598 7 1 51
1599 9 4 51
1600 7 1 52
1601 10 249 52
1602 7 1 53
1603 11 16 53
1604 7 1 54
1605 7 1 55
1606 7 1 56
1607 7 1 57
1608 7 1 58
1609 7 1 59
1610 7 1 60
1611 7 1 61
1612 7 1 62
1613 7 1 63
1614 7 1 64
1615 7 1 65
1616 7 1 66
1617 7 1 67
1618 7 1 68
1619 7 1 69
1620 7 1 70
1621 7 1 71
1622 7 1 72
1623 8 1 51
1624 8 1 52
1625 9 255 52
1626 8 1 53
1627 10 4 53
1628 8 1 54
1629 11 249 54
1630 8 1 55
1631 12 16 55
1632 8 1 56
1633 13 225 56
1634 8 1 57
1635 8 1 58
1636 8 1 59
1637 8 1 60
1638 8 1 61
1639 8 1 62
1640 8 1 63
1641 8 1 64
1642 8 1 65
1643 8 1 66
1644 8 1 67
1645 8 1 68
1646 8 1 69
1647 8 1 70
1648 8 1 71
1649 8 1 72
1650 9 1 53
1651 9 1 54
1652 10 255 54
1653 9 1 55
1654 11 4 55
1655 9 1 56
1656 12 249 56
1657 9 1 57
1658 13 16 57
1659 9 1 58
1660 14 225 58
1661 9 1 59
1662 15 64 59
1663 9 1 60
1664 9 1 61
1665 9 1 62
1666 9 1 63
1667 9 1 64
1668 9 1 65
1669 9 1 66
1670 9 1 67
1671 9 1 68
1672 9 1 69
1673 9 1 70
1674 9 1 71
1675 9 1 72
1676 10 1 55
1677 10 1 56
1678 11 255 56
1679 10 1 57
1680 12 4 57
1681 10 1 58
1682 13 249 58
1683 10 1 59
1684 14 16 59
1685 10 1 60
1686 15 225 60
1687 10 1 61
1688 16 64 61
1689 10 1 62
1690 17 129 62
1691 10 1 63
1692 10 1 64
1693 10 1 65
1694 10 1 66
1695 10 1 67
1696 10 1 68
1697 10 1 69
1698 10 1 70
1699 10 1 71
1700 10 1 72
1701 11 1 57
1702 11 1 58
1703 12 255 58
1704 11 1 59
1705 13 4 59
1706 11 1 60
1707 14 249 60
1708 11 1 61
1709 15 16 61
1710 11 1 62
1711 16 225 62
1712 11 1 63
1713 17 64 63
1714 11 1 64
1715 18 129 64
1716 11 1 65
1717 19 256 65
1718 11 1 66
1719 11 1 67
1720 11 1 68
1721 11 1 69
1722 11 1 70
1723 11 1 71
1724 11 1 72
1725 12 1 59
1726 12 1 60
1727 13 255 60
1728 12 1 61
1729 14 4 61
1730 12 1 62
1731 15 249 62
1732 12 1 63
1733 16 16 63
1734 12 1 64
1735 17 225 64
1736 12 1 65
1737 18 64 65
1738 12 1 66
1739 19 129 66
1740 12 1 67
1741 20 256 67
1742 12 1 68
1743 21 2 68
1744 12 1 69
1745 12 1 70
1746 12 1 71
1747 12 1 72
1748 13 1 61
1749 13 1 62
1750 14 255 62
1751 13 1 63
1752 15 4 63
1753 13 1 64
1754 16 249 64
1755 13 1 65
1756 17 16 65
1757 13 1 66
1758 18 225 66
1759 13 1 67
1760 19 64 67
1761 13 1 68
1762 20 129 68
1763 13 1 69
1764 21 256 69
1765 13 1 70
1766 22 2 70
1767 13 1 71
1768 23 253 71
1769 13 1 72
1770 14 1 63
1771 14 1 64
1772 15 255 64
1773 14 1 65
1774 16 4 65
1775 14 1 66
1776 17 249 66
1777 14 1 67
1778 18 16 67
1779 14 1 68
1780 19 225 68
1781 14 1 69
1782 20 64 69
1783 14 1 70
1784 21 129 70
1785 14 1 71
1786 22 256 71
1787 14 1 72
1788 23 2 72
1789 13 5 73
1790 14 1 73
1791 15 1 65
1792 15 1 66
1793 16 255 66
1794 15 1 67
1795 17 4 67
1796 15 1 68
1797 18 249 68
1798 15 1 69
1799 19 16 69
1800 15 1 70
1801 20 225 70
1802 15 1 71
1803 21 64 71
1804 15 1 72
1805 22 129 72
1806 11 117 73
1807 12 117 73
1808 15 1 73
1809 24 11 73
1810 15 1 74
1811 16 1 67
1812 16 1 68
1813 17 255 68
1814 16 1 69
1815 18 4 69
1816 16 1 70
1817 19 249 70
1818 16 1 71
1819 20 16 71
1820 16 1 72
1821 21 225 72
1822 9 215 73
1823 10 159 73
1824 16 1 73
1825 23 104 73
1826 13 68 74
1827 14 68 74
1828 16 1 74
1829 25 110 74
1830 17 1 69
1831 17 1 70
1832 18 255 70
1833 17 1 71
1834 19 4 71
1835 17 1 72
1836 20 249 72
1837 7 57 73
1838 8 28 73
1839 17 1 73
1840 22 205 73
1841 11 250 74
1842 12 155 74
1843 17 1 74
1844 24 29 74
1845 15 130 75
1846 16 130 75
1847 17 1 75
1848 18 1 71
1849 18 1 72
1850 19 255 72
1851 5 112 73
1852 6 171 73
1853 18 1 73
1854 21 130 73
1855 9 246 74
1856 10 202 74
1857 18 1 74
1858 23 21 74
1859 13 161 75
1860 14 33 75
1861 18 1 75
1862 25 11 75
1863 17 1 76
1864 18 1 76
1865 4 2 73
1866 19 1 73
1867 20 108 73
1868 7 16 74
1869 8 208 74
1870 19 1 74
1871 22 169 74
1872 11 82 75
1873 12 153 75
1874 19 1 75
1875 24 167 75
1876 15 148 76
1877 16 174 76
1878 19 1 76
1879 26 178 76
1880 19 1 77
1881 6 223 74
1882 20 1 74
1883 21 57 74
1884 9 84 75
1885 10 64 75
1886 20 1 75
1887 23 54 75
1888 13 255 76
1889 14 247 76
1890 20 1 76
1891 25 77 76
1892 17 103 77
1893 18 69 77
1894 20 1 77
1895 27 139 77
1896 8 27 75
1897 21 1 75
1898 22 126 75
1899 11 42 76
1900 12 32 76
1901 21 1 76
1902 24 10 76
1903 15 204 77
1904 16 249 77
1905 21 1 77
1906 26 109 77
1907 19 193 78
1908 20 22 78
1909 21 1 78
1910 10 52 76
1911 22 1 76
1912 23 44 76
1913 13 124 77
1914 14 70 77
1915 22 1 77
1916 25 51 77
1917 17 141 78
1918 18 191 78
1919 22 1 78
1920 27 205 78
1921 21 184 79
1922 22 1 79
1923 12 206 77
1924 23 1 77
1925 24 254 77
1926 15 124 78
1927 16 70 78
1928 23 1 78
1929 26 205 78
1930 19 83 79
1931 20 158 79
1932 23 1 79
1933 28 75 79
1934 23 1 80
1935 14 234 78
1936 24 1 78
1937 25 168 78
1938 17 251 79
1939 18 179 79
1940 24 1 79
1941 27 71 79
1942 21 166 80
1943 22 59 80
1944 24 1 80
1945 29 193 80
1946 16 178 79
1947 25 1 79
1948 26 189 79
1949 19 118 80
1950 20 249 80
1951 25 1 80
1952 28 60 80
1953 23 100 81
1954 24 243 81
1955 25 1 81
1956 18 77 80
1957 26 1 80
1958 27 216 80
1959 21 233 81
1960 22 202 81
1961 26 1 81
1962 29 120 81
1963 25 103 82
1964 26 1 82
1965 20 154 81
1966 27 1 81
1967 28 252 81
1968 23 185 82
1969 24 92 82
1970 27 1 82
1971 30 43 82
1972 27 1 83
1973 22 139 82
1974 28 1 82
1975 29 251 82
1976 25 226 83
1977 26 111 83
1978 28 1 83
1979 31 172 83
1980 24 35 83
1981 29 1 83
1982 30 121 83
1983 27 215 84
1984 28 225 84
1985 29 1 84
1986 26 154 84
1987 30 1 84
1988 31 247 84
1989 29 178 85
1990 30 1 85
1991 28 153 85
1992 31 1 85
1993 32 242 85
1994 31 1 86
1995 30 41 86
1996 32 1 86
1997 33 227 86
1998 32 60 87
1999 33 1 87
2000 34 1 88
2001 35 186 89
2002 34 62 89
2003 33 192 88
2004 32 64 88
2005 31 107 87
2006 30 207 87
2007 29 69 86
2008 28 23 86
2009 27 179 85
2010 26 231 85
2011 25 77 84
2012 24 197 84
2013 23 237 83
2014 22 79 83
2015 21 112 82
2016 20 123 82
2017 19 41 81
2018 18 185 81
2019 17 233 80
2020 16 249 80
2021 15 83 79
2022 14 199 79
2023 13 152 78
2024 12 222 78
2025 11 74 77
2026 36 186 91
2027 35 62 90
2028 34 192 90
2029 33 64 89
2030 32 107 89
2031 31 207 88
2032 30 69 88
2033 29 23 87
2034 28 179 87
2035 27 231 86
2036 26 77 86
2037 25 197 85
2038 24 237 85
2039 23 79 84
2040 22 112 84
2041 21 123 83
2042 20 41 83
2043 19 185 82
2044 18 233 82
2045 17 249 81
2046 16 83 81
2047 15 199 80
2048 14 152 80
2049 13 222 79
2050 37 186 92
2051 36 62 92
2052 35 192 91
2053 34 64 91
2054 33 107 90
2055 32 207 90
2056 31 69 89
2057 30 23 89
2058 29 179 88
2059 28 231 88
2060 27 77 87
2061 26 197 87
2062 25 237 86
2063 24 79 86
2064 23 112 85
2065 22 123 85
2066 21 41 84
2067 20 185 84
2068 19 233 83
2069 18 249 83
2070 17 83 82
2071 16 199 82
2072 15 152 81
2073 38 186 94
2074 37 62 93
2075 36 192 93
2076 35 64 92
2077 34 107 92
2078 33 207 91
2079 32 69 91
2080 31 23 90
2081 30 179 90
2082 29 231 89
2083 28 77 89
2084 27 197 88
2085 26 237 88
2086 25 79 87
2087 24 112 87
2088 23 123 86
2089 22 41 86
2090 21 185 85
2091 20 233 85
2092 19 249 84
2093 18 83 84
2094 17 199 83
2095 39 186 95
2096 38 62 95
2097 37 192 94
2098 36 64 94
2099 35 107 93
2100 34 207 93
2101 33 69 92
2102 32 23 92
2103 31 179 91
2104 30 231 91
2105 29 77 90
2106 28 197 90
2107 27 237 89
2108 26 79 89
2109 25 112 88
2110 24 123 88
2111 23 41 87
2112 22 185 87
2113 21 233 86
2114 20 249 86
2115 19 83 85
2116 40 186 97
2117 39 62 96
2118 38 192 96
2119 37 64 95
2120 36 107 95
2121 35 207 94
2122 34 69 94
2123 33 23 93
2124 32 179 93
2125 31 231 92
2126 30 77 92
2127 29 197 91
2128 28 237 91
2129 27 79 90
2130 26 112 90
2131 25 123 89
2132 24 41 89
2133 23 185 88
2134 22 233 88
2135 21 249 87
2136 41 186 98
2137 40 62 98
2138 39 192 97
2139 38 64 97
2140 37 107 96
2141 36 207 96
2142 35 69 95
2143 34 23 95
2144 33 179 94
2145 32 231 94
2146 31 77 93
2147 30 197 93
2148 29 237 92
2149 28 79 92
2150 27 112 91
2151 26 123 91
2152 25 41 90
2153 24 185 90
2154 23 233 89
2155 42 186 100
2156 41 62 99
2157 40 192 99
2158 39 64 98
2159 38 107 98
2160 37 207 97
2161 36 69 97
2162 35 23 96
2163 34 179 96
2164 33 231 95
2165 32 77 95
2166 31 197 94
2167 30 237 94
2168 29 79 93
2169 28 112 93
2170 27 123 92
2171 26 41 92
2172 25 185 91
2173 43 186 101
2174 42 62 101
2175 41 192 100
2176 40 64 100
2177 39 107 99
2178 38 207 99
2179 37 69 98
2180 36 23 98
2181 35 179 97
2182 34 231 97
2183 33 77 96
2184 32 197 96
2185 31 237 95
2186 30 79 95
2187 29 112 94
2188 28 123 94
2189 27 41 93
2190 44 186 103
2191 43 62 102
2192 42 192 102
2193 41 64 101
2194 40 107 101
2195 39 207 100
2196 38 69 100
2197 37 23 99
2198 36 179 99
2199 35 231 98
2200 34 77 98
2201 33 197 97
2202 32 237 97
2203 31 79 96
2204 30 112 96
2205 29 123 95
2206 45 186 104
2207 44 62 104
2208 43 192 103
2209 42 64 103
2210 41 107 102
2211 40 207 102
2212 39 69 101
2213 38 23 101
2214 37 179 100
2215 36 231 100
2216 35 77 99
2217 34 197 99
2218 33 237 98
2219 32 79 98
2220 31 112 97
2221 46 186 106
2222 45 62 105
2223 44 192 105
2224 43 64 104
2225 42 107 104
2226 41 207 103
2227 40 69 103
2228 39 23 102
2229 38 179 102
2230 37 231 101
2231 36 77 101
2232 35 197 100
2233 34 237 100
2234 33 79 99
2235 47 186 107
2236 46 62 107
2237 45 192 106
2238 44 64 106
2239 43 107 105
2240 42 207 105
2241 41 69 104
2242 40 23 104
2243 39 179 103
2244 38 231 103
2245 37 77 102
2246 36 197 102
2247 35 237 101
2248 48 186 109
2249 47 62 108
2250 46 192 108
2251 45 64 107
2252 44 107 107
2253 43 207 106
2254 42 69 106
2255 41 23 105
2256 40 179 105
2257 39 231 104
2258 38 77 104
2259 37 197 103
2260 49 186 110
2261 48 62 110
2262 47 192 109
2263 46 64 109
2264 45 107 108
2265 44 207 108
2266 43 69 107
2267 42 23 107
2268 41 179 106
2269 40 231 106
2270 39 77 105
2271 50 186 112
2272 49 62 111
2273 48 192 111
2274 47 64 110
2275 46 107 110
2276 45 207 109
2277 44 69 109
2278 43 23 108
2279 42 179 108
2280 41 231 107
2281 51 186 113
2282 50 62 113
2283 49 192 112
2284 48 64 112
2285 47 107 111
2286 46 207 111
2287 45 69 110
2288 44 23 110
2289 43 179 109
2290 52 186 115
2291 51 62 114
2292 50 192 114
2293 49 64 113
2294 48 107 113
2295 47 207 112
2296 46 69 112
2297 45 23 111
2298 53 186 116
2299 52 62 116
2300 51 192 115
2301 50 64 115
2302 49 107 114
2303 48 207 114
2304 47 69 113
2305 54 186 118
2306 53 62 117
2307 52 192 117
2308 51 64 116
2309 50 107 116
2310 49 207 115
2311 55 186 119
2312 54 62 119
2313 53 192 118
2314 52 64 118
2315 51 107 117
2316 56 186 121
2317 55 62 120
2318 54 192 120
2319 53 64 119
2320 57 186 122
2321 56 62 122
2322 55 192 121
2323 58 186 124
2324 57 62 123
2325 59 186 125
2326 60 64 127
2327 58 16 125
2328 56 4 123
2329 54 1 121
2330 52 193 119
2331 50 241 117
2332 48 253 115
2333 46 256 113
2334 44 64 111
2335 42 16 109
2336 40 4 107
2337 38 1 105
2338 36 193 103
2339 34 241 101
2340 32 253 99
2341 30 256 97
2342 28 64 95
2343 26 16 93
2344 24 4 91
2345 22 1 89
2346 20 193 87
2347 18 241 85
2348 16 253 83
2349 14 256 81
2350 61 64 128
2351 59 16 126
2352 57 4 124
2353 55 1 122
2354 53 193 120
2355 51 241 118
2356 49 253 116
2357 47 256 114
2358 45 64 112
2359 43 16 110
2360 41 4 108
2361 39 1 106
2362 37 193 104
2363 35 241 102
2364 33 253 100
2365 31 256 98
2366 29 64 96
2367 27 16 94
2368 25 4 92
2369 23 1 90
2370 21 193 88
2371 19 241 86
2372 62 64 130
2373 60 16 128
2374 58 4 126
2375 56 1 124
2376 54 193 122
2377 52 241 120
2378 50 253 118
2379 48 256 116
2380 46 64 114
2381 44 16 112
2382 42 4 110
2383 40 1 108
2384 38 193 106
2385 36 241 104
2386 34 253 102
2387 32 256 100
2388 30 64 98
2389 28 16 96
2390 26 4 94
2391 24 1 92
2392 63 64 131
2393 61 16 129
2394 59 4 127
2395 57 1 125
2396 55 193 123
2397 53 241 121
2398 51 253 119
2399 49 256 117
2400 47 64 115
2401 45 16 113
2402 43 4 111
2403 41 1 109
2404 39 193 107
2405 37 241 105
2406 35 253 103
2407 33 256 101
2408 31 64 99
2409 29 16 97
2410 64 64 133
2411 62 16 131
2412 60 4 129
2413 58 1 127
2414 56 193 125
2415 54 241 123
2416 52 253 121
2417 50 256 119
2418 48 64 117
2419 46 16 115
2420 44 4 113
2421 42 1 111
2422 40 193 109
2423 38 241 107
2424 36 253 105
2425 34 256 103
2426 65 64 134
2427 63 16 132
2428 61 4 130
2429 59 1 128
2430 57 193 126
2431 55 241 124
2432 53 253 122
2433 51 256 120
2434 49 64 118
2435 47 16 116
2436 45 4 114
2437 43 1 112
2438 41 193 110
2439 39 241 108
2440 66 64 136
2441 64 16 134
2442 62 4 132
2443 60 1 130
2444 58 193 128
2445 56 241 126
2446 54 253 124
2447 52 256 122
2448 50 64 120
2449 48 16 118
2450 46 4 116
2451 44 1 114
2452 67 64 137
2453 65 16 135
2454 63 4 133
2455 61 1 131
2456 59 193 129
2457 57 241 127
2458 55 253 125
2459 53 256 123
2460 51 64 121
2461 49 16 119
2462 68 64 139
2463 66 16 137
2464 64 4 135
2465 62 1 133
2466 60 193 131
2467 58 241 129
2468 56 253 127
2469 54 256 125
2470 69 64 140
2471 67 16 138
2472 65 4 136
2473 63 1 134
2474 61 193 132
2475 59 241 130
2476 70 64 142
2477 68 16 140
2478 66 4 138
2479 64 1 136
2480 71 64 143
2481 69 16 141
2482 0 64 73
2483 0 64 74
2484 0 64 75
2485 0 64 76
2486 0 64 77
2487 0 64 78
2488 0 64 79
2489 0 64 80
2490 0 64 81
2491 0 64 82
2492 0 64 83
2493 0 64 84
2494 0 64 85
2495 0 64 86
2496 0 64 87
2497 0 64 88
2498 0 64 89
2499 0 64 90
2500 0 64 91
2501 0 64 92
2502 0 64 93
2503 0 64 94
2504 0 64 95
2505 0 64 96
2506 1 32 73
2507 1 32 74
2508 1 32 75
2509 1 32 76
2510 1 32 77
2511 1 32 78
2512 1 32 79
2513 1 32 80
2514 1 32 81
2515 1 32 82
2516 1 32 83
2517 1 32 84
2518 1 32 85
2519 1 32 86
2520 1 32 87
2521 1 32 88
2522 1 32 89
2523 1 32 90
2524 1 32 91
2525 1 32 92
2526 1 32 93
2527 1 32 94
2528 1 32 95
2529 2 16 73
2530 2 16 74
2531 2 16 75
2532 2 16 76
2533 2 16 77
2534 2 16 78
2535 2 16 79
2536 2 16 80
2537 2 16 81
2538 2 16 82
2539 2 16 83
2540 2 16 84
2541 2 16 85
2542 2 16 86
2543 2 16 87
2544 2 16 88
2545 2 16 89
2546 2 16 90
2547 2 16 91
2548 2 16 92
2549 2 16 93
2550 2 16 94
2551 3 8 73
2552 3 8 74
2553 3 8 75
2554 3 8 76
2555 3 8 77
2556 3 8 78
2557 3 8 79
2558 3 8 80
2559 3 8 81
2560 3 8 82
2561 3 8 83
2562 3 8 84
2563 3 8 85
2564 3 8 86
2565 3 8 87
2566 3 8 88
2567 3 8 89
2568 3 8 90
2569 3 8 91
2570 3 8 92
2571 3 8 93
2572 4 8 74
2573 5 253 74
2574 4 4 75
2575 4 4 76
2576 4 4 77
2577 4 4 78
2578 4 4 79
2579 4 4 80
2580 4 4 81
2581 4 4 82
2582 4 4 83
2583 4 4 84
2584 4 4 85
2585 4 4 86
2586 4 4 87
2587 4 4 88
2588 4 4 89
2589 4 4 90
2590 4 4 91
2591 4 4 92
2592 5 8 75
2593 6 253 75
2594 7 2 75
2595 5 2 76
2596 5 2 77
2597 5 2 78
2598 5 2 79
2599 5 2 80
2600 5 2 81
2601 5 2 82
2602 5 2 83
2603 5 2 84
2604 5 2 85
2605 5 2 86
2606 5 2 87
2607 5 2 88
2608 5 2 89
2609 5 2 90
2610 5 2 91
2611 6 8 76
2612 7 253 76
2613 8 2 76
2614 9 256 76
2615 6 1 77
2616 6 1 78
2617 6 1 79
2618 6 1 80
2619 6 1 81
2620 6 1 82
2621 6 1 83
2622 6 1 84
2623 6 1 85
2624 6 1 86
2625 6 1 87
2626 6 1 88
2627 6 1 89
2628 6 1 90
2629 7 8 77
2630 8 253 77
2631 9 2 77
2632 10 256 77
2633 7 1 78
2634 11 193 78
2635 7 129 79
2636 7 129 80
2637 7 129 81
2638 7 129 82
2639 7 129 83
2640 7 129 84
2641 7 129 85
2642 7 129 86
2643 7 129 87
2644 7 129 88
2645 7 129 89
2646 8 8 78
2647 9 253 78
2648 10 2 78
2649 8 2 79
2650 11 128 79
2651 12 193 79
2652 8 129 80
2653 13 16 80
2654 8 193 81
2655 8 193 82
2656 8 193 83
2657 8 193 84
2658 8 193 85
2659 8 193 86
2660 8 193 87
2661 8 193 88
2662 9 8 79
2663 10 253 79
2664 9 4 80
2665 11 1 80
2666 12 128 80
2667 9 1 81
2668 13 225 81
2669 9 129 82
2670 14 8 82
2671 15 253 82
2672 9 225 83
2673 9 225 84
2674 9 225 85
2675 9 225 86
2676 9 225 87
2677 10 8 80
2678 10 8 81
2679 11 255 81
2680 12 1 81
2681 10 2 82
2682 13 64 82
2683 10 1 83
2684 14 241 83
2685 15 8 83
2686 10 193 84
2687 16 255 84
2688 17 1 84
2689 10 241 85
2690 10 241 86
2691 11 8 82
2692 12 20 82
2693 11 163 83
2694 12 69 83
2695 13 129 83
2696 11 2 84
2697 14 32 84
2698 15 241 84
2699 11 129 85
2700 16 4 85
2701 17 255 85
2702 11 225 86
2703 18 129 86
2704 12 8 84
2705 13 20 84
2706 12 163 85
2707 13 69 85
2708 14 129 85
2709 15 136 85
2710 12 62 86
2711 15 189 86
2712 16 249 86
2713 17 4 86
2714 10 14 87
2715 11 209 87
2716 13 8 86
2717 14 20 86
2718 12 85 87
2719 13 131 87
2720 14 134 87
2721 15 86 87
2722 16 22 87
2723 17 77 87
2724 18 22 87
2725 19 65 87
2726 9 180 88
2727 10 84 88
2728 11 222 88
2729 12 81 88
2730 13 182 88
2731 14 131 88
2732 15 112 88
2733 16 217 88
2734 17 3 88
2735 18 151 88
2736 19 233 88
2737 20 63 88
2738 8 200 89
2739 9 224 89
2740 10 188 89
2741 11 149 89
2742 12 8 89
2743 13 186 89
2744 14 25 89
2745 15 205 89
2746 16 69 89
2747 17 19 89
2748 18 3 89
2749 19 218 89
2750 20 73 89
2751 21 251 89
2752 7 2 90
2753 8 233 90
2754 9 244 90
2755 10 160 90
2756 11 66 90
2757 12 222 90
2758 13 91 90
2759 14 213 90
2760 15 31 90
2761 16 192 90
2762 17 115 90
2763 18 169 90
2764 19 227 90
2765 20 216 90
2766 21 220 90
2767 22 226 90
2768 6 207 91
2769 7 195 91
2770 8 129 91
2771 14 70 91
2772 16 7 91
2773 18 1 91
2774 19 92 91
2775 20 2 91
2776 21 46 91
2777 22 170 91
2778 23 255 91
2779 5 8 92
2780 6 253 92
2781 4 8 93
2782 24 255 93
2783 23 128 92
2784 22 64 92
2785 21 16 92
2786 20 8 92
2787 19 2 92
2788 18 1 92
2789 17 193 91
2790 16 225 92
2791 15 249 91
2792 14 253 92
2793 13 256 91
2794 12 128 91
2795 11 32 91
2796 10 16 91
2797 9 4 91
2798 8 2 92
2799 7 129 92
2800 9 143 92
2801 10 166 92
2802 11 213 92
2803 12 36 92
2804 13 215 92
2805 15 86 92
2806 17 182 92
2807 5 210 93
2808 6 54 93
2809 25 256 93
2810 24 128 94
2811 23 32 93
2812 22 16 93
2813 21 4 93
2814 20 2 93
2815 19 129 93
2816 18 193 93
2817 7 144 93
2818 16 249 93
2819 8 70 93
2820 14 256 93
2821 9 117 93
2822 12 32 93
2823 11 16 93
2824 10 4 93
2825 13 165 93
2826 15 181 93
2827 17 252 93
2828 3 57 94
2829 4 125 94
2830 5 13 94
2831 6 121 94
2832 7 96 94
2833 8 185 94
2834 9 52 94
2835 26 256 95
2836 25 64 94
2837 24 32 95
2838 23 8 94
2839 22 4 94
2840 21 1 94
2841 20 129 94
2842 19 225 94
2843 18 241 94
2844 10 57 94
2845 16 255 94
2846 11 30 94
2847 14 64 94
2848 12 245 94
2849 13 207 94
2850 15 68 94
2851 17 219 94
2852 2 164 95
2853 3 97 95
2854 4 16 95
2855 5 30 95
2856 6 43 95
2857 7 17 95
2858 8 7 95
2859 9 189 95
2860 27 128 95
2861 26 64 96
2862 25 16 95
2863 24 8 96
2864 23 2 95
2865 22 1 95
2866 21 193 95
2867 20 225 95
2868 19 249 95
2869 18 253 95
2870 10 71 95
2871 16 128 95
2872 11 141 95
2873 14 16 95
2874 12 202 95
2875 13 11 95
2876 15 111 95
2877 17 60 95
2878 1 205 96
2879 2 10 96
2880 3 203 96
2881 4 86 96
2882 5 97 96
2883 6 86 96
2884 28 128 97
2885 27 32 96
2886 26 16 97
2887 25 4 96
2888 24 2 97
2889 23 129 96
2890 22 193 96
2891 21 241 96
2892 20 249 96
2893 19 255 96
2894 18 256 96
2895 7 202 96
2896 16 32 96
2897 8 243 96
2898 14 4 96
2899 9 214 96
2900 10 130 96
2901 11 29 96
2902 13 100 96
2903 12 191 96
2904 15 249 96
2905 17 99 96
2906 0 135 97
2907 29 64 98
2908 28 32 98
2909 27 8 97
2910 26 4 98
2911 25 1 97
2912 24 129 98
2913 23 225 97
2914 22 241 97
2915 21 253 97
2916 20 255 97
2917 19 128 97
2918 18 64 97
2919 1 146 97
2920 16 8 97
2921 2 183 97
2922 14 1 97
2923 4 137 97
2924 6 16 97
2925 8 68 97
2926 10 194 97
2927 11 12 97
2928 12 220 97
2929 30 64 99
2930 29 16 99
2931 28 8 99
2932 27 2 98
2933 26 1 99
2934 25 193 98
2935 24 225 99
2936 23 249 98
2937 22 253 98
2938 21 256 98
2939 20 128 98
2940 19 32 98
2941 18 16 98
2942 17 4 97
2943 16 2 98
2944 15 129 97
2945 14 193 98
2946 13 241 97
2947 0 58 98
2948 1 119 98
2949 12 12 98
2950 31 32 100
2951 30 16 100
2952 29 4 100
2953 28 2 100
2954 27 129 99
2955 26 193 100
2956 25 241 99
2957 24 249 100
2958 23 255 99
2959 22 256 99
2960 21 64 99
2961 20 32 99
2962 19 8 99
2963 18 4 99
2964 17 1 98
2965 16 129 99
2966 15 225 98
2967 14 241 99
2968 13 253 98
2969 0 103 99
2970 32 32 101
2971 31 8 101
2972 30 4 101
2973 29 1 101
2974 28 129 101
2975 27 225 100
2976 26 241 101
2977 25 253 100
2978 24 255 101
2979 23 128 100
2980 22 64 100
2981 21 16 100
2982 20 8 100
2983 19 2 100
2984 18 1 100
2985 17 193 99
2986 16 225 100
2987 15 249 99
2988 14 253 100
2989 33 16 102
2990 32 8 102
2991 31 2 102
2992 30 1 102
2993 29 193 102
2994 28 225 102
2995 27 249 101
2996 26 253 102
2997 25 256 101
2998 24 128 102
2999 23 32 101
3000 22 16 101
3001 21 4 101
3002 20 2 101
3003 19 129 101
3004 18 193 101
3005 17 241 100
3006 16 249 101
3007 34 16 104
3008 33 4 103
3009 32 2 103
3010 31 129 103
3011 30 193 103
3012 29 241 103
3013 28 249 103
3014 27 255 102
3015 26 256 103
3016 25 64 102
3017 24 32 103
3018 23 8 102
3019 22 4 102
3020 21 1 102
3021 20 129 102
3022 19 225 102
3023 18 241 102
3024 35 8 104
3025 34 4 105
3026 33 1 104
3027 32 129 104
3028 31 225 104
3029 30 241 104
3030 29 253 104
3031 28 255 104
3032 27 128 103
3033 26 64 104
3034 25 16 103
3035 24 8 104
3036 23 2 103
3037 22 1 103
3038 21 193 103
3039 20 225 103
3040 36 8 106
3041 35 2 105
3042 34 1 106
3043 33 193 105
3044 32 225 105
3045 31 249 105
3046 30 253 105
3047 29 256 105
3048 28 128 105
3049 27 32 104
3050 26 16 105
3051 25 4 104
3052 24 2 105
3053 23 129 104
3054 22 193 104
3055 37 4 106
3056 36 2 107
3057 35 129 106
3058 34 193 107
3059 33 241 106
3060 32 249 106
3061 31 255 106
3062 30 256 106
3063 29 64 106
3064 28 32 106
3065 27 8 105
3066 26 4 106
3067 25 1 105
3068 24 129 106
3069 38 4 108
3070 37 1 107
3071 36 129 108
3072 35 225 107
3073 34 241 108
3074 33 253 107
3075 32 255 107
3076 31 128 107
3077 30 64 107
3078 29 16 107
3079 28 8 107
3080 27 2 106
3081 26 1 107
3082 39 2 109
3083 38 1 109
3084 37 193 108
3085 36 225 109
3086 35 249 108
3087 34 253 109
3088 33 256 108
3089 32 128 108
3090 31 32 108
3091 30 16 108
3092 29 4 108
3093 28 2 108
3094 40 2 110
3095 39 129 110
3096 38 193 110
3097 37 241 109
3098 36 249 110
3099 35 255 109
3100 34 256 110
3101 33 64 109
3102 32 32 109
3103 31 8 109
3104 30 4 109
3105 41 1 111
3106 40 129 111
3107 39 225 111
3108 38 241 111
3109 37 253 110
3110 36 255 111
3111 35 128 110
3112 34 64 111
3113 33 16 110
3114 32 8 110
3115 42 1 112
3116 41 193 112
3117 40 225 112
3118 39 249 112
3119 38 253 112
3120 37 256 111
3121 36 128 112
3122 35 32 111
3123 34 16 112
3124 43 129 113
3125 42 193 113
3126 41 241 113
3127 40 249 113
3128 39 255 113
3129 38 256 113
3130 37 64 112
3131 36 32 113
3132 44 129 115
3133 43 225 114
3134 42 241 114
3135 41 253 114
3136 40 255 114
3137 39 128 114
3138 38 64 114
3139 45 193 115
3140 44 225 116
3141 43 249 115
3142 42 253 115
3143 41 256 115
3144 40 128 115
3145 46 193 117
3146 45 241 116
3147 44 249 117
3148 43 255 116
3149 42 256 116
3150 47 225 117
3151 46 241 118
3152 45 253 117
3153 44 255 118
3154 48 225 119
3155 47 249 118
3156 46 253 119
3157 49 241 120
3158 48 249 120
3159 50 241 121
3160 51 242 122
3161 49 126 121
3162 47 21 119
3163 45 132 118
3164 43 22 117
3165 41 175 116
3166 39 72 115
3167 37 12 113
3168 35 2 112
3169 33 86 111
3170 31 100 110
3171 29 188 109
3172 27 117 107
3173 25 148 106
3174 23 196 105
3175 21 204 104
3176 19 34 103
3177 17 177 101
3178 15 158 100
3179 52 242 123
3180 50 126 122
3181 48 21 121
3182 46 132 120
3183 44 22 119
3184 42 175 117
3185 40 72 116
3186 38 12 115
3187 36 2 114
3188 34 86 113
3189 32 100 111
3190 30 188 110
3191 28 117 109
3192 26 148 108
3193 24 196 107
3194 22 204 105
3195 20 34 104
3196 18 177 103
3197 53 121 124
3198 51 63 123
3199 49 139 122
3200 47 66 120
3201 45 11 119
3202 43 216 118
3203 41 36 117
3204 39 6 116
3205 37 1 114
3206 35 43 113
3207 33 50 112
3208 31 94 111
3209 29 187 110
3210 27 74 108
3211 25 98 107
3212 23 102 106
3213 21 17 105
3214 54 121 126
3215 52 63 124
3216 50 139 123
3217 48 66 122
3218 46 11 121
3219 44 216 120
3220 42 36 118
3221 40 6 117
3222 38 1 116
3223 36 43 115
3224 34 50 114
3225 32 94 112
3226 30 187 111
3227 28 74 110
3228 26 98 109
3229 24 102 108
3230 55 189 126
3231 53 160 125
3232 51 198 124
3233 49 33 123
3234 47 134 121
3235 45 108 120
3236 43 18 119
3237 41 3 118
3238 39 129 117
3239 37 150 115
3240 35 25 114
3241 33 47 113
3242 31 222 112
3243 29 37 111
3244 27 49 109
3245 56 189 128
3246 54 160 127
3247 52 198 125
3248 50 33 124
3249 48 134 123
3250 46 108 122
3251 44 18 121
3252 42 3 119
3253 40 129 118
3254 38 150 117
3255 36 25 116
3256 34 47 115
3257 32 222 113
3258 30 37 112
3259 57 223 128
3260 55 80 127
3261 53 99 126
3262 51 145 125
3263 49 67 124
3264 47 54 122
3265 45 9 121
3266 43 130 120
3267 41 193 119
3268 39 75 118
3269 37 141 116
3270 35 152 115
3271 33 111 114
3272 58 223 130
3273 56 80 129
3274 54 99 128
3275 52 145 126
3276 50 67 125
3277 48 54 124
3278 46 9 123
3279 44 130 122
3280 42 193 120
3281 40 75 119
3282 38 141 118
3283 36 152 117
3284 59 240 131
3285 57 40 129
3286 55 178 128
3287 53 201 127
3288 51 162 126
3289 49 27 125
3290 47 133 123
3291 45 65 122
3292 43 225 121
3293 41 166 120
3294 39 199 119
3295 60 240 132
3296 58 40 131
3297 56 178 130
3298 54 201 129
3299 52 162 127
3300 50 27 126
3301 48 133 125
3302 46 65 124
3303 44 225 123
3304 42 166 121
3305 61 120 133
3306 59 20 132
3307 57 89 130
3308 55 229 129
3309 53 81 128
3310 51 142 127
3311 49 195 126
3312 47 161 124
3313 45 241 123
3314 62 120 134
3315 60 20 133
3316 58 89 132
3317 56 229 131
3318 54 81 130
3319 52 142 128
3320 50 195 127
3321 48 161 126
3322 63 60 135
3323 61 10 134
3324 59 173 133
3325 57 243 131
3326 55 169 130
3327 53 71 129
3328 51 226 128
3329 64 60 137
3330 62 10 135
3331 60 173 134
3332 58 243 133
3333 56 169 132
3334 54 71 131
3335 65 30 137
3336 63 5 136
3337 61 215 135
3338 59 250 134
3339 57 213 132
3340 66 30 139
3341 64 5 138
3342 62 215 136
3343 60 250 135
3344 67 15 139
3345 65 131 138
3346 63 236 137
3347 68 15 141
3348 66 131 140
3349 69 136 142
3350 3 99 97
3351 2 79 98
3352 1 89 99
3353 0 84 100
3354 0 84 101
3355 0 84 102
3356 0 84 103
3357 0 84 104
3358 0 84 105
3359 0 84 106
3360 0 84 107
3361 0 84 108
3362 0 84 109
3363 0 84 110
3364 0 84 111
3365 0 84 112
3366 0 84 113
3367 5 13 97
3368 3 88 98
3369 4 245 98
3370 2 229 99
3371 1 14 100
3372 1 14 101
3373 1 14 102
3374 1 14 103
3375 1 14 104
3376 1 14 105
3377 1 14 106
3378 1 14 107
3379 1 14 108
3380 1 14 109
3381 1 14 110
3382 1 14 111
3383 7 199 97
3384 5 240 98
3385 6 14 98
3386 3 13 99
3387 4 107 99
3388 2 88 100
3389 2 88 101
3390 2 88 102
3391 2 88 103
3392 2 88 104
3393 2 88 105
3394 2 88 106
3395 2 88 107
3396 2 88 108
3397 2 88 109
3398 9 239 97
3399 7 234 98
3400 8 155 98
3401 5 199 99
3402 6 175 99
3403 3 222 100
3404 4 130 100
3405 3 186 101
3406 3 186 102
3407 3 186 103
3408 3 186 104
3409 3 186 105
3410 3 186 106
3411 3 186 107
3412 9 130 98
3413 10 6 98
3414 11 12 98
3415 7 239 99
3416 8 10 99
3417 5 255 100
3418 6 191 100
3419 4 183 101
3420 5 21 101
3421 4 31 102
3422 4 31 103
3423 4 31 104
3424 4 31 105
3425 9 32 99
3426 10 128 99
3427 11 256 99
3428 12 253 99
3429 13 249 99
3430 7 88 100
3431 8 77 100
3432 6 172 101
3433 7 104 101
3434 5 183 102
3435 6 159 102
3436 5 48 103
3437 9 83 100
3438 10 75 100
3439 11 150 100
3440 12 86 100
3441 13 172 100
3442 8 251 101
3443 9 49 101
3444 14 26 101
3445 7 142 102
3446 8 214 102
3447 16 42 102
3448 10 170 101
3449 11 7 101
3450 12 212 101
3451 13 164 101
3452 15 56 101
3453 9 147 102
3454 10 193 102
3455 11 135 102
3456 14 252 102
3457 17 52 102
3458 12 201 102
3459 13 37 102
3460 15 80 102
3461 6 157 103
3462 7 13 103
3463 8 97 103
3464 9 5 103
3465 10 203 103
3466 11 66 103
3467 12 173 103
3468 13 169 103
3469 14 230 103
3470 15 204 103
3471 16 185 103
3472 17 213 103
3473 5 249 104
3474 6 125 104
3475 7 220 104
3476 8 30 104
3477 9 65 104
3478 10 214 104
3479 11 71 104
3480 12 247 104
3481 13 138 104
3482 14 234 104
3483 15 29 104
3484 16 148 104
3485 17 246 104
3486 18 187 104
3487 19 202 104
3488 5 182 105
3489 6 112 105
3490 7 2 105
3491 8 17 105
3492 9 7 105
3493 11 146 105
3494 10 201 105
3495 12 166 105
3496 13 243 105
3497 14 13 105
3498 15 138 105
3499 16 149 105
3500 17 255 105
3501 18 93 105
3502 19 25 105
3503 20 214 105
3504 4 11 106
3505 5 83 106
3506 6 244 106
3507 7 127 106
3508 8 206 106
3509 9 117 106
3510 10 133 106
3511 11 9 106
3512 12 199 106
3513 13 61 106
3514 14 54 106
3515 15 123 106
3516 16 79 106
3517 17 98 106
3518 18 1 106
3519 19 232 106
3520 20 147 106
3521 21 53 106
3522 22 44 106
3523 4 34 107
3524 5 199 107
3525 6 98 107
3526 7 132 107
3527 8 46 107
3528 9 57 107
3529 10 122 107
3530 11 231 107
3531 12 238 107
3532 13 50 107
3533 14 241 107
3534 15 100 107
3535 16 96 107
3536 17 190 107
3537 18 25 107
3538 19 210 107
3539 20 168 107
3540 21 204 107
3541 22 45 107
3542 23 171 107
3543 3 247 108
3544 4 229 108
3545 5 173 108
3546 6 6 108
3547 7 111 108
3548 8 7 108
3549 9 134 108
3550 10 237 108
3551 11 209 108
3552 12 73 108
3553 13 16 108
3554 14 155 108
3555 15 245 108
3556 16 188 108
3557 17 7 108
3558 18 256 108
3559 19 219 108
3560 20 173 108
3561 21 125 108
3562 22 202 108
3563 23 31 108
3564 25 72 108
3565 3 109 109
3566 4 164 109
3567 5 224 109
3568 6 210 109
3569 7 109 109
3570 8 148 109
3571 9 90 109
3572 10 132 109
3573 11 42 109
3574 12 256 109
3575 13 162 109
3576 14 98 109
3577 15 113 109
3578 16 230 109
3579 17 1 109
3580 18 37 109
3581 19 224 109
3582 20 111 109
3583 21 247 109
3584 22 160 109
3585 23 134 109
3586 24 79 109
3587 25 3 109
3588 2 108 110
3589 3 137 110
3590 4 19 110
3591 5 208 110
3592 6 172 110
3593 7 93 110
3594 8 70 110
3595 9 81 110
3596 10 205 110
3597 11 26 110
3598 12 223 110
3599 13 182 110
3600 14 140 110
3601 15 157 110
3602 16 81 110
3603 17 179 110
3604 18 140 110
3605 19 228 110
3606 20 62 110
3607 21 231 110
3608 22 119 110
3609 23 50 110
3610 24 17 110
3611 25 35 110
3612 26 10 110
3613 27 108 110
3614 2 133 111
3615 3 43 111
3616 4 160 111
3617 5 97 111
3618 6 31 111
3619 7 72 111
3620 8 100 111
3621 9 17 111
3622 10 220 111
3623 11 16 111
3624 12 36 111
3625 13 162 111
3626 14 39 111
3627 15 224 111
3628 16 198 111
3629 17 11 111
3630 18 211 111
3631 19 35 111
3632 20 196 111
3633 21 1 111
3634 22 22 111
3635 23 89 111
3636 24 203 111
3637 25 92 111
3638 26 28 111
3639 27 32 111
3640 28 231 111
3641 1 65 112
3642 2 57 112
3643 3 238 112
3644 4 214 112
3645 5 115 112
3646 6 61 112
3647 7 53 112
3648 8 55 112
3649 9 70 112
3650 10 224 112
3651 11 195 112
3652 12 45 112
3653 13 54 112
3654 14 65 112
3655 15 204 112
3656 16 198 112
3657 17 6 112
3658 18 141 112
3659 19 137 112
3660 20 221 112
3661 21 254 112
3662 22 118 112
3663 23 151 112
3664 24 179 112
3665 25 16 112
3666 26 29 112
3667 27 230 112
3668 28 93 112
3669 29 188 112
3670 1 134 113
3671 2 147 113
3672 3 221 113
3673 4 99 113
3674 5 231 113
3675 6 152 113
3676 7 45 113
3677 18 225 113
3678 20 213 113
3679 21 243 113
3680 26 49 113
3681 24 128 113
3682 25 156 113
3683 23 173 113
3684 22 1 113
3685 30 163 113
3686 29 168 113
3687 28 255 113
3688 27 51 113
3689 31 194 113
3690 24 29 114
3691 25 64 114
3692 26 136 114
3693 30 84 114
3694 29 85 114
3695 28 51 114
3696 27 113 114
3697 31 227 114
3698 32 70 114
3699 26 106 115
3700 30 171 115
3701 29 17 115
3702 28 113 115
3703 33 109 115
3704 32 14 115
3705 31 57 115
3706 30 137 116
3707 34 109 116
3708 33 176 116
3709 32 157 116
3710 35 61 116
3711 34 176 117
3712 37 28 117
3713 36 147 118
3714 35 198 117
3715 33 178 117
3716 31 173 116
3717 29 236 116
3718 27 158 115
3719 24 92 115
3720 23 42 114
3721 21 139 114
3722 19 99 113
3723 8 45 113
3724 9 239 113
3725 10 10 113
3726 11 130 113
3727 12 108 113
3728 13 205 113
3729 14 205 113
3730 15 26 113
3731 16 206 113
3732 17 253 113
3733 0 72 114
3734 1 161 114
3735 2 134 114
3736 3 70 114
3737 4 207 114
3738 38 21 119
3739 37 41 118
3740 34 178 118
3741 32 215 117
3742 30 118 117
3743 28 158 116
3744 26 168 116
3745 25 45 115
3746 22 198 114
3747 20 178 114
3748 18 173 114
3749 5 126 114
3750 6 181 114
3751 7 178 114
3752 8 155 114
3753 9 18 114
3754 10 16 114
3755 12 43 114
3756 11 229 114
3757 13 4 114
3758 14 230 114
3759 15 85 114
3760 16 24 114
3761 17 134 114
3762 39 7 120
3763 36 223 119
3764 35 201 118
3765 33 243 118
3766 31 125 117
3767 29 224 117
3768 27 28 116
3769 24 62 116
3770 23 66 115
3771 21 145 115
3772 19 229 114
3773 0 54 115
3774 1 128 115
3775 2 28 115
3776 3 55 115
3777 4 176 115
3778 5 187 115
3779 6 180 115
3780 7 91 115
3781 8 60 115
3782 9 191 115
3783 10 247 115
3784 11 224 115
3785 40 132 120
3786 38 33 120
3787 37 231 119
3788 34 243 119
3789 32 191 118
3790 30 112 118
3791 28 28 117
3792 26 7 117
3793 25 155 116
3794 22 201 115
3795 20 243 115
3796 18 125 115
3797 12 202 115
3798 13 13 115
3799 14 216 115
3800 15 72 115
3801 16 173 115
3802 17 125 115
3803 19 75 115
3804 0 179 116
3805 1 205 116
3806 2 223 116
3807 41 44 121
3808 39 11 121
3809 36 86 120
3810 35 169 119
3811 33 235 119
3812 31 123 118
3813 29 95 118
3814 27 44 117
3815 24 249 117
3816 23 67 116
3817 21 81 116
3818 3 231 116
3819 4 68 116
3820 5 207 116
3821 6 170 116
3822 7 169 116
3823 8 202 116
3824 9 222 116
3825 10 208 116
3826 11 147 116
3827 12 89 116
3828 42 22 122
3829 40 134 121
3830 38 162 121
3831 37 116 120
3832 34 235 120
3833 32 190 119
3834 30 176 119
3835 28 44 118
3836 26 11 118
3837 25 140 117
3838 22 169 116
3839 20 235 116
3840 18 123 116
3841 13 100 116
3842 14 161 116
3843 15 204 116
3844 16 74 116
3845 17 35 116
3846 19 102 116
3847 0 155 117
3848 43 93 122
3849 41 216 122
3850 39 54 122
3851 36 45 121
3852 35 82 120
3853 33 149 120
3854 31 230 119
3855 29 186 119
3856 27 216 118
3857 24 110 118
3858 23 142 117
3859 21 164 117
3860 1 67 117
3861 2 133 117
3862 3 164 117
3863 4 66 117
3864 5 146 117
3865 6 242 117
3866 7 117 117
3867 44 93 124
3868 42 108 123
3869 40 27 122
3870 38 71 122
3871 37 198 121
3872 34 149 121
3873 32 115 120
3874 30 93 120
3875 28 216 119
3876 26 54 119
3877 25 52 118
3878 22 82 117
3879 20 149 117
3880 18 230 117
3881 8 195 117
3882 9 256 117
3883 10 200 117
3884 11 239 117
3885 45 144 124
3886 43 36 123
3887 41 9 123
3888 39 195 123
3889 36 170 122
3890 35 239 121
3891 33 124 121
3892 31 31 120
3893 29 72 120
3894 27 9 119
3895 24 110 119
3896 23 113 118
3897 21 221 118
3898 19 248 117
3899 12 167 117
3900 14 212 117
3901 15 194 117
3902 46 144 125
3903 44 36 125
3904 42 133 124
3905 40 226 123
3906 38 185 123
3907 37 168 122
3908 34 124 122
3909 32 144 121
3910 30 36 121
3911 28 9 120
3912 26 195 120
3913 25 38 119
3914 22 239 118
3915 20 124 118
3916 18 31 118
3917 16 72 117
3918 47 24 125
3919 45 6 125
3920 43 130 124
3921 41 161 124
3922 39 233 124
3923 36 119 123
3924 35 192 122
3925 33 48 122
3926 31 12 121
3927 29 3 121
3928 27 161 120
3929 24 139 120
3930 23 251 119
3931 21 127 119
3932 19 96 118
3933 48 24 127
3934 46 6 126
3935 44 130 126
3936 42 209 125
3937 40 245 124
3938 38 254 124
3939 37 102 123
3940 34 48 123
3941 32 6 122
3942 30 130 122
3943 28 161 121
3944 26 233 121
3945 25 12 120
3946 22 192 119
3947 49 8 127
3948 47 1 126
3949 45 193 126
3950 43 241 125
3951 41 253 125
3952 39 256 125
3953 36 227 124
3954 35 8 123
3955 33 2 123
3956 31 129 122
3957 29 225 122
3958 27 253 121
3959 24 128 121
3960 50 4 128
3961 48 1 128
3962 46 193 127
3963 44 241 127
3964 42 255 126
3965 40 128 125
3966 38 32 125
3967 37 126 124
3968 34 2 124
3969 32 193 123
3970 30 241 123
3971 28 253 122
3972 51 87 129
3973 49 86 128
3974 47 75 127
3975 45 83 127
3976 43 85 126
3977 41 214 126
3978 39 182 126
3979 36 227 125
3980 35 86 124
3981 33 150 124
3982 31 166 123
3983 52 172 129
3984 50 43 129
3985 48 75 129
3986 46 83 128
3987 44 85 128
3988 42 107 127
3989 40 91 126
3990 38 87 126
3991 37 13 125
3992 34 150 125
3993 53 143 130
3994 51 100 130
3995 49 25 129
3996 47 228 128
3997 45 57 128
3998 43 207 127
3999 41 116 127
4000 39 29 127
4001 36 149 126
4002 55 255 131
4003 52 50 130
4004 50 141 130
4005 48 228 130
4006 46 57 129
4007 44 207 129
4008 42 58 128
4009 40 143 127
4010 54 55 132
4011 53 188 131
4012 51 47 131
4013 49 76 130
4014 47 138 129
4015 45 163 129
4016 43 105 128
4017 56 238 133
4018 55 109 132
4019 52 152 131
4020 50 38 131
4021 48 138 131
4022 46 163 130
4023 57 211 133
4024 54 100 133
4025 53 222 132
4026 51 184 132
4027 49 46 131
4028 58 211 134
4029 56 117 134
4030 55 101 133
4031 52 92 132
4032 59 156 135
4033 57 148 134
4034 54 23 134
4035 60 78 136
4036 58 148 135
4037 61 26 136
4038 62 30 137
4039 59 10 136
4040 56 5 135
4041 53 215 133
4042 50 236 132
4043 47 125 130
4044 44 125 130
4045 41 235 128
4046 38 246 127
4047 35 41 125
4048 32 149 124
4049 29 221 123
4050 26 239 122
4051 23 254 120
4052 20 127 119
4053 17 64 117
4054 0 213 118
4055 13 32 117
4056 63 10 138
4057 60 5 137
4058 57 215 135
4059 55 133 134
4060 51 250 133
4061 48 125 132
4062 45 235 130
4063 42 246 129
4064 39 82 128
4065 37 103 126
4066 33 221 125
4067 30 239 124
4068 27 254 122
4069 25 128 121
4070 21 128 120
4071 18 64 119
4072 64 10 139
4073 61 173 137
4074 58 215 136
4075 54 106 135
4076 52 125 133
4077 49 213 132
4078 46 235 131
4079 43 82 129
4080 40 41 128
4081 36 184 127
4082 34 221 126
4083 31 251 124
4084 28 254 123
4085 24 3 122
4086 65 173 139
4087 62 215 138
4088 59 243 137
4089 56 250 136
4090 53 213 134
4091 50 235 133
4092 47 82 131
4093 44 82 131
4094 41 185 129
4095 38 221 128
4096 35 251 126
4097 32 254 125
4098 67 224 140
4099 63 243 139
4100 60 250 138
4101 57 213 136
4102 55 208 135
4103 51 164 134
4104 48 82 133
4105 45 185 131
4106 42 221 130
4107 39 245 129
4108 66 59 141
4109 64 243 140
4110 61 169 138
4111 58 213 137
4112 54 94 136
4113 52 82 134
4114 49 113 133
4115 46 185 132
4116 68 243 142
4117 65 169 140
4118 62 213 139
4119 59 71 138
4120 56 164 137
4121 53 113 135
4122 69 81 143
4123 67 115 141
4124 63 71 140
4125 60 164 139
4126 70 169 143
4127 66 213 142
4128 1 133 118
4129 2 5 118
4130 3 184 118
4131 4 240 118
4132 5 87 118
4133 0 149 119
4134 0 149 120
4135 0 149 121
4136 0 149 122
4137 0 149 123
4138 0 149 124
4139 6 244 118
4140 7 138 118
4141 8 212 118
4142 9 143 118
4143 10 254 118
4144 11 191 118
4145 12 25 118
4146 1 124 119
4147 1 124 120
4148 1 124 121
4149 13 168 118
4150 14 214 118
4151 15 205 118
4152 16 63 118
4153 17 133 118
4154 2 177 119
4155 3 72 119
4156 4 196 119
4157 5 84 119
4158 6 115 119
4159 7 113 119
4160 8 96 119
4161 9 27 119
4162 10 215 119
4163 11 240 119
4164 12 16 119
4165 13 27 119
4166 14 150 119
4167 15 88 119
4168 16 4 119
4169 17 87 119
4170 19 206 119
4171 2 169 120
4172 3 192 120
4173 4 189 120
4174 5 235 120
4175 6 18 120
4176 7 88 120
4177 8 232 120
4178 9 162 120
4179 10 232 120
4180 11 153 120
4181 12 253 120
4182 13 8 120
4183 14 144 120
4184 15 25 120
4185 16 191 120
4186 17 44 120
4187 18 198 120
4188 19 122 120
4189 20 205 120
4190 22 213 120
4191 2 144 121
4192 3 18 121
4193 4 26 121
4194 5 234 121
4195 6 114 121
4196 7 134 121
4197 8 48 121
4198 9 34 121
4199 10 30 121
4200 11 192 121
4201 12 224 121
4202 13 189 121
4203 14 1 121
4204 15 81 121
4205 16 206 121
4206 17 246 121
4207 18 134 121
4208 19 89 121
4209 20 129 121
4210 21 228 121
4211 22 166 121
4212 23 204 121
4213 1 188 122
4214 2 163 122
4215 3 226 122
4216 4 184 122
4217 5 152 122
4218 6 244 122
4219 7 26 122
4220 8 134 122
4221 9 80 122
4222 10 247 122
4223 11 217 122
4224 12 91 122
4225 13 248 122
4226 14 224 122
4227 15 232 122
4228 16 255 122
4229 17 12 122
4230 18 123 122
4231 19 133 122
4232 20 6 122
4233 21 68 122
4234 22 226 122
4235 23 83 122
4236 25 174 122
4237 1 251 123
4238 2 187 123
4239 3 154 123
4240 4 61 123
4241 5 209 123
4242 6 64 123
4243 7 101 123
4244 8 81 123
4245 9 251 123
4246 10 148 123
4247 11 107 123
4248 12 178 123
4249 13 195 123
4250 14 146 123
4251 15 40 123
4252 16 176 123
4253 17 120 123
4254 18 225 123
4255 19 124 123
4256 20 118 123
4257 21 92 123
4258 22 235 123
4259 23 105 123
4260 24 32 123
4261 25 48 123
4262 26 120 123
4263 27 149 123
4264 1 27 124
4265 2 148 124
4266 3 194 124
4267 4 160 124
4268 5 93 124
4269 6 229 124
4270 7 127 124
4271 8 207 124
4272 9 78 124
4273 10 226 124
4274 11 205 124
4275 12 91 124
4276 13 95 124
4277 14 145 124
4278 15 80 124
4279 16 79 124
4280 17 204 124
4281 18 133 124
4282 19 183 124
4283 20 160 124
4284 21 90 124
4285 22 45 124
4286 23 145 124
4287 24 235 124
4288 25 121 124
4289 26 69 124
4290 27 86 124
4291 28 181 124
4292 29 196 124
4293 0 236 125
4294 1 244 125
4295 2 35 125
4296 3 69 125
4297 4 44 125
4298 5 30 125
4299 6 222 125
4300 7 228 125
4301 8 250 125
4302 9 144 125
4303 10 40 125
4304 11 115 125
4305 12 218 125
4306 13 176 125
4307 14 152 125
4308 15 26 125
4309 16 162 125
4310 17 161 125
4311 18 189 125
4312 19 256 125
4313 20 144 125
4314 21 211 125
4315 22 233 125
4316 23 125 125
4317 24 89 125
4318 25 27 125
4319 26 141 125
4320 27 227 125
4321 28 256 125
4322 29 78 125
4323 30 50 125
4324 31 233 125
4325 0 248 126
4326 1 169 126
4327 2 85 126
4328 3 163 126
4329 4 245 126
4330 5 205 126
4331 6 68 126
4332 7 181 126
4333 8 114 126
4334 9 94 126
4335 10 201 126
4336 11 217 126
4337 12 71 126
4338 13 149 126
4339 14 168 126
4340 15 227 126
4341 16 212 126
4342 17 61 126
4343 18 62 126
4344 19 252 126
4345 20 38 126
4346 21 124 126
4347 22 217 126
4348 23 77 126
4349 24 221 126
4350 25 128 126
4351 26 27 126
4352 27 113 126
4353 28 225 126
4354 29 224 126
4355 30 186 126
4356 31 167 126
4357 32 115 126
4358 33 58 126
4359 0 219 127
4360 1 39 127
4361 2 86 127
4362 3 67 127
4363 4 11 127
4364 5 234 127
4365 6 251 127
4366 7 134 127
4367 8 173 127
4368 9 195 127
4369 10 173 127
4370 11 204 127
4371 12 205 127
4372 13 124 127
4373 14 139 127
4374 15 51 127
4375 16 207 127
4376 17 132 127
4377 18 99 127
4378 19 13 127
4379 20 166 127
4380 21 49 127
4381 22 73 127
4382 23 128 127
4383 24 106 127
4384 25 4 127
4385 26 193 127
4386 27 159 127
4387 28 6 127
4388 29 219 127
4389 30 189 127
4390 31 134 127
4391 32 95 127
4392 33 152 127
4393 34 241 127
4394 35 28 127
4395 37 146 127
4396 0 54 128
4397 1 244 128
4398 2 42 128
4399 3 36 128
4400 4 64 128
4401 5 105 128
4402 6 230 128
4403 7 47 128
4404 8 223 128
4405 9 49 128
4406 10 183 128
4407 11 247 128
4408 12 15 128
4409 13 99 128
4410 14 201 128
4411 16 185 128
4412 15 45 128
4413 17 64 128
4414 18 86 128
4415 19 69 128
4416 20 71 128
4417 21 160 128
4418 22 27 128
4419 23 230 128
4420 24 208 128
4421 25 81 128
4422 26 214 128
4423 27 168 128
4424 28 137 128
4425 29 16 128
4426 30 133 128
4427 31 133 128
4428 32 227 128
4429 33 161 128
4430 34 130 128
4431 35 174 128
4432 36 249 128
4433 37 98 128
4434 0 153 129
4435 1 47 129
4436 2 47 129
4437 3 151 129
4438 4 216 129
4439 5 116 129
4440 6 79 129
4441 7 210 129
4442 8 231 129
4443 9 25 129
4444 10 52 129
4445 11 89 129
4446 12 165 129
4447 13 205 129
4448 14 179 129
4449 15 48 129
4450 16 25 129
4451 17 115 129
4452 18 241 129
4453 19 205 129
4454 20 170 129
4455 21 95 129
4456 22 11 129
4457 23 100 129
4458 24 97 129
4459 25 170 129
4460 26 106 129
4461 27 254 129
4462 28 82 129
4463 29 149 129
4464 30 137 129
4465 31 116 129
4466 32 152 129
4467 33 175 129
4468 38 183 129
4469 34 44 129
4470 35 84 129
4471 36 154 129
4472 37 256 129
4473 40 198 129
4474 0 81 130
4475 1 22 130
4476 2 139 130
4477 3 8 130
4478 4 111 130
4479 39 90 130
4480 38 11 130
4481 5 172 130
4482 34 223 130
4483 41 26 130
4484 40 176 130
4485 36 227 130
4486 43 204 130
4487 39 216 131
4488 42 154 131
4489 44 33 132
4490 41 134 131
4491 38 175 131
4492 35 72 130
4493 32 48 130
4494 6 242 130
4495 7 213 130
4496 8 240 130
4497 9 63 130
4498 10 248 130
4499 11 122 130
4500 12 13 130
4501 13 148 130
4502 14 227 130
4503 15 179 130
4504 16 10 130
4505 17 226 130
4506 18 137 130
4507 19 6 130
4508 20 19 130
4509 21 87 130
4510 22 26 130
4511 23 191 130
4512 24 188 130
4513 25 153 130
4514 45 67 132
4515 43 114 131
4516 40 40 131
4517 37 214 130
4518 33 12 130
4519 30 8 130
4520 26 159 130
4521 27 180 130
4522 28 166 130
4523 29 145 130
4524 31 241 130
4525 0 209 131
4526 1 78 131
4527 2 2 131
4528 3 62 131
4529 4 227 131
4530 5 118 131
4531 6 140 131
4532 7 49 131
4533 8 124 131
4534 9 239 131
4535 10 106 131
4536 11 37 131
4537 12 234 131
4538 47 3 132
4539 42 30 132
4540 39 157 132
4541 36 11 131
4542 34 6 131
4543 13 238 131
4544 14 83 131
4545 15 8 131
4546 16 173 131
4547 17 219 131
4548 18 79 131
4549 19 94 131
4550 20 10 131
4551 21 31 131
4552 22 254 131
4553 23 68 131
4554 24 236 131
4555 25 139 131
4556 26 206 131
4557 27 190 131
4558 28 42 131
4559 29 195 131
4560 30 195 131
4561 46 42 133
4562 44 27 133
4563 41 133 132
4564 38 3 132
4565 35 129 131
4566 32 86 131
4567 31 69 131
4568 33 94 131
4569 37 29 131
4570 0 153 132
4571 1 68 132
4572 2 150 132
4573 3 131 132
4574 4 124 132
4575 5 139 132
4576 6 189 132
4577 7 83 132
4578 8 126 132
4579 9 119 132
4580 10 172 132
4581 11 14 132
4582 12 234 132
4583 48 142 134
4584 45 195 133
4585 43 208 132
4586 40 117 132
4587 13 146 132
4588 14 148 132
4589 15 163 132
4590 16 251 132
4591 17 90 132
4592 18 205 132
4593 19 8 132
4594 20 34 132
4595 21 54 132
4596 22 27 132
4597 23 8 132
4598 24 162 132
4599 25 82 132
4600 26 228 132
4601 27 160 132
4602 28 155 132
4603 29 29 132
4604 49 82 134
4605 47 200 133
4606 42 30 133
4607 39 132 133
4608 36 204 132
4609 34 75 132
4610 30 49 132
4611 31 242 132
4612 32 63 132
4613 33 123 132
4614 35 17 132
4615 37 109 132
4616 0 184 133
4617 1 96 133
4618 2 182 133
4619 3 105 133
4620 4 84 133
4621 5 199 133
4622 6 221 133
4623 7 196 133
4624 50 113 134
4625 46 243 134
4626 44 209 134
4627 41 249 133
4628 38 166 133
4629 8 224 133
4630 9 151 133
4631 10 167 133
4632 11 211 133
4633 12 240 133
4634 13 106 133
4635 14 55 133
4636 15 29 133
4637 16 237 133
4638 17 72 133
4639 18 233 133
4640 19 130 133
4641 20 155 133
4642 21 12 133
4643 51 221 135
4644 48 233 135
4645 45 253 134
4646 43 109 133
4647 40 16 133
4648 22 107 133
4649 23 197 133
4650 24 144 133
4651 25 187 133
4652 26 112 133
4653 27 80 133
4654 28 149 133
4655 29 203 133
4656 30 76 133
4657 31 218 133
4658 32 81 133
4659 33 183 133
4660 34 161 133
4661 52 251 135
4662 49 254 135
4663 47 98 134
4664 42 115 134
4665 39 138 134
4666 36 59 133
4667 35 183 133
4668 37 169 133
4669 0 144 134
4670 1 111 134
4671 2 9 134
4672 3 74 134
4673 4 105 134
4674 5 65 134
4675 6 152 134
4676 7 201 134
4677 8 126 134
4678 53 127 136
4679 50 256 135
4680 46 125 135
4681 44 171 135
4682 41 157 134
4683 38 19 134
4684 9 213 134
4685 10 83 134
4686 11 75 134
4687 12 153 134
4688 13 162 134
4689 14 217 134
4690 15 14 134
4691 16 203 134
4692 17 73 134
4693 18 89 134
4694 55 36 136
4695 51 64 136
4696 48 214 136
4697 45 207 135
4698 43 37 134
4699 40 173 134
4700 19 74 134
4701 20 180 134
4702 21 255 134
4703 22 158 134
4704 23 149 134
4705 24 197 134
4706 25 248 134
4707 26 4 134
4708 27 115 134
4709 54 172 137
4710 52 182 136
4711 49 91 136
4712 47 241 135
4713 42 85 135
4714 39 115 135
4715 36 14 134
4716 34 218 134
4717 29 121 134
4718 28 139 134
4719 30 80 134
4720 31 122 134
4721 32 89 134
4722 33 102 134
4723 57 177 137
4724 53 174 137
4725 50 116 136
4726 46 109 136
4727 44 210 136
4728 41 35 135
4729 38 109 135
4730 35 61 134
4731 37 205 134
4732 0 70 135
4733 1 34 135
4734 2 231 135
4735 3 239 135
4736 56 223 138
4737 55 81 137
4738 51 29 137
4739 48 105 137
4740 45 146 136
4741 43 149 135
4742 40 26 135
4743 4 144 135
4744 5 229 135
4745 6 72 135
4746 7 45 135
4747 8 154 135
4748 58 172 138
4749 54 151 138
4750 52 219 137
4751 49 238 137
4752 47 93 136
4753 42 186 136
4754 39 39 136
4755 36 93 135
4756 34 155 135
4757 9 184 135
4758 10 2 135
4759 59 43 139
4760 57 190 138
4761 53 119 138
4762 50 165 137
4763 46 176 137
4764 44 55 137
4765 41 52 136
4766 38 206 136
4767 35 120 135
4768 32 80 135
4769 61 33 139
4770 56 5 139
4771 55 255 138
4772 51 234 138
4773 48 156 138
4774 45 26 137
4775 43 64 136
4776 40 154 136
4777 36 120 136
4778 60 40 140
4779 58 94 139
4780 54 204 139
4781 52 39 138
4782 49 148 138
4783 47 199 137
4784 42 36 137
4785 39 15 137
4786 62 47 140
4787 59 152 140
4788 57 31 139
4789 53 74 139
4790 50 135 138
4791 46 56 138
4792 44 45 138
4793 63 76 141
4794 61 68 140
4795 56 125 140
4796 55 208 139
4797 51 98 139
4798 48 151 139
4799 64 38 141
4800 60 2 141
4801 58 147 140
4802 54 37 140
4803 52 102 139
4804 65 46 141
4805 62 202 141
4806 59 101 141
4807 56 153 141
4808 67 195 142
4809 63 179 142
4810 61 206 141
4811 66 56 143
4812 64 218 142
4813 68 109 143
4814 11 8 135
4815 12 249 135
4816 13 51 135
4817 14 123 135
4818 15 244 135
4819 16 184 135
4820 17 167 135
4821 18 119 135
4822 19 133 135
4823 20 191 135
4824 21 94 135
4825 22 89 135
4826 23 35 135
4827 24 58 135
4828 25 79 135
4829 26 60 135
4830 27 83 135
4831 28 219 135
4832 29 86 135
4833 30 61 135
4834 31 250 135
4835 33 178 135
4836 37 88 135
4837 0 140 136
4838 1 145 136
4839 2 26 136
4840 3 59 136
4841 4 66 136
4842 5 108 136
4843 6 98 136
4844 7 168 136
4845 8 161 136
4846 9 154 136
4847 10 223 136
4848 11 157 136
4849 12 63 136
4850 13 4 136
4851 14 223 136
4852 15 129 136
4853 16 127 136
4854 17 249 136
4855 18 229 136
4856 19 179 136
4857 20 51 136
4858 21 11 136
4859 22 71 136
4860 23 126 136
4861 24 157 136
4862 25 82 136
4863 26 218 136
4864 27 177 136
4865 28 236 136
4866 29 241 136
4867 30 118 136
4868 31 81 136
4869 32 138 136
4870 33 198 136
4871 34 40 136
4872 35 80 136
4873 37 128 136
4874 0 60 137
4875 1 92 137
4876 2 154 137
4877 3 171 137
4878 4 252 137
4879 5 187 137
4880 6 255 137
4881 7 232 137
4882 8 92 137
4883 9 65 137
4884 10 230 137
4885 11 143 137
4886 12 245 137
4887 13 157 137
4888 14 62 137
4889 15 47 137
4890 16 44 137
4891 17 236 137
4892 18 251 137
4893 19 114 137
4894 20 139 137
4895 21 182 137
4896 22 26 137
4897 23 124 137
4898 24 193 137
4899 25 62 137
4900 26 145 137
4901 27 250 137
4902 28 215 137
4903 29 197 137
4904 30 123 137
4905 31 187 137
4906 32 222 137
4907 33 240 137
4908 34 118 137
4909 35 73 137
4910 36 170 137
4911 37 67 137
4912 38 67 137
4913 40 195 137
4914 41 8 137
4915 43 238 137
4916 0 53 138
4917 1 80 138
4918 2 234 138
4919 3 132 138
4920 4 130 138
4921 5 97 138
4922 6 139 138
4923 7 251 138
4924 8 111 138
4925 9 235 138
4926 10 111 138
4927 11 70 138
4928 12 162 138
4929 13 161 138
4930 14 131 138
4931 15 6 138
4932 16 82 138
4933 17 194 138
4934 18 169 138
4935 19 187 138
4936 20 242 138
4937 21 115 138
4938 22 186 138
4939 23 169 138
4940 24 4 138
4941 25 155 138
4942 26 115 138
4943 27 85 138
4944 28 169 138
4945 29 187 138
4946 30 41 138
4947 31 143 138
4948 32 121 138
4949 33 243 138
4950 34 22 138
4951 35 253 138
4952 36 229 138
4953 37 151 138
4954 38 106 138
4955 39 134 138
4956 40 80 138
4957 41 214 138
4958 42 250 138
4959 43 157 138
4960 45 103 138
4961 47 167 138
4962 0 206 139
4963 1 137 139
4964 2 78 139
4965 3 15 139
4966 4 57 139
4967 5 67 139
4968 6 190 139
4969 7 129 139
4970 8 82 139
4971 9 137 139
4972 10 253 139
4973 11 79 139
4974 12 150 139
4975 13 118 139
4976 14 65 139
4977 15 255 139
4978 16 102 139
4979 17 233 139
4980 18 204 139
4981 19 70 139
4982 20 114 139
4983 21 86 139
4984 22 248 139
4985 23 118 139
4986 24 10 139
4987 25 99 139
4988 26 256 139
4989 27 106 139
4990 28 154 139
4991 29 92 139
4992 30 181 139
4993 31 81 139
4994 32 55 139
4995 33 219 139
4996 34 39 139
4997 35 178 139
4998 36 65 139
4999 37 72 139
5000 38 46 139
5001 39 198 139
5002 40 53 139
5003 41 244 139
5004 42 4 139
5005 43 201 139
5006 44 108 139
5007 45 191 139
5008 46 175 139
5009 47 146 139
5010 49 235 139
5011 50 52 139
5012 0 209 140
5013 1 24 140
5014 2 123 140
5015 3 225 140
5016 4 249 140
5017 5 20 140
5018 6 138 140
5019 7 116 140
5020 8 220 140
5021 9 62 140
5022 10 110 140
5023 11 156 140
5024 12 56 140
5025 13 200 140
5026 14 239 140
5027 15 154 140
5028 16 176 140
5029 17 240 140
5030 18 62 140
5031 19 10 140
5032 20 24 140
5033 21 4 140
5034 22 230 140
5035 23 91 140
5036 24 191 140
5037 25 48 140
5038 26 172 140
5039 27 178 140
5040 28 229 140
5041 29 156 140
5042 30 163 140
5043 31 212 140
5044 32 223 140
5045 33 135 140
5046 34 100 140
5047 35 185 140
5048 36 63 140
5049 37 241 140
5050 38 19 140
5051 39 56 140
5052 40 210 140
5053 41 70 140
5054 42 162 140
5055 43 249 140
5056 44 26 140
5057 45 207 140
5058 46 71 140
5059 47 44 140
5060 48 168 140
5061 49 202 140
5062 50 236 140
5063 51 84 140
5064 52 11 140
5065 53 85 140
5066 55 52 140
5067 57 187 140
5068 0 114 141
5069 1 200 141
5070 2 183 141
5071 3 171 141
5072 4 124 141
5073 5 100 141
5074 6 14 141
5075 7 21 141
5076 8 58 141
5077 9 225 141
5078 10 167 141
5079 11 231 141
5080 12 202 141
5081 13 210 141
5082 14 45 141
5083 15 154 141
5084 16 110 141
5085 17 227 141
5086 18 218 141
5087 19 252 141
5088 20 50 141
5089 21 103 141
5090 22 7 141
5091 23 2 141
5092 24 185 141
5093 25 108 141
5094 26 213 141
5095 27 48 141
5096 28 143 141
5097 29 54 141
5098 30 163 141
5099 31 10 141
5100 32 220 141
5101 33 10 141
5102 34 143 141
5103 35 241 141
5104 36 67 141
5105 37 101 141
5106 38 143 141
5107 39 114 141
5108 40 96 141
5109 41 119 141
5110 42 202 141
5111 43 156 141
5112 44 19 141
5113 45 157 141
5114 46 148 141
5115 47 50 141
5116 48 116 141
5117 49 131 141
5118 50 104 141
5119 51 243 141
5120 52 82 141
5121 53 117 141
5122 54 143 141
5123 55 246 141
5124 57 253 141
5125 58 197 141
5126 0 196 142
5127 1 8 142
5128 2 150 142
5129 3 179 142
5130 4 216 142
5131 5 86 142
5132 6 66 142
5133 7 100 142
5134 8 162 142
5135 9 116 142
5136 10 172 142
5137 11 3 142
5138 12 116 142
5139 13 83 142
5140 14 146 142
5141 15 127 142
5142 16 147 142
5143 17 191 142
5144 18 210 142
5145 19 4 142
5146 20 70 142
5147 21 154 142
5148 22 200 142
5149 23 202 142
5150 24 99 142
5151 25 40 142
5152 26 109 142
5153 27 175 142
5154 28 16 142
5155 29 256 142
5156 30 255 142
5157 31 39 142
5158 32 53 142
5159 33 137 142
5160 34 91 142
5161 35 103 142
5162 36 69 142
5163 37 100 142
5164 38 180 142
5165 39 139 142
5166 40 134 142
5167 41 42 142
5168 43 76 142
5169 42 154 142
5170 44 144 142
5171 45 131 142
5172 46 243 142
5173 47 125 142
5174 48 200 142
5175 49 5 142
5176 50 230 142
5177 51 99 142
5178 52 217 142
5179 53 78 142
5180 54 188 142
5181 55 194 142
5182 56 35 142
5183 57 100 142
5184 58 53 142
5185 59 67 142
5186 60 82 142
5187 61 95 142
5188 62 250 142
5189 65 17 142
5190 0 94 143
5191 1 216 143
5192 2 99 143
5193 3 150 143
5194 4 221 143
5195 5 70 143
5196 6 254 143
5197 7 220 143
5198 8 238 143
5199 9 223 143
5200 10 220 143
5201 11 236 143
5202 12 223 143
5203 13 249 143
5204 14 170 143
5205 15 161 143
5206 16 116 143
5207 17 122 143
5208 18 94 143
5209 19 14 143
5210 20 223 143
5211 21 122 143
5212 22 26 143
5213 23 224 143
5214 24 133 143
5215 25 75 143
5216 26 229 143
5217 27 98 143
5218 28 3 143
5219 29 85 143
5220 30 112 143
5221 31 215 143
5222 32 108 143
5223 33 123 143
5224 34 194 143
5225 35 179 143
5226 36 9 143
5227 37 208 143
5228 38 228 143
5229 39 19 143
5230 40 93 143
5231 41 17 143
5232 42 141 143
5233 43 190 143
5234 44 106 143
5235 45 16 143
5236 46 165 143
5237 47 163 143
5238 48 121 143
5239 49 105 143
5240 50 234 143
5241 51 82 143
5242 52 154 143
5243 53 174 143
5244 54 108 143
5245 0 244 144
5246 55 29 143
5247 0 167 145
5248 56 187 143
5249 57 49 143
5250 58 245 143
5251 59 122 143
5252 60 229 143
5253 61 214 143
5254 62 172 143
5255 63 256 143
5256 64 208 143
5257 65 208 143
5258 67 173 143
5259 1 195 144
5260 2 162 144
5261 3 20 144
5262 4 39 144
5263 5 135 144
5264 6 91 144
5265 7 248 144
5266 8 38 144
5267 9 182 144
5268 10 118 144
5269 11 57 144
5270 12 224 144
5271 13 145 144
5272 14 58 144
5273 15 38 144
5274 16 152 144
5275 17 107 144
5276 18 72 144
5277 69 20 144
5278 71 106 144
5279 1 62 145
5280 0 209 146
5281 1 230 146
5282 19 113 144
5283 21 92 144
5284 20 62 144
5285 22 241 144
5286 23 19 144
5287 24 172 144
5288 25 128 144
5289 26 61 144
5290 27 216 144
5291 28 217 144
5292 29 102 144
5293 30 158 144
5294 31 220 144
5295 32 252 144
5296 33 213 144
5297 34 152 144
5298 35 153 144
5299 36 26 144
5300 37 91 144
5301 38 95 144
5302 39 66 144
5303 40 253 144
5304 41 176 144
5305 42 190 144
5306 43 121 144
5307 44 130 144
5308 45 180 144
5309 46 109 144
5310 47 67 144
5311 66 235 144
5312 68 89 144
5313 70 206 144
5314 48 153 144
5315 49 238 144
5316 50 239 144
5317 51 160 144
5318 52 67 144
5319 53 181 144
5320 54 228 144
5321 55 128 144
5322 56 116 144
5323 57 95 144
5324 58 111 144
5325 59 41 144
5326 60 45 144
5327 61 36 144
5328 62 209 144
5329 63 22 144
5330 64 133 144
5331 65 170 144
5332 67 182 144
5333 2 156 145
5334 3 120 145
5335 4 217 145
5336 5 208 145
5337 6 131 145
5338 7 20 145
5339 8 148 145
5340 9 143 145
5341 10 232 145
5342 11 95 145
5343 12 76 145
5344 13 253 145
5345 14 254 145
5346 15 202 145
5347 16 104 145
5348 17 188 145
5349 18 219 145
5350 19 85 145
5351 20 104 145
5352 21 134 145
5353 22 216 145
5354 23 186 145
5355 24 167 145
5356 25 124 145
5357 26 215 145
5358 27 253 145
5359 28 100 145
5360 29 20 145
5361 30 52 145
5362 31 228 145
5363 32 187 145
5364 33 145 145
5365 34 51 145
5366 35 249 145
5367 36 26 145
5368 37 81 145
5369 38 253 145
5370 39 220 145
5371 40 164 145
5372 41 205 145
5373 42 226 145
5374 43 229 145
5375 44 173 145
5376 45 80 145
5377 46 9 145
5378 47 143 145
5379 48 81 145
5380 49 26 145
5381 50 83 145
5382 51 234 145
5383 52 52 145
5384 53 75 145
5385 54 17 145
5386 55 179 145
5387 56 93 145
5388 57 162 145
5389 58 225 145
5390 59 254 145
5391 60 185 145
5392 61 58 145
5393 62 253 145
5394 63 197 145
5395 64 172 145
5396 65 72 145
5397 66 123 145
5398 67 158 145
5399 68 114 145
5400 69 23 145
5401 70 118 145
5402 71 194 145
5403 72 148 145
5404 2 34 146
5405 3 123 146
5406 4 214 146
5407 5 95 146
5408 6 164 146
5409 8 53 146
5410 7 154 146
5411 9 62 146
5412 10 108 146
5413 11 48 146
5414 12 142 146
5415 13 42 146
5416 14 126 146
5417 15 156 146
5418 16 30 146
5419 17 44 146
5420 18 117 146
5421 19 31 146
5422 20 178 146
5423 21 93 146
5424 22 234 146
5425 23 169 146
5426 24 164 146
5427 25 68 146
5428 26 229 146
5429 27 5 146
5430 28 166 146
5431 29 81 146
5432 30 226 146
5433 31 58 146
5434 32 86 146
5435 33 25 146
5436 34 217 146
5437 35 210 146
5438 36 241 146
5439 37 51 146
5440 38 39 146
5441 39 133 146
5442 40 191 146
5443 41 213 146
5444 42 110 146
5445 43 29 146
5446 44 256 146
5447 45 242 146
5448 46 52 146
5449 47 65 146
5450 48 20 146
5451 49 97 146
5452 50 128 146
5453 51 99 146
5454 52 142 146
5455 53 253 146
5456 54 151 146
5457 55 91 146
5458 56 1 146
5459 57 225 146
5460 58 220 146
5461 59 114 146
5462 60 110 146
5463 61 81 146
5464 62 10 146
5465 63 145 146
5466 64 23 146
5467 65 248 146
5468 66 147 146
5469 67 123 146
5470 68 153 146
5471 69 53 146
5472 70 225 146
5473 71 191 146
5474 72 120 146
5475 73 99 146
5476 0 93 147
5477 1 242 147
5478 2 247 147
5479 3 159 147
5480 4 12 147
5481 5 105 147
5482 6 43 147
5483 7 55 147
5484 8 65 147
5485 9 11 147
5486 10 256 147
5487 11 224 147
5488 12 98 147
5489 13 214 147
5490 14 7 147
5491 15 13 147
5492 16 145 147
5493 17 216 147
5494 18 99 147
5495 19 147 147
5496 20 222 147
5497 21 16 147
5498 22 45 147
5499 23 96 147
5500 24 202 147
5501 25 79 147
5502 26 96 147
5503 27 157 147
5504 28 122 147
5505 29 238 147
5506 30 38 147
5507 31 236 147
5508 32 166 147
5509 33 253 147
5510 34 116 147
5511 35 113 147
5512 36 98 147
5513 37 84 147
5514 38 91 147
5515 39 228 147
5516 40 193 147
5517 41 8 147
5518 42 218 147
5519 43 59 147
5520 44 216 147
5521 45 244 147
5522 46 159 147
5523 47 182 147
5524 48 86 147
5525 49 54 147
5526 50 101 147
5527 51 70 147
5528 52 83 147
5529 53 92 147
5530 54 65 147
5531 55 175 147
5532 56 52 147
5533 57 210 147
5534 58 252 147
5535 59 155 147
5536 60 127 147
5537 61 89 147
5538 62 150 147
5539 63 127 147
5540 64 176 147
5541 65 31 147
5542 66 63 147
5543 67 214 147
5544 68 170 147
5545 69 237 147
5546 70 36 147
5547 71 54 147
5548 72 136 147
5549 73 252 147
5550 0 111 148
5551 1 200 148
5552 2 74 148
5553 3 121 148
weights 149 149 149 149 148 148 148 148 148 148 148 148 148 148 148 148 148 148 148 148 148 148 148 148 148 148 148 148 148 148 148 148 148 148 148 148 148 148 148 148 148 148 148 148 148 148 148 148 148 148 148 148 148 148 148 148 148 148 148 148 148 148 148 148 148 148 148 148 148 148 148 148 148 148
