39 0 0 1443 18 21 15 17 7 13 13 13 12 9 12 6 11 7 10 11 9 9 7 4 10
39 0 0 1440 18 21 15 18 6 13 14 12 13 7 14 5 11 9 6 13 8 9 12 5 5
39 0 0 1430 18 21 16 13 10 12 16 11 10 14 10 5 10 9 10 10 11 5 6 12 5
39 0 0 1440 18 21 16 13 10 12 16 11 12 9 12 6 11 9 4 15 9 8 8 9 5
39 0 0 1430 18 21 16 13 10 13 13 13 10 14 10 5 9 12 7 11 11 5 6 12 5
39 0 0 1430 18 21 16 14 9 13 13 13 10 13 11 5 9 9 12 9 9 8 3 14 5
39 0 0 1438 18 21 16 14 9 13 13 13 10 13 11 5 9 10 9 11 10 6 5 8 10
39 0 0 1437 18 21 16 15 8 12 17 10 10 14 10 5 10 8 11 10 11 3 8 12 5
39 0 0 1426 18 21 16 15 8 13 14 12 10 14 10 5 9 11 8 11 11 3 8 12 5
39 0 0 1436 18 21 16 15 8 13 14 12 11 11 13 4 10 8 11 10 9 9 2 14 5
39 0 0 1444 18 21 16 15 8 13 14 12 11 11 13 4 10 9 8 12 10 7 4 8 10
39 0 0 1442 18 21 16 15 8 14 11 14 12 9 12 6 10 9 8 12 8 10 6 5 10
39 0 0 1440 18 21 16 16 7 13 14 12 10 13 11 5 9 9 10 11 10 4 7 8 10
39 0 0 1431 18 21 16 16 7 13 15 11 13 7 14 5 11 8 7 13 7 10 11 6 5
39 0 0 1436 18 21 16 16 7 14 11 14 11 11 10 7 9 9 10 11 8 7 9 5 10
39 0 0 1434 18 21 16 16 7 14 12 13 10 15 9 5 9 10 13 7 11 4 7 12 5
39 0 0 1443 18 21 16 16 7 14 12 13 13 7 14 5 10 11 4 14 7 10 11 6 5
39 0 0 1438 18 21 16 17 6 13 15 11 11 11 13 4 10 7 12 10 9 7 4 14 5
39 0 0 1443 18 21 16 17 6 13 15 11 12 9 12 6 11 4 15 9 7 10 6 11 5
39 0 0 1441 18 21 16 17 6 14 12 13 12 9 12 6 10 8 9 12 8 8 8 5 10
39 0 0 1441 18 21 16 17 6 14 12 13 13 6 15 5 10 8 9 12 5 13 8 8 5
39 0 0 1442 18 21 17 11 11 13 14 12 10 14 10 5 9 11 8 11 10 6 5 13 5
39 0 0 1437 18 21 17 12 10 12 17 10 11 11 10 7 10 8 7 14 8 6 10 10 5
39 0 0 1430 18 21 17 13 9 13 15 11 10 14 10 5 9 10 9 11 10 4 7 13 5
39 0 0 1421 18 21 17 13 9 13 15 11 11 11 13 4 9 11 6 13 8 7 9 10 5
39 0 0 1435 18 21 17 14 8 12 17 10 10 11 13 5 8 9 8 14 6 6 10 12 5
39 0 0 1443 18 21 17 14 8 13 15 11 10 13 11 5 9 8 11 11 9 5 6 9 10
39 0 0 1442 18 21 17 14 8 13 16 10 12 9 15 3 10 10 5 14 8 8 8 10 5
39 0 0 1444 18 21 17 14 8 14 12 13 10 13 11 5 7 14 5 13 8 4 12 10 5
39 0 0 1443 18 21 17 14 8 14 12 13 10 13 11 5 8 11 8 12 9 5 6 9 10
39 0 0 1422 18 21 17 14 8 14 12 13 11 10 14 4 8 11 8 12 6 10 6 12 5
