p 263 h 73 constraints 5554
0 0 1 0
1 0 1 1
2 0 1 2
3 0 1 3
4 0 1 4
5 0 1 5
6 0 1 6
7 0 1 7
8 0 1 8
9 0 1 9
10 0 1 10
11 0 1 11
12 0 1 12
13 0 1 13
14 0 1 14
15 0 1 15
16 0 1 16
17 0 1 17
18 0 1 18
19 0 1 19
20 0 1 20
21 0 1 21
22 0 1 22
23 0 1 23
24 0 1 24
25 0 1 25
26 0 1 26
27 0 1 27
28 0 1 28
29 0 1 29
30 0 1 30
31 0 1 31
32 0 1 32
33 0 1 33
34 1 1 2
35 1 1 3
36 1 1 4
37 1 1 5
38 1 1 6
39 1 1 7
40 1 1 8
41 1 1 9
42 1 1 10
43 1 1 11
44 1 1 12
45 1 1 13
46 1 1 14
47 1 1 15
48 1 1 16
49 1 1 17
50 1 1 18
51 1 1 19
52 1 1 20
53 1 1 21
54 1 1 22
55 1 1 23
56 1 1 24
57 1 1 25
58 1 1 26
59 1 1 27
60 1 1 28
61 1 1 29
62 1 1 30
63 1 1 31
64 1 1 32
65 1 1 33
66 2 1 4
67 2 1 5
68 2 1 6
69 2 1 7
70 2 1 8
71 2 1 9
72 2 1 10
73 2 1 11
74 2 1 12
75 2 1 13
76 2 1 14
77 2 1 15
78 2 1 16
79 2 1 17
80 2 1 18
81 2 1 19
82 2 1 20
83 2 1 21
84 2 1 22
85 2 1 23
86 2 1 24
87 2 1 25
88 2 1 26
89 2 1 27
90 2 1 28
91 2 1 29
92 2 1 30
93 2 1 31
94 2 1 32
95 2 1 33
96 3 1 6
97 3 1 7
98 3 1 8
99 3 1 9
100 3 1 10
101 3 1 11
102 3 1 12
103 3 1 13
104 3 1 14
105 3 1 15
106 3 1 16
107 3 1 17
108 3 1 18
109 3 1 19
110 3 1 20
111 3 1 21
112 3 1 22
113 3 1 23
114 3 1 24
115 3 1 25
116 3 1 26
117 3 1 27
118 3 1 28
119 3 1 29
120 3 1 30
121 3 1 31
122 3 1 32
123 3 1 33
124 4 1 8
125 4 1 9
126 4 1 10
127 4 1 11
128 4 1 12
129 4 1 13
130 4 1 14
131 4 1 15
132 4 1 16
133 4 1 17
134 4 1 18
135 4 1 19
136 4 1 20
137 4 1 21
138 4 1 22
139 4 1 23
140 4 1 24
141 4 1 25
142 4 1 26
143 4 1 27
144 4 1 28
145 4 1 29
146 4 1 30
147 4 1 31
148 4 1 32
149 4 1 33
150 5 1 10
151 5 1 11
152 5 1 12
153 5 1 13
154 5 1 14
155 5 1 15
156 5 1 16
157 5 1 17
158 5 1 18
159 5 1 19
160 5 1 20
161 5 1 21
162 5 1 22
163 5 1 23
164 5 1 24
165 5 1 25
166 5 1 26
167 5 1 27
168 5 1 28
169 5 1 29
170 5 1 30
171 5 1 31
172 5 1 32
173 5 1 33
174 6 1 12
175 6 1 13
176 6 1 14
177 6 1 15
178 6 1 16
179 6 1 17
180 6 1 18
181 6 1 19
182 6 1 20
183 6 1 21
184 6 1 22
185 6 1 23
186 6 1 24
187 6 1 25
188 6 1 26
189 6 1 27
190 6 1 28
191 6 1 29
192 6 1 30
193 6 1 31
194 6 1 32
195 6 1 33
196 7 1 14
197 7 1 15
198 7 1 16
199 7 1 17
200 7 1 18
201 7 1 19
202 7 1 20
203 7 1 21
204 7 1 22
205 7 1 23
206 7 1 24
207 7 1 25
208 7 1 26
209 7 1 27
210 7 1 28
211 7 1 29
212 7 1 30
213 7 1 31
214 7 1 32
215 7 1 33
216 8 1 16
217 8 1 17
218 8 1 18
219 8 1 19
220 8 1 20
221 8 1 21
222 8 1 22
223 8 1 23
224 8 1 24
225 8 1 25
226 8 1 26
227 8 1 27
228 8 1 28
229 8 1 29
230 8 1 30
231 8 1 31
232 8 1 32
233 8 1 33
234 9 1 18
235 9 1 19
236 9 1 20
237 9 1 21
238 9 1 22
239 9 1 23
240 9 1 24
241 9 1 25
242 9 1 26
243 9 1 27
244 9 1 28
245 9 1 29
246 9 1 30
247 9 1 31
248 9 1 32
249 9 1 33
250 10 1 20
251 10 1 21
252 10 1 22
253 10 1 23
254 10 1 24
255 10 1 25
256 10 1 26
257 10 1 27
258 10 1 28
259 10 1 29
260 10 1 30
261 10 1 31
262 10 1 32
263 10 1 33
264 11 1 22
265 11 1 23
266 11 1 24
267 11 1 25
268 11 1 26
269 11 1 27
270 11 1 28
271 11 1 29
272 11 1 30
273 11 1 31
274 11 1 32
275 11 1 33
276 12 1 24
277 12 1 25
278 12 1 26
279 12 1 27
280 12 1 28
281 12 1 29
282 12 1 30
283 12 1 31
284 12 1 32
285 12 1 33
286 13 1 26
287 13 1 27
288 13 1 28
289 13 1 29
290 13 1 30
291 13 1 31
292 13 1 32
293 13 1 33
294 14 1 28
295 14 1 29
296 14 1 30
297 14 1 31
298 14 1 32
299 14 1 33
300 15 1 30
301 15 1 31
302 15 1 32
303 15 1 33
304 16 1 32
305 16 1 33
306 17 262 34
307 17 262 35
308 16 1 34
309 16 1 35
310 15 262 34
311 15 262 35
312 14 1 34
313 14 1 35
314 13 262 34
315 13 262 35
316 12 1 34
317 12 1 35
318 11 262 34
319 11 262 35
320 10 1 34
321 10 1 35
322 9 262 34
323 9 262 35
324 8 1 34
325 8 1 35
326 7 262 34
327 18 262 36
328 18 262 37
329 17 1 36
330 17 1 37
331 16 262 36
332 16 262 37
333 15 1 36
334 15 1 37
335 14 262 36
336 14 262 37
337 13 1 36
338 13 1 37
339 12 262 36
340 12 262 37
341 11 1 36
342 11 1 37
343 10 262 36
344 10 262 37
345 9 1 36
346 9 1 37
347 19 262 38
348 19 262 39
349 18 1 38
350 18 1 39
351 17 262 38
352 17 262 39
353 16 1 38
354 16 1 39
355 15 262 38
356 15 262 39
357 14 1 38
358 14 1 39
359 13 262 38
360 13 262 39
361 12 1 38
362 12 1 39
363 11 262 38
364 11 262 39
365 10 1 38
366 20 262 40
367 20 262 41
368 19 1 40
369 19 1 41
370 18 262 40
371 18 262 41
372 17 1 40
373 17 1 41
374 16 262 40
375 16 262 41
376 15 1 40
377 15 1 41
378 14 262 40
379 14 262 41
380 13 1 40
381 13 1 41
382 12 262 40
383 12 262 41
384 21 262 42
385 21 262 43
386 20 1 42
387 20 1 43
388 19 262 42
389 19 262 43
390 18 1 42
391 18 1 43
392 17 262 42
393 17 262 43
394 16 1 42
395 16 1 43
396 15 262 42
397 15 262 43
398 14 1 42
399 14 1 43
400 13 262 42
401 22 262 44
402 22 262 45
403 21 1 44
404 21 1 45
405 20 262 44
406 20 262 45
407 19 1 44
408 19 1 45
409 18 262 44
410 18 262 45
411 17 1 44
412 17 1 45
413 16 262 44
414 16 262 45
415 15 1 44
416 15 1 45
417 23 262 46
418 23 262 47
419 22 1 46
420 22 1 47
421 21 262 46
422 21 262 47
423 20 1 46
424 20 1 47
425 19 262 46
426 19 262 47
427 18 1 46
428 18 1 47
429 17 262 46
430 17 262 47
431 16 1 46
432 24 262 48
433 24 262 49
434 23 1 48
435 23 1 49
436 22 262 48
437 22 262 49
438 21 1 48
439 21 1 49
440 20 262 48
441 20 262 49
442 19 1 48
443 19 1 49
444 18 262 48
445 18 262 49
446 25 262 50
447 25 262 51
448 24 1 50
449 24 1 51
450 23 262 50
451 23 262 51
452 22 1 50
453 22 1 51
454 21 262 50
455 21 262 51
456 20 1 50
457 20 1 51
458 19 262 50
459 26 262 52
460 26 262 53
461 25 1 52
462 25 1 53
463 24 262 52
464 24 262 53
465 23 1 52
466 23 1 53
467 22 262 52
468 22 262 53
469 21 1 52
470 21 1 53
471 27 262 54
472 27 262 55
473 26 1 54
474 26 1 55
475 25 262 54
476 25 262 55
477 24 1 54
478 24 1 55
479 23 262 54
480 23 262 55
481 22 1 54
482 28 262 56
483 28 262 57
484 27 1 56
485 27 1 57
486 26 262 56
487 26 262 57
488 25 1 56
489 25 1 57
490 24 262 56
491 24 262 57
492 29 262 58
493 29 262 59
494 28 1 58
495 28 1 59
496 27 262 58
497 27 262 59
498 26 1 58
499 26 1 59
500 25 262 58
501 30 262 60
502 30 262 61
503 29 1 60
504 29 1 61
505 28 262 60
506 28 262 61
507 27 1 60
508 27 1 61
509 31 262 62
510 31 262 63
511 30 1 62
512 30 1 63
513 29 262 62
514 29 262 63
515 28 1 62
516 32 262 64
517 32 262 65
518 31 1 64
519 31 1 65
520 30 262 64
521 30 262 65
522 33 262 66
523 33 262 67
524 32 1 66
525 32 1 67
526 31 262 66
527 34 262 68
528 34 262 69
529 33 1 68
530 33 1 69
531 35 262 70
532 35 262 71
533 34 1 70
534 36 262 72
535 36 262 73
536 37 262 74
537 38 244 76
538 37 94 75
539 35 227 72
540 34 12 71
541 32 1 68
542 31 175 67
543 29 168 64
544 28 207 63
545 26 83 60
546 25 60 59
547 23 5 56
548 22 86 55
549 20 51 52
550 19 246 51
551 17 152 48
552 39 244 78
553 38 94 77
554 36 227 74
555 35 12 73
556 33 1 70
557 32 175 69
558 30 168 66
559 29 207 65
560 27 83 62
561 26 60 61
562 24 5 58
563 23 86 57
564 21 51 54
565 20 246 53
566 40 244 80
567 39 94 79
568 37 227 76
569 36 12 75
570 34 1 72
571 33 175 71
572 31 168 68
573 30 207 67
574 28 83 64
575 27 60 63
576 25 5 60
577 24 86 59
578 22 51 56
579 41 244 82
580 40 94 81
581 38 227 78
582 37 12 77
583 35 1 74
584 34 175 73
585 32 168 70
586 31 207 69
587 29 83 66
588 28 60 65
589 26 5 62
590 25 86 61
591 42 244 84
592 41 94 83
593 39 227 80
594 38 12 79
595 36 1 76
596 35 175 75
597 33 168 72
598 32 207 71
599 30 83 68
600 29 60 67
601 27 5 64
602 43 244 86
603 42 94 85
604 40 227 82
605 39 12 81
606 37 1 78
607 36 175 77
608 34 168 74
609 33 207 73
610 31 83 70
611 30 60 69
612 44 244 88
613 43 94 87
614 41 227 84
615 40 12 83
616 38 1 80
617 37 175 79
618 35 168 76
619 34 207 75
620 32 83 72
621 45 244 90
622 44 94 89
623 42 227 86
624 41 12 85
625 39 1 82
626 38 175 81
627 36 168 78
628 35 207 77
629 46 244 92
630 45 94 91
631 43 227 88
632 42 12 87
633 40 1 84
634 39 175 83
635 37 168 80
636 47 244 94
637 46 94 93
638 44 227 90
639 43 12 89
640 41 1 86
641 40 175 85
642 48 244 96
643 47 94 95
644 45 227 92
645 44 12 91
646 42 1 88
647 49 244 98
648 48 94 97
649 46 227 94
650 45 12 93
651 50 244 100
652 49 94 99
653 47 227 96
654 51 244 102
655 50 94 101
656 52 244 104
657 53 50 106
658 51 67 103
659 48 21 98
660 46 86 95
661 43 235 90
662 41 236 87
663 38 125 82
664 36 36 79
665 33 184 74
666 31 215 71
667 54 50 108
668 52 67 105
669 49 21 100
670 47 86 97
671 44 235 92
672 42 236 89
673 39 125 84
674 37 36 81
675 34 184 76
676 55 50 110
677 53 67 107
678 50 21 102
679 48 86 99
680 45 235 94
681 43 236 91
682 40 125 86
683 38 36 83
684 56 50 112
685 54 67 109
686 51 21 104
687 49 86 101
688 46 235 96
689 44 236 93
690 41 125 88
691 57 50 114
692 55 67 111
693 52 21 106
694 50 86 103
695 47 235 98
696 45 236 95
697 58 50 116
698 56 67 113
699 53 21 108
700 51 86 105
701 48 235 100
702 59 50 118
703 57 67 115
704 54 21 110
705 52 86 107
706 60 50 120
707 58 67 117
708 55 21 112
709 61 50 122
710 59 67 119
711 62 50 124
712 63 176 126
713 60 161 121
714 56 241 114
715 53 210 109
716 49 200 102
717 46 171 97
718 42 238 90
719 64 176 128
720 61 161 123
721 57 241 116
722 54 210 111
723 50 200 104
724 47 171 99
725 65 176 130
726 62 161 125
727 58 241 118
728 55 210 113
729 51 200 106
730 66 176 132
731 63 161 127
732 59 241 120
733 56 210 115
734 67 176 134
735 64 161 129
736 60 241 122
737 68 176 136
738 65 161 131
739 69 176 138
740 0 1 34
741 1 259 34
742 2 16 34
743 3 199 34
744 4 256 34
745 5 28 34
746 6 151 34
747 0 166 35
748 1 44 35
749 2 16 35
750 3 165 35
751 4 95 35
752 5 99 35
753 6 247 35
754 7 78 35
755 0 262 36
756 8 234 36
757 0 1 37
758 0 1 38
759 0 1 39
760 10 85 39
761 0 262 40
762 11 255 40
763 0 1 41
764 0 1 42
765 1 1 36
766 2 259 36
767 3 16 36
768 4 199 36
769 5 256 36
770 6 28 36
771 7 151 36
772 1 166 37
773 2 44 37
774 3 16 37
775 4 165 37
776 5 95 37
777 6 99 37
778 7 247 37
779 8 78 37
780 1 262 38
781 9 234 38
782 1 1 39
783 1 1 40
784 1 1 41
785 11 85 41
786 1 262 42
787 12 255 42
788 1 1 43
789 2 1 38
790 3 259 38
791 4 16 38
792 5 199 38
793 6 256 38
794 7 28 38
795 8 151 38
796 2 166 39
797 3 44 39
798 4 16 39
799 5 165 39
800 6 95 39
801 7 99 39
802 8 247 39
803 9 78 39
804 2 262 40
805 10 234 40
806 2 1 41
807 2 1 42
808 0 199 43
809 2 102 43
810 12 221 43
811 13 42 43
812 3 1 40
813 4 259 40
814 5 16 40
815 6 199 40
816 7 256 40
817 8 28 40
818 9 151 40
819 3 166 41
820 4 44 41
821 5 16 41
822 6 165 41
823 7 95 41
824 8 99 41
825 9 247 41
826 10 78 41
827 3 262 42
828 11 234 42
829 3 1 43
830 0 171 44
831 1 158 44
832 2 182 44
833 3 262 44
834 4 1 42
835 5 259 42
836 6 16 42
837 7 199 42
838 8 256 42
839 9 28 42
840 10 151 42
841 4 166 43
842 5 44 43
843 6 16 43
844 7 165 43
845 8 95 43
846 9 99 43
847 10 247 43
848 11 78 43
849 4 262 44
850 12 234 44
851 13 56 44
852 14 241 44
853 1 142 45
854 3 112 45
855 5 1 44
856 6 259 44
857 7 16 44
858 8 199 44
859 9 256 44
860 10 28 44
861 11 151 44
862 0 199 45
863 2 223 45
864 4 99 45
865 5 89 45
866 6 18 45
867 7 143 45
868 8 207 45
869 9 238 45
870 10 43 45
871 11 110 45
872 12 106 45
873 13 236 45
874 14 126 45
875 0 163 46
876 1 117 46
877 2 17 46
878 3 180 46
879 4 147 46
880 5 204 46
881 6 131 46
882 7 55 46
883 8 69 46
884 9 151 46
885 10 29 46
886 11 136 46
887 12 78 46
888 13 234 46
889 14 110 46
890 15 124 46
891 0 163 47
892 1 221 47
893 2 155 47
894 3 66 47
895 4 180 47
896 5 94 47
897 6 49 47
898 7 142 47
899 8 72 47
900 9 192 47
901 10 159 47
902 11 53 47
903 12 99 47
904 13 215 47
905 14 242 47
906 15 69 47
907 16 170 47
908 0 258 48
909 1 15 48
910 2 255 48
911 0 49 49
912 3 143 48
913 4 162 48
914 5 28 48
915 6 172 48
916 7 180 48
917 8 143 48
918 9 6 48
919 10 222 48
920 11 143 48
921 12 125 48
922 13 3 48
923 14 45 48
924 15 219 48
925 16 217 48
926 1 217 49
927 2 94 49
928 3 122 49
929 4 167 49
930 5 209 49
931 6 99 49
932 7 133 49
933 8 120 49
934 9 68 49
935 10 55 49
936 11 66 49
937 12 184 49
938 13 133 49
939 14 27 49
940 15 163 49
941 16 55 49
942 17 43 49
943 0 215 50
944 1 44 50
945 2 176 50
946 3 187 50
947 4 167 50
948 5 251 50
949 6 66 50
950 7 165 50
951 8 247 50
952 9 36 50
953 10 219 50
954 11 2 50
955 12 48 50
956 13 93 50
957 14 111 50
958 15 256 50
959 18 15 50
960 16 45 50
961 17 66 50
962 0 149 51
963 1 22 51
964 2 182 51
965 3 224 51
966 4 47 51
967 5 196 51
968 6 164 51
969 7 161 51
970 8 50 51
971 9 112 51
972 10 20 51
973 11 157 51
974 12 174 51
975 13 34 51
976 14 136 51
977 15 26 51
978 16 140 51
979 17 108 51
980 18 144 51
981 0 185 52
982 1 220 52
983 2 262 52
984 3 97 52
985 4 103 52
986 5 81 52
987 6 18 52
988 7 65 52
989 8 114 52
990 9 14 52
991 10 238 52
992 11 197 52
993 12 187 52
994 13 129 52
995 14 163 52
996 15 67 52
997 16 249 52
998 17 112 52
999 18 184 52
1000 19 138 52
1001 0 187 53
1002 1 91 53
1003 2 169 53
1004 3 124 53
1005 4 222 53
1006 5 184 53
1007 9 27 53
1008 10 157 53
1009 11 43 53
1010 12 206 53
1011 13 234 53
1012 14 38 53
1013 15 92 53
1014 16 61 53
1015 17 133 53
1016 18 128 53
1017 19 239 53
1018 0 212 54
1019 1 181 54
1020 2 142 54
1021 3 221 54
1022 4 232 54
1023 12 180 54
1024 13 242 54
1025 14 101 54
1026 15 178 54
1027 16 216 54
1028 17 121 54
1029 18 6 54
1030 19 163 54
1031 20 183 54
1032 0 229 55
1033 1 5 55
1034 2 192 55
1035 3 184 55
1036 17 1 55
1037 15 106 55
1038 16 25 55
1039 18 22 55
1040 19 87 55
1041 20 134 55
1042 21 250 55
1043 0 150 56
1044 1 115 56
1045 2 159 56
1046 17 2 56
1047 18 236 56
1048 19 95 56
1049 20 214 56
1050 21 255 56
1051 0 82 57
1052 1 256 57
1053 19 101 57
1054 20 262 57
1055 21 227 57
1056 22 89 57
1057 0 257 58
1058 21 262 58
1059 20 61 58
1060 22 262 58
1061 23 192 58
1062 22 100 59
1063 23 1 59
1064 24 1 60
1065 25 160 62
1066 24 183 61
1067 23 40 60
1068 22 20 60
1069 21 253 59
1070 20 258 59
1071 19 134 58
1072 18 196 57
1073 17 98 57
1074 16 214 56
1075 15 107 56
1076 14 78 55
1077 13 39 55
1078 12 151 55
1079 11 56 54
1080 10 28 54
1081 9 14 54
1082 8 256 53
1083 7 128 53
1084 26 103 63
1085 25 183 63
1086 24 40 62
1087 23 243 61
1088 22 253 61
1089 21 5 60
1090 20 134 60
1091 19 196 59
1092 18 165 58
1093 17 214 58
1094 16 156 57
1095 15 78 57
1096 14 224 56
1097 13 112 56
1098 12 56 56
1099 11 235 55
1100 10 249 55
1101 9 256 55
1102 27 103 65
1103 26 80 64
1104 25 40 64
1105 24 243 63
1106 23 10 62
1107 22 5 62
1108 21 129 61
1109 20 196 61
1110 19 165 60
1111 18 49 59
1112 17 156 59
1113 16 185 58
1114 15 224 58
1115 14 151 57
1116 13 207 57
1117 12 235 57
1118 11 14 56
1119 28 160 66
1120 27 80 66
1121 26 223 65
1122 25 243 65
1123 24 10 64
1124 23 258 63
1125 22 129 63
1126 21 67 62
1127 20 165 62
1128 19 49 61
1129 18 107 60
1130 17 185 60
1131 16 39 59
1132 15 151 59
1133 14 56 58
1134 13 28 58
1135 29 160 68
1136 28 183 67
1137 27 223 67
1138 26 20 66
1139 25 10 66
1140 24 258 65
1141 23 134 64
1142 22 67 64
1143 21 98 63
1144 20 49 63
1145 19 107 62
1146 18 78 61
1147 17 39 61
1148 16 112 60
1149 15 56 60
1150 30 160 70
1151 29 183 69
1152 28 40 68
1153 27 20 68
1154 26 253 67
1155 25 258 67
1156 24 134 66
1157 23 196 65
1158 22 98 65
1159 21 214 64
1160 20 107 64
1161 19 78 63
1162 18 224 62
1163 17 112 62
1164 31 160 72
1165 30 183 71
1166 29 40 70
1167 28 243 69
1168 27 253 69
1169 26 5 68
1170 25 134 68
1171 24 196 67
1172 23 165 66
1173 22 214 66
1174 21 156 65
1175 20 78 65
1176 19 224 64
1177 32 103 73
1178 31 183 73
1179 30 40 72
1180 29 243 71
1181 28 10 70
1182 27 5 70
1183 26 129 69
1184 25 196 69
1185 24 165 68
1186 23 49 67
1187 22 156 67
1188 21 185 66
1189 33 103 75
1190 32 80 74
1191 31 40 74
1192 30 243 73
1193 29 10 72
1194 28 258 71
1195 27 129 71
1196 26 67 70
1197 25 165 70
1198 24 49 69
1199 23 107 68
1200 34 103 77
1201 33 80 76
1202 32 223 75
1203 31 243 75
1204 30 10 74
1205 29 258 73
1206 28 134 72
1207 27 67 72
1208 26 98 71
1209 25 49 71
1210 35 160 78
1211 34 80 78
1212 33 223 77
1213 32 20 76
1214 31 10 76
1215 30 258 75
1216 29 134 74
1217 28 196 73
1218 27 98 73
1219 36 160 80
1220 35 183 79
1221 34 223 79
1222 33 20 78
1223 32 253 77
1224 31 258 77
1225 30 134 76
1226 29 196 75
1227 37 160 82
1228 36 183 81
1229 35 40 80
1230 34 20 80
1231 33 253 79
1232 32 5 78
1233 31 134 78
1234 38 160 84
1235 37 183 83
1236 36 40 82
1237 35 243 81
1238 34 253 81
1239 33 5 80
1240 39 103 85
1241 38 183 85
1242 37 40 84
1243 36 243 83
1244 35 10 82
1245 40 103 87
1246 39 80 86
1247 38 40 86
1248 37 243 85
1249 41 103 89
1250 40 80 88
1251 39 223 87
1252 42 103 91
1253 41 80 90
1254 43 160 92
1255 44 100 94
1256 42 215 92
1257 40 261 89
1258 38 22 87
1259 36 242 84
1260 34 231 82
1261 32 174 79
1262 30 190 77
1263 28 249 74
1264 26 154 72
1265 24 147 70
1266 22 224 68
1267 20 166 66
1268 18 248 63
1269 45 100 96
1270 43 48 93
1271 41 261 91
1272 39 241 88
1273 37 242 86
1274 35 32 83
1275 33 174 81
1276 31 190 79
1277 29 249 76
1278 27 154 74
1279 25 147 72
1280 23 39 69
1281 21 97 67
1282 46 100 98
1283 44 48 95
1284 42 261 93
1285 40 241 90
1286 38 242 88
1287 36 32 85
1288 34 174 83
1289 32 73 80
1290 30 249 78
1291 28 109 75
1292 26 116 73
1293 24 39 71
1294 47 100 100
1295 45 48 97
1296 43 2 94
1297 41 241 92
1298 39 21 89
1299 37 32 87
1300 35 89 84
1301 33 73 82
1302 31 249 80
1303 29 109 77
1304 27 116 75
1305 48 163 101
1306 46 48 99
1307 44 2 96
1308 42 241 94
1309 40 21 91
1310 38 32 89
1311 36 89 86
1312 34 73 84
1313 32 14 81
1314 30 109 79
1315 49 163 103
1316 47 48 101
1317 45 2 98
1318 43 22 95
1319 41 21 93
1320 39 231 90
1321 37 89 88
1322 35 190 85
1323 33 14 83
1324 50 163 105
1325 48 215 102
1326 46 2 100
1327 44 22 97
1328 42 21 95
1329 40 231 92
1330 38 89 90
1331 36 190 87
1332 51 163 107
1333 49 215 104
1334 47 2 102
1335 45 22 99
1336 43 242 96
1337 41 231 94
1338 39 174 91
1339 52 100 108
1340 50 215 106
1341 48 261 103
1342 46 22 101
1343 44 242 98
1344 42 231 96
1345 53 100 110
1346 51 215 108
1347 49 261 105
1348 47 22 103
1349 45 242 100
1350 54 100 112
1351 52 48 109
1352 50 261 107
1353 48 241 104
1354 55 100 114
1355 53 48 111
1356 51 261 109
1357 56 100 116
1358 54 48 113
1359 57 163 117
1360 58 34 119
1361 55 30 115
1362 52 252 110
1363 49 145 106
1364 46 97 102
1365 43 131 97
1366 40 162 93
1367 37 112 89
1368 34 6 85
1369 31 160 81
1370 28 29 76
1371 59 34 121
1372 56 30 117
1373 53 252 112
1374 50 145 108
1375 47 97 104
1376 44 131 99
1377 41 162 95
1378 38 112 91
1379 35 257 86
1380 32 103 82
1381 60 34 123
1382 57 233 118
1383 54 252 114
1384 51 145 110
1385 48 166 105
1386 45 131 101
1387 42 162 97
1388 39 151 92
1389 36 257 88
1390 61 229 124
1391 58 233 120
1392 55 252 116
1393 52 118 111
1394 49 166 107
1395 46 131 103
1396 43 101 98
1397 40 151 94
1398 62 229 126
1399 59 233 122
1400 56 252 118
1401 53 118 113
1402 50 166 109
1403 47 131 105
1404 44 101 100
1405 63 229 128
1406 60 233 124
1407 57 11 119
1408 54 118 115
1409 51 166 111
1410 48 132 106
1411 64 229 130
1412 61 30 125
1413 58 11 121
1414 55 118 117
1415 52 97 112
1416 65 229 132
1417 62 30 127
1418 59 11 123
1419 56 118 119
1420 66 34 133
1421 63 30 129
1422 60 11 125
1423 67 34 135
1424 64 30 131
1425 68 34 137
1426 6 20 53
1427 5 80 54
1428 6 5 54
1429 7 67 54
1430 4 100 55
1431 5 1 55
1432 3 123 56
1433 4 112 56
1434 2 180 57
1435 3 59 57
1436 1 43 58
1437 2 143 58
1438 0 260 59
1439 1 142 59
1440 0 253 60
1441 0 253 61
1442 0 253 62
1443 0 253 63
1444 8 218 54
1445 6 183 55
1446 7 258 55
1447 5 52 56
1448 8 214 55
1449 6 94 56
1450 7 124 56
1451 4 183 57
1452 5 49 57
1453 3 100 58
1454 4 66 58
1455 2 143 59
1456 3 208 59
1457 1 140 60
1458 2 235 60
1459 1 258 61
1460 8 83 56
1461 10 96 56
1462 9 77 56
1463 6 56 57
1464 7 33 57
1465 8 134 57
1466 9 78 57
1467 5 168 58
1468 6 106 58
1469 7 199 58
1470 4 55 59
1471 5 30 59
1472 3 198 60
1473 4 96 60
1474 10 142 57
1475 8 194 58
1476 11 24 57
1477 9 218 58
1478 10 178 58
1479 6 228 59
1480 11 219 58
1481 7 160 59
1482 8 202 59
1483 5 31 60
1484 9 91 59
1485 6 45 60
1486 12 75 58
1487 10 221 59
1488 11 96 59
1489 13 54 59
1490 12 257 59
1491 7 184 60
1492 8 84 60
1493 9 108 60
1494 10 180 60
1495 2 40 61
1496 14 160 59
1497 12 226 60
1498 13 47 60
1499 3 119 61
1500 14 145 60
1501 4 240 61
1502 5 179 61
1503 1 71 62
1504 6 70 61
1505 16 97 61
1506 15 223 61
1507 2 176 62
1508 3 69 62
1509 4 252 62
1510 16 138 62
1511 1 22 63
1512 2 100 63
1513 17 173 63
1514 0 89 64
1515 0 89 65
1516 7 183 61
1517 8 46 61
1518 11 20 60
1519 9 42 61
1520 10 237 61
1521 11 183 61
1522 12 168 61
1523 13 152 61
1524 14 68 61
1525 5 244 62
1526 6 188 62
1527 7 100 62
1528 8 116 62
1529 9 109 62
1530 10 217 62
1531 11 63 62
1532 13 174 62
1533 14 261 62
1534 15 106 62
1535 3 172 63
1536 4 189 63
1537 5 122 63
1538 6 210 63
1539 7 216 63
1540 16 49 63
1541 8 183 63
1542 9 46 63
1543 12 20 62
1544 10 42 63
1545 11 237 63
1546 12 183 63
1547 13 168 63
1548 14 152 63
1549 15 68 63
1550 1 51 64
1551 2 14 64
1552 3 131 64
1553 4 230 64
1554 5 95 64
1555 6 99 64
1556 7 125 64
1557 8 233 64
1558 9 87 64
1559 10 13 64
1560 11 21 64
1561 12 41 64
1562 14 71 64
1563 15 174 64
1564 16 141 64
1565 17 203 64
1566 18 220 64
1567 13 20 64
1568 1 190 65
1569 2 214 65
1570 3 69 65
1571 4 199 65
1572 5 244 65
1573 6 179 65
1574 7 85 65
1575 8 219 65
1576 9 128 65
1577 10 182 65
1578 11 93 65
1579 12 168 65
1580 13 160 65
1581 14 114 65
1582 15 48 65
1583 16 108 65
1584 17 25 65
1585 18 194 65
1586 19 232 65
1587 0 158 66
1588 1 14 66
1589 2 228 66
1590 3 13 66
1591 4 9 66
1592 5 236 66
1593 6 183 66
1594 7 215 66
1595 8 64 66
1596 9 179 66
1597 10 112 66
1598 11 101 66
1599 12 216 66
1600 13 254 66
1601 14 56 66
1602 15 110 66
1603 16 94 66
1604 17 206 66
1605 18 218 66
1606 19 103 66
1607 0 148 67
1608 1 238 67
1609 2 36 67
1610 3 13 67
1611 4 112 67
1612 5 230 67
1613 6 219 67
1614 7 231 67
1615 8 2 67
1616 9 152 67
1617 10 163 67
1618 11 224 67
1619 12 193 67
1620 13 19 67
1621 14 60 67
1622 15 194 67
1623 16 245 67
1624 17 171 67
1625 18 113 67
1626 19 97 67
1627 20 61 67
1628 0 90 68
1629 1 145 68
1630 2 58 68
1631 3 197 68
1632 4 115 68
1633 5 149 68
1634 6 147 68
1635 7 239 68
1636 8 200 68
1637 9 192 68
1638 10 39 68
1639 11 212 68
1640 12 171 68
1641 13 238 68
1642 14 125 68
1643 15 152 68
1644 16 188 68
1645 17 165 68
1646 18 209 68
1647 19 100 68
1648 20 234 68
1649 21 30 68
1650 0 121 69
1651 1 257 69
1652 2 68 69
1653 3 71 69
1654 4 165 69
1655 5 99 69
1656 6 33 69
1657 7 51 69
1658 8 149 69
1659 9 112 69
1660 10 253 69
1661 11 259 69
1662 12 198 69
1663 13 128 69
1664 14 38 69
1665 15 63 69
1666 16 206 69
1667 17 96 69
1668 18 31 69
1669 19 192 69
1670 20 181 69
1671 21 70 69
1672 22 48 69
1673 0 72 70
1674 1 219 70
1675 2 252 70
1676 3 165 70
1677 5 40 70
1678 4 61 70
1679 6 8 70
1680 7 12 70
1681 8 126 70
1682 9 148 70
1683 10 47 70
1684 11 109 70
1685 12 108 70
1686 13 191 70
1687 14 225 70
1688 15 32 70
1689 16 10 70
1690 17 241 70
1691 18 169 70
1692 19 206 70
1693 20 67 70
1694 21 57 70
1695 22 96 70
1696 23 43 70
1697 0 144 71
1698 1 254 71
1699 2 150 71
1700 3 190 71
1701 4 57 71
1702 5 21 71
1703 6 160 71
1704 7 139 71
1705 8 240 71
1706 9 236 71
1707 10 234 71
1708 11 184 71
1709 12 137 71
1710 13 197 71
1711 14 53 71
1712 15 155 71
1713 16 108 71
1714 17 150 71
1715 18 229 71
1716 19 203 71
1717 20 10 71
1718 21 240 71
1719 22 22 71
1720 23 31 71
1721 0 211 72
1722 1 141 72
1723 2 175 72
1724 3 207 72
1725 4 87 72
1726 5 130 72
1727 9 179 72
1728 11 213 72
1729 12 129 72
1730 13 258 72
1731 14 228 72
1732 15 204 72
1733 16 51 72
1734 17 149 72
1735 18 150 72
1736 19 172 72
1737 20 242 72
1738 21 173 72
1739 22 49 72
1740 23 213 72
1741 24 248 72
1742 0 5 73
1743 1 133 73
1744 2 126 73
1745 3 258 73
1746 4 175 73
1747 5 258 73
1748 15 212 73
1749 17 126 73
1750 18 88 73
1751 19 203 73
1752 20 74 73
1753 21 111 73
1754 22 249 73
1755 23 149 73
1756 24 237 73
1757 25 219 73
1758 0 51 74
1759 1 237 74
1760 2 73 74
1761 3 28 74
1762 4 200 74
1763 17 210 74
1764 18 258 74
1765 19 12 74
1766 20 224 74
1767 21 162 74
1768 22 94 74
1769 23 166 74
1770 24 215 74
1771 25 187 74
1772 26 41 74
1773 0 109 75
1774 1 226 75
1775 2 126 75
1776 3 90 75
1777 4 181 75
1778 20 151 75
1779 21 7 75
1780 22 182 75
1781 23 212 75
1782 24 189 75
1783 25 65 75
1784 26 111 75
1785 0 211 76
1786 1 122 76
1787 2 204 76
1788 3 140 76
1789 20 189 76
1790 21 241 76
1791 22 206 76
1792 23 172 76
1793 24 50 76
1794 25 155 76
1795 26 224 76
1796 27 47 76
1797 0 237 77
1798 1 1 77
1799 2 100 77
1800 3 68 77
1801 23 151 77
1802 24 148 77
1803 26 257 77
1804 25 143 77
1805 27 232 77
1806 28 225 77
1807 0 199 78
1808 1 59 78
1809 2 217 78
1810 24 220 78
1811 25 150 78
1812 26 106 78
1813 27 240 78
1814 28 104 78
1815 29 91 78
1816 0 182 79
1817 1 170 79
1818 2 183 79
1819 26 49 79
1820 27 240 79
1821 28 106 79
1822 29 133 79
1823 0 183 80
1824 1 158 80
1825 27 91 80
1826 28 102 80
1827 29 74 80
1828 30 88 80
1829 0 149 81
1830 1 11 81
1831 29 47 81
1832 30 28 81
1833 0 188 82
1834 30 112 82
1835 31 28 82
1836 31 28 83
1837 0 47 83
1838 32 249 83
1839 32 249 84
1840 33 14 84
1841 34 64 86
1842 33 154 85
1843 31 201 84
1844 30 196 83
1845 28 159 81
1846 27 106 81
1847 25 70 79
1848 24 111 79
1849 22 113 77
1850 21 213 77
1851 19 96 75
1852 18 32 75
1853 16 170 73
1854 15 62 74
1855 13 98 73
1856 12 153 73
1857 10 157 72
1858 9 246 73
1859 7 41 72
1860 6 115 72
1861 35 231 87
1862 34 154 87
1863 32 31 85
1864 31 196 85
1865 29 104 82
1866 28 210 82
1867 26 228 80
1868 25 152 80
1869 23 75 78
1870 22 50 78
1871 20 96 77
1872 19 231 76
1873 17 170 75
1874 16 31 74
1875 14 49 73
1876 13 55 74
1877 11 53 73
1878 10 123 73
1879 8 152 72
1880 36 231 89
1881 35 186 88
1882 33 232 86
1883 32 165 86
1884 30 104 84
1885 29 53 83
1886 27 228 82
1887 26 187 81
1888 24 75 80
1889 23 238 79
1890 21 215 78
1891 20 231 78
1892 18 178 76
1893 17 31 76
1894 15 49 75
1895 14 159 74
1896 12 210 74
1897 11 70 74
1898 37 32 90
1899 36 186 90
1900 34 232 88
1901 33 98 87
1902 31 104 86
1903 30 53 85
1904 28 149 83
1905 27 187 83
1906 25 188 81
1907 24 238 81
1908 22 48 79
1909 21 16 79
1910 19 85 77
1911 18 116 77
1912 16 156 75
1913 15 159 76
1914 13 158 75
1915 38 32 92
1916 37 77 91
1917 35 147 89
1918 34 98 89
1919 32 211 87
1920 31 53 87
1921 29 114 84
1922 28 38 84
1923 26 169 82
1924 25 25 82
1925 23 239 80
1926 22 247 80
1927 20 85 79
1928 19 147 78
1929 17 156 77
1930 16 211 76
1931 39 247 93
1932 38 77 93
1933 36 147 91
1934 35 214 90
1935 33 52 88
1936 32 105 88
1937 30 114 86
1938 29 225 85
1939 27 169 84
1940 26 119 83
1941 24 239 82
1942 23 8 81
1943 21 89 80
1944 20 147 80
1945 18 185 78
1946 40 247 95
1947 39 93 94
1948 37 116 92
1949 36 214 92
1950 34 52 90
1951 33 158 89
1952 31 114 88
1953 30 225 87
1954 28 47 85
1955 27 119 85
1956 25 24 83
1957 24 8 83
1958 22 174 81
1959 21 58 81
1960 41 16 96
1961 40 93 96
1962 38 116 94
1963 37 49 93
1964 35 237 91
1965 34 158 91
1966 32 206 89
1967 31 225 89
1968 29 216 86
1969 28 72 86
1970 26 251 84
1971 25 255 84
1972 23 176 82
1973 42 16 98
1974 41 170 97
1975 39 205 95
1976 38 49 95
1977 36 237 93
1978 35 184 92
1979 33 57 90
1980 32 19 90
1981 30 216 88
1982 29 191 87
1983 27 251 86
1984 26 4 85
1985 43 255 99
1986 42 170 99
1987 40 205 97
1988 39 107 96
1989 37 26 94
1990 36 184 94
1991 34 57 92
1992 33 244 91
1993 31 216 90
1994 30 191 89
1995 28 6 87
1996 44 255 101
1997 43 178 100
1998 41 58 98
1999 40 107 98
2000 38 26 96
2001 37 79 95
2002 35 103 93
2003 34 244 93
2004 32 155 91
2005 31 191 91
2006 45 8 102
2007 44 178 102
2008 42 58 100
2009 41 156 99
2010 39 250 97
2011 38 79 97
2012 36 103 95
2013 35 141 94
2014 33 108 92
2015 46 8 104
2016 45 85 103
2017 43 234 101
2018 42 156 101
2019 40 250 99
2020 39 92 98
2021 37 160 96
2022 36 141 96
2023 47 8 106
2024 46 85 105
2025 44 234 103
2026 43 185 102
2027 41 13 100
2028 40 92 100
2029 38 160 98
2030 48 259 107
2031 47 85 107
2032 45 29 104
2033 44 185 104
2034 42 13 102
2035 41 171 101
2036 49 4 108
2037 48 89 108
2038 46 29 106
2039 45 78 105
2040 43 125 103
2041 50 4 110
2042 49 174 109
2043 47 29 108
2044 46 78 107
2045 51 4 112
2046 50 174 111
2047 48 117 109
2048 52 261 113
2049 51 174 113
2050 53 2 114
2051 54 256 116
2052 52 204 114
2053 49 194 110
2054 47 36 109
2055 44 79 105
2056 42 167 103
2057 39 140 99
2058 37 256 97
2059 34 133 94
2060 32 69 92
2061 29 259 88
2062 27 105 87
2063 24 109 84
2064 22 34 82
2065 19 143 79
2066 17 257 78
2067 14 114 75
2068 55 256 118
2069 53 59 115
2070 50 194 112
2071 48 245 110
2072 45 184 106
2073 43 48 104
2074 40 140 101
2075 38 256 99
2076 35 65 95
2077 33 194 93
2078 30 259 90
2079 28 79 88
2080 25 154 85
2081 23 246 83
2082 20 143 81
2083 18 3 79
2084 56 256 120
2085 54 59 117
2086 51 194 114
2087 49 18 111
2088 46 184 108
2089 44 48 106
2090 41 123 102
2091 39 135 100
2092 36 65 97
2093 34 194 95
2094 31 259 92
2095 29 184 89
2096 26 186 86
2097 24 246 85
2098 21 60 82
2099 57 128 120
2100 55 59 119
2101 52 166 115
2102 50 18 113
2103 47 184 110
2104 45 215 107
2105 42 123 104
2106 40 135 102
2107 37 198 98
2108 35 166 96
2109 32 2 93
2110 30 184 91
2111 27 186 88
2112 25 17 86
2113 58 128 122
2114 56 59 121
2115 53 97 116
2116 51 18 115
2117 48 171 111
2118 46 215 109
2119 43 70 105
2120 41 128 103
2121 38 198 100
2122 36 166 98
2123 33 261 94
2124 31 184 93
2125 28 170 89
2126 59 128 124
2127 57 161 121
2128 54 97 118
2129 52 254 116
2130 49 92 112
2131 47 215 111
2132 44 70 107
2133 42 128 105
2134 39 164 101
2135 37 97 99
2136 34 261 96
2137 32 171 94
2138 60 128 126
2139 58 161 123
2140 55 97 120
2141 53 9 117
2142 50 92 114
2143 48 24 112
2144 45 193 108
2145 43 199 106
2146 40 164 103
2147 38 97 101
2148 35 1 97
2149 61 64 126
2150 59 161 125
2151 56 97 122
2152 54 9 119
2153 51 92 116
2154 49 239 113
2155 46 193 110
2156 44 199 108
2157 41 99 104
2158 39 83 102
2159 62 64 128
2160 60 161 127
2161 57 180 122
2162 55 9 121
2163 52 217 117
2164 50 239 115
2165 47 193 112
2166 45 64 109
2167 42 99 106
2168 63 64 130
2169 61 212 127
2170 58 180 124
2171 56 9 123
2172 53 46 118
2173 51 239 117
2174 48 35 113
2175 46 64 111
2176 64 64 132
2177 62 212 129
2178 59 180 126
2179 57 136 123
2180 54 46 120
2181 52 12 118
2182 49 228 114
2183 65 199 133
2184 63 212 131
2185 60 180 128
2186 58 136 125
2187 55 46 122
2188 53 251 119
2189 66 32 134
2190 64 212 133
2191 61 90 128
2192 59 136 127
2193 56 46 124
2194 67 32 136
2195 65 51 134
2196 62 90 130
2197 60 136 129
2198 68 32 138
2199 66 106 135
2200 63 90 132
2201 69 231 139
2202 67 106 137
2203 70 16 140
2204 6 165 73
2205 7 218 73
2206 8 84 73
2207 5 184 74
2208 6 159 74
2209 7 247 74
2210 8 15 74
2211 9 228 74
2212 10 40 74
2213 5 241 75
2214 6 126 75
2215 10 5 75
2216 11 68 75
2217 12 151 75
2218 4 145 76
2219 5 258 76
2220 12 197 76
2221 13 211 76
2222 14 231 76
2223 7 165 75
2224 8 218 75
2225 9 84 75
2226 6 184 76
2227 7 159 76
2228 8 247 76
2229 9 15 76
2230 10 228 76
2231 11 40 76
2232 4 71 77
2233 5 203 77
2234 6 247 77
2235 7 46 77
2236 11 116 77
2237 12 256 77
2238 13 112 77
2239 14 55 77
2240 15 41 77
2241 8 165 77
2242 9 218 77
2243 10 84 77
2244 16 10 77
2245 3 185 78
2246 4 63 78
2247 5 181 78
2248 6 138 78
2249 7 15 78
2250 8 30 78
2251 9 138 78
2252 10 58 78
2253 11 43 78
2254 12 57 78
2255 13 218 78
2256 14 223 78
2257 15 28 78
2258 16 149 78
2259 3 45 79
2260 4 107 79
2261 5 33 79
2262 6 98 79
2263 7 119 79
2264 8 24 79
2265 9 131 79
2266 10 117 79
2267 11 209 79
2268 12 212 79
2269 13 216 79
2270 14 26 79
2271 15 34 79
2272 16 35 79
2273 17 46 79
2274 2 145 80
2275 3 141 80
2276 4 12 80
2277 5 170 80
2278 6 66 80
2279 7 79 80
2280 8 253 80
2281 9 84 80
2282 10 93 80
2283 11 57 80
2284 12 222 80
2285 13 125 80
2286 14 184 80
2287 15 218 80
2288 16 149 80
2289 17 259 80
2290 18 209 80
2291 19 14 80
2292 2 160 81
2293 3 73 81
2294 4 158 81
2295 5 238 81
2296 6 190 81
2297 7 22 81
2298 8 183 81
2299 9 205 81
2300 10 32 81
2301 11 89 81
2302 12 23 81
2303 13 47 81
2304 14 19 81
2305 15 127 81
2306 16 128 81
2307 17 237 81
2308 18 225 81
2309 19 90 81
2310 1 110 82
2311 2 125 82
2312 3 38 82
2313 4 15 82
2314 5 134 82
2315 6 146 82
2316 7 2 82
2317 8 261 82
2318 9 124 82
2319 10 99 82
2320 11 83 82
2321 12 86 82
2322 13 77 82
2323 14 130 82
2324 15 160 82
2325 16 110 82
2326 17 215 82
2327 18 150 82
2328 19 137 82
2329 20 181 82
2330 1 83 83
2331 2 191 83
2332 3 34 83
2333 4 234 83
2334 5 210 83
2335 6 102 83
2336 7 132 83
2337 8 79 83
2338 9 57 83
2339 10 220 83
2340 11 156 83
2341 12 51 83
2342 13 12 83
2343 14 209 83
2344 15 196 83
2345 16 87 83
2346 17 139 83
2347 18 244 83
2348 19 220 83
2349 20 152 83
2350 21 262 83
2351 22 17 83
2352 0 147 84
2353 1 43 84
2354 2 72 84
2355 3 131 84
2356 4 113 84
2357 5 170 84
2358 6 128 84
2359 7 149 84
2360 8 108 84
2361 9 210 84
2362 10 19 84
2363 11 56 84
2364 12 127 84
2365 13 98 84
2366 14 211 84
2367 15 93 84
2368 16 258 84
2369 17 247 84
2370 18 137 84
2371 19 95 84
2372 20 177 84
2373 21 57 84
2374 22 60 84
2375 23 90 84
2376 0 245 85
2377 1 103 85
2378 2 136 85
2379 3 4 85
2380 4 230 85
2381 5 209 85
2382 6 62 85
2383 7 253 85
2384 8 126 85
2385 9 64 85
2386 10 43 85
2387 11 28 85
2388 12 118 85
2389 13 55 85
2390 14 147 85
2391 15 166 85
2392 16 170 85
2393 17 56 85
2394 18 113 85
2395 19 108 85
2396 20 242 85
2397 21 203 85
2398 22 136 85
2399 23 47 85
2400 0 172 86
2401 1 168 86
2402 2 177 86
2403 3 200 86
2404 4 245 86
2405 5 65 86
2406 6 102 86
2407 7 88 86
2408 8 153 86
2409 9 188 86
2410 10 99 86
2411 11 25 86
2412 12 154 86
2413 13 151 86
2414 14 21 86
2415 15 18 86
2416 16 191 86
2417 17 144 86
2418 18 215 86
2419 19 41 86
2420 20 241 86
2421 21 234 86
2422 22 22 86
2423 23 117 86
2424 24 261 86
2425 0 112 87
2426 1 171 87
2427 2 250 87
2428 3 165 87
2429 4 186 87
2430 5 103 87
2431 6 250 87
2432 7 193 87
2433 8 67 87
2434 9 260 87
2435 10 137 87
2436 11 45 87
2437 12 48 87
2438 13 229 87
2439 14 240 87
2440 15 77 87
2441 16 256 87
2442 17 113 87
2443 18 90 87
2444 19 180 87
2445 20 83 87
2446 21 110 87
2447 22 23 87
2448 23 193 87
2449 24 214 87
2450 25 223 87
2451 26 76 87
2452 0 40 88
2453 1 64 88
2454 3 124 88
2455 2 133 88
2456 4 160 88
2457 5 85 88
2458 6 60 88
2459 7 193 88
2460 8 21 88
2461 9 35 88
2462 10 259 88
2463 11 87 88
2464 12 73 88
2465 13 29 88
2466 14 70 88
2467 15 162 88
2468 16 32 88
2469 17 203 88
2470 18 8 88
2471 19 251 88
2472 20 49 88
2473 21 262 88
2474 22 222 88
2475 23 68 88
2476 24 177 88
2477 25 129 88
2478 26 206 88
2479 0 259 89
2480 1 92 89
2481 2 143 89
2482 3 70 89
2483 4 72 89
2484 5 108 89
2485 6 111 89
2486 7 188 89
2487 8 140 89
2488 9 73 89
2489 10 245 89
2490 11 175 89
2491 12 59 89
2492 13 251 89
2493 14 93 89
2494 15 66 89
2495 16 243 89
2496 17 197 89
2497 18 198 89
2498 19 169 89
2499 20 170 89
2500 21 122 89
2501 22 119 89
2502 23 18 89
2503 24 251 89
2504 25 245 89
2505 26 193 89
2506 27 186 89
2507 0 237 90
2508 1 170 90
2509 2 49 90
2510 3 62 90
2511 4 231 90
2512 5 183 90
2513 6 242 90
2514 7 121 90
2515 8 114 90
2516 9 237 90
2517 10 111 90
2518 11 161 90
2519 12 234 90
2520 13 160 90
2521 14 167 90
2522 15 219 90
2523 16 191 90
2524 17 216 90
2525 18 84 90
2526 19 261 90
2527 20 137 90
2528 21 78 90
2529 22 46 90
2530 23 44 90
2531 24 21 90
2532 25 198 90
2533 26 250 90
2534 27 260 90
2535 28 110 90
2536 29 10 90
2537 0 64 91
2538 1 185 91
2539 2 43 91
2540 3 106 91
2541 4 237 91
2542 5 139 91
2543 7 260 91
2544 6 51 91
2545 8 43 91
2546 9 130 91
2547 10 177 91
2548 11 169 91
2549 12 237 91
2550 13 48 91
2551 14 246 91
2552 15 125 91
2553 16 112 91
2554 17 194 91
2555 18 125 91
2556 19 36 91
2557 21 180 91
2558 20 48 91
2559 22 160 91
2560 23 172 91
2561 24 242 91
2562 25 122 91
2563 26 226 91
2564 27 133 91
2565 28 91 91
2566 29 127 91
2567 0 69 92
2568 1 82 92
2569 2 187 92
2570 3 22 92
2571 4 126 92
2572 5 210 92
2573 6 231 92
2574 7 101 92
2575 8 113 92
2576 9 159 92
2577 11 173 92
2578 13 146 92
2579 15 221 92
2580 17 25 92
2581 18 191 92
2582 19 59 92
2583 20 70 92
2584 21 228 92
2585 22 199 92
2586 23 208 92
2587 24 42 92
2588 25 195 92
2589 26 141 92
2590 27 76 92
2591 28 55 92
2592 29 206 92
2593 30 64 92
2594 0 66 93
2595 1 193 93
2596 2 119 93
2597 3 56 93
2598 4 92 93
2599 5 124 93
2600 17 230 93
2601 18 4 93
2602 19 147 93
2603 20 61 93
2604 21 35 93
2605 22 256 93
2606 23 54 93
2607 24 160 93
2608 25 110 93
2609 26 38 93
2610 27 262 93
2611 28 211 93
2612 29 219 93
2613 30 113 93
2614 0 116 94
2615 1 46 94
2616 2 71 94
2617 3 234 94
2618 4 172 94
2619 5 4 94
2620 20 103 94
2621 21 137 94
2622 22 102 94
2623 23 237 94
2624 24 176 94
2625 25 231 94
2626 26 41 94
2627 27 143 94
2628 28 101 94
2629 29 51 94
2630 30 164 94
2631 31 87 94
2632 0 74 95
2633 1 77 95
2634 2 152 95
2635 3 162 95
2636 4 229 95
2637 5 134 95
2638 21 10 95
2639 23 20 95
2640 24 224 95
2641 25 84 95
2642 26 232 95
2643 27 3 95
2644 28 38 95
2645 29 262 95
2646 30 164 95
2647 31 106 95
2648 32 156 95
2649 33 52 95
2650 0 41 96
2651 1 10 96
2652 2 119 96
2653 3 233 96
2654 4 204 96
2655 24 45 96
2656 25 225 96
2657 26 135 96
2658 27 114 96
2659 30 225 96
2660 28 235 96
2661 29 138 96
2662 31 73 96
2663 32 127 96
2664 33 16 96
2665 0 159 97
2666 1 221 97
2667 2 235 97
2668 3 228 97
2669 4 22 97
2670 25 242 97
2671 27 209 97
2672 31 244 97
2673 28 228 97
2674 32 216 97
2675 30 19 97
2676 29 62 97
2677 33 221 97
2678 34 174 97
2679 0 128 98
2680 1 257 98
2681 2 137 98
2682 3 200 98
2683 4 218 98
2684 27 62 98
2685 28 95 98
2686 32 94 98
2687 31 141 98
2688 33 172 98
2689 34 221 98
2690 30 122 98
2691 35 136 98
2692 0 28 99
2693 29 141 98
2694 1 151 99
2695 2 42 99
2696 3 182 99
2697 30 99 99
2698 34 169 99
2699 31 136 99
2700 32 216 99
2701 33 94 99
2702 35 251 99
2703 36 11 99
2704 0 216 100
2705 1 79 100
2706 2 70 100
2707 3 159 100
2708 31 158 100
2709 32 110 100
2710 35 119 100
2711 34 47 100
2712 33 155 100
2713 36 258 100
2714 37 175 100
2715 0 247 101
2716 1 120 101
2717 2 181 101
2718 3 132 101
2719 31 23 101
2720 32 11 101
2721 36 144 101
2722 35 72 101
2723 34 108 101
2724 37 191 101
2725 0 116 102
2726 33 155 101
2727 1 5 102
2728 38 72 102
2729 2 157 102
2730 34 147 102
2731 37 191 102
2732 36 191 102
2733 35 227 102
2734 0 248 103
2735 1 249 103
2736 2 53 103
2737 39 239 103
2738 38 227 103
2739 35 134 103
2740 0 238 104
2741 37 36 103
2742 36 36 103
2743 1 219 104
2744 2 212 104
2745 40 24 104
2746 39 12 104
2747 38 18 104
2748 0 254 105
2749 1 82 105
2750 37 245 104
2751 38 131 105
2752 41 251 105
2753 40 251 105
2754 39 257 105
2755 0 136 106
2756 1 209 106
2757 39 247 106
2758 0 93 107
2759 41 6 106
2760 40 6 106
2761 1 67 107
2762 42 3 107
2763 43 259 107
2764 0 248 108
2765 41 260 107
2766 42 193 108
2767 0 88 109
2768 43 2 108
2769 44 1 109
2770 0 22 110
2771 45 131 110
2772 46 166 112
2773 44 30 110
2774 42 201 109
2775 40 49 107
2776 38 39 106
2777 36 194 104
2778 34 90 103
2779 32 139 102
2780 30 147 100
2781 28 78 99
2782 26 56 97
2783 24 249 97
2784 22 199 95
2785 20 16 95
2786 18 89 94
2787 16 219 92
2788 14 11 92
2789 12 189 92
2790 10 150 92
2791 6 94 93
2792 7 122 93
2793 8 249 93
2794 9 32 93
2795 10 197 93
2796 47 97 113
2797 45 248 111
2798 43 67 109
2799 41 107 108
2800 39 250 107
2801 37 166 105
2802 35 233 104
2803 33 201 102
2804 31 147 102
2805 29 39 99
2806 27 56 99
2807 25 7 98
2808 23 109 96
2809 21 170 96
2810 19 176 94
2811 17 219 94
2812 15 252 93
2813 13 200 93
2814 11 213 93
2815 12 219 93
2816 14 229 93
2817 16 219 93
2818 6 155 94
2819 48 143 114
2820 46 248 113
2821 44 67 111
2822 42 107 110
2823 40 13 108
2824 38 166 107
2825 36 30 105
2826 34 201 104
2827 32 214 103
2828 30 39 101
2829 28 69 100
2830 26 90 98
2831 24 109 98
2832 22 85 96
2833 20 176 96
2834 18 190 95
2835 7 132 94
2836 8 96 94
2837 9 241 94
2838 10 101 94
2839 11 249 94
2840 12 22 94
2841 49 60 115
2842 47 15 114
2843 45 98 112
2844 43 211 110
2845 41 125 109
2846 39 120 108
2847 37 248 106
2848 35 196 105
2849 33 107 103
2850 31 39 103
2851 29 166 100
2852 27 90 100
2853 25 77 99
2854 23 147 97
2855 21 29 97
2856 19 95 95
2857 17 42 95
2858 15 142 94
2859 13 96 94
2860 14 255 94
2861 16 141 94
2862 50 203 116
2863 48 258 115
2864 46 98 114
2865 44 211 112
2866 42 125 111
2867 40 143 109
2868 38 248 108
2869 36 67 106
2870 34 107 105
2871 32 250 104
2872 30 166 102
2873 28 233 101
2874 26 201 99
2875 24 147 99
2876 22 146 97
2877 20 95 97
2878 18 249 96
2879 6 88 95
2880 7 56 95
2881 8 231 95
2882 51 203 118
2883 49 134 116
2884 47 165 115
2885 45 26 113
2886 43 217 111
2887 41 60 110
2888 39 5 109
2889 37 98 107
2890 35 52 106
2891 33 125 104
2892 31 166 104
2893 29 248 101
2894 27 201 101
2895 25 58 100
2896 23 39 98
2897 21 56 98
2898 19 256 96
2899 17 199 96
2900 15 247 95
2901 52 20 119
2902 50 129 117
2903 48 208 116
2904 46 26 115
2905 44 217 113
2906 42 60 112
2907 40 258 110
2908 38 98 109
2909 36 211 107
2910 34 125 106
2911 32 120 105
2912 30 248 103
2913 28 196 102
2914 26 107 100
2915 24 39 100
2916 22 28 98
2917 20 256 98
2918 18 109 97
2919 53 253 120
2920 51 129 119
2921 49 159 117
2922 47 237 116
2923 45 23 114
2924 43 20 112
2925 41 134 111
2926 39 55 110
2927 37 26 108
2928 35 46 107
2929 33 60 105
2930 31 248 105
2931 29 98 102
2932 27 107 102
2933 25 112 101
2934 23 166 99
2935 21 90 99
2936 54 10 121
2937 52 220 120
2938 50 104 118
2939 48 184 117
2940 46 23 116
2941 44 20 114
2942 42 134 113
2943 40 208 111
2944 38 26 110
2945 36 217 108
2946 34 60 107
2947 32 5 106
2948 30 98 104
2949 28 52 103
2950 26 125 101
2951 24 166 101
2952 55 10 123
2953 53 153 121
2954 51 104 120
2955 49 171 118
2956 47 240 117
2957 45 253 115
2958 43 220 113
2959 41 159 112
2960 39 79 111
2961 37 23 109
2962 35 243 108
2963 33 134 106
2964 31 98 106
2965 29 26 103
2966 27 125 103
2967 57 21 124
2968 54 110 122
2969 52 53 121
2970 50 92 119
2971 48 183 118
2972 46 253 117
2973 44 220 115
2974 42 159 114
2975 40 184 112
2976 38 23 111
2977 36 20 109
2978 34 134 108
2979 32 55 107
2980 30 26 105
2981 56 197 125
2982 55 110 124
2983 53 105 122
2984 51 92 121
2985 49 40 119
2986 47 10 118
2987 45 153 116
2988 43 53 114
2989 41 171 113
2990 39 80 112
2991 37 253 110
2992 35 43 109
2993 33 159 107
2994 58 86 126
2995 57 239 125
2996 54 158 123
2997 52 57 122
2998 50 223 120
2999 48 172 119
3000 46 153 118
3001 44 53 116
3002 42 171 115
3003 40 183 113
3004 38 253 112
3005 36 220 110
3006 59 86 128
3007 56 84 126
3008 55 158 125
3009 53 103 123
3010 51 223 122
3011 49 177 120
3012 47 110 119
3013 45 105 117
3014 43 57 115
3015 41 40 114
3016 39 91 113
3017 61 182 129
3018 58 157 127
3019 57 87 126
3020 54 160 124
3021 52 101 123
3022 50 86 121
3023 48 51 120
3024 46 105 119
3025 44 57 117
3026 42 40 116
3027 60 106 130
3028 59 157 129
3029 56 71 127
3030 55 160 126
3031 53 81 124
3032 51 86 123
3033 49 106 121
3034 47 158 120
3035 45 103 118
3036 62 161 131
3037 61 72 130
3038 58 149 128
3039 57 84 127
3040 54 182 125
3041 52 59 124
3042 50 157 122
3043 48 35 121
3044 63 161 133
3045 60 233 131
3046 59 149 130
3047 56 247 128
3048 55 182 127
3049 53 102 125
3050 51 157 124
3051 64 102 134
3052 62 193 132
3053 61 76 131
3054 58 61 129
3055 56 182 129
3056 54 161 126
3057 65 212 135
3058 63 193 134
3059 60 160 132
3060 59 61 131
3061 57 145 128
3062 66 17 136
3063 64 70 135
3064 62 19 133
3065 61 61 132
3066 67 17 138
3067 65 228 136
3068 63 19 135
3069 68 246 139
3070 66 187 137
3071 69 140 140
3072 9 47 95
3073 10 247 95
3074 11 34 95
3075 12 64 95
3076 13 245 95
3077 14 20 95
3078 16 153 95
3079 5 178 96
3080 6 155 96
3081 7 191 96
3082 8 108 96
3083 9 159 96
3084 10 188 96
3085 13 88 96
3086 5 55 97
3087 5 55 98
3088 4 170 99
3089 5 152 99
3090 4 104 100
3091 4 104 101
3092 3 13 102
3093 4 153 102
3094 3 211 103
3095 3 211 104
3096 11 204 96
3097 12 122 96
3098 14 125 96
3099 15 154 96
3100 16 164 96
3101 6 7 97
3102 7 46 97
3103 8 206 97
3104 9 221 97
3105 10 38 97
3106 11 242 97
3107 12 243 97
3108 13 151 97
3109 14 137 97
3110 15 92 97
3111 17 211 97
3112 19 39 97
3113 6 79 98
3114 6 79 99
3115 5 82 100
3116 6 14 100
3117 5 92 101
3118 16 225 97
3119 7 183 98
3120 8 44 98
3121 9 146 98
3122 10 83 98
3123 11 153 98
3124 12 253 98
3125 13 202 98
3126 14 204 98
3127 15 157 98
3128 16 253 98
3129 17 244 98
3130 18 200 98
3131 19 213 98
3132 7 66 99
3133 8 62 99
3134 9 146 99
3135 10 108 99
3136 11 103 99
3137 18 260 99
3138 12 100 99
3139 13 147 99
3140 14 44 99
3141 15 80 99
3142 16 230 99
3143 17 79 99
3144 19 15 99
3145 20 187 99
3146 22 14 99
3147 7 110 100
3148 8 106 100
3149 9 215 100
3150 10 124 100
3151 11 172 100
3152 12 16 100
3153 13 96 100
3154 14 219 100
3155 15 112 100
3156 16 4 100
3157 17 128 100
3158 18 59 100
3159 19 130 100
3160 20 156 100
3161 21 64 100
3162 22 254 100
3163 23 207 100
3164 6 204 101
3165 7 124 101
3166 8 162 101
3167 9 157 101
3168 10 257 101
3169 11 177 101
3170 12 138 101
3171 13 126 101
3172 14 171 101
3173 15 230 101
3174 16 17 101
3175 17 67 101
3176 18 247 101
3177 19 81 101
3178 20 191 101
3179 21 6 101
3180 22 237 101
3181 23 109 101
3182 5 86 102
3183 6 177 102
3184 7 93 102
3185 8 103 102
3186 9 168 102
3187 10 121 102
3188 11 100 102
3189 12 64 102
3190 13 84 102
3191 14 196 102
3192 15 47 102
3193 16 52 102
3194 17 165 102
3195 18 40 102
3196 19 28 102
3197 20 115 102
3198 22 183 102
3199 21 192 102
3200 23 228 102
3201 24 139 102
3202 25 185 102
3203 26 109 102
3204 4 121 103
3205 5 185 103
3206 6 244 103
3207 7 63 103
3208 8 185 103
3209 9 22 103
3210 10 162 103
3211 11 95 103
3212 12 126 103
3213 13 123 103
3214 14 53 103
3215 15 131 103
3216 16 202 103
3217 17 27 103
3218 18 126 103
3219 19 68 103
3220 20 246 103
3221 21 11 103
3222 22 6 103
3223 23 126 103
3224 24 34 103
3225 25 38 103
3226 26 146 103
3227 4 148 104
3228 5 19 104
3229 6 13 104
3230 7 59 104
3231 8 213 104
3232 9 233 104
3233 10 240 104
3234 11 33 104
3235 12 111 104
3236 13 90 104
3237 14 262 104
3238 15 240 104
3239 16 94 104
3240 17 15 104
3241 18 97 104
3242 19 44 104
3243 20 68 104
3244 21 192 104
3245 22 142 104
3246 23 224 104
3247 24 65 104
3248 25 145 104
3249 26 190 104
3250 27 12 104
3251 28 253 104
3252 29 190 104
3253 2 51 105
3254 3 170 105
3255 4 84 105
3256 5 27 105
3257 6 6 105
3258 7 183 105
3259 8 2 105
3260 9 168 105
3261 10 26 105
3262 11 204 105
3263 12 142 105
3264 13 190 105
3265 14 8 105
3266 15 10 105
3267 16 174 105
3268 17 166 105
3269 18 32 105
3270 19 89 105
3271 20 182 105
3272 21 239 105
3273 22 5 105
3274 23 194 105
3275 24 106 105
3276 25 105 105
3277 26 29 105
3278 27 151 105
3279 28 101 105
3280 29 256 105
3281 2 253 106
3282 3 165 106
3283 4 5 106
3284 5 183 106
3285 6 178 106
3286 7 199 106
3287 8 111 106
3288 9 218 106
3289 10 80 106
3290 11 105 106
3291 12 32 106
3292 13 223 106
3293 14 124 106
3294 15 88 106
3295 16 219 106
3296 17 106 106
3297 18 232 106
3298 19 259 106
3299 20 69 106
3300 21 51 106
3301 22 32 106
3302 23 226 106
3303 24 118 106
3304 25 200 106
3305 26 182 106
3306 27 27 106
3307 28 246 106
3308 29 177 106
3309 30 188 106
3310 2 252 107
3311 3 171 107
3312 4 212 107
3313 5 37 107
3314 6 53 107
3315 7 44 107
3316 8 159 107
3317 9 60 107
3318 10 220 107
3319 11 17 107
3320 12 96 107
3321 13 140 107
3322 14 9 107
3323 15 65 107
3324 16 12 107
3325 17 57 107
3326 18 146 107
3327 19 168 107
3328 20 229 107
3329 21 51 107
3330 22 75 107
3331 23 46 107
3332 24 212 107
3333 25 213 107
3334 26 242 107
3335 27 28 107
3336 28 163 107
3337 29 176 107
3338 30 71 107
3339 31 243 107
3340 1 230 108
3341 2 94 108
3342 3 2 108
3343 4 249 108
3344 5 34 108
3345 6 100 108
3346 7 149 108
3347 8 14 108
3348 9 65 108
3349 10 129 108
3350 11 25 108
3351 12 64 108
3352 13 12 108
3353 14 15 108
3354 15 50 108
3355 16 1 108
3356 17 111 108
3357 18 69 108
3358 19 34 108
3359 20 32 108
3360 21 116 108
3361 22 123 108
3362 23 240 108
3363 24 8 108
3364 25 44 108
3365 26 48 108
3366 27 131 108
3367 28 148 108
3368 29 114 108
3369 30 60 108
3370 31 245 108
3371 32 10 108
3372 33 202 108
3373 1 38 109
3374 2 189 109
3375 3 164 109
3376 4 244 109
3377 5 82 109
3378 6 10 109
3379 7 226 109
3380 8 205 109
3381 9 183 109
3382 10 15 109
3383 11 76 109
3384 12 253 109
3385 13 147 109
3386 14 137 109
3387 15 120 109
3388 16 256 109
3389 17 17 109
3390 18 148 109
3391 19 250 109
3392 20 83 109
3393 21 235 109
3394 22 157 109
3395 23 104 109
3396 24 157 109
3397 25 124 109
3398 26 36 109
3399 27 146 109
3400 28 130 109
3401 29 75 109
3402 30 136 109
3403 31 236 109
3404 32 245 109
3405 33 220 109
3406 34 2 109
3407 1 219 110
3408 2 177 110
3409 3 223 110
3410 4 74 110
3411 5 225 110
3412 6 94 110
3413 7 127 110
3414 8 151 110
3415 9 170 110
3416 10 167 110
3417 11 101 110
3418 12 115 110
3419 13 13 110
3420 14 190 110
3421 15 43 110
3422 16 191 110
3423 17 61 110
3424 18 9 110
3425 19 68 110
3426 20 124 110
3427 21 157 110
3428 22 22 110
3429 23 239 110
3430 24 91 110
3431 25 112 110
3432 26 98 110
3433 27 75 110
3434 28 172 110
3435 29 66 110
3436 30 65 110
3437 31 230 110
3438 32 67 110
3439 33 213 110
3440 34 149 110
3441 35 11 110
3442 0 140 111
3443 1 230 111
3444 2 163 111
3445 3 234 111
3446 4 78 111
3447 5 148 111
3448 6 145 111
3449 7 142 111
3450 8 106 111
3451 10 54 111
3452 9 81 111
3453 11 212 111
3454 12 56 111
3455 13 41 111
3456 14 101 111
3457 15 215 111
3458 16 240 111
3459 17 126 111
3460 18 115 111
3461 19 25 111
3462 20 41 111
3463 21 181 111
3464 22 246 111
3465 23 75 111
3466 24 95 111
3467 25 73 111
3468 26 199 111
3469 27 261 111
3470 28 175 111
3471 29 232 111
3472 30 242 111
3473 31 14 111
3474 32 74 111
3475 33 97 111
3476 34 19 111
3477 35 197 111
3478 36 64 111
3479 37 44 111
3480 0 238 112
3481 1 103 112
3482 2 27 112
3483 3 215 112
3484 4 53 112
3485 5 21 112
3486 6 30 112
3487 7 196 112
3488 8 16 112
3489 9 11 112
3490 10 260 112
3491 11 85 112
3492 12 85 112
3493 13 223 112
3494 14 89 112
3495 15 209 112
3496 16 194 112
3497 17 237 112
3498 18 167 112
3499 19 140 112
3500 20 195 112
3501 21 72 112
3502 22 54 112
3503 23 94 112
3504 24 236 112
3505 25 139 112
3506 26 233 112
3507 27 92 112
3508 28 240 112
3509 29 167 112
3510 30 137 112
3511 31 227 112
3512 32 121 112
3513 33 162 112
3514 34 193 112
3515 35 243 112
3516 36 239 112
3517 37 130 112
3518 0 34 113
3519 1 38 113
3520 2 192 113
3521 3 166 113
3522 4 169 113
3523 5 75 113
3524 6 218 113
3525 7 50 113
3526 8 59 113
3527 9 227 113
3528 10 4 113
3529 11 206 113
3530 12 202 113
3531 13 242 113
3532 14 225 113
3533 15 199 113
3534 16 169 113
3535 17 151 113
3536 18 253 113
3537 19 229 113
3538 20 15 113
3539 21 172 113
3540 22 42 113
3541 23 201 113
3542 24 206 113
3543 25 74 113
3544 26 256 113
3545 27 144 113
3546 28 116 113
3547 29 4 113
3548 30 46 113
3549 31 64 113
3550 32 179 113
3551 33 216 113
3552 34 143 113
3553 35 164 113
3554 36 28 113
3555 37 151 113
3556 38 155 113
3557 0 142 114
3558 1 233 114
3559 2 163 114
3560 3 259 114
3561 4 71 114
3562 5 40 114
3563 6 40 114
3564 7 84 114
3565 8 2 114
3566 9 236 114
3567 10 125 114
3568 11 260 114
3569 12 84 114
3570 13 14 114
3571 14 224 114
3572 15 257 114
3573 16 80 114
3574 17 183 114
3575 18 110 114
3576 19 99 114
3577 20 43 114
3578 21 157 114
3579 22 55 114
3580 23 259 114
3581 24 37 114
3582 25 201 114
3583 26 76 114
3584 27 233 114
3585 28 29 114
3586 29 261 114
3587 30 195 114
3588 31 32 114
3589 32 238 114
3590 33 191 114
3591 34 59 114
3592 35 136 114
3593 36 253 114
3594 37 111 114
3595 38 62 114
3596 39 253 114
3597 40 143 114
3598 0 191 115
3599 1 228 115
3600 2 108 115
3601 3 37 115
3602 4 171 115
3603 5 91 115
3604 6 23 115
3605 7 222 115
3606 8 152 115
3607 9 198 115
3608 10 205 115
3609 11 72 115
3610 12 226 115
3611 13 85 115
3612 14 111 115
3613 15 4 115
3614 16 77 115
3615 17 170 115
3616 18 221 115
3617 19 30 115
3618 20 140 115
3619 21 217 115
3620 22 228 115
3621 23 140 115
3622 24 167 115
3623 25 216 115
3624 26 104 115
3625 27 109 115
3626 28 82 115
3627 29 174 115
3628 30 169 115
3629 31 250 115
3630 32 20 115
3631 33 154 115
3632 34 74 115
3633 35 105 115
3634 36 125 115
3635 37 247 115
3636 38 120 115
3637 39 261 115
3638 40 111 115
3639 41 49 115
3640 0 103 116
3641 1 208 116
3642 2 255 116
3643 3 118 116
3644 4 139 116
3645 5 89 116
3646 6 195 116
3647 7 186 116
3648 8 155 116
3649 9 59 116
3650 10 140 116
3651 11 222 116
3652 12 187 116
3653 13 191 116
3654 14 202 116
3655 15 54 116
3656 16 67 116
3657 17 176 116
3658 18 21 116
3659 19 3 116
3660 20 47 116
3661 21 42 116
3662 22 64 116
3663 23 237 116
3664 24 128 116
3665 25 226 116
3666 26 256 116
3667 27 168 116
3668 28 247 116
3669 29 88 116
3670 30 145 116
3671 31 242 116
3672 32 119 116
3673 33 146 116
3674 34 53 116
3675 35 41 116
3676 36 246 116
3677 37 189 116
3678 38 82 116
3679 39 3 116
3680 40 186 116
3681 41 231 116
3682 43 116 116
3683 0 55 117
3684 1 214 117
3685 2 106 117
3686 3 217 117
3687 4 176 117
3688 5 67 117
3689 6 67 117
3690 7 251 117
3691 8 22 117
3692 9 206 117
3693 10 25 117
3694 11 93 117
3695 12 191 117
3696 13 67 117
3697 14 38 117
3698 15 61 117
3699 16 178 117
3700 17 249 117
3701 18 252 117
3702 19 94 117
3703 20 192 117
3704 21 176 117
3705 22 18 117
3706 23 259 117
3707 24 7 117
3708 25 125 117
3709 26 113 117
3710 27 101 117
3711 28 199 117
3712 29 198 117
3713 30 81 117
3714 31 210 117
3715 32 195 117
3716 33 54 117
3717 34 206 117
3718 35 105 117
3719 36 118 117
3720 42 185 117
3721 37 122 117
3722 39 176 117
3723 38 126 117
3724 40 94 117
3725 41 159 117
3726 43 101 117
3727 0 174 118
3728 1 99 118
3729 2 71 118
3730 3 70 118
3731 4 230 118
3732 5 258 118
3733 6 174 118
3734 7 251 118
3735 8 28 118
3736 9 68 118
3737 10 138 118
3738 11 111 118
3739 12 73 118
3740 13 6 118
3741 14 134 118
3742 15 153 118
3743 16 241 118
3744 17 142 118
3745 18 246 118
3746 19 166 118
3747 20 77 118
3748 21 253 118
3749 22 199 118
3750 42 86 118
3751 23 90 118
3752 24 56 118
3753 25 4 118
3754 39 29 118
3755 38 214 118
3756 26 162 118
3757 27 211 118
3758 28 105 118
3759 29 188 118
3760 30 55 118
3761 31 167 118
3762 32 17 118
3763 33 64 118
3764 34 168 118
3765 35 168 118
3766 36 201 118
3767 37 92 118
3768 40 170 118
3769 41 106 118
3770 43 179 118
3771 44 6 118
3772 0 212 119
3773 1 248 119
3774 2 41 119
3775 3 79 119
3776 4 149 119
3777 5 24 119
3778 6 103 119
3779 44 131 119
3780 7 84 119
3781 8 45 119
3782 9 250 119
3783 10 166 119
3784 39 78 119
3785 11 83 119
3786 12 93 119
3787 13 92 119
3788 14 196 119
3789 16 233 119
3790 15 118 119
3791 17 175 119
3792 32 82 119
3793 18 19 119
3794 19 109 119
3795 30 241 119
3796 20 87 119
3797 21 29 119
3798 22 219 119
3799 24 166 119
3800 25 52 119
3801 23 169 119
3802 26 211 119
3803 27 243 119
3804 28 9 119
3805 45 33 119
3806 0 90 120
3807 45 44 120
3808 42 42 119
3809 43 165 119
3810 1 201 120
3811 41 39 119
3812 40 39 119
3813 38 237 119
3814 2 107 120
3815 38 53 120
3816 36 79 119
3817 35 228 119
3818 37 77 119
3819 34 41 119
3820 33 189 119
3821 31 148 119
3822 3 134 120
3823 4 258 120
3824 29 82 119
3825 5 132 120
3826 6 124 120
3827 7 157 120
3828 8 54 120
3829 24 13 120
3830 9 56 120
3831 25 108 120
3832 46 230 120
3833 0 154 121
3834 46 219 121
3835 44 252 120
3836 42 213 120
3837 1 116 121
3838 43 12 120
3839 41 250 120
3840 39 138 120
3841 40 250 120
3842 2 244 121
3843 31 156 120
3844 36 149 120
3845 37 152 120
3846 35 187 120
3847 34 74 120
3848 32 226 120
3849 33 200 120
3850 3 51 121
3851 30 42 120
3852 27 113 120
3853 4 10 121
3854 28 28 120
3855 29 112 120
3856 26 189 120
3857 5 78 121
3858 47 148 121
3859 0 170 122
3860 47 22 122
3861 45 179 121
3862 44 179 121
3863 1 29 122
3864 42 172 121
3865 43 24 121
3866 39 44 121
3867 41 92 121
3868 40 92 121
3869 38 114 121
3870 6 112 121
3871 2 237 122
3872 36 38 121
3873 35 113 121
3874 32 251 121
3875 34 63 121
3876 33 21 121
3877 31 221 121
3878 30 249 121
3879 37 157 121
3880 27 60 121
3881 28 166 121
3882 24 212 121
3883 48 226 122
3884 49 137 122
3885 0 156 123
3886 46 84 122
3887 45 28 122
3888 1 73 123
3889 44 28 122
3890 42 68 122
3891 3 8 122
3892 43 204 122
3893 41 57 122
3894 39 103 122
3895 38 225 122
3896 40 115 122
3897 4 75 122
3898 36 75 122
3899 5 261 122
3900 35 50 122
3901 34 242 122
3902 32 142 122
3903 31 14 122
3904 33 111 122
3905 30 180 122
3906 29 203 121
3907 48 152 123
3908 50 63 123
3909 49 42 123
3910 47 221 123
3911 46 235 123
3912 0 152 124
3913 45 166 123
3914 44 166 123
3915 2 135 123
3916 42 147 123
3917 43 52 123
3918 3 130 123
3919 39 141 123
3920 40 244 123
3921 38 188 123
3922 37 25 122
3923 4 29 123
3924 36 238 123
3925 35 71 123
3926 5 141 123
3927 32 128 123
3928 33 90 123
3929 31 83 123
3930 1 26 124
3931 0 241 125
3932 50 242 124
3933 48 142 124
3934 47 14 124
3935 49 80 124
3936 46 97 124
3937 45 120 124
3938 2 231 124
3939 44 120 124
3940 42 145 124
3941 41 202 123
3942 3 174 124
3943 41 94 124
3944 39 216 124
3945 38 25 124
3946 4 73 124
3947 37 167 123
3948 36 96 124
3949 34 64 123
3950 5 14 124
3951 34 173 124
3952 51 50 125
3953 52 213 125
3954 0 63 126
3955 1 244 125
3956 48 128 125
3957 49 180 125
3958 47 83 125
3959 46 143 125
3960 2 255 125
3961 45 223 125
3962 44 223 125
3963 43 203 124
3964 3 175 125
3965 42 167 125
3966 40 108 124
3967 39 191 125
3968 4 84 125
3969 38 167 125
3970 37 32 124
3971 35 247 124
3972 5 135 125
3973 51 142 126
3974 53 192 126
3975 52 192 126
3976 50 64 125
3977 1 215 126
3978 50 173 126
3979 48 45 126
3980 47 60 126
3981 2 261 126
3982 46 40 126
3983 45 101 126
3984 43 119 125
3985 3 241 126
3986 42 134 126
3987 41 227 125
3988 40 227 125
3989 4 21 126
3990 39 24 126
3991 38 32 126
3992 36 8 125
3993 0 238 127
3994 54 167 127
3995 53 199 127
3996 51 64 127
3997 1 251 127
3998 52 193 127
3999 49 15 126
4000 48 248 127
4001 2 131 127
4002 47 243 127
4003 46 162 127
4004 44 172 126
4005 3 126 127
4006 44 54 127
4007 43 36 126
4008 41 12 126
4009 4 71 127
4010 40 12 126
4011 39 255 127
4012 0 191 128
4013 55 96 128
4014 54 32 128
4015 1 125 128
4016 51 154 128
4017 52 109 128
4018 50 124 127
4019 49 258 127
4020 2 230 128
4021 48 5 128
4022 47 182 128
4023 45 118 127
4024 3 163 128
4025 45 245 128
4026 42 136 127
4027 43 124 127
4028 4 215 128
4029 41 259 127
4030 0 245 129
4031 57 183 129
4032 55 231 129
4033 53 170 128
4034 1 65 129
4035 53 139 129
4036 51 124 129
4037 50 134 128
4038 2 189 129
4039 49 177 128
4040 48 86 129
4041 46 145 128
4042 3 238 129
4043 46 18 129
4044 44 136 128
4045 42 208 128
4046 4 251 129
4047 0 127 130
4048 56 153 130
4049 57 198 130
4050 54 178 129
4051 1 82 130
4052 54 62 130
4053 52 31 129
4054 51 134 130
4055 2 113 130
4056 50 43 129
4057 49 204 129
4058 47 59 129
4059 3 191 130
4060 47 254 130
4061 45 130 129
4062 44 130 129
4063 0 229 131
4064 58 4 130
4065 56 203 131
4066 55 85 130
4067 1 152 131
4068 55 201 131
4069 53 165 130
4070 52 165 130
4071 2 94 131
4072 51 43 131
4073 50 161 130
4074 48 51 130
4075 49 195 130
4076 3 137 131
4077 46 133 130
4078 0 123 132
4079 59 4 132
4080 58 174 131
4081 57 118 131
4082 1 38 132
4083 56 255 132
4084 54 49 131
4085 53 208 131
4086 2 155 132
4087 52 208 131
4088 51 161 132
4089 48 223 131
4090 50 34 131
4091 49 198 131
4092 0 228 133
4093 60 82 133
4094 59 174 133
4095 57 89 132
4096 58 205 132
4097 1 235 133
4098 55 214 132
4099 54 159 132
4100 2 236 133
4101 53 106 132
4102 52 106 132
4103 3 229 132
4104 3 229 133
4105 0 57 134
4106 61 201 133
4107 60 104 134
4108 56 40 133
4109 1 101 134
4110 58 107 133
4111 56 214 134
4112 55 104 133
4113 57 261 133
4114 54 210 133
4115 53 140 133
4116 51 123 133
4117 0 80 135
4118 62 44 134
4119 61 198 134
4120 59 146 134
4121 1 91 135
4122 59 107 135
4123 2 252 134
4124 57 13 134
4125 58 221 134
4126 55 53 134
4127 54 193 134
4128 0 20 136
4129 63 44 136
4130 62 73 135
4131 60 117 135
4132 61 112 135
4133 1 47 136
4134 2 260 135
4135 56 210 135
4136 58 158 135
4137 57 44 135
4138 0 5 137
4139 64 22 136
4140 63 73 137
4141 60 190 136
4142 62 151 136
4143 61 45 136
4144 59 250 136
4145 2 79 136
4146 1 35 137
4147 0 67 138
4148 65 168 137
4149 64 168 137
4150 2 185 137
4151 1 211 138
4152 62 125 137
4153 60 161 137
4154 59 92 137
4155 0 214 139
4156 66 221 138
4157 65 207 138
4158 63 28 138
4159 64 207 138
4160 1 200 139
4161 61 170 137
4162 0 185 140
4163 67 42 139
4164 66 14 139
4165 63 76 139
4166 65 194 139
4167 64 194 139
4168 0 112 141
4169 68 242 140
4170 67 249 140
4171 1 180 140
4172 66 83 140
4173 0 28 142
4174 69 7 141
4175 68 7 141
4176 1 45 141
4177 0 7 143
4178 70 199 141
4179 69 173 142
4180 0 199 144
4181 71 32 142
4182 0 247 145
4183 10 224 120
4184 11 86 120
4185 12 31 120
4186 13 40 120
4187 14 217 120
4188 15 99 120
4189 16 115 120
4190 17 190 120
4191 18 11 120
4192 19 68 120
4193 20 4 120
4194 21 116 120
4195 22 234 120
4196 23 196 120
4197 7 248 121
4198 8 7 121
4199 9 123 121
4200 10 200 121
4201 11 58 121
4202 12 37 121
4203 13 135 121
4204 14 224 121
4205 15 229 121
4206 16 59 121
4207 17 168 121
4208 18 243 121
4209 19 234 121
4210 20 109 121
4211 21 15 121
4212 22 11 121
4213 23 82 121
4214 25 233 121
4215 26 30 121
4216 6 85 122
4217 7 167 122
4218 8 122 122
4219 9 109 122
4220 10 160 122
4221 11 175 122
4222 12 118 122
4223 13 244 122
4224 14 99 122
4225 15 100 122
4226 16 259 122
4227 17 9 122
4228 18 4 122
4229 19 205 122
4230 20 154 122
4231 21 44 122
4232 22 219 122
4233 23 189 122
4234 24 38 122
4235 25 203 122
4236 26 258 122
4237 27 178 122
4238 28 76 122
4239 29 103 122
4240 6 1 123
4241 7 93 123
4242 8 221 123
4243 9 66 123
4244 10 231 123
4245 11 95 123
4246 12 236 123
4247 13 99 123
4248 14 160 123
4249 15 37 123
4250 16 231 123
4251 17 208 123
4252 18 30 123
4253 19 207 123
4254 20 81 123
4255 21 14 123
4256 22 104 123
4257 23 127 123
4258 24 128 123
4259 25 112 123
4260 26 198 123
4261 27 175 123
4262 28 192 123
4263 29 44 123
4264 30 73 123
4265 6 114 124
4266 7 260 124
4267 8 25 124
4268 9 189 124
4269 10 128 124
4270 11 9 124
4271 12 7 124
4272 13 83 124
4273 14 29 124
4274 15 201 124
4275 16 196 124
4276 17 92 124
4277 18 48 124
4278 19 216 124
4279 20 65 124
4280 21 18 124
4281 22 5 124
4282 23 212 124
4283 24 21 124
4284 25 8 124
4285 26 227 124
4286 27 49 124
4287 28 214 124
4288 29 104 124
4289 30 27 124
4290 31 258 124
4291 32 149 124
4292 33 29 124
4293 6 180 125
4294 7 63 125
4295 8 138 125
4296 9 80 125
4297 10 207 125
4298 11 47 125
4299 12 248 125
4300 13 155 125
4301 14 145 125
4302 15 250 125
4303 16 48 125
4304 17 239 125
4305 18 2 125
4306 19 8 125
4307 20 209 125
4308 21 53 125
4309 22 257 125
4310 23 7 125
4311 24 177 125
4312 25 50 125
4313 26 203 125
4314 27 105 125
4315 28 28 125
4316 29 47 125
4317 30 42 125
4318 31 70 125
4319 32 225 125
4320 33 232 125
4321 34 78 125
4322 35 12 125
4323 37 113 125
4324 5 124 126
4325 6 77 126
4326 7 31 126
4327 8 113 126
4328 9 11 126
4329 10 60 126
4330 11 199 126
4331 12 15 126
4332 13 49 126
4333 14 61 126
4334 15 187 126
4335 16 111 126
4336 17 144 126
4337 18 73 126
4338 19 68 126
4339 20 157 126
4340 21 66 126
4341 22 226 126
4342 23 21 126
4343 24 171 126
4344 25 29 126
4345 26 255 126
4346 27 57 126
4347 28 205 126
4348 29 74 126
4349 30 95 126
4350 31 124 126
4351 32 250 126
4352 33 242 126
4353 34 91 126
4354 35 67 126
4355 36 216 126
4356 37 208 126
4357 5 222 127
4358 6 192 127
4359 7 63 127
4360 8 167 127
4361 9 251 127
4362 10 23 127
4363 11 50 127
4364 12 98 127
4365 13 111 127
4366 14 64 127
4367 15 50 127
4368 16 190 127
4369 17 125 127
4370 18 56 127
4371 19 189 127
4372 20 242 127
4373 21 84 127
4374 22 213 127
4375 23 110 127
4376 24 231 127
4377 25 182 127
4378 26 113 127
4379 27 32 127
4380 28 138 127
4381 29 230 127
4382 30 50 127
4383 31 13 127
4384 32 10 127
4385 33 102 127
4386 34 19 127
4387 35 139 127
4388 36 92 127
4389 37 25 127
4390 38 34 127
4391 40 15 127
4392 5 166 128
4393 6 57 128
4394 7 125 128
4395 8 10 128
4396 9 43 128
4397 10 142 128
4398 11 197 128
4399 12 100 128
4400 13 100 128
4401 14 251 128
4402 15 238 128
4403 16 88 128
4404 17 111 128
4405 18 137 128
4406 19 208 128
4407 20 81 128
4408 21 71 128
4409 22 225 128
4410 23 179 128
4411 24 50 128
4412 25 183 128
4413 26 114 128
4414 27 196 128
4415 28 182 128
4416 29 151 128
4417 30 235 128
4418 31 80 128
4419 32 56 128
4420 33 55 128
4421 34 39 128
4422 35 82 128
4423 36 234 128
4424 37 73 128
4425 38 188 128
4426 39 52 128
4427 40 123 128
4428 41 236 128
4429 43 78 128
4430 5 76 129
4431 6 249 129
4432 7 128 129
4433 8 243 129
4434 9 234 129
4435 10 155 129
4436 11 110 129
4437 12 157 129
4438 13 99 129
4439 14 237 129
4440 15 18 129
4441 16 234 129
4442 17 24 129
4443 18 238 129
4444 19 10 129
4445 20 19 129
4446 21 90 129
4447 22 75 129
4448 23 93 129
4449 24 208 129
4450 25 80 129
4451 26 109 129
4452 27 132 129
4453 28 235 129
4454 29 5 129
4455 30 4 129
4456 31 219 129
4457 32 123 129
4458 33 95 129
4459 34 253 129
4460 35 200 129
4461 36 34 129
4462 37 150 129
4463 38 173 129
4464 39 58 129
4465 40 14 129
4466 41 172 129
4467 42 70 129
4468 43 237 129
4469 4 261 130
4470 5 10 130
4471 6 98 130
4472 7 27 130
4473 8 254 130
4474 9 209 130
4475 10 98 130
4476 11 22 130
4477 12 119 130
4478 13 256 130
4479 14 91 130
4480 15 124 130
4481 16 215 130
4482 17 10 130
4483 18 155 130
4484 19 114 130
4485 20 135 130
4486 21 60 130
4487 22 221 130
4488 23 86 130
4489 24 170 130
4490 25 52 130
4491 26 146 130
4492 27 259 130
4493 28 4 130
4494 29 13 130
4495 30 8 130
4496 31 239 130
4497 32 259 130
4498 33 233 130
4499 34 231 130
4500 35 214 130
4501 36 210 130
4502 37 252 130
4503 38 102 130
4504 39 32 130
4505 40 190 130
4506 41 82 130
4507 42 238 130
4508 43 143 130
4509 44 135 130
4510 45 47 130
4511 4 254 131
4512 5 193 131
4513 6 148 131
4514 7 147 131
4515 8 129 131
4516 9 245 131
4517 10 203 131
4518 11 150 131
4519 12 178 131
4520 13 180 131
4521 14 202 131
4522 15 75 131
4523 16 242 131
4524 17 208 131
4525 18 71 131
4526 19 140 131
4527 20 128 131
4528 21 4 131
4529 22 34 131
4530 23 34 131
4531 24 179 131
4532 25 4 131
4533 26 59 131
4534 27 120 131
4535 28 76 131
4536 29 87 131
4537 30 40 131
4538 31 102 131
4539 32 155 131
4540 33 41 131
4541 34 240 131
4542 35 185 131
4543 36 131 131
4544 37 247 131
4545 38 132 131
4546 39 239 131
4547 40 223 131
4548 41 128 131
4549 42 56 131
4550 43 68 131
4551 44 80 131
4552 45 212 131
4553 46 247 131
4554 47 126 131
4555 4 178 132
4556 5 159 132
4557 6 240 132
4558 7 61 132
4559 8 256 132
4560 9 46 132
4561 10 173 132
4562 11 93 132
4563 12 207 132
4564 13 48 132
4565 14 240 132
4566 15 127 132
4567 16 21 132
4568 17 158 132
4569 18 256 132
4570 19 46 132
4571 20 239 132
4572 21 72 132
4573 22 261 132
4574 23 44 132
4575 24 89 132
4576 25 214 132
4577 26 64 132
4578 27 52 132
4579 28 261 132
4580 29 28 132
4581 30 233 132
4582 31 242 132
4583 32 200 132
4584 33 59 132
4585 34 175 132
4586 35 70 132
4587 36 101 132
4588 37 32 132
4589 38 145 132
4590 39 152 132
4591 40 183 132
4592 41 158 132
4593 42 68 132
4594 43 230 132
4595 44 62 132
4596 45 170 132
4597 46 217 132
4598 47 226 132
4599 48 49 132
4600 49 36 132
4601 50 116 132
4602 4 74 133
4603 5 256 133
4604 6 101 133
4605 7 40 133
4606 8 53 133
4607 9 181 133
4608 10 39 133
4609 11 196 133
4610 12 226 133
4611 13 145 133
4612 14 59 133
4613 15 205 133
4614 16 153 133
4615 17 251 133
4616 18 105 133
4617 19 221 133
4618 20 6 133
4619 21 186 133
4620 22 253 133
4621 23 212 133
4622 24 239 133
4623 25 224 133
4624 26 199 133
4625 27 194 133
4626 28 31 133
4627 29 108 133
4628 30 154 133
4629 31 55 133
4630 32 152 133
4631 33 217 133
4632 34 26 133
4633 35 212 133
4634 36 189 133
4635 37 65 133
4636 38 190 133
4637 39 193 133
4638 40 16 133
4639 41 176 133
4640 42 87 133
4641 43 9 133
4642 44 160 133
4643 45 101 133
4644 46 80 133
4645 47 40 133
4646 48 218 133
4647 49 33 133
4648 50 217 133
4649 52 109 133
4650 3 259 134
4651 4 42 134
4652 5 126 134
4653 6 232 134
4654 7 91 134
4655 8 112 134
4656 9 181 134
4657 10 98 134
4658 11 66 134
4659 12 171 134
4660 13 155 134
4661 14 104 134
4662 15 142 134
4663 16 7 134
4664 17 44 134
4665 18 38 134
4666 19 90 134
4667 20 135 134
4668 21 83 134
4669 22 111 134
4670 23 62 134
4671 24 178 134
4672 25 169 134
4673 26 158 134
4674 27 135 134
4675 28 235 134
4676 29 185 134
4677 30 77 134
4678 31 249 134
4679 32 124 134
4680 33 34 134
4681 34 229 134
4682 35 103 134
4683 36 243 134
4684 37 111 134
4685 38 233 134
4686 39 49 134
4687 40 218 134
4688 41 33 134
4689 42 238 134
4690 43 257 134
4691 44 238 134
4692 45 61 134
4693 46 230 134
4694 47 126 134
4695 48 166 134
4696 49 149 134
4697 50 103 134
4698 51 108 134
4699 52 214 134
4700 53 252 134
4701 3 252 135
4702 4 229 135
4703 5 47 135
4704 6 248 135
4705 7 187 135
4706 8 220 135
4707 9 166 135
4708 10 212 135
4709 11 144 135
4710 12 31 135
4711 13 216 135
4712 14 89 135
4713 15 48 135
4714 16 175 135
4715 17 129 135
4716 18 214 135
4717 19 10 135
4718 20 221 135
4719 21 178 135
4720 22 36 135
4721 23 78 135
4722 24 105 135
4723 25 19 135
4724 26 156 135
4725 27 175 135
4726 28 254 135
4727 29 191 135
4728 30 167 135
4729 31 208 135
4730 32 226 135
4731 33 70 135
4732 34 56 135
4733 35 147 135
4734 36 24 135
4735 37 57 135
4736 38 211 135
4737 39 119 135
4738 40 176 135
4739 41 105 135
4740 42 59 135
4741 43 141 135
4742 44 29 135
4743 45 194 135
4744 46 81 135
4745 47 239 135
4746 48 73 135
4747 49 135 135
4748 50 85 135
4749 51 203 135
4750 52 107 135
4751 53 17 135
4752 54 131 135
4753 55 59 135
4754 3 51 136
4755 4 181 136
4756 5 227 136
4757 6 229 136
4758 7 247 136
4759 8 89 136
4760 9 54 136
4761 10 132 136
4762 11 107 136
4763 12 81 136
4764 13 148 136
4765 14 33 136
4766 15 141 136
4767 16 234 136
4768 17 108 136
4769 18 14 136
4770 19 210 136
4771 20 223 136
4772 21 173 136
4773 22 97 136
4774 23 248 136
4775 24 63 136
4776 25 150 136
4777 26 139 136
4778 27 164 136
4779 28 13 136
4780 29 230 136
4781 30 170 136
4782 31 148 136
4783 32 248 136
4784 33 245 136
4785 34 192 136
4786 35 133 136
4787 36 47 136
4788 37 6 136
4789 38 241 136
4790 39 174 136
4791 40 196 136
4792 41 157 136
4793 42 1 136
4794 43 43 136
4795 44 211 136
4796 45 59 136
4797 46 2 136
4798 47 10 136
4799 48 197 136
4800 49 55 136
4801 50 185 136
4802 51 71 136
4803 52 173 136
4804 53 42 136
4805 54 75 136
4806 55 51 136
4807 3 11 137
4808 56 2 136
4809 57 47 136
4810 2 45 138
4811 58 258 136
4812 3 246 138
4813 4 97 137
4814 5 197 137
4815 6 94 137
4816 7 96 137
4817 8 178 137
4818 9 244 137
4819 10 257 137
4820 11 205 137
4821 12 118 137
4822 13 83 137
4823 14 204 137
4824 15 20 137
4825 16 93 137
4826 17 214 137
4827 18 21 137
4828 19 208 137
4829 20 239 137
4830 21 157 137
4831 22 104 137
4832 23 121 137
4833 24 253 137
4834 25 67 137
4835 26 237 137
4836 27 134 137
4837 28 84 137
4838 29 87 137
4839 30 212 137
4840 31 187 137
4841 32 249 137
4842 33 124 137
4843 34 171 137
4844 35 243 137
4845 36 236 137
4846 37 6 137
4847 38 213 137
4848 39 143 137
4849 40 175 137
4850 41 109 137
4851 42 152 137
4852 43 103 137
4853 44 196 137
4854 45 124 137
4855 46 197 137
4856 47 258 137
4857 48 237 137
4858 49 87 137
4859 50 92 137
4860 51 49 137
4861 52 17 137
4862 53 27 137
4863 54 226 137
4864 55 115 137
4865 56 29 137
4866 57 174 137
4867 58 189 137
4868 4 52 138
4869 5 182 138
4870 6 28 138
4871 7 28 138
4872 8 72 138
4873 9 7 138
4874 10 238 138
4875 11 149 138
4876 12 42 138
4877 13 5 138
4878 14 103 138
4879 15 16 138
4880 16 126 138
4881 17 246 138
4882 18 70 138
4883 19 254 138
4884 20 59 138
4885 21 151 138
4886 22 149 138
4887 23 245 138
4888 24 176 138
4889 25 242 138
4890 26 14 138
4891 27 101 138
4892 28 139 138
4893 29 140 138
4894 30 35 138
4895 31 168 138
4896 32 40 138
4897 33 149 138
4898 35 142 138
4899 34 145 138
4900 36 143 138
4901 37 123 138
4902 38 142 138
4903 39 54 138
4904 40 261 138
4905 41 149 138
4906 42 238 138
4907 43 102 138
4908 44 184 138
4909 45 7 138
4910 46 253 138
4911 47 18 138
4912 48 167 138
4913 49 96 138
4914 50 113 138
4915 51 71 138
4916 52 199 138
4917 53 94 138
4918 54 161 138
4919 55 50 138
4920 56 15 138
4921 57 106 138
4922 58 76 138
4923 59 190 138
4924 60 12 138
4925 61 49 138
4926 62 147 138
4927 2 236 139
4928 3 125 139
4929 4 72 139
4930 5 240 139
4931 6 240 139
4932 7 212 139
4933 8 38 139
4934 9 160 139
4935 10 7 139
4936 11 10 139
4937 12 157 139
4938 13 2 139
4939 14 214 139
4940 15 217 139
4941 16 93 139
4942 17 179 139
4943 18 7 139
4944 19 127 139
4945 20 112 139
4946 21 83 139
4947 22 211 139
4948 23 131 139
4949 24 239 139
4950 25 143 139
4951 26 17 139
4952 27 252 139
4953 28 150 139
4954 29 60 139
4955 30 19 139
4956 31 120 139
4957 32 214 139
4958 33 100 139
4959 34 245 139
4960 35 259 139
4961 36 187 139
4962 37 206 139
4963 38 249 139
4964 39 213 139
4965 40 8 139
4966 41 145 139
4967 42 119 139
4968 43 255 139
4969 44 42 139
4970 45 131 139
4971 46 42 139
4972 47 38 139
4973 48 36 139
4974 49 130 139
4975 50 109 139
4976 51 157 139
4977 52 36 139
4978 53 50 139
4979 54 92 139
4980 55 44 139
4981 56 128 139
4982 57 161 139
4983 58 211 139
4984 59 171 139
4985 60 204 139
4986 61 17 139
4987 62 130 139
4988 2 50 140
4989 3 73 140
4990 4 138 140
4991 5 122 140
4992 6 184 140
4993 7 189 140
4994 8 6 140
4995 9 199 140
4996 10 108 140
4997 11 17 140
4998 12 232 140
4999 13 12 140
5000 14 11 140
5001 15 46 140
5002 16 195 140
5003 17 83 140
5004 18 113 140
5005 19 64 140
5006 20 63 140
5007 21 88 140
5008 22 91 140
5009 23 43 140
5010 24 107 140
5011 25 58 140
5012 26 52 140
5013 27 52 140
5014 28 34 140
5015 29 110 140
5016 30 108 140
5017 31 208 140
5018 32 40 140
5019 33 7 140
5020 34 212 140
5021 35 118 140
5022 37 192 140
5023 36 160 140
5024 38 136 140
5025 39 225 140
5026 40 221 140
5027 41 89 140
5028 42 20 140
5029 43 76 140
5030 44 82 140
5031 45 230 140
5032 46 58 140
5033 47 154 140
5034 48 4 140
5035 49 25 140
5036 50 11 140
5037 51 86 140
5038 52 31 140
5039 53 242 140
5040 54 206 140
5041 55 16 140
5042 56 113 140
5043 57 170 140
5044 58 62 140
5045 59 222 140
5046 60 83 140
5047 61 182 140
5048 62 48 140
5049 63 236 140
5050 64 166 140
5051 65 101 140
5052 2 91 141
5053 3 137 141
5054 4 99 141
5055 5 79 141
5056 6 69 141
5057 7 167 141
5058 8 73 141
5059 9 106 141
5060 10 234 141
5061 11 34 141
5062 12 203 141
5063 13 225 141
5064 14 123 141
5065 15 222 141
5066 16 229 141
5067 17 250 141
5068 18 12 141
5069 19 6 141
5070 20 25 141
5071 21 198 141
5072 22 239 141
5073 23 51 141
5074 24 216 141
5075 25 238 141
5076 26 184 141
5077 27 179 141
5078 28 214 141
5079 29 197 141
5080 30 224 141
5081 31 43 141
5082 32 48 141
5083 33 221 141
5084 34 236 141
5085 35 208 141
5086 36 65 141
5087 37 226 141
5088 38 145 141
5089 39 45 141
5090 40 167 141
5091 41 66 141
5092 42 200 141
5093 43 71 141
5094 44 176 141
5095 45 212 141
5096 46 2 141
5097 47 109 141
5098 48 217 141
5099 49 40 141
5100 50 44 141
5101 51 261 141
5102 52 100 141
5103 53 79 141
5104 54 184 141
5105 55 8 141
5106 56 96 141
5107 57 61 141
5108 58 32 141
5109 59 205 141
5110 60 200 141
5111 61 142 141
5112 62 259 141
5113 63 205 141
5114 64 261 141
5115 65 249 141
5116 66 79 141
5117 67 215 141
5118 1 30 142
5119 2 262 142
5120 3 220 142
5121 4 4 142
5122 5 43 142
5123 6 126 142
5124 7 252 142
5125 8 46 142
5126 9 35 142
5127 10 33 142
5128 11 255 142
5129 12 146 142
5130 13 229 142
5131 14 109 142
5132 15 133 142
5133 16 234 142
5134 17 231 142
5135 18 126 142
5136 19 224 142
5137 20 111 142
5138 21 183 142
5139 22 2 142
5140 23 19 142
5141 24 60 142
5142 25 70 142
5143 26 69 142
5144 27 100 142
5145 28 25 142
5146 29 261 142
5147 30 4 142
5148 31 135 142
5149 32 233 142
5150 33 260 142
5151 34 71 142
5152 35 131 142
5153 36 239 142
5154 37 53 142
5155 38 150 142
5156 39 237 142
5157 40 173 142
5158 41 102 142
5159 42 58 142
5160 43 208 142
5161 44 118 142
5162 45 128 142
5163 46 13 142
5164 47 40 142
5165 48 86 142
5166 49 211 142
5167 50 115 142
5168 51 255 142
5169 52 215 142
5170 53 25 142
5171 54 124 142
5172 55 141 142
5173 56 92 142
5174 57 152 142
5175 59 262 142
5176 58 13 142
5177 60 253 142
5178 61 242 142
5179 62 13 142
5180 63 97 142
5181 64 46 142
5182 65 73 142
5183 66 218 142
5184 67 234 142
5185 68 262 142
5186 70 58 142
5187 1 70 143
5188 2 121 143
5189 3 85 143
5190 4 126 143
5191 5 65 143
5192 6 54 143
5193 7 52 143
5194 8 152 143
5195 9 253 143
5196 10 164 143
5197 11 220 143
5198 12 103 143
5199 13 189 143
5200 14 242 143
5201 15 91 143
5202 16 131 143
5203 17 203 143
5204 18 182 143
5205 19 260 143
5206 20 93 143
5207 21 107 143
5208 22 106 143
5209 23 59 143
5210 24 156 143
5211 25 8 143
5212 26 35 143
5213 27 200 143
5214 28 25 143
5215 29 80 143
5216 30 79 143
5217 31 187 143
5218 32 204 143
5219 33 53 143
5220 34 241 143
5221 35 180 143
5222 36 63 143
5223 37 248 143
5224 38 63 143
5225 39 65 143
5226 40 176 143
5227 41 68 143
5228 42 244 143
5229 43 240 143
5230 44 56 143
5231 45 80 143
5232 46 129 143
5233 47 192 143
5234 48 60 143
5235 49 164 143
5236 50 122 143
5237 51 53 143
5238 52 110 143
5239 53 180 143
5240 54 177 143
5241 55 225 143
5242 56 185 143
5243 57 211 143
5244 58 27 143
5245 59 198 143
5246 60 28 143
5247 61 62 143
5248 62 235 143
5249 63 130 143
5250 64 95 143
5251 65 255 143
5252 66 207 143
5253 67 221 143
5254 68 94 143
5255 69 253 143
5256 70 80 143
5257 71 149 143
5258 1 247 144
5259 2 259 144
5260 3 192 144
5261 4 35 144
5262 5 163 144
5263 6 99 144
5264 7 21 144
5265 8 179 144
5266 9 157 144
5267 10 142 144
5268 11 104 144
5269 12 74 144
5270 13 119 144
5271 14 222 144
5272 15 221 144
5273 16 208 144
5274 17 93 144
5275 18 50 144
5276 19 76 144
5277 20 115 144
5278 21 154 144
5279 22 74 144
5280 23 176 144
5281 24 203 144
5282 25 166 144
5283 26 252 144
5284 27 189 144
5285 28 244 144
5286 29 109 144
5287 30 214 144
5288 31 246 144
5289 32 176 144
5290 33 19 144
5291 34 118 144
5292 35 108 144
5293 36 44 144
5294 37 47 144
5295 38 107 144
5296 39 66 144
5297 40 188 144
5298 41 188 144
5299 42 215 144
5300 43 155 144
5301 44 138 144
5302 45 245 144
5303 46 6 144
5304 47 165 144
5305 48 68 144
5306 49 137 144
5307 50 179 144
5308 51 5 144
5309 52 162 144
5310 53 216 144
5311 54 215 144
5312 55 253 144
5313 56 238 144
5314 57 104 144
5315 58 175 144
5316 59 209 144
5317 60 170 144
5318 61 219 144
5319 62 21 144
5320 63 166 144
5321 64 97 144
5322 65 195 144
5323 66 262 144
5324 67 42 144
5325 68 175 144
5326 69 133 144
5327 70 94 144
5328 71 118 144
5329 72 83 144
5330 1 229 145
5331 2 51 145
5332 3 163 145
5333 4 34 145
5334 5 114 145
5335 6 187 145
5336 7 79 145
5337 8 126 145
5338 9 88 145
5339 10 178 145
5340 11 223 145
5341 12 184 145
5342 13 194 145
5343 14 226 145
5344 15 234 145
5345 16 133 145
5346 17 14 145
5347 18 262 145
5348 19 240 145
5349 20 192 145
5350 21 9 145
5351 22 75 145
5352 23 16 145
5353 24 2 145
5354 25 7 145
5355 26 135 145
5356 27 65 145
5357 28 54 145
5358 29 72 145
5359 30 174 145
5360 31 107 145
5361 32 118 145
5362 33 29 145
5363 34 241 145
5364 35 102 145
5365 36 97 145
5366 37 66 145
5367 38 164 145
5368 39 222 145
5369 40 175 145
5370 41 76 145
5371 42 30 145
5372 43 136 145
5373 44 118 145
5374 45 174 145
5375 46 16 145
5376 47 63 145
5377 48 45 145
5378 49 131 145
5379 50 62 145
5380 51 137 145
5381 53 179 145
5382 52 206 145
5383 54 28 145
5384 55 193 145
5385 56 75 145
5386 57 131 145
5387 58 151 145
5388 59 257 145
5389 60 221 145
5390 61 81 145
5391 62 151 145
5392 63 68 145
5393 64 58 145
5394 65 11 145
5395 66 205 145
5396 67 173 145
5397 68 30 145
5398 69 185 145
5399 70 39 145
5400 71 245 145
5401 72 1 145
5402 0 60 146
5403 1 39 146
5404 2 251 146
5405 3 129 146
5406 4 202 146
5407 5 46 146
5408 6 225 146
5409 7 103 146
5410 8 28 146
5411 9 218 146
5412 10 9 146
5413 11 177 146
5414 12 194 146
5415 13 60 146
5416 14 154 146
5417 15 57 146
5418 16 100 146
5419 17 208 146
5420 18 17 146
5421 19 226 146
5422 20 10 146
5423 21 82 146
5424 22 58 146
5425 23 99 146
5426 24 185 146
5427 25 256 146
5428 26 41 146
5429 27 107 146
5430 28 78 146
5431 29 47 146
5432 30 70 146
5433 31 219 146
5434 32 119 146
5435 33 213 146
5436 34 13 146
5437 35 7 146
5438 36 122 146
5439 37 133 146
5440 38 194 146
5441 39 230 146
5442 40 230 146
5443 41 169 146
5444 42 113 146
5445 43 173 146
5446 44 151 146
5447 45 260 146
5448 46 122 146
5449 47 76 146
5450 48 260 146
5451 49 83 146
5452 50 226 146
5453 51 241 146
5454 52 13 146
5455 53 90 146
5456 54 114 146
5457 55 20 146
5458 56 250 146
5459 57 202 146
5460 58 70 146
5461 59 198 146
5462 60 6 146
5463 61 157 146
5464 62 100 146
5465 63 26 146
5466 64 252 146
5467 65 87 146
5468 66 237 146
5469 67 15 146
5470 68 202 146
5471 69 224 146
5472 70 91 146
5473 71 58 146
5474 72 160 146
5475 73 179 146
5476 0 201 147
5477 1 259 147
5478 2 14 147
5479 3 135 147
5480 4 128 147
5481 5 202 147
5482 6 245 147
5483 7 67 147
5484 8 55 147
5485 9 204 147
5486 10 17 147
5487 11 230 147
5488 12 51 147
5489 13 11 147
5490 14 259 147
5491 15 177 147
5492 16 34 147
5493 17 206 147
5494 18 146 147
5495 19 146 147
5496 20 142 147
5497 21 239 147
5498 22 99 147
5499 23 58 147
5500 24 94 147
5501 25 178 147
5502 26 202 147
5503 27 181 147
5504 28 238 147
5505 29 104 147
5506 30 179 147
5507 31 190 147
5508 32 22 147
5509 33 248 147
5510 34 245 147
5511 35 211 147
5512 36 155 147
5513 37 195 147
5514 38 189 147
5515 39 51 147
5516 40 140 147
5517 41 215 147
5518 42 131 147
5519 43 30 147
5520 44 232 147
5521 45 238 147
5522 46 254 147
5523 47 7 147
5524 48 60 147
5525 49 228 147
5526 50 241 147
5527 51 90 147
5528 52 87 147
5529 53 179 147
5530 54 250 147
5531 55 141 147
5532 56 186 147
5533 57 78 147
5534 58 114 147
5535 59 191 147
5536 60 91 147
5537 61 20 147
5538 62 137 147
5539 63 241 147
5540 64 140 147
5541 65 182 147
5542 66 184 147
5543 67 143 147
5544 68 85 147
5545 69 254 147
5546 70 209 147
5547 71 43 147
5548 72 159 147
5549 73 223 147
5550 0 12 148
5551 1 203 148
5552 2 31 148
5553 3 258 148
weights 149 149 149 149 148 148 148 148 148 148 148 148 148 148 148 148 148 148 148 148 148 148 148 148 148 148 148 148 148 148 148 148 148 148 148 148 148 148 148 148 148 148 148 148 148 148 148 148 148 148 148 148 148 148 148 148 148 148 148 148 148 148 148 148 148 148 148 148 148 148 148 148 148 148
