55 20 | 3 3 | 3 2 1 | 2 3 1 | 2 1 2 1 | 1 2 1 2 | 2 2 1 1 0
55 21 | 3 3 | 3 2 1 | 1 2 3 | 1 1 3 1 | 1 2 1 2 | 2 1 1 1 1
55 20 | 3 3 | 2 3 1 | 2 2 2 | 2 2 1 1 | 2 2 1 1 | 2 1 2 1 0
55 20 | 3 3 | 2 3 1 | 2 2 2 | 2 2 1 1 | 2 2 1 1 | 2 1 1 2 0
55 19 | 3 3 | 2 3 1 | 2 2 2 | 2 2 1 1 | 2 2 1 1 | 2 0 2 2 0
55 20 | 3 3 | 2 3 1 | 2 2 2 | 2 2 1 1 | 2 2 1 1 | 1 1 2 2 0
55 20 | 3 3 | 2 3 1 | 2 2 2 | 2 2 1 1 | 2 1 2 1 | 2 2 1 1 0
55 20 | 3 3 | 2 3 1 | 2 2 2 | 2 2 1 1 | 2 1 1 2 | 2 2 1 1 0
55 19 | 3 3 | 2 3 1 | 2 2 2 | 2 2 1 1 | 2 0 2 2 | 2 2 1 1 0
55 20 | 3 3 | 2 3 1 | 2 2 2 | 2 2 1 1 | 1 1 2 2 | 2 2 1 1 0
55 20 | 3 3 | 2 3 1 | 2 2 2 | 2 1 2 1 | 2 2 1 1 | 2 2 1 1 0
55 19 | 3 3 | 2 3 1 | 2 1 3 | 2 2 2 0 | 1 2 1 2 | 1 1 2 2 0
55 20 | 3 3 | 2 3 1 | 2 1 3 | 2 2 1 1 | 2 2 1 1 | 2 2 1 1 0
55 20 | 2 4 | 3 2 1 | 3 1 2 | 2 2 1 1 | 1 3 1 1 | 1 1 3 1 0
