6 16 13 37 0 6 2 3 1 4 0 1 2 1 2 1 1 2 1 2 3 0 0 2 0
6 14 9 9 0 6 3 3 0 4 0 1 2 1 2 1 0 2 3 1 0 0 0 2 3
6 14 3 10 0 6 3 3 0 3 1 1 3 0 3 0 2 1 0 3 1 0 1 3 0
6 14 13 37 0 6 4 1 1 5 0 0 2 1 2 1 0 2 1 3 1 0 0 4 0
6 17 2 20 0 6 4 1 1 3 1 1 2 2 1 1 1 1 1 3 0 1 0 4 0
6 16 4 15 0 6 4 1 1 3 2 0 2 2 1 1 1 1 1 3 0 0 1 4 0
6 14 -3 -15 0 6 4 1 1 2 3 0 3 2 1 0 3 0 1 2 0 0 1 4 0
6 15 -5 30 0 6 5 0 1 2 2 1 2 2 1 1 0 2 1 3 0 0 1 4 0
6 15 -5 25 0 6 5 0 1 2 3 0 3 1 2 0 1 2 1 2 1 0 1 3 0
6 17 13 30 1 5 2 2 2 3 2 0 2 1 1 2 1 2 2 1 3 0 0 2 0
6 17 9 -2 1 5 2 4 0 3 1 1 2 1 1 2 1 1 3 1 0 0 2 0 3
6 16 0 -8 1 5 2 4 0 2 1 2 3 1 1 1 3 1 0 2 1 0 4 0 0
6 15 10 -24 1 5 3 1 2 4 0 1 1 5 0 0 2 1 2 1 0 0 0 1 4
6 15 7 37 1 5 3 3 0 3 1 1 1 2 3 0 1 0 0 5 0 1 3 1 0
6 14 10 40 1 5 3 3 0 4 0 1 1 3 2 0 1 1 0 4 2 0 0 3 0
6 16 1 -3 1 5 3 3 0 3 0 2 3 1 1 1 2 2 0 2 0 1 3 1 0
6 14 -3 10 1 5 4 1 1 1 4 0 2 2 0 2 1 0 4 1 0 0 0 5 0
6 14 -6 -20 1 5 4 1 1 1 4 0 3 2 0 1 3 0 1 2 0 0 0 5 0
6 14 -8 -20 1 5 4 1 1 2 0 3 3 2 0 1 1 4 1 0 0 0 0 5 0
6 15 -3 42 1 5 4 2 0 2 1 2 1 3 2 0 1 0 0 5 0 1 3 1 0
6 14 9 42 1 5 4 2 0 4 1 0 1 3 2 0 1 0 0 5 0 1 3 1 0
6 15 -5 18 1 5 5 1 0 3 0 2 3 1 1 1 0 3 3 0 0 1 1 0 3
6 16 -12 52 1 5 6 0 0 2 1 2 3 1 1 1 0 2 3 1 0 3 1 1 0
6 16 16 -32 2 4 2 2 2 4 1 0 2 2 2 0 2 2 2 0 0 1 0 1 3
6 15 13 42 2 4 2 4 0 3 2 0 1 2 2 1 1 0 3 2 2 0 3 0 0
6 15 6 27 2 4 2 4 0 2 2 1 2 0 4 0 2 0 0 4 1 2 1 1 0
6 14 13 30 2 4 3 0 3 3 2 0 2 0 1 3 0 3 0 3 0 3 1 1 0
6 14 -2 7 2 4 3 0 3 0 5 0 3 0 1 2 3 0 0 3 1 2 1 1 0
6 18 9 13 2 4 3 1 2 3 1 1 2 1 0 3 1 1 2 2 1 0 1 0 3
6 17 -2 -5 2 4 3 1 2 1 3 1 3 1 0 2 3 0 2 1 0 3 1 1 0
6 17 7 30 2 4 3 2 1 2 3 0 1 2 2 1 1 0 1 4 0 1 3 1 0
6 18 13 42 2 4 3 2 1 4 0 1 1 2 2 1 0 2 1 3 1 1 2 1 0
6 17 10 -12 2 4 3 2 1 4 0 1 2 2 2 0 1 3 1 1 0 1 0 1 3
6 17 -6 27 2 4 3 2 1 0 4 1 3 0 1 2 2 1 1 2 2 1 2 0 0
6 16 12 40 2 4 3 3 0 4 0 1 1 2 2 1 0 1 3 2 0 2 2 1 0
6 14 3 -3 2 4 3 3 0 2 3 0 2 2 2 0 2 0 3 1 0 0 3 2 0
6 14 3 -3 2 4 3 3 0 3 0 2 2 2 2 0 1 3 0 2 0 0 3 2 0
6 14 2 -13 2 4 3 3 0 3 0 2 2 3 1 0 2 2 0 2 0 0 3 2 0
6 15 -6 27 2 4 4 0 2 0 5 0 3 0 1 2 2 0 2 2 1 2 1 1 0
6 17 2 32 2 4 4 1 1 3 0 2 1 4 0 1 1 1 1 3 1 0 3 1 0
6 15 8 23 2 4 4 1 1 4 0 1 1 4 0 1 0 2 4 0 1 0 1 0 3
6 17 -5 37 2 4 4 1 1 2 0 3 2 2 2 0 1 2 1 2 1 3 0 1 0
6 17 1 25 2 4 4 1 1 3 0 2 2 2 2 0 1 2 1 2 0 3 1 1 0
6 16 -3 37 2 4 4 2 0 2 1 2 1 4 0 1 1 0 3 2 1 0 3 1 0
6 15 3 25 2 4 4 2 0 3 1 1 2 1 3 0 1 1 0 4 0 0 4 1 0
6 16 -4 35 2 4 4 2 0 2 1 2 2 2 2 0 1 2 0 3 1 1 3 0 0
6 16 -2 27 2 4 4 2 0 2 2 1 2 2 2 0 1 2 0 3 1 0 3 1 0
6 15 0 12 2 4 4 2 0 2 3 0 2 2 2 0 1 1 3 1 0 0 3 2 0
6 15 4 12 2 4 4 2 0 3 2 0 2 2 2 0 1 1 3 1 0 0 3 2 0
6 14 -6 3 2 4 4 2 0 2 0 3 3 0 1 2 0 3 3 0 0 0 1 1 3
6 16 -5 -2 2 4 4 2 0 2 1 2 3 1 0 2 1 2 3 0 0 1 0 1 3
6 16 -5 45 2 4 5 0 1 2 1 2 1 4 0 1 1 0 1 4 0 2 2 1 0
6 17 -4 35 2 4 5 0 1 2 2 1 2 2 2 0 1 1 1 3 0 2 2 1 0
6 16 -5 37 2 4 5 1 0 2 2 1 2 2 2 0 1 0 3 2 0 2 1 2 0
6 15 -13 50 2 4 5 1 0 0 4 1 3 0 1 2 0 2 3 1 1 1 3 0 0
6 16 -11 45 2 4 5 1 0 1 2 2 3 0 1 2 0 2 3 1 0 3 1 1 0
6 14 21 -51 3 3 0 3 3 3 2 0 2 1 2 1 4 0 0 2 0 2 0 0 3
6 16 15 -27 3 3 1 2 3 2 3 0 1 3 0 2 2 1 3 0 1 0 0 1 3
6 16 13 37 3 3 2 1 3 2 3 0 1 2 1 2 1 2 0 3 3 0 2 0 0
6 16 10 27 3 3 2 1 3 2 2 1 1 3 0 2 1 3 0 2 3 0 2 0 0
6 16 12 -12 3 3 2 1 3 2 3 0 1 3 0 2 1 2 3 0 1 0 0 1 3
6 15 12 -12 3 3 2 1 3 3 0 2 1 3 0 2 0 5 0 1 1 0 0 1 3
6 16 1 -3 3 3 2 1 3 0 4 1 2 1 2 1 3 0 0 3 1 2 0 2 0
6 17 15 -23 3 3 2 1 3 3 2 0 2 1 2 1 1 4 0 1 0 1 1 3 0
6 15 11 -7 3 3 2 2 2 3 0 2 1 3 0 2 0 4 2 0 1 0 0 1 3
6 17 7 25 3 3 3 0 3 2 2 1 1 3 0 2 1 2 0 3 1 2 1 1 0
6 15 9 25 3 3 3 0 3 3 0 2 1 3 0 2 0 4 0 2 1 2 1 1 0
6 14 -1 -10 3 3 3 0 3 0 5 0 2 2 1 1 3 0 0 3 0 2 1 2 0
6 15 14 47 3 3 3 1 2 3 2 0 0 3 3 0 0 1 2 3 1 2 0 2 0
6 17 18 55 3 3 3 1 2 4 1 0 1 1 2 2 0 1 2 3 1 3 0 1 0
6 15 8 8 3 3 3 1 2 2 3 0 1 3 0 2 1 0 5 0 1 0 0 1 3
6 16 8 8 3 3 3 1 2 3 0 2 1 3 0 2 0 3 2 1 1 0 0 1 3
6 17 -3 25 3 3 3 1 2 0 4 1 2 1 2 1 2 0 2 2 1 3 0 1 0
6 16 -1 5 3 3 3 1 2 0 5 0 2 1 2 1 2 0 2 2 0 2 1 2 0
6 17 7 -3 3 3 3 1 2 2 3 0 2 1 2 1 2 0 2 2 0 1 1 3 0
6 18 -2 -8 3 3 3 1 2 1 2 2 2 2 1 1 2 1 2 1 0 2 0 3 0
6 19 0 7 3 3 3 1 2 1 3 1 2 2 1 1 2 1 2 1 1 2 0 2 0
6 16 -5 -18 3 3 3 1 2 1 1 3 2 3 0 1 2 2 2 0 0 2 0 3 0
6 16 -3 -18 3 3 3 1 2 1 2 2 2 3 0 1 3 0 2 1 0 2 0 3 0
6 15 -1 -10 3 3 3 1 2 2 0 3 2 3 0 1 2 2 2 0 0 3 0 2 0
6 16 1 37 3 3 3 2 1 2 0 3 0 5 1 0 1 1 1 3 2 0 2 1 0
6 15 7 9 3 3 3 2 1 3 0 2 1 3 0 2 0 2 4 0 0 1 1 0 3
6 16 9 13 3 3 3 2 1 3 1 1 1 3 0 2 0 2 4 0 1 0 0 1 3
6 18 -8 40 3 3 3 2 1 0 2 3 2 1 2 1 1 2 1 2 2 2 1 0 0
6 16 1 -3 3 3 3 2 1 2 1 2 2 2 1 1 2 0 4 0 0 2 0 3 0
6 14 -16 -52 3 3 3 2 1 0 0 5 3 2 1 0 3 2 1 0 0 0 0 2 3
6 14 10 40 3 3 3 3 0 3 1 1 0 3 3 0 0 0 3 3 0 1 2 2 0
6 14 16 55 3 3 3 3 0 4 1 0 0 3 3 0 0 0 3 3 1 1 2 1 0
6 16 -1 -10 3 3 3 3 0 2 1 2 2 3 0 1 2 1 3 0 0 1 2 2 0
6 15 9 25 3 3 4 0 2 3 2 0 1 3 0 2 0 2 2 2 0 1 2 2 0
6 18 -5 30 3 3 4 0 2 1 2 2 2 2 1 1 1 2 2 1 1 3 0 1 0
6 15 -8 52 3 3 4 1 1 0 3 2 0 5 1 0 1 0 1 4 2 0 2 1 0
6 16 -2 40 3 3 4 1 1 1 3 1 0 5 1 0 1 0 1 4 1 0 3 1 0
6 16 0 40 3 3 4 1 1 2 1 2 0 5 1 0 1 0 1 4 1 0 3 1 0
6 16 6 40 3 3 4 1 1 3 1 1 0 5 1 0 1 0 1 4 1 0 3 1 0
6 18 -9 45 3 3 4 1 1 0 3 2 2 1 2 1 1 1 1 3 1 3 0 1 0
6 16 -5 25 3 3 4 1 1 0 5 0 2 1 2 1 1 0 4 1 0 2 1 2 0
6 18 -5 25 3 3 4 1 1 1 2 2 2 1 2 1 0 3 1 2 0 2 1 2 0
6 19 -3 25 3 3 4 1 1 1 3 1 2 1 2 1 1 1 1 3 0 2 1 2 0
6 19 0 15 3 3 4 1 1 2 2 1 2 2 1 1 1 2 1 2 0 2 1 2 0
6 19 0 7 3 3 4 1 1 2 2 1 2 2 1 1 1 2 1 2 0 1 1 3 0
6 16 -10 47 3 3 4 2 0 0 3 2 2 1 2 1 1 0 3 2 2 0 2 1 0
6 17 -8 40 3 3 4 2 0 0 4 1 2 1 2 1 1 0 3 2 1 1 2 1 0
6 19 -5 30 3 3 4 2 0 1 3 1 2 2 1 1 1 1 3 1 1 1 2 1 0
6 15 -3 10 3 3 4 2 0 2 1 2 2 2 1 1 0 3 3 0 0 0 3 2 0
6 17 -1 17 3 3 4 2 0 2 2 1 2 2 1 1 1 1 3 1 0 2 0 3 0
6 15 1 10 3 3 4 2 0 2 3 0 2 2 1 1 1 2 0 3 0 0 3 2 0
6 15 -4 47 3 3 5 0 1 2 1 2 0 6 0 0 1 0 1 4 1 1 1 2 0
6 14 -9 45 3 3 5 0 1 0 4 1 1 3 0 2 0 0 4 2 0 1 2 2 0
6 16 -14 60 3 3 5 0 1 0 2 3 2 1 2 1 0 2 1 3 1 3 0 1 0
6 17 -8 40 3 3 5 0 1 1 2 2 2 1 2 1 0 2 1 3 0 2 1 2 0
6 15 -9 42 3 3 5 0 1 0 5 0 2 2 1 1 1 0 4 1 1 2 0 2 0
6 17 -9 42 3 3 5 0 1 1 2 2 2 2 1 1 0 3 1 2 1 2 0 2 0
6 16 -5 30 3 3 5 0 1 1 4 0 2 2 1 1 1 0 4 1 0 2 1 2 0
6 17 -5 30 3 3 5 0 1 2 1 2 2 2 1 1 0 3 1 2 0 2 1 2 0
6 15 -17 70 3 3 6 0 0 0 3 2 2 2 1 1 0 1 3 2 1 3 0 1 0
6 14 18 -45 4 2 0 3 3 2 3 0 1 3 2 0 4 0 0 2 1 0 2 2 0
6 15 26 -61 4 2 0 3 3 4 1 0 2 1 1 2 2 4 0 0 0 1 0 1 3
6 16 22 -56 4 2 0 5 1 4 0 1 1 3 2 0 3 1 1 1 0 0 1 1 3
6 17 9 -18 4 2 1 2 3 1 3 1 1 3 2 0 3 1 0 2 2 0 1 2 0
6 16 2 20 4 2 1 4 1 0 3 2 1 2 3 0 2 1 1 2 3 0 2 0 0
6 15 7 25 4 2 1 5 0 1 3 1 1 2 3 0 2 0 3 1 3 0 2 0 0
6 15 9 25 4 2 1 5 0 2 1 2 1 2 3 0 1 2 3 0 3 0 2 0 0
6 14 15 45 4 2 2 1 3 2 3 0 0 3 2 1 0 3 0 3 3 0 2 0 0
6 15 10 40 4 2 2 1 3 1 4 0 0 4 1 1 2 0 0 4 3 1 1 0 0
6 16 3 -3 4 2 2 1 3 0 4 1 1 2 3 0 2 1 0 3 1 1 0 3 0
6 16 9 -15 4 2 2 1 3 1 4 0 1 2 3 0 2 1 0 3 0 1 1 3 0
6 15 2 -13 4 2 2 1 3 0 4 1 1 3 2 0 3 0 0 3 1 1 0 3 0
6 16 10 -20 4 2 2 1 3 2 2 1 1 3 2 0 2 2 0 2 0 2 0 3 0
6 15 13 10 4 2 2 1 3 2 3 0 2 0 2 2 0 5 0 1 2 0 2 1 0
6 15 13 -6 4 2 2 1 3 3 0 2 2 0 2 2 0 5 0 1 1 1 0 0 3
6 17 9 -11 4 2 2 2 2 2 1 2 0 4 1 1 0 3 2 1 0 0 1 1 3
6 15 4 12 4 2 2 2 2 0 5 0 1 2 3 0 2 0 2 2 2 0 1 2 0
6 17 7 -15 4 2 2 2 2 2 1 2 1 3 2 0 2 1 2 1 0 2 0 3 0
6 16 13 -23 4 2 2 2 2 3 1 1 1 3 2 0 1 3 2 0 0 1 0 4 0
6 15 -7 -31 4 2 2 2 2 0 1 4 1 5 0 0 3 1 2 0 1 1 0 0 3
6 15 17 50 4 2 2 3 1 3 2 0 1 0 5 0 0 2 1 3 2 2 0 1 0
6 17 1 25 4 2 2 3 1 0 4 1 1 2 3 0 2 0 1 3 2 1 1 1 0
6 18 5 5 4 2 2 3 1 1 3 1 1 2 3 0 1 2 1 2 1 0 2 2 0
6 19 7 25 4 2 2 3 1 2 1 2 1 2 3 0 1 2 1 2 2 1 1 1 0
6 15 -2 27 4 2 2 3 1 0 3 2 1 3 2 0 2 0 4 0 3 1 0 1 0
6 18 6 -5 4 2 2 3 1 2 1 2 1 3 2 0 1 3 1 1 1 0 2 2 0
6 16 10 -20 4 2 2 3 1 2 3 0 1 3 2 0 2 1 1 2 0 0 2 3 0
6 15 10 -21 4 2 2 3 1 3 0 2 1 3 2 0 2 0 4 0 0 1 0 1 3
6 15 5 -10 4 2 3 0 3 1 4 0 1 3 2 0 2 1 0 3 0 1 1 3 0
6 14 9 -18 4 2 3 0 3 2 3 0 1 3 2 0 2 1 0 3 0 0 1 4 0
6 17 12 40 4 2 3 1 2 3 1 1 0 4 1 1 0 2 2 2 2 0 2 1 0
6 17 1 30 4 2 3 1 2 1 2 2 0 5 0 1 1 1 2 2 2 0 2 1 0
6 15 3 -6 4 2 3 1 2 2 0 3 0 5 0 1 0 3 2 1 0 0 1 1 3
6 17 -1 17 4 2 3 1 2 0 4 1 1 2 3 0 1 1 2 2 1 1 0 3 0
6 17 5 5 4 2 3 1 2 1 4 0 1 2 3 0 1 1 2 2 0 1 1 3 0
6 18 7 25 4 2 3 1 2 2 2 1 1 2 3 0 1 1 2 2 1 2 0 2 0
6 15 4 -8 4 2 3 1 2 1 4 0 1 3 2 0 2 0 2 2 0 1 0 4 0
6 18 6 -5 4 2 3 1 2 2 2 1 1 3 2 0 1 2 2 1 0 1 1 3 0
6 15 10 -8 4 2 3 1 2 3 1 1 1 3 2 0 0 4 2 0 0 1 0 4 0
6 18 2 20 4 2 3 2 1 1 3 1 1 2 3 0 1 1 1 3 1 0 2 2 0
6 16 -3 22 4 2 3 2 1 0 4 1 1 3 2 0 1 1 4 0 2 0 1 2 0
6 17 -3 22 4 2 3 2 1 1 1 3 1 3 2 0 0 4 1 1 2 0 1 2 0
6 16 1 10 4 2 3 2 1 2 0 3 1 3 2 0 0 4 1 1 1 0 2 2 0
6 16 -7 -31 4 2 3 2 1 1 0 4 1 5 0 0 2 2 1 1 0 0 1 1 3
6 15 7 25 4 2 3 3 0 2 3 0 1 2 3 0 1 0 3 2 1 0 2 2 0
6 16 9 25 4 2 3 3 0 3 1 1 1 2 3 0 0 2 3 1 1 0 2 2 0
6 18 -4 35 4 2 3 3 0 1 1 3 1 3 2 0 1 1 3 1 2 1 1 1 0
6 17 -2 27 4 2 3 3 0 1 2 2 1 3 2 0 1 1 3 1 2 0 1 2 0
6 14 0 15 4 2 3 3 0 2 0 3 1 3 2 0 0 3 3 0 1 0 2 2 0
6 14 6 15 4 2 3 3 0 3 0 2 1 3 2 0 0 3 3 0 1 0 2 2 0
6 14 6 12 4 2 3 3 0 3 0 2 1 3 2 0 0 3 3 0 1 0 1 3 0
6 16 -3 22 4 2 4 0 2 1 2 2 1 3 2 0 0 3 2 1 1 1 0 3 0
6 17 7 25 4 2 4 1 1 3 1 1 1 2 3 0 0 2 1 3 0 1 1 3 0
6 16 9 25 4 2 4 1 1 3 2 0 1 2 3 0 0 1 4 1 0 1 1 3 0
6 17 -4 35 4 2 4 1 1 1 2 2 1 3 2 0 1 0 4 1 1 2 0 2 0
6 16 -2 15 4 2 4 1 1 1 3 1 1 3 2 0 0 2 4 0 0 1 1 3 0
6 17 -2 27 4 2 4 1 1 1 3 1 1 3 2 0 1 0 4 1 1 1 0 3 0
6 15 -3 30 4 2 4 2 0 2 0 3 1 3 2 0 0 2 3 1 1 0 2 2 0
6 14 3 25 4 2 4 2 0 2 3 0 1 3 2 0 1 0 3 2 0 2 0 3 0
6 14 -3 22 4 2 5 0 1 1 4 0 1 3 2 0 0 1 4 1 0 0 1 4 0
6 16 -4 35 4 2 5 1 0 2 1 2 1 3 2 0 0 1 3 2 0 1 1 3 0
6 15 -2 27 4 2 5 1 0 2 2 1 1 3 2 0 0 1 3 2 0 0 1 4 0
6 16 14 -16 5 1 0 4 2 1 3 1 1 1 3 1 1 3 2 0 2 0 0 0 3
6 16 18 -33 5 1 1 1 4 2 3 0 1 2 2 1 1 4 1 0 1 0 0 4 0
6 17 12 15 5 1 1 2 3 1 3 1 1 1 3 1 0 5 0 1 3 0 1 1 0
6 16 9 10 5 1 1 2 3 0 5 0 1 2 2 1 2 1 3 0 3 1 0 1 0
6 14 9 -18 5 1 1 2 3 0 5 0 1 2 2 1 3 0 0 3 0 2 3 0 0
6 16 9 -6 5 1 1 4 1 1 3 1 1 2 2 1 2 0 4 0 2 0 0 0 3
6 15 8 -13 5 1 1 4 1 1 3 1 2 0 4 0 3 0 1 2 0 3 2 0 0
6 14 15 -18 5 1 2 0 4 2 3 0 1 2 2 1 0 5 1 0 1 0 0 4 0
6 18 9 10 5 1 2 2 2 1 4 0 1 2 2 1 1 2 2 1 2 0 1 2 0
6 15 6 7 5 1 2 2 2 1 3 1 2 0 4 0 2 1 2 1 0 5 0 0 0
6 16 5 2 5 1 2 3 1 1 3 1 2 0 4 0 2 1 1 2 0 3 2 0 0
6 16 -5 -23 5 1 2 3 1 0 2 3 2 2 2 0 3 1 1 1 0 2 3 0 0
6 14 4 12 5 1 2 4 0 1 3 1 2 0 4 0 2 0 3 1 0 4 1 0 0
6 14 4 7 5 1 2 4 0 1 3 1 2 0 4 0 2 0 3 1 0 3 2 0 0
6 16 3 22 5 1 3 0 3 1 2 2 1 2 2 1 1 2 0 3 0 4 1 0 0
6 14 11 2 5 1 3 0 3 2 3 0 1 2 2 1 0 3 3 0 1 0 0 4 0
6 17 -2 27 5 1 3 1 2 0 3 2 1 2 2 1 1 1 2 2 0 4 1 0 0
6 18 6 27 5 1 3 1 2 2 1 2 1 2 2 1 1 1 2 2 0 4 1 0 0
6 17 10 15 5 1 3 1 2 2 3 0 1 2 2 1 0 3 2 1 1 1 0 3 0
6 15 -3 9 5 1 3 1 2 1 0 4 1 3 1 1 0 4 2 0 2 0 0 0 3
6 16 4 -8 5 1 3 1 2 1 4 0 1 4 0 1 2 1 2 1 0 1 4 0 0
6 16 10 27 5 1 3 2 1 2 3 0 1 1 3 1 0 2 1 3 0 1 4 0 0
6 16 -4 -13 5 1 3 2 1 0 4 1 2 2 2 0 2 2 1 1 0 1 4 0 0
6 14 -8 -20 5 1 4 0 2 0 3 2 2 2 2 0 1 3 2 0 0 0 1 4 0
6 16 -1 17 5 1 4 1 1 1 3 1 1 3 1 1 0 3 1 2 0 0 5 0 0
6 15 -4 32 5 1 5 0 1 1 3 1 1 3 1 1 0 2 1 3 0 0 5 0 0
6 15 19 -47 6 0 1 2 3 3 1 1 0 5 1 0 2 3 0 1 0 1 1 0 3
6 14 9 10 6 0 2 0 4 0 5 0 1 1 2 2 1 2 1 2 0 4 1 0 0
6 14 3 -18 6 0 2 1 3 1 1 3 0 6 0 0 2 3 0 1 1 1 3 0 0
6 15 8 32 6 0 2 3 1 1 3 1 0 3 3 0 1 0 4 1 1 3 1 0 0
6 14 8 32 6 0 3 1 2 2 1 2 0 3 3 0 0 2 2 2 0 4 0 1 0
6 15 -1 -22 6 0 3 1 2 1 1 3 0 6 0 0 2 1 2 1 0 1 1 0 3
6 14 3 -18 6 0 3 1 2 1 3 1 0 6 0 0 2 1 2 1 0 0 4 1 0
6 15 12 27 6 0 3 1 2 2 3 0 1 1 2 2 0 1 5 0 0 3 1 1 0
6 14 7 22 6 0 3 2 1 1 4 0 0 3 3 0 0 1 4 1 0 1 3 1 0
6 14 0 27 6 0 4 1 1 1 3 1 0 5 1 0 0 3 1 2 1 0 4 0 0
6 15 -5 10 6 0 4 1 1 0 4 1 2 1 2 1 0 4 1 1 0 1 4 0 0
6 14 -3 37 6 0 5 0 1 1 3 1 0 5 1 0 0 2 1 3 0 2 2 1 0
