41 0 0 1597 16 25 18 16 7 15 15 11 12 13 9 7 10 9 10 12 9 4 11 12 5
41 0 0 1598 17 24 18 13 10 14 16 11 12 13 8 8 11 8 10 12 9 8 6 13 5
41 0 0 1578 17 24 19 14 8 16 13 12 13 11 10 7 10 9 11 11 6 11 8 11 5
41 0 0 1598 18 23 15 19 7 14 12 15 12 11 12 6 11 9 10 11 11 8 5 7 10
41 0 0 1600 18 23 16 19 6 14 14 13 12 11 12 6 11 7 12 11 10 7 6 8 10
41 0 0 1598 18 23 17 16 8 14 14 13 11 13 10 7 10 7 14 10 9 7 6 9 10
41 0 0 1570 18 23 17 17 7 16 10 15 13 10 13 5 10 11 10 10 8 11 7 10 5
41 0 0 1582 18 23 18 14 9 14 16 11 13 9 14 5 11 8 9 13 7 11 7 11 5
41 0 0 1599 18 23 18 15 8 17 8 16 13 10 13 5 9 13 8 11 7 12 6 11 5
41 0 0 1591 18 23 18 17 6 15 15 11 13 10 13 5 11 6 15 9 7 10 8 11 5
41 0 0 1597 18 23 19 13 9 15 15 11 11 15 11 4 9 12 9 11 10 4 9 13 5
41 0 0 1599 18 23 19 15 7 16 13 12 12 12 14 3 9 11 10 11 8 8 5 15 5
41 0 0 1587 18 23 19 17 5 17 11 13 13 10 13 5 9 10 11 11 6 9 9 12 5
41 0 0 1596 19 22 15 16 10 12 16 13 12 10 15 4 12 9 7 13 12 8 4 12 5
41 0 0 1589 19 22 16 17 8 14 13 14 12 12 10 7 11 9 11 10 10 9 8 4 10
41 0 0 1580 19 22 17 15 9 13 17 11 12 12 10 7 11 10 6 14 10 6 11 9 5
41 0 0 1586 19 22 17 16 8 13 17 11 13 8 14 6 12 5 11 13 8 9 8 11 5
41 0 0 1584 19 22 17 17 7 14 15 12 12 12 10 7 11 6 16 8 8 10 7 11 5
41 0 0 1597 19 22 18 12 11 13 17 11 11 14 8 8 10 10 8 13 9 6 11 10 5
41 0 0 1597 19 22 18 14 9 14 15 12 13 8 14 6 10 10 6 15 5 13 9 9 5
41 0 0 1593 19 22 18 15 8 15 13 13 12 11 14 4 9 13 5 14 9 5 12 10 5
41 0 0 1578 19 22 18 16 7 14 17 10 13 10 12 6 11 8 10 12 7 9 13 7 5
41 0 0 1588 19 22 18 18 5 15 14 12 12 10 15 4 9 9 11 12 7 6 11 12 5
41 0 0 1599 19 22 19 13 9 16 11 14 12 12 10 7 9 11 9 12 7 10 7 7 10
41 0 0 1596 19 22 19 15 7 14 17 10 12 10 12 7 9 8 10 14 4 9 13 10 5
41 0 0 1591 19 22 19 15 7 15 15 11 13 9 13 6 10 7 13 11 4 13 9 10 5
41 0 0 1597 19 22 19 16 6 16 13 12 12 12 13 4 9 10 12 10 7 9 8 7 10
41 0 0 1600 19 22 20 13 8 16 13 12 12 12 10 7 9 8 14 10 5 11 6 14 5
41 0 0 1598 19 22 20 14 7 17 11 13 11 15 10 5 7 14 10 10 7 6 11 12 5
41 0 0 1593 20 21 16 16 9 12 16 13 11 10 14 6 10 8 9 14 8 9 7 7 10
41 0 0 1598 20 21 16 19 6 13 16 12 13 7 17 4 11 8 9 13 7 11 10 8 5
41 0 0 1600 20 21 17 15 9 14 13 14 10 15 12 4 9 11 12 9 11 6 5 9 10
41 0 0 1579 20 21 17 17 7 13 17 11 12 10 14 5 11 6 13 11 8 9 7 12 5
41 0 0 1578 20 21 18 12 11 14 14 13 12 12 9 8 10 11 8 12 7 12 9 8 5
41 0 0 1596 20 21 18 14 9 14 15 12 10 16 11 4 9 11 12 9 11 4 7 14 5
41 0 0 1572 20 21 18 15 8 15 13 13 12 13 8 8 10 9 14 8 7 11 10 8 5
41 0 0 1568 20 21 18 16 7 15 13 13 11 14 10 6 9 10 13 9 9 5 11 11 5
41 0 0 1586 20 21 18 17 6 16 11 14 11 14 13 3 8 13 12 8 9 6 10 11 5
41 0 0 1596 20 21 19 13 9 14 16 11 11 13 11 6 9 10 9 13 7 9 7 8 10
41 0 0 1581 20 21 19 14 8 14 17 10 12 12 9 8 10 8 11 12 6 9 12 9 5
41 0 0 1599 20 21 19 15 7 14 17 10 11 13 11 6 9 9 10 13 7 7 9 8 10
41 0 0 1594 20 21 19 15 7 16 11 14 11 13 11 6 8 10 13 10 7 7 9 8 10
41 0 0 1599 20 21 20 11 10 14 17 10 11 13 11 6 9 9 10 13 7 6 10 13 5
41 0 0 1583 20 21 20 13 8 16 13 12 11 15 9 6 8 12 11 10 7 8 8 13 5
41 0 0 1594 21 20 15 20 6 13 14 14 12 9 17 3 11 8 12 10 10 9 6 11 5
41 0 0 1600 21 20 16 17 8 11 20 10 11 12 11 7 11 7 11 12 9 6 14 7 5
41 0 0 1586 21 20 17 12 12 12 17 12 11 13 10 7 11 9 9 12 10 9 6 11 5
41 0 0 1590 21 20 17 15 9 14 12 15 10 14 12 5 8 13 9 11 9 8 7 7 10
41 0 0 1590 21 20 17 16 8 14 13 14 11 12 14 4 9 12 8 12 9 9 6 7 10
41 0 0 1588 21 20 17 17 7 14 13 14 10 14 12 5 8 12 10 11 9 6 9 7 10
41 0 0 1594 21 20 17 18 6 14 14 13 12 9 17 3 10 8 12 11 8 9 6 13 5
41 0 0 1576 21 20 18 13 10 13 17 11 11 13 13 4 10 10 10 11 9 9 6 12 5
41 0 0 1582 21 20 18 14 9 13 17 11 12 10 13 6 10 10 6 15 7 9 11 9 5
41 0 0 1575 21 20 18 15 8 13 18 10 11 13 13 4 10 9 11 11 9 7 8 12 5
41 0 0 1600 21 20 18 15 8 16 9 16 10 16 10 5 7 15 11 8 9 7 8 12 5
41 0 0 1596 21 20 18 16 7 14 15 12 12 10 13 6 10 6 16 9 5 13 7 11 5
41 0 0 1597 21 20 18 18 5 14 16 11 11 12 14 4 9 8 14 10 7 8 7 14 5
41 0 0 1595 21 20 19 13 9 14 15 12 10 14 12 5 8 10 12 11 7 8 7 9 10
41 0 0 1583 21 20 19 14 8 14 16 11 10 15 11 5 8 11 11 11 8 5 10 13 5
41 0 0 1600 21 20 19 14 8 15 13 13 12 10 13 6 9 9 11 12 5 12 8 6 10
41 0 0 1577 21 20 19 15 7 14 17 10 12 11 12 6 10 7 13 11 6 9 11 10 5
41 0 0 1580 21 20 19 15 7 16 11 14 11 13 13 4 7 14 10 10 6 9 11 10 5
41 0 0 1592 21 20 19 17 5 16 12 13 11 13 13 4 7 13 11 10 6 7 13 10 5
41 0 0 1589 21 20 20 14 7 15 15 11 11 13 10 7 8 9 13 11 5 7 13 11 5
41 0 0 1597 21 20 21 14 6 16 15 10 12 12 11 6 8 11 9 13 4 10 10 12 5
41 0 0 1598 22 19 16 16 9 12 16 13 11 11 14 5 11 7 12 11 10 9 5 7 10
41 0 0 1599 22 19 16 19 6 12 18 11 12 9 16 4 11 8 9 13 9 7 12 8 5
41 0 0 1590 22 19 17 15 9 12 18 11 11 13 9 8 11 6 15 9 8 10 9 9 5
41 0 0 1587 22 19 17 16 8 13 15 13 11 11 14 5 10 8 11 12 9 8 6 8 10
41 0 0 1597 22 19 17 17 7 14 13 14 11 11 17 2 8 14 7 12 8 8 11 9 5
41 0 0 1596 22 19 18 14 9 14 14 13 10 16 9 6 9 10 15 7 9 9 5 13 5
41 0 0 1580 22 19 18 15 8 14 14 13 10 14 14 3 8 12 11 10 9 6 8 13 5
41 0 0 1595 22 19 18 17 6 14 15 12 10 14 14 3 8 11 12 10 9 4 10 13 5
41 0 0 1589 22 19 19 12 10 15 12 14 11 13 12 5 8 13 10 10 6 13 6 11 5
41 0 0 1588 22 19 19 14 8 13 18 10 10 14 11 6 8 10 11 12 6 7 12 11 5
41 0 0 1592 22 19 19 15 7 13 19 9 11 12 13 5 9 9 10 13 6 8 11 11 5
41 0 0 1594 22 19 19 16 6 15 14 12 12 11 11 7 9 8 15 9 4 12 12 8 5
41 0 0 1582 22 19 20 14 7 15 15 11 11 13 12 5 8 10 13 10 5 10 9 12 5
41 0 0 1595 23 18 16 14 11 12 15 14 10 14 13 4 10 11 11 9 11 10 3 12 5
41 0 0 1597 23 18 17 14 10 12 17 12 10 14 13 4 10 9 13 9 10 9 4 13 5
41 0 0 1598 23 18 17 16 8 13 14 14 10 12 15 4 8 11 11 11 7 10 8 6 10
41 0 0 1591 23 18 17 17 7 15 10 16 11 12 15 3 8 14 10 9 8 11 7 10 5
41 0 0 1597 23 18 18 13 10 14 12 15 10 13 14 4 7 15 7 12 7 10 8 11 5
41 0 0 1578 23 18 18 15 8 14 14 13 10 15 12 4 8 13 11 9 9 6 12 9 5
41 0 0 1595 23 18 18 16 7 13 17 11 12 9 15 5 10 7 13 11 5 12 11 8 5
41 0 0 1598 23 18 18 18 5 15 12 14 10 14 13 4 7 12 14 8 7 7 11 11 5
41 0 0 1600 23 18 19 14 8 14 15 12 11 12 12 6 8 12 8 13 6 7 16 7 5
41 0 0 1599 23 18 19 16 6 14 16 11 12 9 15 5 9 8 12 12 4 11 12 9 5
41 0 0 1587 24 17 16 15 10 11 18 12 11 12 11 7 11 9 10 11 9 10 12 5 5
41 0 0 1600 24 17 17 15 9 11 20 10 10 14 12 5 10 10 9 12 10 6 11 9 5
41 0 0 1589 24 17 18 14 9 12 18 11 10 13 13 5 9 9 12 11 7 10 7 12 5
41 0 0 1592 24 17 18 15 8 14 13 14 11 11 15 4 8 12 11 10 5 14 8 9 5
41 0 0 1595 24 17 19 14 8 13 18 10 11 12 14 4 9 10 11 11 6 10 12 8 5
41 0 0 1597 25 16 19 12 10 13 16 12 10 14 11 6 8 12 10 11 6 11 10 9 5
